2012-05-05-08_04_12.403,277,0,0,0,2.253,2.217,1.564
2012-05-05-08_04_12.404,277,0,0,0,2.293,2.304,1.564
2012-05-05-08_04_12.406,277,0,0,0,2.193,2.247,1.564
2012-05-05-08_04_12.407,277,1,0,0,-6.755,2.206,2.064
2012-05-05-08_04_12.425,277,1,0,0,-6.830,2.232,2.064
2012-05-05-08_04_12.425,277,1,0,0,-6.774,2.303,2.064
2012-05-05-08_04_12.426,277,2,0,0,-15.712,2.287,1.764
2012-05-05-08_04_12.427,277,2,0,0,-15.772,2.317,1.664
2012-05-05-08_04_12.428,277,2,0,0,-15.723,2.361,1.764
2012-05-05-08_04_12.428,277,3,0,0,-24.734,2.205,2.564
2012-05-05-08_04_12.429,277,3,0,0,-24.694,2.292,2.564
2012-05-05-08_04_12.448,277,3,0,0,-24.794,2.235,2.564
2012-05-05-08_04_12.449,277,4,0,0,-33.730,2.203,1.564
2012-05-05-08_04_12.451,277,4,0,0,-33.690,2.290,1.564
2012-05-05-08_04_12.452,277,4,0,0,-33.791,2.233,1.664
2012-05-05-08_04_12.453,277,5,0,0,-42.734,2.204,1.864
2012-05-05-08_04_12.454,277,5,0,0,-42.683,2.164,1.864
2012-05-05-08_04_12.454,277,5,0,0,-42.786,2.191,1.864
2012-05-05-08_04_12.455,277,6,0,0,-51.776,2.142,1.364
2012-05-05-08_04_12.456,277,6,0,0,-51.736,2.230,1.164
2012-05-05-08_04_12.457,277,6,0,0,-51.836,2.172,1.164
2012-05-05-08_04_12.457,277,7,0,0,-60.670,2.206,3.264
2012-05-05-08_04_12.458,277,0,0,1,-2.189,2.209,2.165
2012-05-05-08_04_12.459,277,0,0,1,-2.162,2.304,2.165
2012-05-05-08_04_12.460,277,0,0,1,-2.257,2.232,2.165
2012-05-05-08_04_12.460,277,1,0,1,-11.205,2.206,2.365
2012-05-05-08_04_12.461,277,1,0,1,-11.336,2.272,2.265
2012-05-05-08_04_12.462,277,1,0,1,-11.226,2.285,2.365
2012-05-05-08_04_12.463,277,2,0,1,-20.154,2.279,1.765
2012-05-05-08_04_12.464,277,2,0,1,-20.222,2.303,1.765
2012-05-05-08_04_12.465,277,2,0,1,-20.230,2.303,1.765
2012-05-05-08_04_12.466,277,3,0,1,-29.176,2.197,2.965
2012-05-05-08_04_12.467,277,3,0,1,-29.149,2.292,2.865
2012-05-05-08_04_12.467,277,3,0,1,-29.244,2.220,2.865
2012-05-05-08_04_12.468,277,4,0,1,-38.173,2.195,2.465
2012-05-05-08_04_12.469,277,4,0,1,-38.145,2.290,2.465
2012-05-05-08_04_12.470,277,4,0,1,-38.241,2.218,2.465
2012-05-05-08_04_12.470,277,5,0,1,-47.189,2.204,0.965
2012-05-05-08_04_12.471,277,5,0,1,-47.274,2.226,1.065
2012-05-05-08_04_12.472,277,5,0,1,-47.245,2.203,1.065
2012-05-05-08_04_12.473,277,6,0,1,-56.218,2.135,2.065
2012-05-05-08_04_12.474,277,6,0,1,-56.191,2.230,2.065
2012-05-05-08_04_12.474,277,6,0,1,-56.286,2.158,2.065
2012-05-05-08_04_12.475,277,7,0,1,-65.181,2.222,1.765
2012-05-05-08_04_12.476,277,7,0,1,-65.188,2.222,1.765
2012-05-05-08_04_12.477,277,7,0,1,-65.171,2.315,1.765
2012-05-05-08_04_12.477,277,0,1,0,2.260,-2.284,1.778
2012-05-05-08_04_12.478,277,0,1,0,2.298,-2.190,1.778
2012-05-05-08_04_12.479,277,0,1,0,2.197,-2.258,1.778
2012-05-05-08_04_12.480,277,1,1,0,-6.750,-2.295,1.478
2012-05-05-08_04_12.481,277,1,1,0,-6.828,-2.268,1.478
2012-05-05-08_04_12.481,277,1,1,0,-6.769,-2.209,1.478
2012-05-05-08_04_12.482,277,2,1,0,-15.705,-2.213,0.978
2012-05-05-08_04_12.483,277,2,1,0,-15.768,-2.188,0.978
2012-05-05-08_04_12.483,277,2,1,0,-15.746,-2.198,0.978
2012-05-05-08_04_12.484,277,3,1,0,-24.727,-2.296,1.178
2012-05-05-08_04_12.485,277,3,1,0,-24.689,-2.202,1.178
2012-05-05-08_04_12.486,277,3,1,0,-24.790,-2.270,1.078
2012-05-05-08_04_12.487,277,4,1,0,-33.723,-2.298,0.478
2012-05-05-08_04_12.487,277,4,1,0,-33.686,-2.204,0.478
2012-05-05-08_04_12.488,277,4,1,0,-33.786,-2.272,0.478
2012-05-05-08_04_12.489,277,5,1,0,-42.730,-2.290,1.178
2012-05-05-08_04_12.490,277,5,1,0,-42.681,-2.336,1.178
2012-05-05-08_04_12.491,277,5,1,0,-42.776,-2.304,1.178
2012-05-05-08_04_12.491,277,6,1,0,-51.769,-2.358,0.878
2012-05-05-08_04_12.492,277,6,1,0,-51.731,-2.264,0.878
2012-05-05-08_04_12.500,277,6,1,0,-51.832,-2.333,0.778
2012-05-05-08_04_12.501,277,7,1,0,-60.663,-2.294,1.678
2012-05-05-08_04_12.501,277,7,1,0,-60.727,-2.269,1.578
2012-05-05-08_04_12.502,277,7,1,0,-60.673,-2.215,1.678
2012-05-05-08_04_12.502,277,0,1,1,-2.190,-2.289,1.088
2012-05-05-08_04_12.503,277,0,1,1,-2.162,-2.190,0.988
2012-05-05-08_04_12.503,277,0,1,1,-2.260,-2.270,1.088
2012-05-05-08_04_12.504,277,1,1,1,-11.200,-2.295,1.188
2012-05-05-08_04_12.504,277,1,1,1,-11.336,-2.222,1.288
2012-05-05-08_04_12.505,277,1,1,1,-11.227,-2.209,1.188
2012-05-05-08_04_12.506,277,2,1,1,-20.154,-2.219,0.688
2012-05-05-08_04_12.507,277,2,1,1,-20.225,-2.200,0.688
2012-05-05-08_04_12.508,277,2,1,1,-20.230,-2.199,0.688
2012-05-05-08_04_12.508,277,3,1,1,-29.177,-2.301,0.988
2012-05-05-08_04_12.509,277,3,1,1,-29.149,-2.202,0.988
2012-05-05-08_04_12.510,277,3,1,1,-29.247,-2.282,0.988
2012-05-05-08_04_12.510,277,4,1,1,-38.173,-2.303,0.688
2012-05-05-08_04_12.511,277,4,1,1,-38.146,-2.204,0.688
2012-05-05-08_04_12.512,277,4,1,1,-38.244,-2.284,0.688
2012-05-05-08_04_12.513,277,5,1,1,-47.189,-2.290,0.988
2012-05-05-08_04_12.513,277,5,1,1,-47.275,-2.269,1.088
2012-05-05-08_04_12.514,277,5,1,1,-47.245,-2.292,0.988
2012-05-05-08_04_12.515,277,6,1,1,-56.219,-2.363,0.988
2012-05-05-08_04_12.515,277,6,1,1,-56.191,-2.264,0.988
2012-05-05-08_04_12.516,277,6,1,1,-56.289,-2.345,0.988
2012-05-05-08_04_12.517,277,7,1,1,-65.184,-2.281,1.688
2012-05-05-08_04_12.517,277,7,1,1,-65.189,-2.280,1.688
2012-05-05-08_04_12.518,277,7,1,1,-65.171,-2.180,1.688
2012-05-05-08_04_12.519,277,0,2,0,2.260,-6.780,1.802
2012-05-05-08_04_12.534,277,0,2,0,2.295,-6.689,1.802
2012-05-05-08_04_12.535,277,0,2,0,2.197,-6.759,1.802
2012-05-05-08_04_12.536,277,1,2,0,-6.748,-6.793,1.602
2012-05-05-08_04_12.537,277,1,2,0,-6.831,-6.773,1.702
2012-05-05-08_04_12.538,277,1,2,0,-6.770,-6.706,1.702
2012-05-05-08_04_12.538,277,2,2,0,-15.705,-6.710,0.902
2012-05-05-08_04_12.539,277,2,2,0,-15.768,-6.689,0.902
2012-05-05-08_04_12.540,277,2,2,0,-15.714,-6.638,0.902
2012-05-05-08_04_12.541,277,3,2,0,-24.727,-6.792,1.402
2012-05-05-08_04_12.541,277,3,2,0,-24.692,-6.701,1.402
2012-05-05-08_04_12.542,277,3,2,0,-24.790,-6.771,1.402
2012-05-05-08_04_12.543,277,4,2,0,-33.724,-6.794,0.802
2012-05-05-08_04_12.543,277,4,2,0,-33.689,-6.703,0.802
2012-05-05-08_04_12.544,277,4,2,0,-33.787,-6.773,0.802
2012-05-05-08_04_12.545,277,5,2,0,-42.733,-6.789,1.002
2012-05-05-08_04_12.545,277,5,2,0,-42.684,-6.841,1.002
2012-05-05-08_04_12.546,277,5,2,0,-42.777,-6.808,0.902
2012-05-05-08_04_12.546,277,6,2,0,-51.769,-6.854,1.002
2012-05-05-08_04_12.547,277,6,2,0,-51.734,-6.764,1.102
2012-05-05-08_04_12.547,277,6,2,0,-51.832,-6.833,1.002
2012-05-05-08_04_12.548,277,7,2,0,-60.664,-6.790,1.702
2012-05-05-08_04_12.548,277,7,2,0,-60.727,-6.769,1.702
2012-05-05-08_04_12.548,277,7,2,0,-60.673,-6.719,1.702
2012-05-05-08_04_12.549,277,0,2,1,-2.188,-6.786,1.710
2012-05-05-08_04_12.549,277,0,2,1,-2.160,-6.689,1.810
2012-05-05-08_04_12.550,277,0,2,1,-2.261,-6.768,1.710
2012-05-05-08_04_12.550,277,1,2,1,-11.201,-6.793,1.610
2012-05-05-08_04_12.551,277,1,2,1,-11.334,-6.721,1.610
2012-05-05-08_04_12.551,277,1,2,1,-11.227,-6.706,1.610
2012-05-05-08_04_12.552,277,2,2,1,-20.152,-6.716,1.010
2012-05-05-08_04_12.552,277,2,2,1,-20.226,-6.698,1.010
2012-05-05-08_04_12.553,277,2,2,1,-20.233,-6.697,0.910
2012-05-05-08_04_12.553,277,3,2,1,-29.174,-6.798,1.110
2012-05-05-08_04_12.563,277,3,2,1,-29.147,-6.701,1.110
2012-05-05-08_04_12.564,277,3,2,1,-29.248,-6.780,1.110
2012-05-05-08_04_12.564,277,4,2,1,-38.171,-6.800,0.810
2012-05-05-08_04_12.565,277,4,2,1,-38.144,-6.703,0.710
2012-05-05-08_04_12.565,277,4,2,1,-38.244,-6.782,0.810
2012-05-05-08_04_12.566,277,5,2,1,-47.187,-6.789,1.010
2012-05-05-08_04_12.566,277,5,2,1,-47.275,-6.767,1.010
2012-05-05-08_04_12.567,277,5,2,1,-47.246,-6.792,1.010
2012-05-05-08_04_12.567,277,6,2,1,-56.217,-6.860,1.110
2012-05-05-08_04_12.568,277,6,2,1,-56.189,-6.764,1.110
2012-05-05-08_04_12.568,277,6,2,1,-56.290,-6.843,1.110
2012-05-05-08_04_12.569,277,7,2,1,-65.184,-6.779,1.710
2012-05-05-08_04_12.569,277,7,2,1,-65.192,-6.778,1.710
2012-05-05-08_04_12.570,277,7,2,1,-65.171,-6.678,1.710
2012-05-05-08_04_12.570,277,0,3,0,2.269,-11.279,11.420
2012-05-05-08_04_12.571,277,0,3,0,2.297,-11.192,1.920
2012-05-05-08_04_12.571,277,0,3,0,2.196,-11.254,1.920
2012-05-05-08_04_12.572,277,1,3,0,-6.746,-11.290,1.720
2012-05-05-08_04_12.572,277,1,3,0,-6.827,-11.271,1.720
2012-05-05-08_04_12.573,277,1,3,0,-6.765,-11.206,1.720
2012-05-05-08_04_12.573,277,2,3,0,-15.696,-11.209,5.220
2012-05-05-08_04_12.574,277,2,3,0,-15.769,-11.184,1.020
2012-05-05-08_04_12.574,277,2,3,0,-15.715,-11.141,1.020
2012-05-05-08_04_12.575,277,3,3,0,-24.718,-11.291,8.220
2012-05-05-08_04_12.575,277,3,3,0,-24.690,-11.204,1.520
2012-05-05-08_04_12.576,277,3,3,0,-24.791,-11.267,1.420
2012-05-05-08_04_12.577,277,4,3,0,-33.714,-11.293,3.420
2012-05-05-08_04_12.577,277,4,3,0,-33.687,-11.206,0.720
2012-05-05-08_04_12.578,277,4,3,0,-33.787,-11.268,0.720
2012-05-05-08_04_12.578,277,5,3,0,-42.731,-11.292,1.020
2012-05-05-08_04_12.579,277,5,3,0,-42.680,-11.339,1.020
2012-05-05-08_04_12.579,277,5,3,0,-42.777,-11.311,0.920
2012-05-05-08_04_12.580,277,6,3,0,-51.760,-11.354,5.320
2012-05-05-08_04_12.580,277,6,3,0,-51.732,-11.267,1.020
2012-05-05-08_04_12.581,277,6,3,0,-51.833,-11.329,1.020
2012-05-05-08_04_12.581,277,7,3,0,-60.654,-11.290,4.320
2012-05-05-08_04_12.582,277,7,3,0,-60.727,-11.265,1.720
2012-05-05-08_04_12.582,277,7,3,0,-60.673,-11.222,1.820
2012-05-05-08_04_12.583,277,0,3,1,-2.186,-11.288,11.628
2012-05-05-08_04_12.583,277,0,3,1,-2.160,-11.191,2.027
2012-05-05-08_04_12.584,277,0,3,1,-2.261,-11.265,1.927
2012-05-05-08_04_12.584,277,1,3,1,-11.204,-11.289,1.728
2012-05-05-08_04_12.585,277,1,3,1,-11.335,-11.223,1.727
2012-05-05-08_04_12.585,277,1,3,1,-11.225,-11.205,1.727
2012-05-05-08_04_12.586,277,2,3,1,-20.150,-11.218,6.528
2012-05-05-08_04_12.586,277,2,3,1,-20.226,-11.194,1.027
2012-05-05-08_04_12.586,277,2,3,1,-20.233,-11.194,1.027
2012-05-05-08_04_12.587,277,3,3,1,-29.172,-11.300,9.628
2012-05-05-08_04_12.587,277,3,3,1,-29.147,-11.203,1.227
2012-05-05-08_04_12.588,277,3,3,1,-29.248,-11.277,1.127
2012-05-05-08_04_12.589,277,4,3,1,-38.169,-11.302,3.328
2012-05-05-08_04_12.590,277,4,3,1,-38.144,-11.205,0.827
2012-05-05-08_04_12.591,277,4,3,1,-38.245,-11.279,0.827
2012-05-05-08_04_12.591,277,5,3,1,-47.188,-11.291,1.027
2012-05-05-08_04_12.592,277,5,3,1,-47.275,-11.266,1.027
2012-05-05-08_04_12.593,277,5,3,1,-47.246,-11.291,1.027
2012-05-05-08_04_12.593,277,6,3,1,-56.215,-11.363,3.828
2012-05-05-08_04_12.593,277,6,3,1,-56.189,-11.266,1.127
2012-05-05-08_04_12.594,277,6,3,1,-56.290,-11.339,1.127
2012-05-05-08_04_12.594,277,7,3,1,-65.185,-11.275,1.827
2012-05-05-08_04_12.595,277,7,3,1,-65.192,-11.275,1.827
2012-05-05-08_04_12.595,277,7,3,1,-65.172,-11.177,1.827
2012-05-05-08_04_12.596,277,0,4,0,2.269,-15.781,1.939
2012-05-05-08_04_12.597,277,0,4,0,2.294,-15.697,1.939
2012-05-05-08_04_12.598,277,0,4,0,2.191,-15.752,2.039
2012-05-05-08_04_12.598,277,1,4,0,-6.742,-15.791,1.739
2012-05-05-08_04_12.599,277,1,4,0,-6.827,-15.769,1.739
2012-05-05-08_04_12.599,277,1,4,0,-6.766,-15.712,1.739
2012-05-05-08_04_12.600,277,2,4,0,-15.696,-15.711,1.039
2012-05-05-08_04_12.600,277,2,4,0,-15.774,-15.682,1.039
2012-05-05-08_04_12.601,277,2,4,0,-15.715,-15.642,1.139
2012-05-05-08_04_12.601,277,3,4,0,-24.718,-15.794,1.539
2012-05-05-08_04_12.602,277,3,4,0,-24.693,-15.709,1.539
2012-05-05-08_04_12.602,277,3,4,0,-24.796,-15.765,1.539
2012-05-05-08_04_12.602,277,4,4,0,-33.715,-15.795,0.839
2012-05-05-08_04_12.603,277,4,4,0,-33.690,-15.711,0.839
2012-05-05-08_04_12.603,277,4,4,0,-33.793,-15.766,0.839
2012-05-05-08_04_12.604,277,5,4,0,-42.733,-15.797,1.039
2012-05-05-08_04_12.604,277,5,4,0,-42.680,-15.837,1.039
2012-05-05-08_04_12.605,277,5,4,0,-42.777,-15.812,1.039
2012-05-05-08_04_12.605,277,6,4,0,-51.760,-15.856,1.039
2012-05-05-08_04_12.606,277,6,4,0,-51.735,-15.772,1.039
2012-05-05-08_04_12.606,277,6,4,0,-51.838,-15.827,1.039
2012-05-05-08_04_12.607,277,7,4,0,-60.655,-15.792,1.939
2012-05-05-08_04_12.607,277,7,4,0,-60.733,-15.763,1.939
2012-05-05-08_04_12.608,277,7,4,0,-60.674,-15.723,1.839
2012-05-05-08_04_12.608,277,0,4,1,-2.188,-15.793,1.951
2012-05-05-08_04_12.608,277,0,4,1,-2.158,-15.697,1.950
2012-05-05-08_04_12.609,277,0,4,1,-2.264,-15.765,1.950
2012-05-05-08_04_12.610,277,1,4,1,-11.206,-15.791,1.750
2012-05-05-08_04_12.610,277,1,4,1,-11.333,-15.729,1.750
2012-05-05-08_04_12.611,277,1,4,1,-11.228,-15.711,1.750
2012-05-05-08_04_12.611,277,2,4,1,-20.153,-15.723,1.151
2012-05-05-08_04_12.612,277,2,4,1,-20.229,-15.695,1.150
2012-05-05-08_04_12.612,277,2,4,1,-20.234,-15.695,1.150
2012-05-05-08_04_12.613,277,3,4,1,-29.175,-15.805,1.251
2012-05-05-08_04_12.613,277,3,4,1,-29.145,-15.709,1.250
2012-05-05-08_04_12.613,277,3,4,1,-29.251,-15.777,1.250
2012-05-05-08_04_12.614,277,4,4,1,-38.172,-15.807,0.851
2012-05-05-08_04_12.614,277,4,4,1,-38.142,-15.711,0.850
2012-05-05-08_04_12.615,277,4,4,1,-38.247,-15.779,0.850
2012-05-05-08_04_12.615,277,5,4,1,-47.186,-15.797,1.150
2012-05-05-08_04_12.616,277,5,4,1,-47.276,-15.771,1.150
2012-05-05-08_04_12.616,277,5,4,1,-47.244,-15.798,1.150
2012-05-05-08_04_12.617,277,6,4,1,-56.187,-15.772,1.150
2012-05-05-08_04_12.617,277,6,4,1,-56.293,-15.840,1.150
2012-05-05-08_04_12.618,277,6,4,1,-56.298,-15.839,1.150
2012-05-05-08_04_12.618,277,7,4,1,-65.188,-15.776,1.850
2012-05-05-08_04_12.619,277,7,4,1,-65.192,-15.775,1.850
2012-05-05-08_04_12.619,277,7,4,1,-65.172,-15.682,1.850
2012-05-05-08_04_12.619,277,0,5,0,2.268,-20.282,1.964
2012-05-05-08_04_12.620,277,0,5,0,2.296,-20.197,1.964
2012-05-05-08_04_12.620,277,0,5,0,2.190,-20.253,1.964
2012-05-05-08_04_12.621,277,1,5,0,-6.740,-20.295,1.764
2012-05-05-08_04_12.621,277,1,5,0,-6.823,-20.269,1.764
2012-05-05-08_04_12.622,277,1,5,0,-6.761,-20.216,1.764
2012-05-05-08_04_12.622,277,2,5,0,-15.697,-20.212,1.064
2012-05-05-08_04_12.623,277,2,5,0,-15.774,-20.183,1.064
2012-05-05-08_04_12.624,277,2,5,0,-15.718,-20.140,1.064
2012-05-05-08_04_12.624,277,3,5,0,-24.719,-20.295,1.564
2012-05-05-08_04_12.625,277,3,5,0,-24.691,-20.209,1.564
2012-05-05-08_04_12.625,277,3,5,0,-24.796,-20.265,1.564
2012-05-05-08_04_12.626,277,4,5,0,-33.715,-20.296,0.864
2012-05-05-08_04_12.626,277,4,5,0,-33.688,-20.211,0.864
2012-05-05-08_04_12.627,277,4,5,0,-33.793,-20.267,0.864
2012-05-05-08_04_12.627,277,5,5,0,-42.731,-20.297,1.064
2012-05-05-08_04_12.629,277,5,5,0,-42.676,-20.337,1.064
2012-05-05-08_04_12.629,277,5,5,0,-42.780,-20.310,1.064
2012-05-05-08_04_12.630,277,6,5,0,-51.761,-20.357,1.064
2012-05-05-08_04_12.630,277,6,5,0,-51.733,-20.272,1.064
2012-05-05-08_04_12.631,277,6,5,0,-51.839,-20.328,1.064
2012-05-05-08_04_12.631,277,7,5,0,-60.655,-20.293,1.864
2012-05-05-08_04_12.632,277,7,5,0,-60.733,-20.264,1.864
2012-05-05-08_04_12.632,277,7,5,0,-60.677,-20.221,1.964
2012-05-05-08_04_12.633,277,0,5,1,-2.186,-20.291,1.972
2012-05-05-08_04_12.633,277,0,5,1,-2.161,-20.197,2.072
2012-05-05-08_04_12.633,277,0,5,1,-2.262,-20.268,1.972
2012-05-05-08_04_12.634,277,1,5,1,-11.209,-20.295,1.772
2012-05-05-08_04_12.634,277,1,5,1,-11.336,-20.229,1.772
2012-05-05-08_04_12.635,277,1,5,1,-11.231,-20.215,1.772
2012-05-05-08_04_12.635,277,2,5,1,-20.151,-20.221,1.172
2012-05-05-08_04_12.636,277,2,5,1,-20.227,-20.198,1.172
2012-05-05-08_04_12.636,277,2,5,1,-20.232,-20.197,1.072
2012-05-05-08_04_12.637,277,3,5,1,-29.173,-20.303,1.172
2012-05-05-08_04_12.637,277,3,5,1,-29.148,-20.209,1.372
2012-05-05-08_04_12.638,277,3,5,1,-29.249,-20.280,1.272
2012-05-05-08_04_12.638,277,4,5,1,-38.170,-20.305,0.872
2012-05-05-08_04_12.639,277,4,5,1,-38.145,-20.211,0.872
2012-05-05-08_04_12.639,277,4,5,1,-38.245,-20.282,0.872
2012-05-05-08_04_12.639,277,5,5,1,-47.189,-20.297,1.172
2012-05-05-08_04_12.640,277,5,5,1,-47.276,-20.275,1.172
2012-05-05-08_04_12.641,277,5,5,1,-47.245,-20.297,1.072
2012-05-05-08_04_12.642,277,6,5,1,-56.190,-20.272,1.172
2012-05-05-08_04_12.643,277,6,5,1,-56.291,-20.342,1.072
2012-05-05-08_04_12.644,277,6,5,1,-56.296,-20.342,1.172
2012-05-05-08_04_12.645,277,7,5,1,-65.186,-20.279,1.872
2012-05-05-08_04_12.645,277,7,5,1,-65.190,-20.278,1.872
2012-05-05-08_04_12.646,277,7,5,1,-65.173,-20.186,1.872
2012-05-05-08_04_12.646,277,0,6,0,2.270,-24.783,1.781
2012-05-05-08_04_12.647,277,0,6,0,2.300,-24.690,1.881
2012-05-05-08_04_12.647,277,0,6,0,2.190,-24.757,1.781
2012-05-05-08_04_12.648,277,1,6,0,-6.743,-24.796,1.581
2012-05-05-08_04_12.648,277,1,6,0,-6.823,-24.770,1.581
2012-05-05-08_04_12.649,277,1,6,0,-6.762,-24.711,1.581
2012-05-05-08_04_12.649,277,2,6,0,-15.695,-24.713,1.081
2012-05-05-08_04_12.650,277,2,6,0,-15.775,-24.687,0.981
2012-05-05-08_04_12.650,277,2,6,0,-15.716,-24.635,0.981
2012-05-05-08_04_12.651,277,3,6,0,-24.717,-24.795,1.481
2012-05-05-08_04_12.651,277,3,6,0,-24.687,-24.703,1.481
2012-05-05-08_04_12.652,277,3,6,0,-24.797,-24.769,1.481
2012-05-05-08_04_12.652,277,4,6,0,-33.713,-24.797,0.881
2012-05-05-08_04_12.653,277,4,6,0,-33.683,-24.704,0.881
2012-05-05-08_04_12.654,277,4,6,0,-33.793,-24.771,0.881
2012-05-05-08_04_12.654,277,5,6,0,-42.727,-24.790,1.281
2012-05-05-08_04_12.655,277,5,6,0,-42.676,-24.839,1.281
2012-05-05-08_04_12.656,277,5,6,0,-42.778,-24.805,1.281
2012-05-05-08_04_12.656,277,6,6,0,-51.759,-24.858,1.281
2012-05-05-08_04_12.657,277,6,6,0,-51.729,-24.765,1.281
2012-05-05-08_04_12.658,277,6,6,0,-51.678,-24.813,1.281
2012-05-05-08_04_12.658,277,7,6,0,-60.653,-24.794,2.181
2012-05-05-08_04_12.659,277,7,6,0,-60.734,-24.768,2.181
2012-05-05-08_04_12.659,277,7,6,0,-60.675,-24.716,2.181
2012-05-05-08_04_12.660,277,0,6,1,-2.184,-24.788,1.790
2012-05-05-08_04_12.660,277,0,6,1,-2.159,-24.690,1.790
2012-05-05-08_04_12.661,277,0,6,1,-2.260,-24.769,1.790
2012-05-05-08_04_12.661,277,1,6,1,-11.212,-24.796,1.690
2012-05-05-08_04_12.662,277,1,6,1,-11.334,-24.722,1.590
2012-05-05-08_04_12.664,277,1,6,1,-11.231,-24.710,1.690
2012-05-05-08_04_12.664,277,2,6,1,-20.149,-24.718,0.990
2012-05-05-08_04_12.665,277,2,6,1,-20.225,-24.699,1.090
2012-05-05-08_04_12.665,277,2,6,1,-20.232,-24.699,0.990
2012-05-05-08_04_12.666,277,3,6,1,-29.171,-24.801,1.290
2012-05-05-08_04_12.666,277,3,6,1,-29.146,-24.702,1.490
2012-05-05-08_04_12.667,277,3,6,1,-29.247,-24.782,1.290
2012-05-05-08_04_12.667,277,4,6,1,-38.168,-24.802,0.990
2012-05-05-08_04_12.668,277,4,6,1,-38.143,-24.704,0.990
2012-05-05-08_04_12.668,277,4,6,1,-38.243,-24.783,0.990
2012-05-05-08_04_12.669,277,5,6,1,-47.187,-24.790,1.390
2012-05-05-08_04_12.669,277,5,6,1,-47.274,-24.771,1.390
2012-05-05-08_04_12.670,277,5,6,1,-47.243,-24.791,1.290
2012-05-05-08_04_12.670,277,6,6,1,-56.213,-24.863,1.290
2012-05-05-08_04_12.670,277,6,6,1,-56.188,-24.765,1.290
2012-05-05-08_04_12.671,277,6,6,1,-56.289,-24.844,1.290
2012-05-05-08_04_12.671,277,7,6,1,-65.184,-24.780,1.890
2012-05-05-08_04_12.672,277,7,6,1,-65.191,-24.780,1.890
2012-05-05-08_04_12.672,277,7,6,1,-65.171,-24.682,1.990
2012-05-05-08_04_12.673,277,0,7,0,2.272,-29.281,1.801
2012-05-05-08_04_12.673,277,0,7,0,2.300,-29.190,1.801
2012-05-05-08_04_12.674,277,0,7,0,2.187,-29.258,1.801
2012-05-05-08_04_12.674,277,1,7,0,-6.746,-29.293,1.701
2012-05-05-08_04_12.675,277,1,7,0,-6.821,-29.273,1.601
2012-05-05-08_04_12.675,277,1,7,0,-6.765,-29.207,1.601
2012-05-05-08_04_12.676,277,2,7,0,-15.692,-29.210,1.101
2012-05-05-08_04_12.676,277,2,7,0,-15.778,-29.188,1.001
2012-05-05-08_04_12.677,277,2,7,0,-15.716,-29.138,1.101
2012-05-05-08_04_12.677,277,3,7,0,-24.715,-29.293,1.501
2012-05-05-08_04_12.678,277,3,7,0,-24.687,-29.202,1.501
2012-05-05-08_04_12.678,277,3,7,0,-24.800,-29.270,1.501
2012-05-05-08_04_12.679,277,4,7,0,-33.711,-29.295,1.001
2012-05-05-08_04_12.679,277,4,7,0,-33.684,-29.204,1.001
2012-05-05-08_04_12.679,277,4,7,0,-33.796,-29.272,1.001
2012-05-05-08_04_12.680,277,5,7,0,-42.727,-29.290,1.301
2012-05-05-08_04_12.680,277,5,7,0,-42.674,-29.341,1.301
2012-05-05-08_04_12.681,277,5,7,0,-42.779,-29.308,1.301
2012-05-05-08_04_12.681,277,6,7,0,-51.757,-29.355,1.301
2012-05-05-08_04_12.682,277,6,7,0,-51.729,-29.265,1.301
2012-05-05-08_04_12.682,277,6,7,0,-51.676,-29.316,1.301
2012-05-05-08_04_12.683,277,7,7,0,-60.651,-29.291,2.201
2012-05-05-08_04_12.683,277,7,7,0,-60.736,-29.269,2.201
2012-05-05-08_04_12.684,277,7,7,0,-60.675,-29.219,2.201
2012-05-05-08_04_12.684,277,0,7,1,-2.185,-29.285,1.813
2012-05-05-08_04_12.685,277,0,7,1,-2.162,-29.189,1.813
2012-05-05-08_04_12.685,277,0,7,1,-2.260,-29.268,1.813
2012-05-05-08_04_12.686,277,1,7,1,-11.213,-29.293,1.613
2012-05-05-08_04_12.686,277,1,7,1,-11.337,-29.221,1.613
2012-05-05-08_04_12.687,277,1,7,1,-11.234,-29.206,1.613
2012-05-05-08_04_12.687,277,2,7,1,-20.150,-29.215,1.113
2012-05-05-08_04_12.688,277,2,7,1,-20.225,-29.198,1.013
2012-05-05-08_04_12.688,277,2,7,1,-20.233,-29.197,1.013
2012-05-05-08_04_12.688,277,3,7,1,-29.172,-29.298,1.313
2012-05-05-08_04_12.689,277,3,7,1,-29.149,-29.201,1.613
2012-05-05-08_04_12.689,277,3,7,1,-29.247,-29.281,1.313
2012-05-05-08_04_12.690,277,4,7,1,-38.168,-29.299,1.013
2012-05-05-08_04_12.690,277,4,7,1,-38.146,-29.203,1.013
2012-05-05-08_04_12.691,277,4,7,1,-38.244,-29.282,0.913
2012-05-05-08_04_12.691,277,5,7,1,-47.189,-29.289,1.413
2012-05-05-08_04_12.692,277,5,7,1,-47.272,-29.267,1.313
2012-05-05-08_04_12.692,277,5,7,1,-47.243,-29.292,1.413
2012-05-05-08_04_12.693,277,6,7,1,-56.214,-29.360,1.313
2012-05-05-08_04_12.693,277,6,7,1,-56.191,-29.263,1.413
2012-05-05-08_04_12.695,277,6,7,1,-56.289,-29.343,1.313
2012-05-05-08_04_12.695,277,7,7,1,-65.184,-29.279,2.013
2012-05-05-08_04_12.697,277,7,7,1,-65.191,-29.278,2.113
2012-05-05-08_04_12.697,277,7,7,1,-65.169,-29.178,2.213
2012-05-05-08_04_12.698,277,0,8,0,2.274,-33.779,1.827
2012-05-05-08_04_12.699,277,0,8,0,2.299,-33.689,1.827
2012-05-05-08_04_12.699,277,0,8,0,2.189,-33.755,1.827
2012-05-05-08_04_12.700,277,1,8,0,-6.748,-33.788,1.727
2012-05-05-08_04_12.700,277,1,8,0,-6.822,-33.769,1.627
2012-05-05-08_04_12.701,277,1,8,0,-6.767,-33.704,1.627
2012-05-05-08_04_12.701,277,2,8,0,-15.690,-33.708,1.027
2012-05-05-08_04_12.702,277,2,8,0,-15.776,-33.685,1.127
2012-05-05-08_04_12.702,277,2,8,0,-15.714,-33.639,1.127
2012-05-05-08_04_12.702,277,3,8,0,-24.712,-33.791,1.527
2012-05-05-08_04_12.703,277,3,8,0,-24.687,-33.701,1.527
2012-05-05-08_04_12.703,277,3,8,0,-24.798,-33.767,1.527
2012-05-05-08_04_12.704,277,4,8,0,-33.709,-33.793,1.027
2012-05-05-08_04_12.704,277,4,8,0,-33.684,-33.703,1.027
2012-05-05-08_04_12.705,277,4,8,0,-33.794,-33.769,1.027
2012-05-05-08_04_12.705,277,5,8,0,-42.728,-33.789,1.327
2012-05-05-08_04_12.706,277,5,8,0,-42.674,-33.837,1.327
2012-05-05-08_04_12.706,277,5,8,0,-42.777,-33.809,1.327
2012-05-05-08_04_12.707,277,6,8,0,-51.755,-33.853,1.327
2012-05-05-08_04_12.707,277,6,8,0,-51.729,-33.764,1.327
2012-05-05-08_04_12.708,277,6,8,0,-51.840,-33.829,1.227
2012-05-05-08_04_12.708,277,7,8,0,-60.649,-33.789,2.227
2012-05-05-08_04_12.709,277,7,8,0,-60.734,-33.766,2.227
2012-05-05-08_04_12.709,277,7,8,0,-60.673,-33.720,2.227
2012-05-05-08_04_12.709,277,0,8,1,-2.188,-33.787,1.836
2012-05-05-08_04_12.710,277,0,8,1,-2.163,-33.689,1.836
2012-05-05-08_04_12.710,277,0,8,1,-2.258,-33.765,1.835
2012-05-05-08_04_12.711,277,1,8,1,-11.213,-33.788,1.736
2012-05-05-08_04_12.711,277,1,8,1,-11.337,-33.720,1.736
2012-05-05-08_04_12.712,277,1,8,1,-11.237,-33.703,1.735
2012-05-05-08_04_12.712,277,2,8,1,-20.153,-33.717,1.136
2012-05-05-08_04_12.713,277,2,8,1,-20.223,-33.695,1.135
2012-05-05-08_04_12.713,277,2,8,1,-20.230,-33.694,1.135
2012-05-05-08_04_12.714,277,3,8,1,-29.175,-33.799,1.236
2012-05-05-08_04_12.714,277,3,8,1,-29.149,-33.701,1.336
2012-05-05-08_04_12.714,277,3,8,1,-29.245,-33.777,1.235
2012-05-05-08_04_12.715,277,4,8,1,-38.171,-33.801,1.036
2012-05-05-08_04_12.715,277,4,8,1,-38.146,-33.703,1.036
2012-05-05-08_04_12.716,277,4,8,1,-38.242,-33.779,1.035
2012-05-05-08_04_12.716,277,5,8,1,-47.190,-33.788,1.436
2012-05-05-08_04_12.717,277,5,8,1,-47.273,-33.764,1.335
2012-05-05-08_04_12.718,277,5,8,1,-47.244,-33.792,1.435
2012-05-05-08_04_12.718,277,6,8,1,-56.217,-33.862,1.336
2012-05-05-08_04_12.718,277,6,8,1,-56.192,-33.763,1.336
2012-05-05-08_04_12.719,277,6,8,1,-56.287,-33.840,1.335
2012-05-05-08_04_12.719,277,7,8,1,-65.182,-33.776,2.235
2012-05-05-08_04_12.720,277,7,8,1,-65.189,-33.775,2.235
2012-05-05-08_04_12.720,277,7,8,1,-65.169,-33.675,2.235
2012-05-05-08_04_12.721,277,0,9,0,2.274,-38.282,1.845
2012-05-05-08_04_12.721,277,0,9,0,2.304,-38.196,1.945
2012-05-05-08_04_12.722,277,0,9,0,2.191,-38.254,1.845
2012-05-05-08_04_12.722,277,1,9,0,-6.749,-38.290,1.745
2012-05-05-08_04_12.723,277,1,9,0,-6.822,-38.269,1.745
2012-05-05-08_04_12.723,277,1,9,0,-6.768,-38.212,1.745
2012-05-05-08_04_12.724,277,2,9,0,-15.691,-38.212,1.145
2012-05-05-08_04_12.724,277,2,9,0,-15.774,-38.184,1.145
2012-05-05-08_04_12.725,277,2,9,0,-15.710,-38.142,1.245
2012-05-05-08_04_12.725,277,3,9,0,-24.713,-38.294,1.645
2012-05-05-08_04_12.725,277,3,9,0,-24.683,-38.208,1.645
2012-05-05-08_04_12.726,277,3,9,0,-24.796,-38.266,1.645
2012-05-05-08_04_12.726,277,4,9,0,-33.710,-38.296,0.945
2012-05-05-08_04_12.727,277,4,9,0,-33.680,-38.210,1.045
2012-05-05-08_04_12.727,277,4,9,0,-33.792,-38.268,0.945
2012-05-05-08_04_12.728,277,5,9,0,-42.723,-38.296,1.345
2012-05-05-08_04_12.730,277,5,9,0,-42.675,-38.337,1.345
2012-05-05-08_04_12.730,277,5,9,0,-42.772,-38.312,1.345
2012-05-05-08_04_12.731,277,6,9,0,-51.755,-38.357,1.245
2012-05-05-08_04_12.732,277,6,9,0,-51.725,-38.271,1.245
2012-05-05-08_04_12.732,277,6,9,0,-51.838,-38.329,1.245
2012-05-05-08_04_12.733,277,7,9,0,-60.650,-38.293,2.245
2012-05-05-08_04_12.733,277,7,9,0,-60.732,-38.265,2.245
2012-05-05-08_04_12.734,277,7,9,0,-60.669,-38.223,2.145
2012-05-05-08_04_12.735,277,0,9,1,-2.188,-38.292,1.854
2012-05-05-08_04_12.735,277,0,9,1,-2.163,-38.196,1.954
2012-05-05-08_04_12.736,277,0,9,1,-2.259,-38.266,1.854
2012-05-05-08_04_12.736,277,1,9,1,-11.213,-38.290,1.754
2012-05-05-08_04_12.737,277,1,9,1,-11.337,-38.227,1.754
2012-05-05-08_04_12.737,277,1,9,1,-11.235,-38.211,1.754
2012-05-05-08_04_12.738,277,2,9,1,-20.153,-38.222,1.254
2012-05-05-08_04_12.738,277,2,9,1,-20.224,-38.196,1.254
2012-05-05-08_04_12.739,277,2,9,1,-20.231,-38.195,1.254
2012-05-05-08_04_12.739,277,3,9,1,-29.175,-38.304,1.454
2012-05-05-08_04_12.740,277,3,9,1,-29.150,-38.208,1.654
2012-05-05-08_04_12.740,277,3,9,1,-29.246,-38.278,1.354
2012-05-05-08_04_12.741,277,4,9,1,-38.172,-38.306,1.054
2012-05-05-08_04_12.741,277,4,9,1,-38.147,-38.210,1.054
2012-05-05-08_04_12.741,277,4,9,1,-38.242,-38.280,1.054
2012-05-05-08_04_12.742,277,5,9,1,-47.190,-38.296,1.454
2012-05-05-08_04_12.742,277,5,9,1,-47.273,-38.270,1.554
2012-05-05-08_04_12.743,277,5,9,1,-47.246,-38.299,1.454
2012-05-05-08_04_12.743,277,6,9,1,-56.192,-38.270,1.354
2012-05-05-08_04_12.744,277,6,9,1,-56.288,-38.341,1.354
2012-05-05-08_04_12.744,277,6,9,1,-56.295,-38.340,1.354
2012-05-05-08_04_12.745,277,7,9,1,-65.182,-38.277,2.254
2012-05-05-08_04_12.745,277,7,9,1,-65.190,-38.276,2.254
2012-05-05-08_04_12.746,277,7,9,1,-65.169,-38.181,2.254
2012-05-05-08_04_12.746,277,0,10,0,2.278,-42.784,1.966
2012-05-05-08_04_12.746,277,0,10,0,2.303,-42.696,1.966
2012-05-05-08_04_12.747,277,0,10,0,2.193,-42.753,1.966
2012-05-05-08_04_12.748,277,1,10,0,-6.752,-42.794,1.766
2012-05-05-08_04_12.749,277,1,10,0,-6.825,-42.768,1.666
2012-05-05-08_04_12.750,277,1,10,0,-6.773,-42.715,1.766
2012-05-05-08_04_12.750,277,2,10,0,-15.686,-42.714,1.166
2012-05-05-08_04_12.751,277,2,10,0,-15.772,-42.683,1.166
2012-05-05-08_04_12.751,277,2,10,0,-15.710,-42.640,1.266
2012-05-05-08_04_12.752,277,3,10,0,-24.708,-42.796,1.666
2012-05-05-08_04_12.752,277,3,10,0,-24.683,-42.709,1.666
2012-05-05-08_04_12.753,277,3,10,0,-24.794,-42.765,1.666
2012-05-05-08_04_12.753,277,4,10,0,-33.705,-42.798,1.066
2012-05-05-08_04_12.754,277,4,10,0,-33.680,-42.710,1.066
2012-05-05-08_04_12.754,277,4,10,0,-33.790,-42.767,1.066
2012-05-05-08_04_12.755,277,5,10,0,-42.724,-42.796,1.366
2012-05-05-08_04_12.755,277,5,10,0,-42.678,-42.836,1.366
2012-05-05-08_04_12.756,277,5,10,0,-42.773,-42.810,1.366
2012-05-05-08_04_12.756,277,6,10,0,-51.751,-42.858,1.266
2012-05-05-08_04_12.756,277,6,10,0,-51.725,-42.771,1.266
2012-05-05-08_04_12.757,277,6,10,0,-51.836,-42.828,1.266
2012-05-05-08_04_12.757,277,7,10,0,-60.645,-42.795,2.166
2012-05-05-08_04_12.758,277,7,10,0,-60.730,-42.764,2.266
2012-05-05-08_04_12.758,277,7,10,0,-60.669,-42.721,2.266
2012-05-05-08_04_12.759,277,0,10,1,-2.189,-42.791,1.878
2012-05-05-08_04_12.759,277,0,10,1,-2.166,-42.696,1.878
2012-05-05-08_04_12.760,277,0,10,1,-2.262,-42.768,1.878
2012-05-05-08_04_12.760,277,1,10,1,-11.214,-42.794,1.878
2012-05-05-08_04_12.761,277,1,10,1,-11.340,-42.728,1.878
2012-05-05-08_04_12.761,277,1,10,1,-11.235,-42.715,1.778
2012-05-05-08_04_12.762,277,2,10,1,-20.153,-42.721,1.278
2012-05-05-08_04_12.763,277,2,10,1,-20.226,-42.698,1.278
2012-05-05-08_04_12.764,277,2,10,1,-20.231,-42.697,1.278
2012-05-05-08_04_12.764,277,3,10,1,-29.175,-42.803,1.378
2012-05-05-08_04_12.764,277,3,10,1,-29.153,-42.708,1.478
2012-05-05-08_04_12.765,277,3,10,1,-29.249,-42.780,1.378
2012-05-05-08_04_12.765,277,4,10,1,-38.172,-42.805,1.078
2012-05-05-08_04_12.766,277,4,10,1,-38.149,-42.710,1.078
2012-05-05-08_04_12.766,277,4,10,1,-38.245,-42.782,0.978
2012-05-05-08_04_12.767,277,5,10,1,-47.193,-42.796,1.478
2012-05-05-08_04_12.767,277,5,10,1,-47.276,-42.774,1.478
2012-05-05-08_04_12.768,277,5,10,1,-47.247,-42.797,1.478
2012-05-05-08_04_12.768,277,6,10,1,-56.217,-42.865,1.378
2012-05-05-08_04_12.769,277,6,10,1,-56.195,-42.770,1.378
2012-05-05-08_04_12.769,277,6,10,1,-56.291,-42.842,1.278
2012-05-05-08_04_12.770,277,7,10,1,-65.185,-42.779,2.278
2012-05-05-08_04_12.770,277,7,10,1,-65.190,-42.778,2.278
2012-05-05-08_04_12.771,277,7,10,1,-65.172,-42.685,2.278
2012-05-05-08_04_12.771,277,0,11,0,2.278,-47.283,1.990
2012-05-05-08_04_12.772,277,0,11,0,2.301,-47.190,1.890
2012-05-05-08_04_12.772,277,0,11,0,2.193,-47.257,1.890
2012-05-05-08_04_12.773,277,1,11,0,-6.752,-47.296,1.790
2012-05-05-08_04_12.773,277,1,11,0,-6.828,-47.270,1.790
2012-05-05-08_04_12.774,277,1,11,0,-6.774,-47.210,1.790
2012-05-05-08_04_12.774,277,2,11,0,-15.687,-47.213,1.190
2012-05-05-08_04_12.774,277,2,11,0,-15.772,-47.187,1.190
2012-05-05-08_04_12.775,277,2,11,0,-15.745,-47.197,1.190
2012-05-05-08_04_12.775,277,3,11,0,-24.709,-47.295,1.690
2012-05-05-08_04_12.776,277,3,11,0,-24.686,-47.202,1.690
2012-05-05-08_04_12.776,277,3,11,0,-24.794,-47.269,1.690
2012-05-05-08_04_12.777,277,4,11,0,-33.705,-47.297,1.090
2012-05-05-08_04_12.777,277,4,11,0,-33.683,-47.204,0.990
2012-05-05-08_04_12.778,277,4,11,0,-33.791,-47.271,0.990
2012-05-05-08_04_12.778,277,5,11,0,-42.727,-47.290,1.390
2012-05-05-08_04_12.779,277,5,11,0,-42.681,-47.338,1.390
2012-05-05-08_04_12.779,277,5,11,0,-42.773,-47.305,1.390
2012-05-05-08_04_12.780,277,6,11,0,-51.751,-47.358,1.390
2012-05-05-08_04_12.780,277,6,11,0,-51.728,-47.264,1.390
2012-05-05-08_04_12.781,277,6,11,0,-51.836,-47.332,1.290
2012-05-05-08_04_12.781,277,7,11,0,-60.646,-47.294,2.290
2012-05-05-08_04_12.782,277,7,11,0,-60.731,-47.268,2.290
2012-05-05-08_04_12.782,277,7,11,0,-60.669,-47.216,2.290
2012-05-05-08_04_12.783,277,0,11,1,-2.191,-47.288,1.999
2012-05-05-08_04_12.783,277,0,11,1,-2.169,-47.190,1.999
2012-05-05-08_04_12.783,277,0,11,1,-2.262,-47.269,1.999
2012-05-05-08_04_12.784,277,1,11,1,-11.214,-47.296,1.799
2012-05-05-08_04_12.784,277,1,11,1,-11.343,-47.222,1.799
2012-05-05-08_04_12.785,277,1,11,1,-11.236,-47.210,1.799
2012-05-05-08_04_12.785,277,2,11,1,-20.156,-47.218,1.299
2012-05-05-08_04_12.786,277,2,11,1,-20.227,-47.199,1.299
2012-05-05-08_04_12.786,277,2,11,1,-20.232,-47.199,1.299
2012-05-05-08_04_12.787,277,3,11,1,-29.178,-47.301,1.399
2012-05-05-08_04_12.787,277,3,11,1,-29.156,-47.202,1.599
2012-05-05-08_04_12.788,277,3,11,1,-29.249,-47.282,1.399
2012-05-05-08_04_12.788,277,4,11,1,-38.175,-47.302,1.099
2012-05-05-08_04_12.789,277,4,11,1,-38.152,-47.204,0.999
2012-05-05-08_04_12.789,277,4,11,1,-38.246,-47.283,1.099
2012-05-05-08_04_12.789,277,5,11,1,-47.196,-47.290,1.499
2012-05-05-08_04_12.790,277,5,11,1,-47.276,-47.270,1.399
2012-05-05-08_04_12.790,277,5,11,1,-47.247,-47.291,1.499
2012-05-05-08_04_12.791,277,6,11,1,-56.220,-47.363,1.399
2012-05-05-08_04_12.791,277,6,11,1,-56.198,-47.264,1.399
2012-05-05-08_04_12.792,277,6,11,1,-56.291,-47.344,1.399
2012-05-05-08_04_12.793,277,7,11,1,-65.186,-47.280,2.299
2012-05-05-08_04_12.794,277,7,11,1,-65.190,-47.280,2.299
2012-05-05-08_04_12.794,277,7,11,1,-65.173,-47.181,2.299
2012-05-05-08_04_12.795,277,0,12,0,2.265,-51.780,2.207
2012-05-05-08_04_12.795,277,0,12,0,2.300,-51.691,2.107
2012-05-05-08_04_12.796,277,0,12,0,2.195,-51.758,2.107
2012-05-05-08_04_12.796,277,1,12,0,-6.755,-51.794,1.807
2012-05-05-08_04_12.797,277,1,12,0,-6.831,-51.775,1.907
2012-05-05-08_04_12.797,277,1,12,0,-6.776,-51.708,1.907
2012-05-05-08_04_12.798,277,2,12,0,-15.699,-51.710,1.207
2012-05-05-08_04_12.798,277,2,12,0,-15.770,-51.688,1.207
2012-05-05-08_04_12.800,277,2,12,0,-15.711,-51.640,1.207
2012-05-05-08_04_12.800,277,3,12,0,-24.722,-51.792,1.707
2012-05-05-08_04_12.801,277,3,12,0,-24.687,-51.703,1.707
2012-05-05-08_04_12.802,277,3,12,0,-24.792,-51.770,1.607
2012-05-05-08_04_12.802,277,4,12,0,-33.718,-51.794,1.107
2012-05-05-08_04_12.803,277,4,12,0,-33.683,-51.705,1.107
2012-05-05-08_04_12.803,277,4,12,0,-33.789,-51.772,1.107
2012-05-05-08_04_12.804,277,5,12,0,-42.727,-51.791,1.407
2012-05-05-08_04_12.804,277,5,12,0,-42.683,-51.843,1.207
2012-05-05-08_04_12.805,277,5,12,0,-42.774,-51.810,1.407
2012-05-05-08_04_12.805,277,6,12,0,-51.764,-51.854,1.307
2012-05-05-08_04_12.805,277,6,12,0,-51.729,-51.766,1.307
2012-05-05-08_04_12.806,277,6,12,0,-51.834,-51.833,1.207
2012-05-05-08_04_12.806,277,7,12,0,-60.658,-51.790,2.207
2012-05-05-08_04_12.807,277,7,12,0,-60.729,-51.769,3.307
2012-05-05-08_04_12.807,277,7,12,0,-60.670,-51.721,3.307
2012-05-05-08_04_12.808,277,0,12,1,-2.194,-51.786,2.116
2012-05-05-08_04_12.808,277,0,12,1,-2.172,-51.690,2.116
2012-05-05-08_04_12.809,277,0,12,1,-2.262,-51.768,2.116
2012-05-05-08_04_12.809,277,1,12,1,-11.215,-51.794,1.816
2012-05-05-08_04_12.810,277,1,12,1,-11.346,-51.722,1.816
2012-05-05-08_04_12.810,277,1,12,1,-11.236,-51.708,1.816
2012-05-05-08_04_12.810,277,2,12,1,-20.159,-51.716,1.216
2012-05-05-08_04_12.811,277,2,12,1,-20.227,-51.698,1.216
2012-05-05-08_04_12.811,277,2,12,1,-20.235,-51.697,1.216
2012-05-05-08_04_12.812,277,3,12,1,-29.181,-51.799,1.416
2012-05-05-08_04_12.813,277,3,12,1,-29.159,-51.702,1.616
2012-05-05-08_04_12.813,277,3,12,1,-29.249,-51.780,1.616
2012-05-05-08_04_12.814,277,4,12,1,-38.178,-51.800,1.116
2012-05-05-08_04_12.814,277,4,12,1,-38.155,-51.704,1.116
2012-05-05-08_04_12.814,277,4,12,1,-38.246,-51.782,1.116
2012-05-05-08_04_12.815,277,5,12,1,-47.199,-51.790,1.216
2012-05-05-08_04_12.815,277,5,12,1,-47.279,-51.768,1.216
2012-05-05-08_04_12.816,277,5,12,1,-47.250,-51.791,1.216
2012-05-05-08_04_12.816,277,6,12,1,-56.223,-51.861,1.316
2012-05-05-08_04_12.817,277,6,12,1,-56.201,-51.765,1.316
2012-05-05-08_04_12.817,277,6,12,1,-56.291,-51.843,1.416
2012-05-05-08_04_12.818,277,7,12,1,-65.186,-51.779,2.216
2012-05-05-08_04_12.818,277,7,12,1,-65.193,-51.778,2.216
2012-05-05-08_04_12.819,277,7,12,1,-65.176,-51.679,2.216
2012-05-05-08_04_12.819,277,0,13,0,2.272,-56.278,2.127
2012-05-05-08_04_12.820,277,0,13,0,2.297,-56.192,2.127
2012-05-05-08_04_12.820,277,0,13,0,2.197,-56.254,2.127
2012-05-05-08_04_12.821,277,1,13,0,-6.755,-56.289,1.927
2012-05-05-08_04_12.821,277,1,13,0,-6.831,-56.271,1.927
2012-05-05-08_04_12.822,277,1,13,0,-6.774,-56.205,1.827
2012-05-05-08_04_12.822,277,2,13,0,-15.693,-56.208,1.227
2012-05-05-08_04_12.823,277,2,13,0,-15.768,-56.184,1.227
2012-05-05-08_04_12.823,277,2,13,0,-15.714,-56.140,1.227
2012-05-05-08_04_12.824,277,3,13,0,-24.715,-56.290,1.727
2012-05-05-08_04_12.824,277,3,13,0,-24.690,-56.204,1.727
2012-05-05-08_04_12.825,277,3,13,0,-24.790,-56.266,1.627
2012-05-05-08_04_12.825,277,4,13,0,-33.711,-56.292,1.127
2012-05-05-08_04_12.827,277,4,13,0,-33.686,-56.206,1.127
2012-05-05-08_04_12.827,277,4,13,0,-33.787,-56.268,1.127
2012-05-05-08_04_12.828,277,5,13,0,-42.730,-56.291,1.427
2012-05-05-08_04_12.828,277,5,13,0,-42.684,-56.339,1.227
2012-05-05-08_04_12.829,277,5,13,0,-42.776,-56.310,1.427
2012-05-05-08_04_12.829,277,6,13,0,-51.757,-56.353,1.327
2012-05-05-08_04_12.830,277,6,13,0,-51.732,-56.266,1.327
2012-05-05-08_04_12.830,277,6,13,0,-51.832,-56.329,1.327
2012-05-05-08_04_12.831,277,7,13,0,-60.651,-56.289,5.327
2012-05-05-08_04_12.831,277,7,13,0,-60.727,-56.265,10.127
2012-05-05-08_04_12.831,277,7,13,0,-60.673,-56.221,12.127
2012-05-05-08_04_12.832,277,0,13,1,-2.197,-56.288,2.039
2012-05-05-08_04_12.832,277,0,13,1,-2.172,-56.191,2.038
2012-05-05-08_04_12.833,277,0,13,1,-2.265,-56.264,2.038
2012-05-05-08_04_12.833,277,1,13,1,-11.210,-56.290,1.839
2012-05-05-08_04_12.834,277,1,13,1,-11.346,-56.223,1.838
2012-05-05-08_04_12.834,277,1,13,1,-11.234,-56.205,1.838
2012-05-05-08_04_12.835,277,2,13,1,-20.162,-56.218,1.339
2012-05-05-08_04_12.835,277,2,13,1,-20.230,-56.194,1.238
2012-05-05-08_04_12.836,277,2,13,1,-20.237,-56.194,1.238
2012-05-05-08_04_12.836,277,3,13,1,-29.184,-56.300,1.339
2012-05-05-08_04_12.837,277,3,13,1,-29.159,-56.203,1.638
2012-05-05-08_04_12.837,277,3,13,1,-29.252,-56.276,1.638
2012-05-05-08_04_12.838,277,4,13,1,-38.181,-56.302,1.039
2012-05-05-08_04_12.838,277,4,13,1,-38.156,-56.205,1.038
2012-05-05-08_04_12.838,277,4,13,1,-38.249,-56.278,1.038
2012-05-05-08_04_12.839,277,5,13,1,-47.199,-56.291,1.438
2012-05-05-08_04_12.839,277,5,13,1,-47.280,-56.266,1.438
2012-05-05-08_04_12.840,277,5,13,1,-47.253,-56.290,1.538
2012-05-05-08_04_12.841,277,6,13,1,-56.226,-56.362,1.339
2012-05-05-08_04_12.841,277,6,13,1,-56.201,-56.266,1.338
2012-05-05-08_04_12.842,277,6,13,1,-56.294,-56.339,1.338
2012-05-05-08_04_12.842,277,7,13,1,-65.189,-56.275,2.138
2012-05-05-08_04_12.843,277,7,13,1,-65.196,-56.274,2.238
2012-05-05-08_04_12.843,277,7,13,1,-65.176,-56.177,2.238
2012-05-05-08_04_12.844,277,0,14,0,2.272,-60.782,2.152
2012-05-05-08_04_12.844,277,0,14,0,2.297,-60.696,2.152
2012-05-05-08_04_12.844,277,0,14,0,2.199,-60.753,2.152
2012-05-05-08_04_12.845,277,1,14,0,-6.756,-60.790,1.952
2012-05-05-08_04_12.845,277,1,14,0,-6.834,-60.769,1.952
2012-05-05-08_04_12.846,277,1,14,0,-6.777,-60.712,1.952
2012-05-05-08_04_12.846,277,2,14,0,-15.693,-60.712,1.252
2012-05-05-08_04_12.847,277,2,14,0,-15.766,-60.683,1.352
2012-05-05-08_04_12.847,277,2,14,0,-15.712,-60.642,1.252
2012-05-05-08_04_12.848,277,3,14,0,-24.715,-60.794,1.752
2012-05-05-08_04_12.848,277,3,14,0,-24.690,-60.708,1.752
2012-05-05-08_04_12.849,277,3,14,0,-24.788,-60.766,1.752
2012-05-05-08_04_12.849,277,4,14,0,-33.712,-60.796,1.052
2012-05-05-08_04_12.851,277,4,14,0,-33.687,-60.710,1.052
2012-05-05-08_04_12.851,277,4,14,0,-33.785,-60.767,1.052
2012-05-05-08_04_12.852,277,5,14,0,-42.730,-60.796,1.452
2012-05-05-08_04_12.852,277,5,14,0,-42.687,-60.837,1.252
2012-05-05-08_04_12.853,277,5,14,0,-42.774,-60.812,1.452
2012-05-05-08_04_12.853,277,6,14,0,-51.757,-60.857,1.252
2012-05-05-08_04_12.854,277,6,14,0,-51.732,-60.771,1.352
2012-05-05-08_04_12.855,277,6,14,0,-51.830,-60.828,1.352
2012-05-05-08_04_12.855,277,7,14,0,-60.652,-60.793,3.352
2012-05-05-08_04_12.856,277,7,14,0,-60.725,-60.764,2.152
2012-05-05-08_04_12.857,277,7,14,0,-60.671,-60.723,4.252
2012-05-05-08_04_12.857,277,0,14,1,-2.198,-60.792,2.061
2012-05-05-08_04_12.857,277,0,14,1,-2.172,-60.697,2.061
2012-05-05-08_04_12.858,277,0,14,1,-2.268,-60.766,2.061
2012-05-05-08_04_12.859,277,1,14,1,-11.211,-60.791,1.861
2012-05-05-08_04_12.860,277,1,14,1,-11.347,-60.728,1.861
2012-05-05-08_04_12.861,277,1,14,1,-11.237,-60.711,1.861
2012-05-05-08_04_12.861,277,2,14,1,-20.162,-60.722,1.261
2012-05-05-08_04_12.862,277,2,14,1,-20.233,-60.695,1.261
2012-05-05-08_04_12.862,277,2,14,1,-20.240,-60.695,1.261
2012-05-05-08_04_12.862,277,3,14,1,-29.184,-60.805,1.261
2012-05-05-08_04_12.863,277,3,14,1,-29.159,-60.709,1.461
2012-05-05-08_04_12.863,277,3,14,1,-29.255,-60.778,1.361
2012-05-05-08_04_12.864,277,4,14,1,-38.181,-60.806,1.061
2012-05-05-08_04_12.864,277,4,14,1,-38.156,-60.711,1.061
2012-05-05-08_04_12.865,277,4,14,1,-38.252,-60.780,1.061
2012-05-05-08_04_12.865,277,5,14,1,-47.200,-60.796,1.461
2012-05-05-08_04_12.866,277,5,14,1,-47.283,-60.771,1.461
2012-05-05-08_04_12.866,277,5,14,1,-47.253,-60.798,1.461
2012-05-05-08_04_12.867,277,6,14,1,-56.227,-60.867,1.361
2012-05-05-08_04_12.867,277,6,14,1,-56.201,-60.771,1.461
2012-05-05-08_04_12.868,277,6,14,1,-56.297,-60.840,1.461
2012-05-05-08_04_12.868,277,7,14,1,-65.192,-60.776,2.261
2012-05-05-08_04_12.869,277,7,14,1,-65.199,-60.775,2.261
2012-05-05-08_04_12.869,277,7,14,1,-65.179,-60.681,2.261
2012-05-05-08_04_12.870,277,0,15,0,2.269,-65.283,2.270
2012-05-05-08_04_12.870,277,0,15,0,2.294,-65.196,2.170
2012-05-05-08_04_12.871,277,0,15,0,2.196,-65.254,2.270
2012-05-05-08_04_12.871,277,1,15,0,-6.751,-65.294,1.970
2012-05-05-08_04_12.872,277,1,15,0,-6.834,-65.268,1.970
2012-05-05-08_04_12.872,277,1,15,0,-6.775,-65.215,1.970
2012-05-05-08_04_12.873,277,2,15,0,-15.696,-65.213,1.370
2012-05-05-08_04_12.873,277,2,15,0,-15.769,-65.184,1.370
2012-05-05-08_04_12.874,277,2,15,0,-15.715,-65.140,1.270
2012-05-05-08_04_12.874,277,3,15,0,-24.718,-65.295,1.770
2012-05-05-08_04_12.875,277,3,15,0,-24.693,-65.209,1.770
2012-05-05-08_04_12.875,277,3,15,0,-24.791,-65.267,1.770
2012-05-05-08_04_12.876,277,4,15,0,-33.714,-65.297,1.070
2012-05-05-08_04_12.876,277,4,15,0,-33.689,-65.210,1.070
2012-05-05-08_04_12.877,277,4,15,0,-33.788,-65.268,1.070
2012-05-05-08_04_12.877,277,5,15,0,-42.733,-65.296,1.470
2012-05-05-08_04_12.878,277,5,15,0,-42.687,-65.336,1.370
2012-05-05-08_04_12.878,277,5,15,0,-42.777,-65.310,1.470
2012-05-05-08_04_12.879,277,6,15,0,-51.760,-65.358,1.270
2012-05-05-08_04_12.879,277,6,15,0,-51.735,-65.271,1.270
2012-05-05-08_04_12.880,277,6,15,0,-51.833,-65.329,1.270
2012-05-05-08_04_12.880,277,7,15,0,-60.655,-65.294,3.270
2012-05-05-08_04_12.881,277,7,15,0,-60.728,-65.265,2.070
2012-05-05-08_04_12.881,277,7,15,0,-60.674,-65.221,8.970
2012-05-05-08_04_12.882,277,0,15,1,-2.198,-65.291,2.179
2012-05-05-08_04_12.882,277,0,15,1,-2.170,-65.196,2.179
2012-05-05-08_04_12.883,277,0,15,1,-2.271,-65.268,2.279
2012-05-05-08_04_12.883,277,1,15,1,-11.211,-65.293,1.879
2012-05-05-08_04_12.884,277,1,15,1,-11.345,-65.228,1.979
2012-05-05-08_04_12.884,277,1,15,1,-11.232,-65.215,1.879
2012-05-05-08_04_12.885,277,2,15,1,-20.163,-65.221,1.279
2012-05-05-08_04_12.885,277,2,15,1,-20.236,-65.197,1.279
2012-05-05-08_04_12.885,277,2,15,1,-20.241,-65.197,1.279
2012-05-05-08_04_12.886,277,3,15,1,-29.185,-65.303,1.379
2012-05-05-08_04_12.886,277,3,15,1,-29.157,-65.208,1.379
2012-05-05-08_04_12.887,277,3,15,1,-29.258,-65.280,1.479
2012-05-05-08_04_12.887,277,4,15,1,-38.181,-65.305,1.079
2012-05-05-08_04_12.888,277,4,15,1,-38.154,-65.210,1.079
2012-05-05-08_04_12.888,277,4,15,1,-38.255,-65.282,1.079
2012-05-05-08_04_12.889,277,5,15,1,-47.198,-65.296,1.379
2012-05-05-08_04_12.889,277,5,15,1,-47.285,-65.274,1.279
2012-05-05-08_04_12.890,277,5,15,1,-47.256,-65.297,1.279
2012-05-05-08_04_12.891,277,6,15,1,-56.227,-65.366,1.379
2012-05-05-08_04_12.892,277,6,15,1,-56.199,-65.270,1.379
2012-05-05-08_04_12.892,277,6,15,1,-56.300,-65.342,1.379
2012-05-05-08_04_12.893,277,7,15,1,-65.195,-65.278,2.179
2012-05-05-08_04_12.893,277,7,15,1,-65.199,-65.278,2.179
2012-05-05-08_04_12.894,277,7,15,1,-65.182,-65.185,2.179
2012-05-05-08_04_12.894,277,0,16,0,2.266,-69.783,2.291
2012-05-05-08_04_12.895,277,0,16,0,2.291,-69.690,2.291
2012-05-05-08_04_12.895,277,0,16,0,2.193,-69.758,2.291
2012-05-05-08_04_12.896,277,1,16,0,-6.752,-69.795,1.991
2012-05-05-08_04_12.896,277,1,16,0,-6.837,-69.769,1.991
2012-05-05-08_04_12.897,277,1,16,0,-6.776,-69.709,1.991
2012-05-05-08_04_12.897,277,2,16,0,-15.699,-69.713,1.291
2012-05-05-08_04_12.898,277,2,16,0,-15.772,-69.688,1.391
2012-05-05-08_04_12.898,277,2,16,0,-15.720,-69.634,1.291
2012-05-05-08_04_12.899,277,3,16,0,-24.721,-69.795,1.791
2012-05-05-08_04_12.899,277,3,16,0,-24.696,-69.702,1.791
2012-05-05-08_04_12.900,277,3,16,0,-24.794,-69.770,1.791
2012-05-05-08_04_12.901,277,4,16,0,-33.717,-69.797,0.991
2012-05-05-08_04_12.901,277,4,16,0,-33.692,-69.704,0.991
2012-05-05-08_04_12.902,277,4,16,0,-33.790,-69.772,0.991
2012-05-05-08_04_12.903,277,5,16,0,-42.736,-69.789,1.491
2012-05-05-08_04_12.904,277,5,16,0,-42.690,-69.837,1.291
2012-05-05-08_04_12.905,277,5,16,0,-42.782,-69.804,1.491
2012-05-05-08_04_12.906,277,6,16,0,-51.763,-69.858,1.291
2012-05-05-08_04_12.907,277,6,16,0,-51.738,-69.764,1.291
2012-05-05-08_04_12.907,277,6,16,0,-51.836,-69.833,1.291
2012-05-05-08_04_12.908,277,7,16,0,-60.657,-69.794,2.091
2012-05-05-08_04_12.908,277,7,16,0,-60.730,-69.769,3.291
2012-05-05-08_04_12.909,277,7,16,0,-60.679,-69.715,7.691
2012-05-05-08_04_12.909,277,0,16,1,-2.196,-69.788,2.202
2012-05-05-08_04_12.910,277,0,16,1,-2.171,-69.689,2.202
2012-05-05-08_04_12.910,277,0,16,1,-2.274,-69.770,2.202
2012-05-05-08_04_12.911,277,1,16,1,-11.212,-69.795,1.902
2012-05-05-08_04_12.911,277,1,16,1,-11.345,-69.721,1.902
2012-05-05-08_04_12.912,277,1,16,1,-11.235,-69.709,1.902
2012-05-05-08_04_12.912,277,2,16,1,-20.161,-69.718,1.202
2012-05-05-08_04_12.913,277,2,16,1,-20.239,-69.700,1.302
2012-05-05-08_04_12.913,277,2,16,1,-20.244,-69.699,1.302
2012-05-05-08_04_12.914,277,3,16,1,-29.183,-69.800,1.502
2012-05-05-08_04_12.914,277,3,16,1,-29.158,-69.701,1.502
2012-05-05-08_04_12.915,277,3,16,1,-29.261,-69.782,1.502
2012-05-05-08_04_12.915,277,4,16,1,-38.179,-69.802,1.102
2012-05-05-08_04_12.916,277,4,16,1,-38.154,-69.703,1.102
2012-05-05-08_04_12.916,277,4,16,1,-38.257,-69.784,1.102
2012-05-05-08_04_12.916,277,5,16,1,-47.198,-69.789,1.402
2012-05-05-08_04_12.917,277,5,16,1,-47.286,-69.769,1.302
2012-05-05-08_04_12.917,277,5,16,1,-47.257,-69.792,1.302
2012-05-05-08_04_12.918,277,6,16,1,-56.225,-69.863,1.402
2012-05-05-08_04_12.918,277,6,16,1,-56.200,-69.764,1.402
2012-05-05-08_04_12.919,277,6,16,1,-56.303,-69.845,1.402
2012-05-05-08_04_12.919,277,7,16,1,-65.198,-69.781,2.202
2012-05-05-08_04_12.920,277,7,16,1,-65.202,-69.780,2.202
2012-05-05-08_04_12.920,277,7,16,1,-65.182,-69.680,2.202
2012-05-05-08_04_12.921,277,0,17,0,2.266,-74.280,2.215
2012-05-05-08_04_12.921,277,0,17,0,2.288,-74.190,2.215
2012-05-05-08_04_12.922,277,0,17,0,2.190,-74.257,2.215
2012-05-05-08_04_12.922,277,1,17,0,-6.752,-74.293,1.915
2012-05-05-08_04_12.923,277,1,17,0,-6.833,-74.273,1.915
2012-05-05-08_04_12.923,277,1,17,0,-6.774,-74.206,2.015
2012-05-05-08_04_12.924,277,2,17,0,-15.699,-74.210,1.315
2012-05-05-08_04_12.924,277,2,17,0,-15.775,-74.187,1.315
2012-05-05-08_04_12.925,277,2,17,0,-15.718,-74.138,1.315
2012-05-05-08_04_12.925,277,3,17,0,-24.721,-74.292,1.815
2012-05-05-08_04_12.927,277,3,17,0,-24.699,-74.202,1.815
2012-05-05-08_04_12.927,277,3,17,0,-24.797,-74.270,1.815
2012-05-05-08_04_12.928,277,4,17,0,-33.718,-74.294,1.115
2012-05-05-08_04_12.928,277,4,17,0,-33.695,-74.204,1.115
2012-05-05-08_04_12.929,277,4,17,0,-33.793,-74.271,1.115
2012-05-05-08_04_12.929,277,5,17,0,-42.739,-74.290,1.515
2012-05-05-08_04_12.930,277,5,17,0,-42.686,-74.341,1.315
2012-05-05-08_04_12.930,277,5,17,0,-42.781,-74.308,1.515
2012-05-05-08_04_12.931,277,6,17,0,-51.763,-74.355,1.315
2012-05-05-08_04_12.931,277,6,17,0,-51.741,-74.264,1.315
2012-05-05-08_04_12.932,277,6,17,0,-51.687,-74.316,1.315
2012-05-05-08_04_12.932,277,7,17,0,-60.658,-74.291,2.115
2012-05-05-08_04_12.933,277,7,17,0,-60.733,-74.268,6.615
2012-05-05-08_04_12.933,277,7,17,0,-60.677,-74.219,2.215
2012-05-05-08_04_12.934,277,0,17,1,-2.194,-74.285,2.224
2012-05-05-08_04_12.934,277,0,17,1,-2.166,-74.189,2.224
2012-05-05-08_04_12.935,277,0,17,1,-2.272,-74.268,2.224
2012-05-05-08_04_12.935,277,1,17,1,-11.212,-74.292,1.924
2012-05-05-08_04_12.936,277,1,17,1,-11.341,-74.221,1.924
2012-05-05-08_04_12.936,277,1,17,1,-11.236,-74.206,2.024
2012-05-05-08_04_12.937,277,2,17,1,-20.159,-74.215,1.324
2012-05-05-08_04_12.937,277,2,17,1,-20.237,-74.198,1.424
2012-05-05-08_04_12.938,277,2,17,1,-20.242,-74.197,1.324
2012-05-05-08_04_12.939,277,3,17,1,-29.181,-74.297,1.524
2012-05-05-08_04_12.940,277,3,17,1,-29.153,-74.201,1.524
2012-05-05-08_04_12.940,277,3,17,1,-29.259,-74.281,1.524
2012-05-05-08_04_12.941,277,4,17,1,-38.177,-74.299,1.024
2012-05-05-08_04_12.941,277,4,17,1,-38.150,-74.203,1.124
2012-05-05-08_04_12.942,277,4,17,1,-38.255,-74.282,1.124
2012-05-05-08_04_12.943,277,5,17,1,-47.194,-74.289,1.424
2012-05-05-08_04_12.943,277,5,17,1,-47.284,-74.267,1.524
2012-05-05-08_04_12.944,277,5,17,1,-47.252,-74.292,1.424
2012-05-05-08_04_12.945,277,6,17,1,-56.223,-74.360,1.424
2012-05-05-08_04_12.946,277,6,17,1,-56.195,-74.264,1.424
2012-05-05-08_04_12.947,277,6,17,1,-56.301,-74.343,1.424
2012-05-05-08_04_12.947,277,7,17,1,-65.195,-74.279,2.224
2012-05-05-08_04_12.948,277,7,17,1,-65.200,-74.278,2.224
2012-05-05-08_04_12.949,277,7,17,1,-65.180,-74.178,2.224
2012-05-05-08_04_12.949,277,0,18,0,2.265,-78.779,2.033
2012-05-05-08_04_12.950,277,0,18,0,2.293,-78.690,1.933
2012-05-05-08_04_12.951,277,0,18,0,2.187,-78.754,2.033
2012-05-05-08_04_12.952,277,1,18,0,-6.753,-78.789,1.833
2012-05-05-08_04_12.954,277,1,18,0,-6.833,-78.770,1.933
2012-05-05-08_04_12.955,277,1,18,0,-6.772,-78.704,1.833
2012-05-05-08_04_12.956,277,2,18,0,-15.700,-78.709,1.433
2012-05-05-08_04_12.956,277,2,18,0,-15.777,-78.684,1.433
2012-05-05-08_04_12.957,277,2,18,0,-15.721,-78.640,1.433
2012-05-05-08_04_12.957,277,3,18,0,-24.722,-78.791,1.833
2012-05-05-08_04_12.958,277,3,18,0,-24.694,-78.702,1.833
2012-05-05-08_04_12.958,277,3,18,0,-24.800,-78.767,1.833
2012-05-05-08_04_12.959,277,4,18,0,-33.718,-78.793,1.133
2012-05-05-08_04_12.959,277,4,18,0,-33.691,-78.704,1.233
2012-05-05-08_04_12.960,277,4,18,0,-33.796,-78.768,1.133
2012-05-05-08_04_12.960,277,5,18,0,-42.734,-78.790,1.733
2012-05-05-08_04_12.961,277,5,18,0,-42.686,-78.838,1.533
2012-05-05-08_04_12.961,277,5,18,0,-42.783,-78.809,1.733
2012-05-05-08_04_12.961,277,6,18,0,-51.764,-78.854,1.633
2012-05-05-08_04_12.962,277,6,18,0,-51.736,-78.764,1.633
2012-05-05-08_04_12.962,277,6,18,0,-51.688,-78.813,1.633
2012-05-05-08_04_12.963,277,7,18,0,-60.658,-78.790,2.433
2012-05-05-08_04_12.963,277,7,18,0,-60.736,-78.765,2.433
2012-05-05-08_04_12.965,277,7,18,0,-60.680,-78.720,2.433
2012-05-05-08_04_12.966,277,0,18,1,-2.194,-78.788,2.042
2012-05-05-08_04_12.967,277,0,18,1,-2.169,-78.689,2.041
2012-05-05-08_04_12.968,277,0,18,1,-2.270,-78.765,2.041
2012-05-05-08_04_12.968,277,1,18,1,-11.212,-78.788,1.842
2012-05-05-08_04_12.969,277,1,18,1,-11.344,-78.721,1.841
2012-05-05-08_04_12.969,277,1,18,1,-11.236,-78.704,1.841
2012-05-05-08_04_12.970,277,2,18,1,-20.159,-78.718,1.442
2012-05-05-08_04_12.970,277,2,18,1,-20.235,-78.695,1.441
2012-05-05-08_04_12.971,277,2,18,1,-20.242,-78.694,1.441
2012-05-05-08_04_12.971,277,3,18,1,-29.181,-78.800,1.542
2012-05-05-08_04_12.972,277,3,18,1,-29.156,-78.701,1.841
2012-05-05-08_04_12.972,277,3,18,1,-29.257,-78.777,1.741
2012-05-05-08_04_12.973,277,4,18,1,-38.178,-78.802,1.242
2012-05-05-08_04_12.973,277,4,18,1,-38.153,-78.703,1.241
2012-05-05-08_04_12.974,277,4,18,1,-38.253,-78.779,1.241
2012-05-05-08_04_12.974,277,5,18,1,-47.196,-78.789,1.541
2012-05-05-08_04_12.975,277,5,18,1,-47.282,-78.765,1.541
2012-05-05-08_04_12.975,277,5,18,1,-47.253,-78.792,1.541
2012-05-05-08_04_12.976,277,6,18,1,-56.223,-78.863,1.542
2012-05-05-08_04_12.976,277,6,18,1,-56.198,-78.764,1.541
2012-05-05-08_04_12.977,277,6,18,1,-56.299,-78.840,1.541
2012-05-05-08_04_12.977,277,7,18,1,-65.193,-78.776,2.441
2012-05-05-08_04_12.978,277,7,18,1,-65.201,-78.775,2.441
2012-05-05-08_04_12.978,277,7,18,1,-65.178,-78.676,2.441
2012-05-05-08_04_12.979,277,0,19,0,2.265,-83.282,1.953
2012-05-05-08_04_12.979,277,0,19,0,2.292,-83.197,1.953
2012-05-05-08_04_12.980,277,0,19,0,2.187,-83.253,1.953
2012-05-05-08_04_12.981,277,1,19,0,-6.753,-83.290,1.953
2012-05-05-08_04_12.981,277,1,19,0,-6.831,-83.269,13.153
2012-05-05-08_04_12.982,277,1,19,0,-6.772,-83.212,1.853
2012-05-05-08_04_12.983,277,2,19,0,-15.700,-83.212,1.453
2012-05-05-08_04_12.983,277,2,19,0,-15.778,-83.183,1.453
2012-05-05-08_04_12.984,277,2,19,0,-15.721,-83.142,1.453
2012-05-05-08_04_12.984,277,3,19,0,-24.722,-83.294,1.853
2012-05-05-08_04_12.985,277,3,19,0,-24.695,-83.209,1.853
2012-05-05-08_04_12.985,277,3,19,0,-24.800,-83.265,1.853
2012-05-05-08_04_12.986,277,4,19,0,-33.719,-83.296,1.253
2012-05-05-08_04_12.986,277,4,19,0,-33.691,-83.211,1.153
2012-05-05-08_04_12.987,277,4,19,0,-33.797,-83.267,1.153
2012-05-05-08_04_12.987,277,5,19,0,-42.735,-83.296,1.753
2012-05-05-08_04_12.988,277,5,19,0,-42.684,-83.337,1.553
2012-05-05-08_04_12.988,277,5,19,0,-42.784,-83.312,1.653
2012-05-05-08_04_12.989,277,6,19,0,-51.764,-83.356,1.553
2012-05-05-08_04_12.989,277,6,19,0,-51.737,-83.271,1.553
2012-05-05-08_04_12.990,277,6,19,0,-51.686,-83.312,1.553
2012-05-05-08_04_12.990,277,7,19,0,-60.659,-83.293,2.353
2012-05-05-08_04_12.991,277,7,19,0,-60.737,-83.264,2.353
2012-05-05-08_04_12.991,277,7,19,0,-60.680,-83.223,2.453
2012-05-05-08_04_12.991,277,0,19,1,-2.195,-83.292,2.065
2012-05-05-08_04_12.992,277,0,19,1,-2.167,-83.196,2.065
2012-05-05-08_04_12.992,277,0,19,1,-2.270,-83.266,2.065
2012-05-05-08_04_12.993,277,1,19,1,-11.213,-83.290,1.865
2012-05-05-08_04_12.993,277,1,19,1,-11.342,-83.228,1.865
2012-05-05-08_04_12.994,277,1,19,1,-11.237,-83.211,1.865
2012-05-05-08_04_12.994,277,2,19,1,-20.160,-83.222,1.465
2012-05-05-08_04_12.995,277,2,19,1,-20.235,-83.196,1.465
2012-05-05-08_04_12.995,277,2,19,1,-20.242,-83.195,1.465
2012-05-05-08_04_12.996,277,3,19,1,-29.182,-83.304,1.565
2012-05-05-08_04_12.996,277,3,19,1,-29.154,-83.208,1.865
2012-05-05-08_04_12.997,277,3,19,1,-29.257,-83.278,1.865
2012-05-05-08_04_12.997,277,4,19,1,-38.178,-83.306,1.265
2012-05-05-08_04_12.997,277,4,19,1,-38.151,-83.210,1.165
2012-05-05-08_04_12.998,277,4,19,1,-38.254,-83.280,1.265
2012-05-05-08_04_12.999,277,5,19,1,-47.194,-83.296,1.565
2012-05-05-08_04_13.000,277,5,19,1,-47.285,-83.270,1.565
2012-05-05-08_04_13.001,277,5,19,1,-47.253,-83.298,1.565
2012-05-05-08_04_13.001,277,6,19,1,-56.224,-83.367,1.565
2012-05-05-08_04_13.002,277,6,19,1,-56.196,-83.271,1.565
2012-05-05-08_04_13.002,277,6,19,1,-56.299,-83.341,1.565
2012-05-05-08_04_13.003,277,7,19,1,-65.194,-83.277,2.365
2012-05-05-08_04_13.003,277,7,19,1,-65.201,-83.276,2.365
2012-05-05-08_04_13.004,277,7,19,1,-65.181,-83.181,2.465
2012-05-05-08_04_13.004,277,0,20,0,2.264,-87.783,1.978
2012-05-05-08_04_13.004,277,0,20,0,2.294,-87.696,1.978
2012-05-05-08_04_13.005,277,0,20,0,2.184,-87.754,1.978
2012-05-05-08_04_13.005,277,1,20,0,-6.754,-87.794,1.878
2012-05-05-08_04_13.006,277,1,20,0,-6.832,-87.768,1.878
2012-05-05-08_04_13.006,277,1,20,0,-6.773,-87.716,1.878
2012-05-05-08_04_13.007,277,2,20,0,-15.700,-87.713,1.478
2012-05-05-08_04_13.007,277,2,20,0,-15.781,-87.684,1.478
2012-05-05-08_04_13.008,277,2,20,0,-15.719,-87.640,1.478
2012-05-05-08_04_13.008,277,3,20,0,-24.722,-87.795,1.878
2012-05-05-08_04_13.009,277,3,20,0,-24.693,-87.709,1.878
2012-05-05-08_04_13.009,277,3,20,0,-24.803,-87.766,1.878
2012-05-05-08_04_13.010,277,4,20,0,-33.719,-87.797,1.178
2012-05-05-08_04_13.010,277,4,20,0,-33.689,-87.710,1.178
2012-05-05-08_04_13.011,277,4,20,0,-33.799,-87.768,1.178
2012-05-05-08_04_13.011,277,5,20,0,-42.733,-87.796,1.678
2012-05-05-08_04_13.012,277,5,20,0,-42.684,-87.836,1.478
2012-05-05-08_04_13.012,277,5,20,0,-42.782,-87.810,1.678
2012-05-05-08_04_13.013,277,6,20,0,-51.765,-87.858,1.578
2012-05-05-08_04_13.013,277,6,20,0,-51.735,-87.771,1.578
2012-05-05-08_04_13.014,277,6,20,0,-51.686,-87.811,1.578
2012-05-05-08_04_13.014,277,7,20,0,-60.659,-87.794,2.378
2012-05-05-08_04_13.015,277,7,20,0,-60.739,-87.765,2.378
2012-05-05-08_04_13.015,277,7,20,0,-60.678,-87.721,2.378
2012-05-05-08_04_13.016,277,0,20,1,-2.193,-87.791,1.987
2012-05-05-08_04_13.016,277,0,20,1,-2.276,-87.773,1.987
2012-05-05-08_04_13.017,277,0,20,1,-2.219,-87.710,1.987
2012-05-05-08_04_13.017,277,1,20,1,-11.294,-87.769,1.487
2012-05-05-08_04_13.019,277,2,20,1,-20.158,-87.721,1.487
2012-05-05-08_04_13.019,277,2,20,1,-20.241,-87.703,1.487
2012-05-05-08_04_13.020,277,3,20,1,-29.180,-87.803,1.587
2012-05-05-08_04_13.021,277,3,20,1,-29.263,-87.785,1.887
2012-05-05-08_04_13.021,277,3,20,1,-29.206,-87.723,1.887
2012-05-05-08_04_13.022,277,4,20,1,-38.176,-87.805,1.287
2012-05-05-08_04_13.022,277,4,20,1,-38.259,-87.787,1.287
2012-05-05-08_04_13.023,277,4,20,1,-38.203,-87.724,1.287
2012-05-05-08_04_13.023,277,5,20,1,-47.246,-87.810,1.587
2012-05-05-08_04_13.024,277,6,20,1,-56.222,-87.865,1.587
2012-05-05-08_04_13.025,277,6,20,1,-56.305,-87.847,1.587
2012-05-05-08_04_13.025,277,6,20,1,-56.148,-87.812,1.587
2012-05-05-08_04_13.025,277,7,20,1,-65.199,-87.784,2.387
2012-05-05-08_04_13.026,277,7,20,1,-65.143,-87.721,2.387
2012-05-05-08_04_13.026,277,0,21,0,2.266,-92.283,2.096
2012-05-05-08_04_13.027,277,0,21,0,2.294,-92.190,2.096
2012-05-05-08_04_13.027,277,0,21,0,2.186,-92.257,2.096
2012-05-05-08_04_13.028,277,1,21,0,-6.754,-92.295,1.896
2012-05-05-08_04_13.029,277,1,21,0,-6.830,-92.269,1.896
2012-05-05-08_04_13.029,277,1,21,0,-6.773,-92.210,1.896
2012-05-05-08_04_13.030,277,2,21,0,-15.698,-92.213,1.496
2012-05-05-08_04_13.030,277,2,21,0,-15.779,-92.187,1.396
2012-05-05-08_04_13.031,277,2,21,0,-15.717,-92.135,1.496
2012-05-05-08_04_13.031,277,3,21,0,-24.720,-92.295,1.896
2012-05-05-08_04_13.031,277,3,21,0,-24.693,-92.203,1.796
2012-05-05-08_04_13.032,277,3,21,0,-24.801,-92.269,1.796
2012-05-05-08_04_13.033,277,4,21,0,-33.717,-92.297,1.196
2012-05-05-08_04_13.034,277,4,21,0,-33.690,-92.204,1.196
2012-05-05-08_04_13.034,277,4,21,0,-33.797,-92.271,1.196
2012-05-05-08_04_13.035,277,5,21,0,-42.733,-92.290,1.796
2012-05-05-08_04_13.035,277,5,21,0,-42.682,-92.337,1.496
2012-05-05-08_04_13.036,277,5,21,0,-42.780,-92.305,1.796
2012-05-05-08_04_13.036,277,6,21,0,-51.762,-92.358,1.496
2012-05-05-08_04_13.037,277,6,21,0,-51.735,-92.265,1.496
2012-05-05-08_04_13.037,277,6,21,0,-51.684,-92.312,1.496
2012-05-05-08_04_13.038,277,7,21,0,-60.657,-92.294,2.396
2012-05-05-08_04_13.038,277,7,21,0,-60.737,-92.267,2.396
2012-05-05-08_04_13.039,277,7,21,0,-60.676,-92.216,2.396
2012-05-05-08_04_13.039,277,0,21,1,-2.191,-92.289,2.104
2012-05-05-08_04_13.040,277,0,21,1,-2.166,-92.190,2.104
2012-05-05-08_04_13.040,277,0,21,1,-2.266,-92.269,2.104
2012-05-05-08_04_13.041,277,1,21,1,-11.216,-92.296,2.004
2012-05-05-08_04_13.041,277,1,21,1,-11.340,-92.221,1.904
2012-05-05-08_04_13.041,277,1,21,1,-11.235,-92.210,2.004
2012-05-05-08_04_13.042,277,2,21,1,-20.156,-92.219,1.404
2012-05-05-08_04_13.043,277,2,21,1,-20.231,-92.199,1.404
2012-05-05-08_04_13.043,277,2,21,1,-20.238,-92.199,1.404
2012-05-05-08_04_13.044,277,3,21,1,-29.178,-92.301,1.604
2012-05-05-08_04_13.044,277,3,21,1,-29.153,-92.202,1.804
2012-05-05-08_04_13.045,277,3,21,1,-29.253,-92.282,1.804
2012-05-05-08_04_13.045,277,4,21,1,-38.174,-92.303,1.304
2012-05-05-08_04_13.045,277,4,21,1,-38.149,-92.204,1.204
2012-05-05-08_04_13.046,277,4,21,1,-38.250,-92.283,1.204
2012-05-05-08_04_13.046,277,5,21,1,-47.193,-92.289,1.604
2012-05-05-08_04_13.047,277,5,21,1,-47.281,-92.270,1.604
2012-05-05-08_04_13.048,277,5,21,1,-47.251,-92.291,1.604
2012-05-05-08_04_13.048,277,6,21,1,-56.220,-92.363,1.504
2012-05-05-08_04_13.049,277,6,21,1,-56.195,-92.264,1.504
2012-05-05-08_04_13.049,277,6,21,1,-56.295,-92.344,1.604
2012-05-05-08_04_13.049,277,7,21,1,-65.190,-92.280,2.104
2012-05-05-08_04_13.050,277,7,21,1,-65.197,-92.280,2.204
2012-05-05-08_04_13.050,277,7,21,1,-65.177,-92.181,2.404
2012-05-05-08_04_13.051,277,0,22,0,2.269,-96.780,2.016
2012-05-05-08_04_13.051,277,0,22,0,2.296,-96.691,2.016
2012-05-05-08_04_13.052,277,0,22,0,2.186,-96.757,6.016
2012-05-05-08_04_13.052,277,1,22,0,-6.757,-96.794,1.916
2012-05-05-08_04_13.053,277,1,22,0,-6.832,-96.775,1.816
2012-05-05-08_04_13.053,277,1,22,0,-6.776,-96.708,1.916
2012-05-05-08_04_13.054,277,2,22,0,-15.696,-96.710,1.316
2012-05-05-08_04_13.054,277,2,22,0,-15.779,-96.687,6.916
2012-05-05-08_04_13.055,277,2,22,0,-15.718,-96.640,1.316
2012-05-05-08_04_13.055,277,3,22,0,-24.718,-96.792,1.816
2012-05-05-08_04_13.056,277,3,22,0,-24.691,-96.703,1.816
2012-05-05-08_04_13.056,277,3,22,0,-24.801,-96.770,8.616
2012-05-05-08_04_13.057,277,4,22,0,-33.715,-96.794,1.116
2012-05-05-08_04_13.057,277,4,22,0,-33.688,-96.705,1.216
2012-05-05-08_04_13.057,277,4,22,0,-33.798,-96.771,2.516
2012-05-05-08_04_13.058,277,5,22,0,-42.731,-96.791,1.616
2012-05-05-08_04_13.058,277,5,22,0,-42.685,-96.843,1.516
2012-05-05-08_04_13.059,277,5,22,0,-42.780,-96.810,1.816
2012-05-05-08_04_13.059,277,6,22,0,-51.760,-96.855,1.516
2012-05-05-08_04_13.060,277,6,22,0,-51.733,-96.766,1.516
2012-05-05-08_04_13.061,277,6,22,0,-51.687,-96.817,1.516
2012-05-05-08_04_13.061,277,7,22,0,-60.655,-96.791,2.316
2012-05-05-08_04_13.062,277,7,22,0,-60.738,-96.768,10.416
2012-05-05-08_04_13.062,277,7,22,0,-60.677,-96.721,2.316
2012-05-05-08_04_13.063,277,0,22,1,-2.191,-96.787,2.125
2012-05-05-08_04_13.063,277,0,22,1,-2.168,-96.691,2.125
2012-05-05-08_04_13.063,277,0,22,1,-2.264,-96.768,2.025
2012-05-05-08_04_13.065,277,1,22,1,-11.214,-96.794,1.925
2012-05-05-08_04_13.066,277,1,22,1,-11.343,-96.723,1.925
2012-05-05-08_04_13.066,277,1,22,1,-11.235,-96.708,1.925
2012-05-05-08_04_13.067,277,2,22,1,-20.156,-96.717,1.425
2012-05-05-08_04_13.067,277,2,22,1,-20.229,-96.698,1.425
2012-05-05-08_04_13.068,277,2,22,1,-20.234,-96.697,1.425
2012-05-05-08_04_13.068,277,3,22,1,-29.178,-96.799,1.625
2012-05-05-08_04_13.069,277,3,22,1,-29.155,-96.703,1.825
2012-05-05-08_04_13.069,277,3,22,1,-29.251,-96.780,1.625
2012-05-05-08_04_13.070,277,4,22,1,-38.175,-96.801,1.225
2012-05-05-08_04_13.070,277,4,22,1,-38.152,-96.705,1.225
2012-05-05-08_04_13.071,277,4,22,1,-38.248,-96.782,1.225
2012-05-05-08_04_13.072,277,5,22,1,-47.196,-96.791,1.625
2012-05-05-08_04_13.073,277,5,22,1,-47.279,-96.768,1.525
2012-05-05-08_04_13.073,277,5,22,1,-47.249,-96.791,1.625
2012-05-05-08_04_13.074,277,6,22,1,-56.220,-96.861,1.525
2012-05-05-08_04_13.074,277,6,22,1,-56.197,-96.766,1.525
2012-05-05-08_04_13.075,277,6,22,1,-56.293,-96.842,1.525
2012-05-05-08_04_13.075,277,7,22,1,-65.188,-96.779,2.125
2012-05-05-08_04_13.076,277,7,22,1,-65.193,-96.778,2.125
2012-05-05-08_04_13.076,277,7,22,1,-65.175,-96.679,2.325
2012-05-05-08_04_13.077,277,0,23,0,2.268,-101.278,1.940
2012-05-05-08_04_13.077,277,0,23,0,2.293,-101.191,1.940
2012-05-05-08_04_13.078,277,0,23,0,2.188,-101.254,1.940
2012-05-05-08_04_13.078,277,1,23,0,-6.757,-101.289,1.840
2012-05-05-08_04_13.079,277,1,23,0,-6.830,-101.270,7.240
2012-05-05-08_04_13.079,277,1,23,0,-6.779,-101.205,1.840
2012-05-05-08_04_13.080,277,2,23,0,-15.697,-101.208,1.340
2012-05-05-08_04_13.080,277,2,23,0,-15.777,-101.184,1.240
2012-05-05-08_04_13.081,277,2,23,0,-15.716,-101.140,1.240
2012-05-05-08_04_13.081,277,3,23,0,-24.719,-101.290,1.740
2012-05-05-08_04_13.082,277,3,23,0,-24.694,-101.203,1.740
2012-05-05-08_04_13.082,277,3,23,0,-24.799,-101.266,1.840
2012-05-05-08_04_13.083,277,4,23,0,-33.715,-101.292,1.140
2012-05-05-08_04_13.083,277,4,23,0,-33.690,-101.205,1.140
2012-05-05-08_04_13.084,277,4,23,0,-33.796,-101.268,1.140
2012-05-05-08_04_13.084,277,5,23,0,-42.734,-101.291,1.440
2012-05-05-08_04_13.085,277,5,23,0,-42.683,-101.338,4.140
2012-05-05-08_04_13.085,277,5,23,0,-42.778,-101.310,1.540
2012-05-05-08_04_13.086,277,6,23,0,-51.761,-101.353,1.540
2012-05-05-08_04_13.086,277,6,23,0,-51.736,-101.265,1.540
2012-05-05-08_04_13.087,277,6,23,0,-51.685,-101.313,2.840
2012-05-05-08_04_13.087,277,7,23,0,-60.655,-101.289,2.240
2012-05-05-08_04_13.088,277,7,23,0,-60.736,-101.265,2.340
2012-05-05-08_04_13.088,277,7,23,0,-60.675,-101.221,2.240
2012-05-05-08_04_13.089,277,0,23,1,-2.179,-101.276,2.040
2012-05-05-08_04_13.089,277,0,23,1,-2.169,-101.190,2.040
2012-05-05-08_04_13.090,277,0,23,1,-2.260,-101.265,2.040
2012-05-05-08_04_13.090,277,1,23,1,-11.354,-101.307,1.940
2012-05-05-08_04_13.091,277,1,23,1,-11.343,-101.222,1.940
2012-05-05-08_04_13.091,277,1,23,1,-11.236,-101.204,1.941
2012-05-05-08_04_13.092,277,2,23,1,-20.144,-101.205,1.440
2012-05-05-08_04_13.092,277,2,23,1,-20.225,-101.195,1.440
2012-05-05-08_04_13.093,277,2,23,1,-20.232,-101.194,5.540
2012-05-05-08_04_13.093,277,3,23,1,-29.166,-101.288,1.640
2012-05-05-08_04_13.094,277,3,23,1,-29.156,-101.203,1.840
2012-05-05-08_04_13.094,277,3,23,1,-29.247,-101.277,1.840
2012-05-05-08_04_13.095,277,4,23,1,-38.163,-101.290,1.240
2012-05-05-08_04_13.095,277,4,23,1,-38.152,-101.204,1.240
2012-05-05-08_04_13.096,277,4,23,1,-38.243,-101.279,1.140
2012-05-05-08_04_13.096,277,5,23,1,-47.196,-101.290,1.540
2012-05-05-08_04_13.096,277,5,23,1,-47.277,-101.266,1.540
2012-05-05-08_04_13.097,277,5,23,1,-47.250,-101.291,1.541
2012-05-05-08_04_13.098,277,6,23,1,-56.208,-101.350,1.540
2012-05-05-08_04_13.099,277,6,23,1,-56.198,-101.265,1.540
2012-05-05-08_04_13.099,277,6,23,1,-56.289,-101.339,1.540
2012-05-05-08_04_13.100,277,7,23,1,-65.183,-101.276,2.140
2012-05-05-08_04_13.100,277,7,23,1,-65.191,-101.275,13.240
2012-05-05-08_04_13.101,277,7,23,1,-65.173,-101.176,2.140
