2012-05-06-01_16_51.989,471,0,0,0,2.259,2.220,3.397
2012-05-06-01_16_51.991,471,1,0,0,-6.747,2.204,2.796
2012-05-06-01_16_51.992,471,2,0,0,-15.738,2.300,2.497
2012-05-06-01_16_51.993,471,3,0,0,-24.792,2.205,2.897
2012-05-06-01_16_51.994,471,4,0,0,-33.779,2.230,1.997
2012-05-06-01_16_51.995,471,5,0,0,-42.794,2.167,2.697
2012-05-06-01_16_52.001,471,6,0,0,-51.793,2.164,2.497
2012-05-06-01_16_52.002,471,7,0,0,-60.715,2.246,3.297
2012-05-06-01_16_52.003,471,0,0,1,-2.183,2.212,3.596
2012-05-06-01_16_52.004,471,1,0,1,-11.204,2.206,3.096
2012-05-06-01_16_52.004,471,2,0,1,-20.180,2.293,2.496
2012-05-06-01_16_52.005,471,3,0,1,-29.235,2.197,10.896
2012-05-06-01_16_52.006,471,4,0,1,-38.188,2.223,2.296
2012-05-06-01_16_52.006,471,5,0,1,-47.237,2.160,24.896
2012-05-06-01_16_52.007,471,6,0,1,-56.235,2.156,25.696
2012-05-06-01_16_52.007,471,7,0,1,-65.157,2.239,25.796
2012-05-06-01_16_52.008,471,0,1,0,2.274,-2.279,3.612
2012-05-06-01_16_52.009,471,1,1,0,-6.745,-2.290,3.112
2012-05-06-01_16_52.009,471,2,1,0,-15.723,-2.199,2.612
2012-05-06-01_16_52.010,471,3,1,0,-24.778,-2.295,2.912
2012-05-06-01_16_52.010,471,4,1,0,-33.765,-2.270,2.012
2012-05-06-01_16_52.012,471,5,1,0,-42.780,-2.332,2.612
2012-05-06-01_16_52.013,471,6,1,0,-51.779,-2.336,2.612
2012-05-06-01_16_52.014,471,7,1,0,-60.700,-2.253,3.412
2012-05-06-01_16_52.015,471,0,1,1,-2.186,-2.289,3.620
2012-05-06-01_16_52.016,471,1,1,1,-11.202,-2.290,3.119
2012-05-06-01_16_52.017,471,2,1,1,-20.183,-2.209,2.620
2012-05-06-01_16_52.018,471,3,1,1,-29.238,-2.304,2.620
2012-05-06-01_16_52.019,471,4,1,1,-38.225,-2.279,2.020
2012-05-06-01_16_52.019,471,5,1,1,-47.239,-2.341,2.520
2012-05-06-01_16_52.020,471,6,1,1,-56.238,-2.345,2.620
2012-05-06-01_16_52.021,471,7,1,1,-65.160,-2.263,3.320
2012-05-06-01_16_52.022,471,0,2,0,2.271,-6.784,3.528
2012-05-06-01_16_52.022,471,1,2,0,-6.745,-6.788,3.228
2012-05-06-01_16_52.023,471,2,2,0,-15.726,-6.704,2.628
2012-05-06-01_16_52.024,471,3,2,0,-24.781,-6.799,2.928
2012-05-06-01_16_52.025,471,4,2,0,-33.768,-6.774,2.228
2012-05-06-01_16_52.026,471,5,2,0,-42.783,-6.837,2.828
2012-05-06-01_16_52.026,471,6,2,0,-51.781,-6.840,2.628
2012-05-06-01_16_52.027,471,7,2,0,-60.703,-6.758,3.528
2012-05-06-01_16_52.028,471,0,2,1,-2.186,-6.792,3.637
2012-05-06-01_16_52.029,471,1,2,1,-11.200,-6.787,3.137
2012-05-06-01_16_52.029,471,2,2,1,-20.184,-6.712,2.637
2012-05-06-01_16_52.030,471,3,2,1,-29.238,-6.807,2.937
2012-05-06-01_16_52.031,471,4,2,1,-38.225,-6.782,2.337
2012-05-06-01_16_52.031,471,5,2,1,-47.240,-6.845,2.637
2012-05-06-01_16_52.032,471,6,2,1,-56.239,-6.848,2.737
2012-05-06-01_16_52.033,471,7,2,1,-65.161,-6.766,3.437
2012-05-06-01_16_52.034,471,0,3,0,2.270,-11.282,3.547
2012-05-06-01_16_52.035,471,1,3,0,-6.741,-11.287,3.247
2012-05-06-01_16_52.036,471,2,3,0,-15.727,-11.202,2.547
2012-05-06-01_16_52.037,471,3,3,0,-24.781,-11.298,2.947
2012-05-06-01_16_52.038,471,4,3,0,-33.769,-11.273,2.347
2012-05-06-01_16_52.039,471,5,3,0,-42.783,-11.335,2.747
2012-05-06-01_16_52.040,471,6,3,0,-51.782,-11.339,2.747
2012-05-06-01_16_52.041,471,7,3,0,-60.704,-11.256,3.447
2012-05-06-01_16_52.041,471,0,3,1,-2.187,-11.289,3.659
2012-05-06-01_16_52.042,471,1,3,1,-11.200,-11.286,3.159
2012-05-06-01_16_52.044,471,2,3,1,-20.184,-11.209,2.659
2012-05-06-01_16_52.044,471,3,3,1,-29.239,-11.304,2.959
2012-05-06-01_16_52.045,471,4,3,1,-38.226,-11.279,2.459
2012-05-06-01_16_52.046,471,5,3,1,-47.240,-11.342,2.659
2012-05-06-01_16_52.047,471,6,3,1,-56.239,-11.345,2.659
2012-05-06-01_16_52.048,471,7,3,1,-65.161,-11.263,3.359
2012-05-06-01_16_52.049,471,0,4,0,2.267,-15.781,3.573
2012-05-06-01_16_52.049,471,1,4,0,-6.741,-15.794,3.173
2012-05-06-01_16_52.050,471,2,4,0,-15.730,-15.701,2.573
2012-05-06-01_16_52.054,471,3,4,0,-24.784,-15.797,2.973
2012-05-06-01_16_52.055,471,4,4,0,-33.771,-15.772,2.073
2012-05-06-01_16_52.056,471,5,4,0,-42.786,-15.834,2.573
2012-05-06-01_16_52.057,471,6,4,0,-51.785,-15.837,2.673
2012-05-06-01_16_52.058,471,7,4,0,-60.707,-15.755,3.373
2012-05-06-01_16_52.059,471,0,4,1,-2.187,-15.789,3.683
2012-05-06-01_16_52.060,471,1,4,1,-11.203,-15.793,3.182
2012-05-06-01_16_52.061,471,2,4,1,-20.184,-15.708,2.583
2012-05-06-01_16_52.062,471,3,4,1,-29.239,-15.804,2.983
2012-05-06-01_16_52.064,471,4,4,1,-38.226,-15.779,2.083
2012-05-06-01_16_52.065,471,5,4,1,-47.241,-15.841,2.483
2012-05-06-01_16_52.065,471,6,4,1,-56.239,-15.845,2.583
2012-05-06-01_16_52.066,471,7,4,1,-65.161,-15.762,3.383
2012-05-06-01_16_52.067,471,0,5,0,2.267,-20.279,3.592
2012-05-06-01_16_52.068,471,1,5,0,-6.742,-20.297,3.192
2012-05-06-01_16_52.069,471,2,5,0,-15.730,-20.199,2.592
2012-05-06-01_16_52.070,471,3,5,0,-24.785,-20.295,2.892
2012-05-06-01_16_52.071,471,4,5,0,-33.772,-20.270,2.192
2012-05-06-01_16_52.072,471,5,5,0,-42.786,-20.332,2.692
2012-05-06-01_16_52.073,471,6,5,0,-51.785,-20.335,2.692
2012-05-06-01_16_52.074,471,7,5,0,-60.707,-20.253,3.292
2012-05-06-01_16_52.076,471,0,5,1,-2.185,-20.288,3.700
2012-05-06-01_16_52.077,471,1,5,1,-11.206,-20.296,3.100
2012-05-06-01_16_52.077,471,2,5,1,-20.182,-20.207,2.600
2012-05-06-01_16_52.078,471,3,5,1,-29.237,-20.303,3.000
2012-05-06-01_16_52.079,471,4,5,1,-38.224,-20.278,2.100
2012-05-06-01_16_52.080,471,5,5,1,-47.239,-20.340,2.600
2012-05-06-01_16_52.081,471,6,5,1,-56.237,-20.344,2.700
2012-05-06-01_16_52.082,471,7,5,1,-65.159,-20.261,3.500
2012-05-06-01_16_52.083,471,0,6,0,2.269,-24.779,3.610
2012-05-06-01_16_52.084,471,1,6,0,-6.739,-24.791,3.210
2012-05-06-01_16_52.087,471,2,6,0,-15.728,-24.699,2.610
2012-05-06-01_16_52.088,471,3,6,0,-24.783,-24.795,3.010
2012-05-06-01_16_52.089,471,4,6,0,-33.770,-24.770,2.010
2012-05-06-01_16_52.090,471,5,6,0,-42.784,-24.832,2.610
2012-05-06-01_16_52.091,471,6,6,0,-51.783,-24.836,2.710
2012-05-06-01_16_52.092,471,7,6,0,-60.705,-24.753,3.510
2012-05-06-01_16_52.093,471,0,6,1,-2.183,-24.789,3.722
2012-05-06-01_16_52.094,471,1,6,1,-11.209,-24.790,3.222
2012-05-06-01_16_52.095,471,2,6,1,-20.180,-24.709,2.622
2012-05-06-01_16_52.096,471,3,6,1,-29.235,-24.805,3.022
2012-05-06-01_16_52.099,471,4,6,1,-38.222,-24.780,2.122
2012-05-06-01_16_52.100,471,5,6,1,-47.237,-24.842,2.722
2012-05-06-01_16_52.101,471,6,6,1,-56.235,-24.846,2.822
2012-05-06-01_16_52.102,471,7,6,1,-65.157,-24.763,3.422
2012-05-06-01_16_52.103,471,0,7,0,2.269,-29.284,3.635
2012-05-06-01_16_52.104,471,1,7,0,-6.742,-29.287,3.135
2012-05-06-01_16_52.105,471,2,7,0,-15.728,-29.204,2.735
2012-05-06-01_16_52.107,471,3,7,0,-24.783,-29.299,2.935
2012-05-06-01_16_52.108,471,4,7,0,-33.770,-29.274,2.435
2012-05-06-01_16_52.109,471,5,7,0,-42.785,-29.336,2.735
2012-05-06-01_16_52.110,471,6,7,0,-51.784,-29.340,2.735
2012-05-06-01_16_52.111,471,7,7,0,-60.705,-29.258,3.435
2012-05-06-01_16_52.112,471,0,7,1,-2.181,-29.291,3.745
2012-05-06-01_16_52.113,471,1,7,1,-11.212,-29.287,3.245
2012-05-06-01_16_52.114,471,2,7,1,-20.178,-29.211,2.645
2012-05-06-01_16_52.115,471,3,7,1,-29.233,-29.306,2.745
2012-05-06-01_16_52.116,471,4,7,1,-38.220,-29.281,25.345
2012-05-06-01_16_52.117,471,5,7,1,-47.235,-29.344,2.745
2012-05-06-01_16_52.118,471,6,7,1,-56.233,-29.347,2.745
2012-05-06-01_16_52.123,471,7,7,1,-65.185,-29.281,3.544
2012-05-06-01_16_52.124,471,0,8,0,2.273,-33.782,3.654
2012-05-06-01_16_52.125,471,1,8,0,-6.745,-33.785,3.254
2012-05-06-01_16_52.126,471,2,8,0,-15.724,-33.702,2.654
2012-05-06-01_16_52.127,471,3,8,0,-24.779,-33.797,2.954
2012-05-06-01_16_52.128,471,4,8,0,-33.766,-33.772,2.454
2012-05-06-01_16_52.129,471,5,8,0,-42.780,-33.834,2.754
2012-05-06-01_16_52.130,471,6,8,0,-51.779,-33.838,2.754
2012-05-06-01_16_52.131,471,7,8,0,-60.701,-33.756,3.654
2012-05-06-01_16_52.132,471,0,8,1,-2.182,-33.788,3.763
2012-05-06-01_16_52.133,471,1,8,1,-11.210,-33.785,3.263
2012-05-06-01_16_52.134,471,2,8,1,-20.179,-33.707,2.663
2012-05-06-01_16_52.135,471,3,8,1,-29.233,-33.803,3.063
2012-05-06-01_16_52.136,471,4,8,1,-38.221,-33.778,2.463
2012-05-06-01_16_52.137,471,5,8,1,-47.235,-33.840,2.863
2012-05-06-01_16_52.138,471,6,8,1,-56.234,-33.844,2.863
2012-05-06-01_16_52.139,471,7,8,1,-65.156,-33.761,3.463
2012-05-06-01_16_52.140,471,0,9,0,2.273,-38.281,3.672
2012-05-06-01_16_52.141,471,1,9,0,-6.746,-38.293,3.272
2012-05-06-01_16_52.142,471,2,9,0,-15.724,-38.201,2.772
2012-05-06-01_16_52.143,471,3,9,0,-24.779,-38.297,3.072
2012-05-06-01_16_52.144,471,4,9,0,-33.766,-38.272,2.372
2012-05-06-01_16_52.145,471,5,9,0,-42.781,-38.334,2.672
2012-05-06-01_16_52.146,471,6,9,0,-51.779,-38.337,2.772
2012-05-06-01_16_52.148,471,7,9,0,-60.701,-38.255,3.472
2012-05-06-01_16_52.148,471,0,9,1,-2.185,-38.288,3.685
2012-05-06-01_16_52.149,471,1,9,1,-11.210,-38.293,3.185
2012-05-06-01_16_52.150,471,2,9,1,-20.182,-38.208,2.785
2012-05-06-01_16_52.151,471,3,9,1,-29.236,-38.304,2.985
2012-05-06-01_16_52.152,471,4,9,1,-38.223,-38.279,2.185
2012-05-06-01_16_52.153,471,5,9,1,-47.238,-38.341,2.685
2012-05-06-01_16_52.154,471,6,9,1,-56.237,-38.344,2.885
2012-05-06-01_16_52.156,471,7,9,1,-65.159,-38.262,3.585
2012-05-06-01_16_52.157,471,0,10,0,2.275,-42.780,3.598
2012-05-06-01_16_52.158,471,1,10,0,-6.751,-42.795,3.298
2012-05-06-01_16_52.159,471,2,10,0,-15.722,-42.700,2.798
2012-05-06-01_16_52.159,471,3,10,0,-24.777,-42.795,2.998
2012-05-06-01_16_52.160,471,4,10,0,-33.764,-42.770,2.298
2012-05-06-01_16_52.161,471,5,10,0,-42.779,-42.833,2.798
2012-05-06-01_16_52.162,471,6,10,0,-51.777,-42.836,2.798
2012-05-06-01_16_52.163,471,7,10,0,-60.699,-42.754,3.598
2012-05-06-01_16_52.164,471,0,10,1,-2.185,-42.788,3.808
2012-05-06-01_16_52.167,471,1,10,1,-11.211,-42.795,3.208
2012-05-06-01_16_52.167,471,2,10,1,-20.182,-42.707,2.708
2012-05-06-01_16_52.168,471,3,10,1,-29.237,-42.803,3.108
2012-05-06-01_16_52.169,471,4,10,1,-38.224,-42.778,2.408
2012-05-06-01_16_52.169,471,5,10,1,-47.238,-42.840,2.808
2012-05-06-01_16_52.170,471,6,10,1,-56.237,-42.844,2.908
2012-05-06-01_16_52.171,471,7,10,1,-65.159,-42.761,3.508
2012-05-06-01_16_52.172,471,0,11,0,2.277,-47.279,3.617
2012-05-06-01_16_52.173,471,1,11,0,-6.749,-47.291,3.317
2012-05-06-01_16_52.174,471,2,11,0,-15.720,-47.199,2.717
2012-05-06-01_16_52.175,471,3,11,0,-24.775,-47.295,3.117
2012-05-06-01_16_52.176,471,4,11,0,-33.762,-47.270,2.417
2012-05-06-01_16_52.177,471,5,11,0,-42.777,-47.332,2.717
2012-05-06-01_16_52.178,471,6,11,0,-51.775,-47.336,2.917
2012-05-06-01_16_52.179,471,7,11,0,-60.697,-47.253,3.517
2012-05-06-01_16_52.179,471,0,11,1,-2.188,-47.289,3.826
2012-05-06-01_16_52.180,471,1,11,1,-11.211,-47.290,3.326
2012-05-06-01_16_52.181,471,2,11,1,-20.185,-47.209,2.726
2012-05-06-01_16_52.184,471,3,11,1,-29.240,-47.305,2.826
2012-05-06-01_16_52.186,471,4,11,1,-38.227,-47.280,2.526
2012-05-06-01_16_52.187,471,5,11,1,-47.241,-47.342,2.826
2012-05-06-01_16_52.188,471,6,11,1,-56.240,-47.346,2.926
2012-05-06-01_16_52.189,471,7,11,1,-65.162,-47.263,3.526
2012-05-06-01_16_52.190,471,0,12,0,2.276,-51.784,3.636
2012-05-06-01_16_52.191,471,1,12,0,-6.752,-51.788,3.336
2012-05-06-01_16_52.192,471,2,12,0,-15.721,-51.704,2.736
2012-05-06-01_16_52.193,471,3,12,0,-24.776,-51.799,3.036
2012-05-06-01_16_52.194,471,4,12,0,-33.763,-51.774,2.236
2012-05-06-01_16_52.194,471,5,12,0,-42.777,-51.837,2.836
2012-05-06-01_16_52.195,471,6,12,0,-51.776,-51.840,2.836
2012-05-06-01_16_52.196,471,7,12,0,-60.698,-51.758,3.636
2012-05-06-01_16_52.198,471,0,12,1,-2.188,-51.792,3.850
2012-05-06-01_16_52.199,471,1,12,1,-11.211,-51.788,3.349
2012-05-06-01_16_52.200,471,2,12,1,-20.185,-51.712,2.750
2012-05-06-01_16_52.201,471,3,12,1,-29.240,-51.808,3.150
2012-05-06-01_16_52.202,471,4,12,1,-38.227,-51.783,2.450
2012-05-06-01_16_52.203,471,5,12,1,-47.242,-51.845,2.850
2012-05-06-01_16_52.204,471,6,12,1,-56.240,-51.848,3.050
2012-05-06-01_16_52.207,471,7,12,1,-65.162,-51.766,3.650
2012-05-06-01_16_52.208,471,0,13,0,2.276,-56.282,3.762
2012-05-06-01_16_52.209,471,1,13,0,-6.755,-56.286,8.562
2012-05-06-01_16_52.209,471,2,13,0,-15.721,-56.202,2.762
2012-05-06-01_16_52.210,471,3,13,0,-24.776,-56.297,3.062
2012-05-06-01_16_52.212,471,4,13,0,-33.763,-56.272,2.362
2012-05-06-01_16_52.212,471,5,13,0,-42.778,-56.335,2.762
2012-05-06-01_16_52.213,471,6,13,0,-51.776,-56.338,2.862
2012-05-06-01_16_52.214,471,7,13,0,-60.698,-56.256,3.462
2012-05-06-01_16_52.215,471,0,13,1,-2.191,-56.288,3.872
2012-05-06-01_16_52.216,471,1,13,1,-11.209,-56.286,3.371
2012-05-06-01_16_52.217,471,2,13,1,-20.188,-56.208,2.772
2012-05-06-01_16_52.218,471,3,13,1,-29.243,-56.303,2.972
2012-05-06-01_16_52.220,471,4,13,1,-38.230,-56.278,2.372
2012-05-06-01_16_52.221,471,5,13,1,-47.245,-56.341,2.872
2012-05-06-01_16_52.222,471,6,13,1,-56.243,-56.344,2.872
2012-05-06-01_16_52.222,471,7,13,1,-65.165,-56.262,3.672
2012-05-06-01_16_52.223,471,0,14,0,2.275,-60.782,3.779
2012-05-06-01_16_52.224,471,1,14,0,-6.753,-60.794,3.279
2012-05-06-01_16_52.225,471,2,14,0,-15.722,-60.702,2.679
2012-05-06-01_16_52.226,471,3,14,0,-24.776,-60.797,3.079
2012-05-06-01_16_52.227,471,4,14,0,-33.763,-60.772,2.579
2012-05-06-01_16_52.228,471,5,14,0,-42.778,-60.834,2.779
2012-05-06-01_16_52.229,471,6,14,0,-51.777,-60.838,2.879
2012-05-06-01_16_52.230,471,7,14,0,-60.699,-60.756,3.779
2012-05-06-01_16_52.231,471,0,14,1,-2.194,-60.788,3.788
2012-05-06-01_16_52.232,471,1,14,1,-11.207,-60.793,3.388
2012-05-06-01_16_52.234,471,2,14,1,-20.191,-60.708,2.788
2012-05-06-01_16_52.234,471,3,14,1,-29.246,-60.804,2.988
2012-05-06-01_16_52.236,471,4,14,1,-38.233,-60.779,2.588
2012-05-06-01_16_52.236,471,5,14,1,-47.247,-60.841,2.888
2012-05-06-01_16_52.238,471,6,14,1,-56.246,-60.844,2.988
2012-05-06-01_16_52.238,471,7,14,1,-65.168,-60.762,3.688
2012-05-06-01_16_52.239,471,0,15,0,2.270,-65.281,3.797
2012-05-06-01_16_52.240,471,1,15,0,-6.753,-65.297,3.397
2012-05-06-01_16_52.241,471,2,15,0,-15.727,-65.200,2.797
2012-05-06-01_16_52.242,471,3,15,0,-24.782,-65.296,3.097
2012-05-06-01_16_52.243,471,4,15,0,-33.769,-65.271,2.597
2012-05-06-01_16_52.244,471,5,15,0,-42.783,-65.333,2.697
2012-05-06-01_16_52.244,471,6,15,0,-51.782,-65.337,2.897
2012-05-06-01_16_52.247,471,7,15,0,-60.704,-65.254,3.497
2012-05-06-01_16_52.248,471,0,15,1,-2.194,-65.288,3.810
2012-05-06-01_16_52.249,471,1,15,1,-11.208,-65.296,3.410
2012-05-06-01_16_52.250,471,2,15,1,-20.191,-65.207,2.810
2012-05-06-01_16_52.251,471,3,15,1,-29.246,-65.303,2.910
2012-05-06-01_16_52.252,471,4,15,1,-38.233,-65.278,2.510
2012-05-06-01_16_52.252,471,5,15,1,-47.248,-65.340,2.810
2012-05-06-01_16_52.254,471,6,15,1,-56.247,-65.344,2.910
2012-05-06-01_16_52.254,471,7,15,1,-65.168,-65.261,3.610
2012-05-06-01_16_52.255,471,0,16,0,2.270,-69.779,3.822
2012-05-06-01_16_52.256,471,1,16,0,-6.751,-69.790,3.422
2012-05-06-01_16_52.256,471,2,16,0,-15.727,-69.699,2.822
2012-05-06-01_16_52.257,471,3,16,0,-24.782,-69.795,3.122
2012-05-06-01_16_52.258,471,4,16,0,-33.769,-69.770,2.322
2012-05-06-01_16_52.259,471,5,16,0,-42.784,-69.832,2.822
2012-05-06-01_16_52.260,471,6,16,0,-51.782,-69.836,2.822
2012-05-06-01_16_52.260,471,7,16,0,-60.704,-69.753,3.622
2012-05-06-01_16_52.261,471,0,16,1,-2.195,-69.789,3.834
2012-05-06-01_16_52.263,471,1,16,1,-11.208,-69.790,3.334
2012-05-06-01_16_52.264,471,2,16,1,-20.192,-69.708,2.834
2012-05-06-01_16_52.265,471,3,16,1,-29.247,-69.804,3.134
2012-05-06-01_16_52.266,471,4,16,1,-38.234,-69.779,2.534
2012-05-06-01_16_52.267,471,5,16,1,-47.248,-69.841,2.734
2012-05-06-01_16_52.267,471,6,16,1,-56.247,-69.845,2.934
2012-05-06-01_16_52.268,471,7,16,1,-65.169,-69.762,3.634
2012-05-06-01_16_52.269,471,0,17,0,2.267,-74.283,3.842
2012-05-06-01_16_52.270,471,1,17,0,-6.749,-74.288,3.442
2012-05-06-01_16_52.271,471,2,17,0,-15.730,-74.203,2.842
2012-05-06-01_16_52.272,471,3,17,0,-24.785,-74.299,3.142
2012-05-06-01_16_52.273,471,4,17,0,-33.772,-74.274,2.342
2012-05-06-01_16_52.274,471,5,17,0,-42.787,-74.336,2.842
2012-05-06-01_16_52.275,471,6,17,0,-51.785,-74.340,2.842
2012-05-06-01_16_52.276,471,7,17,0,-60.707,-74.257,3.642
2012-05-06-01_16_52.276,471,0,17,1,-2.193,-74.291,3.852
2012-05-06-01_16_52.277,471,1,17,1,-11.211,-74.287,3.351
2012-05-06-01_16_52.278,471,2,17,1,-20.190,-74.211,2.852
2012-05-06-01_16_52.279,471,3,17,1,-29.245,-74.306,3.052
2012-05-06-01_16_52.280,471,4,17,1,-38.232,-74.281,2.352
2012-05-06-01_16_52.281,471,5,17,1,-47.246,-74.344,2.852
2012-05-06-01_16_52.282,471,6,17,1,-56.245,-74.347,2.852
2012-05-06-01_16_52.283,471,7,17,1,-65.167,-74.265,3.752
2012-05-06-01_16_52.284,471,0,18,0,2.264,-78.782,3.762
2012-05-06-01_16_52.285,471,1,18,0,-6.747,-78.785,3.362
2012-05-06-01_16_52.286,471,2,18,0,-15.733,-78.702,2.862
2012-05-06-01_16_52.286,471,3,18,0,-24.788,-78.797,3.162
2012-05-06-01_16_52.287,471,4,18,0,-33.775,-78.772,2.462
2012-05-06-01_16_52.288,471,5,18,0,-42.789,-78.834,2.862
2012-05-06-01_16_52.289,471,6,18,0,-51.788,-78.838,2.862
2012-05-06-01_16_52.290,471,7,18,0,-60.710,-78.756,3.762
2012-05-06-01_16_52.291,471,0,18,1,-2.193,-78.789,3.874
2012-05-06-01_16_52.292,471,1,18,1,-11.214,-78.785,3.374
2012-05-06-01_16_52.293,471,2,18,1,-20.190,-78.708,2.874
2012-05-06-01_16_52.294,471,3,18,1,-29.245,-78.804,3.174
2012-05-06-01_16_52.295,471,4,18,1,-38.232,-78.779,2.274
2012-05-06-01_16_52.297,471,5,18,1,-47.247,-78.841,2.874
2012-05-06-01_16_52.298,471,6,18,1,-56.245,-78.845,2.974
2012-05-06-01_16_52.299,471,7,18,1,-65.167,-78.762,3.674
2012-05-06-01_16_52.299,471,0,19,0,2.261,-83.282,3.786
2012-05-06-01_16_52.300,471,1,19,0,-6.747,-83.293,3.387
2012-05-06-01_16_52.301,471,2,19,0,-15.736,-83.202,2.886
2012-05-06-01_16_52.304,471,3,19,0,-24.791,-83.297,3.186
2012-05-06-01_16_52.305,471,4,19,0,-33.778,-83.272,2.286
2012-05-06-01_16_52.306,471,5,19,0,-42.792,-83.334,2.886
2012-05-06-01_16_52.306,471,6,19,0,-51.791,-83.338,2.986
2012-05-06-01_16_52.307,471,7,19,0,-60.713,-83.256,3.586
2012-05-06-01_16_52.308,471,0,19,1,-2.191,-83.288,3.897
2012-05-06-01_16_52.309,471,1,19,1,-11.214,-83.292,3.397
2012-05-06-01_16_52.310,471,2,19,1,-20.188,-83.208,2.897
2012-05-06-01_16_52.311,471,3,19,1,-29.243,-83.303,2.997
2012-05-06-01_16_52.312,471,4,19,1,-38.230,-83.278,2.597
2012-05-06-01_16_52.313,471,5,19,1,-47.245,-83.341,2.997
2012-05-06-01_16_52.314,471,6,19,1,-56.243,-83.344,2.997
2012-05-06-01_16_52.315,471,7,19,1,-65.165,-83.262,3.797
2012-05-06-01_16_52.316,471,0,20,0,2.266,-87.780,3.905
2012-05-06-01_16_52.317,471,1,20,0,-6.750,-87.796,3.405
2012-05-06-01_16_52.317,471,2,20,0,-15.732,-87.700,2.905
2012-05-06-01_16_52.318,471,3,20,0,-24.786,-87.795,3.205
2012-05-06-01_16_52.319,471,4,20,0,-33.773,-87.770,2.505
2012-05-06-01_16_52.320,471,5,20,0,-42.788,-87.833,2.905
2012-05-06-01_16_52.321,471,6,20,0,-51.787,-87.836,2.905
2012-05-06-01_16_52.323,471,7,20,0,-60.709,-87.754,3.805
2012-05-06-01_16_52.324,471,0,20,1,-2.192,-87.788,3.914
2012-05-06-01_16_52.325,471,1,20,1,-11.212,-87.796,3.414
2012-05-06-01_16_52.326,471,2,20,1,-20.189,-87.708,2.914
2012-05-06-01_16_52.328,471,3,20,1,-29.243,-87.804,3.314
2012-05-06-01_16_52.329,471,4,20,1,-38.230,-87.779,2.614
2012-05-06-01_16_52.330,471,5,20,1,-47.245,-87.841,3.014
2012-05-06-01_16_52.330,471,6,20,1,-56.244,-87.845,3.014
2012-05-06-01_16_52.331,471,7,20,1,-65.166,-87.762,3.814
2012-05-06-01_16_52.332,471,0,21,0,2.265,-92.279,3.924
2012-05-06-01_16_52.334,471,1,21,0,-6.751,-92.291,3.424
2012-05-06-01_16_52.335,471,2,21,0,-15.732,-92.199,2.924
2012-05-06-01_16_52.336,471,3,21,0,-24.787,-92.295,3.224
2012-05-06-01_16_52.337,471,4,21,0,-33.774,-92.270,2.524
2012-05-06-01_16_52.338,471,5,21,0,-42.788,-92.332,3.024
2012-05-06-01_16_52.339,471,6,21,0,-51.787,-92.336,2.924
2012-05-06-01_16_52.339,471,7,21,0,-60.709,-92.253,3.624
2012-05-06-01_16_52.340,471,0,21,1,-2.192,-92.290,3.937
2012-05-06-01_16_52.341,471,1,21,1,-11.213,-92.291,3.437
2012-05-06-01_16_52.342,471,2,21,1,-20.189,-92.210,2.937
2012-05-06-01_16_52.343,471,3,21,1,-29.244,-92.305,2.937
2012-05-06-01_16_52.344,471,4,21,1,-38.231,-92.280,2.437
2012-05-06-01_16_52.344,471,5,21,1,-47.246,-92.342,3.037
2012-05-06-01_16_52.346,471,6,21,1,-56.244,-92.346,3.037
2012-05-06-01_16_52.347,471,7,21,1,-65.166,-92.264,3.737
2012-05-06-01_16_52.348,471,0,22,0,2.267,-96.783,3.950
2012-05-06-01_16_52.348,471,1,22,0,-6.754,-96.789,3.450
2012-05-06-01_16_52.349,471,2,22,0,-15.730,-96.703,2.950
2012-05-06-01_16_52.350,471,3,22,0,-24.785,-96.799,3.250
2012-05-06-01_16_52.351,471,4,22,0,-33.772,-96.774,2.550
2012-05-06-01_16_52.351,471,5,22,0,-42.786,-96.836,2.950
2012-05-06-01_16_52.352,471,6,22,0,-51.785,-96.840,3.050
2012-05-06-01_16_52.353,471,7,22,0,-60.707,-96.757,3.750
2012-05-06-01_16_52.354,471,0,22,1,-2.192,-96.793,3.958
2012-05-06-01_16_52.355,471,1,22,1,-11.213,-96.789,3.458
2012-05-06-01_16_52.356,471,2,22,1,-20.190,-96.713,2.958
2012-05-06-01_16_52.357,471,3,22,1,-29.244,-96.808,3.058
2012-05-06-01_16_52.358,471,4,22,1,-38.231,-96.783,2.658
2012-05-06-01_16_52.358,471,5,22,1,-47.246,-96.845,2.958
2012-05-06-01_16_52.359,471,6,22,1,-56.245,-96.849,3.058
2012-05-06-01_16_52.362,471,7,22,1,-65.167,-96.766,3.858
2012-05-06-01_16_52.363,471,0,23,0,2.267,-101.281,3.968
2012-05-06-01_16_52.364,471,1,23,0,-6.754,-101.287,3.468
2012-05-06-01_16_52.365,471,2,23,0,-15.730,-101.201,2.968
2012-05-06-01_16_52.366,471,3,23,0,-24.785,-101.297,3.268
2012-05-06-01_16_52.367,471,4,23,0,-33.772,-101.272,2.668
2012-05-06-01_16_52.368,471,5,23,0,-42.787,-101.334,2.968
2012-05-06-01_16_52.368,471,6,23,0,-51.785,-101.338,2.868
2012-05-06-01_16_52.369,471,7,23,0,-60.707,-101.255,3.568
2012-05-06-01_16_52.370,471,0,23,1,-2.181,-101.280,3.968
2012-05-06-01_16_52.370,471,1,23,1,-11.211,-101.287,3.568
2012-05-06-01_16_52.371,471,2,23,1,-20.178,-101.200,2.968
2012-05-06-01_16_52.372,471,3,23,1,-29.232,-101.295,3.068
2012-05-06-01_16_52.373,471,4,23,1,-38.219,-101.270,2.568
2012-05-06-01_16_52.374,471,5,23,1,-47.234,-101.332,2.968
2012-05-06-01_16_52.375,471,6,23,1,-56.233,-101.336,3.068
2012-05-06-01_16_52.376,471,7,23,1,-65.155,-101.254,3.768
