2012-05-04-21_20_59.686,108,0,0,0,2.256,2.217,1.665
2012-05-04-21_20_59.725,108,0,0,0,2.293,2.304,1.665
2012-05-04-21_20_59.726,108,0,0,0,2.193,2.246,1.564
2012-05-04-21_20_59.727,108,1,0,0,-6.752,2.208,2.265
2012-05-04-21_20_59.728,108,1,0,0,-6.830,2.234,2.164
2012-05-04-21_20_59.728,108,1,0,0,-6.771,2.286,2.264
2012-05-04-21_20_59.729,108,2,0,0,-15.709,2.287,1.765
2012-05-04-21_20_59.730,108,2,0,0,-15.772,2.316,1.764
2012-05-04-21_20_59.731,108,2,0,0,-15.713,2.361,1.764
2012-05-04-21_20_59.731,108,3,0,0,-24.731,2.205,2.865
2012-05-04-21_20_59.732,108,3,0,0,-24.694,2.292,2.865
2012-05-04-21_20_59.733,108,3,0,0,-24.794,2.234,2.864
2012-05-04-21_20_59.734,108,4,0,0,-33.728,2.203,1.865
2012-05-04-21_20_59.734,108,4,0,0,-33.690,2.290,1.865
2012-05-04-21_20_59.735,108,4,0,0,-33.791,2.232,1.764
2012-05-04-21_20_59.736,108,5,0,0,-42.734,2.204,2.165
2012-05-04-21_20_59.736,108,5,0,0,-42.683,2.166,2.164
2012-05-04-21_20_59.737,108,5,0,0,-42.776,2.191,2.164
2012-05-04-21_20_59.738,108,6,0,0,-51.773,2.143,1.465
2012-05-04-21_20_59.739,108,6,0,0,-51.736,2.230,1.565
2012-05-04-21_20_59.739,108,6,0,0,-51.836,2.171,1.464
2012-05-04-21_20_59.740,108,7,0,0,-60.668,2.206,2.465
2012-05-04-21_20_59.741,108,7,0,0,-60.731,2.235,2.464
2012-05-04-21_20_59.741,108,7,0,0,-60.672,2.280,2.364
2012-05-04-21_20_59.743,108,0,0,1,-2.192,2.209,2.365
2012-05-04-21_20_59.744,108,0,0,1,-2.167,2.304,2.365
2012-05-04-21_20_59.745,108,0,0,1,-2.260,2.231,2.265
2012-05-04-21_20_59.746,108,1,0,1,-11.207,2.207,2.565
2012-05-04-21_20_59.746,108,1,0,1,-11.341,2.273,2.465
2012-05-04-21_20_59.747,108,1,0,1,-11.229,2.286,2.465
2012-05-04-21_20_59.748,108,2,0,1,-20.157,2.279,1.865
2012-05-04-21_20_59.749,108,2,0,1,-20.225,2.301,1.965
2012-05-04-21_20_59.749,108,2,0,1,-20.232,2.302,1.965
2012-05-04-21_20_59.750,108,3,0,1,-29.179,2.197,2.665
2012-05-04-21_20_59.752,108,3,0,1,-29.153,2.292,2.765
2012-05-04-21_20_59.753,108,3,0,1,-29.247,2.219,2.665
2012-05-04-21_20_59.753,108,4,0,1,-38.175,2.195,2.265
2012-05-04-21_20_59.754,108,4,0,1,-38.150,2.290,2.265
2012-05-04-21_20_59.755,108,4,0,1,-38.243,2.217,2.365
2012-05-04-21_20_59.756,108,5,0,1,-47.194,2.205,1.265
2012-05-04-21_20_59.756,108,5,0,1,-47.274,2.227,1.265
2012-05-04-21_20_59.757,108,5,0,1,-47.247,2.202,1.265
2012-05-04-21_20_59.758,108,6,0,1,-56.221,2.134,2.365
2012-05-04-21_20_59.758,108,6,0,1,-56.196,2.230,2.365
2012-05-04-21_20_59.759,108,6,0,1,-56.289,2.156,2.365
2012-05-04-21_20_59.760,108,7,0,1,-65.183,2.220,1.365
2012-05-04-21_20_59.761,108,7,0,1,-65.191,2.221,1.465
2012-05-04-21_20_59.762,108,7,0,1,-65.171,2.316,1.465
2012-05-04-21_20_59.762,108,0,1,0,2.270,-2.283,1.578
2012-05-04-21_20_59.765,108,0,1,0,2.295,-2.190,1.578
2012-05-04-21_20_59.765,108,0,1,0,2.195,-2.258,1.478
2012-05-04-21_20_59.766,108,1,1,0,-6.750,-2.295,1.578
2012-05-04-21_20_59.767,108,1,1,0,-6.828,-2.268,1.578
2012-05-04-21_20_59.767,108,1,1,0,-6.772,-2.209,1.578
2012-05-04-21_20_59.768,108,2,1,0,-15.695,-2.213,1.378
2012-05-04-21_20_59.769,108,2,1,0,-15.770,-2.188,1.478
2012-05-04-21_20_59.770,108,2,1,0,-15.746,-2.198,1.478
2012-05-04-21_20_59.771,108,3,1,0,-24.717,-2.295,1.378
2012-05-04-21_20_59.771,108,3,1,0,-24.692,-2.202,1.278
2012-05-04-21_20_59.772,108,3,1,0,-24.792,-2.270,1.378
2012-05-04-21_20_59.774,108,4,1,0,-33.713,-2.297,0.578
2012-05-04-21_20_59.775,108,4,1,0,-33.688,-2.204,0.578
2012-05-04-21_20_59.775,108,4,1,0,-33.789,-2.272,0.478
2012-05-04-21_20_59.785,108,5,1,0,-42.732,-2.289,1.478
2012-05-04-21_20_59.785,108,5,1,0,-42.681,-2.336,1.478
2012-05-04-21_20_59.786,108,5,1,0,-42.776,-2.303,1.478
2012-05-04-21_20_59.787,108,6,1,0,-51.759,-2.357,0.878
2012-05-04-21_20_59.788,108,6,1,0,-51.734,-2.264,0.878
2012-05-04-21_20_59.790,108,6,1,0,-51.834,-2.333,0.878
2012-05-04-21_20_59.790,108,7,1,0,-60.654,-2.293,1.578
2012-05-04-21_20_59.791,108,7,1,0,-60.729,-2.269,1.478
2012-05-04-21_20_59.792,108,7,1,0,-60.672,-2.214,1.478
2012-05-04-21_20_59.792,108,0,1,1,-2.192,-2.290,1.788
2012-05-04-21_20_59.793,108,0,1,1,-2.164,-2.189,1.788
2012-05-04-21_20_59.794,108,0,1,1,-2.263,-2.271,1.888
2012-05-04-21_20_59.794,108,1,1,1,-11.205,-2.295,0.988
2012-05-04-21_20_59.795,108,1,1,1,-11.339,-2.220,1.388
2012-05-04-21_20_59.796,108,1,1,1,-11.229,-2.209,1.288
2012-05-04-21_20_59.796,108,2,1,1,-20.157,-2.220,1.088
2012-05-04-21_20_59.798,108,2,1,1,-20.228,-2.201,1.088
2012-05-04-21_20_59.798,108,2,1,1,-20.235,-2.200,1.088
2012-05-04-21_20_59.799,108,3,1,1,-29.179,-2.302,0.988
2012-05-04-21_20_59.799,108,3,1,1,-29.151,-2.201,0.888
2012-05-04-21_20_59.800,108,3,1,1,-29.250,-2.283,0.988
2012-05-04-21_20_59.801,108,4,1,1,-38.176,-2.304,0.588
2012-05-04-21_20_59.801,108,4,1,1,-38.148,-2.203,0.588
2012-05-04-21_20_59.802,108,4,1,1,-38.246,-2.285,0.588
2012-05-04-21_20_59.803,108,5,1,1,-47.192,-2.288,0.888
2012-05-04-21_20_59.803,108,5,1,1,-47.277,-2.269,0.888
2012-05-04-21_20_59.804,108,5,1,1,-47.248,-2.292,0.888
2012-05-04-21_20_59.805,108,6,1,1,-56.221,-2.364,0.988
2012-05-04-21_20_59.806,108,6,1,1,-56.193,-2.263,0.988
2012-05-04-21_20_59.807,108,6,1,1,-56.292,-2.346,0.988
2012-05-04-21_20_59.807,108,7,1,1,-65.186,-2.282,1.488
2012-05-04-21_20_59.808,108,7,1,1,-65.194,-2.281,1.488
2012-05-04-21_20_59.809,108,7,1,1,-65.173,-2.180,1.488
2012-05-04-21_20_59.810,108,0,2,0,2.260,-6.780,1.902
2012-05-04-21_20_59.812,108,0,2,0,2.295,-6.689,1.902
2012-05-04-21_20_59.812,108,0,2,0,2.197,-6.759,1.802
2012-05-04-21_20_59.813,108,1,2,0,-6.748,-6.793,1.702
2012-05-04-21_20_59.814,108,1,2,0,-6.829,-6.772,1.702
2012-05-04-21_20_59.814,108,1,2,0,-6.770,-6.706,1.702
2012-05-04-21_20_59.815,108,2,2,0,-15.705,-6.710,1.002
2012-05-04-21_20_59.816,108,2,2,0,-15.768,-6.689,1.002
2012-05-04-21_20_59.816,108,2,2,0,-15.714,-6.637,0.902
2012-05-04-21_20_59.817,108,3,2,0,-24.727,-6.792,1.402
2012-05-04-21_20_59.817,108,3,2,0,-24.692,-6.701,1.402
2012-05-04-21_20_59.819,108,3,2,0,-24.790,-6.771,1.402
2012-05-04-21_20_59.819,108,4,2,0,-33.724,-6.794,0.802
2012-05-04-21_20_59.820,108,4,2,0,-33.689,-6.703,0.702
2012-05-04-21_20_59.821,108,4,2,0,-33.787,-6.773,0.702
2012-05-04-21_20_59.821,108,5,2,0,-42.733,-6.789,1.102
2012-05-04-21_20_59.822,108,5,2,0,-42.682,-6.840,1.102
2012-05-04-21_20_59.822,108,5,2,0,-42.777,-6.807,1.002
2012-05-04-21_20_59.823,108,6,2,0,-51.769,-6.855,1.102
2012-05-04-21_20_59.824,108,6,2,0,-51.734,-6.764,1.102
2012-05-04-21_20_59.825,108,6,2,0,-51.832,-6.834,1.102
2012-05-04-21_20_59.826,108,7,2,0,-60.664,-6.791,1.702
2012-05-04-21_20_59.826,108,7,2,0,-60.727,-6.770,1.602
2012-05-04-21_20_59.827,108,7,2,0,-60.673,-6.718,1.702
2012-05-04-21_20_59.828,108,0,2,1,-2.192,-6.786,1.810
2012-05-04-21_20_59.829,108,0,2,1,-2.165,-6.688,1.810
2012-05-04-21_20_59.830,108,0,2,1,-2.263,-6.770,1.910
2012-05-04-21_20_59.830,108,1,2,1,-11.203,-6.792,1.710
2012-05-04-21_20_59.832,108,1,2,1,-11.339,-6.720,1.710
2012-05-04-21_20_59.833,108,1,2,1,-11.227,-6.706,1.610
2012-05-04-21_20_59.835,108,2,2,1,-20.157,-6.716,0.910
2012-05-04-21_20_59.836,108,2,2,1,-20.228,-6.700,1.010
2012-05-04-21_20_59.836,108,2,2,1,-20.235,-6.697,0.910
2012-05-04-21_20_59.837,108,3,2,1,-29.179,-6.798,1.110
2012-05-04-21_20_59.838,108,3,2,1,-29.152,-6.700,1.110
2012-05-04-21_20_59.839,108,3,2,1,-29.250,-6.782,1.110
2012-05-04-21_20_59.840,108,4,2,1,-38.176,-6.800,0.710
2012-05-04-21_20_59.841,108,4,2,1,-38.148,-6.702,0.710
2012-05-04-21_20_59.841,108,4,2,1,-38.247,-6.784,0.710
2012-05-04-21_20_59.842,108,5,2,1,-47.192,-6.788,1.010
2012-05-04-21_20_59.843,108,5,2,1,-47.277,-6.766,1.110
2012-05-04-21_20_59.843,108,5,2,1,-47.248,-6.793,1.110
2012-05-04-21_20_59.844,108,6,2,1,-56.221,-6.861,1.110
2012-05-04-21_20_59.845,108,6,2,1,-56.194,-6.763,1.210
2012-05-04-21_20_59.845,108,6,2,1,-56.292,-6.844,1.110
2012-05-04-21_20_59.846,108,7,2,1,-65.187,-6.780,1.510
2012-05-04-21_20_59.846,108,7,2,1,-65.194,-6.778,1.510
2012-05-04-21_20_59.847,108,7,2,1,-65.174,-6.677,1.610
2012-05-04-21_20_59.848,108,0,3,0,2.269,-11.278,1.920
2012-05-04-21_20_59.849,108,0,3,0,2.294,-11.190,1.920
2012-05-04-21_20_59.850,108,0,3,0,2.194,-11.255,1.920
2012-05-04-21_20_59.850,108,1,3,0,-6.746,-11.289,1.820
2012-05-04-21_20_59.851,108,1,3,0,-6.829,-11.270,1.820
2012-05-04-21_20_59.852,108,1,3,0,-6.765,-11.205,1.820
2012-05-04-21_20_59.853,108,2,3,0,-15.696,-11.208,1.020
2012-05-04-21_20_59.853,108,2,3,0,-15.771,-11.185,1.120
2012-05-04-21_20_59.854,108,2,3,0,-15.715,-11.140,1.120
2012-05-04-21_20_59.854,108,3,3,0,-24.718,-11.290,1.520
2012-05-04-21_20_59.855,108,3,3,0,-24.693,-11.203,1.520
2012-05-04-21_20_59.856,108,3,3,0,-24.793,-11.267,1.520
2012-05-04-21_20_59.857,108,4,3,0,-33.714,-11.292,0.720
2012-05-04-21_20_59.858,108,4,3,0,-33.689,-11.204,0.820
2012-05-04-21_20_59.859,108,4,3,0,-33.790,-11.269,0.720
2012-05-04-21_20_59.859,108,5,3,0,-42.733,-11.290,1.120
2012-05-04-21_20_59.860,108,5,3,0,-42.682,-11.338,1.120
2012-05-04-21_20_59.861,108,5,3,0,-42.777,-11.310,1.120
2012-05-04-21_20_59.862,108,6,3,0,-51.760,-11.353,1.120
2012-05-04-21_20_59.863,108,6,3,0,-51.735,-11.265,1.120
2012-05-04-21_20_59.863,108,6,3,0,-51.835,-11.330,1.120
2012-05-04-21_20_59.865,108,7,3,0,-60.654,-11.289,1.720
2012-05-04-21_20_59.866,108,7,3,0,-60.730,-11.266,1.720
2012-05-04-21_20_59.866,108,7,3,0,-60.673,-11.221,1.720
2012-05-04-21_20_59.867,108,0,3,1,-2.188,-11.289,1.828
2012-05-04-21_20_59.868,108,0,3,1,-2.163,-11.190,1.827
2012-05-04-21_20_59.868,108,0,3,1,-2.266,-11.266,1.927
2012-05-04-21_20_59.869,108,1,3,1,-11.204,-11.289,1.728
2012-05-04-21_20_59.870,108,1,3,1,-11.337,-11.222,1.727
2012-05-04-21_20_59.871,108,1,3,1,-11.225,-11.204,1.827
2012-05-04-21_20_59.871,108,2,3,1,-20.153,-11.219,1.128
2012-05-04-21_20_59.872,108,2,3,1,-20.231,-11.196,1.127
2012-05-04-21_20_59.872,108,2,3,1,-20.238,-11.194,1.127
2012-05-04-21_20_59.873,108,3,3,1,-29.175,-11.301,1.128
2012-05-04-21_20_59.874,108,3,3,1,-29.150,-11.203,1.227
2012-05-04-21_20_59.874,108,3,3,1,-29.253,-11.278,1.227
2012-05-04-21_20_59.875,108,4,3,1,-38.171,-11.303,0.728
2012-05-04-21_20_59.876,108,4,3,1,-38.146,-11.204,0.727
2012-05-04-21_20_59.877,108,4,3,1,-38.249,-11.280,0.827
2012-05-04-21_20_59.878,108,5,3,1,-47.190,-11.290,1.127
2012-05-04-21_20_59.878,108,5,3,1,-47.280,-11.266,1.127
2012-05-04-21_20_59.879,108,5,3,1,-47.249,-11.293,1.127
2012-05-04-21_20_59.880,108,6,3,1,-56.217,-11.363,1.228
2012-05-04-21_20_59.881,108,6,3,1,-56.192,-11.265,1.227
2012-05-04-21_20_59.881,108,6,3,1,-56.295,-11.340,1.227
2012-05-04-21_20_59.884,108,7,3,1,-65.190,-11.277,1.527
2012-05-04-21_20_59.885,108,7,3,1,-65.197,-11.275,1.727
2012-05-04-21_20_59.886,108,7,3,1,-65.177,-11.176,1.827
2012-05-04-21_20_59.886,108,0,4,0,2.269,-15.781,2.039
2012-05-04-21_20_59.887,108,0,4,0,2.294,-15.697,2.039
2012-05-04-21_20_59.887,108,0,4,0,2.191,-15.753,2.039
2012-05-04-21_20_59.888,108,1,4,0,-6.739,-15.790,1.839
2012-05-04-21_20_59.888,108,1,4,0,-6.827,-15.769,1.839
2012-05-04-21_20_59.889,108,1,4,0,-6.766,-15.712,1.839
2012-05-04-21_20_59.890,108,2,4,0,-15.696,-15.711,1.139
2012-05-04-21_20_59.891,108,2,4,0,-15.774,-15.683,1.139
2012-05-04-21_20_59.892,108,2,4,0,-15.715,-15.642,1.139
2012-05-04-21_20_59.892,108,3,4,0,-24.718,-15.794,1.539
2012-05-04-21_20_59.893,108,3,4,0,-24.693,-15.709,1.539
2012-05-04-21_20_59.893,108,3,4,0,-24.796,-15.766,1.539
2012-05-04-21_20_59.894,108,4,4,0,-33.715,-15.795,0.739
2012-05-04-21_20_59.895,108,4,4,0,-33.690,-15.711,0.839
2012-05-04-21_20_59.895,108,4,4,0,-33.793,-15.767,0.739
2012-05-04-21_20_59.896,108,5,4,0,-42.733,-15.796,1.139
2012-05-04-21_20_59.897,108,5,4,0,-42.680,-15.837,1.139
2012-05-04-21_20_59.898,108,5,4,0,-42.777,-15.812,1.139
2012-05-04-21_20_59.899,108,6,4,0,-51.760,-15.856,1.139
2012-05-04-21_20_59.900,108,6,4,0,-51.735,-15.771,1.139
2012-05-04-21_20_59.900,108,6,4,0,-51.838,-15.828,1.139
2012-05-04-21_20_59.901,108,7,4,0,-60.655,-15.792,1.739
2012-05-04-21_20_59.902,108,7,4,0,-60.733,-15.764,1.839
2012-05-04-21_20_59.903,108,7,4,0,-60.674,-15.723,1.839
2012-05-04-21_20_59.903,108,0,4,1,-2.188,-15.794,1.950
2012-05-04-21_20_59.904,108,0,4,1,-2.161,-15.696,1.950
2012-05-04-21_20_59.905,108,0,4,1,-2.264,-15.766,1.950
2012-05-04-21_20_59.906,108,1,4,1,-11.209,-15.790,1.750
2012-05-04-21_20_59.907,108,1,4,1,-11.335,-15.728,1.750
2012-05-04-21_20_59.907,108,1,4,1,-11.228,-15.710,1.750
2012-05-04-21_20_59.908,108,2,4,1,-20.153,-15.724,1.150
2012-05-04-21_20_59.909,108,2,4,1,-20.229,-15.696,1.150
2012-05-04-21_20_59.909,108,2,4,1,-20.239,-15.695,1.150
2012-05-04-21_20_59.910,108,3,4,1,-29.175,-15.806,1.250
2012-05-04-21_20_59.911,108,3,4,1,-29.148,-15.708,1.250
2012-05-04-21_20_59.911,108,3,4,1,-29.251,-15.779,1.250
2012-05-04-21_20_59.912,108,4,4,1,-38.172,-15.808,0.750
2012-05-04-21_20_59.913,108,4,4,1,-38.144,-15.710,0.850
2012-05-04-21_20_59.914,108,4,4,1,-38.247,-15.780,0.850
2012-05-04-21_20_59.914,108,5,4,1,-47.188,-15.796,1.150
2012-05-04-21_20_59.915,108,5,4,1,-47.278,-15.770,1.150
2012-05-04-21_20_59.916,108,5,4,1,-47.249,-15.799,1.150
2012-05-04-21_20_59.917,108,6,4,1,-56.190,-15.771,1.250
2012-05-04-21_20_59.918,108,6,4,1,-56.293,-15.841,1.250
2012-05-04-21_20_59.918,108,6,4,1,-56.303,-15.840,1.250
2012-05-04-21_20_59.919,108,7,4,1,-65.188,-15.777,1.550
2012-05-04-21_20_59.920,108,7,4,1,-65.197,-15.776,1.650
2012-05-04-21_20_59.921,108,7,4,1,-65.175,-15.681,1.850
2012-05-04-21_20_59.921,108,0,5,0,2.266,-20.283,2.064
2012-05-04-21_20_59.922,108,0,5,0,2.296,-20.197,2.064
2012-05-04-21_20_59.923,108,0,5,0,2.190,-20.253,2.064
2012-05-04-21_20_59.924,108,1,5,0,-6.742,-20.294,1.864
2012-05-04-21_20_59.926,108,1,5,0,-6.825,-20.268,1.864
2012-05-04-21_20_59.926,108,1,5,0,-6.761,-20.216,1.864
2012-05-04-21_20_59.927,108,2,5,0,-15.699,-20.213,1.164
2012-05-04-21_20_59.928,108,2,5,0,-15.774,-20.183,1.164
2012-05-04-21_20_59.929,108,2,5,0,-15.718,-20.140,1.164
2012-05-04-21_20_59.931,108,3,5,0,-24.721,-20.295,1.564
2012-05-04-21_20_59.932,108,3,5,0,-24.691,-20.209,1.564
2012-05-04-21_20_59.933,108,3,5,0,-24.796,-20.266,1.564
2012-05-04-21_20_59.935,108,4,5,0,-33.718,-20.297,0.864
2012-05-04-21_20_59.936,108,4,5,0,-33.688,-20.211,0.864
2012-05-04-21_20_59.937,108,4,5,0,-33.793,-20.267,0.864
2012-05-04-21_20_59.937,108,5,5,0,-42.731,-20.297,1.164
2012-05-04-21_20_59.938,108,5,5,0,-42.678,-20.336,1.164
2012-05-04-21_20_59.939,108,5,5,0,-42.780,-20.310,1.164
2012-05-04-21_20_59.940,108,6,5,0,-51.763,-20.357,1.164
2012-05-04-21_20_59.941,108,6,5,0,-51.733,-20.272,1.164
2012-05-04-21_20_59.942,108,6,5,0,-51.839,-20.328,1.164
2012-05-04-21_20_59.942,108,7,5,0,-60.658,-20.294,1.864
2012-05-04-21_20_59.943,108,7,5,0,-60.733,-20.264,1.864
2012-05-04-21_20_59.943,108,7,5,0,-60.677,-20.221,1.864
2012-05-04-21_20_59.944,108,0,5,1,-2.189,-20.292,1.972
2012-05-04-21_20_59.945,108,0,5,1,-2.164,-20.196,1.972
2012-05-04-21_20_59.946,108,0,5,1,-2.264,-20.268,1.972
2012-05-04-21_20_59.947,108,1,5,1,-11.212,-20.294,1.872
2012-05-04-21_20_59.948,108,1,5,1,-11.338,-20.228,1.772
2012-05-04-21_20_59.949,108,1,5,1,-11.231,-20.215,1.872
2012-05-04-21_20_59.950,108,2,5,1,-20.154,-20.222,1.272
2012-05-04-21_20_59.951,108,2,5,1,-20.229,-20.198,1.172
2012-05-04-21_20_59.951,108,2,5,1,-20.237,-20.197,1.172
2012-05-04-21_20_59.952,108,3,5,1,-29.176,-20.304,1.272
2012-05-04-21_20_59.953,108,3,5,1,-29.151,-20.208,1.272
2012-05-04-21_20_59.953,108,3,5,1,-29.251,-20.280,1.272
2012-05-04-21_20_59.954,108,4,5,1,-38.172,-20.306,0.872
2012-05-04-21_20_59.955,108,4,5,1,-38.147,-20.210,0.872
2012-05-04-21_20_59.955,108,4,5,1,-38.248,-20.282,0.872
2012-05-04-21_20_59.956,108,5,5,1,-47.191,-20.296,1.172
2012-05-04-21_20_59.957,108,5,5,1,-47.279,-20.275,1.172
2012-05-04-21_20_59.958,108,5,5,1,-47.247,-20.298,1.172
2012-05-04-21_20_59.959,108,6,5,1,-56.193,-20.271,1.272
2012-05-04-21_20_59.959,108,6,5,1,-56.293,-20.343,1.272
2012-05-04-21_20_59.960,108,6,5,1,-56.301,-20.342,1.272
2012-05-04-21_20_59.961,108,7,5,1,-65.188,-20.279,1.772
2012-05-04-21_20_59.962,108,7,5,1,-65.195,-20.278,1.872
2012-05-04-21_20_59.963,108,7,5,1,-65.175,-20.186,1.872
2012-05-04-21_20_59.963,108,0,6,0,2.270,-24.782,1.981
2012-05-04-21_20_59.964,108,0,6,0,2.300,-24.690,1.982
2012-05-04-21_20_59.966,108,0,6,0,2.190,-24.758,1.882
2012-05-04-21_20_59.967,108,1,6,0,-6.740,-24.796,1.682
2012-05-04-21_20_59.967,108,1,6,0,-6.821,-24.770,1.682
2012-05-04-21_20_59.968,108,1,6,0,-6.762,-24.710,1.682
2012-05-04-21_20_59.969,108,2,6,0,-15.695,-24.712,1.181
2012-05-04-21_20_59.969,108,2,6,0,-15.775,-24.688,1.082
2012-05-04-21_20_59.970,108,2,6,0,-15.751,-24.698,1.082
2012-05-04-21_20_59.971,108,3,6,0,-24.717,-24.794,1.481
2012-05-04-21_20_59.972,108,3,6,0,-24.687,-24.703,1.482
2012-05-04-21_20_59.973,108,3,6,0,-24.797,-24.770,1.482
2012-05-04-21_20_59.974,108,4,6,0,-33.713,-24.796,0.881
2012-05-04-21_20_59.975,108,4,6,0,-33.683,-24.704,0.882
2012-05-04-21_20_59.976,108,4,6,0,-33.793,-24.772,0.882
2012-05-04-21_20_59.977,108,5,6,0,-42.727,-24.790,1.382
2012-05-04-21_20_59.977,108,5,6,0,-42.674,-24.838,1.382
2012-05-04-21_20_59.978,108,5,6,0,-42.778,-24.805,1.382
2012-05-04-21_20_59.979,108,6,6,0,-51.759,-24.857,1.281
2012-05-04-21_20_59.980,108,6,6,0,-51.729,-24.765,1.282
2012-05-04-21_20_59.981,108,6,6,0,-51.675,-24.813,1.382
2012-05-04-21_20_59.981,108,7,6,0,-60.653,-24.793,2.081
2012-05-04-21_20_59.982,108,7,6,0,-60.734,-24.769,2.082
2012-05-04-21_20_59.983,108,7,6,0,-60.675,-24.716,2.082
2012-05-04-21_20_59.983,108,0,6,1,-2.187,-24.789,1.890
2012-05-04-21_20_59.984,108,0,6,1,-2.162,-24.690,1.890
2012-05-04-21_20_59.986,108,0,6,1,-2.265,-24.770,1.890
2012-05-04-21_20_59.987,108,1,6,1,-11.212,-24.796,1.690
2012-05-04-21_20_59.987,108,1,6,1,-11.336,-24.721,1.690
2012-05-04-21_20_59.989,108,1,6,1,-11.234,-24.709,1.789
2012-05-04-21_20_59.990,108,2,6,1,-20.152,-24.719,1.190
2012-05-04-21_20_59.991,108,2,6,1,-20.230,-24.700,1.090
2012-05-04-21_20_59.991,108,2,6,1,-20.235,-24.700,1.190
2012-05-04-21_20_59.992,108,3,6,1,-29.174,-24.801,1.290
2012-05-04-21_20_59.993,108,3,6,1,-29.149,-24.702,1.290
2012-05-04-21_20_59.994,108,3,6,1,-29.252,-24.783,1.290
2012-05-04-21_20_59.995,108,4,6,1,-38.170,-24.803,0.890
2012-05-04-21_20_59.995,108,4,6,1,-38.145,-24.704,0.890
2012-05-04-21_20_59.996,108,4,6,1,-38.248,-24.784,0.890
2012-05-04-21_20_59.997,108,5,6,1,-47.189,-24.789,1.390
2012-05-04-21_20_59.998,108,5,6,1,-47.277,-24.770,1.390
2012-05-04-21_20_59.999,108,5,6,1,-47.245,-24.792,1.389
2012-05-04-21_20_59.999,108,6,6,1,-56.216,-24.863,1.390
2012-05-04-21_21_00.000,108,6,6,1,-56.191,-24.764,1.390
2012-05-04-21_21_00.001,108,6,6,1,-56.294,-24.845,1.390
2012-05-04-21_21_00.002,108,7,6,1,-65.188,-24.781,1.890
2012-05-04-21_21_00.002,108,7,6,1,-65.193,-24.781,1.890
2012-05-04-21_21_00.003,108,7,6,1,-65.173,-24.681,1.890
2012-05-04-21_21_00.004,108,0,7,0,2.263,-29.280,2.001
2012-05-04-21_21_00.004,108,0,7,0,2.300,-29.189,2.001
2012-05-04-21_21_00.005,108,0,7,0,2.190,-29.259,1.901
2012-05-04-21_21_00.007,108,1,7,0,-6.741,-29.292,1.701
2012-05-04-21_21_00.009,108,1,7,0,-6.816,-29.272,1.701
2012-05-04-21_21_00.009,108,1,7,0,-6.762,-29.206,13.201
2012-05-04-21_21_00.010,108,2,7,0,-15.702,-29.210,1.101
2012-05-04-21_21_00.011,108,2,7,0,-15.775,-29.189,1.101
2012-05-04-21_21_00.012,108,2,7,0,-15.751,-29.197,1.101
2012-05-04-21_21_00.012,108,3,7,0,-24.724,-29.292,1.501
2012-05-04-21_21_00.013,108,3,7,0,-24.687,-29.201,1.501
2012-05-04-21_21_00.014,108,3,7,0,-24.797,-29.271,1.501
2012-05-04-21_21_00.015,108,4,7,0,-33.721,-29.294,1.001
2012-05-04-21_21_00.016,108,4,7,0,-33.684,-29.203,1.001
2012-05-04-21_21_00.016,108,4,7,0,-33.794,-29.273,1.001
2012-05-04-21_21_00.017,108,5,7,0,-42.727,-29.289,1.401
2012-05-04-21_21_00.018,108,5,7,0,-42.813,-29.268,1.401
2012-05-04-21_21_00.019,108,5,7,0,-42.783,-29.293,1.401
2012-05-04-21_21_00.019,108,6,7,0,-51.766,-29.355,1.301
2012-05-04-21_21_00.020,108,6,7,0,-51.729,-29.264,1.301
2012-05-04-21_21_00.021,108,6,7,0,-51.671,-29.315,1.301
2012-05-04-21_21_00.022,108,7,7,0,-60.661,-29.291,2.101
2012-05-04-21_21_00.022,108,7,7,0,-60.734,-29.270,2.201
2012-05-04-21_21_00.023,108,7,7,0,-60.709,-29.179,2.101
2012-05-04-21_21_00.024,108,0,7,1,-2.187,-29.286,2.012
2012-05-04-21_21_00.025,108,0,7,1,-2.162,-29.188,1.912
2012-05-04-21_21_00.025,108,0,7,1,-2.263,-29.269,2.012
2012-05-04-21_21_00.026,108,1,7,1,-11.213,-29.291,1.712
2012-05-04-21_21_00.027,108,1,7,1,-11.337,-29.220,1.712
2012-05-04-21_21_00.028,108,1,7,1,-11.236,-29.206,1.712
2012-05-04-21_21_00.029,108,2,7,1,-20.152,-29.216,1.112
2012-05-04-21_21_00.029,108,2,7,1,-20.228,-29.199,1.212
2012-05-04-21_21_00.030,108,2,7,1,-20.235,-29.196,1.112
2012-05-04-21_21_00.031,108,3,7,1,-29.174,-29.298,1.212
2012-05-04-21_21_00.033,108,3,7,1,-29.149,-29.201,1.512
2012-05-04-21_21_00.034,108,3,7,1,-29.250,-29.281,1.312
2012-05-04-21_21_00.034,108,4,7,1,-38.171,-29.300,0.912
2012-05-04-21_21_00.035,108,4,7,1,-38.146,-29.202,1.012
2012-05-04-21_21_00.036,108,4,7,1,-38.246,-29.283,0.912
2012-05-04-21_21_00.039,108,5,7,1,-47.189,-29.288,1.512
2012-05-04-21_21_00.040,108,5,7,1,-47.275,-29.266,1.512
2012-05-04-21_21_00.040,108,5,7,1,-47.246,-29.293,1.412
2012-05-04-21_21_00.041,108,6,7,1,-56.216,-29.361,1.312
2012-05-04-21_21_00.042,108,6,7,1,-56.191,-29.263,1.412
2012-05-04-21_21_00.042,108,6,7,1,-56.292,-29.344,1.412
2012-05-04-21_21_00.043,108,7,7,1,-65.186,-29.280,1.912
2012-05-04-21_21_00.044,108,7,7,1,-65.194,-29.277,1.912
2012-05-04-21_21_00.044,108,7,7,1,-65.171,-29.177,2.112
2012-05-04-21_21_00.045,108,0,8,0,2.265,-33.778,2.026
2012-05-04-21_21_00.046,108,0,8,0,2.302,-33.688,1.927
2012-05-04-21_21_00.047,108,0,8,0,2.192,-33.755,1.927
2012-05-04-21_21_00.048,108,1,8,0,-6.746,-33.788,1.727
2012-05-04-21_21_00.048,108,1,8,0,-6.819,-33.768,1.727
2012-05-04-21_21_00.049,108,1,8,0,-6.765,-33.703,1.727
2012-05-04-21_21_00.051,108,2,8,0,-15.700,-33.708,1.126
2012-05-04-21_21_00.052,108,2,8,0,-15.773,-33.685,1.127
2012-05-04-21_21_00.053,108,2,8,0,-15.709,-33.638,1.127
2012-05-04-21_21_00.053,108,3,8,0,-24.722,-33.790,1.526
2012-05-04-21_21_00.054,108,3,8,0,-24.685,-33.700,1.527
2012-05-04-21_21_00.055,108,3,8,0,-24.795,-33.767,1.527
2012-05-04-21_21_00.056,108,4,8,0,-33.719,-33.792,1.026
2012-05-04-21_21_00.057,108,4,8,0,-33.682,-33.702,1.027
2012-05-04-21_21_00.057,108,4,8,0,-33.792,-33.769,0.927
2012-05-04-21_21_00.058,108,5,8,0,-42.725,-33.788,1.427
2012-05-04-21_21_00.061,108,5,8,0,-42.672,-33.836,1.427
2012-05-04-21_21_00.062,108,5,8,0,-42.772,-33.808,1.327
2012-05-04-21_21_00.062,108,6,8,0,-51.764,-33.853,1.326
2012-05-04-21_21_00.063,108,6,8,0,-51.727,-33.763,1.327
2012-05-04-21_21_00.064,108,6,8,0,-51.837,-33.830,1.227
2012-05-04-21_21_00.064,108,7,8,0,-60.659,-33.789,2.126
2012-05-04-21_21_00.065,108,7,8,0,-60.732,-33.766,2.227
2012-05-04-21_21_00.066,108,7,8,0,-60.668,-33.719,2.127
2012-05-04-21_21_00.067,108,0,8,1,-2.190,-33.787,1.936
2012-05-04-21_21_00.067,108,0,8,1,-2.165,-33.687,1.935
2012-05-04-21_21_00.068,108,0,8,1,-2.261,-33.766,1.935
2012-05-04-21_21_00.069,108,1,8,1,-11.213,-33.787,1.836
2012-05-04-21_21_00.070,108,1,8,1,-11.339,-33.719,1.735
2012-05-04-21_21_00.071,108,1,8,1,-11.237,-33.702,1.735
2012-05-04-21_21_00.072,108,2,8,1,-20.155,-33.716,1.136
2012-05-04-21_21_00.072,108,2,8,1,-20.226,-33.696,1.135
2012-05-04-21_21_00.073,108,2,8,1,-20.233,-33.693,1.135
2012-05-04-21_21_00.074,108,3,8,1,-29.177,-33.799,1.136
2012-05-04-21_21_00.075,108,3,8,1,-29.152,-33.699,1.135
2012-05-04-21_21_00.076,108,3,8,1,-29.248,-33.778,1.135
2012-05-04-21_21_00.076,108,4,8,1,-38.174,-33.801,1.036
2012-05-04-21_21_00.077,108,4,8,1,-38.148,-33.701,0.935
2012-05-04-21_21_00.078,108,4,8,1,-38.244,-33.780,1.035
2012-05-04-21_21_00.078,108,5,8,1,-47.192,-33.787,1.535
2012-05-04-21_21_00.079,108,5,8,1,-47.275,-33.764,1.535
2012-05-04-21_21_00.080,108,5,8,1,-47.244,-33.793,1.535
2012-05-04-21_21_00.080,108,6,8,1,-56.219,-33.861,1.436
2012-05-04-21_21_00.081,108,6,8,1,-56.194,-33.762,1.335
2012-05-04-21_21_00.082,108,6,8,1,-56.290,-33.840,1.335
2012-05-04-21_21_00.083,108,7,8,1,-65.184,-33.777,2.235
2012-05-04-21_21_00.083,108,7,8,1,-65.192,-33.774,2.235
2012-05-04-21_21_00.084,108,7,8,1,-65.171,-33.675,2.235
2012-05-04-21_21_00.085,108,0,9,0,2.276,-38.282,1.945
2012-05-04-21_21_00.086,108,0,9,0,2.304,-38.195,1.945
2012-05-04-21_21_00.087,108,0,9,0,2.194,-38.254,1.945
2012-05-04-21_21_00.088,108,1,9,0,-6.746,-38.289,1.845
2012-05-04-21_21_00.089,108,1,9,0,-6.820,-38.268,1.845
2012-05-04-21_21_00.090,108,1,9,0,-6.768,-38.211,1.745
2012-05-04-21_21_00.092,108,2,9,0,-15.688,-38.212,1.245
2012-05-04-21_21_00.093,108,2,9,0,-15.771,-38.184,1.245
2012-05-04-21_21_00.094,108,2,9,0,-15.710,-38.141,1.145
2012-05-04-21_21_00.094,108,3,9,0,-24.710,-38.294,1.645
2012-05-04-21_21_00.095,108,3,9,0,-24.683,-38.208,1.645
2012-05-04-21_21_00.096,108,3,9,0,-24.793,-38.266,1.645
2012-05-04-21_21_00.096,108,4,9,0,-33.707,-38.296,0.945
2012-05-04-21_21_00.097,108,4,9,0,-33.680,-38.209,0.945
2012-05-04-21_21_00.098,108,4,9,0,-33.790,-38.268,1.045
2012-05-04-21_21_00.099,108,5,9,0,-42.723,-38.295,1.545
2012-05-04-21_21_00.100,108,5,9,0,-42.672,-38.336,1.445
2012-05-04-21_21_00.100,108,5,9,0,-42.772,-38.311,1.445
2012-05-04-21_21_00.101,108,6,9,0,-51.753,-38.356,1.345
2012-05-04-21_21_00.102,108,6,9,0,-51.725,-38.270,1.345
2012-05-04-21_21_00.103,108,6,9,0,-51.835,-38.329,1.245
2012-05-04-21_21_00.104,108,7,9,0,-60.647,-38.293,2.145
2012-05-04-21_21_00.104,108,7,9,0,-60.730,-38.265,2.145
2012-05-04-21_21_00.105,108,7,9,0,-60.669,-38.222,2.145
2012-05-04-21_21_00.106,108,0,9,1,-2.191,-38.293,1.954
2012-05-04-21_21_00.107,108,0,9,1,-2.165,-38.195,1.954
2012-05-04-21_21_00.107,108,0,9,1,-2.261,-38.267,1.954
2012-05-04-21_21_00.108,108,1,9,1,-11.213,-38.289,1.854
2012-05-04-21_21_00.109,108,1,9,1,-11.340,-38.227,1.854
2012-05-04-21_21_00.110,108,1,9,1,-11.235,-38.209,1.854
2012-05-04-21_21_00.110,108,2,9,1,-20.155,-38.223,1.254
2012-05-04-21_21_00.111,108,2,9,1,-20.226,-38.197,1.354
2012-05-04-21_21_00.112,108,2,9,1,-20.233,-38.195,1.254
2012-05-04-21_21_00.113,108,3,9,1,-29.178,-38.305,1.354
2012-05-04-21_21_00.113,108,3,9,1,-29.152,-38.207,1.454
2012-05-04-21_21_00.114,108,3,9,1,-29.248,-38.279,1.454
2012-05-04-21_21_00.115,108,4,9,1,-38.174,-38.307,1.054
2012-05-04-21_21_00.116,108,4,9,1,-38.149,-38.209,1.054
2012-05-04-21_21_00.117,108,4,9,1,-38.245,-38.281,1.054
2012-05-04-21_21_00.118,108,5,9,1,-47.193,-38.295,1.554
2012-05-04-21_21_00.119,108,5,9,1,-47.276,-38.269,1.554
2012-05-04-21_21_00.119,108,5,9,1,-47.246,-38.299,1.554
2012-05-04-21_21_00.120,108,6,9,1,-56.194,-38.270,1.454
2012-05-04-21_21_00.121,108,6,9,1,-56.290,-38.341,1.454
2012-05-04-21_21_00.121,108,6,9,1,-56.297,-38.340,1.454
2012-05-04-21_21_00.122,108,7,9,1,-65.185,-38.278,2.054
2012-05-04-21_21_00.123,108,7,9,1,-65.192,-38.276,2.054
2012-05-04-21_21_00.123,108,7,9,1,-65.172,-38.180,2.254
2012-05-04-21_21_00.124,108,0,10,0,2.276,-42.783,1.966
2012-05-04-21_21_00.125,108,0,10,0,2.303,-42.696,1.966
2012-05-04-21_21_00.125,108,0,10,0,2.193,-42.755,1.966
2012-05-04-21_21_00.126,108,1,10,0,-6.749,-42.793,1.866
2012-05-04-21_21_00.127,108,1,10,0,-6.822,-42.767,1.866
2012-05-04-21_21_00.127,108,1,10,0,-6.766,-42.715,1.866
2012-05-04-21_21_00.128,108,2,10,0,-15.689,-42.713,1.266
2012-05-04-21_21_00.128,108,2,10,0,-15.772,-42.685,1.266
2012-05-04-21_21_00.129,108,2,10,0,-15.710,-42.639,1.266
2012-05-04-21_21_00.130,108,3,10,0,-24.711,-42.795,1.566
2012-05-04-21_21_00.130,108,3,10,0,-24.683,-42.708,1.666
2012-05-04-21_21_00.131,108,3,10,0,-24.794,-42.767,1.566
2012-05-04-21_21_00.132,108,4,10,0,-33.707,-42.797,0.966
2012-05-04-21_21_00.132,108,4,10,0,-33.680,-42.710,1.066
2012-05-04-21_21_00.133,108,4,10,0,-33.790,-42.769,0.966
2012-05-04-21_21_00.134,108,5,10,0,-42.724,-42.796,1.466
2012-05-04-21_21_00.134,108,5,10,0,-42.675,-42.835,1.466
2012-05-04-21_21_00.135,108,5,10,0,-42.773,-42.809,1.466
2012-05-04-21_21_00.136,108,6,10,0,-51.753,-42.858,1.266
2012-05-04-21_21_00.137,108,6,10,0,-51.725,-42.770,1.366
2012-05-04-21_21_00.138,108,6,10,0,-51.836,-42.830,1.266
2012-05-04-21_21_00.142,108,7,10,0,-60.648,-42.794,2.166
2012-05-04-21_21_00.142,108,7,10,0,-60.730,-42.766,2.166
2012-05-04-21_21_00.143,108,7,10,0,-60.669,-42.720,2.166
2012-05-04-21_21_00.144,108,0,10,1,-2.193,-42.791,1.978
2012-05-04-21_21_00.144,108,0,10,1,-2.168,-42.695,1.978
2012-05-04-21_21_00.145,108,0,10,1,-2.262,-42.769,1.977
2012-05-04-21_21_00.146,108,1,10,1,-11.214,-42.793,1.878
2012-05-04-21_21_00.146,108,1,10,1,-11.343,-42.727,1.878
2012-05-04-21_21_00.147,108,1,10,1,-11.238,-42.714,1.877
2012-05-04-21_21_00.148,108,2,10,1,-20.158,-42.721,1.278
2012-05-04-21_21_00.149,108,2,10,1,-20.226,-42.699,1.277
2012-05-04-21_21_00.150,108,2,10,1,-20.234,-42.698,1.277
2012-05-04-21_21_00.152,108,3,10,1,-29.180,-42.803,1.378
2012-05-04-21_21_00.152,108,3,10,1,-29.155,-42.707,1.378
2012-05-04-21_21_00.153,108,3,10,1,-29.249,-42.781,1.377
2012-05-04-21_21_00.154,108,4,10,1,-38.177,-42.805,1.078
2012-05-04-21_21_00.154,108,4,10,1,-38.152,-42.709,1.078
2012-05-04-21_21_00.155,108,4,10,1,-38.245,-42.783,0.977
2012-05-04-21_21_00.156,108,5,10,1,-47.196,-42.795,1.578
2012-05-04-21_21_00.156,108,5,10,1,-47.278,-42.773,1.477
2012-05-04-21_21_00.157,108,5,10,1,-47.249,-42.798,1.577
2012-05-04-21_21_00.158,108,6,10,1,-56.222,-42.865,1.478
2012-05-04-21_21_00.159,108,6,10,1,-56.197,-42.770,1.478
2012-05-04-21_21_00.159,108,6,10,1,-56.291,-42.844,1.477
2012-05-04-21_21_00.162,108,7,10,1,-65.185,-42.780,2.177
2012-05-04-21_21_00.162,108,7,10,1,-65.193,-42.779,2.277
2012-05-04-21_21_00.163,108,7,10,1,-65.175,-42.684,2.277
2012-05-04-21_21_00.164,108,0,11,0,2.278,-47.283,1.990
2012-05-04-21_21_00.164,108,0,11,0,2.303,-47.190,1.990
2012-05-04-21_21_00.165,108,0,11,0,2.193,-47.258,1.990
2012-05-04-21_21_00.166,108,1,11,0,-6.750,-47.296,3.090
2012-05-04-21_21_00.167,108,1,11,0,-6.823,-47.268,1.890
2012-05-04-21_21_00.168,108,1,11,0,-6.774,-47.209,1.890
2012-05-04-21_21_00.168,108,2,11,0,-15.687,-47.213,1.290
2012-05-04-21_21_00.170,108,2,11,0,-15.772,-47.187,1.290
2012-05-04-21_21_00.171,108,2,11,0,-15.743,-47.197,1.290
2012-05-04-21_21_00.172,108,3,11,0,-24.709,-47.295,1.690
2012-05-04-21_21_00.172,108,3,11,0,-24.684,-47.202,1.690
2012-05-04-21_21_00.173,108,3,11,0,-24.794,-47.270,1.690
2012-05-04-21_21_00.174,108,4,11,0,-33.705,-47.297,0.990
2012-05-04-21_21_00.175,108,4,11,0,-33.680,-47.204,0.990
2012-05-04-21_21_00.175,108,4,11,0,-33.791,-47.272,0.990
2012-05-04-21_21_00.176,108,5,11,0,-42.724,-47.290,1.490
2012-05-04-21_21_00.177,108,5,11,0,-42.676,-47.336,1.490
2012-05-04-21_21_00.178,108,5,11,0,-42.771,-47.304,1.390
2012-05-04-21_21_00.178,108,6,11,0,-51.751,-47.358,1.390
2012-05-04-21_21_00.179,108,6,11,0,-51.726,-47.264,1.290
2012-05-04-21_21_00.180,108,6,11,0,-51.836,-47.332,1.290
2012-05-04-21_21_00.181,108,7,11,0,-60.646,-47.294,2.190
2012-05-04-21_21_00.182,108,7,11,0,-60.731,-47.268,2.290
2012-05-04-21_21_00.182,108,7,11,0,-60.667,-47.215,2.290
2012-05-04-21_21_00.183,108,0,11,1,-2.194,-47.290,1.999
2012-05-04-21_21_00.184,108,0,11,1,-2.171,-47.189,1.999
2012-05-04-21_21_00.185,108,0,11,1,-2.262,-47.271,1.999
2012-05-04-21_21_00.185,108,1,11,1,-11.214,-47.295,1.899
2012-05-04-21_21_00.186,108,1,11,1,-11.346,-47.221,1.799
2012-05-04-21_21_00.187,108,1,11,1,-11.236,-47.209,1.898
2012-05-04-21_21_00.188,108,2,11,1,-20.159,-47.220,1.299
2012-05-04-21_21_00.188,108,2,11,1,-20.227,-47.201,1.299
2012-05-04-21_21_00.189,108,2,11,1,-20.234,-47.200,1.299
2012-05-04-21_21_00.190,108,3,11,1,-29.181,-47.302,1.399
2012-05-04-21_21_00.191,108,3,11,1,-29.158,-47.201,1.599
2012-05-04-21_21_00.193,108,3,11,1,-29.249,-47.283,1.399
2012-05-04-21_21_00.194,108,4,11,1,-38.177,-47.304,0.999
2012-05-04-21_21_00.195,108,4,11,1,-38.155,-47.203,0.999
2012-05-04-21_21_00.195,108,4,11,1,-38.246,-47.285,1.099
2012-05-04-21_21_00.196,108,5,11,1,-47.198,-47.289,1.599
2012-05-04-21_21_00.197,108,5,11,1,-47.279,-47.269,1.498
2012-05-04-21_21_00.197,108,5,11,1,-47.250,-47.291,1.598
2012-05-04-21_21_00.198,108,6,11,1,-56.223,-47.364,1.499
2012-05-04-21_21_00.199,108,6,11,1,-56.200,-47.264,1.499
2012-05-04-21_21_00.199,108,6,11,1,-56.291,-47.345,1.499
2012-05-04-21_21_00.200,108,7,11,1,-65.186,-47.282,2.299
2012-05-04-21_21_00.201,108,7,11,1,-65.193,-47.281,2.299
2012-05-04-21_21_00.201,108,7,11,1,-65.175,-47.180,2.298
2012-05-04-21_21_00.202,108,0,12,0,2.265,-51.780,2.207
2012-05-04-21_21_00.203,108,0,12,0,2.305,-51.690,2.208
2012-05-04-21_21_00.203,108,0,12,0,2.195,-51.759,2.208
2012-05-04-21_21_00.204,108,1,12,0,-6.753,-51.793,2.008
2012-05-04-21_21_00.205,108,1,12,0,-6.826,-51.773,1.908
2012-05-04-21_21_00.206,108,1,12,0,-6.772,-51.707,1.908
2012-05-04-21_21_00.206,108,2,12,0,-15.699,-51.710,1.307
2012-05-04-21_21_00.207,108,2,12,0,-15.770,-51.689,1.308
2012-05-04-21_21_00.208,108,2,12,0,-15.709,-51.638,1.208
2012-05-04-21_21_00.208,108,3,12,0,-24.722,-51.792,1.707
2012-05-04-21_21_00.209,108,3,12,0,-24.682,-51.702,1.708
2012-05-04-21_21_00.210,108,3,12,0,-24.792,-51.771,1.708
2012-05-04-21_21_00.211,108,4,12,0,-33.718,-51.794,1.107
2012-05-04-21_21_00.212,108,4,12,0,-33.678,-51.704,1.108
2012-05-04-21_21_00.212,108,4,12,0,-33.789,-51.773,1.108
2012-05-04-21_21_00.213,108,5,12,0,-42.722,-51.790,1.508
2012-05-04-21_21_00.214,108,5,12,0,-42.679,-51.841,1.308
2012-05-04-21_21_00.215,108,5,12,0,-42.771,-51.808,1.408
2012-05-04-21_21_00.216,108,6,12,0,-51.764,-51.855,1.307
2012-05-04-21_21_00.216,108,6,12,0,-51.724,-51.765,1.408
2012-05-04-21_21_00.217,108,6,12,0,-51.834,-51.833,1.308
2012-05-04-21_21_00.218,108,7,12,0,-60.658,-51.791,2.107
2012-05-04-21_21_00.219,108,7,12,0,-60.729,-51.769,2.108
2012-05-04-21_21_00.219,108,7,12,0,-60.667,-51.719,2.108
2012-05-04-21_21_00.220,108,0,12,1,-2.197,-51.787,2.216
2012-05-04-21_21_00.221,108,0,12,1,-2.172,-51.690,2.116
2012-05-04-21_21_00.224,108,0,12,1,-2.265,-51.769,2.116
2012-05-04-21_21_00.225,108,1,12,1,-11.215,-51.793,1.916
2012-05-04-21_21_00.225,108,1,12,1,-11.346,-51.721,1.916
2012-05-04-21_21_00.226,108,1,12,1,-11.236,-51.706,1.916
2012-05-04-21_21_00.227,108,2,12,1,-20.162,-51.717,1.316
2012-05-04-21_21_00.229,108,2,12,1,-20.230,-51.699,1.316
2012-05-04-21_21_00.229,108,2,12,1,-20.235,-51.697,1.216
2012-05-04-21_21_00.230,108,3,12,1,-29.184,-51.799,1.416
2012-05-04-21_21_00.231,108,3,12,1,-29.159,-51.702,1.616
2012-05-04-21_21_00.231,108,3,12,1,-29.252,-51.781,1.716
2012-05-04-21_21_00.232,108,4,12,1,-38.180,-51.801,1.116
2012-05-04-21_21_00.233,108,4,12,1,-38.155,-51.704,1.016
2012-05-04-21_21_00.234,108,4,12,1,-38.248,-51.783,1.116
2012-05-04-21_21_00.235,108,5,12,1,-47.199,-51.790,1.416
2012-05-04-21_21_00.235,108,5,12,1,-47.279,-51.767,1.316
2012-05-04-21_21_00.236,108,5,12,1,-47.250,-51.792,1.416
2012-05-04-21_21_00.237,108,6,12,1,-56.226,-51.861,1.416
2012-05-04-21_21_00.238,108,6,12,1,-56.201,-51.764,1.416
2012-05-04-21_21_00.238,108,6,12,1,-56.294,-51.843,1.416
2012-05-04-21_21_00.239,108,7,12,1,-65.188,-51.779,2.216
2012-05-04-21_21_00.240,108,7,12,1,-65.193,-51.778,2.216
2012-05-04-21_21_00.241,108,7,12,1,-65.176,-51.678,2.216
2012-05-04-21_21_00.241,108,0,13,0,2.275,-56.278,2.227
2012-05-04-21_21_00.242,108,0,13,0,2.300,-56.190,2.227
2012-05-04-21_21_00.244,108,0,13,0,2.197,-56.254,2.227
2012-05-04-21_21_00.245,108,1,13,0,-6.755,-56.289,2.027
2012-05-04-21_21_00.246,108,1,13,0,-6.831,-56.269,2.027
2012-05-04-21_21_00.246,108,1,13,0,-6.774,-56.205,2.027
2012-05-04-21_21_00.247,108,2,13,0,-15.690,-56.208,1.327
2012-05-04-21_21_00.247,108,2,13,0,-15.768,-56.184,1.327
2012-05-04-21_21_00.248,108,2,13,0,-15.712,-56.139,1.327
2012-05-04-21_21_00.249,108,3,13,0,-24.712,-56.290,1.727
2012-05-04-21_21_00.250,108,3,13,0,-24.687,-56.203,1.727
2012-05-04-21_21_00.251,108,3,13,0,-24.790,-56.266,1.727
2012-05-04-21_21_00.251,108,4,13,0,-33.709,-56.292,1.127
2012-05-04-21_21_00.252,108,4,13,0,-33.684,-56.204,1.127
2012-05-04-21_21_00.254,108,4,13,0,-33.787,-56.268,1.127
2012-05-04-21_21_00.254,108,5,13,0,-42.727,-56.290,1.627
2012-05-04-21_21_00.255,108,5,13,0,-42.684,-56.338,1.327
2012-05-04-21_21_00.256,108,5,13,0,-42.774,-56.309,1.527
2012-05-04-21_21_00.257,108,6,13,0,-51.754,-56.353,1.327
2012-05-04-21_21_00.258,108,6,13,0,-51.729,-56.265,1.327
2012-05-04-21_21_00.259,108,6,13,0,-51.832,-56.329,1.327
2012-05-04-21_21_00.259,108,7,13,0,-60.649,-56.289,2.127
2012-05-04-21_21_00.260,108,7,13,0,-60.727,-56.265,3.327
2012-05-04-21_21_00.260,108,7,13,0,-60.670,-56.220,2.127
2012-05-04-21_21_00.261,108,0,13,1,-2.200,-56.288,2.138
2012-05-04-21_21_00.262,108,0,13,1,-2.174,-56.189,2.138
2012-05-04-21_21_00.263,108,0,13,1,-2.268,-56.265,2.138
2012-05-04-21_21_00.264,108,1,13,1,-11.213,-56.289,1.938
2012-05-04-21_21_00.264,108,1,13,1,-11.349,-56.221,1.938
2012-05-04-21_21_00.265,108,1,13,1,-11.234,-56.204,1.938
2012-05-04-21_21_00.266,108,2,13,1,-20.164,-56.218,1.338
2012-05-04-21_21_00.267,108,2,13,1,-20.233,-56.194,1.338
2012-05-04-21_21_00.268,108,2,13,1,-20.237,-56.194,1.338
2012-05-04-21_21_00.268,108,3,13,1,-29.186,-56.300,1.438
2012-05-04-21_21_00.269,108,3,13,1,-29.161,-56.202,1.638
2012-05-04-21_21_00.271,108,3,13,1,-29.255,-56.277,1.738
2012-05-04-21_21_00.271,108,4,13,1,-38.183,-56.302,1.038
2012-05-04-21_21_00.272,108,4,13,1,-38.158,-56.203,1.038
2012-05-04-21_21_00.273,108,4,13,1,-38.251,-56.279,1.038
2012-05-04-21_21_00.274,108,5,13,1,-47.202,-56.289,1.638
2012-05-04-21_21_00.274,108,5,13,1,-47.282,-56.265,1.638
2012-05-04-21_21_00.275,108,5,13,1,-47.253,-56.291,1.638
2012-05-04-21_21_00.275,108,6,13,1,-56.229,-56.363,1.438
2012-05-04-21_21_00.276,108,6,13,1,-56.203,-56.264,1.538
2012-05-04-21_21_00.277,108,6,13,1,-56.297,-56.339,1.538
2012-05-04-21_21_00.278,108,7,13,1,-65.191,-56.275,2.138
2012-05-04-21_21_00.278,108,7,13,1,-65.196,-56.275,2.238
2012-05-04-21_21_00.279,108,7,13,1,-65.178,-56.176,2.238
2012-05-04-21_21_00.280,108,0,14,0,2.272,-60.782,2.251
2012-05-04-21_21_00.281,108,0,14,0,2.297,-60.696,2.251
2012-05-04-21_21_00.282,108,0,14,0,2.196,-60.754,2.151
2012-05-04-21_21_00.282,108,1,14,0,-6.753,-60.789,1.951
2012-05-04-21_21_00.283,108,1,14,0,-6.831,-60.768,1.951
2012-05-04-21_21_00.285,108,1,14,0,-6.775,-60.711,1.951
2012-05-04-21_21_00.286,108,2,14,0,-15.693,-60.712,1.351
2012-05-04-21_21_00.286,108,2,14,0,-15.768,-60.684,1.351
2012-05-04-21_21_00.287,108,2,14,0,-15.712,-60.641,1.351
2012-05-04-21_21_00.288,108,3,14,0,-24.715,-60.794,1.751
2012-05-04-21_21_00.288,108,3,14,0,-24.690,-60.708,1.751
2012-05-04-21_21_00.290,108,3,14,0,-24.791,-60.766,1.651
2012-05-04-21_21_00.290,108,4,14,0,-33.712,-60.796,1.051
2012-05-04-21_21_00.291,108,4,14,0,-33.687,-60.710,1.051
2012-05-04-21_21_00.292,108,4,14,0,-33.787,-60.768,1.051
2012-05-04-21_21_00.293,108,5,14,0,-42.730,-60.796,1.551
2012-05-04-21_21_00.293,108,5,14,0,-42.684,-60.836,1.351
2012-05-04-21_21_00.296,108,5,14,0,-42.774,-60.811,1.551
2012-05-04-21_21_00.297,108,6,14,0,-51.757,-60.856,1.351
2012-05-04-21_21_00.297,108,6,14,0,-51.732,-60.770,1.451
2012-05-04-21_21_00.298,108,6,14,0,-51.833,-60.828,1.351
2012-05-04-21_21_00.299,108,7,14,0,-60.652,-60.793,2.151
2012-05-04-21_21_00.299,108,7,14,0,-60.727,-60.764,2.051
2012-05-04-21_21_00.300,108,7,14,0,-60.671,-60.722,2.151
2012-05-04-21_21_00.301,108,0,14,1,-2.200,-60.793,2.161
2012-05-04-21_21_00.302,108,0,14,1,-2.175,-60.696,2.161
2012-05-04-21_21_00.303,108,0,14,1,-2.271,-60.766,2.161
2012-05-04-21_21_00.303,108,1,14,1,-11.211,-60.790,1.961
2012-05-04-21_21_00.304,108,1,14,1,-11.349,-60.727,1.961
2012-05-04-21_21_00.305,108,1,14,1,-11.234,-60.710,1.961
2012-05-04-21_21_00.306,108,2,14,1,-20.165,-60.723,1.361
2012-05-04-21_21_00.307,108,2,14,1,-20.235,-60.696,1.361
2012-05-04-21_21_00.308,108,2,14,1,-20.243,-60.695,1.361
2012-05-04-21_21_00.309,108,3,14,1,-29.187,-60.805,1.261
2012-05-04-21_21_00.310,108,3,14,1,-29.162,-60.708,1.561
2012-05-04-21_21_00.311,108,3,14,1,-29.258,-60.779,1.561
2012-05-04-21_21_00.312,108,4,14,1,-38.184,-60.807,1.061
2012-05-04-21_21_00.312,108,4,14,1,-38.158,-60.710,1.061
2012-05-04-21_21_00.313,108,4,14,1,-38.254,-60.780,1.061
2012-05-04-21_21_00.314,108,5,14,1,-47.202,-60.796,1.561
2012-05-04-21_21_00.315,108,5,14,1,-47.283,-60.769,1.561
2012-05-04-21_21_00.315,108,5,14,1,-47.256,-60.799,1.561
2012-05-04-21_21_00.316,108,6,14,1,-56.229,-60.868,1.461
2012-05-04-21_21_00.317,108,6,14,1,-56.204,-60.770,1.461
2012-05-04-21_21_00.317,108,6,14,1,-56.300,-60.841,1.461
2012-05-04-21_21_00.318,108,7,14,1,-65.194,-60.777,2.261
2012-05-04-21_21_00.319,108,7,14,1,-65.202,-60.776,2.261
2012-05-04-21_21_00.320,108,7,14,1,-65.179,-60.680,2.261
2012-05-04-21_21_00.321,108,0,15,0,2.269,-65.284,2.170
2012-05-04-21_21_00.322,108,0,15,0,2.296,-65.196,2.270
2012-05-04-21_21_00.322,108,0,15,0,2.198,-65.256,2.270
2012-05-04-21_21_00.323,108,1,15,0,-6.749,-65.293,2.070
2012-05-04-21_21_00.324,108,1,15,0,-6.829,-65.267,2.070
2012-05-04-21_21_00.325,108,1,15,0,-6.773,-65.215,2.070
2012-05-04-21_21_00.325,108,2,15,0,-15.696,-65.214,1.370
2012-05-04-21_21_00.326,108,2,15,0,-15.766,-65.186,1.370
2012-05-04-21_21_00.327,108,2,15,0,-15.712,-65.139,1.370
2012-05-04-21_21_00.328,108,3,15,0,-24.718,-65.296,1.770
2012-05-04-21_21_00.329,108,3,15,0,-24.690,-65.208,1.770
2012-05-04-21_21_00.329,108,3,15,0,-24.789,-65.268,1.770
2012-05-04-21_21_00.331,108,4,15,0,-33.714,-65.298,1.070
2012-05-04-21_21_00.332,108,4,15,0,-33.687,-65.210,0.970
2012-05-04-21_21_00.333,108,4,15,0,-33.785,-65.270,1.070
2012-05-04-21_21_00.333,108,5,15,0,-42.731,-65.296,1.570
2012-05-04-21_21_00.334,108,5,15,0,-42.682,-65.335,1.370
2012-05-04-21_21_00.334,108,5,15,0,-42.775,-65.309,1.570
2012-05-04-21_21_00.335,108,6,15,0,-51.760,-65.358,1.370
2012-05-04-21_21_00.336,108,6,15,0,-51.732,-65.271,1.370
2012-05-04-21_21_00.337,108,6,15,0,-51.831,-65.330,1.370
2012-05-04-21_21_00.338,108,7,15,0,-60.655,-65.295,2.070
2012-05-04-21_21_00.338,108,7,15,0,-60.725,-65.266,2.070
2012-05-04-21_21_00.339,108,7,15,0,-60.671,-65.220,2.070
2012-05-04-21_21_00.340,108,0,15,1,-2.198,-65.291,2.179
2012-05-04-21_21_00.341,108,0,15,1,-2.170,-65.196,2.179
2012-05-04-21_21_00.341,108,0,15,1,-2.273,-65.269,2.179
2012-05-04-21_21_00.342,108,1,15,1,-11.214,-65.293,1.979
2012-05-04-21_21_00.343,108,1,15,1,-11.345,-65.227,1.979
2012-05-04-21_21_00.343,108,1,15,1,-11.235,-65.214,1.979
2012-05-04-21_21_00.344,108,2,15,1,-20.163,-65.221,1.379
2012-05-04-21_21_00.345,108,2,15,1,-20.238,-65.199,1.379
2012-05-04-21_21_00.348,108,2,15,1,-20.243,-65.198,1.379
2012-05-04-21_21_00.349,108,3,15,1,-29.185,-65.303,1.479
2012-05-04-21_21_00.349,108,3,15,1,-29.157,-65.208,1.479
2012-05-04-21_21_00.350,108,3,15,1,-29.260,-65.281,1.379
2012-05-04-21_21_00.351,108,4,15,1,-38.181,-65.305,1.079
2012-05-04-21_21_00.352,108,4,15,1,-38.154,-65.210,1.079
2012-05-04-21_21_00.353,108,4,15,1,-38.257,-65.283,1.079
2012-05-04-21_21_00.353,108,5,15,1,-47.198,-65.295,1.479
2012-05-04-21_21_00.354,108,5,15,1,-47.285,-65.273,1.479
2012-05-04-21_21_00.355,108,5,15,1,-47.256,-65.298,1.479
2012-05-04-21_21_00.356,108,6,15,1,-56.227,-65.366,1.479
2012-05-04-21_21_00.357,108,6,15,1,-56.199,-65.270,1.479
2012-05-04-21_21_00.357,108,6,15,1,-56.302,-65.344,1.479
2012-05-04-21_21_00.358,108,7,15,1,-65.197,-65.280,2.179
2012-05-04-21_21_00.358,108,7,15,1,-65.202,-65.279,2.179
2012-05-04-21_21_00.359,108,7,15,1,-65.182,-65.184,2.179
2012-05-04-21_21_00.360,108,0,16,0,2.266,-69.783,2.291
2012-05-04-21_21_00.361,108,0,16,0,2.294,-69.689,2.191
2012-05-04-21_21_00.361,108,0,16,0,2.196,-69.759,2.291
2012-05-04-21_21_00.362,108,1,16,0,-6.749,-69.794,2.091
2012-05-04-21_21_00.363,108,1,16,0,-6.832,-69.768,2.091
2012-05-04-21_21_00.364,108,1,16,0,-6.773,-69.708,2.091
2012-05-04-21_21_00.364,108,2,16,0,-15.699,-69.713,1.391
2012-05-04-21_21_00.365,108,2,16,0,-15.769,-69.689,1.391
2012-05-04-21_21_00.366,108,2,16,0,-15.747,-69.698,1.391
2012-05-04-21_21_00.367,108,3,16,0,-24.721,-69.795,1.791
2012-05-04-21_21_00.368,108,3,16,0,-24.693,-69.701,1.791
2012-05-04-21_21_00.369,108,3,16,0,-24.791,-69.771,1.791
2012-05-04-21_21_00.369,108,4,16,0,-33.717,-69.797,0.991
2012-05-04-21_21_00.370,108,4,16,0,-33.690,-69.703,0.991
2012-05-04-21_21_00.371,108,4,16,0,-33.788,-69.773,0.991
2012-05-04-21_21_00.372,108,5,16,0,-42.734,-69.788,1.591
2012-05-04-21_21_00.373,108,5,16,0,-42.685,-69.836,1.391
2012-05-04-21_21_00.373,108,5,16,0,-42.778,-69.803,1.591
2012-05-04-21_21_00.375,108,6,16,0,-51.763,-69.857,1.391
2012-05-04-21_21_00.375,108,6,16,0,-51.735,-69.763,1.391
2012-05-04-21_21_00.376,108,6,16,0,-51.833,-69.833,1.391
2012-05-04-21_21_00.377,108,7,16,0,-60.657,-69.793,2.191
2012-05-04-21_21_00.377,108,7,16,0,-60.728,-69.770,2.091
2012-05-04-21_21_00.378,108,7,16,0,-60.674,-69.714,2.091
2012-05-04-21_21_00.379,108,0,16,1,-2.196,-69.788,2.203
2012-05-04-21_21_00.380,108,0,16,1,-2.171,-69.688,2.203
2012-05-04-21_21_00.380,108,0,16,1,-2.271,-69.771,2.203
2012-05-04-21_21_00.381,108,1,16,1,-11.211,-69.795,2.003
2012-05-04-21_21_00.382,108,1,16,1,-11.345,-69.720,2.103
2012-05-04-21_21_00.383,108,1,16,1,-11.233,-69.708,2.002
2012-05-04-21_21_00.384,108,2,16,1,-20.161,-69.718,1.403
2012-05-04-21_21_00.384,108,2,16,1,-20.236,-69.701,1.403
2012-05-04-21_21_00.386,108,2,16,1,-20.246,-69.699,1.403
2012-05-04-21_21_00.386,108,3,16,1,-29.183,-69.801,1.503
2012-05-04-21_21_00.387,108,3,16,1,-29.158,-69.700,1.603
2012-05-04-21_21_00.389,108,3,16,1,-29.258,-69.783,1.503
2012-05-04-21_21_00.391,108,4,16,1,-38.179,-69.802,1.103
2012-05-04-21_21_00.392,108,4,16,1,-38.154,-69.702,1.103
2012-05-04-21_21_00.393,108,4,16,1,-38.255,-69.785,1.103
2012-05-04-21_21_00.394,108,5,16,1,-47.198,-69.788,1.403
2012-05-04-21_21_00.395,108,5,16,1,-47.286,-69.769,1.403
2012-05-04-21_21_00.395,108,5,16,1,-47.257,-69.792,1.602
2012-05-04-21_21_00.396,108,6,16,1,-56.225,-69.863,1.503
2012-05-04-21_21_00.397,108,6,16,1,-56.200,-69.763,1.503
2012-05-04-21_21_00.398,108,6,16,1,-56.300,-69.846,1.503
2012-05-04-21_21_00.398,108,7,16,1,-65.195,-69.782,2.203
2012-05-04-21_21_00.400,108,7,16,1,-65.205,-69.780,2.203
2012-05-04-21_21_00.401,108,7,16,1,-65.182,-69.680,2.203
2012-05-04-21_21_00.402,108,0,17,0,2.258,-74.280,2.215
2012-05-04-21_21_00.403,108,0,17,0,2.293,-74.190,2.215
2012-05-04-21_21_00.404,108,0,17,0,2.193,-74.259,2.215
2012-05-04-21_21_00.404,108,1,17,0,-6.747,-74.293,2.115
2012-05-04-21_21_00.405,108,1,17,0,-6.830,-74.272,2.115
2012-05-04-21_21_00.406,108,1,17,0,-6.771,-74.206,2.115
2012-05-04-21_21_00.407,108,2,17,0,-15.706,-74.210,1.415
2012-05-04-21_21_00.407,108,2,17,0,-15.772,-74.189,1.415
2012-05-04-21_21_00.408,108,2,17,0,-15.718,-74.138,1.415
2012-05-04-21_21_00.409,108,3,17,0,-24.729,-74.292,1.815
2012-05-04-21_21_00.409,108,3,17,0,-24.694,-74.202,1.815
2012-05-04-21_21_00.410,108,3,17,0,-24.794,-74.271,1.815
2012-05-04-21_21_00.411,108,4,17,0,-33.725,-74.294,1.115
2012-05-04-21_21_00.412,108,4,17,0,-33.690,-74.204,1.115
2012-05-04-21_21_00.412,108,4,17,0,-33.791,-74.273,1.115
2012-05-04-21_21_00.413,108,5,17,0,-42.734,-74.290,1.615
2012-05-04-21_21_00.414,108,5,17,0,-42.683,-74.340,1.415
2012-05-04-21_21_00.415,108,5,17,0,-42.781,-74.308,1.615
2012-05-04-21_21_00.415,108,6,17,0,-51.771,-74.354,1.415
2012-05-04-21_21_00.416,108,6,17,0,-51.736,-74.265,1.415
2012-05-04-21_21_00.417,108,6,17,0,-51.836,-74.333,1.415
2012-05-04-21_21_00.418,108,7,17,0,-60.665,-74.290,2.115
2012-05-04-21_21_00.418,108,7,17,0,-60.731,-74.269,2.115
2012-05-04-21_21_00.420,108,7,17,0,-60.677,-74.219,2.115
2012-05-04-21_21_00.421,108,0,17,1,-2.196,-74.286,2.224
2012-05-04-21_21_00.422,108,0,17,1,-2.169,-74.188,2.124
2012-05-04-21_21_00.422,108,0,17,1,-2.272,-74.269,2.224
2012-05-04-21_21_00.423,108,1,17,1,-11.214,-74.292,2.024
2012-05-04-21_21_00.424,108,1,17,1,-11.343,-74.220,1.924
2012-05-04-21_21_00.425,108,1,17,1,-11.233,-74.206,2.024
2012-05-04-21_21_00.426,108,2,17,1,-20.161,-74.216,1.424
2012-05-04-21_21_00.426,108,2,17,1,-20.237,-74.199,1.324
2012-05-04-21_21_00.427,108,2,17,1,-20.244,-74.196,1.424
2012-05-04-21_21_00.427,108,3,17,1,-29.183,-74.298,1.524
2012-05-04-21_21_00.428,108,3,17,1,-29.156,-74.200,1.524
2012-05-04-21_21_00.429,108,3,17,1,-29.259,-74.281,1.524
2012-05-04-21_21_00.430,108,4,17,1,-38.180,-74.300,1.024
2012-05-04-21_21_00.430,108,4,17,1,-38.152,-74.202,1.124
2012-05-04-21_21_00.431,108,4,17,1,-38.255,-74.283,1.124
2012-05-04-21_21_00.432,108,5,17,1,-47.196,-74.288,1.624
2012-05-04-21_21_00.433,108,5,17,1,-47.284,-74.266,1.724
2012-05-04-21_21_00.434,108,5,17,1,-47.255,-74.292,1.724
2012-05-04-21_21_00.434,108,6,17,1,-56.225,-74.361,1.524
2012-05-04-21_21_00.435,108,6,17,1,-56.198,-74.263,1.524
2012-05-04-21_21_00.436,108,6,17,1,-56.301,-74.343,1.524
2012-05-04-21_21_00.436,108,7,17,1,-65.195,-74.279,2.224
2012-05-04-21_21_00.437,108,7,17,1,-65.203,-74.277,2.224
2012-05-04-21_21_00.438,108,7,17,1,-65.180,-74.177,2.224
2012-05-04-21_21_00.439,108,0,18,0,2.270,-78.778,2.133
2012-05-04-21_21_00.439,108,0,18,0,2.295,-78.689,2.033
2012-05-04-21_21_00.440,108,0,18,0,2.190,-78.755,2.033
2012-05-04-21_21_00.441,108,1,18,0,-6.748,-78.789,1.933
2012-05-04-21_21_00.442,108,1,18,0,-6.828,-78.769,2.033
2012-05-04-21_21_00.443,108,1,18,0,-6.767,-78.703,2.033
2012-05-04-21_21_00.444,108,2,18,0,-15.695,-78.708,1.433
2012-05-04-21_21_00.444,108,2,18,0,-15.775,-78.685,1.433
2012-05-04-21_21_00.445,108,2,18,0,-15.719,-78.638,5.333
2012-05-04-21_21_00.446,108,3,18,0,-24.717,-78.790,1.833
2012-05-04-21_21_00.446,108,3,18,0,-24.692,-78.701,1.833
2012-05-04-21_21_00.447,108,3,18,0,-24.797,-78.767,1.833
2012-05-04-21_21_00.448,108,4,18,0,-33.713,-78.792,1.133
2012-05-04-21_21_00.449,108,4,18,0,-33.688,-78.703,1.133
2012-05-04-21_21_00.450,108,4,18,0,-33.794,-78.769,1.133
2012-05-04-21_21_00.451,108,5,18,0,-42.732,-78.788,1.833
2012-05-04-21_21_00.452,108,5,18,0,-42.681,-78.837,1.633
2012-05-04-21_21_00.453,108,5,18,0,-42.781,-78.808,8.633
2012-05-04-21_21_00.454,108,6,18,0,-51.759,-78.853,1.633
2012-05-04-21_21_00.454,108,6,18,0,-51.734,-78.763,1.633
2012-05-04-21_21_00.456,108,6,18,0,-51.839,-78.830,1.533
2012-05-04-21_21_00.457,108,7,18,0,-60.653,-78.789,2.433
2012-05-04-21_21_00.458,108,7,18,0,-60.734,-78.766,2.333
2012-05-04-21_21_00.458,108,7,18,0,-60.677,-78.719,13.033
2012-05-04-21_21_00.459,108,0,18,1,-2.197,-78.788,2.142
2012-05-04-21_21_00.460,108,0,18,1,-2.169,-78.688,2.042
2012-05-04-21_21_00.460,108,0,18,1,-2.270,-78.766,2.142
2012-05-04-21_21_00.461,108,1,18,1,-11.212,-78.788,1.942
2012-05-04-21_21_00.462,108,1,18,1,-11.344,-78.720,1.942
2012-05-04-21_21_00.462,108,1,18,1,-11.236,-78.703,1.941
2012-05-04-21_21_00.463,108,2,18,1,-20.162,-78.718,1.442
2012-05-04-21_21_00.464,108,2,18,1,-20.235,-78.696,1.442
2012-05-04-21_21_00.465,108,2,18,1,-20.244,-78.693,1.542
2012-05-04-21_21_00.466,108,3,18,1,-29.184,-78.800,1.542
2012-05-04-21_21_00.466,108,3,18,1,-29.156,-78.700,1.742
2012-05-04-21_21_00.467,108,3,18,1,-29.257,-78.778,1.642
2012-05-04-21_21_00.468,108,4,18,1,-38.180,-78.802,1.242
2012-05-04-21_21_00.468,108,4,18,1,-38.153,-78.702,1.142
2012-05-04-21_21_00.469,108,4,18,1,-38.253,-78.780,1.142
2012-05-04-21_21_00.470,108,5,18,1,-47.196,-78.788,1.742
2012-05-04-21_21_00.470,108,5,18,1,-47.284,-78.764,1.841
2012-05-04-21_21_00.473,108,5,18,1,-47.253,-78.793,1.841
2012-05-04-21_21_00.474,108,6,18,1,-56.226,-78.862,1.642
2012-05-04-21_21_00.475,108,6,18,1,-56.198,-78.763,1.642
2012-05-04-21_21_00.476,108,6,18,1,-56.299,-78.841,1.542
2012-05-04-21_21_00.476,108,7,18,1,-65.193,-78.777,2.342
2012-05-04-21_21_00.478,108,7,18,1,-65.203,-78.774,2.342
2012-05-04-21_21_00.479,108,7,18,1,-65.181,-78.675,2.441
2012-05-04-21_21_00.480,108,0,19,0,2.267,-83.282,2.053
2012-05-04-21_21_00.480,108,0,19,0,2.297,-83.195,2.053
2012-05-04-21_21_00.481,108,0,19,0,2.189,-83.253,2.053
2012-05-04-21_21_00.482,108,1,19,0,-6.748,-83.289,1.953
2012-05-04-21_21_00.482,108,1,19,0,-6.826,-83.268,2.053
2012-05-04-21_21_00.483,108,1,19,0,-6.767,-83.210,1.953
2012-05-04-21_21_00.484,108,2,19,0,-15.698,-83.212,1.453
2012-05-04-21_21_00.485,108,2,19,0,-15.775,-83.183,1.453
2012-05-04-21_21_00.486,108,2,19,0,-15.719,-83.141,1.453
2012-05-04-21_21_00.486,108,3,19,0,-24.720,-83.294,1.853
2012-05-04-21_21_00.487,108,3,19,0,-24.690,-83.208,1.853
2012-05-04-21_21_00.488,108,3,19,0,-24.798,-83.266,1.853
2012-05-04-21_21_00.489,108,4,19,0,-33.716,-83.296,1.153
2012-05-04-21_21_00.490,108,4,19,0,-33.686,-83.209,1.153
2012-05-04-21_21_00.491,108,4,19,0,-33.794,-83.267,1.153
2012-05-04-21_21_00.491,108,5,19,0,-42.730,-83.295,1.753
2012-05-04-21_21_00.492,108,5,19,0,-42.679,-83.336,1.653
2012-05-04-21_21_00.493,108,5,19,0,-42.781,-83.311,1.853
2012-05-04-21_21_00.494,108,6,19,0,-51.762,-83.356,1.553
2012-05-04-21_21_00.495,108,6,19,0,-51.732,-83.270,1.553
2012-05-04-21_21_00.496,108,6,19,0,-51.840,-83.328,1.553
2012-05-04-21_21_00.496,108,7,19,0,-60.656,-83.293,2.353
2012-05-04-21_21_00.497,108,7,19,0,-60.734,-83.264,2.453
2012-05-04-21_21_00.498,108,7,19,0,-60.678,-83.222,2.353
2012-05-04-21_21_00.499,108,0,19,1,-2.195,-83.293,2.165
2012-05-04-21_21_00.500,108,0,19,1,-2.167,-83.195,2.065
2012-05-04-21_21_00.500,108,0,19,1,-2.273,-83.266,2.065
2012-05-04-21_21_00.502,108,1,19,1,-11.213,-83.290,1.965
2012-05-04-21_21_00.505,108,1,19,1,-11.342,-83.227,1.965
2012-05-04-21_21_00.505,108,1,19,1,-11.237,-83.210,1.865
2012-05-04-21_21_00.506,108,2,19,1,-20.160,-83.223,1.565
2012-05-04-21_21_00.508,108,2,19,1,-20.238,-83.196,1.565
2012-05-04-21_21_00.508,108,2,19,1,-20.242,-83.195,1.565
2012-05-04-21_21_00.509,108,3,19,1,-29.182,-83.305,1.665
2012-05-04-21_21_00.510,108,3,19,1,-29.154,-83.207,1.865
2012-05-04-21_21_00.511,108,3,19,1,-29.260,-83.279,1.865
2012-05-04-21_21_00.512,108,4,19,1,-38.178,-83.307,1.265
2012-05-04-21_21_00.513,108,4,19,1,-38.151,-83.209,1.165
2012-05-04-21_21_00.513,108,4,19,1,-38.256,-83.280,1.165
2012-05-04-21_21_00.514,108,5,19,1,-47.194,-83.295,1.665
2012-05-04-21_21_00.515,108,5,19,1,-47.285,-83.269,1.765
2012-05-04-21_21_00.516,108,5,19,1,-47.253,-83.299,1.765
2012-05-04-21_21_00.517,108,6,19,1,-56.196,-83.269,1.565
2012-05-04-21_21_00.518,108,6,19,1,-56.302,-83.341,1.565
2012-05-04-21_21_00.518,108,6,19,1,-56.307,-83.340,1.565
2012-05-04-21_21_00.519,108,7,19,1,-65.196,-83.277,2.365
2012-05-04-21_21_00.521,108,7,19,1,-65.201,-83.276,2.465
2012-05-04-21_21_00.522,108,7,19,1,-65.181,-83.180,2.365
2012-05-04-21_21_00.523,108,0,20,0,2.267,-87.783,2.078
2012-05-04-21_21_00.523,108,0,20,0,2.297,-87.696,2.078
2012-05-04-21_21_00.524,108,0,20,0,2.187,-87.754,2.078
2012-05-04-21_21_00.525,108,1,20,0,-6.751,-87.794,1.978
2012-05-04-21_21_00.526,108,1,20,0,-6.827,-87.768,1.978
2012-05-04-21_21_00.527,108,1,20,0,-6.770,-87.715,1.978
2012-05-04-21_21_00.527,108,2,20,0,-15.698,-87.713,1.478
2012-05-04-21_21_00.528,108,2,20,0,-15.778,-87.684,1.478
2012-05-04-21_21_00.529,108,2,20,0,-15.717,-87.639,1.478
2012-05-04-21_21_00.531,108,3,20,0,-24.720,-87.795,1.878
2012-05-04-21_21_00.532,108,3,20,0,-24.690,-87.708,1.878
2012-05-04-21_21_00.532,108,3,20,0,-24.800,-87.767,1.878
2012-05-04-21_21_00.533,108,4,20,0,-33.717,-87.797,1.078
2012-05-04-21_21_00.534,108,4,20,0,-33.687,-87.710,1.078
2012-05-04-21_21_00.535,108,4,20,0,-33.797,-87.768,1.178
2012-05-04-21_21_00.535,108,5,20,0,-42.730,-87.796,1.778
2012-05-04-21_21_00.536,108,5,20,0,-42.679,-87.836,1.678
2012-05-04-21_21_00.537,108,5,20,0,-42.779,-87.809,1.778
2012-05-04-21_21_00.538,108,6,20,0,-51.762,-87.857,1.578
2012-05-04-21_21_00.538,108,6,20,0,-51.732,-87.771,1.578
2012-05-04-21_21_00.539,108,6,20,0,-51.681,-87.810,1.578
2012-05-04-21_21_00.540,108,7,20,0,-60.657,-87.794,2.378
2012-05-04-21_21_00.541,108,7,20,0,-60.737,-87.765,2.378
2012-05-04-21_21_00.541,108,7,20,0,-60.676,-87.720,2.378
2012-05-04-21_21_00.542,108,0,20,1,-2.193,-87.791,2.087
2012-05-04-21_21_00.543,108,0,20,1,-2.278,-87.771,2.087
2012-05-04-21_21_00.543,108,0,20,1,-2.219,-87.710,2.087
2012-05-04-21_21_00.544,108,2,20,1,-20.158,-87.721,1.587
2012-05-04-21_21_00.545,108,2,20,1,-20.243,-87.701,1.487
2012-05-04-21_21_00.546,108,3,20,1,-29.180,-87.803,1.587
2012-05-04-21_21_00.546,108,3,20,1,-29.265,-87.784,1.787
2012-05-04-21_21_00.548,108,3,20,1,-29.206,-87.722,1.887
2012-05-04-21_21_00.548,108,4,20,1,-38.176,-87.805,1.287
2012-05-04-21_21_00.549,108,4,20,1,-38.262,-87.785,1.187
2012-05-04-21_21_00.549,108,4,20,1,-38.203,-87.724,1.287
2012-05-04-21_21_00.550,108,5,20,1,-47.246,-87.810,1.887
2012-05-04-21_21_00.551,108,6,20,1,-56.222,-87.866,1.587
2012-05-04-21_21_00.552,108,6,20,1,-56.307,-87.846,1.587
2012-05-04-21_21_00.553,108,6,20,1,-56.148,-87.811,1.687
2012-05-04-21_21_00.553,108,7,20,1,-65.202,-87.782,2.487
2012-05-04-21_21_00.554,108,7,20,1,-65.143,-87.721,2.387
2012-05-04-21_21_00.556,108,0,21,0,2.269,-92.283,2.096
2012-05-04-21_21_00.557,108,0,21,0,2.296,-92.190,2.096
2012-05-04-21_21_00.558,108,0,21,0,2.189,-92.258,2.096
2012-05-04-21_21_00.558,108,1,21,0,-6.752,-92.295,1.996
2012-05-04-21_21_00.559,108,1,21,0,-6.827,-92.269,1.996
2012-05-04-21_21_00.561,108,1,21,0,-6.770,-92.209,1.996
2012-05-04-21_21_00.562,108,2,21,0,-15.696,-92.213,1.396
2012-05-04-21_21_00.562,108,2,21,0,-15.776,-92.187,1.396
2012-05-04-21_21_00.563,108,2,21,0,-15.752,-92.197,1.396
2012-05-04-21_21_00.563,108,3,21,0,-24.718,-92.295,1.896
2012-05-04-21_21_00.564,108,3,21,0,-24.691,-92.202,1.896
2012-05-04-21_21_00.565,108,3,21,0,-24.798,-92.270,1.796
2012-05-04-21_21_00.566,108,4,21,0,-33.715,-92.297,1.196
2012-05-04-21_21_00.566,108,4,21,0,-33.687,-92.204,1.096
2012-05-04-21_21_00.567,108,4,21,0,-33.795,-92.272,1.196
2012-05-04-21_21_00.568,108,5,21,0,-42.731,-92.290,1.896
2012-05-04-21_21_00.568,108,5,21,0,-42.680,-92.337,1.596
2012-05-04-21_21_00.569,108,5,21,0,-42.780,-92.304,5.796
2012-05-04-21_21_00.570,108,6,21,0,-51.760,-92.357,1.596
2012-05-04-21_21_00.570,108,6,21,0,-51.733,-92.264,1.496
2012-05-04-21_21_00.571,108,6,21,0,-51.682,-92.311,1.496
2012-05-04-21_21_00.572,108,7,21,0,-60.655,-92.293,2.396
2012-05-04-21_21_00.573,108,7,21,0,-60.735,-92.268,2.396
2012-05-04-21_21_00.574,108,7,21,0,-60.676,-92.215,10.396
2012-05-04-21_21_00.574,108,0,21,1,-2.193,-92.289,2.105
2012-05-04-21_21_00.575,108,0,21,1,-2.168,-92.190,2.104
2012-05-04-21_21_00.576,108,0,21,1,-2.269,-92.270,2.104
2012-05-04-21_21_00.577,108,1,21,1,-11.214,-92.296,2.105
2012-05-04-21_21_00.578,108,1,21,1,-11.342,-92.221,2.104
2012-05-04-21_21_00.578,108,1,21,1,-11.235,-92.209,2.104
2012-05-04-21_21_00.579,108,2,21,1,-20.158,-92.219,1.505
2012-05-04-21_21_00.580,108,2,21,1,-20.234,-92.200,1.504
2012-05-04-21_21_00.580,108,2,21,1,-20.241,-92.199,1.504
2012-05-04-21_21_00.581,108,3,21,1,-29.180,-92.301,1.605
2012-05-04-21_21_00.582,108,3,21,1,-29.155,-92.202,1.804
2012-05-04-21_21_00.582,108,3,21,1,-29.256,-92.283,1.604
2012-05-04-21_21_00.583,108,4,21,1,-38.177,-92.303,1.205
2012-05-04-21_21_00.584,108,4,21,1,-38.152,-92.204,1.204
2012-05-04-21_21_00.585,108,4,21,1,-38.252,-92.284,1.204
2012-05-04-21_21_00.586,108,5,21,1,-47.195,-92.289,1.704
2012-05-04-21_21_00.588,108,5,21,1,-47.281,-92.269,1.704
2012-05-04-21_21_00.588,108,5,21,1,-47.251,-92.291,1.704
2012-05-04-21_21_00.589,108,6,21,1,-56.222,-92.363,1.605
2012-05-04-21_21_00.590,108,6,21,1,-56.197,-92.264,1.604
2012-05-04-21_21_00.591,108,6,21,1,-56.298,-92.345,1.504
2012-05-04-21_21_00.592,108,7,21,1,-65.192,-92.281,2.204
2012-05-04-21_21_00.592,108,7,21,1,-65.200,-92.280,2.204
2012-05-04-21_21_00.593,108,7,21,1,-65.177,-92.180,2.204
2012-05-04-21_21_00.594,108,0,22,0,2.259,-96.780,2.116
2012-05-04-21_21_00.594,108,0,22,0,2.296,-96.691,2.116
2012-05-04-21_21_00.595,108,0,22,0,2.188,-96.758,2.116
2012-05-04-21_21_00.596,108,1,22,0,-6.752,-96.794,2.016
2012-05-04-21_21_00.597,108,1,22,0,-6.828,-96.774,2.016
2012-05-04-21_21_00.597,108,1,22,0,-6.773,-96.707,2.016
2012-05-04-21_21_00.598,108,2,22,0,-15.706,-96.710,1.416
2012-05-04-21_21_00.599,108,2,22,0,-15.777,-96.688,1.316
2012-05-04-21_21_00.600,108,2,22,0,-15.715,-96.639,1.316
2012-05-04-21_21_00.600,108,3,22,0,-24.728,-96.792,1.816
2012-05-04-21_21_00.601,108,3,22,0,-24.691,-96.703,1.816
2012-05-04-21_21_00.602,108,3,22,0,-24.799,-96.770,1.816
2012-05-04-21_21_00.603,108,4,22,0,-33.725,-96.794,1.116
2012-05-04-21_21_00.604,108,4,22,0,-33.687,-96.705,1.116
2012-05-04-21_21_00.604,108,4,22,0,-33.795,-96.772,1.116
2012-05-04-21_21_00.605,108,5,22,0,-42.731,-96.790,1.816
2012-05-04-21_21_00.608,108,5,22,0,-42.680,-96.842,1.616
2012-05-04-21_21_00.609,108,5,22,0,-42.778,-96.809,1.916
2012-05-04-21_21_00.610,108,6,22,0,-51.770,-96.855,1.516
2012-05-04-21_21_00.610,108,6,22,0,-51.733,-96.765,1.516
2012-05-04-21_21_00.611,108,6,22,0,-51.682,-96.817,1.516
2012-05-04-21_21_00.612,108,7,22,0,-60.665,-96.791,2.316
2012-05-04-21_21_00.613,108,7,22,0,-60.735,-96.769,2.316
2012-05-04-21_21_00.613,108,7,22,0,-60.674,-96.720,2.316
2012-05-04-21_21_00.614,108,0,22,1,-2.191,-96.786,2.025
2012-05-04-21_21_00.615,108,0,22,1,-2.168,-96.690,2.025
2012-05-04-21_21_00.616,108,0,22,1,-2.267,-96.768,2.025
2012-05-04-21_21_00.617,108,1,22,1,-11.214,-96.793,2.025
2012-05-04-21_21_00.618,108,1,22,1,-11.343,-96.722,2.025
2012-05-04-21_21_00.618,108,1,22,1,-11.235,-96.707,2.025
2012-05-04-21_21_00.619,108,2,22,1,-20.156,-96.716,1.525
2012-05-04-21_21_00.620,108,2,22,1,-20.232,-96.698,1.525
2012-05-04-21_21_00.620,108,2,22,1,-20.236,-96.697,1.525
2012-05-04-21_21_00.621,108,3,22,1,-29.178,-96.799,1.625
2012-05-04-21_21_00.621,108,3,22,1,-29.155,-96.702,1.625
2012-05-04-21_21_00.622,108,3,22,1,-29.254,-96.780,1.525
2012-05-04-21_21_00.623,108,4,22,1,-38.175,-96.800,1.225
2012-05-04-21_21_00.623,108,4,22,1,-38.152,-96.704,1.225
2012-05-04-21_21_00.624,108,4,22,1,-38.250,-96.782,1.225
2012-05-04-21_21_00.625,108,5,22,1,-47.196,-96.790,1.725
2012-05-04-21_21_00.626,108,5,22,1,-47.281,-96.768,1.625
2012-05-04-21_21_00.626,108,5,22,1,-47.252,-96.791,1.625
2012-05-04-21_21_00.627,108,6,22,1,-56.220,-96.861,1.625
2012-05-04-21_21_00.628,108,6,22,1,-56.197,-96.765,1.625
2012-05-04-21_21_00.628,108,6,22,1,-56.296,-96.843,1.525
2012-05-04-21_21_00.629,108,7,22,1,-65.190,-96.779,2.125
2012-05-04-21_21_00.630,108,7,22,1,-65.195,-96.778,2.225
2012-05-04-21_21_00.630,108,7,22,1,-65.177,-96.679,2.225
2012-05-04-21_21_00.631,108,0,23,0,2.273,-101.278,2.040
2012-05-04-21_21_00.632,108,0,23,0,2.296,-101.189,2.040
2012-05-04-21_21_00.632,108,0,23,0,2.188,-101.254,2.040
2012-05-04-21_21_00.633,108,1,23,0,-6.755,-101.289,1.940
2012-05-04-21_21_00.633,108,1,23,0,-6.828,-101.269,1.940
2012-05-04-21_21_00.634,108,1,23,0,-6.774,-101.204,1.940
2012-05-04-21_21_00.635,108,2,23,0,-15.692,-101.208,1.340
2012-05-04-21_21_00.636,108,2,23,0,-15.777,-101.184,1.240
2012-05-04-21_21_00.637,108,2,23,0,-15.716,-101.139,1.340
2012-05-04-21_21_00.637,108,3,23,0,-24.714,-101.290,1.840
2012-05-04-21_21_00.640,108,3,23,0,-24.691,-101.202,1.840
2012-05-04-21_21_00.641,108,3,23,0,-24.799,-101.267,1.840
2012-05-04-21_21_00.642,108,4,23,0,-33.711,-101.292,1.140
2012-05-04-21_21_00.642,108,4,23,0,-33.688,-101.203,1.040
2012-05-04-21_21_00.643,108,4,23,0,-33.796,-101.268,1.140
2012-05-04-21_21_00.644,108,5,23,0,-42.732,-101.289,1.740
2012-05-04-21_21_00.644,108,5,23,0,-42.681,-101.338,1.640
2012-05-04-21_21_00.645,108,5,23,0,-42.778,-101.309,1.840
2012-05-04-21_21_00.646,108,6,23,0,-51.756,-101.353,1.540
2012-05-04-21_21_00.647,108,6,23,0,-51.733,-101.264,1.540
2012-05-04-21_21_00.648,108,6,23,0,-51.682,-101.312,1.540
2012-05-04-21_21_00.648,108,7,23,0,-60.651,-101.289,2.240
2012-05-04-21_21_00.649,108,7,23,0,-60.736,-101.265,2.340
2012-05-04-21_21_00.650,108,7,23,0,-60.675,-101.220,2.240
2012-05-04-21_21_00.651,108,0,23,1,-2.182,-101.276,2.140
2012-05-04-21_21_00.651,108,0,23,1,-2.164,-101.189,2.040
2012-05-04-21_21_00.652,108,0,23,1,-2.262,-101.265,2.040
2012-05-04-21_21_00.653,108,1,23,1,-11.210,-101.288,1.940
2012-05-04-21_21_00.654,108,1,23,1,-11.338,-101.221,2.040
2012-05-04-21_21_00.654,108,1,23,1,-11.236,-101.204,2.040
2012-05-04-21_21_00.655,108,2,23,1,-20.147,-101.206,1.440
2012-05-04-21_21_00.658,108,2,23,1,-20.227,-101.195,1.440
2012-05-04-21_21_00.659,108,2,23,1,-20.237,-101.194,1.440
2012-05-04-21_21_00.659,108,3,23,1,-29.169,-101.288,1.540
2012-05-04-21_21_00.660,108,3,23,1,-29.151,-101.202,1.640
2012-05-04-21_21_00.661,108,3,23,1,-29.249,-101.277,1.540
2012-05-04-21_21_00.661,108,4,23,1,-38.165,-101.290,1.140
2012-05-04-21_21_00.662,108,4,23,1,-38.148,-101.203,1.240
2012-05-04-21_21_00.663,108,4,23,1,-38.246,-101.279,1.140
2012-05-04-21_21_00.664,108,5,23,1,-47.191,-101.289,1.640
2012-05-04-21_21_00.664,108,5,23,1,-47.279,-101.266,1.640
2012-05-04-21_21_00.665,108,5,23,1,-47.250,-101.293,1.640
2012-05-04-21_21_00.666,108,6,23,1,-56.211,-101.351,1.540
2012-05-04-21_21_00.666,108,6,23,1,-56.193,-101.264,1.540
2012-05-04-21_21_00.667,108,6,23,1,-56.291,-101.339,1.540
2012-05-04-21_21_00.668,108,7,23,1,-65.186,-101.276,2.140
2012-05-04-21_21_00.669,108,7,23,1,-65.196,-101.275,2.140
2012-05-04-21_21_00.670,108,7,23,1,-65.175,-101.176,2.140
