2012-05-16-11_33_14.169,3,0,0,0,2.251,2.213,0.458
2012-05-16-11_33_14.175,3,0,0,0,2.192,2.214,0.458
2012-05-16-11_33_14.182,3,0,0,0,2.331,2.260,0.458
2012-05-16-11_33_14.188,3,0,0,0,2.255,2.235,0.458
2012-05-16-11_33_14.195,3,1,0,0,-6.671,2.257,0.651
2012-05-16-11_33_14.201,3,1,0,0,-6.776,2.254,0.651
2012-05-16-11_33_14.208,3,1,0,0,-6.729,2.258,0.651
2012-05-16-11_33_14.214,3,1,0,0,-6.666,2.278,0.651
2012-05-16-11_33_14.220,3,2,0,0,-15.730,2.189,0.682
2012-05-16-11_33_14.227,3,2,0,0,-15.789,2.190,0.682
2012-05-16-11_33_14.233,3,2,0,0,-15.725,2.210,0.682
2012-05-16-11_33_14.240,3,2,0,0,-15.789,2.259,0.780
2012-05-16-11_33_14.246,3,3,0,0,-24.724,2.214,0.279
2012-05-16-11_33_14.253,3,3,0,0,-24.678,2.219,0.377
2012-05-16-11_33_14.259,3,3,0,0,-24.678,2.288,0.279
2012-05-16-11_33_14.265,3,3,0,0,-24.717,2.287,0.181
2012-05-16-11_33_14.272,3,4,0,0,-33.747,2.214,0.579
2012-05-16-11_33_14.278,3,4,0,0,-33.818,2.214,0.481
2012-05-16-11_33_14.285,3,4,0,0,-33.818,2.279,0.482
2012-05-16-11_33_14.291,3,4,0,0,-33.744,2.281,0.482
2012-05-16-11_33_14.298,3,5,0,0,-42.752,2.229,0.711
2012-05-16-11_33_14.304,3,5,0,0,-42.811,2.231,0.809
2012-05-16-11_33_14.310,3,5,0,0,-42.672,2.277,0.613
2012-05-16-11_33_14.317,3,5,0,0,-42.748,2.251,0.711
2012-05-16-11_33_14.323,3,6,0,0,-51.813,2.191,19.245
2012-05-16-11_33_14.330,3,6,0,0,-51.809,2.212,19.146
2012-05-16-11_33_14.336,3,6,0,0,-51.733,2.303,19.048
2012-05-16-11_33_14.343,3,6,0,0,-51.809,2.263,19.245
2012-05-16-11_33_14.349,3,7,0,0,-60.721,2.214,19.242
2012-05-16-11_33_14.513,3,7,0,0,-60.787,2.212,19.042
2012-05-16-11_33_14.520,3,7,0,0,-60.787,2.286,19.042
2012-05-16-11_33_14.526,3,7,0,0,-60.718,2.286,19.242
2012-05-16-11_33_14.532,3,0,1,0,2.257,-2.286,0.516
2012-05-16-11_33_14.539,3,0,1,0,2.194,-2.286,0.416
2012-05-16-11_33_14.545,3,0,1,0,2.333,-2.241,0.516
2012-05-16-11_33_14.552,3,0,1,0,2.194,-2.215,0.416
2012-05-16-11_33_14.558,3,1,1,0,-6.664,-2.243,0.510
2012-05-16-11_33_14.565,3,1,1,0,-6.769,-2.246,0.510
2012-05-16-11_33_14.571,3,1,1,0,-6.727,-2.243,0.510
2012-05-16-11_33_14.577,3,1,1,0,-6.727,-2.172,0.511
2012-05-16-11_33_14.584,3,2,1,0,-15.723,-2.311,0.542
2012-05-16-11_33_14.590,3,2,1,0,-15.787,-2.311,0.542
2012-05-16-11_33_14.597,3,2,1,0,-15.787,-2.240,0.542
2012-05-16-11_33_14.603,3,2,1,0,-15.724,-2.236,0.542
2012-05-16-11_33_14.610,3,3,1,0,-24.718,-2.285,0.237
2012-05-16-11_33_14.616,3,3,1,0,-24.676,-2.282,0.237
2012-05-16-11_33_14.622,3,3,1,0,-24.676,-2.211,0.237
2012-05-16-11_33_14.629,3,3,1,0,-24.718,-2.211,0.139
2012-05-16-11_33_14.635,3,4,1,0,-33.745,-2.288,0.832
2012-05-16-11_33_14.641,3,4,1,0,-33.816,-2.287,0.734
2012-05-16-11_33_14.645,3,4,1,0,-33.816,-2.221,0.636
2012-05-16-11_33_14.650,3,4,1,0,-33.745,-2.221,0.636
2012-05-16-11_33_14.654,3,5,1,0,-42.746,-2.270,0.571
2012-05-16-11_33_14.658,3,5,1,0,-42.809,-2.270,0.571
2012-05-16-11_33_14.663,3,5,1,0,-42.670,-2.225,0.571
2012-05-16-11_33_14.667,3,5,1,0,-42.809,-2.199,0.571
2012-05-16-11_33_14.671,3,6,1,0,-51.807,-2.309,0.709
2012-05-16-11_33_14.675,3,6,1,0,-51.660,-2.264,0.808
2012-05-16-11_33_14.680,3,6,1,0,-51.731,-2.263,0.808
2012-05-16-11_33_14.684,3,6,1,0,-51.731,-2.197,0.808
2012-05-16-11_33_14.688,3,7,1,0,-60.716,-2.285,19.000
2012-05-16-11_33_14.693,3,7,1,0,-60.787,-2.285,19.000
2012-05-16-11_33_14.697,3,7,1,0,-60.787,-2.217,19.100
2012-05-16-11_33_14.701,3,7,1,0,-60.717,-2.217,19.000
2012-05-16-11_33_14.705,3,0,2,0,2.257,-6.783,0.566
2012-05-16-11_33_14.710,3,1,2,0,-6.664,-6.740,0.461
2012-05-16-11_33_14.714,3,2,2,0,-15.724,-6.808,0.885
2012-05-16-11_33_14.718,3,5,2,0,-42.746,-6.767,0.718
2012-05-16-11_33_14.722,3,6,2,0,-51.807,-6.806,0.857
