2012-05-05-19_28_21.611,103,0,0,0,2.259,2.219,3.496
2012-05-05-19_28_21.612,103,1,0,0,-6.747,2.205,2.896
2012-05-05-19_28_21.637,103,2,0,0,-15.738,2.300,2.496
2012-05-05-19_28_21.638,103,3,0,0,-24.792,2.204,2.496
2012-05-05-19_28_21.639,103,4,0,0,-33.779,2.229,1.896
2012-05-05-19_28_21.640,103,5,0,0,-42.794,2.167,2.696
2012-05-05-19_28_21.641,103,6,0,0,-51.793,2.163,2.596
2012-05-05-19_28_21.642,103,7,0,0,-60.715,2.246,3.296
2012-05-05-19_28_21.643,103,0,0,1,-2.186,2.214,3.696
2012-05-05-19_28_21.644,103,1,0,1,-11.201,2.205,3.096
2012-05-05-19_28_21.645,103,2,0,1,-20.183,2.294,2.596
2012-05-05-19_28_21.647,103,3,0,1,-29.237,2.198,2.596
2012-05-05-19_28_21.647,103,4,0,1,-38.224,2.223,2.196
2012-05-05-19_28_21.648,103,5,0,1,-47.239,2.161,2.596
2012-05-05-19_28_21.649,103,6,0,1,-56.238,2.158,2.796
2012-05-05-19_28_21.650,103,7,0,1,-65.160,2.240,3.396
2012-05-05-19_28_21.651,103,0,1,0,2.271,-2.280,3.712
2012-05-05-19_28_21.652,103,1,1,0,-6.745,-2.290,3.112
2012-05-05-19_28_21.652,103,2,1,0,-15.726,-2.200,2.512
2012-05-05-19_28_21.653,103,3,1,0,-24.781,-2.295,2.812
2012-05-05-19_28_21.655,103,4,1,0,-33.768,-2.270,2.112
2012-05-05-19_28_21.664,103,5,1,0,-42.782,-2.332,2.612
2012-05-05-19_28_21.665,103,6,1,0,-51.781,-2.336,2.812
2012-05-05-19_28_21.666,103,7,1,0,-60.703,-2.254,3.312
2012-05-05-19_28_21.667,103,0,1,1,-2.186,-2.289,3.819
2012-05-05-19_28_21.668,103,1,1,1,-11.202,-2.289,3.119
2012-05-05-19_28_21.669,103,2,1,1,-20.183,-2.209,2.619
2012-05-05-19_28_21.670,103,3,1,1,-29.238,-2.304,2.619
2012-05-05-19_28_21.671,103,4,1,1,-38.225,-2.279,2.019
2012-05-05-19_28_21.672,103,5,1,1,-47.239,-2.341,2.519
2012-05-05-19_28_21.674,103,6,1,1,-56.238,-2.345,2.719
2012-05-05-19_28_21.675,103,7,1,1,-65.160,-2.263,3.319
2012-05-05-19_28_21.676,103,0,2,0,2.271,-6.784,3.628
2012-05-05-19_28_21.677,103,1,2,0,-6.743,-6.787,3.228
2012-05-05-19_28_21.678,103,2,2,0,-15.726,-6.704,2.628
2012-05-05-19_28_21.679,103,3,2,0,-24.781,-6.800,2.828
2012-05-05-19_28_21.681,103,4,2,0,-33.768,-6.775,2.128
2012-05-05-19_28_21.682,103,5,2,0,-42.783,-6.837,2.828
2012-05-05-19_28_21.683,103,6,2,0,-51.781,-6.841,2.728
2012-05-05-19_28_21.684,103,7,2,0,-60.703,-6.758,3.628
2012-05-05-19_28_21.687,103,0,2,1,-2.189,-6.792,3.737
2012-05-05-19_28_21.687,103,1,2,1,-11.202,-6.786,3.136
2012-05-05-19_28_21.688,103,2,2,1,-20.186,-6.712,2.637
2012-05-05-19_28_21.689,103,3,2,1,-29.241,-6.807,2.637
2012-05-05-19_28_21.692,103,4,2,1,-38.228,-6.782,2.337
2012-05-05-19_28_21.693,103,5,2,1,-47.242,-6.845,2.637
2012-05-05-19_28_21.694,103,6,2,1,-56.241,-6.848,2.837
2012-05-05-19_28_21.695,103,7,2,1,-65.163,-6.766,3.437
2012-05-05-19_28_21.696,103,0,3,0,2.273,-11.282,3.647
2012-05-05-19_28_21.697,103,1,3,0,-6.741,-11.285,3.247
2012-05-05-19_28_21.698,103,2,3,0,-15.724,-11.202,2.647
2012-05-05-19_28_21.699,103,3,3,0,-24.779,-11.297,2.847
2012-05-05-19_28_21.700,103,4,3,0,-33.766,-11.272,2.247
2012-05-05-19_28_21.701,103,5,3,0,-42.781,-11.335,2.747
2012-05-05-19_28_21.702,103,6,3,0,-51.779,-11.338,2.847
2012-05-05-19_28_21.703,103,7,3,0,-60.701,-11.256,3.347
2012-05-05-19_28_21.704,103,0,3,1,-2.189,-11.288,3.759
2012-05-05-19_28_21.705,103,1,3,1,-11.203,-11.285,3.159
2012-05-05-19_28_21.706,103,2,3,1,-20.186,-11.208,2.659
2012-05-05-19_28_21.707,103,3,3,1,-29.241,-11.303,2.759
2012-05-05-19_28_21.708,103,4,3,1,-38.228,-11.278,2.359
2012-05-05-19_28_21.709,103,5,3,1,-47.243,-11.341,2.659
2012-05-05-19_28_21.710,103,6,3,1,-56.241,-11.344,2.859
2012-05-05-19_28_21.711,103,7,3,1,-65.163,-11.262,3.359
2012-05-05-19_28_21.712,103,0,4,0,2.270,-15.782,3.673
2012-05-05-19_28_21.713,103,1,4,0,-6.741,-15.793,3.173
2012-05-05-19_28_21.715,103,2,4,0,-15.727,-15.702,2.573
2012-05-05-19_28_21.716,103,3,4,0,-24.782,-15.797,2.873
2012-05-05-19_28_21.717,103,4,4,0,-33.769,-15.772,2.073
2012-05-05-19_28_21.718,103,5,4,0,-42.784,-15.834,2.573
2012-05-05-19_28_21.719,103,6,4,0,-51.782,-15.838,2.773
2012-05-05-19_28_21.720,103,7,4,0,-60.704,-15.756,3.473
2012-05-05-19_28_21.720,103,0,4,1,-2.187,-15.788,3.783
2012-05-05-19_28_21.721,103,1,4,1,-11.206,-15.793,3.182
2012-05-05-19_28_21.722,103,2,4,1,-20.184,-15.708,2.683
2012-05-05-19_28_21.722,103,3,4,1,-29.239,-15.804,2.883
2012-05-05-19_28_21.725,103,4,4,1,-38.226,-15.779,2.083
2012-05-05-19_28_21.726,103,5,4,1,-47.241,-15.841,2.483
2012-05-05-19_28_21.727,103,6,4,1,-56.239,-15.844,2.783
2012-05-05-19_28_21.728,103,7,4,1,-65.161,-15.762,3.383
2012-05-05-19_28_21.731,103,0,5,0,2.272,-20.280,3.691
2012-05-05-19_28_21.733,103,1,5,0,-6.741,-20.296,3.191
2012-05-05-19_28_21.734,103,2,5,0,-15.725,-20.200,2.691
2012-05-05-19_28_21.735,103,3,5,0,-24.780,-20.295,2.791
2012-05-05-19_28_21.736,103,4,5,0,-33.767,-20.270,2.191
2012-05-05-19_28_21.737,103,5,5,0,-42.782,-20.333,2.691
2012-05-05-19_28_21.738,103,6,5,0,-51.780,-20.336,2.691
2012-05-05-19_28_21.739,103,7,5,0,-60.702,-20.254,3.291
2012-05-05-19_28_21.740,103,0,5,1,-2.188,-20.288,3.800
2012-05-05-19_28_21.741,103,1,5,1,-11.208,-20.296,3.100
2012-05-05-19_28_21.742,103,2,5,1,-20.185,-20.207,2.600
2012-05-05-19_28_21.743,103,3,5,1,-29.239,-20.303,2.700
2012-05-05-19_28_21.744,103,4,5,1,-38.227,-20.278,2.100
2012-05-05-19_28_21.745,103,5,5,1,-47.241,-20.340,2.500
2012-05-05-19_28_21.746,103,6,5,1,-56.240,-20.344,2.800
2012-05-05-19_28_21.747,103,7,5,1,-65.162,-20.261,3.500
2012-05-05-19_28_21.748,103,0,6,0,2.269,-24.780,3.710
2012-05-05-19_28_21.749,103,1,6,0,-6.739,-24.791,3.210
2012-05-05-19_28_21.750,103,2,6,0,-15.728,-24.700,2.710
2012-05-05-19_28_21.751,103,3,6,0,-24.783,-24.795,2.910
2012-05-05-19_28_21.752,103,4,6,0,-33.770,-24.770,2.110
2012-05-05-19_28_21.753,103,5,6,0,-42.784,-24.832,2.610
2012-05-05-19_28_21.754,103,6,6,0,-51.783,-24.836,2.810
2012-05-05-19_28_21.755,103,7,6,0,-60.705,-24.754,3.610
2012-05-05-19_28_21.756,103,0,6,1,-2.183,-24.789,3.722
2012-05-05-19_28_21.757,103,1,6,1,-11.209,-24.790,3.322
2012-05-05-19_28_21.758,103,2,6,1,-20.180,-24.708,2.622
2012-05-05-19_28_21.758,103,3,6,1,-29.235,-24.804,2.922
2012-05-05-19_28_21.759,103,4,6,1,-38.222,-24.779,2.122
2012-05-05-19_28_21.761,103,5,6,1,-47.237,-24.841,2.622
2012-05-05-19_28_21.762,103,6,6,1,-56.235,-24.845,2.822
2012-05-05-19_28_21.762,103,7,6,1,-65.157,-24.762,3.522
2012-05-05-19_28_21.763,103,0,7,0,2.269,-29.284,3.735
2012-05-05-19_28_21.766,103,1,7,0,-6.740,-29.287,3.135
2012-05-05-19_28_21.767,103,2,7,0,-15.728,-29.204,2.735
2012-05-05-19_28_21.768,103,3,7,0,-24.783,-29.299,2.935
2012-05-05-19_28_21.769,103,4,7,0,-33.770,-29.274,2.435
2012-05-05-19_28_21.770,103,5,7,0,-42.785,-29.337,2.735
2012-05-05-19_28_21.770,103,6,7,0,-51.784,-29.340,2.935
2012-05-05-19_28_21.771,103,7,7,0,-60.705,-29.258,3.535
2012-05-05-19_28_21.772,103,0,7,1,-2.184,-29.291,3.845
2012-05-05-19_28_21.773,103,1,7,1,-11.212,-29.287,3.245
2012-05-05-19_28_21.774,103,2,7,1,-20.181,-29.211,2.745
2012-05-05-19_28_21.776,103,3,7,1,-29.235,-29.306,2.845
2012-05-05-19_28_21.777,103,4,7,1,-38.223,-29.281,2.345
2012-05-05-19_28_21.778,103,5,7,1,-47.237,-29.343,2.645
2012-05-05-19_28_21.779,103,6,7,1,-56.236,-29.347,2.945
2012-05-05-19_28_21.780,103,7,7,1,-65.158,-29.265,3.545
2012-05-05-19_28_21.781,103,0,8,0,2.273,-33.782,3.754
2012-05-05-19_28_21.782,103,1,8,0,-6.743,-33.785,3.254
2012-05-05-19_28_21.783,103,2,8,0,-15.724,-33.702,2.654
2012-05-05-19_28_21.783,103,3,8,0,-24.779,-33.797,2.954
2012-05-05-19_28_21.784,103,4,8,0,-33.766,-33.772,2.454
2012-05-05-19_28_21.785,103,5,8,0,-42.780,-33.835,2.654
2012-05-05-19_28_21.786,103,6,8,0,-51.779,-33.838,2.954
2012-05-05-19_28_21.787,103,7,8,0,-60.701,-33.756,3.554
2012-05-05-19_28_21.788,103,0,8,1,-2.184,-33.788,3.763
2012-05-05-19_28_21.789,103,1,8,1,-11.212,-33.784,3.262
2012-05-05-19_28_21.790,103,2,8,1,-20.181,-33.707,2.763
2012-05-05-19_28_21.791,103,3,8,1,-29.236,-33.803,2.963
2012-05-05-19_28_21.794,103,4,8,1,-38.223,-33.778,2.463
2012-05-05-19_28_21.795,103,5,8,1,-47.238,-33.840,2.663
2012-05-05-19_28_21.796,103,6,8,1,-56.236,-33.844,2.863
2012-05-05-19_28_21.796,103,7,8,1,-65.158,-33.761,3.563
2012-05-05-19_28_21.797,103,0,9,0,2.275,-38.282,3.772
2012-05-05-19_28_21.800,103,1,9,0,-6.746,-38.292,3.273
2012-05-05-19_28_21.801,103,2,9,0,-15.722,-38.202,2.772
2012-05-05-19_28_21.802,103,3,9,0,-24.777,-38.298,2.972
2012-05-05-19_28_21.803,103,4,9,0,-33.764,-38.272,2.272
2012-05-05-19_28_21.804,103,5,9,0,-42.778,-38.335,2.672
2012-05-05-19_28_21.804,103,6,9,0,-51.777,-38.338,2.872
2012-05-05-19_28_21.807,103,7,9,0,-60.699,-38.256,3.472
2012-05-05-19_28_21.808,103,0,9,1,-2.185,-38.287,3.785
2012-05-05-19_28_21.809,103,1,9,1,-11.213,-38.292,3.085
2012-05-05-19_28_21.810,103,2,9,1,-20.182,-38.207,2.785
2012-05-05-19_28_21.811,103,3,9,1,-29.236,-38.303,2.785
2012-05-05-19_28_21.811,103,4,9,1,-38.223,-38.278,2.185
2012-05-05-19_28_21.812,103,5,9,1,-47.238,-38.340,2.685
2012-05-05-19_28_21.813,103,6,9,1,-56.237,-38.344,2.985
2012-05-05-19_28_21.814,103,7,9,1,-65.159,-38.261,3.485
2012-05-05-19_28_21.815,103,0,10,0,2.275,-42.780,3.798
2012-05-05-19_28_21.816,103,1,10,0,-6.748,-42.795,3.298
2012-05-05-19_28_21.819,103,2,10,0,-15.722,-42.699,2.798
2012-05-05-19_28_21.819,103,3,10,0,-24.777,-42.795,2.998
2012-05-05-19_28_21.820,103,4,10,0,-33.764,-42.770,2.298
2012-05-05-19_28_21.821,103,5,10,0,-42.779,-42.832,2.698
2012-05-05-19_28_21.822,103,6,10,0,-51.777,-42.836,2.998
2012-05-05-19_28_21.823,103,7,10,0,-60.699,-42.753,3.498
2012-05-05-19_28_21.824,103,0,10,1,-2.187,-42.787,3.808
2012-05-05-19_28_21.826,103,1,10,1,-11.211,-42.795,3.208
2012-05-05-19_28_21.827,103,2,10,1,-20.184,-42.707,2.708
2012-05-05-19_28_21.828,103,3,10,1,-29.239,-42.802,3.008
2012-05-05-19_28_21.829,103,4,10,1,-38.226,-42.777,2.408
2012-05-05-19_28_21.829,103,5,10,1,-47.241,-42.839,2.808
2012-05-05-19_28_21.830,103,6,10,1,-56.240,-42.843,2.908
2012-05-05-19_28_21.831,103,7,10,1,-65.161,-42.761,3.508
2012-05-05-19_28_21.832,103,0,11,0,2.277,-47.280,3.817
2012-05-05-19_28_21.833,103,1,11,0,-6.746,-47.290,3.317
2012-05-05-19_28_21.834,103,2,11,0,-15.720,-47.200,2.717
2012-05-05-19_28_21.835,103,3,11,0,-24.775,-47.295,3.017
2012-05-05-19_28_21.836,103,4,11,0,-33.762,-47.270,2.417
2012-05-05-19_28_21.837,103,5,11,0,-42.777,-47.333,2.717
2012-05-05-19_28_21.838,103,6,11,0,-51.775,-47.336,3.017
2012-05-05-19_28_21.839,103,7,11,0,-60.697,-47.254,3.517
2012-05-05-19_28_21.840,103,0,11,1,-2.190,-47.289,3.826
2012-05-05-19_28_21.841,103,1,11,1,-11.211,-47.290,3.326
2012-05-05-19_28_21.842,103,2,11,1,-20.187,-47.209,2.726
2012-05-05-19_28_21.843,103,3,11,1,-29.242,-47.305,2.826
2012-05-05-19_28_21.844,103,4,11,1,-38.229,-47.280,2.426
2012-05-05-19_28_21.844,103,5,11,1,-47.244,-47.342,2.826
2012-05-05-19_28_21.845,103,6,11,1,-56.242,-47.346,3.026
2012-05-05-19_28_21.846,103,7,11,1,-65.164,-47.263,3.526
2012-05-05-19_28_21.847,103,0,12,0,2.279,-51.785,3.736
2012-05-05-19_28_21.848,103,1,12,0,-6.749,-51.787,3.336
2012-05-05-19_28_21.849,103,2,12,0,-15.718,-51.705,2.836
2012-05-05-19_28_21.849,103,3,12,0,-24.773,-51.800,2.936
2012-05-05-19_28_21.850,103,4,12,0,-33.760,-51.775,2.236
2012-05-05-19_28_21.852,103,5,12,0,-42.775,-51.837,2.836
2012-05-05-19_28_21.854,103,6,12,0,-51.773,-51.841,2.936
2012-05-05-19_28_21.855,103,7,12,0,-60.695,-51.759,3.536
2012-05-05-19_28_21.857,103,0,12,1,-2.191,-51.792,3.949
2012-05-05-19_28_21.858,103,1,12,1,-11.214,-51.787,3.349
2012-05-05-19_28_21.859,103,2,12,1,-20.188,-51.712,2.849
2012-05-05-19_28_21.860,103,3,12,1,-29.242,-51.807,2.849
2012-05-05-19_28_21.861,103,4,12,1,-38.230,-51.782,2.549
2012-05-05-19_28_21.862,103,5,12,1,-47.244,-51.844,2.749
2012-05-05-19_28_21.863,103,6,12,1,-56.243,-51.848,3.049
2012-05-05-19_28_21.864,103,7,12,1,-65.165,-51.766,3.649
2012-05-05-19_28_21.865,103,0,13,0,2.276,-56.282,3.862
2012-05-05-19_28_21.866,103,1,13,0,-6.752,-56.285,3.462
2012-05-05-19_28_21.867,103,2,13,0,-15.721,-56.202,2.762
2012-05-05-19_28_21.867,103,3,13,0,-24.776,-56.297,2.962
2012-05-05-19_28_21.868,103,4,13,0,-33.763,-56.272,2.362
2012-05-05-19_28_21.869,103,5,13,0,-42.778,-56.335,2.762
2012-05-05-19_28_21.870,103,6,13,0,-51.776,-56.338,2.862
2012-05-05-19_28_21.871,103,7,13,0,-60.698,-56.256,3.562
2012-05-05-19_28_21.872,103,0,13,1,-2.191,-56.288,3.872
2012-05-05-19_28_21.873,103,1,13,1,-11.209,-56.285,3.371
2012-05-05-19_28_21.874,103,2,13,1,-20.188,-56.208,2.772
2012-05-05-19_28_21.874,103,3,13,1,-29.243,-56.303,2.772
2012-05-05-19_28_21.875,103,4,13,1,-38.230,-56.278,2.272
2012-05-05-19_28_21.876,103,5,13,1,-47.245,-56.341,2.872
2012-05-05-19_28_21.877,103,6,13,1,-56.243,-56.344,2.972
2012-05-05-19_28_21.879,103,7,13,1,-65.165,-56.262,3.672
2012-05-05-19_28_21.880,103,0,14,0,2.275,-60.782,3.879
2012-05-05-19_28_21.881,103,1,14,0,-6.753,-60.792,3.379
2012-05-05-19_28_21.882,103,2,14,0,-15.722,-60.702,2.779
2012-05-05-19_28_21.883,103,3,14,0,-24.776,-60.798,3.079
2012-05-05-19_28_21.883,103,4,14,0,-33.763,-60.772,2.479
2012-05-05-19_28_21.885,103,5,14,0,-42.778,-60.835,2.779
2012-05-05-19_28_21.886,103,6,14,0,-51.777,-60.838,2.979
2012-05-05-19_28_21.887,103,7,14,0,-60.699,-60.756,3.579
2012-05-05-19_28_21.887,103,0,14,1,-2.194,-60.788,3.888
2012-05-05-19_28_21.888,103,1,14,1,-11.210,-60.792,3.388
2012-05-05-19_28_21.889,103,2,14,1,-20.191,-60.708,2.788
2012-05-05-19_28_21.890,103,3,14,1,-29.246,-60.803,2.888
2012-05-05-19_28_21.891,103,4,14,1,-38.233,-60.778,2.588
2012-05-05-19_28_21.892,103,5,14,1,-47.247,-60.840,2.888
2012-05-05-19_28_21.892,103,6,14,1,-56.246,-60.844,2.988
2012-05-05-19_28_21.893,103,7,14,1,-65.168,-60.762,3.688
2012-05-05-19_28_21.894,103,0,15,0,2.270,-65.280,3.897
2012-05-05-19_28_21.895,103,1,15,0,-6.751,-65.296,3.397
2012-05-05-19_28_21.896,103,2,15,0,-15.727,-65.200,2.897
2012-05-05-19_28_21.898,103,3,15,0,-24.782,-65.295,2.997
2012-05-05-19_28_21.899,103,4,15,0,-33.769,-65.270,2.497
2012-05-05-19_28_21.899,103,5,15,0,-42.783,-65.333,2.797
2012-05-05-19_28_21.902,103,6,15,0,-51.782,-65.336,2.997
2012-05-05-19_28_21.902,103,7,15,0,-60.704,-65.254,3.497
2012-05-05-19_28_21.904,103,0,15,1,-2.197,-65.287,3.910
2012-05-05-19_28_21.904,103,1,15,1,-11.208,-65.295,3.410
2012-05-05-19_28_21.905,103,2,15,1,-20.194,-65.207,2.810
2012-05-05-19_28_21.906,103,3,15,1,-29.249,-65.302,2.910
2012-05-05-19_28_21.907,103,4,15,1,-38.236,-65.277,2.410
2012-05-05-19_28_21.908,103,5,15,1,-47.250,-65.339,2.810
2012-05-05-19_28_21.909,103,6,15,1,-56.249,-65.343,3.010
2012-05-05-19_28_21.910,103,7,15,1,-65.171,-65.261,3.610
2012-05-05-19_28_21.911,103,0,16,0,2.270,-69.780,4.023
2012-05-05-19_28_21.912,103,1,16,0,-6.749,-69.790,3.423
2012-05-05-19_28_21.913,103,2,16,0,-15.727,-69.700,2.823
2012-05-05-19_28_21.914,103,3,16,0,-24.782,-69.795,3.023
2012-05-05-19_28_21.916,103,4,16,0,-33.769,-69.770,2.323
2012-05-05-19_28_21.917,103,5,16,0,-42.784,-69.832,2.823
2012-05-05-19_28_21.918,103,6,16,0,-51.782,-69.836,3.023
2012-05-05-19_28_21.919,103,7,16,0,-60.704,-69.754,3.623
2012-05-05-19_28_21.920,103,0,16,1,-2.197,-69.788,3.934
2012-05-05-19_28_21.921,103,1,16,1,-11.208,-69.789,3.433
2012-05-05-19_28_21.922,103,2,16,1,-20.194,-69.708,2.834
2012-05-05-19_28_21.923,103,3,16,1,-29.249,-69.804,2.834
2012-05-05-19_28_21.923,103,4,16,1,-38.236,-69.779,2.434
2012-05-05-19_28_21.924,103,5,16,1,-47.251,-69.841,2.734
2012-05-05-19_28_21.927,103,6,16,1,-56.249,-69.844,3.034
2012-05-05-19_28_21.928,103,7,16,1,-65.171,-69.762,3.634
2012-05-05-19_28_21.929,103,0,17,0,2.267,-74.284,3.942
2012-05-05-19_28_21.930,103,1,17,0,-6.749,-74.287,3.542
2012-05-05-19_28_21.931,103,2,17,0,-15.730,-74.204,2.942
2012-05-05-19_28_21.932,103,3,17,0,-24.785,-74.299,3.042
2012-05-05-19_28_21.934,103,4,17,0,-33.772,-74.274,2.342
2012-05-05-19_28_21.935,103,5,17,0,-42.787,-74.337,2.842
2012-05-05-19_28_21.936,103,6,17,0,-51.785,-74.340,2.942
2012-05-05-19_28_21.937,103,7,17,0,-60.707,-74.258,3.542
2012-05-05-19_28_21.938,103,0,17,1,-2.195,-74.291,3.952
2012-05-05-19_28_21.939,103,1,17,1,-11.211,-74.287,3.451
2012-05-05-19_28_21.939,103,2,17,1,-20.192,-74.211,2.852
2012-05-05-19_28_21.940,103,3,17,1,-29.247,-74.306,2.852
2012-05-05-19_28_21.941,103,4,17,1,-38.234,-74.281,2.352
2012-05-05-19_28_21.942,103,5,17,1,-47.249,-74.343,2.752
2012-05-05-19_28_21.943,103,6,17,1,-56.247,-74.347,2.952
2012-05-05-19_28_21.944,103,7,17,1,-65.169,-74.265,3.752
2012-05-05-19_28_21.945,103,0,18,0,2.264,-78.782,3.962
2012-05-05-19_28_21.946,103,1,18,0,-6.747,-78.785,3.462
2012-05-05-19_28_21.948,103,2,18,0,-15.733,-78.702,2.862
2012-05-05-19_28_21.975,103,3,18,0,-24.788,-78.797,3.062
2012-05-05-19_28_21.978,103,4,18,0,-33.775,-78.772,2.462
2012-05-05-19_28_21.979,103,5,18,0,-42.789,-78.834,2.762
2012-05-05-19_28_21.980,103,6,18,0,-51.788,-78.838,2.962
2012-05-05-19_28_21.981,103,7,18,0,-60.710,-78.756,3.562
2012-05-05-19_28_21.982,103,0,18,1,-2.196,-78.788,3.975
2012-05-05-19_28_21.985,103,1,18,1,-11.211,-78.785,3.474
2012-05-05-19_28_21.986,103,2,18,1,-20.193,-78.708,2.975
2012-05-05-19_28_21.987,103,3,18,1,-29.247,-78.803,3.075
2012-05-05-19_28_21.987,103,4,18,1,-38.235,-78.778,2.275
2012-05-05-19_28_21.988,103,5,18,1,-47.249,-78.841,2.875
2012-05-05-19_28_21.989,103,6,18,1,-56.248,-78.844,3.075
2012-05-05-19_28_21.990,103,7,18,1,-65.170,-78.762,3.775
2012-05-05-19_28_21.991,103,0,19,0,2.264,-83.282,3.887
2012-05-05-19_28_21.993,103,1,19,0,-6.747,-83.291,3.487
2012-05-05-19_28_21.994,103,2,19,0,-15.734,-83.201,2.887
2012-05-05-19_28_21.996,103,3,19,0,-24.788,-83.297,3.187
2012-05-05-19_28_21.997,103,4,19,0,-33.775,-83.272,2.287
2012-05-05-19_28_21.998,103,5,19,0,-42.790,-83.334,2.887
2012-05-05-19_28_22.000,103,6,19,0,-51.789,-83.338,2.987
2012-05-05-19_28_22.001,103,7,19,0,-60.711,-83.255,3.587
2012-05-05-19_28_22.002,103,0,19,1,-2.194,-83.287,3.997
2012-05-05-19_28_22.005,103,1,19,1,-11.214,-83.292,3.497
2012-05-05-19_28_22.006,103,2,19,1,-20.191,-83.207,2.897
2012-05-05-19_28_22.008,103,3,19,1,-29.245,-83.303,2.897
2012-05-05-19_28_22.009,103,4,19,1,-38.232,-83.278,2.597
2012-05-05-19_28_22.010,103,5,19,1,-47.247,-83.340,2.897
2012-05-05-19_28_22.011,103,6,19,1,-56.246,-83.344,3.097
2012-05-05-19_28_22.015,103,7,19,1,-65.168,-83.261,3.797
2012-05-05-19_28_22.016,103,0,20,0,2.266,-87.780,4.005
2012-05-05-19_28_22.017,103,1,20,0,-6.748,-87.795,3.405
2012-05-05-19_28_22.020,103,2,20,0,-15.732,-87.700,2.905
2012-05-05-19_28_22.021,103,3,20,0,-24.786,-87.795,3.105
2012-05-05-19_28_22.022,103,4,20,0,-33.773,-87.770,2.605
2012-05-05-19_28_22.025,103,5,20,0,-42.788,-87.832,2.905
2012-05-05-19_28_22.026,103,6,20,0,-51.787,-87.836,3.005
2012-05-05-19_28_22.027,103,7,20,0,-60.709,-87.754,3.805
2012-05-05-19_28_22.028,103,0,20,1,-2.189,-87.787,4.014
2012-05-05-19_28_22.029,103,1,20,1,-11.212,-87.795,3.514
2012-05-05-19_28_22.030,103,2,20,1,-20.186,-87.707,2.914
2012-05-05-19_28_22.031,103,3,20,1,-29.241,-87.803,3.014
2012-05-05-19_28_22.032,103,4,20,1,-38.228,-87.777,2.614
2012-05-05-19_28_22.033,103,5,20,1,-47.243,-87.840,2.914
2012-05-05-19_28_22.034,103,6,20,1,-56.241,-87.843,3.114
2012-05-05-19_28_22.035,103,7,20,1,-65.163,-87.761,3.814
2012-05-05-19_28_22.036,103,0,21,0,2.268,-92.280,4.025
2012-05-05-19_28_22.037,103,1,21,0,-6.751,-92.290,3.525
2012-05-05-19_28_22.038,103,2,21,0,-15.729,-92.200,3.025
2012-05-05-19_28_22.039,103,3,21,0,-24.784,-92.295,3.125
2012-05-05-19_28_22.041,103,4,21,0,-33.771,-92.270,2.525
2012-05-05-19_28_22.042,103,5,21,0,-42.786,-92.332,2.825
2012-05-05-19_28_22.043,103,6,21,0,-51.785,-92.336,3.025
2012-05-05-19_28_22.044,103,7,21,0,-60.706,-92.254,3.625
2012-05-05-19_28_22.046,103,0,21,1,-2.190,-92.289,4.037
2012-05-05-19_28_22.047,103,1,21,1,-11.213,-92.290,3.437
2012-05-05-19_28_22.048,103,2,21,1,-20.187,-92.209,2.937
2012-05-05-19_28_22.051,103,3,21,1,-29.241,-92.304,2.937
2012-05-05-19_28_22.051,103,4,21,1,-38.228,-92.279,2.437
2012-05-05-19_28_22.053,103,5,21,1,-47.243,-92.341,2.937
2012-05-05-19_28_22.054,103,6,21,1,-56.242,-92.345,3.037
2012-05-05-19_28_22.055,103,7,21,1,-65.164,-92.263,3.737
2012-05-05-19_28_22.056,103,0,22,0,2.267,-96.784,4.050
2012-05-05-19_28_22.057,103,1,22,0,-6.754,-96.787,3.550
2012-05-05-19_28_22.058,103,2,22,0,-15.730,-96.704,2.950
2012-05-05-19_28_22.059,103,3,22,0,-24.785,-96.799,3.150
2012-05-05-19_28_22.060,103,4,22,0,-33.772,-96.774,2.550
2012-05-05-19_28_22.062,103,5,22,0,-42.786,-96.836,2.850
2012-05-05-19_28_22.063,103,6,22,0,-51.785,-96.840,3.150
2012-05-05-19_28_22.064,103,7,22,0,-60.707,-96.758,3.750
2012-05-05-19_28_22.065,103,0,22,1,-2.190,-96.792,4.058
2012-05-05-19_28_22.066,103,1,22,1,-11.213,-96.788,3.558
2012-05-05-19_28_22.067,103,2,22,1,-20.187,-96.712,2.958
2012-05-05-19_28_22.068,103,3,22,1,-29.242,-96.807,2.958
2012-05-05-19_28_22.069,103,4,22,1,-38.229,-96.782,2.658
2012-05-05-19_28_22.070,103,5,22,1,-47.244,-96.845,2.958
2012-05-05-19_28_22.072,103,6,22,1,-56.242,-96.848,3.258
2012-05-05-19_28_22.073,103,7,22,1,-65.164,-96.766,3.758
2012-05-05-19_28_22.074,103,0,23,0,2.269,-101.281,4.068
2012-05-05-19_28_22.075,103,1,23,0,-6.754,-101.286,3.568
2012-05-05-19_28_22.076,103,2,23,0,-15.728,-101.201,2.968
2012-05-05-19_28_22.077,103,3,23,0,-24.783,-101.297,3.268
2012-05-05-19_28_22.078,103,4,23,0,-33.770,-101.272,2.668
2012-05-05-19_28_22.079,103,5,23,0,-42.784,-101.334,2.868
2012-05-05-19_28_22.080,103,6,23,0,-51.783,-101.338,2.968
2012-05-05-19_28_22.081,103,7,23,0,-60.705,-101.255,3.668
2012-05-05-19_28_22.082,103,0,23,1,-2.181,-101.281,4.068
2012-05-05-19_28_22.083,103,1,23,1,-11.211,-101.286,3.568
2012-05-05-19_28_22.086,103,2,23,1,-20.178,-101.200,2.968
2012-05-05-19_28_22.087,103,3,23,1,-29.232,-101.296,2.968
2012-05-05-19_28_22.088,103,4,23,1,-38.219,-101.271,2.568
2012-05-05-19_28_22.089,103,5,23,1,-47.234,-101.333,2.968
2012-05-05-19_28_22.090,103,6,23,1,-56.233,-101.337,3.068
2012-05-05-19_28_22.091,103,7,23,1,-65.155,-101.254,3.768
