2012-05-05-23_10_43.077,339,0,0,0,2.259,2.221,3.397
2012-05-05-23_10_43.079,339,1,0,0,-6.747,2.204,2.896
2012-05-05-23_10_43.080,339,2,0,0,-15.738,2.301,2.497
2012-05-05-23_10_43.083,339,3,0,0,-24.792,2.205,2.897
2012-05-05-23_10_43.084,339,4,0,0,-33.779,2.230,1.997
2012-05-05-23_10_43.085,339,5,0,0,-42.794,2.168,2.797
2012-05-05-23_10_43.086,339,6,0,0,-51.793,2.165,2.597
2012-05-05-23_10_43.086,339,7,0,0,-60.715,2.247,3.297
2012-05-05-23_10_43.087,339,0,0,1,-2.186,2.212,3.596
2012-05-05-23_10_43.088,339,1,0,1,-11.204,2.205,3.096
2012-05-05-23_10_43.089,339,2,0,1,-20.183,2.293,2.596
2012-05-05-23_10_43.090,339,3,0,1,-29.237,2.197,2.696
2012-05-05-23_10_43.090,339,4,0,1,-38.224,2.222,2.296
2012-05-05-23_10_43.091,339,5,0,1,-47.239,2.160,2.596
2012-05-05-23_10_43.092,339,6,0,1,-56.238,2.156,2.696
2012-05-05-23_10_43.092,339,7,0,1,-65.160,2.239,3.396
2012-05-05-23_10_43.093,339,0,1,0,2.271,-2.280,3.612
2012-05-05-23_10_43.094,339,1,1,0,-6.745,-2.290,3.112
2012-05-05-23_10_43.094,339,2,1,0,-15.726,-2.200,2.612
2012-05-05-23_10_43.095,339,3,1,0,-24.781,-2.295,2.812
2012-05-05-23_10_43.095,339,4,1,0,-33.768,-2.270,2.112
2012-05-05-23_10_43.096,339,5,1,0,-42.782,-2.333,2.712
2012-05-05-23_10_43.097,339,6,1,0,-51.781,-2.336,2.612
2012-05-05-23_10_43.098,339,7,1,0,-60.703,-2.254,3.312
2012-05-05-23_10_43.098,339,0,1,1,-2.188,-2.289,3.719
2012-05-05-23_10_43.099,339,1,1,1,-11.204,-2.290,3.219
2012-05-05-23_10_43.099,339,2,1,1,-20.186,-2.209,2.619
2012-05-05-23_10_43.100,339,3,1,1,-29.240,-2.304,2.619
2012-05-05-23_10_43.101,339,4,1,1,-38.227,-2.279,2.119
2012-05-05-23_10_43.101,339,5,1,1,-47.242,-2.341,2.619
2012-05-05-23_10_43.102,339,6,1,1,-56.241,-2.345,2.619
2012-05-05-23_10_43.102,339,7,1,1,-65.163,-2.263,3.319
2012-05-05-23_10_43.103,339,0,2,0,2.271,-6.784,3.628
2012-05-05-23_10_43.103,339,1,2,0,-6.745,-6.787,3.228
2012-05-05-23_10_43.104,339,2,2,0,-15.726,-6.704,2.628
2012-05-05-23_10_43.104,339,3,2,0,-24.781,-6.799,2.928
2012-05-05-23_10_43.105,339,4,2,0,-33.768,-6.774,2.228
2012-05-05-23_10_43.106,339,5,2,0,-42.783,-6.837,2.928
2012-05-05-23_10_43.106,339,6,2,0,-51.781,-6.840,2.728
2012-05-05-23_10_43.107,339,7,2,0,-60.703,-6.758,3.528
2012-05-05-23_10_43.130,339,0,2,1,-2.186,-6.793,3.637
2012-05-05-23_10_43.131,339,1,2,1,-11.200,-6.787,3.137
2012-05-05-23_10_43.133,339,2,2,1,-20.184,-6.713,2.637
2012-05-05-23_10_43.134,339,3,2,1,-29.238,-6.808,2.837
2012-05-05-23_10_43.135,339,4,2,1,-38.225,-6.783,2.437
2012-05-05-23_10_43.135,339,5,2,1,-47.240,-6.845,2.737
2012-05-05-23_10_43.136,339,6,2,1,-56.239,-6.849,2.837
2012-05-05-23_10_43.138,339,7,2,1,-65.161,-6.766,3.437
2012-05-05-23_10_43.139,339,0,3,0,2.270,-11.282,3.647
2012-05-05-23_10_43.139,339,1,3,0,-6.743,-11.286,3.247
2012-05-05-23_10_43.140,339,2,3,0,-15.727,-11.202,2.647
2012-05-05-23_10_43.143,339,3,3,0,-24.781,-11.297,2.847
2012-05-05-23_10_43.144,339,4,3,0,-33.769,-11.272,2.347
2012-05-05-23_10_43.145,339,5,3,0,-42.783,-11.334,2.847
2012-05-05-23_10_43.146,339,6,3,0,-51.782,-11.338,2.847
2012-05-05-23_10_43.147,339,7,3,0,-60.704,-11.256,3.247
2012-05-05-23_10_43.148,339,0,3,1,-2.187,-11.289,3.759
2012-05-05-23_10_43.149,339,1,3,1,-11.200,-11.286,3.159
2012-05-05-23_10_43.149,339,2,3,1,-20.184,-11.208,2.659
2012-05-05-23_10_43.151,339,3,3,1,-29.239,-11.304,2.959
2012-05-05-23_10_43.153,339,4,3,1,-38.226,-11.279,2.459
2012-05-05-23_10_43.154,339,5,3,1,-47.240,-11.341,2.659
2012-05-05-23_10_43.155,339,6,3,1,-56.239,-11.345,2.759
2012-05-05-23_10_43.156,339,7,3,1,-65.161,-11.262,3.359
2012-05-05-23_10_43.157,339,0,4,0,2.270,-15.782,3.673
2012-05-05-23_10_43.157,339,1,4,0,-6.741,-15.794,3.173
2012-05-05-23_10_43.158,339,2,4,0,-15.727,-15.702,2.573
2012-05-05-23_10_43.159,339,3,4,0,-24.782,-15.797,2.873
2012-05-05-23_10_43.160,339,4,4,0,-33.769,-15.772,2.073
2012-05-05-23_10_43.161,339,5,4,0,-42.784,-15.834,2.573
2012-05-05-23_10_43.163,339,6,4,0,-51.782,-15.838,2.673
2012-05-05-23_10_43.164,339,7,4,0,-60.704,-15.756,3.473
2012-05-05-23_10_43.165,339,0,4,1,-2.187,-15.789,3.683
2012-05-05-23_10_43.168,339,1,4,1,-11.203,-15.794,3.183
2012-05-05-23_10_43.168,339,2,4,1,-20.184,-15.708,2.683
2012-05-05-23_10_43.169,339,3,4,1,-29.239,-15.804,2.983
2012-05-05-23_10_43.171,339,4,4,1,-38.226,-15.779,2.183
2012-05-05-23_10_43.172,339,5,4,1,-47.241,-15.841,2.483
2012-05-05-23_10_43.173,339,6,4,1,-56.239,-15.845,2.683
2012-05-05-23_10_43.174,339,7,4,1,-65.161,-15.762,3.383
2012-05-05-23_10_43.175,339,0,5,0,2.270,-20.280,3.691
2012-05-05-23_10_43.176,339,1,5,0,-6.739,-20.297,3.191
2012-05-05-23_10_43.177,339,2,5,0,-15.728,-20.199,2.691
2012-05-05-23_10_43.178,339,3,5,0,-24.782,-20.295,2.891
2012-05-05-23_10_43.179,339,4,5,0,-33.769,-20.270,2.291
2012-05-05-23_10_43.180,339,5,5,0,-42.784,-20.332,2.691
2012-05-05-23_10_43.184,339,6,5,0,-51.783,-20.336,2.691
2012-05-05-23_10_43.185,339,7,5,0,-60.705,-20.253,3.291
2012-05-05-23_10_43.186,339,0,5,1,-2.185,-20.288,3.800
2012-05-05-23_10_43.186,339,1,5,1,-11.206,-20.296,3.100
2012-05-05-23_10_43.187,339,2,5,1,-20.182,-20.208,2.700
2012-05-05-23_10_43.189,339,3,5,1,-29.237,-20.303,2.800
2012-05-05-23_10_43.189,339,4,5,1,-38.224,-20.278,2.200
2012-05-05-23_10_43.191,339,5,5,1,-47.239,-20.340,2.600
2012-05-05-23_10_43.193,339,6,5,1,-56.237,-20.344,2.800
2012-05-05-23_10_43.194,339,7,5,1,-65.159,-20.262,3.500
2012-05-05-23_10_43.195,339,0,6,0,2.269,-24.779,3.710
2012-05-05-23_10_43.196,339,1,6,0,-6.737,-24.791,3.210
2012-05-05-23_10_43.197,339,2,6,0,-15.728,-24.699,2.710
2012-05-05-23_10_43.199,339,3,6,0,-24.783,-24.795,2.910
2012-05-05-23_10_43.200,339,4,6,0,-33.770,-24.770,2.110
2012-05-05-23_10_43.201,339,5,6,0,-42.784,-24.832,2.710
2012-05-05-23_10_43.202,339,6,6,0,-51.783,-24.836,2.810
2012-05-05-23_10_43.203,339,7,6,0,-60.705,-24.753,3.510
2012-05-05-23_10_43.206,339,0,6,1,-2.183,-24.789,3.722
2012-05-05-23_10_43.207,339,1,6,1,-11.209,-24.790,3.222
2012-05-05-23_10_43.207,339,2,6,1,-20.180,-24.709,2.622
2012-05-05-23_10_43.208,339,3,6,1,-29.235,-24.805,3.022
2012-05-05-23_10_43.209,339,4,6,1,-38.222,-24.780,2.222
2012-05-05-23_10_43.211,339,5,6,1,-47.237,-24.842,2.722
2012-05-05-23_10_43.211,339,6,6,1,-56.235,-24.846,2.822
2012-05-05-23_10_43.213,339,7,6,1,-65.157,-24.763,3.422
2012-05-05-23_10_43.214,339,0,7,0,2.271,-29.283,3.735
2012-05-05-23_10_43.215,339,1,7,0,-6.740,-29.287,3.135
2012-05-05-23_10_43.216,339,2,7,0,-15.726,-29.203,2.735
2012-05-05-23_10_43.217,339,3,7,0,-24.781,-29.299,2.935
2012-05-05-23_10_43.218,339,4,7,0,-33.768,-29.274,2.435
2012-05-05-23_10_43.218,339,5,7,0,-42.782,-29.336,2.735
2012-05-05-23_10_43.219,339,6,7,0,-51.781,-29.340,2.835
2012-05-05-23_10_43.220,339,7,7,0,-60.703,-29.257,3.435
2012-05-05-23_10_43.221,339,0,7,1,-2.184,-29.291,3.745
2012-05-05-23_10_43.222,339,1,7,1,-11.212,-29.287,3.245
2012-05-05-23_10_43.224,339,2,7,1,-20.181,-29.211,2.745
2012-05-05-23_10_43.225,339,3,7,1,-29.235,-29.306,2.945
2012-05-05-23_10_43.226,339,4,7,1,-38.223,-29.281,2.345
2012-05-05-23_10_43.227,339,5,7,1,-47.237,-29.344,2.745
2012-05-05-23_10_43.228,339,6,7,1,-56.236,-29.347,2.845
2012-05-05-23_10_43.229,339,7,7,1,-65.158,-29.265,3.545
2012-05-05-23_10_43.229,339,0,8,0,2.273,-33.782,3.754
2012-05-05-23_10_43.231,339,1,8,0,-6.743,-33.785,3.254
2012-05-05-23_10_43.232,339,2,8,0,-15.724,-33.702,2.654
2012-05-05-23_10_43.232,339,3,8,0,-24.779,-33.797,2.954
2012-05-05-23_10_43.233,339,4,8,0,-33.766,-33.772,2.454
2012-05-05-23_10_43.234,339,5,8,0,-42.780,-33.835,2.754
2012-05-05-23_10_43.235,339,6,8,0,-51.779,-33.838,2.854
2012-05-05-23_10_43.236,339,7,8,0,-60.701,-33.756,3.454
2012-05-05-23_10_43.237,339,0,8,1,-2.184,-33.788,3.763
2012-05-05-23_10_43.238,339,1,8,1,-11.214,-33.785,3.262
2012-05-05-23_10_43.239,339,2,8,1,-20.181,-33.707,2.763
2012-05-05-23_10_43.240,339,3,8,1,-29.236,-33.803,2.963
2012-05-05-23_10_43.241,339,4,8,1,-38.223,-33.778,2.463
2012-05-05-23_10_43.242,339,5,8,1,-47.238,-33.840,2.763
2012-05-05-23_10_43.244,339,6,8,1,-56.236,-33.844,2.863
2012-05-05-23_10_43.245,339,7,8,1,-65.158,-33.761,3.563
2012-05-05-23_10_43.246,339,0,9,0,2.275,-38.282,3.772
2012-05-05-23_10_43.248,339,1,9,0,-6.746,-38.293,3.272
2012-05-05-23_10_43.249,339,2,9,0,-15.722,-38.202,2.772
2012-05-05-23_10_43.250,339,3,9,0,-24.777,-38.298,2.972
2012-05-05-23_10_43.251,339,4,9,0,-33.764,-38.272,2.372
2012-05-05-23_10_43.252,339,5,9,0,-42.778,-38.335,2.772
2012-05-05-23_10_43.252,339,6,9,0,-51.777,-38.338,2.772
2012-05-05-23_10_43.254,339,7,9,0,-60.699,-38.256,3.472
2012-05-05-23_10_43.255,339,0,9,1,-2.185,-38.288,3.685
2012-05-05-23_10_43.256,339,1,9,1,-11.210,-38.293,3.285
2012-05-05-23_10_43.257,339,2,9,1,-20.182,-38.208,2.785
2012-05-05-23_10_43.258,339,3,9,1,-29.236,-38.304,2.885
2012-05-05-23_10_43.259,339,4,9,1,-38.223,-38.279,2.185
2012-05-05-23_10_43.260,339,5,9,1,-47.238,-38.341,2.785
2012-05-05-23_10_43.263,339,6,9,1,-56.237,-38.344,2.885
2012-05-05-23_10_43.266,339,7,9,1,-65.159,-38.262,3.585
2012-05-05-23_10_43.267,339,0,10,0,2.277,-42.780,3.798
2012-05-05-23_10_43.268,339,1,10,0,-6.748,-42.796,3.298
2012-05-05-23_10_43.268,339,2,10,0,-15.720,-42.699,2.798
2012-05-05-23_10_43.269,339,3,10,0,-24.775,-42.795,3.098
2012-05-05-23_10_43.270,339,4,10,0,-33.762,-42.770,2.298
2012-05-05-23_10_43.271,339,5,10,0,-42.776,-42.832,2.798
2012-05-05-23_10_43.271,339,6,10,0,-51.775,-42.836,2.998
2012-05-05-23_10_43.272,339,7,10,0,-60.697,-42.753,3.398
2012-05-05-23_10_43.273,339,0,10,1,-2.187,-42.788,3.808
2012-05-05-23_10_43.274,339,1,10,1,-11.213,-42.795,3.208
2012-05-05-23_10_43.275,339,2,10,1,-20.184,-42.707,2.708
2012-05-05-23_10_43.276,339,3,10,1,-29.239,-42.803,3.108
2012-05-05-23_10_43.277,339,4,10,1,-38.226,-42.778,2.508
2012-05-05-23_10_43.278,339,5,10,1,-47.241,-42.840,2.908
2012-05-05-23_10_43.279,339,6,10,1,-56.240,-42.844,2.908
2012-05-05-23_10_43.280,339,7,10,1,-65.162,-42.761,3.508
2012-05-05-23_10_43.282,339,0,11,0,2.277,-47.279,3.717
2012-05-05-23_10_43.284,339,1,11,0,-6.749,-47.291,3.317
2012-05-05-23_10_43.285,339,2,11,0,-15.720,-47.199,2.817
2012-05-05-23_10_43.286,339,3,11,0,-24.775,-47.295,3.017
2012-05-05-23_10_43.287,339,4,11,0,-33.762,-47.270,2.417
2012-05-05-23_10_43.288,339,5,11,0,-42.777,-47.332,2.817
2012-05-05-23_10_43.289,339,6,11,0,-51.775,-47.336,3.017
2012-05-05-23_10_43.290,339,7,11,0,-60.697,-47.253,3.417
2012-05-05-23_10_43.291,339,0,11,1,-2.190,-47.290,3.826
2012-05-05-23_10_43.292,339,1,11,1,-11.211,-47.290,3.326
2012-05-05-23_10_43.295,339,2,11,1,-20.187,-47.210,2.726
2012-05-05-23_10_43.295,339,3,11,1,-29.242,-47.305,2.826
2012-05-05-23_10_43.297,339,4,11,1,-38.229,-47.280,2.526
2012-05-05-23_10_43.298,339,5,11,1,-47.244,-47.342,2.926
2012-05-05-23_10_43.299,339,6,11,1,-56.242,-47.346,3.026
2012-05-05-23_10_43.299,339,7,11,1,-65.164,-47.264,3.626
2012-05-05-23_10_43.300,339,0,12,0,2.276,-51.784,3.736
2012-05-05-23_10_43.301,339,1,12,0,-6.752,-51.788,3.336
2012-05-05-23_10_43.302,339,2,12,0,-15.721,-51.704,2.736
2012-05-05-23_10_43.303,339,3,12,0,-24.776,-51.799,3.036
2012-05-05-23_10_43.304,339,4,12,0,-33.763,-51.774,2.236
2012-05-05-23_10_43.305,339,5,12,0,-42.777,-51.837,2.836
2012-05-05-23_10_43.307,339,6,12,0,-51.776,-51.840,2.836
2012-05-05-23_10_43.308,339,7,12,0,-60.698,-51.758,3.536
2012-05-05-23_10_43.309,339,0,12,1,-2.191,-51.792,3.849
2012-05-05-23_10_43.311,339,1,12,1,-11.211,-51.788,3.349
2012-05-05-23_10_43.312,339,2,12,1,-20.188,-51.712,2.849
2012-05-05-23_10_43.313,339,3,12,1,-29.242,-51.808,2.949
2012-05-05-23_10_43.315,339,4,12,1,-38.230,-51.783,2.649
2012-05-05-23_10_43.318,339,5,12,1,-47.244,-51.845,2.849
2012-05-05-23_10_43.320,339,6,12,1,-56.243,-51.848,3.049
2012-05-05-23_10_43.321,339,7,12,1,-65.165,-51.766,3.649
2012-05-05-23_10_43.322,339,0,13,0,2.276,-56.282,3.862
2012-05-05-23_10_43.323,339,1,13,0,-6.752,-56.286,3.362
2012-05-05-23_10_43.324,339,2,13,0,-15.721,-56.202,2.762
2012-05-05-23_10_43.325,339,3,13,0,-24.776,-56.297,3.062
2012-05-05-23_10_43.326,339,4,13,0,-33.763,-56.272,2.362
2012-05-05-23_10_43.327,339,5,13,0,-42.778,-56.335,2.862
2012-05-05-23_10_43.328,339,6,13,0,-51.776,-56.338,2.862
2012-05-05-23_10_43.329,339,7,13,0,-60.698,-56.256,3.562
2012-05-05-23_10_43.330,339,0,13,1,-2.194,-56.288,3.872
2012-05-05-23_10_43.331,339,1,13,1,-11.209,-56.286,3.371
2012-05-05-23_10_43.332,339,2,13,1,-20.191,-56.207,2.772
2012-05-05-23_10_43.335,339,3,13,1,-29.245,-56.303,2.872
2012-05-05-23_10_43.336,339,4,13,1,-38.232,-56.278,2.472
2012-05-05-23_10_43.337,339,5,13,1,-47.247,-56.340,2.872
2012-05-05-23_10_43.337,339,6,13,1,-56.246,-56.344,2.872
2012-05-05-23_10_43.339,339,7,13,1,-65.168,-56.261,3.572
2012-05-05-23_10_43.340,339,0,14,0,2.275,-60.782,3.879
2012-05-05-23_10_43.341,339,1,14,0,-6.753,-60.793,3.279
2012-05-05-23_10_43.342,339,2,14,0,-15.722,-60.702,2.779
2012-05-05-23_10_43.343,339,3,14,0,-24.776,-60.798,3.079
2012-05-05-23_10_43.343,339,4,14,0,-33.763,-60.772,2.579
2012-05-05-23_10_43.345,339,5,14,0,-42.778,-60.835,2.879
2012-05-05-23_10_43.346,339,6,14,0,-51.777,-60.838,2.979
2012-05-05-23_10_43.347,339,7,14,0,-60.699,-60.756,3.579
2012-05-05-23_10_43.348,339,0,14,1,-2.196,-60.788,3.888
2012-05-05-23_10_43.349,339,1,14,1,-11.212,-60.794,3.388
2012-05-05-23_10_43.351,339,2,14,1,-20.194,-60.708,2.888
2012-05-05-23_10_43.352,339,3,14,1,-29.248,-60.803,2.888
2012-05-05-23_10_43.354,339,4,14,1,-38.235,-60.778,2.588
2012-05-05-23_10_43.354,339,5,14,1,-47.250,-60.841,2.888
2012-05-05-23_10_43.355,339,6,14,1,-56.249,-60.844,2.988
2012-05-05-23_10_43.356,339,7,14,1,-65.171,-60.762,3.688
2012-05-05-23_10_43.357,339,0,15,0,2.273,-65.280,3.897
2012-05-05-23_10_43.359,339,1,15,0,-6.753,-65.296,3.397
2012-05-05-23_10_43.359,339,2,15,0,-15.725,-65.200,2.897
2012-05-05-23_10_43.360,339,3,15,0,-24.779,-65.295,3.097
2012-05-05-23_10_43.361,339,4,15,0,-33.766,-65.270,2.597
2012-05-05-23_10_43.362,339,5,15,0,-42.781,-65.333,2.797
2012-05-05-23_10_43.363,339,6,15,0,-51.780,-65.336,2.897
2012-05-05-23_10_43.364,339,7,15,0,-60.702,-65.254,3.497
2012-05-05-23_10_43.365,339,0,15,1,-2.197,-65.287,3.910
2012-05-05-23_10_43.366,339,1,15,1,-11.210,-65.296,3.310
2012-05-05-23_10_43.367,339,2,15,1,-20.194,-65.207,2.910
2012-05-05-23_10_43.368,339,3,15,1,-29.249,-65.303,2.910
2012-05-05-23_10_43.369,339,4,15,1,-38.236,-65.277,2.510
2012-05-05-23_10_43.370,339,5,15,1,-47.250,-65.340,2.910
2012-05-05-23_10_43.371,339,6,15,1,-56.249,-65.343,2.910
2012-05-05-23_10_43.372,339,7,15,1,-65.171,-65.261,3.610
2012-05-05-23_10_43.373,339,0,16,0,2.270,-69.779,3.923
2012-05-05-23_10_43.374,339,1,16,0,-6.751,-69.790,3.423
2012-05-05-23_10_43.375,339,2,16,0,-15.727,-69.699,2.923
2012-05-05-23_10_43.376,339,3,16,0,-24.782,-69.795,3.123
2012-05-05-23_10_43.377,339,4,16,0,-33.769,-69.770,2.323
2012-05-05-23_10_43.379,339,5,16,0,-42.784,-69.832,2.923
2012-05-05-23_10_43.380,339,6,16,0,-51.782,-69.836,2.923
2012-05-05-23_10_43.381,339,7,16,0,-60.704,-69.753,3.623
2012-05-05-23_10_43.381,339,0,16,1,-2.195,-69.789,3.934
2012-05-05-23_10_43.382,339,1,16,1,-11.208,-69.789,3.433
2012-05-05-23_10_43.382,339,2,16,1,-20.192,-69.709,2.834
2012-05-05-23_10_43.383,339,3,16,1,-29.247,-69.804,2.934
2012-05-05-23_10_43.384,339,4,16,1,-38.234,-69.779,2.534
2012-05-05-23_10_43.384,339,5,16,1,-47.248,-69.842,2.734
2012-05-05-23_10_43.385,339,6,16,1,-56.247,-69.845,2.934
2012-05-05-23_10_43.385,339,7,16,1,-65.169,-69.763,3.634
2012-05-05-23_10_43.387,339,0,17,0,2.267,-74.284,3.942
2012-05-05-23_10_43.388,339,1,17,0,-6.749,-74.287,3.442
2012-05-05-23_10_43.388,339,2,17,0,-15.730,-74.204,2.842
2012-05-05-23_10_43.389,339,3,17,0,-24.785,-74.299,3.142
2012-05-05-23_10_43.390,339,4,17,0,-33.772,-74.274,2.442
2012-05-05-23_10_43.391,339,5,17,0,-42.787,-74.336,2.842
2012-05-05-23_10_43.392,339,6,17,0,-51.785,-74.340,2.842
2012-05-05-23_10_43.394,339,7,17,0,-60.707,-74.258,3.542
2012-05-05-23_10_43.395,339,0,17,1,-2.193,-74.291,3.952
2012-05-05-23_10_43.396,339,1,17,1,-11.209,-74.287,3.451
2012-05-05-23_10_43.397,339,2,17,1,-20.190,-74.211,2.852
2012-05-05-23_10_43.398,339,3,17,1,-29.245,-74.306,2.952
2012-05-05-23_10_43.399,339,4,17,1,-38.232,-74.281,2.352
2012-05-05-23_10_43.400,339,5,17,1,-47.246,-74.344,2.852
2012-05-05-23_10_43.401,339,6,17,1,-56.245,-74.347,2.952
2012-05-05-23_10_43.401,339,7,17,1,-65.167,-74.265,3.652
2012-05-05-23_10_43.402,339,0,18,0,2.264,-78.782,3.862
2012-05-05-23_10_43.403,339,1,18,0,-6.747,-78.785,3.462
2012-05-05-23_10_43.404,339,2,18,0,-15.733,-78.702,2.862
2012-05-05-23_10_43.405,339,3,18,0,-24.788,-78.797,3.062
2012-05-05-23_10_43.406,339,4,18,0,-33.775,-78.772,2.562
2012-05-05-23_10_43.407,339,5,18,0,-42.789,-78.835,2.862
2012-05-05-23_10_43.408,339,6,18,0,-51.788,-78.838,2.962
2012-05-05-23_10_43.409,339,7,18,0,-60.710,-78.756,3.662
2012-05-05-23_10_43.410,339,0,18,1,-2.193,-78.789,3.875
2012-05-05-23_10_43.411,339,1,18,1,-11.211,-78.785,3.374
2012-05-05-23_10_43.412,339,2,18,1,-20.190,-78.709,2.875
2012-05-05-23_10_43.412,339,3,18,1,-29.245,-78.804,3.175
2012-05-05-23_10_43.413,339,4,18,1,-38.232,-78.779,2.375
2012-05-05-23_10_43.414,339,5,18,1,-47.247,-78.841,2.975
2012-05-05-23_10_43.415,339,6,18,1,-56.245,-78.845,2.975
2012-05-05-23_10_43.416,339,7,18,1,-65.167,-78.763,3.775
2012-05-05-23_10_43.417,339,0,19,0,2.264,-83.281,3.886
2012-05-05-23_10_43.418,339,1,19,0,-6.747,-83.293,3.487
2012-05-05-23_10_43.420,339,2,19,0,-15.734,-83.201,2.886
2012-05-05-23_10_43.421,339,3,19,0,-24.788,-83.297,3.186
2012-05-05-23_10_43.422,339,4,19,0,-33.775,-83.272,2.286
2012-05-05-23_10_43.422,339,5,19,0,-42.790,-83.334,2.986
2012-05-05-23_10_43.423,339,6,19,0,-51.789,-83.337,2.986
2012-05-05-23_10_43.424,339,7,19,0,-60.711,-83.255,3.586
2012-05-05-23_10_43.425,339,0,19,1,-2.191,-83.288,3.997
2012-05-05-23_10_43.426,339,1,19,1,-11.214,-83.292,3.397
2012-05-05-23_10_43.427,339,2,19,1,-20.188,-83.208,2.897
2012-05-05-23_10_43.427,339,3,19,1,-29.243,-83.304,2.897
2012-05-05-23_10_43.428,339,4,19,1,-38.230,-83.279,2.697
2012-05-05-23_10_43.429,339,5,19,1,-47.245,-83.341,2.997
2012-05-05-23_10_43.430,339,6,19,1,-56.243,-83.344,2.997
2012-05-05-23_10_43.431,339,7,19,1,-65.165,-83.262,3.697
2012-05-05-23_10_43.432,339,0,20,0,2.266,-87.780,4.005
2012-05-05-23_10_43.433,339,1,20,0,-6.748,-87.796,3.405
2012-05-05-23_10_43.434,339,2,20,0,-15.732,-87.700,2.905
2012-05-05-23_10_43.436,339,3,20,0,-24.786,-87.795,3.105
2012-05-05-23_10_43.437,339,4,20,0,-33.773,-87.770,2.605
2012-05-05-23_10_43.438,339,5,20,0,-42.788,-87.832,2.905
2012-05-05-23_10_43.439,339,6,20,0,-51.787,-87.836,2.905
2012-05-05-23_10_43.440,339,7,20,0,-60.709,-87.754,3.805
2012-05-05-23_10_43.442,339,0,20,1,-2.192,-87.788,4.014
2012-05-05-23_10_43.443,339,1,20,1,-11.212,-87.796,3.514
2012-05-05-23_10_43.443,339,2,20,1,-20.189,-87.708,2.914
2012-05-05-23_10_43.444,339,3,20,1,-29.243,-87.803,3.214
2012-05-05-23_10_43.445,339,4,20,1,-38.230,-87.778,2.714
2012-05-05-23_10_43.446,339,5,20,1,-47.245,-87.841,3.014
2012-05-05-23_10_43.447,339,6,20,1,-56.244,-87.844,3.014
2012-05-05-23_10_43.448,339,7,20,1,-65.166,-87.762,3.814
2012-05-05-23_10_43.449,339,0,21,0,2.265,-92.279,4.124
2012-05-05-23_10_43.450,339,1,21,0,-6.751,-92.291,3.524
2012-05-05-23_10_43.451,339,2,21,0,-15.732,-92.199,2.924
2012-05-05-23_10_43.452,339,3,21,0,-24.787,-92.295,3.224
2012-05-05-23_10_43.454,339,4,21,0,-33.774,-92.270,2.624
2012-05-05-23_10_43.454,339,5,21,0,-42.788,-92.332,2.924
2012-05-05-23_10_43.455,339,6,21,0,-51.787,-92.336,3.024
2012-05-05-23_10_43.456,339,7,21,0,-60.709,-92.253,3.624
2012-05-05-23_10_43.457,339,0,21,1,-2.192,-92.289,4.037
2012-05-05-23_10_43.458,339,1,21,1,-11.213,-92.290,3.437
2012-05-05-23_10_43.459,339,2,21,1,-20.189,-92.209,2.937
2012-05-05-23_10_43.460,339,3,21,1,-29.244,-92.305,2.937
2012-05-05-23_10_43.460,339,4,21,1,-38.231,-92.280,2.537
2012-05-05-23_10_43.461,339,5,21,1,-47.246,-92.342,2.937
2012-05-05-23_10_43.462,339,6,21,1,-56.244,-92.346,3.037
2012-05-05-23_10_43.463,339,7,21,1,-65.166,-92.263,3.737
2012-05-05-23_10_43.464,339,0,22,0,2.265,-96.784,3.950
2012-05-05-23_10_43.465,339,1,22,0,-6.754,-96.788,3.550
2012-05-05-23_10_43.465,339,2,22,0,-15.732,-96.704,3.050
2012-05-05-23_10_43.466,339,3,22,0,-24.787,-96.799,3.250
2012-05-05-23_10_43.467,339,4,22,0,-33.774,-96.774,2.650
2012-05-05-23_10_43.469,339,5,22,0,-42.789,-96.836,2.950
2012-05-05-23_10_43.470,339,6,22,0,-51.787,-96.840,3.050
2012-05-05-23_10_43.471,339,7,22,0,-60.709,-96.758,3.750
2012-05-05-23_10_43.472,339,0,22,1,-2.192,-96.793,4.058
2012-05-05-23_10_43.473,339,1,22,1,-11.213,-96.789,3.558
2012-05-05-23_10_43.474,339,2,22,1,-20.190,-96.713,2.958
2012-05-05-23_10_43.474,339,3,22,1,-29.244,-96.808,3.058
2012-05-05-23_10_43.475,339,4,22,1,-38.231,-96.783,2.758
2012-05-05-23_10_43.476,339,5,22,1,-47.246,-96.845,3.058
2012-05-05-23_10_43.477,339,6,22,1,-56.245,-96.849,3.058
2012-05-05-23_10_43.479,339,7,22,1,-65.167,-96.766,3.758
2012-05-05-23_10_43.480,339,0,23,0,2.269,-101.281,4.168
2012-05-05-23_10_43.481,339,1,23,0,-6.754,-101.286,3.468
2012-05-05-23_10_43.482,339,2,23,0,-15.728,-101.201,2.868
2012-05-05-23_10_43.483,339,3,23,0,-24.783,-101.297,3.268
2012-05-05-23_10_43.484,339,4,23,0,-33.770,-101.272,2.668
2012-05-05-23_10_43.485,339,5,23,0,-42.784,-101.334,2.968
2012-05-05-23_10_43.486,339,6,23,0,-51.783,-101.338,2.968
2012-05-05-23_10_43.487,339,7,23,0,-60.705,-101.255,3.568
2012-05-05-23_10_43.488,339,0,23,1,-2.181,-101.280,3.968
2012-05-05-23_10_43.489,339,1,23,1,-11.211,-101.286,3.568
2012-05-05-23_10_43.490,339,2,23,1,-20.178,-101.200,2.968
2012-05-05-23_10_43.490,339,3,23,1,-29.232,-101.295,2.968
2012-05-05-23_10_43.491,339,4,23,1,-38.219,-101.270,2.668
2012-05-05-23_10_43.492,339,5,23,1,-47.234,-101.332,3.068
2012-05-05-23_10_43.493,339,6,23,1,-56.233,-101.336,3.068
2012-05-05-23_10_43.494,339,7,23,1,-65.155,-101.254,3.768
