2012-05-04-14_37_30.004,1,0,0,0,2.247,2.217,2.668
2012-05-04-14_37_30.006,1,0,0,0,2.320,2.341,2.667
2012-05-04-14_37_30.010,1,0,0,0,2.181,2.236,2.667
2012-05-04-14_37_30.041,1,1,0,0,-6.759,2.211,2.967
2012-05-04-14_37_30.043,1,1,0,0,-6.830,2.234,2.967
2012-05-04-14_37_30.044,1,1,0,0,-6.773,2.292,3.067
2012-05-04-14_37_30.044,1,2,0,0,-15.771,2.211,2.568
2012-05-04-14_37_30.051,1,2,0,0,-15.698,2.335,2.467
2012-05-04-14_37_30.052,1,2,0,0,-15.837,2.230,2.567
2012-05-04-14_37_30.057,1,3,0,0,-24.735,2.206,3.067
2012-05-04-14_37_30.058,1,3,0,0,-24.798,2.260,3.067
2012-05-04-14_37_30.059,1,3,0,0,-24.686,2.197,3.067
2012-05-04-14_37_30.060,1,4,0,0,-33.732,2.209,2.367
2012-05-04-14_37_30.061,1,4,0,0,-33.820,2.233,2.367
2012-05-04-14_37_30.062,1,4,0,0,-33.759,2.287,2.367
2012-05-04-14_37_30.063,1,5,0,0,-42.745,2.208,2.567
2012-05-04-14_37_30.064,1,5,0,0,-42.828,2.228,2.567
2012-05-04-14_37_30.065,1,5,0,0,-42.767,2.295,2.767
2012-05-04-14_37_30.066,1,6,0,0,-51.747,2.193,2.767
2012-05-04-14_37_30.067,1,6,0,0,-51.830,2.214,2.867
2012-05-04-14_37_30.068,1,6,0,0,-51.769,2.281,2.867
2012-05-04-14_37_30.069,1,7,0,0,-60.656,2.258,3.267
2012-05-04-14_37_30.069,1,7,0,0,-60.739,2.278,3.367
2012-05-04-14_37_30.070,1,7,0,0,-60.721,2.180,3.267
2012-05-04-14_37_30.071,1,0,0,1,-2.205,2.212,2.168
2012-05-04-14_37_30.072,1,0,0,1,-2.276,2.237,2.167
2012-05-04-14_37_30.073,1,0,0,1,-2.227,2.303,2.167
2012-05-04-14_37_30.074,1,1,0,1,-11.216,2.212,3.068
2012-05-04-14_37_30.075,1,1,0,1,-11.348,2.244,3.068
2012-05-04-14_37_30.075,1,1,0,1,-11.240,2.293,3.067
2012-05-04-14_37_30.076,1,2,0,1,-20.223,2.205,2.568
2012-05-04-14_37_30.077,1,2,0,1,-20.167,2.335,2.668
2012-05-04-14_37_30.078,1,2,0,1,-20.294,2.230,2.667
2012-05-04-14_37_30.078,1,3,0,1,-29.204,2.207,3.268
2012-05-04-14_37_30.079,1,3,0,1,-29.263,2.260,3.368
2012-05-04-14_37_30.080,1,3,0,1,-29.282,2.169,3.267
2012-05-04-14_37_30.080,1,4,0,1,-38.196,2.209,2.668
2012-05-04-14_37_30.081,1,4,0,1,-38.233,2.331,2.667
2012-05-04-14_37_30.082,1,4,0,1,-38.313,2.345,2.667
2012-05-04-14_37_30.083,1,5,0,1,-47.204,2.208,2.767
2012-05-04-14_37_30.084,1,5,0,1,-47.285,2.174,2.867
2012-05-04-14_37_30.085,1,5,0,1,-47.221,2.297,2.767
2012-05-04-14_37_30.086,1,6,0,1,-56.206,2.194,2.567
2012-05-04-14_37_30.086,1,6,0,1,-56.287,2.159,2.567
2012-05-04-14_37_30.087,1,6,0,1,-56.223,2.282,2.567
2012-05-04-14_37_30.089,1,7,0,1,-65.196,2.224,2.767
2012-05-04-14_37_30.090,1,7,0,1,-65.276,2.237,2.767
2012-05-04-14_37_30.091,1,7,0,1,-65.215,2.307,2.767
2012-05-04-14_37_30.092,1,0,1,0,2.274,-2.278,1.275
2012-05-04-14_37_30.094,1,0,1,0,2.193,-2.263,1.075
2012-05-04-14_37_30.096,1,0,1,0,2.242,-2.203,1.075
2012-05-04-14_37_30.097,1,1,1,0,-6.747,-2.294,1.175
2012-05-04-14_37_30.097,1,1,1,0,-6.820,-2.267,1.075
2012-05-04-14_37_30.098,1,1,1,0,-6.764,-2.210,1.075
2012-05-04-14_37_30.099,1,2,1,0,-15.744,-2.285,1.775
2012-05-04-14_37_30.099,1,2,1,0,-15.690,-2.162,1.775
2012-05-04-14_37_30.100,1,2,1,0,-15.824,-2.269,1.675
2012-05-04-14_37_30.101,1,3,1,0,-24.727,-2.290,1.775
2012-05-04-14_37_30.102,1,3,1,0,-24.788,-2.244,1.775
2012-05-04-14_37_30.102,1,3,1,0,-24.676,-2.305,1.475
2012-05-04-14_37_30.103,1,4,1,0,-33.722,-2.294,0.975
2012-05-04-14_37_30.105,1,4,1,0,-33.812,-2.267,0.975
2012-05-04-14_37_30.107,1,4,1,0,-33.749,-2.209,0.975
2012-05-04-14_37_30.107,1,5,1,0,-42.733,-2.288,1.675
2012-05-04-14_37_30.108,1,5,1,0,-42.818,-2.268,1.875
2012-05-04-14_37_30.109,1,5,1,0,-42.757,-2.205,1.875
2012-05-04-14_37_30.109,1,6,1,0,-51.735,-2.303,1.175
2012-05-04-14_37_30.110,1,6,1,0,-51.820,-2.283,1.175
2012-05-04-14_37_30.111,1,6,1,0,-51.759,-2.220,1.175
2012-05-04-14_37_30.111,1,7,1,0,-60.643,-2.239,1.675
2012-05-04-14_37_30.112,1,7,1,0,-60.729,-2.219,1.675
2012-05-04-14_37_30.112,1,7,1,0,-60.712,-2.317,1.675
2012-05-04-14_37_30.113,1,0,1,1,-2.198,-2.286,1.984
2012-05-04-14_37_30.113,1,0,1,1,-2.266,-2.262,1.983
2012-05-04-14_37_30.114,1,0,1,1,-2.220,-2.200,1.982
2012-05-04-14_37_30.115,1,1,1,1,-11.209,-2.293,1.784
2012-05-04-14_37_30.115,1,1,1,1,-11.340,-2.252,1.784
2012-05-04-14_37_30.116,1,1,1,1,-11.233,-2.209,1.682
2012-05-04-14_37_30.117,1,2,1,1,-20.216,-2.293,1.784
2012-05-04-14_37_30.117,1,2,1,1,-20.284,-2.268,1.783
2012-05-04-14_37_30.118,1,2,1,1,-20.238,-2.206,1.782
2012-05-04-14_37_30.118,1,3,1,1,-29.197,-2.290,1.984
2012-05-04-14_37_30.119,1,3,1,1,-29.253,-2.243,2.083
2012-05-04-14_37_30.120,1,3,1,1,-29.275,-2.334,2.082
2012-05-04-14_37_30.121,1,4,1,1,-38.186,-2.294,0.583
2012-05-04-14_37_30.122,1,4,1,1,-38.223,-2.170,0.583
2012-05-04-14_37_30.123,1,4,1,1,-38.306,-2.152,0.582
2012-05-04-14_37_30.123,1,5,1,1,-47.199,-2.287,0.983
2012-05-04-14_37_30.124,1,5,1,1,-47.275,-2.327,0.983
2012-05-04-14_37_30.125,1,5,1,1,-47.217,-2.203,1.082
2012-05-04-14_37_30.126,1,6,1,1,-56.202,-2.302,1.083
2012-05-04-14_37_30.127,1,6,1,1,-56.277,-2.342,1.083
2012-05-04-14_37_30.128,1,6,1,1,-56.219,-2.217,1.082
2012-05-04-14_37_30.129,1,7,1,1,-65.186,-2.278,1.383
2012-05-04-14_37_30.130,1,7,1,1,-65.269,-2.260,1.482
2012-05-04-14_37_30.130,1,7,1,1,-65.208,-2.199,1.382
2012-05-04-14_37_30.131,1,0,2,0,2.284,-6.780,1.792
2012-05-04-14_37_30.132,1,0,2,0,2.201,-6.760,1.792
2012-05-04-14_37_30.132,1,0,2,0,2.252,-6.700,1.692
2012-05-04-14_37_30.133,1,1,2,0,-6.739,-6.791,1.692
2012-05-04-14_37_30.133,1,1,2,0,-6.861,-6.750,1.692
2012-05-04-14_37_30.134,1,1,2,0,-6.759,-6.708,1.692
2012-05-04-14_37_30.135,1,2,2,0,-15.734,-6.787,0.992
2012-05-04-14_37_30.135,1,2,2,0,-15.680,-6.659,0.992
2012-05-04-14_37_30.136,1,2,2,0,-15.817,-6.767,0.992
2012-05-04-14_37_30.136,1,3,2,0,-24.718,-6.787,1.392
2012-05-04-14_37_30.137,1,3,2,0,-24.779,-6.743,1.392
2012-05-04-14_37_30.138,1,3,2,0,-24.864,-6.717,1.392
2012-05-04-14_37_30.138,1,4,2,0,-33.712,-6.794,0.792
2012-05-04-14_37_30.139,1,4,2,0,-33.798,-6.768,0.792
2012-05-04-14_37_30.139,1,4,2,0,-33.739,-6.706,0.792
2012-05-04-14_37_30.140,1,5,2,0,-42.725,-6.785,0.992
2012-05-04-14_37_30.141,1,5,2,0,-42.811,-6.764,1.192
2012-05-04-14_37_30.141,1,5,2,0,-42.747,-6.705,1.192
2012-05-04-14_37_30.142,1,6,2,0,-51.727,-6.800,1.092
2012-05-04-14_37_30.142,1,6,2,0,-51.813,-6.779,1.192
2012-05-04-14_37_30.143,1,6,2,0,-51.749,-6.720,1.092
2012-05-04-14_37_30.143,1,7,2,0,-60.636,-6.736,1.792
2012-05-04-14_37_30.145,1,7,2,0,-60.721,-6.714,1.692
2012-05-04-14_37_30.145,1,7,2,0,-60.702,-6.814,1.692
2012-05-04-14_37_30.146,1,0,2,1,-2.188,-6.790,1.803
2012-05-04-14_37_30.147,1,0,2,1,-2.259,-6.758,1.802
2012-05-04-14_37_30.147,1,0,2,1,-2.212,-6.699,1.802
2012-05-04-14_37_30.149,1,1,2,1,-11.201,-6.790,1.703
2012-05-04-14_37_30.150,1,1,2,1,-11.331,-6.749,1.703
2012-05-04-14_37_30.150,1,1,2,1,-11.223,-6.708,1.702
2012-05-04-14_37_30.151,1,2,2,1,-20.206,-6.797,1.003
2012-05-04-14_37_30.151,1,2,2,1,-20.277,-6.765,1.002
2012-05-04-14_37_30.152,1,2,2,1,-20.230,-6.706,1.002
2012-05-04-14_37_30.153,1,3,2,1,-29.187,-6.787,1.103
2012-05-04-14_37_30.153,1,3,2,1,-29.245,-6.742,1.103
2012-05-04-14_37_30.154,1,3,2,1,-29.267,-6.834,1.102
2012-05-04-14_37_30.154,1,4,2,1,-38.179,-6.793,0.903
2012-05-04-14_37_30.155,1,4,2,1,-38.216,-6.673,0.902
2012-05-04-14_37_30.156,1,4,2,1,-38.299,-6.654,0.802
2012-05-04-14_37_30.157,1,5,2,1,-47.192,-6.785,1.102
2012-05-04-14_37_30.157,1,5,2,1,-47.268,-6.830,1.102
2012-05-04-14_37_30.158,1,5,2,1,-47.351,-6.811,1.102
2012-05-04-14_37_30.159,1,6,2,1,-56.194,-6.799,1.302
2012-05-04-14_37_30.159,1,6,2,1,-56.270,-6.845,1.202
2012-05-04-14_37_30.160,1,6,2,1,-56.209,-6.700,1.202
2012-05-04-14_37_30.160,1,7,2,1,-65.179,-6.780,1.602
2012-05-04-14_37_30.161,1,7,2,1,-65.262,-6.762,1.802
2012-05-04-14_37_30.162,1,7,2,1,-65.201,-6.697,1.801
2012-05-04-14_37_30.164,1,0,3,0,2.291,-11.283,1.910
2012-05-04-14_37_30.165,1,0,3,0,2.213,-11.262,1.910
2012-05-04-14_37_30.166,1,0,3,0,2.262,-11.201,2.010
2012-05-04-14_37_30.166,1,1,3,0,-6.732,-11.292,1.710
2012-05-04-14_37_30.167,1,1,3,0,-6.849,-11.255,1.810
2012-05-04-14_37_30.168,1,1,3,0,-6.751,-11.204,1.710
2012-05-04-14_37_30.170,1,2,3,0,-15.727,-11.290,1.110
2012-05-04-14_37_30.171,1,2,3,0,-15.668,-11.165,1.110
2012-05-04-14_37_30.171,1,2,3,0,-15.805,-11.269,1.110
2012-05-04-14_37_30.172,1,3,3,0,-24.705,-11.293,1.510
2012-05-04-14_37_30.173,1,3,3,0,-24.769,-11.239,1.410
2012-05-04-14_37_30.174,1,3,3,0,-24.793,-11.336,1.410
2012-05-04-14_37_30.174,1,4,3,0,-33.702,-11.289,0.810
2012-05-04-14_37_30.175,1,4,3,0,-33.742,-11.174,0.810
2012-05-04-14_37_30.176,1,4,3,0,-33.825,-11.158,0.810
2012-05-04-14_37_30.177,1,5,3,0,-42.713,-11.293,1.110
2012-05-04-14_37_30.178,1,5,3,0,-42.794,-11.331,1.110
2012-05-04-14_37_30.179,1,5,3,0,-42.733,-11.205,1.310
2012-05-04-14_37_30.179,1,6,3,0,-51.715,-11.307,1.110
2012-05-04-14_37_30.180,1,6,3,0,-51.796,-11.346,1.110
2012-05-04-14_37_30.181,1,6,3,0,-51.735,-11.220,1.210
2012-05-04-14_37_30.182,1,7,3,0,-60.704,-11.282,1.810
2012-05-04-14_37_30.182,1,7,3,0,-60.787,-11.266,1.910
2012-05-04-14_37_30.183,1,7,3,0,-60.726,-11.195,1.810
2012-05-04-14_37_30.183,1,0,3,1,-2.181,-11.292,1.919
2012-05-04-14_37_30.184,1,0,3,1,-2.254,-11.261,1.918
2012-05-04-14_37_30.185,1,0,3,1,-2.205,-11.201,1.918
2012-05-04-14_37_30.185,1,1,3,1,-11.194,-11.292,1.819
2012-05-04-14_37_30.186,1,1,3,1,-11.326,-11.255,1.819
2012-05-04-14_37_30.186,1,1,3,1,-11.216,-11.205,1.818
2012-05-04-14_37_30.187,1,2,3,1,-20.199,-11.299,1.119
2012-05-04-14_37_30.189,1,2,3,1,-20.272,-11.268,1.118
2012-05-04-14_37_30.190,1,2,3,1,-20.223,-11.208,1.118
2012-05-04-14_37_30.191,1,3,3,1,-29.182,-11.292,1.219
2012-05-04-14_37_30.191,1,3,3,1,-29.238,-11.239,1.218
2012-05-04-14_37_30.192,1,3,3,1,-29.260,-11.336,1.218
2012-05-04-14_37_30.193,1,4,3,1,-38.172,-11.290,0.918
2012-05-04-14_37_30.193,1,4,3,1,-38.208,-11.174,0.718
2012-05-04-14_37_30.194,1,4,3,1,-38.289,-11.158,0.818
2012-05-04-14_37_30.195,1,5,3,1,-47.185,-11.292,1.118
2012-05-04-14_37_30.196,1,5,3,1,-47.260,-11.331,6.818
2012-05-04-14_37_30.197,1,5,3,1,-47.341,-11.315,1.118
2012-05-04-14_37_30.197,1,6,3,1,-56.187,-11.306,1.318
2012-05-04-14_37_30.198,1,6,3,1,-56.263,-11.346,1.218
2012-05-04-14_37_30.199,1,6,3,1,-56.199,-11.203,1.318
2012-05-04-14_37_30.199,1,7,3,1,-65.171,-11.282,5.718
2012-05-04-14_37_30.200,1,7,3,1,-65.252,-11.265,1.918
2012-05-04-14_37_30.200,1,7,3,1,-65.193,-11.195,1.818
2012-05-04-14_37_30.201,1,0,4,0,2.291,-15.782,2.024
2012-05-04-14_37_30.202,1,0,4,0,2.220,-15.764,2.024
2012-05-04-14_37_30.202,1,0,4,0,2.269,-15.700,2.024
2012-05-04-14_37_30.203,1,1,4,0,-6.722,-15.790,1.824
2012-05-04-14_37_30.204,1,1,4,0,-6.842,-15.759,1.824
2012-05-04-14_37_30.204,1,1,4,0,-6.744,-15.706,1.824
2012-05-04-14_37_30.205,1,2,4,0,-15.727,-15.788,1.124
2012-05-04-14_37_30.206,1,2,4,0,-15.798,-15.770,1.124
2012-05-04-14_37_30.206,1,2,4,0,-15.749,-15.706,1.124
2012-05-04-14_37_30.207,1,3,4,0,-24.698,-15.796,1.524
2012-05-04-14_37_30.207,1,3,4,0,-24.761,-15.740,1.524
2012-05-04-14_37_30.208,1,3,4,0,-24.786,-15.834,1.524
2012-05-04-14_37_30.210,1,4,4,0,-33.695,-15.790,0.824
2012-05-04-14_37_30.210,1,4,4,0,-33.732,-15.670,0.824
2012-05-04-14_37_30.211,1,4,4,0,-33.817,-15.657,0.824
2012-05-04-14_37_30.212,1,5,4,0,-42.706,-15.793,1.124
2012-05-04-14_37_30.212,1,5,4,0,-42.784,-15.827,1.224
2012-05-04-14_37_30.213,1,5,4,0,-42.723,-15.707,1.324
2012-05-04-14_37_30.214,1,6,4,0,-51.708,-15.808,1.224
2012-05-04-14_37_30.214,1,6,4,0,-51.786,-15.842,1.124
2012-05-04-14_37_30.215,1,6,4,0,-51.725,-15.722,1.224
2012-05-04-14_37_30.215,1,7,4,0,-60.695,-15.777,1.924
2012-05-04-14_37_30.216,1,7,4,0,-60.780,-15.765,1.924
2012-05-04-14_37_30.217,1,7,4,0,-60.719,-15.692,1.924
2012-05-04-14_37_30.217,1,0,4,1,-2.173,-15.789,2.032
2012-05-04-14_37_30.218,1,0,4,1,-2.244,-15.763,2.031
2012-05-04-14_37_30.219,1,0,4,1,-2.198,-15.699,2.031
2012-05-04-14_37_30.219,1,1,4,1,-11.187,-15.790,1.832
2012-05-04-14_37_30.220,1,1,4,1,-11.318,-15.758,1.832
2012-05-04-14_37_30.221,1,1,4,1,-11.209,-15.706,1.831
2012-05-04-14_37_30.222,1,2,4,1,-20.191,-15.796,1.232
2012-05-04-14_37_30.223,1,2,4,1,-20.262,-15.770,1.231
2012-05-04-14_37_30.223,1,2,4,1,-20.216,-15.706,1.231
2012-05-04-14_37_30.224,1,3,4,1,-29.175,-15.796,1.332
2012-05-04-14_37_30.224,1,3,4,1,-29.231,-15.739,1.331
2012-05-04-14_37_30.225,1,3,4,1,-29.253,-15.834,1.331
2012-05-04-14_37_30.226,1,4,4,1,-38.165,-15.790,0.931
2012-05-04-14_37_30.226,1,4,4,1,-38.199,-15.669,0.931
2012-05-04-14_37_30.227,1,4,4,1,-38.282,-15.657,0.931
2012-05-04-14_37_30.228,1,5,4,1,-47.177,-15.793,1.231
2012-05-04-14_37_30.228,1,5,4,1,-47.251,-15.826,1.231
2012-05-04-14_37_30.229,1,5,4,1,-47.334,-15.814,1.231
2012-05-04-14_37_30.229,1,6,4,1,-56.180,-15.807,1.331
2012-05-04-14_37_30.230,1,6,4,1,-56.253,-15.841,1.331
2012-05-04-14_37_30.230,1,6,4,1,-56.336,-15.829,1.231
2012-05-04-14_37_30.231,1,7,4,1,-65.162,-15.777,13.331
2012-05-04-14_37_30.231,1,7,4,1,-65.245,-15.764,1.931
2012-05-04-14_37_30.232,1,7,4,1,-65.186,-15.705,4.431
2012-05-04-14_37_30.233,1,0,5,0,2.301,-20.281,2.037
2012-05-04-14_37_30.233,1,0,5,0,2.230,-20.263,2.037
2012-05-04-14_37_30.234,1,0,5,0,2.279,-20.197,2.037
2012-05-04-14_37_30.235,1,1,5,0,-6.717,-20.290,1.837
2012-05-04-14_37_30.237,1,1,5,0,-6.834,-20.257,1.837
2012-05-04-14_37_30.239,1,1,5,0,-6.739,-20.209,1.837
2012-05-04-14_37_30.241,1,2,5,0,-15.717,-20.288,1.137
2012-05-04-14_37_30.242,1,2,5,0,-15.788,-20.269,1.137
2012-05-04-14_37_30.242,1,2,5,0,-15.739,-20.203,1.137
2012-05-04-14_37_30.243,1,3,5,0,-24.691,-20.294,1.537
2012-05-04-14_37_30.244,1,3,5,0,-24.752,-20.243,1.537
2012-05-04-14_37_30.245,1,3,5,0,-24.776,-20.331,1.537
2012-05-04-14_37_30.246,1,4,5,0,-33.685,-20.293,0.937
2012-05-04-14_37_30.246,1,4,5,0,-33.724,-20.168,0.937
2012-05-04-14_37_30.247,1,4,5,0,-33.807,-20.157,0.937
2012-05-04-14_37_30.248,1,5,5,0,-42.698,-20.293,1.137
2012-05-04-14_37_30.248,1,5,5,0,-42.776,-20.326,1.237
2012-05-04-14_37_30.249,1,5,5,0,-42.713,-20.204,1.337
2012-05-04-14_37_30.249,1,6,5,0,-51.700,-20.308,1.237
2012-05-04-14_37_30.250,1,6,5,0,-51.779,-20.340,1.137
2012-05-04-14_37_30.251,1,6,5,0,-51.715,-20.219,1.237
2012-05-04-14_37_30.251,1,7,5,0,-60.687,-20.276,1.937
2012-05-04-14_37_30.252,1,7,5,0,-60.770,-20.265,1.937
2012-05-04-14_37_30.252,1,7,5,0,-60.712,-20.193,1.937
2012-05-04-14_37_30.253,1,0,5,1,-2.169,-20.289,2.047
2012-05-04-14_37_30.254,1,0,5,1,-2.234,-20.263,2.046
2012-05-04-14_37_30.254,1,0,5,1,-2.188,-20.197,2.046
2012-05-04-14_37_30.255,1,1,5,1,-11.179,-20.289,1.947
2012-05-04-14_37_30.255,1,1,5,1,-11.309,-20.257,1.847
2012-05-04-14_37_30.256,1,1,5,1,-11.201,-20.209,1.846
2012-05-04-14_37_30.256,1,2,5,1,-20.186,-20.295,1.247
2012-05-04-14_37_30.257,1,2,5,1,-20.252,-20.269,1.246
2012-05-04-14_37_30.258,1,2,5,1,-20.206,-20.204,1.246
2012-05-04-14_37_30.259,1,3,5,1,-29.165,-20.294,1.347
2012-05-04-14_37_30.260,1,3,5,1,-29.223,-20.241,1.347
2012-05-04-14_37_30.261,1,3,5,1,-29.243,-20.332,1.246
2012-05-04-14_37_30.262,1,4,5,1,-38.157,-20.292,0.947
2012-05-04-14_37_30.263,1,4,5,1,-38.191,-20.169,0.946
2012-05-04-14_37_30.264,1,4,5,1,-38.274,-20.157,0.946
2012-05-04-14_37_30.264,1,5,5,1,-47.170,-20.292,1.246
2012-05-04-14_37_30.265,1,5,5,1,-47.243,-20.326,1.246
2012-05-04-14_37_30.266,1,5,5,1,-47.326,-20.314,1.246
2012-05-04-14_37_30.267,1,6,5,1,-56.172,-20.307,1.346
2012-05-04-14_37_30.268,1,6,5,1,-56.245,-20.341,1.346
2012-05-04-14_37_30.268,1,6,5,1,-56.328,-20.329,1.346
2012-05-04-14_37_30.269,1,7,5,1,-65.154,-20.276,1.946
2012-05-04-14_37_30.269,1,7,5,1,-65.237,-20.265,1.846
2012-05-04-14_37_30.270,1,7,5,1,-65.176,-20.210,1.946
2012-05-04-14_37_30.271,1,0,6,0,2.308,-24.778,1.855
2012-05-04-14_37_30.271,1,0,6,0,2.237,-24.761,1.855
2012-05-04-14_37_30.272,1,0,6,0,2.286,-24.701,1.955
2012-05-04-14_37_30.273,1,1,6,0,-6.710,-24.795,1.655
2012-05-04-14_37_30.274,1,1,6,0,-6.825,-24.754,1.655
2012-05-04-14_37_30.274,1,1,6,0,-6.729,-24.710,1.655
2012-05-04-14_37_30.275,1,2,6,0,-15.710,-24.784,1.055
2012-05-04-14_37_30.276,1,2,6,0,-15.781,-24.768,1.155
2012-05-04-14_37_30.276,1,2,6,0,-15.732,-24.707,1.155
2012-05-04-14_37_30.277,1,3,6,0,-24.681,-24.791,1.455
2012-05-04-14_37_30.277,1,3,6,0,-24.744,-24.745,1.555
2012-05-04-14_37_30.278,1,3,6,0,-24.769,-24.835,1.555
2012-05-04-14_37_30.279,1,4,6,0,-33.678,-24.796,0.955
2012-05-04-14_37_30.279,1,4,6,0,-33.720,-24.669,0.955
2012-05-04-14_37_30.280,1,4,6,0,-33.800,-24.654,0.955
2012-05-04-14_37_30.282,1,5,6,0,-42.691,-24.788,1.455
2012-05-04-14_37_30.283,1,5,6,0,-42.772,-24.826,1.355
2012-05-04-14_37_30.284,1,5,6,0,-42.852,-24.811,1.555
2012-05-04-14_37_30.285,1,6,6,0,-51.693,-24.803,1.455
2012-05-04-14_37_30.286,1,6,6,0,-51.774,-24.841,1.455
2012-05-04-14_37_30.286,1,6,6,0,-51.703,-24.701,1.355
2012-05-04-14_37_30.287,1,7,6,0,-60.682,-24.776,2.155
2012-05-04-14_37_30.289,1,7,6,0,-60.763,-24.762,2.255
2012-05-04-14_37_30.290,1,7,6,0,-60.702,-24.698,2.255
2012-05-04-14_37_30.291,1,0,6,1,-2.161,-24.786,1.966
2012-05-04-14_37_30.292,1,0,6,1,-2.227,-24.760,1.965
2012-05-04-14_37_30.293,1,0,6,1,-2.181,-24.700,1.965
2012-05-04-14_37_30.293,1,1,6,1,-11.172,-24.794,1.666
2012-05-04-14_37_30.294,1,1,6,1,-11.301,-24.753,1.666
2012-05-04-14_37_30.295,1,1,6,1,-11.360,-24.706,1.766
2012-05-04-14_37_30.295,1,2,6,1,-20.179,-24.793,1.166
2012-05-04-14_37_30.296,1,2,6,1,-20.245,-24.767,1.165
2012-05-04-14_37_30.296,1,2,6,1,-20.199,-24.707,1.065
2012-05-04-14_37_30.297,1,3,6,1,-29.158,-24.791,1.266
2012-05-04-14_37_30.298,1,3,6,1,-29.216,-24.744,1.266
2012-05-04-14_37_30.298,1,3,6,1,-29.236,-24.835,1.265
2012-05-04-14_37_30.299,1,4,6,1,-38.150,-24.795,0.966
2012-05-04-14_37_30.300,1,4,6,1,-38.184,-24.670,0.965
2012-05-04-14_37_30.300,1,4,6,1,-38.265,-24.654,1.065
2012-05-04-14_37_30.301,1,5,6,1,-47.163,-24.788,1.465
2012-05-04-14_37_30.301,1,5,6,1,-47.236,-24.827,1.465
2012-05-04-14_37_30.303,1,5,6,1,-47.317,-24.811,1.465
2012-05-04-14_37_30.304,1,6,6,1,-56.165,-24.802,1.465
2012-05-04-14_37_30.304,1,6,6,1,-56.238,-24.841,1.465
2012-05-04-14_37_30.305,1,6,6,1,-56.319,-24.826,1.465
2012-05-04-14_37_30.306,1,7,6,1,-65.147,-24.777,2.065
2012-05-04-14_37_30.307,1,7,6,1,-65.227,-24.762,2.265
2012-05-04-14_37_30.308,1,7,6,1,-65.171,-24.704,2.165
2012-05-04-14_37_30.309,1,0,7,0,2.318,-29.280,1.973
2012-05-04-14_37_30.309,1,0,7,0,2.245,-29.259,1.973
2012-05-04-14_37_30.310,1,0,7,0,2.294,-29.200,1.973
2012-05-04-14_37_30.311,1,1,7,0,-6.703,-29.291,1.673
2012-05-04-14_37_30.312,1,1,7,0,-6.817,-29.250,1.673
2012-05-04-14_37_30.312,1,1,7,0,-6.722,-29.208,1.673
2012-05-04-14_37_30.313,1,2,7,0,-15.700,-29.287,1.173
2012-05-04-14_37_30.314,1,2,7,0,-15.773,-29.265,1.173
2012-05-04-14_37_30.315,1,2,7,0,-15.724,-29.206,1.173
2012-05-04-14_37_30.316,1,3,7,0,-24.674,-29.287,1.473
2012-05-04-14_37_30.317,1,3,7,0,-24.737,-29.243,1.573
2012-05-04-14_37_30.318,1,3,7,0,-24.761,-29.334,1.473
2012-05-04-14_37_30.319,1,4,7,0,-33.671,-29.294,1.073
2012-05-04-14_37_30.320,1,4,7,0,-33.707,-29.172,0.973
2012-05-04-14_37_30.320,1,4,7,0,-33.795,-29.153,1.073
2012-05-04-14_37_30.322,1,5,7,0,-42.681,-29.286,1.473
2012-05-04-14_37_30.324,1,5,7,0,-42.759,-29.330,1.373
2012-05-04-14_37_30.325,1,5,7,0,-42.847,-29.311,1.573
2012-05-04-14_37_30.325,1,6,7,0,-51.683,-29.301,1.373
2012-05-04-14_37_30.326,1,6,7,0,-51.761,-29.344,1.373
2012-05-04-14_37_30.327,1,6,7,0,-51.696,-29.200,1.473
2012-05-04-14_37_30.327,1,7,7,0,-60.670,-29.280,2.273
2012-05-04-14_37_30.328,1,7,7,0,-60.758,-29.261,2.273
2012-05-04-14_37_30.328,1,7,7,0,-60.695,-29.197,2.273
2012-05-04-14_37_30.329,1,0,7,1,-2.151,-29.290,1.982
2012-05-04-14_37_30.330,1,0,7,1,-2.220,-29.258,1.981
2012-05-04-14_37_30.334,1,0,7,1,-2.173,-29.200,1.981
2012-05-04-14_37_30.334,1,1,7,1,-11.165,-29.290,1.681
2012-05-04-14_37_30.335,1,1,7,1,-11.296,-29.249,1.781
2012-05-04-14_37_30.336,1,1,7,1,-11.353,-29.205,1.681
2012-05-04-14_37_30.336,1,2,7,1,-20.169,-29.297,1.182
2012-05-04-14_37_30.337,1,2,7,1,-20.238,-29.265,1.181
2012-05-04-14_37_30.338,1,2,7,1,-20.191,-29.206,1.181
2012-05-04-14_37_30.339,1,3,7,1,-29.153,-29.286,1.381
2012-05-04-14_37_30.339,1,3,7,1,-29.209,-29.242,1.381
2012-05-04-14_37_30.340,1,3,7,1,-29.228,-29.334,1.381
2012-05-04-14_37_30.340,1,4,7,1,-38.143,-29.293,1.081
2012-05-04-14_37_30.341,1,4,7,1,-38.177,-29.173,1.081
2012-05-04-14_37_30.341,1,4,7,1,-38.255,-29.154,1.081
2012-05-04-14_37_30.342,1,5,7,1,-47.155,-29.285,1.581
2012-05-04-14_37_30.343,1,5,7,1,-47.229,-29.330,1.481
2012-05-04-14_37_30.344,1,5,7,1,-47.307,-29.311,1.481
2012-05-04-14_37_30.345,1,6,7,1,-56.158,-29.299,1.481
2012-05-04-14_37_30.346,1,6,7,1,-56.231,-29.345,1.481
2012-05-04-14_37_30.347,1,6,7,1,-56.309,-29.326,1.381
2012-05-04-14_37_30.348,1,7,7,1,-65.140,-29.281,2.081
2012-05-04-14_37_30.348,1,7,7,1,-65.218,-29.261,2.381
2012-05-04-14_37_30.349,1,7,7,1,-65.164,-29.201,2.381
2012-05-04-14_37_30.350,1,0,8,0,2.325,-33.783,1.987
2012-05-04-14_37_30.350,1,0,8,0,2.252,-33.762,1.987
2012-05-04-14_37_30.351,1,0,8,0,2.301,-33.701,1.987
2012-05-04-14_37_30.351,1,1,8,0,-6.695,-33.792,1.787
2012-05-04-14_37_30.352,1,1,8,0,-6.812,-33.754,1.787
2012-05-04-14_37_30.353,1,1,8,0,-6.715,-33.704,1.687
2012-05-04-14_37_30.353,1,2,8,0,-15.693,-33.790,1.187
2012-05-04-14_37_30.354,1,2,8,0,-15.766,-33.769,1.187
2012-05-04-14_37_30.355,1,2,8,0,-15.717,-33.708,1.087
2012-05-04-14_37_30.356,1,3,8,0,-24.669,-33.791,1.487
2012-05-04-14_37_30.357,1,3,8,0,-24.730,-33.738,1.487
2012-05-04-14_37_30.357,1,3,8,0,-24.754,-33.836,1.487
2012-05-04-14_37_30.358,1,4,8,0,-33.663,-33.789,1.087
2012-05-04-14_37_30.358,1,4,8,0,-33.698,-33.674,1.087
2012-05-04-14_37_30.359,1,4,8,0,-33.788,-33.657,1.087
2012-05-04-14_37_30.360,1,5,8,0,-42.676,-33.792,1.487
2012-05-04-14_37_30.360,1,5,8,0,-42.750,-33.831,1.487
2012-05-04-14_37_30.361,1,5,8,0,-42.840,-33.814,1.587
2012-05-04-14_37_30.362,1,6,8,0,-51.678,-33.806,1.387
2012-05-04-14_37_30.363,1,6,8,0,-51.752,-33.846,1.487
2012-05-04-14_37_30.364,1,6,8,0,-51.688,-33.703,1.487
2012-05-04-14_37_30.364,1,7,8,0,-60.660,-33.781,2.187
2012-05-04-14_37_30.365,1,7,8,0,-60.751,-33.765,2.287
2012-05-04-14_37_30.365,1,7,8,0,-60.687,-33.696,2.287
2012-05-04-14_37_30.366,1,0,8,1,-2.144,-33.791,1.995
2012-05-04-14_37_30.367,1,0,8,1,-2.210,-33.757,1.994
2012-05-04-14_37_30.367,1,0,8,1,-2.164,-33.698,1.994
2012-05-04-14_37_30.368,1,1,8,1,-11.155,-33.791,1.795
2012-05-04-14_37_30.368,1,1,8,1,-11.284,-33.753,1.795
2012-05-04-14_37_30.369,1,1,8,1,-11.345,-33.700,1.795
2012-05-04-14_37_30.370,1,2,8,1,-20.162,-33.798,1.195
2012-05-04-14_37_30.370,1,2,8,1,-20.228,-33.764,1.194
2012-05-04-14_37_30.371,1,2,8,1,-20.182,-33.705,1.194
2012-05-04-14_37_30.371,1,3,8,1,-29.141,-33.790,1.195
2012-05-04-14_37_30.372,1,3,8,1,-29.202,-33.738,1.195
2012-05-04-14_37_30.373,1,3,8,1,-29.277,-33.715,1.394
2012-05-04-14_37_30.373,1,4,8,1,-38.211,-33.766,0.994
2012-05-04-14_37_30.374,1,4,8,1,-38.160,-33.701,1.094
2012-05-04-14_37_30.376,1,5,8,1,-47.212,-33.858,1.494
2012-05-04-14_37_30.377,1,0,9,0,2.333,-38.282,2.000
2012-05-04-14_37_30.378,1,0,9,0,2.264,-38.263,2.000
2012-05-04-14_37_30.379,1,0,9,0,2.311,-38.200,2.000
2012-05-04-14_37_30.379,1,1,9,0,-6.690,-38.289,1.800
2012-05-04-14_37_30.380,1,1,9,0,-6.803,-38.259,1.800
2012-05-04-14_37_30.380,1,1,9,0,-6.707,-38.206,1.800
2012-05-04-14_37_30.381,1,2,9,0,-15.685,-38.289,1.200
2012-05-04-14_37_30.382,1,2,9,0,-15.754,-38.270,1.200
2012-05-04-14_37_30.382,1,2,9,0,-15.707,-38.206,1.200
2012-05-04-14_37_30.383,1,3,9,0,-24.659,-38.296,1.600
2012-05-04-14_37_30.383,1,3,9,0,-24.720,-38.239,1.600
2012-05-04-14_37_30.384,1,3,9,0,-24.744,-38.335,1.600
2012-05-04-14_37_30.384,1,4,9,0,-33.654,-38.290,1.000
2012-05-04-14_37_30.385,1,4,9,0,-33.690,-38.170,1.100
2012-05-04-14_37_30.386,1,4,9,0,-33.778,-38.156,1.000
2012-05-04-14_37_30.386,1,5,9,0,-42.669,-38.292,1.600
2012-05-04-14_37_30.387,1,5,9,0,-42.742,-38.327,1.500
2012-05-04-14_37_30.388,1,5,9,0,-42.830,-38.313,1.500
2012-05-04-14_37_30.389,1,6,9,0,-51.671,-38.307,1.400
2012-05-04-14_37_30.389,1,6,9,0,-51.744,-38.342,1.400
2012-05-04-14_37_30.390,1,6,9,0,-51.832,-38.328,1.400
2012-05-04-14_37_30.390,1,7,9,0,-60.653,-38.278,2.300
2012-05-04-14_37_30.391,1,7,9,0,-60.741,-38.263,2.300
2012-05-04-14_37_30.392,1,7,9,0,-60.682,-38.203,2.200
2012-05-04-14_37_30.394,1,0,9,1,-2.139,-38.288,2.010
2012-05-04-14_37_30.394,1,0,9,1,-2.203,-38.259,2.010
2012-05-04-14_37_30.395,1,0,9,1,-2.156,-38.195,2.010
2012-05-04-14_37_30.396,1,1,9,1,-11.148,-38.289,1.810
2012-05-04-14_37_30.396,1,1,9,1,-11.279,-38.258,1.910
2012-05-04-14_37_30.397,1,1,9,1,-11.362,-38.232,1.810
2012-05-04-14_37_30.398,1,2,9,1,-20.157,-38.294,1.310
2012-05-04-14_37_30.399,1,2,9,1,-20.221,-38.265,1.310
2012-05-04-14_37_30.400,1,2,9,1,-20.174,-38.201,1.310
2012-05-04-14_37_30.401,1,3,9,1,-29.219,-38.270,1.510
2012-05-04-14_37_30.401,1,3,9,1,-29.211,-38.329,1.410
2012-05-04-14_37_30.402,1,3,9,1,-29.165,-38.209,1.610
2012-05-04-14_37_30.403,1,4,9,1,-38.152,-38.208,1.109
2012-05-04-14_37_30.404,1,0,10,0,2.340,-42.781,2.019
2012-05-04-14_37_30.405,1,0,10,0,2.272,-42.763,2.019
2012-05-04-14_37_30.406,1,0,10,0,2.318,-42.697,2.019
2012-05-04-14_37_30.407,1,1,10,0,-6.681,-42.788,1.819
2012-05-04-14_37_30.408,1,1,10,0,-6.800,-42.756,1.819
2012-05-04-14_37_30.409,1,1,10,0,-6.859,-42.703,1.819
2012-05-04-14_37_30.410,1,2,10,0,-15.678,-42.787,1.219
2012-05-04-14_37_30.410,1,2,10,0,-15.746,-42.769,1.219
2012-05-04-14_37_30.411,1,2,10,0,-15.700,-42.704,1.219
2012-05-04-14_37_30.411,1,3,10,0,-24.656,-42.794,1.619
2012-05-04-14_37_30.412,1,3,10,0,-24.715,-42.741,1.619
2012-05-04-14_37_30.412,1,3,10,0,-24.737,-42.832,1.619
2012-05-04-14_37_30.413,1,4,10,0,-33.649,-42.791,1.119
2012-05-04-14_37_30.413,1,4,10,0,-33.683,-42.669,1.119
2012-05-04-14_37_30.414,1,4,10,0,-33.768,-42.656,1.119
2012-05-04-14_37_30.415,1,5,10,0,-42.662,-42.793,1.519
2012-05-04-14_37_30.415,1,5,10,0,-42.735,-42.826,1.519
2012-05-04-14_37_30.416,1,5,10,0,-42.820,-42.813,1.519
2012-05-04-14_37_30.416,1,6,10,0,-51.664,-42.807,1.419
2012-05-04-14_37_30.417,1,6,10,0,-51.737,-42.841,1.419
2012-05-04-14_37_30.418,1,6,10,0,-51.822,-42.828,1.419
2012-05-04-14_37_30.418,1,7,10,0,-60.646,-42.776,2.219
2012-05-04-14_37_30.420,1,7,10,0,-60.731,-42.764,2.319
2012-05-04-14_37_30.421,1,7,10,0,-60.673,-42.704,2.319
2012-05-04-14_37_30.422,1,0,10,1,-2.198,-42.770,1.930
2012-05-04-14_37_30.422,1,0,10,1,-2.151,-42.705,2.030
2012-05-04-14_37_30.423,1,1,10,1,-11.350,-42.802,1.830
2012-05-04-14_37_30.423,1,2,10,1,-20.150,-42.795,1.331
2012-05-04-14_37_30.424,1,2,10,1,-20.216,-42.776,1.330
2012-05-04-14_37_30.424,1,2,10,1,-20.169,-42.712,1.330
2012-05-04-14_37_30.425,1,3,10,1,-29.206,-42.840,1.430
2012-05-04-14_37_30.426,1,0,11,0,2.347,-47.278,2.037
2012-05-04-14_37_30.427,1,0,11,0,2.279,-47.261,2.037
2012-05-04-14_37_30.428,1,0,11,0,2.328,-47.200,2.037
2012-05-04-14_37_30.428,1,1,11,0,-6.676,-47.295,1.937
2012-05-04-14_37_30.429,1,1,11,0,-6.788,-47.253,1.837
2012-05-04-14_37_30.429,1,1,11,0,-6.849,-47.207,1.837
2012-05-04-14_37_30.430,1,2,11,0,-15.671,-47.284,1.337
2012-05-04-14_37_30.430,1,2,11,0,-15.739,-47.267,1.237
2012-05-04-14_37_30.431,1,2,11,0,-15.690,-47.206,1.237
2012-05-04-14_37_30.432,1,3,11,0,-24.644,-47.291,1.737
2012-05-04-14_37_30.432,1,3,11,0,-24.705,-47.245,1.737
2012-05-04-14_37_30.433,1,3,11,0,-24.727,-47.335,1.737
2012-05-04-14_37_30.433,1,4,11,0,-33.639,-47.296,1.037
2012-05-04-14_37_30.434,1,4,11,0,-33.678,-47.169,1.137
2012-05-04-14_37_30.434,1,4,11,0,-33.761,-47.153,1.037
2012-05-04-14_37_30.435,1,5,11,0,-42.652,-47.289,1.537
2012-05-04-14_37_30.435,1,5,11,0,-42.730,-47.326,1.437
2012-05-04-14_37_30.436,1,5,11,0,-42.813,-47.310,1.337
2012-05-04-14_37_30.437,1,6,11,0,-51.654,-47.303,1.437
2012-05-04-14_37_30.437,1,6,11,0,-51.732,-47.341,1.437
2012-05-04-14_37_30.438,1,6,11,0,-51.815,-47.325,1.437
2012-05-04-14_37_30.438,1,7,11,0,-60.641,-47.276,2.337
2012-05-04-14_37_30.439,1,7,11,0,-60.724,-47.261,2.337
2012-05-04-14_37_30.440,1,7,11,0,-60.663,-47.204,2.337
2012-05-04-14_37_30.441,1,0,11,1,-2.191,-47.266,2.046
2012-05-04-14_37_30.441,1,0,11,1,-2.144,-47.213,2.046
2012-05-04-14_37_30.442,1,1,11,1,-11.343,-47.310,1.846
2012-05-04-14_37_30.442,1,2,11,1,-20.140,-47.293,1.346
2012-05-04-14_37_30.443,1,2,11,1,-20.208,-47.272,1.346
2012-05-04-14_37_30.444,1,2,11,1,-20.162,-47.220,1.346
2012-05-04-14_37_30.444,1,3,11,1,-29.199,-47.348,1.346
2012-05-04-14_37_30.445,1,0,12,0,2.355,-51.780,2.251
2012-05-04-14_37_30.445,1,0,12,0,2.284,-51.755,2.251
2012-05-04-14_37_30.446,1,0,12,0,2.335,-51.697,2.251
2012-05-04-14_37_30.446,1,1,12,0,-6.664,-51.792,1.951
2012-05-04-14_37_30.447,1,1,12,0,-6.783,-51.751,1.951
2012-05-04-14_37_30.448,1,1,12,0,-6.842,-51.706,1.951
2012-05-04-14_37_30.448,1,2,12,0,-15.663,-51.787,1.351
2012-05-04-14_37_30.449,1,2,12,0,-15.734,-51.761,1.351
2012-05-04-14_37_30.449,1,2,12,0,-15.683,-51.703,1.251
2012-05-04-14_37_30.450,1,3,12,0,-24.639,-51.788,1.751
2012-05-04-14_37_30.450,1,3,12,0,-24.698,-51.744,1.751
2012-05-04-14_37_30.451,1,3,12,0,-24.781,-51.719,1.651
2012-05-04-14_37_30.452,1,4,12,0,-33.715,-51.769,1.151
2012-05-04-14_37_30.452,1,4,12,0,-33.659,-51.704,1.251
2012-05-04-14_37_30.453,1,5,12,0,-42.711,-51.862,1.351
2012-05-04-14_37_30.454,1,0,12,1,-2.183,-51.766,2.160
2012-05-04-14_37_30.455,1,1,12,1,-11.336,-51.806,1.860
2012-05-04-14_37_30.455,1,2,12,1,-20.201,-51.773,1.260
2012-05-04-14_37_30.456,1,2,12,1,-20.155,-51.715,1.260
2012-05-04-14_37_30.457,1,3,12,1,-29.192,-51.844,1.360
2012-05-04-14_37_30.458,1,0,13,0,2.362,-56.283,2.265
2012-05-04-14_37_30.460,1,0,13,0,2.291,-56.256,2.265
2012-05-04-14_37_30.461,1,0,13,0,2.340,-56.197,2.265
2012-05-04-14_37_30.462,1,1,13,0,-6.656,-56.293,1.965
2012-05-04-14_37_30.462,1,1,13,0,-6.773,-56.256,1.965
2012-05-04-14_37_30.463,1,1,13,0,-6.864,-56.228,1.965
2012-05-04-14_37_30.463,1,2,13,0,-15.656,-56.290,1.365
2012-05-04-14_37_30.464,1,2,13,0,-15.727,-56.262,1.265
2012-05-04-14_37_30.464,1,2,13,0,-15.678,-56.203,1.265
2012-05-04-14_37_30.465,1,3,13,0,-24.720,-56.265,1.765
2012-05-04-14_37_30.465,1,3,13,0,-24.715,-56.331,1.765
2012-05-04-14_37_30.466,1,3,13,0,-24.661,-56.208,1.765
2012-05-04-14_37_30.468,1,4,13,0,-33.654,-56.316,1.165
2012-05-04-14_37_30.468,1,4,13,0,-33.649,-56.205,1.165
2012-05-04-14_37_30.469,1,0,13,1,-2.173,-56.272,2.176
2012-05-04-14_37_30.470,1,1,13,1,-11.323,-56.304,1.876
2012-05-04-14_37_30.470,1,2,13,1,-20.191,-56.278,1.376
2012-05-04-14_37_30.471,1,2,13,1,-20.143,-56.214,1.376
2012-05-04-14_37_30.472,1,3,13,1,-29.180,-56.342,1.376
2012-05-04-14_37_30.472,1,0,14,0,2.298,-60.771,2.284
2012-05-04-14_37_30.473,1,0,14,0,2.347,-60.706,2.284
2012-05-04-14_37_30.473,1,1,14,0,-6.851,-60.803,1.984
2012-05-04-14_37_30.474,1,2,14,0,-15.649,-60.789,1.384
2012-05-04-14_37_30.475,1,2,14,0,-15.720,-60.778,1.384
2012-05-04-14_37_30.475,1,2,14,0,-15.671,-60.712,1.384
2012-05-04-14_37_30.476,1,3,14,0,-24.708,-60.840,1.684
2012-05-04-14_37_30.476,1,0,14,1,-2.166,-60.772,2.196
2012-05-04-14_37_30.477,1,1,14,1,-11.318,-60.802,1.996
2012-05-04-14_37_30.477,1,2,14,1,-20.184,-60.778,1.296
2012-05-04-14_37_30.478,1,2,14,1,-20.138,-60.712,1.396
2012-05-04-14_37_30.478,1,3,14,1,-29.175,-60.840,1.396
2012-05-04-14_37_30.479,1,0,15,0,2.308,-65.270,2.301
2012-05-04-14_37_30.479,1,0,15,0,2.357,-65.207,2.301
2012-05-04-14_37_30.480,1,1,15,0,-6.842,-65.304,2.101
2012-05-04-14_37_30.481,1,2,15,0,-15.641,-65.287,1.401
2012-05-04-14_37_30.481,1,2,15,0,-15.710,-65.276,1.401
2012-05-04-14_37_30.482,1,2,15,0,-15.661,-65.213,1.401
2012-05-04-14_37_30.482,1,3,15,0,-24.698,-65.341,1.801
2012-05-04-14_37_30.483,1,0,15,1,-2.159,-65.270,2.310
2012-05-04-14_37_30.483,1,1,15,1,-11.309,-65.303,2.010
2012-05-04-14_37_30.484,1,2,15,1,-20.177,-65.276,1.410
2012-05-04-14_37_30.484,1,0,16,0,2.315,-69.765,2.314
2012-05-04-14_37_30.485,1,0,16,0,2.362,-69.713,2.314
2012-05-04-14_37_30.486,1,1,16,0,-6.837,-69.810,2.114
2012-05-04-14_37_30.486,1,2,16,0,-15.702,-69.772,1.414
2012-05-04-14_37_30.487,1,2,16,0,-15.656,-69.719,1.414
2012-05-04-14_37_30.487,1,3,16,0,-24.693,-69.847,1.814
2012-05-04-14_37_30.488,1,0,16,1,-2.151,-69.765,2.323
2012-05-04-14_37_30.488,1,1,16,1,-11.301,-69.809,2.022
2012-05-04-14_37_30.489,1,2,16,1,-20.169,-69.771,1.423
2012-05-04-14_37_30.490,1,0,17,0,2.323,-74.265,2.328
2012-05-04-14_37_30.491,1,1,17,0,-6.827,-74.306,2.128
2012-05-04-14_37_30.491,1,2,17,0,-15.695,-74.272,1.428
2012-05-04-14_37_30.492,1,2,17,0,-15.646,-74.215,1.328
2012-05-04-14_37_30.493,1,3,17,0,-24.683,-74.343,1.828
2012-05-04-14_37_30.493,1,0,17,1,-2.144,-74.265,2.238
2012-05-04-14_37_30.494,1,1,17,1,-11.296,-74.304,2.038
2012-05-04-14_37_30.494,1,2,17,1,-20.162,-74.272,1.438
2012-05-04-14_37_30.495,1,0,18,0,2.330,-78.770,2.146
2012-05-04-14_37_30.496,1,1,18,0,-6.822,-78.804,1.946
2012-05-04-14_37_30.496,1,2,18,0,-15.688,-78.776,1.446
2012-05-04-14_37_30.498,1,2,18,0,-15.641,-78.713,1.446
2012-05-04-14_37_30.499,1,3,18,0,-24.678,-78.841,1.846
2012-05-04-14_37_30.499,1,0,18,1,-2.137,-78.771,2.157
2012-05-04-14_37_30.500,1,1,18,1,-11.289,-78.804,1.957
2012-05-04-14_37_30.501,1,2,18,1,-20.155,-78.777,1.557
2012-05-04-14_37_30.502,1,0,19,0,2.337,-83.271,2.163
2012-05-04-14_37_30.502,1,1,19,0,-6.815,-83.302,1.963
2012-05-04-14_37_30.503,1,2,19,0,-15.680,-83.277,1.463
2012-05-04-14_37_30.503,1,3,19,0,-24.671,-83.340,1.863
2012-05-04-14_37_30.504,1,1,19,1,-11.279,-83.302,1.972
2012-05-04-14_37_30.505,1,2,19,1,-20.147,-83.278,1.572
2012-05-04-14_37_30.505,1,0,20,0,2.345,-87.769,2.177
2012-05-04-14_37_30.506,1,1,20,0,-6.810,-87.804,1.977
2012-05-04-14_37_30.506,1,2,20,0,-15.673,-87.776,1.477
2012-05-04-14_37_30.507,1,1,20,1,-11.272,-87.803,2.086
2012-05-04-14_37_30.508,1,2,20,1,-20.140,-87.776,1.586
2012-05-04-14_37_30.508,1,0,21,0,2.350,-92.266,2.192
2012-05-04-14_37_30.509,1,1,21,0,-6.803,-92.311,1.992
2012-05-04-14_37_30.510,1,2,21,0,-15.668,-92.272,1.392
2012-05-04-14_37_30.511,1,1,21,1,-11.262,-92.310,2.002
2012-05-04-14_37_30.511,1,0,22,0,2.357,-96.766,2.212
2012-05-04-14_37_30.512,1,1,22,0,-6.795,-96.806,1.912
2012-05-04-14_37_30.513,1,2,22,0,-15.661,-96.773,1.412
2012-05-04-14_37_30.514,1,1,22,1,-11.253,-96.806,2.019
2012-05-04-14_37_30.514,1,0,23,0,2.367,-101.272,2.128
2012-05-04-14_37_30.515,1,1,23,0,-6.788,-101.305,1.928
2012-05-04-14_37_30.515,1,2,23,0,-15.651,-101.278,1.428
2012-05-04-14_37_30.516,1,1,23,1,-11.243,-101.305,2.028
