2012-05-04-15_11_38.447,2,0,0,0,2.253,2.217,1.767
2012-05-04-15_11_38.449,2,0,0,0,2.291,2.304,1.866
2012-05-04-15_11_38.451,2,0,0,0,2.195,2.245,1.766
2012-05-04-15_11_38.452,2,1,0,0,-6.755,2.208,2.167
2012-05-04-15_11_38.454,2,1,0,0,-6.833,2.234,2.166
2012-05-04-15_11_38.455,2,1,0,0,-6.774,2.286,2.266
2012-05-04-15_11_38.457,2,2,0,0,-15.712,2.287,1.767
2012-05-04-15_11_38.458,2,2,0,0,-15.770,2.315,1.766
2012-05-04-15_11_38.463,2,2,0,0,-15.716,2.361,1.766
2012-05-04-15_11_38.464,2,3,0,0,-24.734,2.204,2.567
2012-05-04-15_11_38.466,2,3,0,0,-24.696,2.292,2.566
2012-05-04-15_11_38.468,2,3,0,0,-24.792,2.233,2.566
2012-05-04-15_11_38.469,2,4,0,0,-33.730,2.203,2.067
2012-05-04-15_11_38.471,2,4,0,0,-33.693,2.290,2.066
2012-05-04-15_11_38.473,2,4,0,0,-33.788,2.231,2.066
2012-05-04-15_11_38.477,2,5,0,0,-42.737,2.205,2.266
2012-05-04-15_11_38.480,2,5,0,0,-42.686,2.166,2.266
2012-05-04-15_11_38.481,2,5,0,0,-42.778,2.191,2.266
2012-05-04-15_11_38.482,2,6,0,0,-51.776,2.142,1.767
2012-05-04-15_11_38.483,2,6,0,0,-51.738,2.230,1.666
2012-05-04-15_11_38.484,2,6,0,0,-51.834,2.170,1.666
2012-05-04-15_11_38.484,2,7,0,0,-60.670,2.206,2.467
2012-05-04-15_11_38.485,2,7,0,0,-60.729,2.234,2.466
2012-05-04-15_11_38.486,2,7,0,0,-60.675,2.280,2.366
2012-05-04-15_11_38.486,2,0,0,1,-2.189,2.209,2.167
2012-05-04-15_11_38.487,2,0,0,1,-2.167,2.305,2.267
2012-05-04-15_11_38.487,2,0,0,1,-2.260,2.230,2.267
2012-05-04-15_11_38.488,2,1,0,1,-11.205,2.208,2.767
2012-05-04-15_11_38.489,2,1,0,1,-11.341,2.274,2.767
2012-05-04-15_11_38.489,2,1,0,1,-11.229,2.287,2.767
2012-05-04-15_11_38.490,2,2,0,1,-20.154,2.279,2.167
2012-05-04-15_11_38.491,2,2,0,1,-20.225,2.300,2.167
2012-05-04-15_11_38.497,2,2,0,1,-20.230,2.302,2.167
2012-05-04-15_11_38.498,2,3,0,1,-29.176,2.197,2.867
2012-05-04-15_11_38.499,2,3,0,1,-29.153,2.293,2.767
2012-05-04-15_11_38.500,2,3,0,1,-29.247,2.218,2.767
2012-05-04-15_11_38.500,2,4,0,1,-38.173,2.195,2.667
2012-05-04-15_11_38.501,2,4,0,1,-38.150,2.291,2.667
2012-05-04-15_11_38.501,2,4,0,1,-38.243,2.216,2.667
2012-05-04-15_11_38.502,2,5,0,1,-47.194,2.206,1.567
2012-05-04-15_11_38.504,2,5,0,1,-47.274,2.227,1.567
2012-05-04-15_11_38.505,2,5,0,1,-47.247,2.202,1.567
2012-05-04-15_11_38.505,2,6,0,1,-56.195,2.231,2.567
2012-05-04-15_11_38.506,2,6,0,1,-56.289,2.155,2.567
2012-05-04-15_11_38.507,2,6,0,1,-56.294,2.158,2.567
2012-05-04-15_11_38.507,2,7,0,1,-65.183,2.219,1.667
2012-05-04-15_11_38.508,2,7,0,1,-65.188,2.221,1.667
2012-05-04-15_11_38.509,2,7,0,1,-65.171,2.316,1.667
2012-05-04-15_11_38.509,2,0,1,0,2.270,-2.283,1.474
2012-05-04-15_11_38.510,2,0,1,0,2.295,-2.189,1.475
2012-05-04-15_11_38.510,2,0,1,0,2.195,-2.259,1.475
2012-05-04-15_11_38.511,2,1,1,0,-6.750,-2.294,1.475
2012-05-04-15_11_38.512,2,1,1,0,-6.833,-2.268,1.475
2012-05-04-15_11_38.512,2,1,1,0,-6.772,-2.208,1.475
2012-05-04-15_11_38.512,2,2,1,0,-15.695,-2.213,1.374
2012-05-04-15_11_38.513,2,2,1,0,-15.770,-2.189,1.275
2012-05-04-15_11_38.514,2,2,1,0,-15.748,-2.198,1.375
2012-05-04-15_11_38.514,2,3,1,0,-24.717,-2.295,1.674
2012-05-04-15_11_38.515,2,3,1,0,-24.692,-2.201,1.675
2012-05-04-15_11_38.515,2,3,1,0,-24.792,-2.272,1.675
2012-05-04-15_11_38.516,2,4,1,0,-33.713,-2.297,0.974
2012-05-04-15_11_38.516,2,4,1,0,-33.688,-2.203,0.975
2012-05-04-15_11_38.517,2,4,1,0,-33.789,-2.273,0.975
2012-05-04-15_11_38.517,2,5,1,0,-42.732,-2.289,1.775
2012-05-04-15_11_38.518,2,5,1,0,-42.686,-2.336,1.775
2012-05-04-15_11_38.518,2,5,1,0,-42.779,-2.303,1.775
2012-05-04-15_11_38.519,2,6,1,0,-51.759,-2.357,1.074
2012-05-04-15_11_38.519,2,6,1,0,-51.734,-2.264,0.875
2012-05-04-15_11_38.520,2,6,1,0,-51.834,-2.334,0.975
2012-05-04-15_11_38.520,2,7,1,0,-60.654,-2.293,1.674
2012-05-04-15_11_38.520,2,7,1,0,-60.729,-2.270,1.675
2012-05-04-15_11_38.521,2,7,1,0,-60.675,-2.214,1.675
2012-05-04-15_11_38.521,2,0,1,1,-2.190,-2.290,1.885
2012-05-04-15_11_38.522,2,0,1,1,-2.164,-2.189,1.885
2012-05-04-15_11_38.523,2,0,1,1,-2.263,-2.271,1.985
2012-05-04-15_11_38.523,2,1,1,1,-11.200,-2.294,1.085
2012-05-04-15_11_38.524,2,1,1,1,-11.339,-2.220,1.285
2012-05-04-15_11_38.524,2,1,1,1,-11.227,-2.208,1.184
2012-05-04-15_11_38.525,2,2,1,1,-20.154,-2.220,1.585
2012-05-04-15_11_38.525,2,2,1,1,-20.228,-2.201,1.585
2012-05-04-15_11_38.526,2,2,1,1,-20.232,-2.199,1.685
2012-05-04-15_11_38.526,2,3,1,1,-29.177,-2.302,1.085
2012-05-04-15_11_38.527,2,3,1,1,-29.151,-2.201,1.085
2012-05-04-15_11_38.527,2,3,1,1,-29.250,-2.283,1.185
2012-05-04-15_11_38.528,2,4,1,1,-38.173,-2.304,0.885
2012-05-04-15_11_38.528,2,4,1,1,-38.148,-2.203,0.985
2012-05-04-15_11_38.529,2,4,1,1,-38.246,-2.285,0.985
2012-05-04-15_11_38.529,2,5,1,1,-47.192,-2.288,0.985
2012-05-04-15_11_38.530,2,5,1,1,-47.277,-2.269,0.984
2012-05-04-15_11_38.530,2,5,1,1,-47.248,-2.293,1.084
2012-05-04-15_11_38.530,2,6,1,1,-56.219,-2.364,0.985
2012-05-04-15_11_38.531,2,6,1,1,-56.193,-2.263,0.885
2012-05-04-15_11_38.531,2,6,1,1,-56.292,-2.346,0.885
2012-05-04-15_11_38.532,2,7,1,1,-65.186,-2.282,1.385
2012-05-04-15_11_38.532,2,7,1,1,-65.191,-2.280,1.385
2012-05-04-15_11_38.533,2,7,1,1,-65.173,-2.180,1.384
2012-05-04-15_11_38.542,2,0,2,0,2.260,-6.780,1.793
2012-05-04-15_11_38.542,2,0,2,0,2.295,-6.689,1.793
2012-05-04-15_11_38.543,2,0,2,0,2.194,-6.760,1.893
2012-05-04-15_11_38.544,2,1,2,0,-6.751,-6.793,1.693
2012-05-04-15_11_38.544,2,1,2,0,-6.831,-6.772,1.693
2012-05-04-15_11_38.545,2,1,2,0,-6.772,-6.706,1.693
2012-05-04-15_11_38.546,2,2,2,0,-15.705,-6.710,0.893
2012-05-04-15_11_38.546,2,2,2,0,-15.771,-6.690,0.993
2012-05-04-15_11_38.547,2,2,2,0,-15.717,-6.637,0.993
2012-05-04-15_11_38.547,2,3,2,0,-24.727,-6.792,1.493
2012-05-04-15_11_38.548,2,3,2,0,-24.692,-6.701,1.493
2012-05-04-15_11_38.548,2,3,2,0,-24.793,-6.772,1.393
2012-05-04-15_11_38.549,2,4,2,0,-33.724,-6.794,0.793
2012-05-04-15_11_38.549,2,4,2,0,-33.689,-6.703,0.793
2012-05-04-15_11_38.550,2,4,2,0,-33.789,-6.774,0.793
2012-05-04-15_11_38.550,2,5,2,0,-42.733,-6.789,0.993
2012-05-04-15_11_38.551,2,5,2,0,-42.684,-6.840,0.993
2012-05-04-15_11_38.551,2,5,2,0,-42.779,-6.807,0.993
2012-05-04-15_11_38.552,2,6,2,0,-51.769,-6.855,1.193
2012-05-04-15_11_38.552,2,6,2,0,-51.734,-6.764,1.193
2012-05-04-15_11_38.553,2,6,2,0,-51.835,-6.835,1.193
2012-05-04-15_11_38.553,2,7,2,0,-60.664,-6.791,1.693
2012-05-04-15_11_38.553,2,7,2,0,-60.729,-6.771,1.693
2012-05-04-15_11_38.554,2,7,2,0,-60.675,-6.718,1.693
2012-05-04-15_11_38.554,2,0,2,1,-2.190,-6.785,1.803
2012-05-04-15_11_38.555,2,0,2,1,-2.165,-6.688,1.703
2012-05-04-15_11_38.556,2,0,2,1,-2.263,-6.770,1.803
2012-05-04-15_11_38.556,2,1,2,1,-11.203,-6.792,1.703
2012-05-04-15_11_38.557,2,1,2,1,-11.339,-6.720,1.703
2012-05-04-15_11_38.557,2,1,2,1,-11.227,-6.705,1.703
2012-05-04-15_11_38.558,2,2,2,1,-20.155,-6.715,1.003
2012-05-04-15_11_38.558,2,2,2,1,-20.228,-6.700,0.903
2012-05-04-15_11_38.559,2,2,2,1,-20.235,-6.697,1.003
2012-05-04-15_11_38.559,2,3,2,1,-29.177,-6.798,1.103
2012-05-04-15_11_38.559,2,3,2,1,-29.152,-6.700,1.103
2012-05-04-15_11_38.560,2,3,2,1,-29.250,-6.782,1.103
2012-05-04-15_11_38.561,2,4,2,1,-38.173,-6.799,0.803
2012-05-04-15_11_38.561,2,4,2,1,-38.148,-6.702,0.803
2012-05-04-15_11_38.562,2,4,2,1,-38.247,-6.784,0.803
2012-05-04-15_11_38.562,2,5,2,1,-47.192,-6.788,1.203
2012-05-04-15_11_38.563,2,5,2,1,-47.277,-6.766,1.103
2012-05-04-15_11_38.563,2,5,2,1,-47.248,-6.793,1.103
2012-05-04-15_11_38.564,2,6,2,1,-56.219,-6.860,1.203
2012-05-04-15_11_38.564,2,6,2,1,-56.194,-6.763,1.203
2012-05-04-15_11_38.565,2,6,2,1,-56.292,-6.845,1.203
2012-05-04-15_11_38.566,2,7,2,1,-65.187,-6.781,1.803
2012-05-04-15_11_38.567,2,7,2,1,-65.194,-6.778,1.803
2012-05-04-15_11_38.567,2,7,2,1,-65.174,-6.677,1.803
2012-05-04-15_11_38.568,2,0,3,0,2.269,-11.278,2.009
2012-05-04-15_11_38.568,2,0,3,0,2.294,-11.190,1.909
2012-05-04-15_11_38.569,2,0,3,0,2.194,-11.255,2.009
2012-05-04-15_11_38.569,2,1,3,0,-6.746,-11.289,1.809
2012-05-04-15_11_38.570,2,1,3,0,-6.832,-11.269,1.809
2012-05-04-15_11_38.570,2,1,3,0,-6.768,-11.204,1.809
2012-05-04-15_11_38.570,2,2,3,0,-15.696,-11.208,1.109
2012-05-04-15_11_38.571,2,2,3,0,-15.771,-11.185,1.109
2012-05-04-15_11_38.571,2,2,3,0,-15.717,-11.139,1.109
2012-05-04-15_11_38.572,2,3,3,0,-24.718,-11.290,1.509
2012-05-04-15_11_38.572,2,3,3,0,-24.693,-11.202,1.509
2012-05-04-15_11_38.573,2,3,3,0,-24.793,-11.268,1.509
2012-05-04-15_11_38.573,2,4,3,0,-33.714,-11.292,0.809
2012-05-04-15_11_38.574,2,4,3,0,-33.689,-11.204,0.809
2012-05-04-15_11_38.575,2,4,3,0,-33.790,-11.269,0.809
2012-05-04-15_11_38.576,2,5,3,0,-42.733,-11.290,1.109
2012-05-04-15_11_38.576,2,5,3,0,-42.684,-11.338,1.109
2012-05-04-15_11_38.577,2,5,3,0,-42.779,-11.309,1.109
2012-05-04-15_11_38.577,2,6,3,0,-51.760,-11.353,1.209
2012-05-04-15_11_38.578,2,6,3,0,-51.735,-11.264,1.209
2012-05-04-15_11_38.578,2,6,3,0,-51.835,-11.330,1.109
2012-05-04-15_11_38.579,2,7,3,0,-60.654,-11.289,1.809
2012-05-04-15_11_38.579,2,7,3,0,-60.730,-11.266,1.809
2012-05-04-15_11_38.580,2,7,3,0,-60.676,-11.220,1.809
2012-05-04-15_11_38.580,2,0,3,1,-2.188,-11.288,1.917
2012-05-04-15_11_38.580,2,0,3,1,-2.163,-11.189,1.917
2012-05-04-15_11_38.581,2,0,3,1,-2.266,-11.266,1.817
2012-05-04-15_11_38.581,2,1,3,1,-11.204,-11.288,1.817
2012-05-04-15_11_38.582,2,1,3,1,-11.337,-11.221,1.817
2012-05-04-15_11_38.582,2,1,3,1,-11.225,-11.204,1.817
2012-05-04-15_11_38.583,2,2,3,1,-20.153,-11.218,1.117
2012-05-04-15_11_38.583,2,2,3,1,-20.231,-11.196,1.117
2012-05-04-15_11_38.584,2,2,3,1,-20.236,-11.193,1.117
2012-05-04-15_11_38.584,2,3,3,1,-29.175,-11.300,1.217
2012-05-04-15_11_38.585,2,3,3,1,-29.150,-11.201,1.217
2012-05-04-15_11_38.585,2,3,3,1,-29.253,-11.279,1.217
2012-05-04-15_11_38.586,2,4,3,1,-38.171,-11.302,0.917
2012-05-04-15_11_38.586,2,4,3,1,-38.146,-11.203,0.817
2012-05-04-15_11_38.587,2,4,3,1,-38.249,-11.280,0.817
2012-05-04-15_11_38.587,2,5,3,1,-47.190,-11.289,1.217
2012-05-04-15_11_38.588,2,5,3,1,-47.278,-11.264,1.117
2012-05-04-15_11_38.588,2,5,3,1,-47.249,-11.293,1.117
2012-05-04-15_11_38.589,2,6,3,1,-56.217,-11.363,1.217
2012-05-04-15_11_38.589,2,6,3,1,-56.192,-11.264,1.317
2012-05-04-15_11_38.590,2,6,3,1,-56.295,-11.341,1.317
2012-05-04-15_11_38.590,2,7,3,1,-65.190,-11.277,1.817
2012-05-04-15_11_38.591,2,7,3,1,-65.194,-11.274,1.817
2012-05-04-15_11_38.591,2,7,3,1,-65.174,-11.175,1.817
2012-05-04-15_11_38.592,2,0,4,0,2.266,-15.781,2.022
2012-05-04-15_11_38.592,2,0,4,0,2.294,-15.696,2.022
2012-05-04-15_11_38.593,2,0,4,0,2.188,-15.754,2.022
2012-05-04-15_11_38.593,2,1,4,0,-6.744,-15.790,1.822
2012-05-04-15_11_38.593,2,1,4,0,-6.830,-15.768,1.822
2012-05-04-15_11_38.594,2,1,4,0,-6.766,-15.711,1.822
2012-05-04-15_11_38.594,2,2,4,0,-15.699,-15.711,1.222
2012-05-04-15_11_38.595,2,2,4,0,-15.776,-15.684,1.222
2012-05-04-15_11_38.595,2,2,4,0,-15.718,-15.641,1.222
2012-05-04-15_11_38.596,2,3,4,0,-24.721,-15.794,1.622
2012-05-04-15_11_38.596,2,3,4,0,-24.693,-15.708,1.522
2012-05-04-15_11_38.597,2,3,4,0,-24.798,-15.766,1.622
2012-05-04-15_11_38.597,2,4,4,0,-33.717,-15.795,0.822
2012-05-04-15_11_38.598,2,4,4,0,-33.690,-15.710,0.822
2012-05-04-15_11_38.598,2,4,4,0,-33.795,-15.768,0.822
2012-05-04-15_11_38.599,2,5,4,0,-42.733,-15.796,1.222
2012-05-04-15_11_38.599,2,5,4,0,-42.682,-15.836,1.122
2012-05-04-15_11_38.600,2,5,4,0,-42.780,-15.811,1.122
2012-05-04-15_11_38.600,2,6,4,0,-51.763,-15.856,1.222
2012-05-04-15_11_38.601,2,6,4,0,-51.735,-15.771,1.222
2012-05-04-15_11_38.601,2,6,4,0,-51.841,-15.829,1.122
2012-05-04-15_11_38.602,2,7,4,0,-60.657,-15.792,1.822
2012-05-04-15_11_38.602,2,7,4,0,-60.735,-15.765,1.822
2012-05-04-15_11_38.602,2,7,4,0,-60.676,-15.722,1.922
2012-05-04-15_11_38.603,2,0,4,1,-2.186,-15.793,1.931
2012-05-04-15_11_38.604,2,0,4,1,-2.158,-15.695,1.931
2012-05-04-15_11_38.604,2,0,4,1,-2.266,-15.767,1.930
2012-05-04-15_11_38.605,2,1,4,1,-11.206,-15.790,1.831
2012-05-04-15_11_38.605,2,1,4,1,-11.333,-15.727,1.831
2012-05-04-15_11_38.606,2,1,4,1,-11.228,-15.710,1.830
2012-05-04-15_11_38.607,2,2,4,1,-20.151,-15.723,1.231
2012-05-04-15_11_38.608,2,2,4,1,-20.231,-15.697,1.230
2012-05-04-15_11_38.608,2,2,4,1,-20.236,-15.696,1.230
2012-05-04-15_11_38.609,2,3,4,1,-29.173,-15.805,1.331
2012-05-04-15_11_38.609,2,3,4,1,-29.145,-15.708,1.331
2012-05-04-15_11_38.610,2,3,4,1,-29.253,-15.779,1.330
2012-05-04-15_11_38.610,2,4,4,1,-38.170,-15.807,0.931
2012-05-04-15_11_38.611,2,4,4,1,-38.142,-15.709,0.931
2012-05-04-15_11_38.611,2,4,4,1,-38.250,-15.781,0.830
2012-05-04-15_11_38.612,2,5,4,1,-47.186,-15.795,1.231
2012-05-04-15_11_38.612,2,5,4,1,-47.278,-15.770,1.230
2012-05-04-15_11_38.612,2,5,4,1,-47.247,-15.799,1.230
2012-05-04-15_11_38.613,2,6,4,1,-56.187,-15.770,1.331
2012-05-04-15_11_38.613,2,6,4,1,-56.295,-15.841,1.230
2012-05-04-15_11_38.614,2,6,4,1,-56.300,-15.841,1.330
2012-05-04-15_11_38.614,2,7,4,1,-65.190,-15.778,1.830
2012-05-04-15_11_38.615,2,7,4,1,-65.195,-15.777,1.830
2012-05-04-15_11_38.616,2,7,4,1,-65.175,-15.681,1.930
2012-05-04-15_11_38.616,2,0,5,0,2.266,-20.282,2.037
2012-05-04-15_11_38.617,2,0,5,0,2.293,-20.196,1.937
2012-05-04-15_11_38.618,2,0,5,0,2.188,-20.254,2.037
2012-05-04-15_11_38.619,2,1,5,0,-6.742,-20.293,1.837
2012-05-04-15_11_38.619,2,1,5,0,-6.825,-20.268,1.837
2012-05-04-15_11_38.620,2,1,5,0,-6.766,-20.215,1.837
2012-05-04-15_11_38.620,2,2,5,0,-15.699,-20.212,1.137
2012-05-04-15_11_38.621,2,2,5,0,-15.777,-20.184,1.137
2012-05-04-15_11_38.621,2,2,5,0,-15.718,-20.140,1.137
2012-05-04-15_11_38.622,2,3,5,0,-24.721,-20.294,1.537
2012-05-04-15_11_38.622,2,3,5,0,-24.694,-20.209,1.537
2012-05-04-15_11_38.623,2,3,5,0,-24.799,-20.267,1.637
2012-05-04-15_11_38.623,2,4,5,0,-33.718,-20.296,0.937
2012-05-04-15_11_38.624,2,4,5,0,-33.690,-20.210,0.937
2012-05-04-15_11_38.624,2,4,5,0,-33.795,-20.268,0.937
2012-05-04-15_11_38.625,2,5,5,0,-42.734,-20.296,1.137
2012-05-04-15_11_38.625,2,5,5,0,-42.678,-20.336,1.137
2012-05-04-15_11_38.626,2,5,5,0,-42.780,-20.310,1.137
2012-05-04-15_11_38.626,2,6,5,0,-51.763,-20.357,1.237
2012-05-04-15_11_38.627,2,6,5,0,-51.736,-20.271,1.237
2012-05-04-15_11_38.627,2,6,5,0,-51.680,-20.311,1.237
2012-05-04-15_11_38.627,2,7,5,0,-60.658,-20.293,1.937
2012-05-04-15_11_38.628,2,7,5,0,-60.736,-20.265,1.937
2012-05-04-15_11_38.628,2,7,5,0,-60.677,-20.221,1.937
2012-05-04-15_11_38.629,2,0,5,1,-2.186,-20.291,1.948
2012-05-04-15_11_38.629,2,0,5,1,-2.161,-20.196,1.948
2012-05-04-15_11_38.630,2,0,5,1,-2.262,-20.269,1.948
2012-05-04-15_11_38.630,2,1,5,1,-11.209,-20.294,1.848
2012-05-04-15_11_38.631,2,1,5,1,-11.336,-20.228,1.848
2012-05-04-15_11_38.631,2,1,5,1,-11.228,-20.215,1.848
2012-05-04-15_11_38.632,2,2,5,1,-20.151,-20.221,1.148
2012-05-04-15_11_38.632,2,2,5,1,-20.227,-20.199,1.148
2012-05-04-15_11_38.633,2,2,5,1,-20.234,-20.198,1.148
2012-05-04-15_11_38.633,2,3,5,1,-29.173,-20.303,1.248
2012-05-04-15_11_38.634,2,3,5,1,-29.148,-20.208,1.348
2012-05-04-15_11_38.634,2,3,5,1,-29.249,-20.281,1.348
2012-05-04-15_11_38.635,2,4,5,1,-38.170,-20.305,0.948
2012-05-04-15_11_38.635,2,4,5,1,-38.145,-20.210,0.948
2012-05-04-15_11_38.636,2,4,5,1,-38.245,-20.283,0.948
2012-05-04-15_11_38.636,2,5,5,1,-47.189,-20.296,1.248
2012-05-04-15_11_38.637,2,5,5,1,-47.279,-20.274,1.248
2012-05-04-15_11_38.637,2,5,5,1,-47.247,-20.298,1.248
2012-05-04-15_11_38.638,2,6,5,1,-56.190,-20.271,1.348
2012-05-04-15_11_38.638,2,6,5,1,-56.291,-20.343,1.348
2012-05-04-15_11_38.639,2,6,5,1,-56.298,-20.343,1.348
2012-05-04-15_11_38.640,2,7,5,1,-65.186,-20.280,1.848
2012-05-04-15_11_38.641,2,7,5,1,-65.193,-20.279,1.948
2012-05-04-15_11_38.641,2,7,5,1,-65.175,-20.185,1.848
2012-05-04-15_11_38.642,2,0,6,0,2.270,-24.783,1.956
2012-05-04-15_11_38.642,2,0,6,0,2.300,-24.690,1.856
2012-05-04-15_11_38.642,2,0,6,0,2.188,-24.758,1.956
2012-05-04-15_11_38.643,2,1,6,0,-6.745,-24.795,1.656
2012-05-04-15_11_38.643,2,1,6,0,-6.823,-24.769,1.656
2012-05-04-15_11_38.644,2,1,6,0,-6.764,-24.709,1.656
2012-05-04-15_11_38.644,2,2,6,0,-15.695,-24.713,1.156
2012-05-04-15_11_38.645,2,2,6,0,-15.777,-24.688,1.156
2012-05-04-15_11_38.645,2,2,6,0,-15.753,-24.698,1.156
2012-05-04-15_11_38.646,2,3,6,0,-24.717,-24.795,1.556
2012-05-04-15_11_38.646,2,3,6,0,-24.687,-24.702,1.556
2012-05-04-15_11_38.647,2,3,6,0,-24.799,-24.770,1.556
2012-05-04-15_11_38.648,2,4,6,0,-33.713,-24.797,0.956
2012-05-04-15_11_38.648,2,4,6,0,-33.683,-24.704,0.956
2012-05-04-15_11_38.649,2,4,6,0,-33.796,-24.772,0.956
2012-05-04-15_11_38.649,2,5,6,0,-42.727,-24.790,1.456
2012-05-04-15_11_38.650,2,5,6,0,-42.676,-24.837,1.456
2012-05-04-15_11_38.650,2,5,6,0,-42.781,-24.804,1.456
2012-05-04-15_11_38.651,2,6,6,0,-51.759,-24.857,1.356
2012-05-04-15_11_38.651,2,6,6,0,-51.729,-24.764,1.456
2012-05-04-15_11_38.651,2,6,6,0,-51.678,-24.812,1.456
2012-05-04-15_11_38.652,2,7,6,0,-60.653,-24.793,2.156
2012-05-04-15_11_38.652,2,7,6,0,-60.736,-24.769,2.156
2012-05-04-15_11_38.653,2,7,6,0,-60.677,-24.715,2.156
2012-05-04-15_11_38.653,2,0,6,1,-2.184,-24.789,1.866
2012-05-04-15_11_38.654,2,0,6,1,-2.162,-24.690,1.866
2012-05-04-15_11_38.654,2,0,6,1,-2.262,-24.771,1.966
2012-05-04-15_11_38.655,2,1,6,1,-11.210,-24.795,1.666
2012-05-04-15_11_38.655,2,1,6,1,-11.336,-24.721,1.766
2012-05-04-15_11_38.656,2,1,6,1,-11.231,-24.709,1.766
2012-05-04-15_11_38.656,2,2,6,1,-20.149,-24.719,1.166
2012-05-04-15_11_38.657,2,2,6,1,-20.227,-24.701,1.066
2012-05-04-15_11_38.657,2,2,6,1,-20.232,-24.700,1.066
2012-05-04-15_11_38.658,2,3,6,1,-29.171,-24.801,1.266
2012-05-04-15_11_38.658,2,3,6,1,-29.149,-24.702,1.466
2012-05-04-15_11_38.658,2,3,6,1,-29.249,-24.783,1.266
2012-05-04-15_11_38.659,2,4,6,1,-38.168,-24.803,0.966
2012-05-04-15_11_38.659,2,4,6,1,-38.145,-24.704,0.966
2012-05-04-15_11_38.660,2,4,6,1,-38.246,-24.785,0.966
2012-05-04-15_11_38.660,2,5,6,1,-47.189,-24.789,1.566
2012-05-04-15_11_38.661,2,5,6,1,-47.274,-24.770,1.466
2012-05-04-15_11_38.661,2,5,6,1,-47.243,-24.792,1.466
2012-05-04-15_11_38.662,2,6,6,1,-56.213,-24.863,1.466
2012-05-04-15_11_38.662,2,6,6,1,-56.191,-24.764,1.466
2012-05-04-15_11_38.663,2,6,6,1,-56.291,-24.845,1.466
2012-05-04-15_11_38.663,2,7,6,1,-65.186,-24.782,2.166
2012-05-04-15_11_38.664,2,7,6,1,-65.191,-24.781,2.166
2012-05-04-15_11_38.664,2,7,6,1,-65.171,-24.680,2.366
2012-05-04-15_11_38.665,2,0,7,0,2.260,-29.279,1.972
2012-05-04-15_11_38.665,2,0,7,0,2.300,-29.189,1.972
2012-05-04-15_11_38.666,2,0,7,0,2.187,-29.259,1.972
2012-05-04-15_11_38.666,2,1,7,0,-6.746,-29.293,1.772
2012-05-04-15_11_38.667,2,1,7,0,-6.824,-29.272,1.672
2012-05-04-15_11_38.667,2,1,7,0,-6.765,-29.206,1.672
2012-05-04-15_11_38.668,2,2,7,0,-15.705,-29.209,1.172
2012-05-04-15_11_38.669,2,2,7,0,-15.778,-29.189,1.172
2012-05-04-15_11_38.670,2,2,7,0,-15.716,-29.137,1.172
2012-05-04-15_11_38.671,2,3,7,0,-24.727,-29.292,1.572
2012-05-04-15_11_38.671,2,3,7,0,-24.687,-29.201,1.472
2012-05-04-15_11_38.673,2,3,7,0,-24.800,-29.271,1.472
2012-05-04-15_11_38.673,2,4,7,0,-33.723,-29.293,1.072
2012-05-04-15_11_38.674,2,4,7,0,-33.684,-29.203,1.072
2012-05-04-15_11_38.674,2,4,7,0,-33.796,-29.273,1.072
2012-05-04-15_11_38.675,2,5,7,0,-42.727,-29.289,1.472
2012-05-04-15_11_38.675,2,5,7,0,-42.676,-29.340,1.572
2012-05-04-15_11_38.676,2,5,7,0,-42.779,-29.307,1.472
2012-05-04-15_11_38.676,2,6,7,0,-51.769,-29.354,1.472
2012-05-04-15_11_38.677,2,6,7,0,-51.729,-29.263,1.372
2012-05-04-15_11_38.677,2,6,7,0,-51.678,-29.315,1.472
2012-05-04-15_11_38.678,2,7,7,0,-60.663,-29.290,2.172
2012-05-04-15_11_38.678,2,7,7,0,-60.736,-29.270,2.272
2012-05-04-15_11_38.679,2,7,7,0,-60.675,-29.218,2.272
2012-05-04-15_11_38.679,2,0,7,1,-2.187,-29.286,1.980
2012-05-04-15_11_38.680,2,0,7,1,-2.162,-29.188,1.880
2012-05-04-15_11_38.680,2,0,7,1,-2.260,-29.269,1.980
2012-05-04-15_11_38.681,2,1,7,1,-11.210,-29.292,1.680
2012-05-04-15_11_38.681,2,1,7,1,-11.337,-29.220,1.680
2012-05-04-15_11_38.682,2,1,7,1,-11.234,-29.205,1.680
2012-05-04-15_11_38.682,2,2,7,1,-20.152,-29.216,1.080
2012-05-04-15_11_38.683,2,2,7,1,-20.225,-29.199,1.080
2012-05-04-15_11_38.683,2,2,7,1,-20.233,-29.196,1.080
2012-05-04-15_11_38.684,2,3,7,1,-29.174,-29.298,1.280
2012-05-04-15_11_38.684,2,3,7,1,-29.149,-29.200,1.580
2012-05-04-15_11_38.684,2,3,7,1,-29.247,-29.281,1.280
2012-05-04-15_11_38.685,2,4,7,1,-38.171,-29.300,1.080
2012-05-04-15_11_38.685,2,4,7,1,-38.146,-29.202,1.080
2012-05-04-15_11_38.686,2,4,7,1,-38.244,-29.283,1.080
2012-05-04-15_11_38.686,2,5,7,1,-47.189,-29.288,1.580
2012-05-04-15_11_38.687,2,5,7,1,-47.275,-29.266,1.580
2012-05-04-15_11_38.687,2,5,7,1,-47.243,-29.293,1.580
2012-05-04-15_11_38.688,2,6,7,1,-56.216,-29.361,1.480
2012-05-04-15_11_38.688,2,6,7,1,-56.191,-29.262,1.480
2012-05-04-15_11_38.689,2,6,7,1,-56.289,-29.344,1.480
2012-05-04-15_11_38.689,2,7,7,1,-65.184,-29.280,2.180
2012-05-04-15_11_38.690,2,7,7,1,-65.191,-29.277,2.180
2012-05-04-15_11_38.690,2,7,7,1,-65.171,-29.177,2.380
2012-05-04-15_11_38.691,2,0,8,0,2.272,-33.778,1.985
2012-05-04-15_11_38.691,2,0,8,0,2.299,-33.688,1.985
2012-05-04-15_11_38.692,2,0,8,0,2.189,-33.755,1.885
2012-05-04-15_11_38.692,2,1,8,0,-6.748,-33.787,1.785
2012-05-04-15_11_38.693,2,1,8,0,-6.824,-33.768,1.785
2012-05-04-15_11_38.693,2,1,8,0,-6.767,-33.703,1.785
2012-05-04-15_11_38.694,2,2,8,0,-15.693,-33.708,1.185
2012-05-04-15_11_38.694,2,2,8,0,-15.776,-33.685,1.185
2012-05-04-15_11_38.695,2,2,8,0,-15.714,-33.638,1.085
2012-05-04-15_11_38.695,2,3,8,0,-24.715,-33.790,1.585
2012-05-04-15_11_38.696,2,3,8,0,-24.687,-33.700,1.485
2012-05-04-15_11_38.696,2,3,8,0,-24.798,-33.768,1.485
2012-05-04-15_11_38.697,2,4,8,0,-33.711,-33.792,1.085
2012-05-04-15_11_38.697,2,4,8,0,-33.684,-33.702,1.085
2012-05-04-15_11_38.697,2,4,8,0,-33.794,-33.769,1.085
2012-05-04-15_11_38.698,2,5,8,0,-42.728,-33.788,1.485
2012-05-04-15_11_38.699,2,5,8,0,-42.677,-33.836,1.485
2012-05-04-15_11_38.699,2,5,8,0,-42.777,-33.808,1.485
2012-05-04-15_11_38.699,2,6,8,0,-51.757,-33.852,1.485
2012-05-04-15_11_38.700,2,6,8,0,-51.729,-33.763,1.485
2012-05-04-15_11_38.700,2,6,8,0,-51.679,-33.811,1.485
2012-05-04-15_11_38.701,2,7,8,0,-60.652,-33.788,2.285
2012-05-04-15_11_38.701,2,7,8,0,-60.734,-33.766,2.185
2012-05-04-15_11_38.702,2,7,8,0,-60.673,-33.719,2.185
2012-05-04-15_11_38.702,2,0,8,1,-2.188,-33.787,1.994
2012-05-04-15_11_38.703,2,0,8,1,-2.163,-33.687,1.894
2012-05-04-15_11_38.703,2,0,8,1,-2.261,-33.766,1.994
2012-05-04-15_11_38.705,2,1,8,1,-11.213,-33.787,1.794
2012-05-04-15_11_38.705,2,1,8,1,-11.337,-33.718,1.694
2012-05-04-15_11_38.706,2,1,8,1,-11.234,-33.702,1.693
2012-05-04-15_11_38.706,2,2,8,1,-20.153,-33.716,1.194
2012-05-04-15_11_38.707,2,2,8,1,-20.226,-33.696,1.194
2012-05-04-15_11_38.707,2,2,8,1,-20.230,-33.693,1.194
2012-05-04-15_11_38.708,2,3,8,1,-29.175,-33.799,1.194
2012-05-04-15_11_38.708,2,3,8,1,-29.149,-33.699,1.394
2012-05-04-15_11_38.709,2,3,8,1,-29.248,-33.778,1.194
2012-05-04-15_11_38.709,2,4,8,1,-38.171,-33.801,1.094
2012-05-04-15_11_38.710,2,4,8,1,-38.146,-33.701,0.994
2012-05-04-15_11_38.710,2,4,8,1,-38.244,-33.780,1.094
2012-05-04-15_11_38.710,2,5,8,1,-47.190,-33.787,1.594
2012-05-04-15_11_38.711,2,5,8,1,-47.273,-33.763,1.594
2012-05-04-15_11_38.712,2,5,8,1,-47.244,-33.793,1.594
2012-05-04-15_11_38.712,2,6,8,1,-56.217,-33.861,1.494
2012-05-04-15_11_38.712,2,6,8,1,-56.191,-33.761,1.494
2012-05-04-15_11_38.713,2,6,8,1,-56.290,-33.840,1.494
2012-05-04-15_11_38.714,2,7,8,1,-65.184,-33.777,2.294
2012-05-04-15_11_38.714,2,7,8,1,-65.189,-33.774,2.394
2012-05-04-15_11_38.715,2,7,8,1,-65.169,-33.674,2.294
2012-05-04-15_11_38.715,2,0,9,0,2.274,-38.282,2.000
2012-05-04-15_11_38.716,2,0,9,0,2.301,-38.195,2.000
2012-05-04-15_11_38.716,2,0,9,0,2.189,-38.254,2.000
2012-05-04-15_11_38.717,2,1,9,0,-6.751,-38.289,1.800
2012-05-04-15_11_38.717,2,1,9,0,-6.824,-38.268,1.800
2012-05-04-15_11_38.718,2,1,9,0,-6.770,-38.210,1.901
2012-05-04-15_11_38.718,2,2,9,0,-15.691,-38.212,1.300
2012-05-04-15_11_38.719,2,2,9,0,-15.776,-38.184,1.300
2012-05-04-15_11_38.719,2,2,9,0,-15.710,-38.141,1.300
2012-05-04-15_11_38.720,2,3,9,0,-24.713,-38.294,1.600
2012-05-04-15_11_38.720,2,3,9,0,-24.685,-38.208,1.700
2012-05-04-15_11_38.721,2,3,9,0,-24.798,-38.266,1.600
2012-05-04-15_11_38.722,2,4,9,0,-33.710,-38.296,1.100
2012-05-04-15_11_38.722,2,4,9,0,-33.682,-38.209,1.100
2012-05-04-15_11_38.723,2,4,9,0,-33.795,-38.268,1.100
2012-05-04-15_11_38.724,2,5,9,0,-42.726,-38.295,1.600
2012-05-04-15_11_38.724,2,5,9,0,-42.677,-38.336,1.600
2012-05-04-15_11_38.725,2,5,9,0,-42.772,-38.311,1.600
2012-05-04-15_11_38.725,2,6,9,0,-51.755,-38.357,1.400
2012-05-04-15_11_38.726,2,6,9,0,-51.728,-38.270,1.400
2012-05-04-15_11_38.726,2,6,9,0,-51.840,-38.329,1.400
2012-05-04-15_11_38.727,2,7,9,0,-60.650,-38.293,2.200
2012-05-04-15_11_38.727,2,7,9,0,-60.735,-38.265,2.200
2012-05-04-15_11_38.727,2,7,9,0,-60.669,-38.222,2.300
2012-05-04-15_11_38.728,2,0,9,1,-2.188,-38.292,2.012
2012-05-04-15_11_38.728,2,0,9,1,-2.165,-38.194,1.912
2012-05-04-15_11_38.729,2,0,9,1,-2.261,-38.267,2.012
2012-05-04-15_11_38.729,2,1,9,1,-11.213,-38.289,1.912
2012-05-04-15_11_38.730,2,1,9,1,-11.340,-38.226,1.812
2012-05-04-15_11_38.730,2,1,9,1,-11.235,-38.209,1.812
2012-05-04-15_11_38.731,2,2,9,1,-20.153,-38.222,1.312
2012-05-04-15_11_38.731,2,2,9,1,-20.226,-38.197,1.312
2012-05-04-15_11_38.732,2,2,9,1,-20.231,-38.195,1.312
2012-05-04-15_11_38.732,2,3,9,1,-29.175,-38.305,1.412
2012-05-04-15_11_38.733,2,3,9,1,-29.152,-38.207,1.612
2012-05-04-15_11_38.733,2,3,9,1,-29.248,-38.279,1.512
2012-05-04-15_11_38.734,2,4,9,1,-38.172,-38.306,1.112
2012-05-04-15_11_38.734,2,4,9,1,-38.149,-38.208,1.112
2012-05-04-15_11_38.734,2,4,9,1,-38.245,-38.281,1.112
2012-05-04-15_11_38.735,2,5,9,1,-47.193,-38.294,1.612
2012-05-04-15_11_38.735,2,5,9,1,-47.273,-38.268,1.712
2012-05-04-15_11_38.736,2,5,9,1,-47.244,-38.300,1.612
2012-05-04-15_11_38.737,2,6,9,1,-56.194,-38.269,1.512
2012-05-04-15_11_38.738,2,6,9,1,-56.290,-38.342,1.512
2012-05-04-15_11_38.738,2,6,9,1,-56.295,-38.340,1.512
2012-05-04-15_11_38.739,2,7,9,1,-65.185,-38.278,2.112
2012-05-04-15_11_38.739,2,7,9,1,-65.190,-38.276,2.112
2012-05-04-15_11_38.739,2,7,9,1,-65.169,-38.179,2.312
2012-05-04-15_11_38.740,2,0,10,0,2.274,-42.782,2.020
2012-05-04-15_11_38.740,2,0,10,0,2.301,-42.696,2.020
2012-05-04-15_11_38.741,2,0,10,0,2.191,-42.755,2.020
2012-05-04-15_11_38.741,2,1,10,0,-6.754,-42.792,1.820
2012-05-04-15_11_38.742,2,1,10,0,-6.827,-42.766,1.820
2012-05-04-15_11_38.742,2,1,10,0,-6.773,-42.715,1.820
2012-05-04-15_11_38.743,2,2,10,0,-15.691,-42.712,1.320
2012-05-04-15_11_38.743,2,2,10,0,-15.774,-42.685,1.320
2012-05-04-15_11_38.744,2,2,10,0,-15.713,-42.639,1.320
2012-05-04-15_11_38.745,2,3,10,0,-24.713,-42.795,1.620
2012-05-04-15_11_38.745,2,3,10,0,-24.686,-42.708,1.620
2012-05-04-15_11_38.746,2,3,10,0,-24.796,-42.767,1.620
2012-05-04-15_11_38.746,2,4,10,0,-33.710,-42.796,1.120
2012-05-04-15_11_38.746,2,4,10,0,-33.682,-42.710,1.020
2012-05-04-15_11_38.747,2,4,10,0,-33.793,-42.769,1.120
2012-05-04-15_11_38.747,2,5,10,0,-42.726,-42.795,1.620
2012-05-04-15_11_38.748,2,5,10,0,-42.680,-42.834,1.620
2012-05-04-15_11_38.748,2,5,10,0,-42.775,-42.809,1.520
2012-05-04-15_11_38.749,2,6,10,0,-51.755,-42.857,1.420
2012-05-04-15_11_38.749,2,6,10,0,-51.728,-42.770,1.520
2012-05-04-15_11_38.750,2,6,10,0,-51.838,-42.830,1.420
2012-05-04-15_11_38.750,2,7,10,0,-60.650,-42.793,2.320
2012-05-04-15_11_38.751,2,7,10,0,-60.733,-42.766,2.320
2012-05-04-15_11_38.751,2,7,10,0,-60.671,-42.720,2.320
2012-05-04-15_11_38.752,2,0,10,1,-2.189,-42.791,2.030
2012-05-04-15_11_38.752,2,0,10,1,-2.166,-42.695,2.030
2012-05-04-15_11_38.752,2,0,10,1,-2.259,-42.770,1.930
2012-05-04-15_11_38.753,2,1,10,1,-11.214,-42.792,1.930
2012-05-04-15_11_38.753,2,1,10,1,-11.340,-42.726,1.930
2012-05-04-15_11_38.754,2,1,10,1,-11.235,-42.714,1.930
2012-05-04-15_11_38.754,2,2,10,1,-20.153,-42.721,1.330
2012-05-04-15_11_38.755,2,2,10,1,-20.224,-42.700,1.330
2012-05-04-15_11_38.755,2,2,10,1,-20.234,-42.698,1.330
2012-05-04-15_11_38.756,2,3,10,1,-29.175,-42.803,1.430
2012-05-04-15_11_38.756,2,3,10,1,-29.153,-42.707,1.630
2012-05-04-15_11_38.757,2,3,10,1,-29.246,-42.782,1.430
2012-05-04-15_11_38.757,2,4,10,1,-38.172,-42.805,1.130
2012-05-04-15_11_38.757,2,4,10,1,-38.149,-42.709,1.130
2012-05-04-15_11_38.758,2,4,10,1,-38.243,-42.784,1.130
2012-05-04-15_11_38.758,2,5,10,1,-47.193,-42.794,1.630
2012-05-04-15_11_38.759,2,5,10,1,-47.276,-42.773,1.630
2012-05-04-15_11_38.759,2,5,10,1,-47.247,-42.798,1.630
2012-05-04-15_11_38.760,2,6,10,1,-56.195,-42.769,1.530
2012-05-04-15_11_38.760,2,6,10,1,-56.288,-42.844,1.530
2012-05-04-15_11_38.761,2,6,10,1,-56.298,-42.843,1.530
2012-05-04-15_11_38.761,2,7,10,1,-65.183,-42.780,2.330
2012-05-04-15_11_38.762,2,7,10,1,-65.193,-42.779,2.330
2012-05-04-15_11_38.763,2,7,10,1,-65.172,-42.684,2.430
2012-05-04-15_11_38.763,2,0,11,0,2.276,-47.282,2.036
2012-05-04-15_11_38.764,2,0,11,0,2.298,-47.190,2.036
2012-05-04-15_11_38.764,2,0,11,0,2.190,-47.258,2.036
2012-05-04-15_11_38.764,2,1,11,0,-6.755,-47.294,1.936
2012-05-04-15_11_38.765,2,1,11,0,-6.828,-47.268,1.936
2012-05-04-15_11_38.765,2,1,11,0,-6.776,-47.209,1.936
2012-05-04-15_11_38.766,2,2,11,0,-15.689,-47.212,1.336
2012-05-04-15_11_38.766,2,2,11,0,-15.775,-47.188,1.236
2012-05-04-15_11_38.768,2,2,11,0,-15.745,-47.198,1.336
2012-05-04-15_11_38.768,2,3,11,0,-24.711,-47.294,1.736
2012-05-04-15_11_38.769,2,3,11,0,-24.689,-47.202,1.736
2012-05-04-15_11_38.770,2,3,11,0,-24.797,-47.270,1.736
2012-05-04-15_11_38.771,2,4,11,0,-33.708,-47.296,1.136
2012-05-04-15_11_38.771,2,4,11,0,-33.685,-47.204,1.136
2012-05-04-15_11_38.772,2,4,11,0,-33.793,-47.272,1.136
2012-05-04-15_11_38.772,2,5,11,0,-42.729,-47.289,1.536
2012-05-04-15_11_38.773,2,5,11,0,-42.681,-47.336,1.536
2012-05-04-15_11_38.774,2,5,11,0,-42.773,-47.304,1.536
2012-05-04-15_11_38.775,2,6,11,0,-51.753,-47.357,1.536
2012-05-04-15_11_38.776,2,6,11,0,-51.731,-47.264,1.536
2012-05-04-15_11_38.777,2,6,11,0,-51.682,-47.311,1.436
2012-05-04-15_11_38.777,2,7,11,0,-60.648,-47.293,2.336
2012-05-04-15_11_38.778,2,7,11,0,-60.733,-47.269,2.336
2012-05-04-15_11_38.779,2,7,11,0,-60.669,-47.215,2.336
2012-05-04-15_11_38.780,2,0,11,1,-2.191,-47.290,1.944
2012-05-04-15_11_38.780,2,0,11,1,-2.169,-47.189,2.044
2012-05-04-15_11_38.781,2,0,11,1,-2.260,-47.271,2.044
2012-05-04-15_11_38.781,2,1,11,1,-11.212,-47.295,1.844
2012-05-04-15_11_38.782,2,1,11,1,-11.343,-47.221,1.944
2012-05-04-15_11_38.782,2,1,11,1,-11.236,-47.209,1.844
2012-05-04-15_11_38.783,2,2,11,1,-20.156,-47.220,1.344
2012-05-04-15_11_38.784,2,2,11,1,-20.224,-47.201,1.344
2012-05-04-15_11_38.784,2,2,11,1,-20.232,-47.200,1.344
2012-05-04-15_11_38.785,2,3,11,1,-29.178,-47.302,1.344
2012-05-04-15_11_38.785,2,3,11,1,-29.156,-47.201,1.544
2012-05-04-15_11_38.786,2,3,11,1,-29.247,-47.283,1.444
2012-05-04-15_11_38.786,2,4,11,1,-38.175,-47.304,1.144
2012-05-04-15_11_38.787,2,4,11,1,-38.152,-47.203,1.144
2012-05-04-15_11_38.787,2,4,11,1,-38.243,-47.285,1.144
2012-05-04-15_11_38.788,2,5,11,1,-47.196,-47.289,1.644
2012-05-04-15_11_38.788,2,5,11,1,-47.276,-47.269,1.644
2012-05-04-15_11_38.789,2,5,11,1,-47.247,-47.292,1.644
2012-05-04-15_11_38.789,2,6,11,1,-56.220,-47.364,1.544
2012-05-04-15_11_38.790,2,6,11,1,-56.198,-47.264,1.544
2012-05-04-15_11_38.790,2,6,11,1,-56.289,-47.345,1.544
2012-05-04-15_11_38.791,2,7,11,1,-65.183,-47.282,2.444
2012-05-04-15_11_38.791,2,7,11,1,-65.191,-47.281,2.444
2012-05-04-15_11_38.792,2,7,11,1,-65.173,-47.180,2.444
2012-05-04-15_11_38.792,2,0,12,0,2.263,-51.779,2.250
2012-05-04-15_11_38.793,2,0,12,0,2.300,-51.689,2.250
2012-05-04-15_11_38.793,2,0,12,0,2.192,-51.759,2.250
2012-05-04-15_11_38.794,2,1,12,0,-6.755,-51.793,1.950
2012-05-04-15_11_38.794,2,1,12,0,-6.831,-51.773,1.950
2012-05-04-15_11_38.795,2,1,12,0,-6.774,-51.706,1.950
2012-05-04-15_11_38.796,2,2,12,0,-15.702,-51.709,1.250
2012-05-04-15_11_38.796,2,2,12,0,-15.773,-51.689,1.250
2012-05-04-15_11_38.797,2,2,12,0,-15.711,-51.638,1.250
2012-05-04-15_11_38.797,2,3,12,0,-24.724,-51.792,1.750
2012-05-04-15_11_38.798,2,3,12,0,-24.687,-51.701,1.750
2012-05-04-15_11_38.798,2,3,12,0,-24.795,-51.771,1.750
2012-05-04-15_11_38.799,2,4,12,0,-33.721,-51.793,1.150
2012-05-04-15_11_38.799,2,4,12,0,-33.683,-51.703,1.150
2012-05-04-15_11_38.800,2,4,12,0,-33.791,-51.773,1.150
2012-05-04-15_11_38.800,2,5,12,0,-42.727,-51.789,1.450
2012-05-04-15_11_38.801,2,5,12,0,-42.683,-51.841,1.350
2012-05-04-15_11_38.801,2,5,12,0,-42.774,-51.808,1.450
2012-05-04-15_11_38.802,2,6,12,0,-51.766,-51.854,1.550
2012-05-04-15_11_38.802,2,6,12,0,-51.729,-51.764,1.450
2012-05-04-15_11_38.803,2,6,12,0,-51.685,-51.816,1.450
2012-05-04-15_11_38.803,2,7,12,0,-60.661,-51.790,2.150
2012-05-04-15_11_38.803,2,7,12,0,-60.731,-51.769,2.250
2012-05-04-15_11_38.805,2,7,12,0,-60.670,-51.719,2.150
2012-05-04-15_11_38.806,2,0,12,1,-2.194,-51.787,2.159
2012-05-04-15_11_38.807,2,0,12,1,-2.169,-51.688,2.159
2012-05-04-15_11_38.807,2,0,12,1,-2.262,-51.769,2.059
2012-05-04-15_11_38.808,2,1,12,1,-11.212,-51.793,1.859
2012-05-04-15_11_38.808,2,1,12,1,-11.344,-51.720,1.959
2012-05-04-15_11_38.809,2,1,12,1,-11.236,-51.706,1.859
2012-05-04-15_11_38.809,2,2,12,1,-20.159,-51.717,1.359
2012-05-04-15_11_38.809,2,2,12,1,-20.227,-51.699,1.259
2012-05-04-15_11_38.810,2,2,12,1,-20.235,-51.697,1.259
2012-05-04-15_11_38.810,2,3,12,1,-29.181,-51.799,1.359
2012-05-04-15_11_38.811,2,3,12,1,-29.156,-51.701,1.559
2012-05-04-15_11_38.811,2,3,12,1,-29.249,-51.781,1.559
2012-05-04-15_11_38.812,2,4,12,1,-38.178,-51.801,1.159
2012-05-04-15_11_38.812,2,4,12,1,-38.153,-51.702,1.159
2012-05-04-15_11_38.813,2,4,12,1,-38.246,-51.783,1.159
2012-05-04-15_11_38.813,2,5,12,1,-47.196,-51.788,1.459
2012-05-04-15_11_38.814,2,5,12,1,-47.277,-51.766,1.459
2012-05-04-15_11_38.814,2,5,12,1,-47.250,-51.792,1.459
2012-05-04-15_11_38.815,2,6,12,1,-56.223,-51.861,1.559
2012-05-04-15_11_38.815,2,6,12,1,-56.198,-51.763,1.559
2012-05-04-15_11_38.816,2,6,12,1,-56.291,-51.844,1.559
2012-05-04-15_11_38.816,2,7,12,1,-65.186,-51.780,2.359
2012-05-04-15_11_38.817,2,7,12,1,-65.193,-51.778,2.359
2012-05-04-15_11_38.817,2,7,12,1,-65.173,-51.677,2.359
2012-05-04-15_11_38.818,2,0,13,0,2.272,-56.278,2.266
2012-05-04-15_11_38.818,2,0,13,0,2.300,-56.190,2.166
2012-05-04-15_11_38.819,2,0,13,0,2.197,-56.254,2.166
2012-05-04-15_11_38.819,2,1,13,0,-6.758,-56.289,1.966
2012-05-04-15_11_38.819,2,1,13,0,-6.833,-56.269,2.066
2012-05-04-15_11_38.820,2,1,13,0,-6.777,-56.204,1.966
2012-05-04-15_11_38.820,2,2,13,0,-15.693,-56.208,1.266
2012-05-04-15_11_38.821,2,2,13,0,-15.768,-56.184,1.366
2012-05-04-15_11_38.821,2,2,13,0,-15.712,-56.139,1.266
2012-05-04-15_11_38.822,2,3,13,0,-24.715,-56.290,1.666
2012-05-04-15_11_38.822,2,3,13,0,-24.687,-56.202,1.666
2012-05-04-15_11_38.823,2,3,13,0,-24.790,-56.266,1.666
2012-05-04-15_11_38.823,2,4,13,0,-33.711,-56.292,1.266
2012-05-04-15_11_38.824,2,4,13,0,-33.684,-56.204,1.166
2012-05-04-15_11_38.824,2,4,13,0,-33.787,-56.268,1.166
2012-05-04-15_11_38.825,2,5,13,0,-42.727,-56.290,1.466
2012-05-04-15_11_38.825,2,5,13,0,-42.686,-56.337,1.366
2012-05-04-15_11_38.826,2,5,13,0,-42.774,-56.309,1.466
2012-05-04-15_11_38.826,2,6,13,0,-51.757,-56.353,1.466
2012-05-04-15_11_38.827,2,6,13,0,-51.729,-56.264,1.466
2012-05-04-15_11_38.827,2,6,13,0,-51.832,-56.329,1.566
2012-05-04-15_11_38.828,2,7,13,0,-60.651,-56.289,2.166
2012-05-04-15_11_38.829,2,7,13,0,-60.727,-56.265,2.166
2012-05-04-15_11_38.830,2,7,13,0,-60.670,-56.220,2.166
2012-05-04-15_11_38.830,2,0,13,1,-2.197,-56.289,2.078
2012-05-04-15_11_38.831,2,0,13,1,-2.172,-56.189,2.078
2012-05-04-15_11_38.832,2,0,13,1,-2.265,-56.265,2.078
2012-05-04-15_11_38.832,2,1,13,1,-11.210,-56.288,1.978
2012-05-04-15_11_38.833,2,1,13,1,-11.346,-56.221,1.978
2012-05-04-15_11_38.833,2,1,13,1,-11.234,-56.204,1.978
2012-05-04-15_11_38.834,2,2,13,1,-20.162,-56.219,1.278
2012-05-04-15_11_38.834,2,2,13,1,-20.230,-56.195,1.278
2012-05-04-15_11_38.835,2,2,13,1,-20.237,-56.194,1.378
2012-05-04-15_11_38.835,2,3,13,1,-29.184,-56.301,1.478
2012-05-04-15_11_38.836,2,3,13,1,-29.159,-56.201,1.678
2012-05-04-15_11_38.836,2,3,13,1,-29.252,-56.278,1.678
2012-05-04-15_11_38.837,2,4,13,1,-38.181,-56.303,1.178
2012-05-04-15_11_38.837,2,4,13,1,-38.155,-56.203,1.178
2012-05-04-15_11_38.839,2,4,13,1,-38.249,-56.279,1.178
2012-05-04-15_11_38.839,2,5,13,1,-47.199,-56.289,1.678
2012-05-04-15_11_38.840,2,5,13,1,-47.280,-56.264,1.678
2012-05-04-15_11_38.840,2,5,13,1,-47.253,-56.292,1.678
2012-05-04-15_11_38.841,2,6,13,1,-56.226,-56.363,1.578
2012-05-04-15_11_38.841,2,6,13,1,-56.201,-56.264,1.578
2012-05-04-15_11_38.842,2,6,13,1,-56.294,-56.340,1.578
2012-05-04-15_11_38.842,2,7,13,1,-65.189,-56.276,2.278
2012-05-04-15_11_38.843,2,7,13,1,-65.196,-56.274,2.278
2012-05-04-15_11_38.843,2,7,13,1,-65.176,-56.175,2.278
2012-05-04-15_11_38.844,2,0,14,0,2.272,-60.782,2.185
2012-05-04-15_11_38.844,2,0,14,0,2.294,-60.695,2.185
2012-05-04-15_11_38.845,2,0,14,0,2.196,-60.753,2.185
2012-05-04-15_11_38.845,2,1,14,0,-6.756,-60.789,1.985
2012-05-04-15_11_38.845,2,1,14,0,-6.836,-60.768,2.085
2012-05-04-15_11_38.846,2,1,14,0,-6.777,-60.711,1.985
2012-05-04-15_11_38.846,2,2,14,0,-15.693,-60.712,1.385
2012-05-04-15_11_38.847,2,2,14,0,-15.768,-60.683,1.285
2012-05-04-15_11_38.847,2,2,14,0,-15.712,-60.641,1.285
2012-05-04-15_11_38.848,2,3,14,0,-24.715,-60.794,1.685
2012-05-04-15_11_38.848,2,3,14,0,-24.692,-60.707,1.685
2012-05-04-15_11_38.849,2,3,14,0,-24.791,-60.766,1.685
2012-05-04-15_11_38.849,2,4,14,0,-33.712,-60.796,1.185
2012-05-04-15_11_38.850,2,4,14,0,-33.689,-60.709,1.085
2012-05-04-15_11_38.850,2,4,14,0,-33.787,-60.767,1.085
2012-05-04-15_11_38.851,2,5,14,0,-42.733,-60.795,1.485
2012-05-04-15_11_38.851,2,5,14,0,-42.689,-60.836,1.385
2012-05-04-15_11_38.851,2,5,14,0,-42.774,-60.811,1.385
2012-05-04-15_11_38.852,2,6,14,0,-51.757,-60.856,1.585
2012-05-04-15_11_38.852,2,6,14,0,-51.734,-60.770,1.585
2012-05-04-15_11_38.853,2,6,14,0,-51.833,-60.828,1.585
2012-05-04-15_11_38.853,2,7,14,0,-60.652,-60.793,2.185
2012-05-04-15_11_38.854,2,7,14,0,-60.727,-60.764,2.185
2012-05-04-15_11_38.854,2,7,14,0,-60.671,-60.722,2.185
2012-05-04-15_11_38.855,2,0,14,1,-2.198,-60.793,2.095
2012-05-04-15_11_38.855,2,0,14,1,-2.172,-60.695,2.095
2012-05-04-15_11_38.856,2,0,14,1,-2.266,-60.766,2.195
2012-05-04-15_11_38.856,2,1,14,1,-11.208,-60.790,1.995
2012-05-04-15_11_38.857,2,1,14,1,-11.347,-60.727,1.995
2012-05-04-15_11_38.857,2,1,14,1,-11.234,-60.710,1.994
2012-05-04-15_11_38.858,2,2,14,1,-20.162,-60.723,1.295
2012-05-04-15_11_38.858,2,2,14,1,-20.231,-60.696,1.295
2012-05-04-15_11_38.859,2,2,14,1,-20.240,-60.695,1.295
2012-05-04-15_11_38.859,2,3,14,1,-29.185,-60.805,1.395
2012-05-04-15_11_38.860,2,3,14,1,-29.159,-60.708,1.595
2012-05-04-15_11_38.860,2,3,14,1,-29.253,-60.778,1.595
2012-05-04-15_11_38.861,2,4,14,1,-38.181,-60.807,1.195
2012-05-04-15_11_38.861,2,4,14,1,-38.156,-60.709,1.195
2012-05-04-15_11_38.861,2,4,14,1,-38.249,-60.780,1.195
2012-05-04-15_11_38.862,2,5,14,1,-47.200,-60.795,1.695
2012-05-04-15_11_38.862,2,5,14,1,-47.283,-60.769,1.695
2012-05-04-15_11_38.863,2,5,14,1,-47.253,-60.798,1.694
2012-05-04-15_11_38.863,2,6,14,1,-56.201,-60.770,1.595
2012-05-04-15_11_38.864,2,6,14,1,-56.295,-60.841,1.595
2012-05-04-15_11_38.864,2,6,14,1,-56.304,-60.840,1.595
2012-05-04-15_11_38.865,2,7,14,1,-65.189,-60.777,2.395
2012-05-04-15_11_38.865,2,7,14,1,-65.199,-60.776,2.395
2012-05-04-15_11_38.866,2,7,14,1,-65.179,-60.680,2.395
2012-05-04-15_11_38.866,2,0,15,0,2.269,-65.283,2.299
2012-05-04-15_11_38.867,2,0,15,0,2.294,-65.196,2.200
2012-05-04-15_11_38.867,2,0,15,0,2.196,-65.255,2.200
2012-05-04-15_11_38.868,2,1,15,0,-6.754,-65.293,2.000
2012-05-04-15_11_38.868,2,1,15,0,-6.837,-65.267,2.100
2012-05-04-15_11_38.870,2,1,15,0,-6.775,-65.215,2.100
2012-05-04-15_11_38.871,2,2,15,0,-15.696,-65.213,1.399
2012-05-04-15_11_38.871,2,2,15,0,-15.769,-65.185,1.400
2012-05-04-15_11_38.872,2,2,15,0,-15.715,-65.139,1.400
2012-05-04-15_11_38.872,2,3,15,0,-24.718,-65.295,1.799
2012-05-04-15_11_38.872,2,3,15,0,-24.693,-65.208,1.800
2012-05-04-15_11_38.873,2,3,15,0,-24.791,-65.267,1.800
2012-05-04-15_11_38.873,2,4,15,0,-33.714,-65.297,1.099
2012-05-04-15_11_38.874,2,4,15,0,-33.689,-65.210,1.200
2012-05-04-15_11_38.874,2,4,15,0,-33.788,-65.269,1.100
2012-05-04-15_11_38.875,2,5,15,0,-42.733,-65.296,1.500
2012-05-04-15_11_38.875,2,5,15,0,-42.690,-65.335,1.500
2012-05-04-15_11_38.876,2,5,15,0,-42.777,-65.309,1.500
2012-05-04-15_11_38.876,2,6,15,0,-51.760,-65.357,1.599
2012-05-04-15_11_38.877,2,6,15,0,-51.735,-65.270,1.600
2012-05-04-15_11_38.877,2,6,15,0,-51.833,-65.330,1.500
2012-05-04-15_11_38.878,2,7,15,0,-60.655,-65.294,2.099
2012-05-04-15_11_38.878,2,7,15,0,-60.728,-65.266,2.200
2012-05-04-15_11_38.878,2,7,15,0,-60.674,-65.220,2.200
2012-05-04-15_11_38.879,2,0,15,1,-2.196,-65.291,2.208
2012-05-04-15_11_38.879,2,0,15,1,-2.168,-65.195,2.208
2012-05-04-15_11_38.880,2,0,15,1,-2.269,-65.269,2.207
2012-05-04-15_11_38.881,2,1,15,1,-11.211,-65.293,2.008
2012-05-04-15_11_38.882,2,1,15,1,-11.342,-65.227,2.008
2012-05-04-15_11_38.883,2,1,15,1,-11.230,-65.214,2.007
2012-05-04-15_11_38.883,2,2,15,1,-20.160,-65.221,1.408
2012-05-04-15_11_38.883,2,2,15,1,-20.233,-65.199,1.407
2012-05-04-15_11_38.884,2,2,15,1,-20.241,-65.198,1.407
2012-05-04-15_11_38.884,2,3,15,1,-29.182,-65.303,1.408
2012-05-04-15_11_38.885,2,3,15,1,-29.155,-65.207,1.608
2012-05-04-15_11_38.886,2,3,15,1,-29.256,-65.281,1.507
2012-05-04-15_11_38.886,2,4,15,1,-38.179,-65.305,1.208
2012-05-04-15_11_38.887,2,4,15,1,-38.151,-65.209,1.208
2012-05-04-15_11_38.887,2,4,15,1,-38.252,-65.283,1.207
2012-05-04-15_11_38.888,2,5,15,1,-47.195,-65.295,1.608
2012-05-04-15_11_38.888,2,5,15,1,-47.283,-65.274,1.507
2012-05-04-15_11_38.888,2,5,15,1,-47.254,-65.298,1.607
2012-05-04-15_11_38.889,2,6,15,1,-56.224,-65.366,1.608
2012-05-04-15_11_38.889,2,6,15,1,-56.197,-65.270,1.608
2012-05-04-15_11_38.890,2,6,15,1,-56.298,-65.344,1.607
2012-05-04-15_11_38.890,2,7,15,1,-65.192,-65.280,2.207
2012-05-04-15_11_38.891,2,7,15,1,-65.200,-65.279,2.207
2012-05-04-15_11_38.891,2,7,15,1,-65.179,-65.185,2.207
2012-05-04-15_11_38.892,2,0,16,0,2.266,-69.783,2.312
2012-05-04-15_11_38.892,2,0,16,0,2.291,-69.689,2.312
2012-05-04-15_11_38.893,2,0,16,0,2.191,-69.759,2.312
2012-05-04-15_11_38.893,2,1,16,0,-6.752,-69.794,2.012
2012-05-04-15_11_38.894,2,1,16,0,-6.835,-69.767,2.012
2012-05-04-15_11_38.894,2,1,16,0,-6.776,-69.708,2.112
2012-05-04-15_11_38.895,2,2,16,0,-15.699,-69.713,1.412
2012-05-04-15_11_38.895,2,2,16,0,-15.774,-69.689,1.412
2012-05-04-15_11_38.895,2,2,16,0,-15.750,-69.698,1.412
2012-05-04-15_11_38.896,2,3,16,0,-24.721,-69.795,1.812
2012-05-04-15_11_38.896,2,3,16,0,-24.696,-69.701,1.812
2012-05-04-15_11_38.897,2,3,16,0,-24.796,-69.771,1.812
2012-05-04-15_11_38.897,2,4,16,0,-33.717,-69.797,1.112
2012-05-04-15_11_38.898,2,4,16,0,-33.692,-69.703,1.112
2012-05-04-15_11_38.898,2,4,16,0,-33.793,-69.773,1.112
2012-05-04-15_11_38.899,2,5,16,0,-42.736,-69.788,1.512
2012-05-04-15_11_38.899,2,5,16,0,-42.688,-69.835,1.512
2012-05-04-15_11_38.900,2,5,16,0,-42.780,-69.803,1.412
2012-05-04-15_11_38.900,2,6,16,0,-51.763,-69.858,1.512
2012-05-04-15_11_38.901,2,6,16,0,-51.738,-69.763,1.512
2012-05-04-15_11_38.902,2,6,16,0,-51.689,-69.810,1.512
2012-05-04-15_11_38.902,2,7,16,0,-60.657,-69.794,2.112
2012-05-04-15_11_38.903,2,7,16,0,-60.733,-69.770,2.112
2012-05-04-15_11_38.903,2,7,16,0,-60.676,-69.714,2.112
2012-05-04-15_11_38.904,2,0,16,1,-2.196,-69.788,2.222
2012-05-04-15_11_38.904,2,0,16,1,-2.168,-69.688,2.222
2012-05-04-15_11_38.905,2,0,16,1,-2.271,-69.771,2.221
2012-05-04-15_11_38.905,2,1,16,1,-11.209,-69.794,2.022
2012-05-04-15_11_38.906,2,1,16,1,-11.343,-69.719,2.022
2012-05-04-15_11_38.906,2,1,16,1,-11.233,-69.708,2.021
2012-05-04-15_11_38.907,2,2,16,1,-20.161,-69.718,1.322
2012-05-04-15_11_38.907,2,2,16,1,-20.236,-69.701,1.321
2012-05-04-15_11_38.908,2,2,16,1,-20.244,-69.699,1.421
2012-05-04-15_11_38.908,2,3,16,1,-29.183,-69.801,1.522
2012-05-04-15_11_38.909,2,3,16,1,-29.155,-69.700,1.622
2012-05-04-15_11_38.909,2,3,16,1,-29.258,-69.783,1.621
2012-05-04-15_11_38.910,2,4,16,1,-38.179,-69.802,1.222
2012-05-04-15_11_38.910,2,4,16,1,-38.152,-69.702,1.222
2012-05-04-15_11_38.911,2,4,16,1,-38.255,-69.785,1.221
2012-05-04-15_11_38.911,2,5,16,1,-47.196,-69.788,1.422
2012-05-04-15_11_38.912,2,5,16,1,-47.286,-69.769,1.521
2012-05-04-15_11_38.912,2,5,16,1,-47.254,-69.792,1.521
2012-05-04-15_11_38.913,2,6,16,1,-56.225,-69.863,1.622
2012-05-04-15_11_38.913,2,6,16,1,-56.197,-69.762,1.622
2012-05-04-15_11_38.914,2,6,16,1,-56.300,-69.846,1.621
2012-05-04-15_11_38.914,2,7,16,1,-65.195,-69.782,2.221
2012-05-04-15_11_38.915,2,7,16,1,-65.202,-69.780,2.221
2012-05-04-15_11_38.916,2,7,16,1,-65.182,-69.680,2.321
2012-05-04-15_11_38.916,2,0,17,0,2.254,-74.279,2.328
2012-05-04-15_11_38.917,2,0,17,0,2.291,-74.189,2.328
2012-05-04-15_11_38.917,2,0,17,0,2.190,-74.258,2.328
2012-05-04-15_11_38.917,2,1,17,0,-6.750,-74.293,2.128
2012-05-04-15_11_38.918,2,1,17,0,-6.833,-74.272,2.128
2012-05-04-15_11_38.918,2,1,17,0,-6.776,-74.206,2.128
2012-05-04-15_11_38.919,2,2,17,0,-15.711,-74.209,1.428
2012-05-04-15_11_38.919,2,2,17,0,-15.775,-74.188,1.328
2012-05-04-15_11_38.920,2,2,17,0,-15.718,-74.137,1.428
2012-05-04-15_11_38.920,2,3,17,0,-24.733,-74.292,1.828
2012-05-04-15_11_38.921,2,3,17,0,-24.696,-74.201,1.828
2012-05-04-15_11_38.921,2,3,17,0,-24.797,-74.270,1.828
2012-05-04-15_11_38.922,2,4,17,0,-33.730,-74.293,1.228
2012-05-04-15_11_38.922,2,4,17,0,-33.693,-74.203,1.228
2012-05-04-15_11_38.923,2,4,17,0,-33.793,-74.272,1.228
2012-05-04-15_11_38.923,2,5,17,0,-42.736,-74.289,1.528
2012-05-04-15_11_38.924,2,5,17,0,-42.686,-74.340,1.528
2012-05-04-15_11_38.924,2,5,17,0,-42.781,-74.307,1.528
2012-05-04-15_11_38.925,2,6,17,0,-51.775,-74.354,1.528
2012-05-04-15_11_38.925,2,6,17,0,-51.738,-74.264,1.628
2012-05-04-15_11_38.926,2,6,17,0,-51.687,-74.315,1.628
2012-05-04-15_11_38.926,2,7,17,0,-60.670,-74.290,2.228
2012-05-04-15_11_38.927,2,7,17,0,-60.733,-74.269,2.128
2012-05-04-15_11_38.927,2,7,17,0,-60.677,-74.218,2.228
2012-05-04-15_11_38.928,2,0,17,1,-2.194,-74.286,2.240
2012-05-04-15_11_38.928,2,0,17,1,-2.166,-74.188,2.140
2012-05-04-15_11_38.928,2,0,17,1,-2.269,-74.268,2.140
2012-05-04-15_11_38.929,2,1,17,1,-11.212,-74.292,2.040
2012-05-04-15_11_38.929,2,1,17,1,-11.341,-74.220,2.140
2012-05-04-15_11_38.930,2,1,17,1,-11.233,-74.206,2.140
2012-05-04-15_11_38.930,2,2,17,1,-20.159,-74.216,1.440
2012-05-04-15_11_38.931,2,2,17,1,-20.234,-74.198,1.340
2012-05-04-15_11_38.932,2,2,17,1,-20.242,-74.196,1.440
2012-05-04-15_11_38.933,2,3,17,1,-29.181,-74.299,1.540
2012-05-04-15_11_38.934,2,3,17,1,-29.153,-74.200,1.740
2012-05-04-15_11_38.935,2,3,17,1,-29.256,-74.281,1.640
2012-05-04-15_11_38.935,2,4,17,1,-38.177,-74.300,1.240
2012-05-04-15_11_38.936,2,4,17,1,-38.150,-74.202,1.240
2012-05-04-15_11_38.936,2,4,17,1,-38.253,-74.282,1.240
2012-05-04-15_11_38.937,2,5,17,1,-47.194,-74.288,1.640
2012-05-04-15_11_38.937,2,5,17,1,-47.281,-74.266,1.740
2012-05-04-15_11_38.938,2,5,17,1,-47.252,-74.292,1.640
2012-05-04-15_11_38.938,2,6,17,1,-56.223,-74.361,1.640
2012-05-04-15_11_38.939,2,6,17,1,-56.195,-74.263,1.640
2012-05-04-15_11_38.939,2,6,17,1,-56.298,-74.343,1.640
2012-05-04-15_11_38.940,2,7,17,1,-65.193,-74.279,2.340
2012-05-04-15_11_38.940,2,7,17,1,-65.200,-74.277,2.340
2012-05-04-15_11_38.941,2,7,17,1,-65.178,-74.177,2.340
2012-05-04-15_11_38.941,2,0,18,0,2.265,-78.778,2.147
2012-05-04-15_11_38.942,2,0,18,0,2.293,-78.689,2.147
2012-05-04-15_11_38.942,2,0,18,0,2.187,-78.755,2.147
2012-05-04-15_11_38.943,2,1,18,0,-6.750,-78.788,1.947
2012-05-04-15_11_38.943,2,1,18,0,-6.831,-78.769,1.947
2012-05-04-15_11_38.944,2,1,18,0,-6.772,-78.704,1.947
2012-05-04-15_11_38.944,2,2,18,0,-15.700,-78.708,1.447
2012-05-04-15_11_38.945,2,2,18,0,-15.777,-78.685,1.447
2012-05-04-15_11_38.945,2,2,18,0,-15.721,-78.638,1.447
2012-05-04-15_11_38.946,2,3,18,0,-24.722,-78.790,1.847
2012-05-04-15_11_38.946,2,3,18,0,-24.694,-78.701,1.847
2012-05-04-15_11_38.947,2,3,18,0,-24.800,-78.767,1.847
2012-05-04-15_11_38.947,2,4,18,0,-33.718,-78.792,1.247
2012-05-04-15_11_38.948,2,4,18,0,-33.691,-78.703,1.347
2012-05-04-15_11_38.948,2,4,18,0,-33.796,-78.769,1.247
2012-05-04-15_11_38.948,2,5,18,0,-42.734,-78.789,1.747
2012-05-04-15_11_38.949,2,5,18,0,-42.684,-78.837,1.747
2012-05-04-15_11_38.949,2,5,18,0,-42.783,-78.808,1.747
2012-05-04-15_11_38.950,2,6,18,0,-51.764,-78.853,1.747
2012-05-04-15_11_38.950,2,6,18,0,-51.736,-78.764,1.747
2012-05-04-15_11_38.951,2,6,18,0,-51.685,-78.812,1.747
2012-05-04-15_11_38.951,2,7,18,0,-60.658,-78.789,2.447
2012-05-04-15_11_38.952,2,7,18,0,-60.736,-78.766,2.447
2012-05-04-15_11_38.952,2,7,18,0,-60.680,-78.719,2.447
2012-05-04-15_11_38.953,2,0,18,1,-2.192,-78.787,2.157
2012-05-04-15_11_38.953,2,0,18,1,-2.167,-78.688,2.057
2012-05-04-15_11_38.954,2,0,18,1,-2.270,-78.766,2.057
2012-05-04-15_11_38.954,2,1,18,1,-11.212,-78.787,1.957
2012-05-04-15_11_38.955,2,1,18,1,-11.341,-78.720,1.957
2012-05-04-15_11_38.955,2,1,18,1,-11.234,-78.703,1.957
2012-05-04-15_11_38.956,2,2,18,1,-20.157,-78.717,1.457
2012-05-04-15_11_38.956,2,2,18,1,-20.235,-78.696,1.457
2012-05-04-15_11_38.957,2,2,18,1,-20.242,-78.693,1.457
2012-05-04-15_11_38.957,2,3,18,1,-29.179,-78.800,1.657
2012-05-04-15_11_38.958,2,3,18,1,-29.154,-78.700,1.857
2012-05-04-15_11_38.958,2,3,18,1,-29.257,-78.778,1.857
2012-05-04-15_11_38.959,2,4,18,1,-38.175,-78.801,1.357
2012-05-04-15_11_38.959,2,4,18,1,-38.150,-78.702,1.357
2012-05-04-15_11_38.959,2,4,18,1,-38.253,-78.780,1.357
2012-05-04-15_11_38.960,2,5,18,1,-47.194,-78.788,1.857
2012-05-04-15_11_38.960,2,5,18,1,-47.282,-78.764,1.757
2012-05-04-15_11_38.961,2,5,18,1,-47.250,-78.793,1.757
2012-05-04-15_11_38.961,2,6,18,1,-56.221,-78.862,1.757
2012-05-04-15_11_38.962,2,6,18,1,-56.196,-78.763,1.757
2012-05-04-15_11_38.962,2,6,18,1,-56.299,-78.840,1.757
2012-05-04-15_11_38.963,2,7,18,1,-65.193,-78.777,2.557
2012-05-04-15_11_38.963,2,7,18,1,-65.201,-78.774,2.557
2012-05-04-15_11_38.964,2,7,18,1,-65.178,-78.675,2.557
2012-05-04-15_11_38.964,2,0,19,0,2.265,-83.281,2.162
2012-05-04-15_11_38.965,2,0,19,0,2.295,-83.195,2.162
2012-05-04-15_11_38.966,2,0,19,0,2.189,-83.254,2.062
2012-05-04-15_11_38.967,2,1,19,0,-6.751,-83.289,2.062
2012-05-04-15_11_38.967,2,1,19,0,-6.831,-83.268,2.062
2012-05-04-15_11_38.968,2,1,19,0,-6.770,-83.210,2.062
2012-05-04-15_11_38.968,2,2,19,0,-15.700,-83.211,1.562
2012-05-04-15_11_38.969,2,2,19,0,-15.775,-83.184,1.462
2012-05-04-15_11_38.969,2,2,19,0,-15.721,-83.141,1.562
2012-05-04-15_11_38.970,2,3,19,0,-24.722,-83.293,1.862
2012-05-04-15_11_38.970,2,3,19,0,-24.692,-83.207,1.862
2012-05-04-15_11_38.971,2,3,19,0,-24.798,-83.266,1.862
2012-05-04-15_11_38.971,2,4,19,0,-33.719,-83.295,1.362
2012-05-04-15_11_38.971,2,4,19,0,-33.689,-83.209,1.262
2012-05-04-15_11_38.972,2,4,19,0,-33.794,-83.268,1.362
2012-05-04-15_11_38.972,2,5,19,0,-42.732,-83.295,1.762
2012-05-04-15_11_38.973,2,5,19,0,-42.684,-83.336,1.762
2012-05-04-15_11_38.973,2,5,19,0,-42.784,-83.311,1.662
2012-05-04-15_11_38.974,2,6,19,0,-51.764,-83.356,1.762
2012-05-04-15_11_38.974,2,6,19,0,-51.734,-83.270,1.762
2012-05-04-15_11_38.975,2,6,19,0,-51.840,-83.328,1.662
2012-05-04-15_11_38.975,2,7,19,0,-60.659,-83.292,2.562
2012-05-04-15_11_38.976,2,7,19,0,-60.734,-83.264,2.462
2012-05-04-15_11_38.976,2,7,19,0,-60.680,-83.222,2.462
2012-05-04-15_11_38.977,2,0,19,1,-2.192,-83.293,2.171
2012-05-04-15_11_38.977,2,0,19,1,-2.165,-83.194,2.071
2012-05-04-15_11_38.978,2,0,19,1,-2.268,-83.267,2.171
2012-05-04-15_11_38.978,2,1,19,1,-11.213,-83.289,1.871
2012-05-04-15_11_38.979,2,1,19,1,-11.339,-83.226,1.871
2012-05-04-15_11_38.979,2,1,19,1,-11.237,-83.209,1.871
2012-05-04-15_11_38.980,2,2,19,1,-20.157,-83.223,1.571
2012-05-04-15_11_38.980,2,2,19,1,-20.233,-83.197,1.571
2012-05-04-15_11_38.981,2,2,19,1,-20.240,-83.195,1.571
2012-05-04-15_11_38.981,2,3,19,1,-29.179,-83.305,1.871
2012-05-04-15_11_38.982,2,3,19,1,-29.152,-83.207,1.871
2012-05-04-15_11_38.982,2,3,19,1,-29.255,-83.279,1.871
2012-05-04-15_11_38.983,2,4,19,1,-38.176,-83.307,1.371
2012-05-04-15_11_38.984,2,4,19,1,-38.148,-83.208,1.371
2012-05-04-15_11_38.985,2,4,19,1,-38.251,-83.281,1.371
2012-05-04-15_11_38.985,2,5,19,1,-47.192,-83.294,1.771
2012-05-04-15_11_38.986,2,5,19,1,-47.282,-83.268,1.771
2012-05-04-15_11_38.986,2,5,19,1,-47.251,-83.299,1.771
2012-05-04-15_11_38.987,2,6,19,1,-56.194,-83.269,1.771
2012-05-04-15_11_38.987,2,6,19,1,-56.297,-83.341,1.771
2012-05-04-15_11_38.988,2,6,19,1,-56.304,-83.340,1.771
2012-05-04-15_11_38.988,2,7,19,1,-65.191,-83.278,2.571
2012-05-04-15_11_38.989,2,7,19,1,-65.199,-83.276,2.571
2012-05-04-15_11_38.989,2,7,19,1,-65.179,-83.179,2.571
2012-05-04-15_11_38.990,2,0,20,0,2.267,-87.783,2.176
2012-05-04-15_11_38.990,2,0,20,0,2.294,-87.696,2.076
2012-05-04-15_11_38.991,2,0,20,0,2.187,-87.755,2.076
2012-05-04-15_11_38.991,2,1,20,0,-6.754,-87.793,1.976
2012-05-04-15_11_38.991,2,1,20,0,-6.829,-87.767,1.976
2012-05-04-15_11_38.992,2,1,20,0,-6.770,-87.715,1.976
2012-05-04-15_11_38.993,2,2,20,0,-15.698,-87.713,1.576
2012-05-04-15_11_38.993,2,2,20,0,-15.778,-87.685,1.576
2012-05-04-15_11_38.994,2,2,20,0,-15.719,-87.639,1.476
2012-05-04-15_11_38.994,2,3,20,0,-24.720,-87.795,1.876
2012-05-04-15_11_38.995,2,3,20,0,-24.693,-87.708,1.876
2012-05-04-15_11_38.995,2,3,20,0,-24.800,-87.767,1.876
2012-05-04-15_11_38.996,2,4,20,0,-33.717,-87.797,1.276
2012-05-04-15_11_38.996,2,4,20,0,-33.689,-87.710,1.276
2012-05-04-15_11_38.997,2,4,20,0,-33.797,-87.769,1.276
2012-05-04-15_11_38.997,2,5,20,0,-42.733,-87.796,1.676
2012-05-04-15_11_38.997,2,5,20,0,-42.682,-87.835,1.676
2012-05-04-15_11_38.999,2,5,20,0,-42.782,-87.809,1.676
2012-05-04-15_11_38.999,2,6,20,0,-51.762,-87.858,1.776
2012-05-04-15_11_39.000,2,6,20,0,-51.735,-87.771,1.776
2012-05-04-15_11_39.000,2,6,20,0,-51.684,-87.810,1.676
2012-05-04-15_11_39.001,2,7,20,0,-60.657,-87.794,2.476
2012-05-04-15_11_39.001,2,7,20,0,-60.737,-87.766,2.476
2012-05-04-15_11_39.002,2,7,20,0,-60.678,-87.720,2.476
2012-05-04-15_11_39.002,2,0,20,1,-2.190,-87.791,2.185
2012-05-04-15_11_39.003,2,0,20,1,-2.168,-87.696,2.085
2012-05-04-15_11_39.003,2,0,20,1,-2.268,-87.769,2.085
2012-05-04-15_11_39.004,2,1,20,1,-11.213,-87.793,2.085
2012-05-04-15_11_39.004,2,1,20,1,-11.342,-87.728,1.985
2012-05-04-15_11_39.004,2,1,20,1,-11.237,-87.714,2.085
2012-05-04-15_11_39.005,2,2,20,1,-20.155,-87.721,1.585
2012-05-04-15_11_39.005,2,2,20,1,-20.233,-87.699,1.585
2012-05-04-15_11_39.006,2,2,20,1,-20.240,-87.698,1.585
2012-05-04-15_11_39.006,2,3,20,1,-29.177,-87.803,1.885
2012-05-04-15_11_39.007,2,3,20,1,-29.155,-87.708,1.885
2012-05-04-15_11_39.007,2,3,20,1,-29.255,-87.781,1.885
2012-05-04-15_11_39.008,2,4,20,1,-38.174,-87.805,1.385
2012-05-04-15_11_39.008,2,4,20,1,-38.151,-87.710,1.385
2012-05-04-15_11_39.009,2,4,20,1,-38.252,-87.783,1.385
2012-05-04-15_11_39.009,2,5,20,1,-47.195,-87.796,1.785
2012-05-04-15_11_39.009,2,5,20,1,-47.280,-87.774,1.785
2012-05-04-15_11_39.010,2,5,20,1,-47.249,-87.798,1.785
2012-05-04-15_11_39.010,2,6,20,1,-56.219,-87.866,1.785
2012-05-04-15_11_39.011,2,6,20,1,-56.197,-87.770,1.785
2012-05-04-15_11_39.011,2,6,20,1,-56.297,-87.844,1.785
2012-05-04-15_11_39.012,2,7,20,1,-65.192,-87.780,2.585
2012-05-04-15_11_39.012,2,7,20,1,-65.199,-87.779,2.585
2012-05-04-15_11_39.013,2,7,20,1,-65.177,-87.685,2.585
2012-05-04-15_11_39.013,2,0,21,0,2.269,-92.283,2.193
2012-05-04-15_11_39.014,2,0,21,0,2.296,-92.190,2.193
2012-05-04-15_11_39.014,2,0,21,0,2.186,-92.258,2.193
2012-05-04-15_11_39.015,2,1,21,0,-6.754,-92.295,1.993
2012-05-04-15_11_39.015,2,1,21,0,-6.829,-92.268,1.993
2012-05-04-15_11_39.016,2,1,21,0,-6.773,-92.209,1.993
2012-05-04-15_11_39.016,2,2,21,0,-15.696,-92.213,1.493
2012-05-04-15_11_39.017,2,2,21,0,-15.779,-92.188,1.493
2012-05-04-15_11_39.017,2,2,21,0,-15.754,-92.197,1.493
2012-05-04-15_11_39.018,2,3,21,0,-24.718,-92.295,1.893
2012-05-04-15_11_39.018,2,3,21,0,-24.691,-92.202,1.893
2012-05-04-15_11_39.019,2,3,21,0,-24.801,-92.270,1.893
2012-05-04-15_11_39.019,2,4,21,0,-33.715,-92.297,1.393
2012-05-04-15_11_39.020,2,4,21,0,-33.687,-92.204,1.293
2012-05-04-15_11_39.020,2,4,21,0,-33.797,-92.272,1.293
2012-05-04-15_11_39.021,2,5,21,0,-42.731,-92.290,1.793
2012-05-04-15_11_39.021,2,5,21,0,-42.682,-92.336,1.793
2012-05-04-15_11_39.021,2,5,21,0,-42.780,-92.304,1.693
2012-05-04-15_11_39.022,2,6,21,0,-51.760,-92.357,1.693
2012-05-04-15_11_39.023,2,6,21,0,-51.733,-92.264,1.693
2012-05-04-15_11_39.023,2,6,21,0,-51.684,-92.311,1.693
2012-05-04-15_11_39.024,2,7,21,0,-60.655,-92.293,2.393
2012-05-04-15_11_39.024,2,7,21,0,-60.737,-92.269,2.393
2012-05-04-15_11_39.025,2,7,21,0,-60.676,-92.215,2.493
2012-05-04-15_11_39.025,2,0,21,1,-2.191,-92.290,2.204
2012-05-04-15_11_39.025,2,0,21,1,-2.166,-92.190,2.104
2012-05-04-15_11_39.026,2,0,21,1,-2.266,-92.270,2.204
2012-05-04-15_11_39.026,2,1,21,1,-11.214,-92.296,2.104
2012-05-04-15_11_39.027,2,1,21,1,-11.340,-92.222,2.104
2012-05-04-15_11_39.027,2,1,21,1,-11.235,-92.209,2.104
2012-05-04-15_11_39.028,2,2,21,1,-20.156,-92.220,1.604
2012-05-04-15_11_39.028,2,2,21,1,-20.231,-92.200,1.604
2012-05-04-15_11_39.030,2,2,21,1,-20.238,-92.199,1.604
2012-05-04-15_11_39.030,2,3,21,1,-29.178,-92.302,1.804
2012-05-04-15_11_39.031,2,3,21,1,-29.153,-92.202,1.904
2012-05-04-15_11_39.031,2,3,21,1,-29.253,-92.283,1.904
2012-05-04-15_11_39.032,2,4,21,1,-38.174,-92.304,1.404
2012-05-04-15_11_39.032,2,4,21,1,-38.149,-92.204,1.404
2012-05-04-15_11_39.033,2,4,21,1,-38.250,-92.284,1.404
2012-05-04-15_11_39.033,2,5,21,1,-47.193,-92.290,1.804
2012-05-04-15_11_39.034,2,5,21,1,-47.278,-92.270,1.804
2012-05-04-15_11_39.034,2,5,21,1,-47.249,-92.292,1.804
2012-05-04-15_11_39.035,2,6,21,1,-56.220,-92.364,1.704
2012-05-04-15_11_39.037,2,6,21,1,-56.195,-92.264,1.704
2012-05-04-15_11_39.037,2,6,21,1,-56.295,-92.345,1.704
2012-05-04-15_11_39.038,2,7,21,1,-65.190,-92.281,2.304
2012-05-04-15_11_39.038,2,7,21,1,-65.197,-92.280,2.304
2012-05-04-15_11_39.039,2,7,21,1,-65.174,-92.180,2.604
2012-05-04-15_11_39.039,2,0,22,0,2.256,-96.779,2.112
2012-05-04-15_11_39.040,2,0,22,0,2.296,-96.690,2.112
2012-05-04-15_11_39.040,2,0,22,0,2.188,-96.758,2.112
2012-05-04-15_11_39.041,2,1,22,0,-6.754,-96.794,2.012
2012-05-04-15_11_39.041,2,1,22,0,-6.832,-96.773,2.012
2012-05-04-15_11_39.042,2,1,22,0,-6.776,-96.707,2.012
2012-05-04-15_11_39.042,2,2,22,0,-15.709,-96.709,1.412
2012-05-04-15_11_39.043,2,2,22,0,-15.777,-96.688,1.512
2012-05-04-15_11_39.043,2,2,22,0,-15.718,-96.638,1.412
2012-05-04-15_11_39.044,2,3,22,0,-24.731,-96.791,1.912
2012-05-04-15_11_39.044,2,3,22,0,-24.691,-96.702,1.912
2012-05-04-15_11_39.044,2,3,22,0,-24.799,-96.770,1.912
2012-05-04-15_11_39.045,2,4,22,0,-33.727,-96.793,1.212
2012-05-04-15_11_39.045,2,4,22,0,-33.687,-96.704,1.312
2012-05-04-15_11_39.046,2,4,22,0,-33.795,-96.772,1.312
2012-05-04-15_11_39.046,2,5,22,0,-42.731,-96.790,1.712
2012-05-04-15_11_39.047,2,5,22,0,-42.685,-96.841,1.712
2012-05-04-15_11_39.047,2,5,22,0,-42.780,-96.808,1.712
2012-05-04-15_11_39.048,2,6,22,0,-51.773,-96.854,1.712
2012-05-04-15_11_39.048,2,6,22,0,-51.733,-96.765,1.712
2012-05-04-15_11_39.049,2,6,22,0,-51.687,-96.816,1.712
2012-05-04-15_11_39.049,2,7,22,0,-60.667,-96.790,2.512
2012-05-04-15_11_39.050,2,7,22,0,-60.735,-96.769,2.412
2012-05-04-15_11_39.050,2,7,22,0,-60.677,-96.719,2.412
2012-05-04-15_11_39.050,2,0,22,1,-2.191,-96.786,2.219
2012-05-04-15_11_39.051,2,0,22,1,-2.168,-96.690,2.119
2012-05-04-15_11_39.051,2,0,22,1,-2.262,-96.768,2.119
2012-05-04-15_11_39.052,2,1,22,1,-11.214,-96.793,2.019
2012-05-04-15_11_39.052,2,1,22,1,-11.343,-96.721,2.019
2012-05-04-15_11_39.053,2,1,22,1,-11.235,-96.707,2.019
2012-05-04-15_11_39.053,2,2,22,1,-20.156,-96.716,1.619
2012-05-04-15_11_39.054,2,2,22,1,-20.227,-96.698,1.519
2012-05-04-15_11_39.054,2,2,22,1,-20.234,-96.697,1.619
2012-05-04-15_11_39.055,2,3,22,1,-29.178,-96.799,1.619
2012-05-04-15_11_39.055,2,3,22,1,-29.155,-96.702,1.919
2012-05-04-15_11_39.056,2,3,22,1,-29.249,-96.780,1.719
2012-05-04-15_11_39.056,2,4,22,1,-38.175,-96.800,1.319
2012-05-04-15_11_39.057,2,4,22,1,-38.152,-96.704,1.319
2012-05-04-15_11_39.057,2,4,22,1,-38.245,-96.782,1.319
2012-05-04-15_11_39.058,2,5,22,1,-47.196,-96.790,1.819
2012-05-04-15_11_39.058,2,5,22,1,-47.279,-96.767,1.819
2012-05-04-15_11_39.059,2,5,22,1,-47.249,-96.792,1.819
2012-05-04-15_11_39.059,2,6,22,1,-56.220,-96.861,1.719
2012-05-04-15_11_39.060,2,6,22,1,-56.197,-96.764,1.719
2012-05-04-15_11_39.060,2,6,22,1,-56.291,-96.843,1.719
2012-05-04-15_11_39.061,2,7,22,1,-65.185,-96.779,2.219
2012-05-04-15_11_39.061,2,7,22,1,-65.193,-96.778,2.319
2012-05-04-15_11_39.063,2,7,22,1,-65.175,-96.678,2.619
2012-05-04-15_11_39.063,2,0,23,0,2.271,-101.278,2.126
2012-05-04-15_11_39.064,2,0,23,0,2.296,-101.190,2.126
2012-05-04-15_11_39.064,2,0,23,0,2.188,-101.254,2.126
2012-05-04-15_11_39.065,2,1,23,0,-6.757,-101.289,1.926
2012-05-04-15_11_39.065,2,1,23,0,-6.830,-101.269,1.926
2012-05-04-15_11_39.065,2,1,23,0,-6.776,-101.204,1.926
2012-05-04-15_11_39.066,2,2,23,0,-15.694,-101.208,1.426
2012-05-04-15_11_39.066,2,2,23,0,-15.777,-101.184,1.326
2012-05-04-15_11_39.067,2,2,23,0,-15.716,-101.139,1.426
2012-05-04-15_11_39.067,2,3,23,0,-24.716,-101.290,1.826
2012-05-04-15_11_39.068,2,3,23,0,-24.691,-101.202,1.826
2012-05-04-15_11_39.068,2,3,23,0,-24.799,-101.267,1.826
2012-05-04-15_11_39.069,2,4,23,0,-33.713,-101.292,1.226
2012-05-04-15_11_39.069,2,4,23,0,-33.688,-101.204,1.226
2012-05-04-15_11_39.070,2,4,23,0,-33.796,-101.268,1.226
2012-05-04-15_11_39.070,2,5,23,0,-42.732,-101.290,1.726
2012-05-04-15_11_39.071,2,5,23,0,-42.683,-101.338,1.726
2012-05-04-15_11_39.071,2,5,23,0,-42.778,-101.309,1.726
2012-05-04-15_11_39.072,2,6,23,0,-51.758,-101.353,1.626
2012-05-04-15_11_39.072,2,6,23,0,-51.733,-101.264,1.626
2012-05-04-15_11_39.073,2,6,23,0,-51.685,-101.312,1.726
2012-05-04-15_11_39.073,2,7,23,0,-60.653,-101.289,2.426
2012-05-04-15_11_39.074,2,7,23,0,-60.736,-101.265,2.326
2012-05-04-15_11_39.074,2,7,23,0,-60.675,-101.220,2.426
2012-05-04-15_11_39.075,2,0,23,1,-2.179,-101.276,2.126
2012-05-04-15_11_39.075,2,0,23,1,-2.166,-101.189,2.126
2012-05-04-15_11_39.075,2,0,23,1,-2.260,-101.265,2.126
2012-05-04-15_11_39.076,2,1,23,1,-11.354,-101.308,2.026
2012-05-04-15_11_39.077,2,1,23,1,-11.341,-101.221,2.026
2012-05-04-15_11_39.077,2,1,23,1,-11.236,-101.204,1.926
2012-05-04-15_11_39.078,2,2,23,1,-20.144,-101.206,1.526
2012-05-04-15_11_39.078,2,2,23,1,-20.225,-101.195,1.526
2012-05-04-15_11_39.079,2,2,23,1,-20.234,-101.194,1.526
2012-05-04-15_11_39.079,2,3,23,1,-29.166,-101.289,1.826
2012-05-04-15_11_39.080,2,3,23,1,-29.153,-101.202,1.826
2012-05-04-15_11_39.080,2,3,23,1,-29.247,-101.277,1.826
2012-05-04-15_11_39.080,2,4,23,1,-38.163,-101.290,1.326
2012-05-04-15_11_39.081,2,4,23,1,-38.150,-101.203,1.326
2012-05-04-15_11_39.081,2,4,23,1,-38.243,-101.279,1.326
2012-05-04-15_11_39.082,2,5,23,1,-47.194,-101.289,1.826
2012-05-04-15_11_39.082,2,5,23,1,-47.277,-101.265,1.726
2012-05-04-15_11_39.083,2,5,23,1,-47.247,-101.292,1.826
2012-05-04-15_11_39.083,2,6,23,1,-56.208,-101.351,1.726
2012-05-04-15_11_39.084,2,6,23,1,-56.195,-101.264,1.726
2012-05-04-15_11_39.084,2,6,23,1,-56.289,-101.339,1.726
2012-05-04-15_11_39.085,2,7,23,1,-65.183,-101.276,2.326
2012-05-04-15_11_39.085,2,7,23,1,-65.193,-101.275,2.226
2012-05-04-15_11_39.087,2,7,23,1,-65.173,-101.176,2.326
