2012-05-05-09_22_09.039,297,0,0,0,2.256,2.217,1.665
2012-05-05-09_22_09.041,297,0,0,0,2.293,2.304,1.664
2012-05-05-09_22_09.042,297,0,0,0,2.193,2.246,1.564
2012-05-05-09_22_09.044,297,1,0,0,-6.755,2.207,2.165
2012-05-05-09_22_09.046,297,1,0,0,-6.830,2.233,2.164
2012-05-05-09_22_09.047,297,1,0,0,-6.774,2.285,2.164
2012-05-05-09_22_09.065,297,2,0,0,-15.709,2.287,1.765
2012-05-05-09_22_09.067,297,2,0,0,-15.772,2.316,1.764
2012-05-05-09_22_09.069,297,2,0,0,-15.713,2.361,1.664
2012-05-05-09_22_09.070,297,3,0,0,-24.731,2.205,2.565
2012-05-05-09_22_09.071,297,3,0,0,-24.694,2.292,2.564
2012-05-05-09_22_09.071,297,3,0,0,-24.794,2.234,2.564
2012-05-05-09_22_09.072,297,4,0,0,-33.728,2.203,1.565
2012-05-05-09_22_09.073,297,4,0,0,-33.690,2.290,1.664
2012-05-05-09_22_09.074,297,4,0,0,-33.791,2.232,1.564
2012-05-05-09_22_09.075,297,5,0,0,-42.734,2.204,1.864
2012-05-05-09_22_09.075,297,5,0,0,-42.683,2.165,1.764
2012-05-05-09_22_09.076,297,5,0,0,-42.776,2.191,1.864
2012-05-05-09_22_09.077,297,6,0,0,-51.773,2.142,1.365
2012-05-05-09_22_09.077,297,6,0,0,-51.736,2.230,1.264
2012-05-05-09_22_09.078,297,6,0,0,-51.836,2.172,1.164
2012-05-05-09_22_09.079,297,7,0,0,-60.668,2.206,3.165
2012-05-05-09_22_09.079,297,7,0,0,-60.731,2.235,3.164
2012-05-05-09_22_09.080,297,7,0,0,-60.672,2.280,2.364
2012-05-05-09_22_09.081,297,0,0,1,-2.189,2.209,2.165
2012-05-05-09_22_09.081,297,0,0,1,-2.164,2.304,2.165
2012-05-05-09_22_09.082,297,0,0,1,-2.257,2.232,2.165
2012-05-05-09_22_09.082,297,1,0,1,-11.202,2.207,2.365
2012-05-05-09_22_09.083,297,1,0,1,-11.339,2.272,2.365
2012-05-05-09_22_09.083,297,1,0,1,-11.226,2.285,2.365
2012-05-05-09_22_09.084,297,2,0,1,-20.154,2.279,1.765
2012-05-05-09_22_09.085,297,2,0,1,-20.222,2.302,1.765
2012-05-05-09_22_09.086,297,2,0,1,-20.227,2.303,1.765
2012-05-05-09_22_09.102,297,3,0,1,-29.176,2.197,2.865
2012-05-05-09_22_09.103,297,3,0,1,-29.151,2.292,2.865
2012-05-05-09_22_09.103,297,3,0,1,-29.244,2.220,2.865
2012-05-05-09_22_09.104,297,4,0,1,-38.173,2.195,2.465
2012-05-05-09_22_09.104,297,4,0,1,-38.148,2.290,2.465
2012-05-05-09_22_09.105,297,4,0,1,-38.241,2.218,2.465
2012-05-05-09_22_09.106,297,5,0,1,-47.191,2.204,0.965
2012-05-05-09_22_09.106,297,5,0,1,-47.274,2.226,1.065
2012-05-05-09_22_09.107,297,5,0,1,-47.245,2.203,0.965
2012-05-05-09_22_09.108,297,6,0,1,-56.193,2.230,1.965
2012-05-05-09_22_09.108,297,6,0,1,-56.286,2.158,1.965
2012-05-05-09_22_09.109,297,6,0,1,-56.291,2.158,1.965
2012-05-05-09_22_09.110,297,7,0,1,-65.181,2.221,1.665
2012-05-05-09_22_09.111,297,7,0,1,-65.186,2.222,1.665
2012-05-05-09_22_09.111,297,7,0,1,-65.171,2.315,1.765
2012-05-05-09_22_09.112,297,0,1,0,2.270,-2.284,2.578
2012-05-05-09_22_09.114,297,0,1,0,2.298,-2.190,1.778
2012-05-05-09_22_09.115,297,0,1,0,2.197,-2.258,1.778
2012-05-05-09_22_09.116,297,1,1,0,-6.750,-2.295,1.578
2012-05-05-09_22_09.117,297,1,1,0,-6.828,-2.268,1.578
2012-05-05-09_22_09.118,297,1,1,0,-6.769,-2.209,1.578
2012-05-05-09_22_09.119,297,2,1,0,-15.695,-2.213,0.878
2012-05-05-09_22_09.120,297,2,1,0,-15.768,-2.188,0.878
2012-05-05-09_22_09.121,297,2,1,0,-15.746,-2.198,0.878
2012-05-05-09_22_09.122,297,3,1,0,-24.717,-2.296,1.078
2012-05-05-09_22_09.123,297,3,1,0,-24.689,-2.202,1.278
2012-05-05-09_22_09.124,297,3,1,0,-24.790,-2.270,1.278
2012-05-05-09_22_09.125,297,4,1,0,-33.713,-2.298,0.578
2012-05-05-09_22_09.126,297,4,1,0,-33.686,-2.204,0.478
2012-05-05-09_22_09.127,297,4,1,0,-33.786,-2.272,0.478
2012-05-05-09_22_09.128,297,5,1,0,-42.730,-2.290,1.078
2012-05-05-09_22_09.129,297,5,1,0,-42.681,-2.336,1.178
2012-05-05-09_22_09.130,297,5,1,0,-42.774,-2.304,1.178
2012-05-05-09_22_09.130,297,6,1,0,-51.759,-2.358,0.878
2012-05-05-09_22_09.131,297,6,1,0,-51.731,-2.264,0.878
2012-05-05-09_22_09.132,297,6,1,0,-51.832,-2.333,0.878
2012-05-05-09_22_09.143,297,7,1,0,-60.654,-2.294,1.578
2012-05-05-09_22_09.144,297,7,1,0,-60.727,-2.269,1.578
2012-05-05-09_22_09.145,297,7,1,0,-60.670,-2.215,1.678
2012-05-05-09_22_09.146,297,0,1,1,-2.190,-2.289,1.188
2012-05-05-09_22_09.147,297,0,1,1,-2.164,-2.190,1.188
2012-05-05-09_22_09.148,297,0,1,1,-2.260,-2.271,1.188
2012-05-05-09_22_09.149,297,1,1,1,-11.203,-2.295,1.188
2012-05-05-09_22_09.149,297,1,1,1,-11.339,-2.221,1.288
2012-05-05-09_22_09.150,297,1,1,1,-11.227,-2.209,1.288
2012-05-05-09_22_09.151,297,2,1,1,-20.154,-2.219,0.788
2012-05-05-09_22_09.152,297,2,1,1,-20.225,-2.201,0.788
2012-05-05-09_22_09.153,297,2,1,1,-20.232,-2.200,0.788
2012-05-05-09_22_09.154,297,3,1,1,-29.177,-2.301,0.988
2012-05-05-09_22_09.155,297,3,1,1,-29.151,-2.202,0.988
2012-05-05-09_22_09.156,297,3,1,1,-29.247,-2.283,0.988
2012-05-05-09_22_09.157,297,4,1,1,-38.173,-2.303,0.788
2012-05-05-09_22_09.159,297,4,1,1,-38.148,-2.204,0.788
2012-05-05-09_22_09.160,297,4,1,1,-38.244,-2.285,0.688
2012-05-05-09_22_09.160,297,5,1,1,-47.192,-2.289,0.988
2012-05-05-09_22_09.162,297,5,1,1,-47.277,-2.269,0.988
2012-05-05-09_22_09.162,297,5,1,1,-47.248,-2.292,0.988
2012-05-05-09_22_09.163,297,6,1,1,-56.219,-2.364,0.988
2012-05-05-09_22_09.164,297,6,1,1,-56.193,-2.264,0.988
2012-05-05-09_22_09.165,297,6,1,1,-56.289,-2.345,0.988
2012-05-05-09_22_09.166,297,7,1,1,-65.184,-2.282,1.688
2012-05-05-09_22_09.168,297,7,1,1,-65.191,-2.281,1.588
2012-05-05-09_22_09.169,297,7,1,1,-65.173,-2.180,1.688
2012-05-05-09_22_09.170,297,0,2,0,2.260,-6.781,1.802
2012-05-05-09_22_09.171,297,0,2,0,2.295,-6.689,1.802
2012-05-05-09_22_09.172,297,0,2,0,2.197,-6.759,1.802
2012-05-05-09_22_09.173,297,1,2,0,-6.748,-6.793,1.702
2012-05-05-09_22_09.173,297,1,2,0,-6.829,-6.773,1.702
2012-05-05-09_22_09.174,297,1,2,0,-6.770,-6.706,1.702
2012-05-05-09_22_09.176,297,2,2,0,-15.705,-6.710,1.002
2012-05-05-09_22_09.177,297,2,2,0,-15.768,-6.689,1.002
2012-05-05-09_22_09.178,297,2,2,0,-15.712,-6.638,0.902
2012-05-05-09_22_09.179,297,3,2,0,-24.727,-6.793,1.402
2012-05-05-09_22_09.180,297,3,2,0,-24.692,-6.701,1.402
2012-05-05-09_22_09.181,297,3,2,0,-24.790,-6.771,1.402
2012-05-05-09_22_09.182,297,4,2,0,-33.724,-6.795,0.802
2012-05-05-09_22_09.183,297,4,2,0,-33.689,-6.703,0.802
2012-05-05-09_22_09.183,297,4,2,0,-33.787,-6.773,0.802
2012-05-05-09_22_09.184,297,5,2,0,-42.733,-6.789,1.002
2012-05-05-09_22_09.185,297,5,2,0,-42.682,-6.841,1.002
2012-05-05-09_22_09.186,297,5,2,0,-42.774,-6.808,1.002
2012-05-05-09_22_09.187,297,6,2,0,-51.769,-6.855,1.002
2012-05-05-09_22_09.188,297,6,2,0,-51.734,-6.764,1.102
2012-05-05-09_22_09.189,297,6,2,0,-51.832,-6.833,1.102
2012-05-05-09_22_09.191,297,7,2,0,-60.664,-6.791,1.702
2012-05-05-09_22_09.191,297,7,2,0,-60.727,-6.769,1.702
2012-05-05-09_22_09.192,297,7,2,0,-60.671,-6.718,1.702
2012-05-05-09_22_09.193,297,0,2,1,-2.190,-6.786,1.810
2012-05-05-09_22_09.194,297,0,2,1,-2.162,-6.689,1.710
2012-05-05-09_22_09.195,297,0,2,1,-2.263,-6.768,8.110
2012-05-05-09_22_09.196,297,1,2,1,-11.203,-6.793,1.610
2012-05-05-09_22_09.197,297,1,2,1,-11.337,-6.721,1.710
2012-05-05-09_22_09.198,297,1,2,1,-11.227,-6.706,1.610
2012-05-05-09_22_09.199,297,2,2,1,-20.155,-6.716,1.010
2012-05-05-09_22_09.200,297,2,2,1,-20.228,-6.698,2.310
2012-05-05-09_22_09.201,297,2,2,1,-20.235,-6.697,0.910
2012-05-05-09_22_09.202,297,3,2,1,-29.177,-6.798,1.110
2012-05-05-09_22_09.203,297,3,2,1,-29.149,-6.701,1.110
2012-05-05-09_22_09.205,297,3,2,1,-29.250,-6.780,6.710
2012-05-05-09_22_09.205,297,4,2,1,-38.173,-6.800,0.710
2012-05-05-09_22_09.206,297,4,2,1,-38.146,-6.703,0.710
2012-05-05-09_22_09.207,297,4,2,1,-38.247,-6.782,2.010
2012-05-05-09_22_09.208,297,5,2,1,-47.190,-6.789,1.010
2012-05-05-09_22_09.209,297,5,2,1,-47.277,-6.767,1.010
2012-05-05-09_22_09.211,297,5,2,1,-47.248,-6.791,1.010
2012-05-05-09_22_09.212,297,6,2,1,-56.219,-6.861,1.010
2012-05-05-09_22_09.213,297,6,2,1,-56.191,-6.763,1.010
2012-05-05-09_22_09.214,297,6,2,1,-56.292,-6.843,2.510
2012-05-05-09_22_09.215,297,7,2,1,-65.187,-6.779,5.510
2012-05-05-09_22_09.216,297,7,2,1,-65.194,-6.778,1.610
2012-05-05-09_22_09.218,297,7,2,1,-65.174,-6.678,1.710
2012-05-05-09_22_09.219,297,0,3,0,2.269,-11.279,1.920
2012-05-05-09_22_09.220,297,0,3,0,2.294,-11.191,1.920
2012-05-05-09_22_09.221,297,0,3,0,2.196,-11.254,1.920
2012-05-05-09_22_09.222,297,1,3,0,-6.746,-11.290,1.720
2012-05-05-09_22_09.223,297,1,3,0,-6.829,-11.270,1.720
2012-05-05-09_22_09.224,297,1,3,0,-6.768,-11.206,1.720
2012-05-05-09_22_09.224,297,2,3,0,-15.696,-11.209,1.020
2012-05-05-09_22_09.225,297,2,3,0,-15.769,-11.184,1.020
2012-05-05-09_22_09.226,297,2,3,0,-15.715,-11.140,1.020
2012-05-05-09_22_09.227,297,3,3,0,-24.718,-11.291,1.520
2012-05-05-09_22_09.228,297,3,3,0,-24.693,-11.203,1.520
2012-05-05-09_22_09.229,297,3,3,0,-24.791,-11.267,1.520
2012-05-05-09_22_09.229,297,4,3,0,-33.714,-11.293,0.820
2012-05-05-09_22_09.230,297,4,3,0,-33.689,-11.205,0.820
2012-05-05-09_22_09.231,297,4,3,0,-33.787,-11.268,0.820
2012-05-05-09_22_09.232,297,5,3,0,-42.733,-11.291,1.020
2012-05-05-09_22_09.233,297,5,3,0,-42.682,-11.338,1.020
2012-05-05-09_22_09.234,297,5,3,0,-42.777,-11.310,1.020
2012-05-05-09_22_09.235,297,6,3,0,-51.760,-11.354,1.020
2012-05-05-09_22_09.236,297,6,3,0,-51.735,-11.266,1.120
2012-05-05-09_22_09.237,297,6,3,0,-51.833,-11.329,1.020
2012-05-05-09_22_09.237,297,7,3,0,-60.654,-11.290,1.820
2012-05-05-09_22_09.238,297,7,3,0,-60.727,-11.265,1.820
2012-05-05-09_22_09.239,297,7,3,0,-60.673,-11.221,1.820
2012-05-05-09_22_09.240,297,0,3,1,-2.188,-11.288,2.028
2012-05-05-09_22_09.241,297,0,3,1,-2.160,-11.191,2.027
2012-05-05-09_22_09.242,297,0,3,1,-2.263,-11.265,1.927
2012-05-05-09_22_09.242,297,1,3,1,-11.204,-11.290,1.728
2012-05-05-09_22_09.243,297,1,3,1,-11.335,-11.223,1.727
2012-05-05-09_22_09.244,297,1,3,1,-11.225,-11.205,1.727
2012-05-05-09_22_09.245,297,2,3,1,-20.153,-11.218,1.028
2012-05-05-09_22_09.246,297,2,3,1,-20.228,-11.195,1.027
2012-05-05-09_22_09.248,297,2,3,1,-20.236,-11.194,1.027
2012-05-05-09_22_09.249,297,3,3,1,-29.175,-11.300,1.228
2012-05-05-09_22_09.251,297,3,3,1,-29.147,-11.203,1.227
2012-05-05-09_22_09.252,297,3,3,1,-29.250,-11.277,1.227
2012-05-05-09_22_09.255,297,4,3,1,-38.171,-11.302,0.728
2012-05-05-09_22_09.256,297,4,3,1,-38.144,-11.205,0.827
2012-05-05-09_22_09.257,297,4,3,1,-38.247,-11.279,0.827
2012-05-05-09_22_09.258,297,5,3,1,-47.188,-11.291,1.027
2012-05-05-09_22_09.258,297,5,3,1,-47.278,-11.266,1.027
2012-05-05-09_22_09.259,297,5,3,1,-47.246,-11.291,1.027
2012-05-05-09_22_09.262,297,6,3,1,-56.217,-11.362,1.128
2012-05-05-09_22_09.263,297,6,3,1,-56.189,-11.266,1.127
2012-05-05-09_22_09.264,297,6,3,1,-56.292,-11.339,1.127
2012-05-05-09_22_09.265,297,7,3,1,-65.187,-11.276,1.727
2012-05-05-09_22_09.266,297,7,3,1,-65.194,-11.275,1.627
2012-05-05-09_22_09.267,297,7,3,1,-65.174,-11.177,1.827
2012-05-05-09_22_09.269,297,0,4,0,2.269,-15.782,2.039
2012-05-05-09_22_09.270,297,0,4,0,2.296,-15.697,2.039
2012-05-05-09_22_09.272,297,0,4,0,2.193,-15.753,2.039
2012-05-05-09_22_09.273,297,1,4,0,-6.742,-15.790,1.739
2012-05-05-09_22_09.273,297,1,4,0,-6.827,-15.769,1.739
2012-05-05-09_22_09.274,297,1,4,0,-6.766,-15.712,1.839
2012-05-05-09_22_09.275,297,2,4,0,-15.696,-15.712,1.039
2012-05-05-09_22_09.276,297,2,4,0,-15.772,-15.683,1.139
2012-05-05-09_22_09.277,297,2,4,0,-15.715,-15.642,1.039
2012-05-05-09_22_09.278,297,3,4,0,-24.718,-15.794,1.539
2012-05-05-09_22_09.279,297,3,4,0,-24.691,-15.709,1.539
2012-05-05-09_22_09.280,297,3,4,0,-24.794,-15.765,1.539
2012-05-05-09_22_09.281,297,4,4,0,-33.715,-15.796,0.839
2012-05-05-09_22_09.282,297,4,4,0,-33.687,-15.711,0.839
2012-05-05-09_22_09.283,297,4,4,0,-33.790,-15.767,0.839
2012-05-05-09_22_09.284,297,5,4,0,-42.731,-15.796,1.039
2012-05-05-09_22_09.285,297,5,4,0,-42.680,-15.837,1.139
2012-05-05-09_22_09.286,297,5,4,0,-42.777,-15.812,1.039
2012-05-05-09_22_09.287,297,6,4,0,-51.760,-15.857,1.039
2012-05-05-09_22_09.288,297,6,4,0,-51.733,-15.771,1.139
2012-05-05-09_22_09.290,297,6,4,0,-51.836,-15.828,1.039
2012-05-05-09_22_09.291,297,7,4,0,-60.655,-15.793,1.839
2012-05-05-09_22_09.292,297,7,4,0,-60.730,-15.764,1.839
2012-05-05-09_22_09.293,297,7,4,0,-60.674,-15.723,1.839
2012-05-05-09_22_09.294,297,0,4,1,-2.186,-15.792,2.050
2012-05-05-09_22_09.295,297,0,4,1,-2.161,-15.697,1.950
2012-05-05-09_22_09.296,297,0,4,1,-2.266,-15.765,1.950
2012-05-05-09_22_09.298,297,1,4,1,-11.206,-15.791,1.750
2012-05-05-09_22_09.299,297,1,4,1,-11.335,-15.729,1.750
2012-05-05-09_22_09.300,297,1,4,1,-11.228,-15.711,1.750
2012-05-05-09_22_09.301,297,2,4,1,-20.151,-15.722,1.150
2012-05-05-09_22_09.302,297,2,4,1,-20.231,-15.695,1.050
2012-05-05-09_22_09.303,297,2,4,1,-20.236,-15.695,1.150
2012-05-05-09_22_09.304,297,3,4,1,-29.173,-15.804,1.250
2012-05-05-09_22_09.306,297,3,4,1,-29.148,-15.709,1.250
2012-05-05-09_22_09.306,297,3,4,1,-29.253,-15.777,1.250
2012-05-05-09_22_09.307,297,4,4,1,-38.170,-15.806,0.850
2012-05-05-09_22_09.308,297,4,4,1,-38.144,-15.711,0.750
2012-05-05-09_22_09.309,297,4,4,1,-38.250,-15.779,0.850
2012-05-05-09_22_09.310,297,5,4,1,-47.188,-15.797,1.150
2012-05-05-09_22_09.311,297,5,4,1,-47.278,-15.771,1.150
2012-05-05-09_22_09.312,297,5,4,1,-47.247,-15.798,1.150
2012-05-05-09_22_09.313,297,6,4,1,-56.190,-15.772,1.150
2012-05-05-09_22_09.314,297,6,4,1,-56.295,-15.840,1.150
2012-05-05-09_22_09.315,297,6,4,1,-56.300,-15.840,1.150
2012-05-05-09_22_09.316,297,7,4,1,-65.190,-15.776,1.750
2012-05-05-09_22_09.317,297,7,4,1,-65.195,-15.776,1.750
2012-05-05-09_22_09.318,297,7,4,1,-65.175,-15.682,1.850
2012-05-05-09_22_09.319,297,0,5,0,2.266,-20.282,2.064
2012-05-05-09_22_09.320,297,0,5,0,2.296,-20.197,2.064
2012-05-05-09_22_09.321,297,0,5,0,2.190,-20.253,2.064
2012-05-05-09_22_09.322,297,1,5,0,-6.742,-20.294,1.764
2012-05-05-09_22_09.323,297,1,5,0,-6.825,-20.268,1.864
2012-05-05-09_22_09.324,297,1,5,0,-6.764,-20.216,1.764
2012-05-05-09_22_09.324,297,2,5,0,-15.699,-20.212,1.064
2012-05-05-09_22_09.325,297,2,5,0,-15.774,-20.183,1.064
2012-05-05-09_22_09.326,297,2,5,0,-15.718,-20.140,1.064
2012-05-05-09_22_09.327,297,3,5,0,-24.721,-20.295,1.564
2012-05-05-09_22_09.328,297,3,5,0,-24.691,-20.209,1.564
2012-05-05-09_22_09.329,297,3,5,0,-24.796,-20.265,1.564
2012-05-05-09_22_09.330,297,4,5,0,-33.718,-20.296,0.864
2012-05-05-09_22_09.331,297,4,5,0,-33.688,-20.211,0.864
2012-05-05-09_22_09.333,297,4,5,0,-33.793,-20.267,0.864
2012-05-05-09_22_09.334,297,5,5,0,-42.731,-20.297,0.964
2012-05-05-09_22_09.335,297,5,5,0,-42.678,-20.337,1.064
2012-05-05-09_22_09.336,297,5,5,0,-42.780,-20.310,1.064
2012-05-05-09_22_09.337,297,6,5,0,-51.763,-20.357,1.064
2012-05-05-09_22_09.338,297,6,5,0,-51.733,-20.272,1.164
2012-05-05-09_22_09.339,297,6,5,0,-51.839,-20.328,1.064
2012-05-05-09_22_09.340,297,7,5,0,-60.658,-20.293,1.864
2012-05-05-09_22_09.341,297,7,5,0,-60.733,-20.264,1.864
2012-05-05-09_22_09.342,297,7,5,0,-60.677,-20.221,1.864
2012-05-05-09_22_09.343,297,0,5,1,-2.184,-20.291,1.972
2012-05-05-09_22_09.344,297,0,5,1,-2.159,-20.197,1.972
2012-05-05-09_22_09.345,297,0,5,1,-2.262,-20.267,1.972
2012-05-05-09_22_09.346,297,1,5,1,-11.209,-20.295,1.772
2012-05-05-09_22_09.347,297,1,5,1,-11.333,-20.229,1.872
2012-05-05-09_22_09.348,297,1,5,1,-11.228,-20.216,1.772
2012-05-05-09_22_09.349,297,2,5,1,-20.149,-20.221,1.172
2012-05-05-09_22_09.350,297,2,5,1,-20.227,-20.197,1.172
2012-05-05-09_22_09.351,297,2,5,1,-20.234,-20.197,1.072
2012-05-05-09_22_09.351,297,3,5,1,-29.171,-20.303,1.272
2012-05-05-09_22_09.352,297,3,5,1,-29.146,-20.209,1.372
2012-05-05-09_22_09.353,297,3,5,1,-29.249,-20.279,1.272
2012-05-05-09_22_09.354,297,4,5,1,-38.167,-20.305,0.872
2012-05-05-09_22_09.355,297,4,5,1,-38.142,-20.211,0.972
2012-05-05-09_22_09.356,297,4,5,1,-38.245,-20.281,0.872
2012-05-05-09_22_09.357,297,5,5,1,-47.186,-20.297,1.172
2012-05-05-09_22_09.358,297,5,5,1,-47.276,-20.275,1.172
2012-05-05-09_22_09.359,297,5,5,1,-47.247,-20.298,1.172
2012-05-05-09_22_09.360,297,6,5,1,-56.188,-20.271,1.172
2012-05-05-09_22_09.361,297,6,5,1,-56.291,-20.342,1.172
2012-05-05-09_22_09.362,297,6,5,1,-56.298,-20.341,1.172
2012-05-05-09_22_09.363,297,7,5,1,-65.186,-20.278,1.772
2012-05-05-09_22_09.364,297,7,5,1,-65.193,-20.277,1.772
2012-05-05-09_22_09.366,297,7,5,1,-65.173,-20.186,1.872
2012-05-05-09_22_09.367,297,0,6,0,2.270,-24.783,1.881
2012-05-05-09_22_09.369,297,0,6,0,2.300,-24.691,1.881
2012-05-05-09_22_09.370,297,0,6,0,2.188,-24.757,1.881
2012-05-05-09_22_09.371,297,1,6,0,-6.743,-24.796,1.581
2012-05-05-09_22_09.372,297,1,6,0,-6.821,-24.770,1.581
2012-05-05-09_22_09.374,297,1,6,0,-6.762,-24.710,1.681
2012-05-05-09_22_09.374,297,2,6,0,-15.695,-24.713,1.081
2012-05-05-09_22_09.375,297,2,6,0,-15.777,-24.687,1.081
2012-05-05-09_22_09.376,297,2,6,0,-15.718,-24.635,1.081
2012-05-05-09_22_09.377,297,3,6,0,-24.717,-24.795,1.481
2012-05-05-09_22_09.378,297,3,6,0,-24.687,-24.703,1.581
2012-05-05-09_22_09.379,297,3,6,0,-24.799,-24.769,1.481
2012-05-05-09_22_09.380,297,4,6,0,-33.713,-24.797,0.881
2012-05-05-09_22_09.381,297,4,6,0,-33.683,-24.705,0.881
2012-05-05-09_22_09.382,297,4,6,0,-33.796,-24.771,0.881
2012-05-05-09_22_09.383,297,5,6,0,-42.727,-24.791,1.381
2012-05-05-09_22_09.384,297,5,6,0,-42.674,-24.838,1.281
2012-05-05-09_22_09.385,297,5,6,0,-42.781,-24.805,1.281
2012-05-05-09_22_09.386,297,6,6,0,-51.759,-24.858,1.281
2012-05-05-09_22_09.387,297,6,6,0,-51.729,-24.765,1.281
2012-05-05-09_22_09.388,297,6,6,0,-51.675,-24.813,1.281
2012-05-05-09_22_09.389,297,7,6,0,-60.653,-24.794,2.081
2012-05-05-09_22_09.389,297,7,6,0,-60.736,-24.768,2.181
2012-05-05-09_22_09.390,297,7,6,0,-60.677,-24.716,2.081
2012-05-05-09_22_09.391,297,0,6,1,-2.187,-24.789,1.890
2012-05-05-09_22_09.392,297,0,6,1,-2.162,-24.690,1.790
2012-05-05-09_22_09.393,297,0,6,1,-2.260,-24.770,1.790
2012-05-05-09_22_09.394,297,1,6,1,-11.212,-24.796,1.690
2012-05-05-09_22_09.395,297,1,6,1,-11.336,-24.722,1.690
2012-05-05-09_22_09.398,297,1,6,1,-11.231,-24.710,1.689
2012-05-05-09_22_09.399,297,2,6,1,-20.152,-24.719,1.090
2012-05-05-09_22_09.400,297,2,6,1,-20.225,-24.700,1.090
2012-05-05-09_22_09.401,297,2,6,1,-20.232,-24.699,1.090
2012-05-05-09_22_09.403,297,3,6,1,-29.174,-24.801,1.290
2012-05-05-09_22_09.404,297,3,6,1,-29.149,-24.703,1.490
2012-05-05-09_22_09.405,297,3,6,1,-29.247,-24.782,1.290
2012-05-05-09_22_09.406,297,4,6,1,-38.170,-24.803,0.990
2012-05-05-09_22_09.407,297,4,6,1,-38.145,-24.704,0.990
2012-05-05-09_22_09.408,297,4,6,1,-38.243,-24.784,0.890
2012-05-05-09_22_09.409,297,5,6,1,-47.189,-24.790,1.390
2012-05-05-09_22_09.410,297,5,6,1,-47.274,-24.771,1.390
2012-05-05-09_22_09.411,297,5,6,1,-47.243,-24.791,1.389
2012-05-05-09_22_09.412,297,6,6,1,-56.216,-24.863,1.290
2012-05-05-09_22_09.413,297,6,6,1,-56.191,-24.765,1.290
2012-05-05-09_22_09.414,297,6,6,1,-56.289,-24.844,1.290
2012-05-05-09_22_09.415,297,7,6,1,-65.184,-24.781,1.890
2012-05-05-09_22_09.416,297,7,6,1,-65.191,-24.780,1.890
2012-05-05-09_22_09.417,297,7,6,1,-65.171,-24.682,1.990
2012-05-05-09_22_09.418,297,0,7,0,2.270,-29.281,1.901
2012-05-05-09_22_09.419,297,0,7,0,2.300,-29.190,1.901
2012-05-05-09_22_09.420,297,0,7,0,2.190,-29.259,1.901
2012-05-05-09_22_09.421,297,1,7,0,-6.746,-29.293,1.701
2012-05-05-09_22_09.421,297,1,7,0,-6.824,-29.272,1.701
2012-05-05-09_22_09.422,297,1,7,0,-6.765,-29.207,1.701
2012-05-05-09_22_09.423,297,2,7,0,-15.695,-29.210,1.101
2012-05-05-09_22_09.424,297,2,7,0,-15.775,-29.189,1.101
2012-05-05-09_22_09.425,297,2,7,0,-15.716,-29.138,1.101
2012-05-05-09_22_09.426,297,3,7,0,-24.717,-29.293,1.501
2012-05-05-09_22_09.427,297,3,7,0,-24.687,-29.202,1.501
2012-05-05-09_22_09.428,297,3,7,0,-24.797,-29.271,1.501
2012-05-05-09_22_09.429,297,4,7,0,-33.714,-29.295,1.001
2012-05-05-09_22_09.430,297,4,7,0,-33.684,-29.204,1.001
2012-05-05-09_22_09.436,297,4,7,0,-33.794,-29.273,1.001
2012-05-05-09_22_09.437,297,5,7,0,-42.727,-29.290,1.301
2012-05-05-09_22_09.438,297,5,7,0,-42.676,-29.340,1.301
2012-05-05-09_22_09.439,297,5,7,0,-42.779,-29.308,1.401
2012-05-05-09_22_09.440,297,6,7,0,-51.759,-29.355,1.301
2012-05-05-09_22_09.441,297,6,7,0,-51.729,-29.264,1.301
2012-05-05-09_22_09.442,297,6,7,0,-51.678,-29.315,1.301
2012-05-05-09_22_09.443,297,7,7,0,-60.654,-29.291,2.201
2012-05-05-09_22_09.445,297,7,7,0,-60.734,-29.269,2.201
2012-05-05-09_22_09.446,297,7,7,0,-60.675,-29.219,2.201
2012-05-05-09_22_09.447,297,0,7,1,-2.187,-29.285,1.813
2012-05-05-09_22_09.448,297,0,7,1,-2.160,-29.189,1.913
2012-05-05-09_22_09.449,297,0,7,1,-2.260,-29.268,1.913
2012-05-05-09_22_09.450,297,1,7,1,-11.213,-29.292,1.713
2012-05-05-09_22_09.451,297,1,7,1,-11.334,-29.221,1.713
2012-05-05-09_22_09.452,297,1,7,1,-11.234,-29.206,1.713
2012-05-05-09_22_09.453,297,2,7,1,-20.152,-29.215,1.113
2012-05-05-09_22_09.454,297,2,7,1,-20.225,-29.198,1.113
2012-05-05-09_22_09.455,297,2,7,1,-20.233,-29.197,1.113
2012-05-05-09_22_09.456,297,3,7,1,-29.174,-29.298,1.313
2012-05-05-09_22_09.457,297,3,7,1,-29.147,-29.201,1.513
2012-05-05-09_22_09.458,297,3,7,1,-29.247,-29.281,1.313
2012-05-05-09_22_09.458,297,4,7,1,-38.171,-29.299,1.013
2012-05-05-09_22_09.459,297,4,7,1,-38.143,-29.203,1.013
2012-05-05-09_22_09.460,297,4,7,1,-38.244,-29.282,1.013
2012-05-05-09_22_09.461,297,5,7,1,-47.187,-29.289,1.413
2012-05-05-09_22_09.462,297,5,7,1,-47.272,-29.267,1.413
2012-05-05-09_22_09.463,297,5,7,1,-47.243,-29.293,1.413
2012-05-05-09_22_09.464,297,6,7,1,-56.216,-29.360,1.313
2012-05-05-09_22_09.465,297,6,7,1,-56.189,-29.263,1.313
2012-05-05-09_22_09.467,297,6,7,1,-56.289,-29.343,1.313
2012-05-05-09_22_09.468,297,7,7,1,-65.184,-29.279,2.013
2012-05-05-09_22_09.469,297,7,7,1,-65.191,-29.278,2.013
2012-05-05-09_22_09.470,297,7,7,1,-65.169,-29.178,2.013
2012-05-05-09_22_09.471,297,0,8,0,2.274,-33.778,1.927
2012-05-05-09_22_09.472,297,0,8,0,2.304,-33.689,1.927
2012-05-05-09_22_09.473,297,0,8,0,2.189,-33.754,1.927
2012-05-05-09_22_09.474,297,1,8,0,-6.746,-33.788,1.727
2012-05-05-09_22_09.476,297,1,8,0,-6.822,-33.769,1.727
2012-05-05-09_22_09.477,297,1,8,0,-6.767,-33.704,1.727
2012-05-05-09_22_09.479,297,2,8,0,-15.690,-33.708,1.027
2012-05-05-09_22_09.479,297,2,8,0,-15.776,-33.684,1.127
2012-05-05-09_22_09.480,297,2,8,0,-15.712,-33.639,1.027
2012-05-05-09_22_09.481,297,3,8,0,-24.712,-33.790,1.527
2012-05-05-09_22_09.482,297,3,8,0,-24.683,-33.702,1.527
2012-05-05-09_22_09.483,297,3,8,0,-24.798,-33.767,1.527
2012-05-05-09_22_09.484,297,4,8,0,-33.709,-33.792,1.027
2012-05-05-09_22_09.486,297,4,8,0,-33.679,-33.703,1.027
2012-05-05-09_22_09.487,297,4,8,0,-33.794,-33.768,1.027
2012-05-05-09_22_09.488,297,5,8,0,-42.723,-33.789,1.327
2012-05-05-09_22_09.489,297,5,8,0,-42.674,-33.837,1.327
2012-05-05-09_22_09.490,297,5,8,0,-42.774,-33.809,1.327
2012-05-05-09_22_09.491,297,6,8,0,-51.755,-33.853,1.327
2012-05-05-09_22_09.491,297,6,8,0,-51.725,-33.764,1.327
2012-05-05-09_22_09.492,297,6,8,0,-51.840,-33.829,1.327
2012-05-05-09_22_09.493,297,7,8,0,-60.649,-33.789,2.227
2012-05-05-09_22_09.494,297,7,8,0,-60.734,-33.765,2.227
2012-05-05-09_22_09.495,297,7,8,0,-60.671,-33.719,2.227
2012-05-05-09_22_09.496,297,0,8,1,-2.188,-33.787,1.936
2012-05-05-09_22_09.497,297,0,8,1,-2.165,-33.688,1.835
2012-05-05-09_22_09.498,297,0,8,1,-2.258,-33.766,1.935
2012-05-05-09_22_09.499,297,1,8,1,-11.213,-33.788,1.736
2012-05-05-09_22_09.500,297,1,8,1,-11.339,-33.720,1.735
2012-05-05-09_22_09.501,297,1,8,1,-11.237,-33.703,1.735
2012-05-05-09_22_09.502,297,2,8,1,-20.153,-33.716,1.136
2012-05-05-09_22_09.503,297,2,8,1,-20.223,-33.696,1.135
2012-05-05-09_22_09.504,297,2,8,1,-20.233,-33.693,1.135
2012-05-05-09_22_09.505,297,3,8,1,-29.175,-33.799,1.136
2012-05-05-09_22_09.506,297,3,8,1,-29.152,-33.700,1.335
2012-05-05-09_22_09.507,297,3,8,1,-29.245,-33.778,1.235
2012-05-05-09_22_09.508,297,4,8,1,-38.171,-33.801,1.036
2012-05-05-09_22_09.509,297,4,8,1,-38.148,-33.702,1.035
2012-05-05-09_22_09.510,297,4,8,1,-38.242,-33.780,0.935
2012-05-05-09_22_09.511,297,5,8,1,-47.192,-33.788,1.435
2012-05-05-09_22_09.512,297,5,8,1,-47.273,-33.765,1.435
2012-05-05-09_22_09.513,297,5,8,1,-47.244,-33.793,1.435
2012-05-05-09_22_09.514,297,6,8,1,-56.217,-33.861,1.336
2012-05-05-09_22_09.514,297,6,8,1,-56.194,-33.763,1.435
2012-05-05-09_22_09.515,297,6,8,1,-56.287,-33.840,1.335
2012-05-05-09_22_09.516,297,7,8,1,-65.182,-33.777,2.235
2012-05-05-09_22_09.517,297,7,8,1,-65.192,-33.774,2.235
2012-05-05-09_22_09.518,297,7,8,1,-65.169,-33.676,2.235
2012-05-05-09_22_09.519,297,0,9,0,2.274,-38.283,1.945
2012-05-05-09_22_09.521,297,0,9,0,2.301,-38.196,1.945
2012-05-05-09_22_09.521,297,0,9,0,2.191,-38.254,1.945
2012-05-05-09_22_09.522,297,1,9,0,-6.749,-38.290,1.845
2012-05-05-09_22_09.523,297,1,9,0,-6.822,-38.268,1.745
2012-05-05-09_22_09.524,297,1,9,0,-6.768,-38.212,1.845
2012-05-05-09_22_09.525,297,2,9,0,-15.691,-38.213,1.245
2012-05-05-09_22_09.526,297,2,9,0,-15.774,-38.184,1.145
2012-05-05-09_22_09.527,297,2,9,0,-15.710,-38.142,1.145
2012-05-05-09_22_09.528,297,3,9,0,-24.713,-38.295,1.645
2012-05-05-09_22_09.530,297,3,9,0,-24.685,-38.208,1.645
2012-05-05-09_22_09.531,297,3,9,0,-24.796,-38.266,1.645
2012-05-05-09_22_09.532,297,4,9,0,-33.710,-38.297,1.045
2012-05-05-09_22_09.533,297,4,9,0,-33.682,-38.210,1.045
2012-05-05-09_22_09.534,297,4,9,0,-33.792,-38.268,1.045
2012-05-05-09_22_09.535,297,5,9,0,-42.726,-38.296,1.445
2012-05-05-09_22_09.536,297,5,9,0,-42.675,-38.336,1.445
2012-05-05-09_22_09.537,297,5,9,0,-42.772,-38.312,1.345
2012-05-05-09_22_09.538,297,6,9,0,-51.755,-38.358,1.245
2012-05-05-09_22_09.539,297,6,9,0,-51.728,-38.271,1.345
2012-05-05-09_22_09.540,297,6,9,0,-51.838,-38.329,1.245
2012-05-05-09_22_09.541,297,7,9,0,-60.650,-38.294,2.145
2012-05-05-09_22_09.542,297,7,9,0,-60.732,-38.265,2.145
2012-05-05-09_22_09.543,297,7,9,0,-60.669,-38.223,2.245
2012-05-05-09_22_09.544,297,0,9,1,-2.186,-38.292,1.954
2012-05-05-09_22_09.545,297,0,9,1,-2.163,-38.196,1.954
2012-05-05-09_22_09.546,297,0,9,1,-2.259,-38.266,1.954
2012-05-05-09_22_09.547,297,1,9,1,-11.213,-38.290,1.754
2012-05-05-09_22_09.548,297,1,9,1,-11.337,-38.227,1.854
2012-05-05-09_22_09.549,297,1,9,1,-11.235,-38.210,1.854
2012-05-05-09_22_09.550,297,2,9,1,-20.151,-38.222,1.254
2012-05-05-09_22_09.550,297,2,9,1,-20.224,-38.196,1.254
2012-05-05-09_22_09.552,297,2,9,1,-20.231,-38.195,1.254
2012-05-05-09_22_09.552,297,3,9,1,-29.173,-38.305,1.454
2012-05-05-09_22_09.553,297,3,9,1,-29.150,-38.208,1.654
2012-05-05-09_22_09.554,297,3,9,1,-29.246,-38.279,1.454
2012-05-05-09_22_09.555,297,4,9,1,-38.169,-38.306,1.054
2012-05-05-09_22_09.556,297,4,9,1,-38.147,-38.210,1.054
2012-05-05-09_22_09.557,297,4,9,1,-38.242,-38.280,1.054
2012-05-05-09_22_09.558,297,5,9,1,-47.190,-38.296,1.554
2012-05-05-09_22_09.559,297,5,9,1,-47.273,-38.269,1.554
2012-05-05-09_22_09.560,297,5,9,1,-47.244,-38.299,1.554
2012-05-05-09_22_09.561,297,6,9,1,-56.192,-38.270,1.354
2012-05-05-09_22_09.562,297,6,9,1,-56.288,-38.341,1.354
2012-05-05-09_22_09.563,297,6,9,1,-56.295,-38.340,1.354
2012-05-05-09_22_09.564,297,7,9,1,-65.182,-38.277,2.154
2012-05-05-09_22_09.565,297,7,9,1,-65.190,-38.276,2.154
2012-05-05-09_22_09.566,297,7,9,1,-65.169,-38.180,2.254
2012-05-05-09_22_09.567,297,0,10,0,2.276,-42.783,1.966
2012-05-05-09_22_09.568,297,0,10,0,2.301,-42.696,1.966
2012-05-05-09_22_09.569,297,0,10,0,2.193,-42.754,1.966
2012-05-05-09_22_09.570,297,1,10,0,-6.752,-42.794,1.766
2012-05-05-09_22_09.571,297,1,10,0,-6.825,-42.768,1.866
2012-05-05-09_22_09.572,297,1,10,0,-6.771,-42.716,1.766
2012-05-05-09_22_09.573,297,2,10,0,-15.689,-42.713,1.266
2012-05-05-09_22_09.574,297,2,10,0,-15.772,-42.684,1.266
2012-05-05-09_22_09.575,297,2,10,0,-15.710,-42.640,1.266
2012-05-05-09_22_09.578,297,3,10,0,-24.711,-42.795,1.566
2012-05-05-09_22_09.579,297,3,10,0,-24.686,-42.708,1.666
2012-05-05-09_22_09.580,297,3,10,0,-24.794,-42.766,1.566
2012-05-05-09_22_09.581,297,4,10,0,-33.707,-42.797,1.066
2012-05-05-09_22_09.582,297,4,10,0,-33.682,-42.710,1.066
2012-05-05-09_22_09.583,297,4,10,0,-33.790,-42.768,1.066
2012-05-05-09_22_09.584,297,5,10,0,-42.726,-42.796,1.466
2012-05-05-09_22_09.585,297,5,10,0,-42.678,-42.836,1.466
2012-05-05-09_22_09.586,297,5,10,0,-42.773,-42.810,1.366
2012-05-05-09_22_09.587,297,6,10,0,-51.753,-42.857,1.266
2012-05-05-09_22_09.588,297,6,10,0,-51.728,-42.771,1.366
2012-05-05-09_22_09.589,297,6,10,0,-51.836,-42.828,1.366
2012-05-05-09_22_09.590,297,7,10,0,-60.648,-42.794,2.166
2012-05-05-09_22_09.591,297,7,10,0,-60.730,-42.765,2.266
2012-05-05-09_22_09.592,297,7,10,0,-60.669,-42.721,2.266
2012-05-05-09_22_09.594,297,0,10,1,-2.189,-42.791,1.978
2012-05-05-09_22_09.595,297,0,10,1,-2.166,-42.696,1.878
2012-05-05-09_22_09.597,297,0,10,1,-2.259,-42.768,1.878
2012-05-05-09_22_09.598,297,1,10,1,-11.214,-42.793,1.878
2012-05-05-09_22_09.599,297,1,10,1,-11.340,-42.728,1.878
2012-05-05-09_22_09.600,297,1,10,1,-11.233,-42.714,1.877
2012-05-05-09_22_09.601,297,2,10,1,-20.153,-42.721,1.278
2012-05-05-09_22_09.601,297,2,10,1,-20.224,-42.698,1.378
2012-05-05-09_22_09.602,297,2,10,1,-20.231,-42.697,1.278
2012-05-05-09_22_09.603,297,3,10,1,-29.175,-42.803,1.378
2012-05-05-09_22_09.604,297,3,10,1,-29.153,-42.708,1.378
2012-05-05-09_22_09.605,297,3,10,1,-29.246,-42.781,1.478
2012-05-05-09_22_09.606,297,4,10,1,-38.172,-42.805,1.078
2012-05-05-09_22_09.607,297,4,10,1,-38.149,-42.710,1.078
2012-05-05-09_22_09.608,297,4,10,1,-38.243,-42.782,1.078
2012-05-05-09_22_09.609,297,5,10,1,-47.193,-42.796,1.578
2012-05-05-09_22_09.610,297,5,10,1,-47.274,-42.775,1.478
2012-05-05-09_22_09.611,297,5,10,1,-47.247,-42.797,1.478
2012-05-05-09_22_09.612,297,6,10,1,-56.217,-42.865,1.378
2012-05-05-09_22_09.613,297,6,10,1,-56.195,-42.770,1.378
2012-05-05-09_22_09.614,297,6,10,1,-56.288,-42.843,1.378
2012-05-05-09_22_09.615,297,7,10,1,-65.183,-42.779,2.178
2012-05-05-09_22_09.616,297,7,10,1,-65.190,-42.778,2.278
2012-05-05-09_22_09.616,297,7,10,1,-65.170,-42.686,2.278
2012-05-05-09_22_09.617,297,0,11,0,2.278,-47.283,1.990
2012-05-05-09_22_09.618,297,0,11,0,2.301,-47.190,1.990
2012-05-05-09_22_09.619,297,0,11,0,2.193,-47.257,1.990
2012-05-05-09_22_09.620,297,1,11,0,-6.752,-47.296,1.890
2012-05-05-09_22_09.621,297,1,11,0,-6.825,-47.270,1.890
2012-05-05-09_22_09.622,297,1,11,0,-6.774,-47.210,1.790
2012-05-05-09_22_09.623,297,2,11,0,-15.687,-47.213,1.190
2012-05-05-09_22_09.624,297,2,11,0,-15.772,-47.187,1.190
2012-05-05-09_22_09.624,297,2,11,0,-15.745,-47.197,1.190
2012-05-05-09_22_09.625,297,3,11,0,-24.709,-47.295,1.790
2012-05-05-09_22_09.626,297,3,11,0,-24.686,-47.202,1.690
2012-05-05-09_22_09.627,297,3,11,0,-24.794,-47.269,1.690
2012-05-05-09_22_09.628,297,4,11,0,-33.705,-47.297,1.090
2012-05-05-09_22_09.629,297,4,11,0,-33.683,-47.204,1.090
2012-05-05-09_22_09.630,297,4,11,0,-33.791,-47.271,1.090
2012-05-05-09_22_09.632,297,5,11,0,-42.727,-47.290,1.390
2012-05-05-09_22_09.632,297,5,11,0,-42.678,-47.338,1.390
2012-05-05-09_22_09.634,297,5,11,0,-42.771,-47.305,1.290
2012-05-05-09_22_09.634,297,6,11,0,-51.751,-47.357,1.390
2012-05-05-09_22_09.635,297,6,11,0,-51.728,-47.265,1.390
2012-05-05-09_22_09.636,297,6,11,0,-51.836,-47.332,1.290
2012-05-05-09_22_09.637,297,7,11,0,-60.646,-47.293,2.290
2012-05-05-09_22_09.638,297,7,11,0,-60.731,-47.268,2.290
2012-05-05-09_22_09.639,297,7,11,0,-60.667,-47.216,2.290
2012-05-05-09_22_09.640,297,0,11,1,-2.191,-47.289,1.999
2012-05-05-09_22_09.641,297,0,11,1,-2.169,-47.190,1.999
2012-05-05-09_22_09.642,297,0,11,1,-2.262,-47.269,1.999
2012-05-05-09_22_09.642,297,1,11,1,-11.214,-47.296,1.799
2012-05-05-09_22_09.643,297,1,11,1,-11.343,-47.222,1.899
2012-05-05-09_22_09.644,297,1,11,1,-11.236,-47.210,1.799
2012-05-05-09_22_09.645,297,2,11,1,-20.156,-47.219,1.399
2012-05-05-09_22_09.646,297,2,11,1,-20.227,-47.199,1.299
2012-05-05-09_22_09.647,297,2,11,1,-20.234,-47.199,1.299
2012-05-05-09_22_09.648,297,3,11,1,-29.178,-47.301,1.399
2012-05-05-09_22_09.649,297,3,11,1,-29.156,-47.202,1.599
2012-05-05-09_22_09.650,297,3,11,1,-29.249,-47.282,1.399
2012-05-05-09_22_09.651,297,4,11,1,-38.175,-47.303,1.099
2012-05-05-09_22_09.651,297,4,11,1,-38.152,-47.204,1.099
2012-05-05-09_22_09.653,297,4,11,1,-38.246,-47.283,1.099
2012-05-05-09_22_09.655,297,5,11,1,-47.196,-47.290,1.499
2012-05-05-09_22_09.656,297,5,11,1,-47.276,-47.270,1.499
2012-05-05-09_22_09.657,297,5,11,1,-47.247,-47.291,1.499
2012-05-05-09_22_09.658,297,6,11,1,-56.220,-47.364,1.399
2012-05-05-09_22_09.659,297,6,11,1,-56.198,-47.265,1.399
2012-05-05-09_22_09.660,297,6,11,1,-56.291,-47.344,1.399
2012-05-05-09_22_09.661,297,7,11,1,-65.186,-47.280,2.299
2012-05-05-09_22_09.662,297,7,11,1,-65.193,-47.280,2.299
2012-05-05-09_22_09.663,297,7,11,1,-65.173,-47.181,2.299
2012-05-05-09_22_09.665,297,0,12,0,2.265,-51.780,2.207
2012-05-05-09_22_09.665,297,0,12,0,2.300,-51.691,2.207
2012-05-05-09_22_09.666,297,0,12,0,2.195,-51.758,2.108
2012-05-05-09_22_09.667,297,1,12,0,-6.758,-51.794,1.907
2012-05-05-09_22_09.668,297,1,12,0,-6.831,-51.775,1.908
2012-05-05-09_22_09.669,297,1,12,0,-6.774,-51.708,1.908
2012-05-05-09_22_09.670,297,2,12,0,-15.699,-51.710,1.307
2012-05-05-09_22_09.671,297,2,12,0,-15.770,-51.688,1.208
2012-05-05-09_22_09.673,297,2,12,0,-15.711,-51.640,1.308
2012-05-05-09_22_09.674,297,3,12,0,-24.722,-51.792,1.707
2012-05-05-09_22_09.674,297,3,12,0,-24.687,-51.703,1.707
2012-05-05-09_22_09.675,297,3,12,0,-24.792,-51.770,1.708
2012-05-05-09_22_09.676,297,4,12,0,-33.718,-51.794,1.107
2012-05-05-09_22_09.677,297,4,12,0,-33.683,-51.705,1.107
2012-05-05-09_22_09.680,297,4,12,0,-33.789,-51.772,1.108
2012-05-05-09_22_09.680,297,5,12,0,-42.727,-51.791,1.507
2012-05-05-09_22_09.681,297,5,12,0,-42.683,-51.843,1.308
2012-05-05-09_22_09.682,297,5,12,0,-42.774,-51.810,1.408
2012-05-05-09_22_09.683,297,6,12,0,-51.764,-51.855,1.307
2012-05-05-09_22_09.684,297,6,12,0,-51.729,-51.766,1.307
2012-05-05-09_22_09.685,297,6,12,0,-51.834,-51.833,1.308
2012-05-05-09_22_09.686,297,7,12,0,-60.658,-51.791,2.207
2012-05-05-09_22_09.687,297,7,12,0,-60.729,-51.769,2.208
2012-05-05-09_22_09.688,297,7,12,0,-60.670,-51.721,2.208
2012-05-05-09_22_09.689,297,0,12,1,-2.194,-51.786,2.116
2012-05-05-09_22_09.690,297,0,12,1,-2.169,-51.690,2.116
2012-05-05-09_22_09.691,297,0,12,1,-2.262,-51.768,2.116
2012-05-05-09_22_09.692,297,1,12,1,-11.212,-51.793,1.916
2012-05-05-09_22_09.693,297,1,12,1,-11.344,-51.722,1.816
2012-05-05-09_22_09.693,297,1,12,1,-11.234,-51.707,1.816
2012-05-05-09_22_09.694,297,2,12,1,-20.159,-51.716,1.216
2012-05-05-09_22_09.694,297,2,12,1,-20.227,-51.698,1.216
2012-05-05-09_22_09.695,297,2,12,1,-20.235,-51.697,1.216
2012-05-05-09_22_09.696,297,3,12,1,-29.181,-51.799,1.416
2012-05-05-09_22_09.697,297,3,12,1,-29.156,-51.702,1.616
2012-05-05-09_22_09.698,297,3,12,1,-29.249,-51.780,1.616
2012-05-05-09_22_09.699,297,4,12,1,-38.178,-51.800,1.116
2012-05-05-09_22_09.700,297,4,12,1,-38.153,-51.704,1.116
2012-05-05-09_22_09.701,297,4,12,1,-38.246,-51.782,1.116
2012-05-05-09_22_09.702,297,5,12,1,-47.196,-51.790,1.216
2012-05-05-09_22_09.703,297,5,12,1,-47.277,-51.768,1.316
2012-05-05-09_22_09.704,297,5,12,1,-47.250,-51.791,1.316
2012-05-05-09_22_09.705,297,6,12,1,-56.223,-51.861,1.316
2012-05-05-09_22_09.706,297,6,12,1,-56.198,-51.765,1.416
2012-05-05-09_22_09.706,297,6,12,1,-56.291,-51.843,1.416
2012-05-05-09_22_09.707,297,7,12,1,-65.186,-51.779,2.216
2012-05-05-09_22_09.708,297,7,12,1,-65.193,-51.778,2.216
2012-05-05-09_22_09.709,297,7,12,1,-65.173,-51.679,2.216
2012-05-05-09_22_09.710,297,0,13,0,2.272,-56.278,2.127
2012-05-05-09_22_09.711,297,0,13,0,2.300,-56.191,2.127
2012-05-05-09_22_09.712,297,0,13,0,2.197,-56.254,2.127
2012-05-05-09_22_09.713,297,1,13,0,-6.755,-56.290,1.927
2012-05-05-09_22_09.714,297,1,13,0,-6.831,-56.270,1.927
2012-05-05-09_22_09.716,297,1,13,0,-6.777,-56.205,1.927
2012-05-05-09_22_09.717,297,2,13,0,-15.693,-56.208,1.327
2012-05-05-09_22_09.717,297,2,13,0,-15.768,-56.184,1.227
2012-05-05-09_22_09.718,297,2,13,0,-15.712,-56.140,1.227
2012-05-05-09_22_09.719,297,3,13,0,-24.715,-56.290,1.727
2012-05-05-09_22_09.719,297,3,13,0,-24.687,-56.203,1.727
2012-05-05-09_22_09.720,297,3,13,0,-24.790,-56.266,1.727
2012-05-05-09_22_09.721,297,4,13,0,-33.711,-56.292,1.127
2012-05-05-09_22_09.722,297,4,13,0,-33.684,-56.205,1.127
2012-05-05-09_22_09.723,297,4,13,0,-33.787,-56.268,1.127
2012-05-05-09_22_09.724,297,5,13,0,-42.727,-56.291,1.427
2012-05-05-09_22_09.725,297,5,13,0,-42.684,-56.338,1.227
2012-05-05-09_22_09.726,297,5,13,0,-42.774,-56.310,1.427
2012-05-05-09_22_09.727,297,6,13,0,-51.757,-56.353,1.327
2012-05-05-09_22_09.727,297,6,13,0,-51.729,-56.266,1.327
2012-05-05-09_22_09.728,297,6,13,0,-51.832,-56.329,1.327
2012-05-05-09_22_09.729,297,7,13,0,-60.651,-56.289,3.327
2012-05-05-09_22_09.730,297,7,13,0,-60.727,-56.265,6.727
2012-05-05-09_22_09.731,297,7,13,0,-60.670,-56.221,8.927
2012-05-05-09_22_09.732,297,0,13,1,-2.197,-56.288,2.139
2012-05-05-09_22_09.733,297,0,13,1,-2.172,-56.191,2.038
2012-05-05-09_22_09.734,297,0,13,1,-2.265,-56.265,2.038
2012-05-05-09_22_09.734,297,1,13,1,-11.210,-56.289,1.939
2012-05-05-09_22_09.735,297,1,13,1,-11.346,-56.222,1.838
2012-05-05-09_22_09.736,297,1,13,1,-11.236,-56.205,1.938
2012-05-05-09_22_09.737,297,2,13,1,-20.162,-56.218,1.239
2012-05-05-09_22_09.738,297,2,13,1,-20.230,-56.194,1.338
2012-05-05-09_22_09.739,297,2,13,1,-20.237,-56.193,1.238
2012-05-05-09_22_09.740,297,3,13,1,-29.184,-56.300,1.439
2012-05-05-09_22_09.741,297,3,13,1,-29.159,-56.203,1.638
2012-05-05-09_22_09.742,297,3,13,1,-29.252,-56.277,1.638
2012-05-05-09_22_09.742,297,4,13,1,-38.181,-56.302,1.139
2012-05-05-09_22_09.743,297,4,13,1,-38.155,-56.205,1.138
2012-05-05-09_22_09.744,297,4,13,1,-38.249,-56.279,1.138
2012-05-05-09_22_09.745,297,5,13,1,-47.199,-56.291,1.538
2012-05-05-09_22_09.746,297,5,13,1,-47.282,-56.266,1.538
2012-05-05-09_22_09.747,297,5,13,1,-47.253,-56.291,1.538
2012-05-05-09_22_09.748,297,6,13,1,-56.226,-56.362,1.339
2012-05-05-09_22_09.748,297,6,13,1,-56.201,-56.265,1.338
2012-05-05-09_22_09.749,297,6,13,1,-56.294,-56.339,1.338
2012-05-05-09_22_09.750,297,7,13,1,-65.189,-56.275,2.238
2012-05-05-09_22_09.751,297,7,13,1,-65.196,-56.274,2.238
2012-05-05-09_22_09.752,297,7,13,1,-65.178,-56.177,2.238
2012-05-05-09_22_09.753,297,0,14,0,2.269,-60.782,2.151
2012-05-05-09_22_09.754,297,0,14,0,2.297,-60.697,2.151
2012-05-05-09_22_09.754,297,0,14,0,2.196,-60.753,2.151
2012-05-05-09_22_09.755,297,1,14,0,-6.756,-60.790,1.951
2012-05-05-09_22_09.756,297,1,14,0,-6.834,-60.769,1.951
2012-05-05-09_22_09.757,297,1,14,0,-6.777,-60.712,1.951
2012-05-05-09_22_09.757,297,2,14,0,-15.695,-60.712,1.351
2012-05-05-09_22_09.758,297,2,14,0,-15.768,-60.683,1.351
2012-05-05-09_22_09.759,297,2,14,0,-15.712,-60.642,1.351
2012-05-05-09_22_09.760,297,3,14,0,-24.717,-60.794,1.751
2012-05-05-09_22_09.761,297,3,14,0,-24.690,-60.709,1.751
2012-05-05-09_22_09.762,297,3,14,0,-24.791,-60.766,1.751
2012-05-05-09_22_09.764,297,4,14,0,-33.714,-60.796,1.051
2012-05-05-09_22_09.765,297,4,14,0,-33.687,-60.711,1.051
2012-05-05-09_22_09.766,297,4,14,0,-33.787,-60.767,1.051
2012-05-05-09_22_09.767,297,5,14,0,-42.730,-60.796,1.451
2012-05-05-09_22_09.768,297,5,14,0,-42.687,-60.837,1.351
2012-05-05-09_22_09.769,297,5,14,0,-42.774,-60.812,1.451
2012-05-05-09_22_09.773,297,6,14,0,-51.760,-60.857,1.351
2012-05-05-09_22_09.775,297,6,14,0,-51.732,-60.771,1.351
2012-05-05-09_22_09.777,297,6,14,0,-51.833,-60.828,1.351
2012-05-05-09_22_09.777,297,7,14,0,-60.654,-60.793,2.151
2012-05-05-09_22_09.778,297,7,14,0,-60.727,-60.764,3.451
2012-05-05-09_22_09.779,297,7,14,0,-60.671,-60.723,3.351
2012-05-05-09_22_09.780,297,0,14,1,-2.198,-60.792,2.161
2012-05-05-09_22_09.780,297,0,14,1,-2.172,-60.697,2.161
2012-05-05-09_22_09.781,297,0,14,1,-2.268,-60.765,2.161
2012-05-05-09_22_09.782,297,1,14,1,-11.211,-60.791,1.961
2012-05-05-09_22_09.783,297,1,14,1,-11.347,-60.728,1.861
2012-05-05-09_22_09.784,297,1,14,1,-11.237,-60.711,1.861
2012-05-05-09_22_09.784,297,2,14,1,-20.162,-60.722,1.261
2012-05-05-09_22_09.785,297,2,14,1,-20.233,-60.695,1.261
2012-05-05-09_22_09.785,297,2,14,1,-20.240,-60.695,1.261
2012-05-05-09_22_09.786,297,3,14,1,-29.184,-60.804,1.261
2012-05-05-09_22_09.787,297,3,14,1,-29.159,-60.709,1.561
2012-05-05-09_22_09.787,297,3,14,1,-29.255,-60.777,1.561
2012-05-05-09_22_09.788,297,4,14,1,-38.181,-60.806,1.161
2012-05-05-09_22_09.788,297,4,14,1,-38.156,-60.711,1.161
2012-05-05-09_22_09.789,297,4,14,1,-38.252,-60.779,1.161
2012-05-05-09_22_09.789,297,5,14,1,-47.200,-60.796,1.561
2012-05-05-09_22_09.790,297,5,14,1,-47.283,-60.770,1.461
2012-05-05-09_22_09.791,297,5,14,1,-47.253,-60.798,1.461
2012-05-05-09_22_09.791,297,6,14,1,-56.227,-60.867,1.361
2012-05-05-09_22_09.792,297,6,14,1,-56.201,-60.771,1.461
2012-05-05-09_22_09.793,297,6,14,1,-56.297,-60.840,1.461
2012-05-05-09_22_09.793,297,7,14,1,-65.192,-60.776,2.361
2012-05-05-09_22_09.794,297,7,14,1,-65.199,-60.775,2.261
2012-05-05-09_22_09.794,297,7,14,1,-65.179,-60.681,2.261
2012-05-05-09_22_09.795,297,0,15,0,2.269,-65.284,2.270
2012-05-05-09_22_09.796,297,0,15,0,2.294,-65.196,2.270
2012-05-05-09_22_09.796,297,0,15,0,2.196,-65.254,2.270
2012-05-05-09_22_09.797,297,1,15,0,-6.754,-65.294,9.970
2012-05-05-09_22_09.797,297,1,15,0,-6.834,-65.268,1.970
2012-05-05-09_22_09.798,297,1,15,0,-6.778,-65.215,1.970
2012-05-05-09_22_09.799,297,2,15,0,-15.696,-65.214,1.370
2012-05-05-09_22_09.800,297,2,15,0,-15.769,-65.184,1.270
2012-05-05-09_22_09.801,297,2,15,0,-15.715,-65.140,1.270
2012-05-05-09_22_09.801,297,3,15,0,-24.718,-65.296,1.770
2012-05-05-09_22_09.802,297,3,15,0,-24.693,-65.209,1.770
2012-05-05-09_22_09.803,297,3,15,0,-24.791,-65.266,1.770
2012-05-05-09_22_09.804,297,4,15,0,-33.714,-65.298,1.070
2012-05-05-09_22_09.804,297,4,15,0,-33.689,-65.210,1.070
2012-05-05-09_22_09.805,297,4,15,0,-33.788,-65.268,1.070
2012-05-05-09_22_09.806,297,5,15,0,-42.733,-65.296,1.570
2012-05-05-09_22_09.807,297,5,15,0,-42.687,-65.336,1.270
2012-05-05-09_22_09.808,297,5,15,0,-42.777,-65.310,1.570
2012-05-05-09_22_09.809,297,6,15,0,-51.760,-65.358,1.270
2012-05-05-09_22_09.810,297,6,15,0,-51.735,-65.271,1.270
2012-05-05-09_22_09.811,297,6,15,0,-51.833,-65.328,1.370
2012-05-05-09_22_09.811,297,7,15,0,-60.655,-65.295,2.070
2012-05-05-09_22_09.812,297,7,15,0,-60.728,-65.265,3.370
2012-05-05-09_22_09.813,297,7,15,0,-60.674,-65.221,4.270
2012-05-05-09_22_09.814,297,0,15,1,-2.198,-65.291,2.279
2012-05-05-09_22_09.815,297,0,15,1,-2.173,-65.196,2.279
2012-05-05-09_22_09.815,297,0,15,1,-2.271,-65.268,2.279
2012-05-05-09_22_09.817,297,1,15,1,-11.211,-65.293,1.979
2012-05-05-09_22_09.818,297,1,15,1,-11.347,-65.228,1.979
2012-05-05-09_22_09.818,297,1,15,1,-11.232,-65.215,1.979
2012-05-05-09_22_09.819,297,2,15,1,-20.163,-65.221,1.379
2012-05-05-09_22_09.820,297,2,15,1,-20.236,-65.198,1.279
2012-05-05-09_22_09.821,297,2,15,1,-20.241,-65.198,1.379
2012-05-05-09_22_09.821,297,3,15,1,-29.185,-65.303,1.479
2012-05-05-09_22_09.822,297,3,15,1,-29.160,-65.208,1.479
2012-05-05-09_22_09.823,297,3,15,1,-29.258,-65.281,1.479
2012-05-05-09_22_09.823,297,4,15,1,-38.181,-65.305,1.079
2012-05-05-09_22_09.825,297,4,15,1,-38.156,-65.210,1.079
2012-05-05-09_22_09.826,297,4,15,1,-38.255,-65.282,1.079
2012-05-05-09_22_09.827,297,5,15,1,-47.200,-65.296,1.379
2012-05-05-09_22_09.827,297,5,15,1,-47.285,-65.275,1.379
2012-05-05-09_22_09.828,297,5,15,1,-47.256,-65.298,1.279
2012-05-05-09_22_09.829,297,6,15,1,-56.227,-65.365,1.379
2012-05-05-09_22_09.830,297,6,15,1,-56.202,-65.271,1.379
2012-05-05-09_22_09.831,297,6,15,1,-56.300,-65.343,1.379
2012-05-05-09_22_09.831,297,7,15,1,-65.195,-65.279,2.179
2012-05-05-09_22_09.832,297,7,15,1,-65.200,-65.279,2.179
2012-05-05-09_22_09.833,297,7,15,1,-65.182,-65.186,2.179
2012-05-05-09_22_09.834,297,0,16,0,2.266,-69.784,2.291
2012-05-05-09_22_09.835,297,0,16,0,2.291,-69.689,2.291
2012-05-05-09_22_09.835,297,0,16,0,2.196,-69.758,2.291
2012-05-05-09_22_09.836,297,1,16,0,-6.754,-69.795,1.991
2012-05-05-09_22_09.837,297,1,16,0,-6.837,-69.769,1.991
2012-05-05-09_22_09.837,297,1,16,0,-6.776,-69.709,1.991
2012-05-05-09_22_09.838,297,2,16,0,-15.699,-69.714,1.291
2012-05-05-09_22_09.839,297,2,16,0,-15.769,-69.688,1.391
2012-05-05-09_22_09.839,297,2,16,0,-15.750,-69.697,1.391
2012-05-05-09_22_09.840,297,3,16,0,-24.721,-69.796,1.791
2012-05-05-09_22_09.841,297,3,16,0,-24.696,-69.701,1.791
2012-05-05-09_22_09.841,297,3,16,0,-24.791,-69.771,1.791
2012-05-05-09_22_09.842,297,4,16,0,-33.717,-69.798,0.991
2012-05-05-09_22_09.842,297,4,16,0,-33.692,-69.703,0.991
2012-05-05-09_22_09.843,297,4,16,0,-33.788,-69.772,1.091
2012-05-05-09_22_09.843,297,5,16,0,-42.736,-69.789,1.591
2012-05-05-09_22_09.844,297,5,16,0,-42.690,-69.837,1.391
2012-05-05-09_22_09.845,297,5,16,0,-42.780,-69.804,1.491
2012-05-05-09_22_09.845,297,6,16,0,-51.763,-69.858,1.291
2012-05-05-09_22_09.846,297,6,16,0,-51.738,-69.764,1.291
2012-05-05-09_22_09.847,297,6,16,0,-51.833,-69.833,1.291
2012-05-05-09_22_09.847,297,7,16,0,-60.657,-69.795,2.191
2012-05-05-09_22_09.849,297,7,16,0,-60.728,-69.769,5.391
2012-05-05-09_22_09.850,297,7,16,0,-60.676,-69.715,3.291
2012-05-05-09_22_09.859,297,0,16,1,-2.196,-69.788,2.202
2012-05-05-09_22_09.860,297,0,16,1,-2.171,-69.689,2.302
2012-05-05-09_22_09.860,297,0,16,1,-2.274,-69.770,2.302
2012-05-05-09_22_09.861,297,1,16,1,-11.214,-69.795,2.002
2012-05-05-09_22_09.862,297,1,16,1,-11.345,-69.721,2.002
2012-05-05-09_22_09.863,297,1,16,1,-11.235,-69.709,2.002
2012-05-05-09_22_09.866,297,2,16,1,-20.161,-69.718,1.302
2012-05-05-09_22_09.867,297,2,16,1,-20.239,-69.700,1.302
2012-05-05-09_22_09.867,297,2,16,1,-20.244,-69.700,1.302
2012-05-05-09_22_09.869,297,3,16,1,-29.183,-69.801,1.502
2012-05-05-09_22_09.870,297,3,16,1,-29.158,-69.701,1.502
2012-05-05-09_22_09.871,297,3,16,1,-29.261,-69.783,1.502
2012-05-05-09_22_09.873,297,4,16,1,-38.179,-69.802,1.102
2012-05-05-09_22_09.874,297,4,16,1,-38.154,-69.703,1.102
2012-05-05-09_22_09.874,297,4,16,1,-38.257,-69.784,1.102
2012-05-05-09_22_09.876,297,5,16,1,-47.198,-69.789,1.402
2012-05-05-09_22_09.877,297,5,16,1,-47.286,-69.770,1.302
2012-05-05-09_22_09.877,297,5,16,1,-47.257,-69.791,1.402
2012-05-05-09_22_09.879,297,6,16,1,-56.225,-69.863,1.402
2012-05-05-09_22_09.880,297,6,16,1,-56.200,-69.764,1.402
2012-05-05-09_22_09.881,297,6,16,1,-56.303,-69.845,1.402
2012-05-05-09_22_09.882,297,7,16,1,-65.198,-69.781,2.202
2012-05-05-09_22_09.883,297,7,16,1,-65.202,-69.781,2.202
2012-05-05-09_22_09.884,297,7,16,1,-65.182,-69.680,2.202
2012-05-05-09_22_09.885,297,0,17,0,2.254,-74.280,2.315
2012-05-05-09_22_09.887,297,0,17,0,2.288,-74.190,2.215
2012-05-05-09_22_09.888,297,0,17,0,2.190,-74.258,2.215
2012-05-05-09_22_09.888,297,1,17,0,-6.752,-74.293,2.015
2012-05-05-09_22_09.890,297,1,17,0,-6.833,-74.273,2.015
2012-05-05-09_22_09.891,297,1,17,0,-6.774,-74.206,2.015
2012-05-05-09_22_09.892,297,2,17,0,-15.711,-74.210,1.315
2012-05-05-09_22_09.893,297,2,17,0,-15.775,-74.188,1.415
2012-05-05-09_22_09.894,297,2,17,0,-15.721,-74.138,1.315
2012-05-05-09_22_09.895,297,3,17,0,-24.733,-74.292,1.815
2012-05-05-09_22_09.896,297,3,17,0,-24.699,-74.202,1.815
2012-05-05-09_22_09.897,297,3,17,0,-24.797,-74.270,1.815
2012-05-05-09_22_09.899,297,4,17,0,-33.730,-74.294,1.215
2012-05-05-09_22_09.900,297,4,17,0,-33.695,-74.204,1.215
2012-05-05-09_22_09.900,297,4,17,0,-33.793,-74.272,1.115
2012-05-05-09_22_09.902,297,5,17,0,-42.739,-74.290,1.515
2012-05-05-09_22_09.903,297,5,17,0,-42.686,-74.341,1.315
2012-05-05-09_22_09.904,297,5,17,0,-42.783,-74.308,1.515
2012-05-05-09_22_09.906,297,6,17,0,-51.775,-74.355,1.315
2012-05-05-09_22_09.907,297,6,17,0,-51.741,-74.265,1.315
2012-05-05-09_22_09.907,297,6,17,0,-51.687,-74.316,1.415
2012-05-05-09_22_09.909,297,7,17,0,-60.670,-74.291,2.215
2012-05-05-09_22_09.910,297,7,17,0,-60.733,-74.269,3.315
2012-05-05-09_22_09.911,297,7,17,0,-60.679,-74.219,3.315
2012-05-05-09_22_09.913,297,0,17,1,-2.196,-74.286,2.324
2012-05-05-09_22_09.914,297,0,17,1,-2.169,-74.189,2.224
2012-05-05-09_22_09.914,297,0,17,1,-2.269,-74.268,2.224
2012-05-05-09_22_09.916,297,1,17,1,-11.214,-74.292,2.024
2012-05-05-09_22_09.917,297,1,17,1,-11.343,-74.221,2.024
2012-05-05-09_22_09.918,297,1,17,1,-11.236,-74.206,2.024
2012-05-05-09_22_09.919,297,2,17,1,-20.161,-74.216,1.324
2012-05-05-09_22_09.919,297,2,17,1,-20.234,-74.198,1.424
2012-05-05-09_22_09.922,297,2,17,1,-20.244,-74.197,1.324
2012-05-05-09_22_09.922,297,3,17,1,-29.183,-74.298,1.524
2012-05-05-09_22_09.923,297,3,17,1,-29.156,-74.201,1.524
2012-05-05-09_22_09.924,297,3,17,1,-29.256,-74.281,1.524
2012-05-05-09_22_09.925,297,4,17,1,-38.180,-74.300,1.124
2012-05-05-09_22_09.926,297,4,17,1,-38.152,-74.203,1.124
2012-05-05-09_22_09.926,297,4,17,1,-38.253,-74.282,1.124
2012-05-05-09_22_09.928,297,5,17,1,-47.196,-74.289,1.424
2012-05-05-09_22_09.929,297,5,17,1,-47.284,-74.267,1.624
2012-05-05-09_22_09.930,297,5,17,1,-47.252,-74.292,1.624
2012-05-05-09_22_09.932,297,6,17,1,-56.225,-74.361,1.424
2012-05-05-09_22_09.933,297,6,17,1,-56.198,-74.264,1.424
2012-05-05-09_22_09.933,297,6,17,1,-56.298,-74.343,1.424
2012-05-05-09_22_09.935,297,7,17,1,-65.193,-74.279,2.324
2012-05-05-09_22_09.936,297,7,17,1,-65.203,-74.278,2.324
2012-05-05-09_22_09.937,297,7,17,1,-65.180,-74.178,2.224
2012-05-05-09_22_09.938,297,0,18,0,2.265,-78.779,2.033
2012-05-05-09_22_09.939,297,0,18,0,2.293,-78.689,2.033
2012-05-05-09_22_09.941,297,0,18,0,2.187,-78.755,2.033
2012-05-05-09_22_09.942,297,1,18,0,-6.750,-78.789,1.933
2012-05-05-09_22_09.942,297,1,18,0,-6.833,-78.770,1.933
2012-05-05-09_22_09.944,297,1,18,0,-6.772,-78.704,1.933
2012-05-05-09_22_09.945,297,2,18,0,-15.700,-78.709,1.433
2012-05-05-09_22_09.946,297,2,18,0,-15.777,-78.685,1.433
2012-05-05-09_22_09.948,297,2,18,0,-15.721,-78.640,1.433
2012-05-05-09_22_09.949,297,3,18,0,-24.722,-78.791,1.833
2012-05-05-09_22_09.950,297,3,18,0,-24.694,-78.702,1.833
2012-05-05-09_22_09.950,297,3,18,0,-24.800,-78.767,1.833
2012-05-05-09_22_09.951,297,4,18,0,-33.718,-78.793,1.133
2012-05-05-09_22_09.952,297,4,18,0,-33.691,-78.703,1.233
2012-05-05-09_22_09.953,297,4,18,0,-33.796,-78.769,1.133
2012-05-05-09_22_09.954,297,5,18,0,-42.734,-78.789,1.833
2012-05-05-09_22_09.955,297,5,18,0,-42.686,-78.838,1.533
2012-05-05-09_22_09.955,297,5,18,0,-42.783,-78.809,1.733
2012-05-05-09_22_09.958,297,6,18,0,-51.764,-78.854,1.633
2012-05-05-09_22_09.959,297,6,18,0,-51.736,-78.764,1.633
2012-05-05-09_22_09.960,297,6,18,0,-51.688,-78.813,1.633
2012-05-05-09_22_09.961,297,7,18,0,-60.658,-78.790,2.333
2012-05-05-09_22_09.962,297,7,18,0,-60.736,-78.766,2.333
2012-05-05-09_22_09.963,297,7,18,0,-60.680,-78.720,2.333
2012-05-05-09_22_09.964,297,0,18,1,-2.194,-78.787,2.042
2012-05-05-09_22_09.965,297,0,18,1,-2.169,-78.689,2.042
2012-05-05-09_22_09.966,297,0,18,1,-2.270,-78.765,2.041
2012-05-05-09_22_09.967,297,1,18,1,-11.212,-78.788,1.942
2012-05-05-09_22_09.967,297,1,18,1,-11.344,-78.721,1.942
2012-05-05-09_22_09.970,297,1,18,1,-11.236,-78.703,1.941
2012-05-05-09_22_09.971,297,2,18,1,-20.159,-78.717,1.442
2012-05-05-09_22_09.971,297,2,18,1,-20.235,-78.695,1.441
2012-05-05-09_22_09.972,297,2,18,1,-20.242,-78.694,12.941
2012-05-05-09_22_09.973,297,3,18,1,-29.181,-78.800,1.642
2012-05-05-09_22_09.974,297,3,18,1,-29.156,-78.702,1.842
2012-05-05-09_22_09.975,297,3,18,1,-29.257,-78.777,1.841
2012-05-05-09_22_09.976,297,4,18,1,-38.178,-78.801,1.242
2012-05-05-09_22_09.977,297,4,18,1,-38.153,-78.703,1.242
2012-05-05-09_22_09.979,297,4,18,1,-38.253,-78.779,1.241
2012-05-05-09_22_09.979,297,5,18,1,-47.196,-78.789,1.642
2012-05-05-09_22_09.980,297,5,18,1,-47.284,-78.765,1.641
2012-05-05-09_22_09.981,297,5,18,1,-47.253,-78.792,1.541
2012-05-05-09_22_09.982,297,6,18,1,-56.223,-78.862,1.642
2012-05-05-09_22_09.983,297,6,18,1,-56.198,-78.764,1.642
2012-05-05-09_22_09.984,297,6,18,1,-56.299,-78.840,1.641
2012-05-05-09_22_09.984,297,7,18,1,-65.193,-78.776,2.441
2012-05-05-09_22_09.985,297,7,18,1,-65.201,-78.775,13.541
2012-05-05-09_22_09.986,297,7,18,1,-65.181,-78.676,2.341
2012-05-05-09_22_09.987,297,0,19,0,2.265,-83.282,2.053
2012-05-05-09_22_09.988,297,0,19,0,2.292,-83.196,1.953
2012-05-05-09_22_09.989,297,0,19,0,2.187,-83.253,2.053
2012-05-05-09_22_09.990,297,1,19,0,-6.753,-83.290,1.953
2012-05-05-09_22_09.991,297,1,19,0,-6.831,-83.269,1.953
2012-05-05-09_22_09.992,297,1,19,0,-6.772,-83.212,1.953
2012-05-05-09_22_09.993,297,2,19,0,-15.700,-83.212,1.453
2012-05-05-09_22_09.994,297,2,19,0,-15.778,-83.183,1.453
2012-05-05-09_22_09.995,297,2,19,0,-15.724,-83.142,1.453
2012-05-05-09_22_09.996,297,3,19,0,-24.722,-83.294,1.853
2012-05-05-09_22_09.996,297,3,19,0,-24.695,-83.208,1.853
2012-05-05-09_22_09.997,297,3,19,0,-24.800,-83.266,1.853
2012-05-05-09_22_09.998,297,4,19,0,-33.719,-83.296,1.153
2012-05-05-09_22_09.999,297,4,19,0,-33.691,-83.210,1.253
2012-05-05-09_22_10.001,297,4,19,0,-33.797,-83.267,1.253
2012-05-05-09_22_10.001,297,5,19,0,-42.735,-83.296,1.753
2012-05-05-09_22_10.002,297,5,19,0,-42.684,-83.337,1.553
2012-05-05-09_22_10.004,297,5,19,0,-42.786,-83.312,1.753
2012-05-05-09_22_10.005,297,6,19,0,-51.764,-83.356,1.553
2012-05-05-09_22_10.005,297,6,19,0,-51.737,-83.271,1.553
2012-05-05-09_22_10.006,297,6,19,0,-51.686,-83.312,1.653
2012-05-05-09_22_10.007,297,7,19,0,-60.659,-83.293,2.453
2012-05-05-09_22_10.008,297,7,19,0,-60.737,-83.264,2.353
2012-05-05-09_22_10.009,297,7,19,0,-60.683,-83.223,2.453
2012-05-05-09_22_10.009,297,0,19,1,-2.192,-83.292,2.065
2012-05-05-09_22_10.010,297,0,19,1,-2.167,-83.196,2.065
2012-05-05-09_22_10.011,297,0,19,1,-2.270,-83.266,2.065
2012-05-05-09_22_10.012,297,1,19,1,-11.213,-83.290,1.865
2012-05-05-09_22_10.012,297,1,19,1,-11.342,-83.227,1.965
2012-05-05-09_22_10.013,297,1,19,1,-11.237,-83.210,1.865
2012-05-05-09_22_10.014,297,2,19,1,-20.157,-83.222,1.465
2012-05-05-09_22_10.015,297,2,19,1,-20.235,-83.195,1.465
2012-05-05-09_22_10.017,297,2,19,1,-20.242,-83.195,1.465
2012-05-05-09_22_10.018,297,3,19,1,-29.179,-83.305,1.765
2012-05-05-09_22_10.019,297,3,19,1,-29.154,-83.208,1.865
2012-05-05-09_22_10.020,297,3,19,1,-29.257,-83.278,1.865
2012-05-05-09_22_10.021,297,4,19,1,-38.176,-83.306,1.265
2012-05-05-09_22_10.022,297,4,19,1,-38.151,-83.210,1.265
2012-05-05-09_22_10.022,297,4,19,1,-38.254,-83.280,1.265
2012-05-05-09_22_10.023,297,5,19,1,-47.194,-83.296,1.565
2012-05-05-09_22_10.024,297,5,19,1,-47.282,-83.270,1.565
2012-05-05-09_22_10.025,297,5,19,1,-47.251,-83.298,1.665
2012-05-05-09_22_10.026,297,6,19,1,-56.196,-83.270,1.565
2012-05-05-09_22_10.028,297,6,19,1,-56.299,-83.340,1.665
2012-05-05-09_22_10.028,297,6,19,1,-56.307,-83.340,1.565
2012-05-05-09_22_10.029,297,7,19,1,-65.194,-83.276,2.465
2012-05-05-09_22_10.030,297,7,19,1,-65.201,-83.276,2.365
2012-05-05-09_22_10.031,297,7,19,1,-65.179,-83.181,2.365
2012-05-05-09_22_10.032,297,0,20,0,2.264,-87.784,2.078
2012-05-05-09_22_10.032,297,0,20,0,2.297,-87.696,2.078
2012-05-05-09_22_10.033,297,0,20,0,2.187,-87.754,2.078
2012-05-05-09_22_10.034,297,1,20,0,-6.754,-87.794,1.878
2012-05-05-09_22_10.035,297,1,20,0,-6.829,-87.768,1.878
2012-05-05-09_22_10.036,297,1,20,0,-6.770,-87.716,1.878
2012-05-05-09_22_10.036,297,2,20,0,-15.700,-87.714,1.478
2012-05-05-09_22_10.037,297,2,20,0,-15.778,-87.684,1.578
2012-05-05-09_22_10.038,297,2,20,0,-15.719,-87.640,1.478
2012-05-05-09_22_10.039,297,3,20,0,-24.722,-87.796,1.878
2012-05-05-09_22_10.039,297,3,20,0,-24.690,-87.709,1.878
2012-05-05-09_22_10.040,297,3,20,0,-24.800,-87.766,1.878
2012-05-05-09_22_10.041,297,4,20,0,-33.719,-87.798,1.278
2012-05-05-09_22_10.042,297,4,20,0,-33.687,-87.710,1.178
2012-05-05-09_22_10.044,297,4,20,0,-33.797,-87.768,1.178
2012-05-05-09_22_10.044,297,5,20,0,-42.730,-87.796,1.778
2012-05-05-09_22_10.045,297,5,20,0,-42.682,-87.836,1.478
2012-05-05-09_22_10.046,297,5,20,0,-42.782,-87.810,1.778
2012-05-05-09_22_10.047,297,6,20,0,-51.765,-87.859,1.578
2012-05-05-09_22_10.049,297,6,20,0,-51.732,-87.771,1.578
2012-05-05-09_22_10.050,297,6,20,0,-51.684,-87.811,1.578
2012-05-05-09_22_10.051,297,7,20,0,-60.659,-87.795,2.378
2012-05-05-09_22_10.051,297,7,20,0,-60.737,-87.765,2.378
2012-05-05-09_22_10.053,297,7,20,0,-60.678,-87.721,2.378
2012-05-05-09_22_10.054,297,0,20,1,-2.193,-87.791,1.987
2012-05-05-09_22_10.054,297,0,20,1,-2.276,-87.773,2.087
2012-05-05-09_22_10.055,297,0,20,1,-2.217,-87.710,2.087
2012-05-05-09_22_10.056,297,1,20,1,-11.294,-87.769,0.000
2012-05-05-09_22_10.057,297,2,20,1,-20.158,-87.721,1.487
2012-05-05-09_22_10.058,297,2,20,1,-20.241,-87.703,1.587
2012-05-05-09_22_10.060,297,3,20,1,-29.180,-87.803,1.687
2012-05-05-09_22_10.061,297,3,20,1,-29.263,-87.785,1.887
2012-05-05-09_22_10.061,297,3,20,1,-29.204,-87.723,1.887
2012-05-05-09_22_10.062,297,4,20,1,-38.176,-87.805,1.387
2012-05-05-09_22_10.065,297,4,20,1,-38.259,-87.787,1.287
2012-05-05-09_22_10.066,297,4,20,1,-38.200,-87.724,1.287
2012-05-05-09_22_10.067,297,5,20,1,-47.244,-87.810,1.587
2012-05-05-09_22_10.068,297,6,20,1,-56.222,-87.865,1.587
2012-05-05-09_22_10.069,297,6,20,1,-56.305,-87.847,1.587
2012-05-05-09_22_10.070,297,6,20,1,-56.148,-87.812,1.587
2012-05-05-09_22_10.070,297,7,20,1,-65.199,-87.784,2.387
2012-05-05-09_22_10.072,297,7,20,1,-65.140,-87.721,2.387
2012-05-05-09_22_10.072,297,0,21,0,2.269,-92.282,2.096
2012-05-05-09_22_10.074,297,0,21,0,2.296,-92.191,2.096
2012-05-05-09_22_10.075,297,0,21,0,2.189,-92.257,2.096
2012-05-05-09_22_10.076,297,1,21,0,-6.752,-92.296,1.896
2012-05-05-09_22_10.077,297,1,21,0,-6.830,-92.270,1.896
2012-05-05-09_22_10.080,297,1,21,0,-6.773,-92.210,1.896
2012-05-05-09_22_10.081,297,2,21,0,-15.696,-92.212,1.496
2012-05-05-09_22_10.081,297,2,21,0,-15.776,-92.187,1.396
2012-05-05-09_22_10.082,297,2,21,0,-15.717,-92.135,1.396
2012-05-05-09_22_10.083,297,3,21,0,-24.718,-92.294,1.896
2012-05-05-09_22_10.084,297,3,21,0,-24.691,-92.203,1.896
2012-05-05-09_22_10.085,297,3,21,0,-24.798,-92.269,1.896
2012-05-05-09_22_10.085,297,4,21,0,-33.715,-92.296,1.196
2012-05-05-09_22_10.086,297,4,21,0,-33.687,-92.205,1.196
2012-05-05-09_22_10.087,297,4,21,0,-33.795,-92.271,1.196
2012-05-05-09_22_10.088,297,5,21,0,-42.731,-92.291,1.796
2012-05-05-09_22_10.088,297,5,21,0,-42.682,-92.338,1.596
2012-05-05-09_22_10.089,297,5,21,0,-42.780,-92.305,1.796
2012-05-05-09_22_10.090,297,6,21,0,-51.760,-92.357,1.596
2012-05-05-09_22_10.091,297,6,21,0,-51.733,-92.265,1.596
2012-05-05-09_22_10.091,297,6,21,0,-51.684,-92.312,1.596
2012-05-05-09_22_10.092,297,7,21,0,-60.655,-92.293,2.296
2012-05-05-09_22_10.094,297,7,21,0,-60.735,-92.268,2.296
2012-05-05-09_22_10.095,297,7,21,0,-60.676,-92.216,2.396
2012-05-05-09_22_10.096,297,0,21,1,-2.191,-92.289,2.104
2012-05-05-09_22_10.097,297,0,21,1,-2.168,-92.190,2.104
2012-05-05-09_22_10.098,297,0,21,1,-2.266,-92.270,2.104
2012-05-05-09_22_10.098,297,1,21,1,-11.216,-92.296,2.004
2012-05-05-09_22_10.099,297,1,21,1,-11.342,-92.222,2.004
2012-05-05-09_22_10.100,297,1,21,1,-11.235,-92.209,2.004
2012-05-05-09_22_10.101,297,2,21,1,-20.156,-92.219,1.404
2012-05-05-09_22_10.101,297,2,21,1,-20.231,-92.200,1.504
2012-05-05-09_22_10.104,297,2,21,1,-20.238,-92.199,1.504
2012-05-05-09_22_10.105,297,3,21,1,-29.178,-92.301,1.604
2012-05-05-09_22_10.106,297,3,21,1,-29.155,-92.202,1.804
2012-05-05-09_22_10.107,297,3,21,1,-29.253,-92.282,1.904
2012-05-05-09_22_10.107,297,4,21,1,-38.174,-92.303,1.304
2012-05-05-09_22_10.108,297,4,21,1,-38.152,-92.204,1.304
2012-05-05-09_22_10.109,297,4,21,1,-38.250,-92.284,1.204
2012-05-05-09_22_10.110,297,5,21,1,-47.195,-92.290,1.604
2012-05-05-09_22_10.111,297,5,21,1,-47.281,-92.270,1.604
2012-05-05-09_22_10.112,297,5,21,1,-47.251,-92.291,1.704
2012-05-05-09_22_10.113,297,6,21,1,-56.220,-92.363,1.604
2012-05-05-09_22_10.114,297,6,21,1,-56.197,-92.265,1.604
2012-05-05-09_22_10.114,297,6,21,1,-56.295,-92.344,1.604
2012-05-05-09_22_10.116,297,7,21,1,-65.190,-92.281,2.204
2012-05-05-09_22_10.117,297,7,21,1,-65.197,-92.280,2.304
2012-05-05-09_22_10.118,297,7,21,1,-65.177,-92.181,2.404
2012-05-05-09_22_10.119,297,0,22,0,2.269,-96.780,2.016
2012-05-05-09_22_10.120,297,0,22,0,2.296,-96.691,2.016
2012-05-05-09_22_10.121,297,0,22,0,2.186,-96.758,10.616
2012-05-05-09_22_10.122,297,1,22,0,-6.757,-96.795,1.916
2012-05-05-09_22_10.122,297,1,22,0,-6.830,-96.775,1.916
2012-05-05-09_22_10.123,297,1,22,0,-6.776,-96.708,1.916
2012-05-05-09_22_10.124,297,2,22,0,-15.696,-96.710,1.316
2012-05-05-09_22_10.125,297,2,22,0,-15.779,-96.688,11.316
2012-05-05-09_22_10.126,297,2,22,0,-15.715,-96.640,1.416
2012-05-05-09_22_10.127,297,3,22,0,-24.718,-96.792,1.816
2012-05-05-09_22_10.129,297,3,22,0,-24.691,-96.703,1.916
2012-05-05-09_22_10.129,297,3,22,0,-24.801,-96.770,10.016
2012-05-05-09_22_10.130,297,4,22,0,-33.715,-96.794,1.216
2012-05-05-09_22_10.132,297,4,22,0,-33.688,-96.705,1.216
2012-05-05-09_22_10.133,297,4,22,0,-33.798,-96.772,6.816
2012-05-05-09_22_10.133,297,5,22,0,-42.731,-96.791,1.816
2012-05-05-09_22_10.135,297,5,22,0,-42.683,-96.843,1.516
2012-05-05-09_22_10.136,297,5,22,0,-42.778,-96.810,1.816
2012-05-05-09_22_10.138,297,6,22,0,-51.760,-96.854,1.516
2012-05-05-09_22_10.140,297,6,22,0,-51.733,-96.766,1.616
2012-05-05-09_22_10.141,297,6,22,0,-51.685,-96.817,1.516
2012-05-05-09_22_10.142,297,7,22,0,-60.655,-96.790,2.316
2012-05-05-09_22_10.143,297,7,22,0,-60.738,-96.769,13.216
2012-05-05-09_22_10.144,297,7,22,0,-60.674,-96.721,2.316
2012-05-05-09_22_10.145,297,0,22,1,-2.191,-96.786,2.125
2012-05-05-09_22_10.146,297,0,22,1,-2.168,-96.691,2.125
2012-05-05-09_22_10.147,297,0,22,1,-2.264,-96.767,2.025
2012-05-05-09_22_10.148,297,1,22,1,-11.214,-96.794,2.025
2012-05-05-09_22_10.149,297,1,22,1,-11.343,-96.722,2.025
2012-05-05-09_22_10.150,297,1,22,1,-11.235,-96.708,1.925
2012-05-05-09_22_10.151,297,2,22,1,-20.156,-96.716,1.525
2012-05-05-09_22_10.152,297,2,22,1,-20.229,-96.697,1.425
2012-05-05-09_22_10.153,297,2,22,1,-20.236,-96.697,1.525
2012-05-05-09_22_10.154,297,3,22,1,-29.178,-96.798,1.625
2012-05-05-09_22_10.155,297,3,22,1,-29.155,-96.703,1.825
2012-05-05-09_22_10.156,297,3,22,1,-29.251,-96.780,1.725
2012-05-05-09_22_10.159,297,4,22,1,-38.175,-96.800,1.225
2012-05-05-09_22_10.159,297,4,22,1,-38.152,-96.705,1.225
2012-05-05-09_22_10.160,297,4,22,1,-38.248,-96.781,1.225
2012-05-05-09_22_10.162,297,5,22,1,-47.196,-96.790,1.625
2012-05-05-09_22_10.162,297,5,22,1,-47.281,-96.768,1.625
2012-05-05-09_22_10.164,297,5,22,1,-47.252,-96.790,1.625
2012-05-05-09_22_10.165,297,6,22,1,-56.220,-96.861,1.625
2012-05-05-09_22_10.166,297,6,22,1,-56.197,-96.765,1.625
2012-05-05-09_22_10.166,297,6,22,1,-56.293,-96.842,1.625
2012-05-05-09_22_10.169,297,7,22,1,-65.188,-96.778,2.125
2012-05-05-09_22_10.169,297,7,22,1,-65.195,-96.778,2.225
2012-05-05-09_22_10.170,297,7,22,1,-65.177,-96.679,2.425
2012-05-05-09_22_10.171,297,0,23,0,2.271,-101.279,2.040
2012-05-05-09_22_10.172,297,0,23,0,2.298,-101.191,2.040
2012-05-05-09_22_10.174,297,0,23,0,2.188,-101.254,2.040
2012-05-05-09_22_10.175,297,1,23,0,-6.757,-101.289,1.940
2012-05-05-09_22_10.175,297,1,23,0,-6.830,-101.270,1.940
2012-05-05-09_22_10.176,297,1,23,0,-6.776,-101.205,1.940
2012-05-05-09_22_10.177,297,2,23,0,-15.694,-101.209,1.340
2012-05-05-09_22_10.178,297,2,23,0,-15.777,-101.184,1.240
2012-05-05-09_22_10.178,297,2,23,0,-15.713,-101.140,1.240
2012-05-05-09_22_10.179,297,3,23,0,-24.716,-101.291,1.840
2012-05-05-09_22_10.180,297,3,23,0,-24.689,-101.203,1.840
2012-05-05-09_22_10.181,297,3,23,0,-24.799,-101.267,1.840
2012-05-05-09_22_10.183,297,4,23,0,-33.713,-101.293,1.140
2012-05-05-09_22_10.184,297,4,23,0,-33.685,-101.205,1.140
2012-05-05-09_22_10.184,297,4,23,0,-33.796,-101.268,1.140
2012-05-05-09_22_10.185,297,5,23,0,-42.729,-101.291,1.640
2012-05-05-09_22_10.186,297,5,23,0,-42.683,-101.338,1.440
2012-05-05-09_22_10.188,297,5,23,0,-42.776,-101.309,1.640
2012-05-05-09_22_10.189,297,6,23,0,-51.758,-101.354,1.540
2012-05-05-09_22_10.189,297,6,23,0,-51.731,-101.265,1.540
2012-05-05-09_22_10.190,297,6,23,0,-51.685,-101.313,1.540
2012-05-05-09_22_10.191,297,7,23,0,-60.653,-101.290,2.340
2012-05-05-09_22_10.192,297,7,23,0,-60.736,-101.265,2.340
2012-05-05-09_22_10.194,297,7,23,0,-60.672,-101.220,2.240
2012-05-05-09_22_10.195,297,0,23,1,-2.179,-101.276,2.040
2012-05-05-09_22_10.195,297,0,23,1,-2.166,-101.190,2.040
2012-05-05-09_22_10.196,297,0,23,1,-2.262,-101.265,2.040
2012-05-05-09_22_10.197,297,1,23,1,-11.354,-101.308,1.940
2012-05-05-09_22_10.198,297,1,23,1,-11.341,-101.222,1.940
2012-05-05-09_22_10.199,297,1,23,1,-11.236,-101.205,1.940
2012-05-05-09_22_10.200,297,2,23,1,-20.144,-101.206,1.440
2012-05-05-09_22_10.200,297,2,23,1,-20.227,-101.194,1.440
2012-05-05-09_22_10.201,297,2,23,1,-20.237,-101.194,1.440
2012-05-05-09_22_10.203,297,3,23,1,-29.166,-101.288,1.640
2012-05-05-09_22_10.204,297,3,23,1,-29.153,-101.203,1.840
2012-05-05-09_22_10.205,297,3,23,1,-29.249,-101.277,1.840
2012-05-05-09_22_10.206,297,4,23,1,-38.163,-101.290,1.240
2012-05-05-09_22_10.206,297,4,23,1,-38.150,-101.204,1.240
2012-05-05-09_22_10.207,297,4,23,1,-38.246,-101.279,1.240
2012-05-05-09_22_10.208,297,5,23,1,-47.194,-101.290,1.540
2012-05-05-09_22_10.209,297,5,23,1,-47.279,-101.266,1.640
2012-05-05-09_22_10.211,297,5,23,1,-47.250,-101.292,1.640
2012-05-05-09_22_10.212,297,6,23,1,-56.208,-101.350,1.540
2012-05-05-09_22_10.212,297,6,23,1,-56.195,-101.265,1.540
2012-05-05-09_22_10.214,297,6,23,1,-56.291,-101.339,1.540
2012-05-05-09_22_10.215,297,7,23,1,-65.186,-101.275,2.040
2012-05-05-09_22_10.217,297,7,23,1,-65.196,-101.275,2.140
2012-05-05-09_22_10.218,297,7,23,1,-65.175,-101.177,2.140
