2012-05-04-15_43_48.430,12,0,0,0,2.256,2.217,1.764
2012-05-04-15_43_48.431,12,0,0,0,2.296,2.305,1.764
2012-05-04-15_43_48.467,12,0,0,0,2.195,2.245,1.564
2012-05-04-15_43_48.468,12,1,0,0,-6.752,2.208,2.264
2012-05-04-15_43_48.469,12,1,0,0,-6.830,2.234,2.264
2012-05-04-15_43_48.470,12,1,0,0,-6.771,2.286,2.264
2012-05-04-15_43_48.471,12,2,0,0,-15.709,2.287,1.764
2012-05-04-15_43_48.473,12,2,0,0,-15.770,2.315,1.764
2012-05-04-15_43_48.474,12,2,0,0,-15.713,2.361,1.764
2012-05-04-15_43_48.475,12,3,0,0,-24.731,2.204,2.964
2012-05-04-15_43_48.476,12,3,0,0,-24.691,2.293,3.064
2012-05-04-15_43_48.476,12,3,0,0,-24.792,2.233,2.964
2012-05-04-15_43_48.477,12,4,0,0,-33.728,2.203,2.064
2012-05-04-15_43_48.478,12,4,0,0,-33.688,2.291,2.064
2012-05-04-15_43_48.478,12,4,0,0,-33.788,2.231,2.064
2012-05-04-15_43_48.479,12,5,0,0,-42.732,2.205,2.264
2012-05-04-15_43_48.479,12,5,0,0,-42.683,2.166,2.264
2012-05-04-15_43_48.480,12,5,0,0,-42.776,2.191,2.264
2012-05-04-15_43_48.480,12,6,0,0,-51.773,2.142,1.664
2012-05-04-15_43_48.481,12,6,0,0,-51.733,2.230,1.664
2012-05-04-15_43_48.481,12,6,0,0,-51.834,2.170,1.664
2012-05-04-15_43_48.482,12,7,0,0,-60.668,2.206,2.464
2012-05-04-15_43_48.482,12,7,0,0,-60.729,2.234,2.464
2012-05-04-15_43_48.483,12,7,0,0,-60.672,2.280,2.364
2012-05-04-15_43_48.483,12,0,0,1,-2.192,2.209,2.365
2012-05-04-15_43_48.484,12,0,0,1,-2.167,2.305,2.364
2012-05-04-15_43_48.484,12,0,0,1,-2.260,2.230,2.264
2012-05-04-15_43_48.485,12,1,0,1,-11.207,2.208,2.765
2012-05-04-15_43_48.486,12,1,0,1,-11.341,2.274,2.864
2012-05-04-15_43_48.486,12,1,0,1,-11.229,2.286,2.764
2012-05-04-15_43_48.487,12,2,0,1,-20.157,2.279,2.065
2012-05-04-15_43_48.488,12,2,0,1,-20.225,2.300,2.064
2012-05-04-15_43_48.489,12,2,0,1,-20.232,2.302,2.064
2012-05-04-15_43_48.490,12,3,0,1,-29.179,2.197,2.765
2012-05-04-15_43_48.491,12,3,0,1,-29.153,2.293,2.864
2012-05-04-15_43_48.491,12,3,0,1,-29.247,2.218,2.764
2012-05-04-15_43_48.492,12,4,0,1,-38.175,2.195,2.665
2012-05-04-15_43_48.493,12,4,0,1,-38.150,2.291,2.564
2012-05-04-15_43_48.493,12,4,0,1,-38.243,2.216,2.564
2012-05-04-15_43_48.494,12,5,0,1,-47.194,2.206,1.564
2012-05-04-15_43_48.495,12,5,0,1,-47.277,2.227,1.564
2012-05-04-15_43_48.496,12,5,0,1,-47.247,2.202,1.564
2012-05-04-15_43_48.497,12,6,0,1,-56.221,2.134,2.565
2012-05-04-15_43_48.498,12,6,0,1,-56.195,2.231,2.464
2012-05-04-15_43_48.498,12,6,0,1,-56.289,2.156,2.564
2012-05-04-15_43_48.499,12,7,0,1,-65.183,2.220,1.664
2012-05-04-15_43_48.500,12,7,0,1,-65.191,2.221,1.664
2012-05-04-15_43_48.501,12,7,0,1,-65.173,2.316,1.664
2012-05-04-15_43_48.502,12,0,1,0,2.270,-2.283,1.478
2012-05-04-15_43_48.504,12,0,1,0,2.298,-2.189,1.478
2012-05-04-15_43_48.505,12,0,1,0,2.195,-2.259,1.478
2012-05-04-15_43_48.506,12,1,1,0,-6.748,-2.294,1.578
2012-05-04-15_43_48.506,12,1,1,0,-6.828,-2.268,1.578
2012-05-04-15_43_48.507,12,1,1,0,-6.772,-2.209,1.578
2012-05-04-15_43_48.507,12,2,1,0,-15.695,-2.213,1.278
2012-05-04-15_43_48.508,12,2,1,0,-15.770,-2.189,1.278
2012-05-04-15_43_48.509,12,2,1,0,-15.746,-2.198,1.278
2012-05-04-15_43_48.509,12,3,1,0,-24.717,-2.295,1.678
2012-05-04-15_43_48.510,12,3,1,0,-24.689,-2.201,1.678
2012-05-04-15_43_48.510,12,3,1,0,-24.792,-2.271,1.678
2012-05-04-15_43_48.511,12,4,1,0,-33.713,-2.297,0.978
2012-05-04-15_43_48.512,12,4,1,0,-33.686,-2.203,0.878
2012-05-04-15_43_48.514,12,4,1,0,-33.789,-2.273,0.878
2012-05-04-15_43_48.515,12,5,1,0,-42.730,-2.289,1.878
2012-05-04-15_43_48.515,12,5,1,0,-42.681,-2.336,1.778
2012-05-04-15_43_48.516,12,5,1,0,-42.776,-2.303,1.878
2012-05-04-15_43_48.517,12,6,1,0,-51.759,-2.358,1.178
2012-05-04-15_43_48.517,12,6,1,0,-51.731,-2.264,0.978
2012-05-04-15_43_48.518,12,6,1,0,-51.834,-2.333,1.078
2012-05-04-15_43_48.519,12,7,1,0,-60.654,-2.294,1.578
2012-05-04-15_43_48.520,12,7,1,0,-60.729,-2.270,1.578
2012-05-04-15_43_48.521,12,7,1,0,-60.672,-2.214,1.578
2012-05-04-15_43_48.521,12,0,1,1,-2.192,-2.289,1.688
2012-05-04-15_43_48.522,12,0,1,1,-2.164,-2.189,1.788
2012-05-04-15_43_48.523,12,0,1,1,-2.263,-2.271,1.688
2012-05-04-15_43_48.524,12,1,1,1,-11.203,-2.295,1.088
2012-05-04-15_43_48.525,12,1,1,1,-11.339,-2.221,1.388
2012-05-04-15_43_48.525,12,1,1,1,-11.229,-2.208,1.387
2012-05-04-15_43_48.526,12,2,1,1,-20.157,-2.219,1.488
2012-05-04-15_43_48.527,12,2,1,1,-20.228,-2.201,1.488
2012-05-04-15_43_48.528,12,2,1,1,-20.235,-2.200,1.488
2012-05-04-15_43_48.530,12,3,1,1,-29.179,-2.301,1.088
2012-05-04-15_43_48.530,12,3,1,1,-29.151,-2.201,1.088
2012-05-04-15_43_48.531,12,3,1,1,-29.250,-2.283,1.088
2012-05-04-15_43_48.532,12,4,1,1,-38.176,-2.303,0.788
2012-05-04-15_43_48.533,12,4,1,1,-38.148,-2.203,0.788
2012-05-04-15_43_48.534,12,4,1,1,-38.246,-2.285,0.788
2012-05-04-15_43_48.534,12,5,1,1,-47.192,-2.289,0.988
2012-05-04-15_43_48.541,12,5,1,1,-47.277,-2.269,0.888
2012-05-04-15_43_48.542,12,5,1,1,-47.248,-2.292,0.987
2012-05-04-15_43_48.543,12,6,1,1,-56.221,-2.364,0.988
2012-05-04-15_43_48.544,12,6,1,1,-56.193,-2.264,0.988
2012-05-04-15_43_48.544,12,6,1,1,-56.292,-2.346,0.988
2012-05-04-15_43_48.545,12,7,1,1,-65.186,-2.282,1.388
2012-05-04-15_43_48.546,12,7,1,1,-65.194,-2.281,1.488
2012-05-04-15_43_48.547,12,7,1,1,-65.173,-2.180,1.388
2012-05-04-15_43_48.547,12,0,2,0,2.260,-6.780,1.902
2012-05-04-15_43_48.548,12,0,2,0,2.295,-6.689,1.902
2012-05-04-15_43_48.549,12,0,2,0,2.197,-6.760,1.902
2012-05-04-15_43_48.549,12,1,2,0,-6.746,-6.793,1.702
2012-05-04-15_43_48.550,12,1,2,0,-6.829,-6.772,1.702
2012-05-04-15_43_48.551,12,1,2,0,-6.770,-6.706,1.802
2012-05-04-15_43_48.552,12,2,2,0,-15.705,-6.710,0.902
2012-05-04-15_43_48.553,12,2,2,0,-15.768,-6.689,0.902
2012-05-04-15_43_48.554,12,2,2,0,-15.712,-6.637,0.902
2012-05-04-15_43_48.554,12,3,2,0,-24.727,-6.792,1.402
2012-05-04-15_43_48.555,12,3,2,0,-24.692,-6.701,1.402
2012-05-04-15_43_48.556,12,3,2,0,-24.790,-6.772,1.402
2012-05-04-15_43_48.558,12,4,2,0,-33.724,-6.794,0.802
2012-05-04-15_43_48.559,12,4,2,0,-33.689,-6.703,0.802
2012-05-04-15_43_48.560,12,4,2,0,-33.787,-6.774,0.802
2012-05-04-15_43_48.560,12,5,2,0,-42.733,-6.789,1.102
2012-05-04-15_43_48.561,12,5,2,0,-42.682,-6.840,1.102
2012-05-04-15_43_48.562,12,5,2,0,-42.774,-6.807,1.002
2012-05-04-15_43_48.563,12,6,2,0,-51.769,-6.855,1.202
2012-05-04-15_43_48.563,12,6,2,0,-51.734,-6.763,1.202
2012-05-04-15_43_48.564,12,6,2,0,-51.832,-6.834,1.102
2012-05-04-15_43_48.565,12,7,2,0,-60.664,-6.791,1.702
2012-05-04-15_43_48.566,12,7,2,0,-60.727,-6.770,1.702
2012-05-04-15_43_48.566,12,7,2,0,-60.671,-6.718,1.702
2012-05-04-15_43_48.568,12,0,2,1,-2.192,-6.786,1.910
2012-05-04-15_43_48.568,12,0,2,1,-2.165,-6.688,1.910
2012-05-04-15_43_48.569,12,0,2,1,-2.263,-6.770,1.910
2012-05-04-15_43_48.570,12,1,2,1,-11.203,-6.791,1.710
2012-05-04-15_43_48.571,12,1,2,1,-11.339,-6.720,1.710
2012-05-04-15_43_48.571,12,1,2,1,-11.229,-6.706,1.710
2012-05-04-15_43_48.572,12,2,2,1,-20.157,-6.716,0.910
2012-05-04-15_43_48.573,12,2,2,1,-20.228,-6.700,1.010
2012-05-04-15_43_48.574,12,2,2,1,-20.235,-6.696,1.010
2012-05-04-15_43_48.575,12,3,2,1,-29.179,-6.799,1.110
2012-05-04-15_43_48.576,12,3,2,1,-29.152,-6.700,1.110
2012-05-04-15_43_48.576,12,3,2,1,-29.250,-6.782,1.110
2012-05-04-15_43_48.577,12,4,2,1,-38.176,-6.800,0.810
2012-05-04-15_43_48.578,12,4,2,1,-38.148,-6.702,0.810
2012-05-04-15_43_48.579,12,4,2,1,-38.247,-6.784,0.810
2012-05-04-15_43_48.580,12,5,2,1,-47.192,-6.788,1.110
2012-05-04-15_43_48.580,12,5,2,1,-47.280,-6.766,1.110
2012-05-04-15_43_48.581,12,5,2,1,-47.248,-6.793,1.110
2012-05-04-15_43_48.582,12,6,2,1,-56.221,-6.861,1.210
2012-05-04-15_43_48.583,12,6,2,1,-56.194,-6.763,1.210
2012-05-04-15_43_48.583,12,6,2,1,-56.292,-6.845,1.210
2012-05-04-15_43_48.584,12,7,2,1,-65.187,-6.781,1.810
2012-05-04-15_43_48.585,12,7,2,1,-65.194,-6.777,1.810
2012-05-04-15_43_48.586,12,7,2,1,-65.176,-6.677,1.810
2012-05-04-15_43_48.586,12,0,3,0,2.269,-11.278,1.920
2012-05-04-15_43_48.588,12,0,3,0,2.292,-11.190,1.920
2012-05-04-15_43_48.588,12,0,3,0,2.194,-11.256,2.020
2012-05-04-15_43_48.589,12,1,3,0,-6.746,-11.289,1.820
2012-05-04-15_43_48.589,12,1,3,0,-6.829,-11.269,1.820
2012-05-04-15_43_48.590,12,1,3,0,-6.768,-11.204,1.820
2012-05-04-15_43_48.591,12,2,3,0,-15.696,-11.208,1.120
2012-05-04-15_43_48.604,12,2,3,0,-15.771,-11.186,1.120
2012-05-04-15_43_48.604,12,2,3,0,-15.715,-11.139,1.120
2012-05-04-15_43_48.605,12,3,3,0,-24.718,-11.290,1.420
2012-05-04-15_43_48.606,12,3,3,0,-24.695,-11.202,1.520
2012-05-04-15_43_48.607,12,3,3,0,-24.793,-11.268,1.520
2012-05-04-15_43_48.608,12,4,3,0,-33.714,-11.292,0.820
2012-05-04-15_43_48.608,12,4,3,0,-33.692,-11.204,0.820
2012-05-04-15_43_48.609,12,4,3,0,-33.790,-11.270,0.820
2012-05-04-15_43_48.609,12,5,3,0,-42.735,-11.290,1.220
2012-05-04-15_43_48.610,12,5,3,0,-42.682,-11.338,1.120
2012-05-04-15_43_48.610,12,5,3,0,-42.777,-11.309,1.120
2012-05-04-15_43_48.611,12,6,3,0,-51.760,-11.353,1.320
2012-05-04-15_43_48.612,12,6,3,0,-51.737,-11.264,1.320
2012-05-04-15_43_48.612,12,6,3,0,-51.835,-11.330,1.220
2012-05-04-15_43_48.613,12,7,3,0,-60.654,-11.289,1.820
2012-05-04-15_43_48.614,12,7,3,0,-60.730,-11.266,1.820
2012-05-04-15_43_48.614,12,7,3,0,-60.673,-11.220,1.820
2012-05-04-15_43_48.615,12,0,3,1,-2.190,-11.288,1.827
2012-05-04-15_43_48.615,12,0,3,1,-2.165,-11.189,1.827
2012-05-04-15_43_48.616,12,0,3,1,-2.268,-11.266,1.927
2012-05-04-15_43_48.616,12,1,3,1,-11.206,-11.288,1.727
2012-05-04-15_43_48.617,12,1,3,1,-11.340,-11.221,1.827
2012-05-04-15_43_48.617,12,1,3,1,-11.227,-11.204,1.827
2012-05-04-15_43_48.618,12,2,3,1,-20.155,-11.218,1.127
2012-05-04-15_43_48.618,12,2,3,1,-20.233,-11.196,1.127
2012-05-04-15_43_48.619,12,2,3,1,-20.238,-11.194,1.127
2012-05-04-15_43_48.619,12,3,3,1,-29.177,-11.300,1.227
2012-05-04-15_43_48.620,12,3,3,1,-29.152,-11.202,1.227
2012-05-04-15_43_48.620,12,3,3,1,-29.255,-11.278,1.227
2012-05-04-15_43_48.621,12,4,3,1,-38.174,-11.302,0.827
2012-05-04-15_43_48.621,12,4,3,1,-38.149,-11.203,0.827
2012-05-04-15_43_48.622,12,4,3,1,-38.252,-11.280,0.827
2012-05-04-15_43_48.622,12,5,3,1,-47.193,-11.289,1.127
2012-05-04-15_43_48.622,12,5,3,1,-47.280,-11.265,6.727
2012-05-04-15_43_48.623,12,5,3,1,-47.249,-11.293,1.127
2012-05-04-15_43_48.623,12,6,3,1,-56.219,-11.363,1.427
2012-05-04-15_43_48.624,12,6,3,1,-56.194,-11.264,1.327
2012-05-04-15_43_48.624,12,6,3,1,-56.297,-11.341,1.327
2012-05-04-15_43_48.625,12,7,3,1,-65.192,-11.277,1.827
2012-05-04-15_43_48.625,12,7,3,1,-65.197,-11.275,1.827
2012-05-04-15_43_48.626,12,7,3,1,-65.177,-11.176,8.727
2012-05-04-15_43_48.626,12,0,4,0,2.269,-15.781,2.039
2012-05-04-15_43_48.627,12,0,4,0,2.294,-15.696,2.039
2012-05-04-15_43_48.627,12,0,4,0,2.191,-15.754,2.039
2012-05-04-15_43_48.628,12,1,4,0,-6.742,-15.790,1.839
2012-05-04-15_43_48.628,12,1,4,0,-6.827,-15.768,1.939
2012-05-04-15_43_48.629,12,1,4,0,-6.766,-15.711,1.939
2012-05-04-15_43_48.629,12,2,4,0,-15.696,-15.711,1.139
2012-05-04-15_43_48.630,12,2,4,0,-15.774,-15.684,1.139
2012-05-04-15_43_48.630,12,2,4,0,-15.718,-15.641,1.039
2012-05-04-15_43_48.631,12,3,4,0,-24.718,-15.794,1.539
2012-05-04-15_43_48.631,12,3,4,0,-24.693,-15.708,1.539
2012-05-04-15_43_48.632,12,3,4,0,-24.796,-15.766,1.539
2012-05-04-15_43_48.632,12,4,4,0,-33.715,-15.795,0.839
2012-05-04-15_43_48.633,12,4,4,0,-33.690,-15.710,0.839
2012-05-04-15_43_48.633,12,4,4,0,-33.793,-15.768,0.839
2012-05-04-15_43_48.634,12,5,4,0,-42.733,-15.796,1.139
2012-05-04-15_43_48.634,12,5,4,0,-42.680,-15.836,1.239
2012-05-04-15_43_48.636,12,5,4,0,-42.780,-15.811,1.139
2012-05-04-15_43_48.636,12,6,4,0,-51.760,-15.856,1.239
2012-05-04-15_43_48.637,12,6,4,0,-51.735,-15.770,1.239
2012-05-04-15_43_48.638,12,6,4,0,-51.838,-15.829,1.239
2012-05-04-15_43_48.639,12,7,4,0,-60.655,-15.792,1.839
2012-05-04-15_43_48.639,12,7,4,0,-60.733,-15.765,1.839
2012-05-04-15_43_48.640,12,7,4,0,-60.676,-15.722,1.839
2012-05-04-15_43_48.641,12,0,4,1,-2.188,-15.794,1.950
2012-05-04-15_43_48.641,12,0,4,1,-2.161,-15.696,1.950
2012-05-04-15_43_48.641,12,0,4,1,-2.266,-15.766,1.950
2012-05-04-15_43_48.642,12,1,4,1,-11.206,-15.790,1.850
2012-05-04-15_43_48.642,12,1,4,1,-11.335,-15.727,1.850
2012-05-04-15_43_48.643,12,1,4,1,-11.228,-15.710,1.850
2012-05-04-15_43_48.643,12,2,4,1,-20.153,-15.724,1.150
2012-05-04-15_43_48.644,12,2,4,1,-20.231,-15.696,1.150
2012-05-04-15_43_48.644,12,2,4,1,-20.239,-15.695,1.250
2012-05-04-15_43_48.645,12,3,4,1,-29.175,-15.806,1.350
2012-05-04-15_43_48.645,12,3,4,1,-29.148,-15.708,1.250
2012-05-04-15_43_48.646,12,3,4,1,-29.253,-15.779,1.250
2012-05-04-15_43_48.646,12,4,4,1,-38.172,-15.808,0.950
2012-05-04-15_43_48.647,12,4,4,1,-38.144,-15.710,0.950
2012-05-04-15_43_48.647,12,4,4,1,-38.250,-15.780,0.950
2012-05-04-15_43_48.648,12,5,4,1,-47.188,-15.796,1.250
2012-05-04-15_43_48.648,12,5,4,1,-47.281,-15.770,1.150
2012-05-04-15_43_48.649,12,5,4,1,-47.249,-15.799,1.250
2012-05-04-15_43_48.649,12,6,4,1,-56.190,-15.770,1.350
2012-05-04-15_43_48.650,12,6,4,1,-56.295,-15.841,1.350
2012-05-04-15_43_48.650,12,6,4,1,-56.303,-15.840,1.450
2012-05-04-15_43_48.651,12,7,4,1,-65.190,-15.777,1.850
2012-05-04-15_43_48.651,12,7,4,1,-65.197,-15.776,1.850
2012-05-04-15_43_48.652,12,7,4,1,-65.177,-15.681,1.850
2012-05-04-15_43_48.652,12,0,5,0,2.266,-20.282,2.064
2012-05-04-15_43_48.653,12,0,5,0,2.293,-20.196,2.064
2012-05-04-15_43_48.653,12,0,5,0,2.190,-20.254,2.064
2012-05-04-15_43_48.654,12,1,5,0,-6.742,-20.294,1.964
2012-05-04-15_43_48.654,12,1,5,0,-6.825,-20.268,1.864
2012-05-04-15_43_48.655,12,1,5,0,-6.761,-20.215,1.864
2012-05-04-15_43_48.655,12,2,5,0,-15.699,-20.212,1.164
2012-05-04-15_43_48.656,12,2,5,0,-15.774,-20.184,1.064
2012-05-04-15_43_48.656,12,2,5,0,-15.718,-20.140,1.064
2012-05-04-15_43_48.657,12,3,5,0,-24.721,-20.295,1.564
2012-05-04-15_43_48.657,12,3,5,0,-24.694,-20.209,1.564
2012-05-04-15_43_48.658,12,3,5,0,-24.796,-20.266,1.564
2012-05-04-15_43_48.658,12,4,5,0,-33.718,-20.296,0.964
2012-05-04-15_43_48.659,12,4,5,0,-33.690,-20.210,0.964
2012-05-04-15_43_48.659,12,4,5,0,-33.793,-20.268,0.964
2012-05-04-15_43_48.659,12,5,5,0,-42.734,-20.296,1.164
2012-05-04-15_43_48.660,12,5,5,0,-42.678,-20.336,1.164
2012-05-04-15_43_48.661,12,5,5,0,-42.780,-20.310,1.164
2012-05-04-15_43_48.661,12,6,5,0,-51.763,-20.357,1.264
2012-05-04-15_43_48.662,12,6,5,0,-51.736,-20.271,1.264
2012-05-04-15_43_48.662,12,6,5,0,-51.839,-20.328,1.264
2012-05-04-15_43_48.663,12,7,5,0,-60.658,-20.293,1.864
2012-05-04-15_43_48.663,12,7,5,0,-60.733,-20.265,1.864
2012-05-04-15_43_48.664,12,7,5,0,-60.677,-20.221,1.864
2012-05-04-15_43_48.664,12,0,5,1,-2.189,-20.292,1.972
2012-05-04-15_43_48.665,12,0,5,1,-2.164,-20.196,1.972
2012-05-04-15_43_48.665,12,0,5,1,-2.264,-20.268,1.972
2012-05-04-15_43_48.666,12,1,5,1,-11.209,-20.294,1.872
2012-05-04-15_43_48.666,12,1,5,1,-11.338,-20.228,1.872
2012-05-04-15_43_48.667,12,1,5,1,-11.231,-20.215,1.872
2012-05-04-15_43_48.667,12,2,5,1,-20.154,-20.222,1.272
2012-05-04-15_43_48.667,12,2,5,1,-20.229,-20.198,1.172
2012-05-04-15_43_48.668,12,2,5,1,-20.237,-20.198,1.172
2012-05-04-15_43_48.668,12,3,5,1,-29.176,-20.304,1.272
2012-05-04-15_43_48.669,12,3,5,1,-29.151,-20.208,1.272
2012-05-04-15_43_48.670,12,3,5,1,-29.251,-20.281,1.272
2012-05-04-15_43_48.671,12,4,5,1,-38.172,-20.306,0.972
2012-05-04-15_43_48.671,12,4,5,1,-38.147,-20.210,0.972
2012-05-04-15_43_48.672,12,4,5,1,-38.248,-20.282,0.972
2012-05-04-15_43_48.672,12,5,5,1,-47.191,-20.296,1.172
2012-05-04-15_43_48.673,12,5,5,1,-47.279,-20.274,1.172
2012-05-04-15_43_48.673,12,5,5,1,-47.247,-20.298,1.272
2012-05-04-15_43_48.674,12,6,5,1,-56.193,-20.271,1.472
2012-05-04-15_43_48.674,12,6,5,1,-56.293,-20.343,1.472
2012-05-04-15_43_48.675,12,6,5,1,-56.301,-20.342,1.472
2012-05-04-15_43_48.675,12,7,5,1,-65.188,-20.279,1.872
2012-05-04-15_43_48.676,12,7,5,1,-65.195,-20.279,1.872
2012-05-04-15_43_48.676,12,7,5,1,-65.175,-20.185,1.872
2012-05-04-15_43_48.677,12,0,6,0,2.270,-24.783,1.981
2012-05-04-15_43_48.678,12,0,6,0,2.300,-24.690,1.982
2012-05-04-15_43_48.678,12,0,6,0,2.190,-24.758,1.982
2012-05-04-15_43_48.679,12,1,6,0,-6.740,-24.795,1.681
2012-05-04-15_43_48.679,12,1,6,0,-6.818,-24.769,1.682
2012-05-04-15_43_48.680,12,1,6,0,-6.759,-24.709,1.682
2012-05-04-15_43_48.680,12,2,6,0,-15.695,-24.713,1.081
2012-05-04-15_43_48.681,12,2,6,0,-15.775,-24.688,1.182
2012-05-04-15_43_48.681,12,2,6,0,-15.751,-24.698,1.082
2012-05-04-15_43_48.682,12,3,6,0,-24.717,-24.795,1.481
2012-05-04-15_43_48.682,12,3,6,0,-24.687,-24.702,1.582
2012-05-04-15_43_48.683,12,3,6,0,-24.797,-24.771,1.482
2012-05-04-15_43_48.683,12,4,6,0,-33.713,-24.797,0.981
2012-05-04-15_43_48.684,12,4,6,0,-33.683,-24.704,0.882
2012-05-04-15_43_48.684,12,4,6,0,-33.793,-24.772,0.882
2012-05-04-15_43_48.685,12,5,6,0,-42.727,-24.790,1.482
2012-05-04-15_43_48.685,12,5,6,0,-42.671,-24.837,1.482
2012-05-04-15_43_48.686,12,5,6,0,-42.776,-24.804,1.482
2012-05-04-15_43_48.686,12,6,6,0,-51.759,-24.857,1.381
2012-05-04-15_43_48.687,12,6,6,0,-51.729,-24.764,1.382
2012-05-04-15_43_48.687,12,6,6,0,-51.673,-24.812,1.382
2012-05-04-15_43_48.688,12,7,6,0,-60.653,-24.793,2.081
2012-05-04-15_43_48.689,12,7,6,0,-60.734,-24.769,2.182
2012-05-04-15_43_48.690,12,7,6,0,-60.672,-24.715,2.182
2012-05-04-15_43_48.690,12,0,6,1,-2.187,-24.788,1.890
2012-05-04-15_43_48.691,12,0,6,1,-2.162,-24.689,1.889
2012-05-04-15_43_48.691,12,0,6,1,-2.262,-24.771,1.989
2012-05-04-15_43_48.692,12,1,6,1,-11.212,-24.795,1.690
2012-05-04-15_43_48.692,12,1,6,1,-11.336,-24.721,1.689
2012-05-04-15_43_48.693,12,1,6,1,-11.234,-24.709,1.689
2012-05-04-15_43_48.693,12,2,6,1,-20.152,-24.718,1.090
2012-05-04-15_43_48.694,12,2,6,1,-20.227,-24.701,1.189
2012-05-04-15_43_48.694,12,2,6,1,-20.237,-24.700,1.189
2012-05-04-15_43_48.695,12,3,6,1,-29.174,-24.801,1.290
2012-05-04-15_43_48.695,12,3,6,1,-29.149,-24.701,1.489
2012-05-04-15_43_48.696,12,3,6,1,-29.249,-24.783,1.289
2012-05-04-15_43_48.696,12,4,6,1,-38.170,-24.802,0.990
2012-05-04-15_43_48.696,12,4,6,1,-38.145,-24.703,0.989
2012-05-04-15_43_48.697,12,4,6,1,-38.246,-24.785,0.989
2012-05-04-15_43_48.697,12,5,6,1,-47.189,-24.789,1.489
2012-05-04-15_43_48.698,12,5,6,1,-47.277,-24.770,1.389
2012-05-04-15_43_48.698,12,5,6,1,-47.245,-24.792,1.389
2012-05-04-15_43_48.699,12,6,6,1,-56.216,-24.863,1.490
2012-05-04-15_43_48.699,12,6,6,1,-56.191,-24.764,1.489
2012-05-04-15_43_48.700,12,6,6,1,-56.291,-24.845,1.489
2012-05-04-15_43_48.700,12,7,6,1,-65.186,-24.782,1.989
2012-05-04-15_43_48.701,12,7,6,1,-65.196,-24.781,1.989
2012-05-04-15_43_48.701,12,7,6,1,-65.173,-24.680,2.189
2012-05-04-15_43_48.702,12,0,7,0,2.263,-29.280,2.002
2012-05-04-15_43_48.702,12,0,7,0,2.302,-29.189,2.002
2012-05-04-15_43_48.703,12,0,7,0,2.190,-29.259,2.002
2012-05-04-15_43_48.704,12,1,7,0,-6.741,-29.292,1.802
2012-05-04-15_43_48.704,12,1,7,0,-6.816,-29.272,1.702
2012-05-04-15_43_48.705,12,1,7,0,-6.760,-29.206,1.702
2012-05-04-15_43_48.705,12,2,7,0,-15.702,-29.210,1.102
2012-05-04-15_43_48.706,12,2,7,0,-15.775,-29.189,1.102
2012-05-04-15_43_48.706,12,2,7,0,-15.751,-29.196,1.102
2012-05-04-15_43_48.707,12,3,7,0,-24.724,-29.292,1.502
2012-05-04-15_43_48.707,12,3,7,0,-24.685,-29.201,1.502
2012-05-04-15_43_48.708,12,3,7,0,-24.797,-29.271,1.502
2012-05-04-15_43_48.708,12,4,7,0,-33.721,-29.294,1.002
2012-05-04-15_43_48.709,12,4,7,0,-33.681,-29.203,1.002
2012-05-04-15_43_48.709,12,4,7,0,-33.794,-29.273,1.002
2012-05-04-15_43_48.710,12,5,7,0,-42.725,-29.289,1.502
2012-05-04-15_43_48.710,12,5,7,0,-42.813,-29.267,1.402
2012-05-04-15_43_48.710,12,5,7,0,-42.783,-29.293,1.502
2012-05-04-15_43_48.711,12,6,7,0,-51.766,-29.355,1.402
2012-05-04-15_43_48.711,12,6,7,0,-51.727,-29.264,1.402
2012-05-04-15_43_48.712,12,6,7,0,-51.671,-29.315,1.502
2012-05-04-15_43_48.712,12,7,7,0,-60.661,-29.291,2.202
2012-05-04-15_43_48.713,12,7,7,0,-60.734,-29.270,2.202
2012-05-04-15_43_48.713,12,7,7,0,-60.709,-29.178,2.202
2012-05-04-15_43_48.714,12,0,7,1,-2.187,-29.285,2.013
2012-05-04-15_43_48.714,12,0,7,1,-2.165,-29.188,2.013
2012-05-04-15_43_48.715,12,0,7,1,-2.263,-29.269,2.012
2012-05-04-15_43_48.715,12,1,7,1,-11.213,-29.292,1.713
2012-05-04-15_43_48.716,12,1,7,1,-11.339,-29.220,1.713
2012-05-04-15_43_48.716,12,1,7,1,-11.234,-29.205,1.712
2012-05-04-15_43_48.717,12,2,7,1,-20.152,-29.215,1.213
2012-05-04-15_43_48.717,12,2,7,1,-20.228,-29.199,1.112
2012-05-04-15_43_48.718,12,2,7,1,-20.235,-29.196,1.112
2012-05-04-15_43_48.718,12,3,7,1,-29.174,-29.298,1.313
2012-05-04-15_43_48.718,12,3,7,1,-29.151,-29.200,1.413
2012-05-04-15_43_48.719,12,3,7,1,-29.250,-29.281,1.312
2012-05-04-15_43_48.719,12,4,7,1,-38.171,-29.299,1.113
2012-05-04-15_43_48.720,12,4,7,1,-38.148,-29.202,1.013
2012-05-04-15_43_48.721,12,4,7,1,-38.246,-29.283,1.012
2012-05-04-15_43_48.721,12,5,7,1,-47.192,-29.288,1.513
2012-05-04-15_43_48.722,12,5,7,1,-47.275,-29.266,1.512
2012-05-04-15_43_48.722,12,5,7,1,-47.246,-29.293,1.512
2012-05-04-15_43_48.723,12,6,7,1,-56.216,-29.360,1.413
2012-05-04-15_43_48.723,12,6,7,1,-56.194,-29.263,1.513
2012-05-04-15_43_48.724,12,6,7,1,-56.292,-29.344,1.512
2012-05-04-15_43_48.724,12,7,7,1,-65.186,-29.280,2.012
2012-05-04-15_43_48.725,12,7,7,1,-65.194,-29.277,2.112
2012-05-04-15_43_48.725,12,7,7,1,-65.171,-29.177,2.312
2012-05-04-15_43_48.726,12,0,8,0,2.265,-33.778,2.027
2012-05-04-15_43_48.726,12,0,8,0,2.302,-33.688,2.027
2012-05-04-15_43_48.727,12,0,8,0,2.189,-33.755,2.027
2012-05-04-15_43_48.727,12,1,8,0,-6.744,-33.788,1.727
2012-05-04-15_43_48.728,12,1,8,0,-6.819,-33.768,1.727
2012-05-04-15_43_48.728,12,1,8,0,-6.765,-33.703,1.727
2012-05-04-15_43_48.729,12,2,8,0,-15.700,-33.708,1.127
2012-05-04-15_43_48.729,12,2,8,0,-15.776,-33.685,1.127
2012-05-04-15_43_48.730,12,2,8,0,-15.709,-33.638,1.127
2012-05-04-15_43_48.730,12,3,8,0,-24.722,-33.790,1.527
2012-05-04-15_43_48.731,12,3,8,0,-24.685,-33.700,1.527
2012-05-04-15_43_48.731,12,3,8,0,-24.798,-33.768,1.527
2012-05-04-15_43_48.732,12,4,8,0,-33.719,-33.792,1.027
2012-05-04-15_43_48.732,12,4,8,0,-33.682,-33.702,1.027
2012-05-04-15_43_48.732,12,4,8,0,-33.794,-33.769,1.127
2012-05-04-15_43_48.733,12,5,8,0,-42.725,-33.788,1.527
2012-05-04-15_43_48.733,12,5,8,0,-42.672,-33.836,1.527
2012-05-04-15_43_48.735,12,5,8,0,-42.772,-33.808,1.427
2012-05-04-15_43_48.736,12,6,8,0,-51.764,-33.853,1.427
2012-05-04-15_43_48.736,12,6,8,0,-51.727,-33.763,1.527
2012-05-04-15_43_48.737,12,6,8,0,-51.674,-33.811,1.427
2012-05-04-15_43_48.737,12,7,8,0,-60.659,-33.789,2.127
2012-05-04-15_43_48.737,12,7,8,0,-60.734,-33.766,2.227
2012-05-04-15_43_48.738,12,7,8,0,-60.668,-33.719,2.227
2012-05-04-15_43_48.739,12,0,8,1,-2.190,-33.786,2.035
2012-05-04-15_43_48.739,12,0,8,1,-2.165,-33.687,2.035
2012-05-04-15_43_48.740,12,0,8,1,-2.261,-33.766,2.035
2012-05-04-15_43_48.741,12,1,8,1,-11.213,-33.787,1.735
2012-05-04-15_43_48.742,12,1,8,1,-11.339,-33.719,1.735
2012-05-04-15_43_48.743,12,1,8,1,-11.237,-33.702,1.735
2012-05-04-15_43_48.743,12,2,8,1,-20.155,-33.716,1.135
2012-05-04-15_43_48.744,12,2,8,1,-20.226,-33.696,1.235
2012-05-04-15_43_48.744,12,2,8,1,-20.233,-33.693,1.235
2012-05-04-15_43_48.745,12,3,8,1,-29.177,-33.798,1.135
2012-05-04-15_43_48.745,12,3,8,1,-29.152,-33.699,1.235
2012-05-04-15_43_48.746,12,3,8,1,-29.248,-33.778,1.135
2012-05-04-15_43_48.746,12,4,8,1,-38.174,-33.800,1.035
2012-05-04-15_43_48.747,12,4,8,1,-38.148,-33.701,1.035
2012-05-04-15_43_48.747,12,4,8,1,-38.244,-33.780,1.035
2012-05-04-15_43_48.747,12,5,8,1,-47.192,-33.787,1.535
2012-05-04-15_43_48.748,12,5,8,1,-47.275,-33.763,1.535
2012-05-04-15_43_48.748,12,5,8,1,-47.246,-33.793,1.535
2012-05-04-15_43_48.749,12,6,8,1,-56.219,-33.861,1.535
2012-05-04-15_43_48.749,12,6,8,1,-56.194,-33.762,1.535
2012-05-04-15_43_48.750,12,6,8,1,-56.290,-33.841,1.535
2012-05-04-15_43_48.750,12,7,8,1,-65.184,-33.777,2.335
2012-05-04-15_43_48.751,12,7,8,1,-65.192,-33.774,2.235
2012-05-04-15_43_48.751,12,7,8,1,-65.171,-33.674,2.335
2012-05-04-15_43_48.752,12,0,9,0,2.276,-38.282,1.945
2012-05-04-15_43_48.752,12,0,9,0,2.304,-38.195,2.045
2012-05-04-15_43_48.753,12,0,9,0,2.191,-38.254,1.945
2012-05-04-15_43_48.753,12,1,9,0,-6.744,-38.289,1.845
2012-05-04-15_43_48.754,12,1,9,0,-6.820,-38.268,1.845
2012-05-04-15_43_48.754,12,1,9,0,-6.768,-38.210,1.945
2012-05-04-15_43_48.755,12,2,9,0,-15.688,-38.212,1.245
2012-05-04-15_43_48.755,12,2,9,0,-15.774,-38.184,1.245
2012-05-04-15_43_48.756,12,2,9,0,-15.710,-38.141,1.245
2012-05-04-15_43_48.756,12,3,9,0,-24.710,-38.294,1.645
2012-05-04-15_43_48.757,12,3,9,0,-24.683,-38.207,1.645
2012-05-04-15_43_48.757,12,3,9,0,-24.796,-38.266,1.645
2012-05-04-15_43_48.757,12,4,9,0,-33.707,-38.296,1.045
2012-05-04-15_43_48.758,12,4,9,0,-33.680,-38.209,1.045
2012-05-04-15_43_48.759,12,4,9,0,-33.792,-38.268,1.045
2012-05-04-15_43_48.760,12,5,9,0,-42.723,-38.295,1.545
2012-05-04-15_43_48.760,12,5,9,0,-42.672,-38.336,1.545
2012-05-04-15_43_48.761,12,5,9,0,-42.772,-38.311,1.545
2012-05-04-15_43_48.761,12,6,9,0,-51.753,-38.356,1.445
2012-05-04-15_43_48.762,12,6,9,0,-51.725,-38.270,1.445
2012-05-04-15_43_48.763,12,6,9,0,-51.838,-38.329,1.445
2012-05-04-15_43_48.763,12,7,9,0,-60.647,-38.293,2.145
2012-05-04-15_43_48.764,12,7,9,0,-60.732,-38.265,2.145
2012-05-04-15_43_48.764,12,7,9,0,-60.669,-38.222,2.145
2012-05-04-15_43_48.765,12,0,9,1,-2.188,-38.292,1.954
2012-05-04-15_43_48.766,12,0,9,1,-2.168,-38.194,1.954
2012-05-04-15_43_48.766,12,0,9,1,-2.261,-38.267,1.954
2012-05-04-15_43_48.767,12,1,9,1,-11.213,-38.289,1.854
2012-05-04-15_43_48.767,12,1,9,1,-11.342,-38.226,1.854
2012-05-04-15_43_48.768,12,1,9,1,-11.235,-38.209,1.854
2012-05-04-15_43_48.768,12,2,9,1,-20.153,-38.222,1.254
2012-05-04-15_43_48.769,12,2,9,1,-20.226,-38.197,1.254
2012-05-04-15_43_48.770,12,2,9,1,-20.233,-38.195,1.254
2012-05-04-15_43_48.771,12,3,9,1,-29.175,-38.304,1.354
2012-05-04-15_43_48.771,12,3,9,1,-29.155,-38.207,1.354
2012-05-04-15_43_48.771,12,3,9,1,-29.248,-38.279,1.354
2012-05-04-15_43_48.772,12,4,9,1,-38.172,-38.306,1.054
2012-05-04-15_43_48.772,12,4,9,1,-38.151,-38.208,1.054
2012-05-04-15_43_48.773,12,4,9,1,-38.245,-38.281,1.054
2012-05-04-15_43_48.773,12,5,9,1,-47.195,-38.294,1.554
2012-05-04-15_43_48.774,12,5,9,1,-47.276,-38.269,1.554
2012-05-04-15_43_48.774,12,5,9,1,-47.246,-38.299,1.554
2012-05-04-15_43_48.775,12,6,9,1,-56.197,-38.269,1.554
2012-05-04-15_43_48.775,12,6,9,1,-56.290,-38.342,1.554
2012-05-04-15_43_48.776,12,6,9,1,-56.297,-38.340,1.554
2012-05-04-15_43_48.776,12,7,9,1,-65.185,-38.278,2.054
2012-05-04-15_43_48.777,12,7,9,1,-65.192,-38.276,2.054
2012-05-04-15_43_48.777,12,7,9,1,-65.172,-38.180,2.154
2012-05-04-15_43_48.777,12,0,10,0,2.276,-42.783,2.066
2012-05-04-15_43_48.778,12,0,10,0,2.301,-42.695,2.066
2012-05-04-15_43_48.778,12,0,10,0,2.193,-42.755,1.966
2012-05-04-15_43_48.779,12,1,10,0,-6.749,-42.792,1.866
2012-05-04-15_43_48.779,12,1,10,0,-6.825,-42.766,1.866
2012-05-04-15_43_48.780,12,1,10,0,-6.768,-42.714,1.866
2012-05-04-15_43_48.780,12,2,10,0,-15.689,-42.713,1.266
2012-05-04-15_43_48.781,12,2,10,0,-15.772,-42.685,1.266
2012-05-04-15_43_48.781,12,2,10,0,-15.710,-42.639,1.266
2012-05-04-15_43_48.782,12,3,10,0,-24.711,-42.795,1.566
2012-05-04-15_43_48.782,12,3,10,0,-24.686,-42.707,1.566
2012-05-04-15_43_48.783,12,3,10,0,-24.794,-42.767,1.566
2012-05-04-15_43_48.783,12,4,10,0,-33.707,-42.797,1.066
2012-05-04-15_43_48.784,12,4,10,0,-33.682,-42.709,1.066
2012-05-04-15_43_48.784,12,4,10,0,-33.790,-42.769,1.066
2012-05-04-15_43_48.785,12,5,10,0,-42.726,-42.795,1.466
2012-05-04-15_43_48.785,12,5,10,0,-42.678,-42.834,1.566
2012-05-04-15_43_48.785,12,5,10,0,-42.773,-42.809,1.466
2012-05-04-15_43_48.786,12,6,10,0,-51.753,-42.858,1.466
2012-05-04-15_43_48.786,12,6,10,0,-51.728,-42.770,1.466
2012-05-04-15_43_48.787,12,6,10,0,-51.836,-42.829,1.366
2012-05-04-15_43_48.787,12,7,10,0,-60.648,-42.794,2.166
2012-05-04-15_43_48.788,12,7,10,0,-60.730,-42.766,2.166
2012-05-04-15_43_48.788,12,7,10,0,-60.669,-42.720,2.166
2012-05-04-15_43_48.789,12,0,10,1,-2.191,-42.791,1.978
2012-05-04-15_43_48.789,12,0,10,1,-2.168,-42.695,2.078
2012-05-04-15_43_48.790,12,0,10,1,-2.264,-42.770,1.977
2012-05-04-15_43_48.790,12,1,10,1,-11.214,-42.792,1.878
2012-05-04-15_43_48.791,12,1,10,1,-11.343,-42.727,1.878
2012-05-04-15_43_48.791,12,1,10,1,-11.235,-42.714,1.877
2012-05-04-15_43_48.792,12,2,10,1,-20.156,-42.721,1.278
2012-05-04-15_43_48.792,12,2,10,1,-20.229,-42.700,1.377
2012-05-04-15_43_48.793,12,2,10,1,-20.234,-42.698,1.277
2012-05-04-15_43_48.794,12,3,10,1,-29.178,-42.803,1.378
2012-05-04-15_43_48.795,12,3,10,1,-29.155,-42.707,1.378
2012-05-04-15_43_48.795,12,3,10,1,-29.251,-42.782,1.377
2012-05-04-15_43_48.796,12,4,10,1,-38.174,-42.805,1.078
2012-05-04-15_43_48.796,12,4,10,1,-38.152,-42.709,1.078
2012-05-04-15_43_48.797,12,4,10,1,-38.248,-42.784,1.077
2012-05-04-15_43_48.797,12,5,10,1,-47.196,-42.795,1.578
2012-05-04-15_43_48.798,12,5,10,1,-47.276,-42.773,1.577
2012-05-04-15_43_48.799,12,5,10,1,-47.249,-42.797,1.577
2012-05-04-15_43_48.799,12,6,10,1,-56.220,-42.866,1.578
2012-05-04-15_43_48.800,12,6,10,1,-56.197,-42.770,1.578
2012-05-04-15_43_48.800,12,6,10,1,-56.293,-42.844,1.577
2012-05-04-15_43_48.801,12,7,10,1,-65.188,-42.780,2.077
2012-05-04-15_43_48.801,12,7,10,1,-65.193,-42.779,2.177
2012-05-04-15_43_48.802,12,7,10,1,-65.172,-42.684,2.277
2012-05-04-15_43_48.803,12,0,11,0,2.278,-47.283,2.090
2012-05-04-15_43_48.804,12,0,11,0,2.301,-47.190,2.090
2012-05-04-15_43_48.804,12,0,11,0,2.193,-47.258,2.090
2012-05-04-15_43_48.805,12,1,11,0,-6.752,-47.295,1.890
2012-05-04-15_43_48.805,12,1,11,0,-6.825,-47.268,1.890
2012-05-04-15_43_48.806,12,1,11,0,-6.771,-47.209,1.890
2012-05-04-15_43_48.806,12,2,11,0,-15.687,-47.213,1.290
2012-05-04-15_43_48.807,12,2,11,0,-15.772,-47.188,1.190
2012-05-04-15_43_48.807,12,2,11,0,-15.743,-47.198,1.190
2012-05-04-15_43_48.808,12,3,11,0,-24.709,-47.295,1.690
2012-05-04-15_43_48.808,12,3,11,0,-24.686,-47.202,1.690
2012-05-04-15_43_48.808,12,3,11,0,-24.794,-47.271,1.690
2012-05-04-15_43_48.809,12,4,11,0,-33.705,-47.297,1.090
2012-05-04-15_43_48.809,12,4,11,0,-33.683,-47.204,1.090
2012-05-04-15_43_48.810,12,4,11,0,-33.791,-47.272,1.090
2012-05-04-15_43_48.810,12,5,11,0,-42.727,-47.289,1.490
2012-05-04-15_43_48.811,12,5,11,0,-42.678,-47.336,1.490
2012-05-04-15_43_48.811,12,5,11,0,-42.771,-47.304,1.490
2012-05-04-15_43_48.812,12,6,11,0,-51.751,-47.357,1.490
2012-05-04-15_43_48.812,12,6,11,0,-51.728,-47.264,1.490
2012-05-04-15_43_48.813,12,6,11,0,-51.836,-47.333,1.390
2012-05-04-15_43_48.813,12,7,11,0,-60.646,-47.293,2.190
2012-05-04-15_43_48.814,12,7,11,0,-60.731,-47.269,2.290
2012-05-04-15_43_48.814,12,7,11,0,-60.667,-47.215,2.290
2012-05-04-15_43_48.814,12,0,11,1,-2.194,-47.290,1.999
2012-05-04-15_43_48.815,12,0,11,1,-2.169,-47.189,1.999
2012-05-04-15_43_48.815,12,0,11,1,-2.262,-47.271,1.999
2012-05-04-15_43_48.816,12,1,11,1,-11.214,-47.295,1.899
2012-05-04-15_43_48.816,12,1,11,1,-11.343,-47.221,1.899
2012-05-04-15_43_48.817,12,1,11,1,-11.236,-47.209,1.798
2012-05-04-15_43_48.817,12,2,11,1,-20.159,-47.220,1.399
2012-05-04-15_43_48.818,12,2,11,1,-20.227,-47.201,1.299
2012-05-04-15_43_48.818,12,2,11,1,-20.234,-47.200,1.299
2012-05-04-15_43_48.819,12,3,11,1,-29.181,-47.302,1.399
2012-05-04-15_43_48.819,12,3,11,1,-29.156,-47.201,1.599
2012-05-04-15_43_48.820,12,3,11,1,-29.249,-47.283,1.399
2012-05-04-15_43_48.820,12,4,11,1,-38.177,-47.304,1.099
2012-05-04-15_43_48.821,12,4,11,1,-38.152,-47.203,1.099
2012-05-04-15_43_48.821,12,4,11,1,-38.246,-47.285,1.099
2012-05-04-15_43_48.822,12,5,11,1,-47.196,-47.289,1.599
2012-05-04-15_43_48.822,12,5,11,1,-47.279,-47.269,1.498
2012-05-04-15_43_48.823,12,5,11,1,-47.250,-47.292,1.498
2012-05-04-15_43_48.823,12,6,11,1,-56.223,-47.364,1.599
2012-05-04-15_43_48.824,12,6,11,1,-56.198,-47.264,1.599
2012-05-04-15_43_48.824,12,6,11,1,-56.291,-47.345,1.599
2012-05-04-15_43_48.825,12,7,11,1,-65.186,-47.282,2.299
2012-05-04-15_43_48.825,12,7,11,1,-65.193,-47.281,2.299
2012-05-04-15_43_48.826,12,7,11,1,-65.175,-47.180,2.398
2012-05-04-15_43_48.826,12,0,12,0,2.265,-51.780,2.307
2012-05-04-15_43_48.827,12,0,12,0,2.300,-51.690,2.307
2012-05-04-15_43_48.827,12,0,12,0,2.195,-51.759,2.307
2012-05-04-15_43_48.828,12,1,12,0,-6.753,-51.793,2.007
2012-05-04-15_43_48.828,12,1,12,0,-6.828,-51.773,2.007
2012-05-04-15_43_48.829,12,1,12,0,-6.772,-51.707,2.007
2012-05-04-15_43_48.829,12,2,12,0,-15.699,-51.710,1.307
2012-05-04-15_43_48.830,12,2,12,0,-15.770,-51.689,1.307
2012-05-04-15_43_48.830,12,2,12,0,-15.711,-51.638,1.307
2012-05-04-15_43_48.830,12,3,12,0,-24.722,-51.792,1.707
2012-05-04-15_43_48.831,12,3,12,0,-24.687,-51.702,1.707
2012-05-04-15_43_48.831,12,3,12,0,-24.792,-51.771,1.707
2012-05-04-15_43_48.832,12,4,12,0,-33.718,-51.794,1.207
2012-05-04-15_43_48.832,12,4,12,0,-33.683,-51.704,1.107
2012-05-04-15_43_48.834,12,4,12,0,-33.789,-51.773,1.207
2012-05-04-15_43_48.834,12,5,12,0,-42.727,-51.790,1.507
2012-05-04-15_43_48.835,12,5,12,0,-42.681,-51.841,1.407
2012-05-04-15_43_48.835,12,5,12,0,-42.774,-51.808,1.607
2012-05-04-15_43_48.836,12,6,12,0,-51.764,-51.854,1.507
2012-05-04-15_43_48.836,12,6,12,0,-51.729,-51.765,1.507
2012-05-04-15_43_48.837,12,6,12,0,-51.834,-51.834,1.407
2012-05-04-15_43_48.837,12,7,12,0,-60.658,-51.790,2.107
2012-05-04-15_43_48.838,12,7,12,0,-60.729,-51.770,2.107
2012-05-04-15_43_48.838,12,7,12,0,-60.670,-51.719,2.107
2012-05-04-15_43_48.838,12,0,12,1,-2.197,-51.786,2.216
2012-05-04-15_43_48.839,12,0,12,1,-2.172,-51.689,2.216
2012-05-04-15_43_48.839,12,0,12,1,-2.265,-51.769,2.216
2012-05-04-15_43_48.840,12,1,12,1,-11.215,-51.793,1.816
2012-05-04-15_43_48.840,12,1,12,1,-11.346,-51.721,1.916
2012-05-04-15_43_48.841,12,1,12,1,-11.236,-51.706,1.916
2012-05-04-15_43_48.841,12,2,12,1,-20.162,-51.716,1.316
2012-05-04-15_43_48.842,12,2,12,1,-20.230,-51.699,1.316
2012-05-04-15_43_48.842,12,2,12,1,-20.235,-51.697,1.316
2012-05-04-15_43_48.843,12,3,12,1,-29.184,-51.798,1.416
2012-05-04-15_43_48.843,12,3,12,1,-29.159,-51.701,1.616
2012-05-04-15_43_48.844,12,3,12,1,-29.252,-51.781,1.616
2012-05-04-15_43_48.844,12,4,12,1,-38.180,-51.800,1.116
2012-05-04-15_43_48.846,12,4,12,1,-38.155,-51.703,1.116
2012-05-04-15_43_48.846,12,4,12,1,-38.248,-51.783,1.216
2012-05-04-15_43_48.847,12,5,12,1,-47.199,-51.789,1.316
2012-05-04-15_43_48.848,12,5,12,1,-47.279,-51.767,1.316
2012-05-04-15_43_48.848,12,5,12,1,-47.250,-51.793,1.316
2012-05-04-15_43_48.849,12,6,12,1,-56.226,-51.861,1.616
2012-05-04-15_43_48.850,12,6,12,1,-56.201,-51.764,1.516
2012-05-04-15_43_48.850,12,6,12,1,-56.294,-51.844,1.616
2012-05-04-15_43_48.851,12,7,12,1,-65.188,-51.780,2.216
2012-05-04-15_43_48.852,12,7,12,1,-65.193,-51.778,2.216
2012-05-04-15_43_48.853,12,7,12,1,-65.176,-51.678,2.216
2012-05-04-15_43_48.853,12,0,13,0,2.272,-56.278,2.327
2012-05-04-15_43_48.854,12,0,13,0,2.300,-56.190,2.327
2012-05-04-15_43_48.855,12,0,13,0,2.197,-56.254,2.227
2012-05-04-15_43_48.856,12,1,13,0,-6.755,-56.289,2.027
2012-05-04-15_43_48.856,12,1,13,0,-6.831,-56.269,2.027
2012-05-04-15_43_48.857,12,1,13,0,-6.774,-56.204,2.027
2012-05-04-15_43_48.858,12,2,13,0,-15.693,-56.208,1.327
2012-05-04-15_43_48.858,12,2,13,0,-15.768,-56.184,1.327
2012-05-04-15_43_48.859,12,2,13,0,-15.712,-56.139,1.327
2012-05-04-15_43_48.859,12,3,13,0,-24.715,-56.290,1.727
2012-05-04-15_43_48.860,12,3,13,0,-24.687,-56.202,1.727
2012-05-04-15_43_48.861,12,3,13,0,-24.790,-56.267,1.727
2012-05-04-15_43_48.862,12,4,13,0,-33.711,-56.292,1.127
2012-05-04-15_43_48.862,12,4,13,0,-33.684,-56.204,1.227
2012-05-04-15_43_48.863,12,4,13,0,-33.787,-56.268,1.227
2012-05-04-15_43_48.863,12,5,13,0,-42.727,-56.290,1.527
2012-05-04-15_43_48.864,12,5,13,0,-42.684,-56.337,1.427
2012-05-04-15_43_48.865,12,5,13,0,-42.774,-56.309,1.627
2012-05-04-15_43_48.866,12,6,13,0,-51.757,-56.353,1.527
2012-05-04-15_43_48.866,12,6,13,0,-51.729,-56.264,1.527
2012-05-04-15_43_48.867,12,6,13,0,-51.832,-56.329,1.427
2012-05-04-15_43_48.867,12,7,13,0,-60.651,-56.289,2.127
2012-05-04-15_43_48.868,12,7,13,0,-60.727,-56.265,2.127
2012-05-04-15_43_48.869,12,7,13,0,-60.670,-56.220,2.127
2012-05-04-15_43_48.869,12,0,13,1,-2.197,-56.288,2.239
2012-05-04-15_43_48.870,12,0,13,1,-2.172,-56.189,2.139
2012-05-04-15_43_48.871,12,0,13,1,-2.268,-56.265,2.238
2012-05-04-15_43_48.871,12,1,13,1,-11.210,-56.288,1.939
2012-05-04-15_43_48.872,12,1,13,1,-11.346,-56.221,1.939
2012-05-04-15_43_48.873,12,1,13,1,-11.234,-56.204,1.938
2012-05-04-15_43_48.874,12,2,13,1,-20.162,-56.218,1.339
2012-05-04-15_43_48.875,12,2,13,1,-20.233,-56.195,1.338
2012-05-04-15_43_48.875,12,2,13,1,-20.237,-56.193,1.338
2012-05-04-15_43_48.877,12,3,13,1,-29.184,-56.300,1.439
2012-05-04-15_43_48.877,12,3,13,1,-29.159,-56.202,1.639
2012-05-04-15_43_48.878,12,3,13,1,-29.255,-56.277,1.738
2012-05-04-15_43_48.879,12,4,13,1,-38.181,-56.302,1.139
2012-05-04-15_43_48.880,12,4,13,1,-38.155,-56.203,1.139
2012-05-04-15_43_48.880,12,4,13,1,-38.251,-56.279,1.138
2012-05-04-15_43_48.881,12,5,13,1,-47.199,-56.289,1.639
2012-05-04-15_43_48.882,12,5,13,1,-47.282,-56.265,1.638
2012-05-04-15_43_48.883,12,5,13,1,-47.253,-56.292,1.638
2012-05-04-15_43_48.884,12,6,13,1,-56.226,-56.363,1.639
2012-05-04-15_43_48.885,12,6,13,1,-56.201,-56.264,1.639
2012-05-04-15_43_48.885,12,6,13,1,-56.297,-56.340,1.638
2012-05-04-15_43_48.886,12,7,13,1,-65.191,-56.276,2.238
2012-05-04-15_43_48.887,12,7,13,1,-65.196,-56.274,2.238
2012-05-04-15_43_48.888,12,7,13,1,-65.178,-56.176,2.238
2012-05-04-15_43_48.888,12,0,14,0,2.269,-60.782,2.252
2012-05-04-15_43_48.889,12,0,14,0,2.297,-60.695,2.252
2012-05-04-15_43_48.890,12,0,14,0,2.196,-60.754,2.252
2012-05-04-15_43_48.891,12,1,14,0,-6.756,-60.789,2.052
2012-05-04-15_43_48.892,12,1,14,0,-6.831,-60.768,2.052
2012-05-04-15_43_48.893,12,1,14,0,-6.775,-60.710,2.052
2012-05-04-15_43_48.893,12,2,14,0,-15.695,-60.712,1.352
2012-05-04-15_43_48.894,12,2,14,0,-15.768,-60.684,1.352
2012-05-04-15_43_48.895,12,2,14,0,-15.710,-60.641,1.352
2012-05-04-15_43_48.896,12,3,14,0,-24.717,-60.794,1.752
2012-05-04-15_43_48.896,12,3,14,0,-24.690,-60.708,1.752
2012-05-04-15_43_48.897,12,3,14,0,-24.791,-60.766,1.752
2012-05-04-15_43_48.898,12,4,14,0,-33.714,-60.796,1.052
2012-05-04-15_43_48.899,12,4,14,0,-33.687,-60.709,1.052
2012-05-04-15_43_48.900,12,4,14,0,-33.787,-60.768,1.152
2012-05-04-15_43_48.901,12,5,14,0,-42.730,-60.795,1.652
2012-05-04-15_43_48.901,12,5,14,0,-42.684,-60.836,1.452
2012-05-04-15_43_48.902,12,5,14,0,-42.772,-60.811,1.652
2012-05-04-15_43_48.903,12,6,14,0,-51.760,-60.856,1.552
2012-05-04-15_43_48.904,12,6,14,0,-51.732,-60.770,1.552
2012-05-04-15_43_48.904,12,6,14,0,-51.833,-60.829,1.452
2012-05-04-15_43_48.905,12,7,14,0,-60.654,-60.793,2.152
2012-05-04-15_43_48.905,12,7,14,0,-60.727,-60.765,2.152
2012-05-04-15_43_48.906,12,7,14,0,-60.668,-60.722,2.152
2012-05-04-15_43_48.907,12,0,14,1,-2.200,-60.793,2.161
2012-05-04-15_43_48.908,12,0,14,1,-2.172,-60.695,2.161
2012-05-04-15_43_48.908,12,0,14,1,-2.271,-60.766,2.261
2012-05-04-15_43_48.909,12,1,14,1,-11.211,-60.790,1.961
2012-05-04-15_43_48.910,12,1,14,1,-11.347,-60.727,1.961
2012-05-04-15_43_48.911,12,1,14,1,-11.237,-60.710,1.961
2012-05-04-15_43_48.912,12,2,14,1,-20.165,-60.723,1.361
2012-05-04-15_43_48.913,12,2,14,1,-20.235,-60.696,1.361
2012-05-04-15_43_48.913,12,2,14,1,-20.240,-60.695,1.361
2012-05-04-15_43_48.914,12,3,14,1,-29.187,-60.805,1.361
2012-05-04-15_43_48.915,12,3,14,1,-29.159,-60.708,1.461
2012-05-04-15_43_48.916,12,3,14,1,-29.258,-60.779,1.561
2012-05-04-15_43_48.916,12,4,14,1,-38.184,-60.807,1.161
2012-05-04-15_43_48.917,12,4,14,1,-38.156,-60.709,1.161
2012-05-04-15_43_48.918,12,4,14,1,-38.254,-60.780,1.161
2012-05-04-15_43_48.919,12,5,14,1,-47.200,-60.795,1.661
2012-05-04-15_43_48.920,12,5,14,1,-47.285,-60.770,1.661
2012-05-04-15_43_48.920,12,5,14,1,-47.256,-60.799,1.561
2012-05-04-15_43_48.923,12,6,14,1,-56.229,-60.868,1.661
2012-05-04-15_43_48.923,12,6,14,1,-56.201,-60.770,1.661
2012-05-04-15_43_48.925,12,6,14,1,-56.300,-60.841,1.661
2012-05-04-15_43_48.926,12,7,14,1,-65.194,-60.777,2.261
2012-05-04-15_43_48.927,12,7,14,1,-65.199,-60.776,2.361
2012-05-04-15_43_48.928,12,7,14,1,-65.181,-60.681,2.361
2012-05-04-15_43_48.928,12,0,15,0,2.269,-65.283,2.270
2012-05-04-15_43_48.929,12,0,15,0,2.294,-65.196,2.270
2012-05-04-15_43_48.930,12,0,15,0,2.196,-65.256,2.270
2012-05-04-15_43_48.930,12,1,15,0,-6.751,-65.292,2.070
2012-05-04-15_43_48.931,12,1,15,0,-6.834,-65.267,2.070
2012-05-04-15_43_48.932,12,1,15,0,-6.775,-65.215,2.070
2012-05-04-15_43_48.933,12,2,15,0,-15.696,-65.213,1.370
2012-05-04-15_43_48.934,12,2,15,0,-15.769,-65.186,1.370
2012-05-04-15_43_48.934,12,2,15,0,-15.715,-65.139,1.370
2012-05-04-15_43_48.935,12,3,15,0,-24.718,-65.296,1.770
2012-05-04-15_43_48.936,12,3,15,0,-24.693,-65.208,1.770
2012-05-04-15_43_48.937,12,3,15,0,-24.791,-65.268,1.770
2012-05-04-15_43_48.938,12,4,15,0,-33.714,-65.297,1.070
2012-05-04-15_43_48.938,12,4,15,0,-33.689,-65.210,1.070
2012-05-04-15_43_48.939,12,4,15,0,-33.788,-65.270,1.070
2012-05-04-15_43_48.940,12,5,15,0,-42.733,-65.295,1.670
2012-05-04-15_43_48.940,12,5,15,0,-42.687,-65.335,1.470
2012-05-04-15_43_48.941,12,5,15,0,-42.777,-65.309,1.670
2012-05-04-15_43_48.942,12,6,15,0,-51.760,-65.358,1.570
2012-05-04-15_43_48.943,12,6,15,0,-51.735,-65.270,1.570
2012-05-04-15_43_48.944,12,6,15,0,-51.833,-65.330,1.470
2012-05-04-15_43_48.945,12,7,15,0,-60.655,-65.294,2.070
2012-05-04-15_43_48.945,12,7,15,0,-60.728,-65.266,2.070
2012-05-04-15_43_48.946,12,7,15,0,-60.674,-65.220,2.070
2012-05-04-15_43_48.947,12,0,15,1,-2.198,-65.291,2.179
2012-05-04-15_43_48.948,12,0,15,1,-2.170,-65.196,2.179
2012-05-04-15_43_48.948,12,0,15,1,-2.273,-65.269,2.179
2012-05-04-15_43_48.949,12,1,15,1,-11.211,-65.293,1.979
2012-05-04-15_43_48.950,12,1,15,1,-11.345,-65.227,2.079
2012-05-04-15_43_48.951,12,1,15,1,-11.232,-65.214,1.979
2012-05-04-15_43_48.952,12,2,15,1,-20.163,-65.221,1.379
2012-05-04-15_43_48.953,12,2,15,1,-20.238,-65.199,1.379
2012-05-04-15_43_48.953,12,2,15,1,-20.243,-65.198,1.379
2012-05-04-15_43_48.954,12,3,15,1,-29.185,-65.303,1.479
2012-05-04-15_43_48.955,12,3,15,1,-29.157,-65.208,1.679
2012-05-04-15_43_48.956,12,3,15,1,-29.260,-65.281,1.479
2012-05-04-15_43_48.957,12,4,15,1,-38.181,-65.305,1.179
2012-05-04-15_43_48.958,12,4,15,1,-38.154,-65.210,1.179
2012-05-04-15_43_48.959,12,4,15,1,-38.257,-65.283,1.179
2012-05-04-15_43_48.960,12,5,15,1,-47.198,-65.295,1.379
2012-05-04-15_43_48.961,12,5,15,1,-47.285,-65.273,1.679
2012-05-04-15_43_48.961,12,5,15,1,-47.256,-65.298,1.579
2012-05-04-15_43_48.962,12,6,15,1,-56.227,-65.366,1.679
2012-05-04-15_43_48.963,12,6,15,1,-56.199,-65.270,1.679
2012-05-04-15_43_48.964,12,6,15,1,-56.302,-65.344,1.679
2012-05-04-15_43_48.965,12,7,15,1,-65.197,-65.280,2.179
2012-05-04-15_43_48.965,12,7,15,1,-65.202,-65.279,2.179
2012-05-04-15_43_48.966,12,7,15,1,-65.182,-65.184,2.179
2012-05-04-15_43_48.968,12,0,16,0,2.266,-69.783,2.291
2012-05-04-15_43_48.969,12,0,16,0,2.291,-69.688,2.291
2012-05-04-15_43_48.969,12,0,16,0,2.193,-69.759,2.291
2012-05-04-15_43_48.970,12,1,16,0,-6.749,-69.794,2.091
2012-05-04-15_43_48.970,12,1,16,0,-6.832,-69.767,2.091
2012-05-04-15_43_48.971,12,1,16,0,-6.771,-69.708,2.091
2012-05-04-15_43_48.972,12,2,16,0,-15.699,-69.713,1.391
2012-05-04-15_43_48.973,12,2,16,0,-15.772,-69.689,1.391
2012-05-04-15_43_48.974,12,2,16,0,-15.750,-69.698,1.391
2012-05-04-15_43_48.974,12,3,16,0,-24.721,-69.795,1.791
2012-05-04-15_43_48.978,12,3,16,0,-24.696,-69.700,1.791
2012-05-04-15_43_48.979,12,3,16,0,-24.794,-69.771,1.791
2012-05-04-15_43_48.980,12,4,16,0,-33.717,-69.797,1.091
2012-05-04-15_43_48.981,12,4,16,0,-33.692,-69.702,1.091
2012-05-04-15_43_48.981,12,4,16,0,-33.790,-69.773,1.091
2012-05-04-15_43_48.982,12,5,16,0,-42.736,-69.788,1.691
2012-05-04-15_43_48.983,12,5,16,0,-42.685,-69.835,1.491
2012-05-04-15_43_48.984,12,5,16,0,-42.780,-69.803,1.691
2012-05-04-15_43_48.985,12,6,16,0,-51.763,-69.858,1.491
2012-05-04-15_43_48.985,12,6,16,0,-51.738,-69.763,1.491
2012-05-04-15_43_48.986,12,6,16,0,-51.836,-69.833,1.491
2012-05-04-15_43_48.986,12,7,16,0,-60.657,-69.794,2.191
2012-05-04-15_43_48.987,12,7,16,0,-60.730,-69.770,2.091
2012-05-04-15_43_48.988,12,7,16,0,-60.676,-69.714,2.091
2012-05-04-15_43_48.989,12,0,16,1,-2.196,-69.789,2.203
2012-05-04-15_43_48.990,12,0,16,1,-2.168,-69.688,2.203
2012-05-04-15_43_48.990,12,0,16,1,-2.274,-69.771,2.203
2012-05-04-15_43_48.991,12,1,16,1,-11.211,-69.794,2.003
2012-05-04-15_43_48.992,12,1,16,1,-11.343,-69.719,2.003
2012-05-04-15_43_48.993,12,1,16,1,-11.233,-69.708,2.002
2012-05-04-15_43_48.994,12,2,16,1,-20.161,-69.719,1.403
2012-05-04-15_43_48.995,12,2,16,1,-20.239,-69.701,1.403
2012-05-04-15_43_48.995,12,2,16,1,-20.244,-69.699,1.403
2012-05-04-15_43_48.997,12,3,16,1,-29.183,-69.801,1.503
2012-05-04-15_43_48.997,12,3,16,1,-29.155,-69.700,1.503
2012-05-04-15_43_48.998,12,3,16,1,-29.261,-69.783,1.603
2012-05-04-15_43_48.999,12,4,16,1,-38.179,-69.803,1.203
2012-05-04-15_43_49.000,12,4,16,1,-38.152,-69.702,1.203
2012-05-04-15_43_49.001,12,4,16,1,-38.257,-69.785,1.103
2012-05-04-15_43_49.001,12,5,16,1,-47.196,-69.788,1.503
2012-05-04-15_43_49.002,12,5,16,1,-47.286,-69.769,1.702
2012-05-04-15_43_49.003,12,5,16,1,-47.257,-69.792,1.602
2012-05-04-15_43_49.004,12,6,16,1,-56.225,-69.863,1.703
2012-05-04-15_43_49.005,12,6,16,1,-56.197,-69.762,1.703
2012-05-04-15_43_49.006,12,6,16,1,-56.303,-69.846,1.703
2012-05-04-15_43_49.007,12,7,16,1,-65.198,-69.782,2.203
2012-05-04-15_43_49.008,12,7,16,1,-65.202,-69.780,2.203
2012-05-04-15_43_49.010,12,7,16,1,-65.182,-69.680,2.302
2012-05-04-15_43_49.011,12,0,17,0,2.256,-74.279,2.315
2012-05-04-15_43_49.011,12,0,17,0,2.291,-74.190,2.315
2012-05-04-15_43_49.012,12,0,17,0,2.190,-74.259,2.315
2012-05-04-15_43_49.012,12,1,17,0,-6.750,-74.293,2.115
2012-05-04-15_43_49.013,12,1,17,0,-6.833,-74.272,2.115
2012-05-04-15_43_49.014,12,1,17,0,-6.771,-74.206,2.115
2012-05-04-15_43_49.014,12,2,17,0,-15.709,-74.209,1.415
2012-05-04-15_43_49.015,12,2,17,0,-15.775,-74.189,1.315
2012-05-04-15_43_49.015,12,2,17,0,-15.718,-74.137,1.415
2012-05-04-15_43_49.016,12,3,17,0,-24.731,-74.292,1.815
2012-05-04-15_43_49.017,12,3,17,0,-24.696,-74.202,1.815
2012-05-04-15_43_49.018,12,3,17,0,-24.797,-74.271,1.815
2012-05-04-15_43_49.019,12,4,17,0,-33.728,-74.293,1.215
2012-05-04-15_43_49.020,12,4,17,0,-33.693,-74.204,1.215
2012-05-04-15_43_49.021,12,4,17,0,-33.793,-74.273,1.215
2012-05-04-15_43_49.022,12,5,17,0,-42.736,-74.290,1.715
2012-05-04-15_43_49.022,12,5,17,0,-42.686,-74.340,1.415
2012-05-04-15_43_49.023,12,5,17,0,-42.781,-74.307,1.715
2012-05-04-15_43_49.024,12,6,17,0,-51.773,-74.354,1.515
2012-05-04-15_43_49.025,12,6,17,0,-51.738,-74.264,1.515
2012-05-04-15_43_49.026,12,6,17,0,-51.687,-74.315,1.615
2012-05-04-15_43_49.027,12,7,17,0,-60.668,-74.290,2.115
2012-05-04-15_43_49.027,12,7,17,0,-60.733,-74.269,2.115
2012-05-04-15_43_49.028,12,7,17,0,-60.677,-74.218,2.215
2012-05-04-15_43_49.029,12,0,17,1,-2.196,-74.286,2.224
2012-05-04-15_43_49.031,12,0,17,1,-2.169,-74.188,2.224
2012-05-04-15_43_49.032,12,0,17,1,-2.269,-74.269,2.224
2012-05-04-15_43_49.033,12,1,17,1,-11.212,-74.291,2.024
2012-05-04-15_43_49.033,12,1,17,1,-11.343,-74.220,2.024
2012-05-04-15_43_49.034,12,1,17,1,-11.236,-74.206,2.024
2012-05-04-15_43_49.035,12,2,17,1,-20.161,-74.216,1.424
2012-05-04-15_43_49.036,12,2,17,1,-20.234,-74.199,1.424
2012-05-04-15_43_49.036,12,2,17,1,-20.242,-74.196,1.424
2012-05-04-15_43_49.037,12,3,17,1,-29.183,-74.299,1.524
2012-05-04-15_43_49.038,12,3,17,1,-29.156,-74.200,1.524
2012-05-04-15_43_49.039,12,3,17,1,-29.256,-74.281,1.524
2012-05-04-15_43_49.039,12,4,17,1,-38.180,-74.300,1.224
2012-05-04-15_43_49.040,12,4,17,1,-38.152,-74.202,1.124
2012-05-04-15_43_49.041,12,4,17,1,-38.253,-74.283,1.224
2012-05-04-15_43_49.042,12,5,17,1,-47.196,-74.288,1.724
2012-05-04-15_43_49.043,12,5,17,1,-47.284,-74.266,7.124
2012-05-04-15_43_49.044,12,5,17,1,-47.252,-74.292,1.724
2012-05-04-15_43_49.044,12,6,17,1,-56.225,-74.361,1.724
2012-05-04-15_43_49.045,12,6,17,1,-56.198,-74.263,1.724
2012-05-04-15_43_49.046,12,6,17,1,-56.298,-74.344,1.724
2012-05-04-15_43_49.047,12,7,17,1,-65.193,-74.280,2.224
2012-05-04-15_43_49.047,12,7,17,1,-65.200,-74.277,2.224
2012-05-04-15_43_49.049,12,7,17,1,-65.180,-74.177,11.924
2012-05-04-15_43_49.049,12,0,18,0,2.268,-78.778,2.133
2012-05-04-15_43_49.050,12,0,18,0,2.295,-78.689,2.133
2012-05-04-15_43_49.051,12,0,18,0,2.190,-78.755,2.133
2012-05-04-15_43_49.051,12,1,18,0,-6.748,-78.788,2.033
2012-05-04-15_43_49.052,12,1,18,0,-6.828,-78.769,2.033
2012-05-04-15_43_49.053,12,1,18,0,-6.769,-78.703,2.033
2012-05-04-15_43_49.054,12,2,18,0,-15.697,-78.708,1.433
2012-05-04-15_43_49.055,12,2,18,0,-15.775,-78.685,1.433
2012-05-04-15_43_49.055,12,2,18,0,-15.721,-78.638,1.433
2012-05-04-15_43_49.056,12,3,18,0,-24.719,-78.790,1.833
2012-05-04-15_43_49.057,12,3,18,0,-24.692,-78.701,1.833
2012-05-04-15_43_49.058,12,3,18,0,-24.797,-78.767,1.833
2012-05-04-15_43_49.059,12,4,18,0,-33.716,-78.792,1.233
2012-05-04-15_43_49.060,12,4,18,0,-33.688,-78.703,1.233
2012-05-04-15_43_49.060,12,4,18,0,-33.794,-78.769,1.233
2012-05-04-15_43_49.061,12,5,18,0,-42.732,-78.788,1.933
2012-05-04-15_43_49.062,12,5,18,0,-42.681,-78.837,1.633
2012-05-04-15_43_49.063,12,5,18,0,-42.783,-78.808,1.933
2012-05-04-15_43_49.063,12,6,18,0,-51.761,-78.853,1.733
2012-05-04-15_43_49.065,12,6,18,0,-51.734,-78.763,1.633
2012-05-04-15_43_49.065,12,6,18,0,-51.839,-78.830,1.633
2012-05-04-15_43_49.066,12,7,18,0,-60.656,-78.789,2.433
2012-05-04-15_43_49.066,12,7,18,0,-60.734,-78.766,2.433
2012-05-04-15_43_49.068,12,7,18,0,-60.680,-78.719,2.433
2012-05-04-15_43_49.068,12,0,18,1,-2.194,-78.787,2.142
2012-05-04-15_43_49.069,12,0,18,1,-2.169,-78.688,2.142
2012-05-04-15_43_49.070,12,0,18,1,-2.272,-78.766,2.141
2012-05-04-15_43_49.071,12,1,18,1,-11.212,-78.787,1.942
2012-05-04-15_43_49.072,12,1,18,1,-11.344,-78.720,1.942
2012-05-04-15_43_49.072,12,1,18,1,-11.236,-78.703,1.941
2012-05-04-15_43_49.073,12,2,18,1,-20.159,-78.717,1.442
2012-05-04-15_43_49.074,12,2,18,1,-20.237,-78.696,1.541
2012-05-04-15_43_49.075,12,2,18,1,-20.244,-78.693,1.441
2012-05-04-15_43_49.076,12,3,18,1,-29.181,-78.800,1.542
2012-05-04-15_43_49.076,12,3,18,1,-29.156,-78.700,1.842
2012-05-04-15_43_49.077,12,3,18,1,-29.259,-78.779,1.841
2012-05-04-15_43_49.078,12,4,18,1,-38.178,-78.801,1.242
2012-05-04-15_43_49.079,12,4,18,1,-38.153,-78.702,1.242
2012-05-04-15_43_49.080,12,4,18,1,-38.256,-78.780,1.241
2012-05-04-15_43_49.082,12,5,18,1,-47.196,-78.788,1.742
2012-05-04-15_43_49.083,12,5,18,1,-47.284,-78.764,1.941
2012-05-04-15_43_49.083,12,5,18,1,-47.253,-78.794,1.941
2012-05-04-15_43_49.084,12,6,18,1,-56.223,-78.862,1.742
2012-05-04-15_43_49.085,12,6,18,1,-56.198,-78.763,1.742
2012-05-04-15_43_49.087,12,6,18,1,-56.301,-78.841,1.741
2012-05-04-15_43_49.088,12,7,18,1,-65.196,-78.777,2.441
2012-05-04-15_43_49.088,12,7,18,1,-65.203,-78.774,2.441
2012-05-04-15_43_49.089,12,7,18,1,-65.181,-78.675,2.441
2012-05-04-15_43_49.090,12,0,19,0,2.265,-83.281,2.153
2012-05-04-15_43_49.091,12,0,19,0,2.295,-83.195,2.053
2012-05-04-15_43_49.092,12,0,19,0,2.189,-83.254,2.153
2012-05-04-15_43_49.092,12,1,19,0,-6.748,-83.289,2.053
2012-05-04-15_43_49.095,12,1,19,0,-6.829,-83.268,2.053
2012-05-04-15_43_49.095,12,1,19,0,-6.770,-83.210,2.053
2012-05-04-15_43_49.096,12,2,19,0,-15.700,-83.211,1.453
2012-05-04-15_43_49.097,12,2,19,0,-15.775,-83.184,1.453
2012-05-04-15_43_49.097,12,2,19,0,-15.721,-83.141,1.453
2012-05-04-15_43_49.098,12,3,19,0,-24.722,-83.294,1.853
2012-05-04-15_43_49.099,12,3,19,0,-24.692,-83.207,1.853
2012-05-04-15_43_49.100,12,3,19,0,-24.798,-83.266,1.853
2012-05-04-15_43_49.101,12,4,19,0,-33.719,-83.295,1.253
2012-05-04-15_43_49.101,12,4,19,0,-33.689,-83.209,1.253
2012-05-04-15_43_49.102,12,4,19,0,-33.794,-83.268,1.253
2012-05-04-15_43_49.103,12,5,19,0,-42.732,-83.295,1.953
2012-05-04-15_43_49.104,12,5,19,0,-42.681,-83.336,1.753
2012-05-04-15_43_49.105,12,5,19,0,-42.784,-83.311,1.953
2012-05-04-15_43_49.106,12,6,19,0,-51.764,-83.356,1.653
2012-05-04-15_43_49.106,12,6,19,0,-51.734,-83.270,1.753
2012-05-04-15_43_49.107,12,6,19,0,-51.840,-83.329,1.653
2012-05-04-15_43_49.108,12,7,19,0,-60.659,-83.292,2.453
2012-05-04-15_43_49.109,12,7,19,0,-60.734,-83.265,2.453
2012-05-04-15_43_49.109,12,7,19,0,-60.680,-83.222,2.453
2012-05-04-15_43_49.110,12,0,19,1,-2.195,-83.293,2.166
2012-05-04-15_43_49.111,12,0,19,1,-2.170,-83.195,2.065
2012-05-04-15_43_49.112,12,0,19,1,-2.270,-83.266,2.165
2012-05-04-15_43_49.113,12,1,19,1,-11.213,-83.289,1.965
2012-05-04-15_43_49.114,12,1,19,1,-11.344,-83.227,1.965
2012-05-04-15_43_49.115,12,1,19,1,-11.237,-83.209,1.965
2012-05-04-15_43_49.116,12,2,19,1,-20.160,-83.223,1.566
2012-05-04-15_43_49.116,12,2,19,1,-20.235,-83.196,1.465
2012-05-04-15_43_49.117,12,2,19,1,-20.242,-83.195,1.465
2012-05-04-15_43_49.118,12,3,19,1,-29.182,-83.305,1.766
2012-05-04-15_43_49.119,12,3,19,1,-29.157,-83.207,1.765
2012-05-04-15_43_49.120,12,3,19,1,-29.257,-83.278,1.865
2012-05-04-15_43_49.120,12,4,19,1,-38.178,-83.307,1.266
2012-05-04-15_43_49.121,12,4,19,1,-38.153,-83.209,1.265
2012-05-04-15_43_49.122,12,4,19,1,-38.254,-83.280,1.265
2012-05-04-15_43_49.123,12,5,19,1,-47.197,-83.295,1.765
2012-05-04-15_43_49.123,12,5,19,1,-47.282,-83.269,1.865
2012-05-04-15_43_49.124,12,5,19,1,-47.251,-83.299,1.865
2012-05-04-15_43_49.125,12,6,19,1,-56.199,-83.269,1.765
2012-05-04-15_43_49.125,12,6,19,1,-56.299,-83.341,1.665
2012-05-04-15_43_49.126,12,6,19,1,-56.307,-83.339,1.765
2012-05-04-15_43_49.127,12,7,19,1,-65.194,-83.277,2.465
2012-05-04-15_43_49.127,12,7,19,1,-65.201,-83.275,2.465
2012-05-04-15_43_49.128,12,7,19,1,-65.179,-83.180,2.465
2012-05-04-15_43_49.129,12,0,20,0,2.267,-87.783,2.178
2012-05-04-15_43_49.129,12,0,20,0,2.297,-87.696,2.178
2012-05-04-15_43_49.130,12,0,20,0,2.187,-87.755,2.178
2012-05-04-15_43_49.131,12,1,20,0,-6.751,-87.792,1.978
2012-05-04-15_43_49.133,12,1,20,0,-6.827,-87.767,1.978
2012-05-04-15_43_49.134,12,1,20,0,-6.770,-87.715,1.978
2012-05-04-15_43_49.136,12,2,20,0,-15.698,-87.713,1.478
2012-05-04-15_43_49.137,12,2,20,0,-15.778,-87.685,1.478
2012-05-04-15_43_49.138,12,2,20,0,-15.719,-87.639,1.478
2012-05-04-15_43_49.138,12,3,20,0,-24.720,-87.795,1.878
2012-05-04-15_43_49.139,12,3,20,0,-24.690,-87.708,1.878
2012-05-04-15_43_49.140,12,3,20,0,-24.800,-87.767,1.878
2012-05-04-15_43_49.141,12,4,20,0,-33.717,-87.797,1.178
2012-05-04-15_43_49.141,12,4,20,0,-33.687,-87.710,1.178
2012-05-04-15_43_49.142,12,4,20,0,-33.797,-87.769,1.178
2012-05-04-15_43_49.143,12,5,20,0,-42.730,-87.796,1.978
2012-05-04-15_43_49.144,12,5,20,0,-42.679,-87.835,1.778
2012-05-04-15_43_49.144,12,5,20,0,-42.782,-87.809,1.878
2012-05-04-15_43_49.145,12,6,20,0,-51.762,-87.858,1.678
2012-05-04-15_43_49.146,12,6,20,0,-51.732,-87.770,1.678
2012-05-04-15_43_49.147,12,6,20,0,-51.681,-87.810,1.778
2012-05-04-15_43_49.148,12,7,20,0,-60.657,-87.794,2.378
2012-05-04-15_43_49.149,12,7,20,0,-60.737,-87.766,2.478
2012-05-04-15_43_49.149,12,7,20,0,-60.678,-87.720,2.378
2012-05-04-15_43_49.150,12,0,20,1,-2.193,-87.790,2.187
2012-05-04-15_43_49.151,12,0,20,1,-2.278,-87.772,2.087
2012-05-04-15_43_49.152,12,0,20,1,-2.217,-87.710,2.087
2012-05-04-15_43_49.153,12,2,20,1,-20.158,-87.720,1.587
2012-05-04-15_43_49.154,12,2,20,1,-20.243,-87.702,1.487
2012-05-04-15_43_49.154,12,3,20,1,-29.180,-87.803,1.587
2012-05-04-15_43_49.155,12,3,20,1,-29.265,-87.784,1.887
2012-05-04-15_43_49.156,12,3,20,1,-29.204,-87.722,1.887
2012-05-04-15_43_49.157,12,4,20,1,-38.176,-87.804,1.387
2012-05-04-15_43_49.158,12,4,20,1,-38.262,-87.786,1.287
2012-05-04-15_43_49.159,12,4,20,1,-38.200,-87.724,1.287
2012-05-04-15_43_49.159,12,5,20,1,-47.244,-87.809,1.887
2012-05-04-15_43_49.160,12,6,20,1,-56.222,-87.865,1.687
2012-05-04-15_43_49.161,12,6,20,1,-56.307,-87.846,1.787
2012-05-04-15_43_49.162,12,6,20,1,-56.148,-87.810,1.787
2012-05-04-15_43_49.163,12,7,20,1,-65.202,-87.783,2.387
2012-05-04-15_43_49.164,12,7,20,1,-65.140,-87.720,2.387
2012-05-04-15_43_49.164,12,0,21,0,2.269,-92.283,2.096
2012-05-04-15_43_49.165,12,0,21,0,2.296,-92.190,2.096
2012-05-04-15_43_49.166,12,0,21,0,2.186,-92.258,2.096
2012-05-04-15_43_49.166,12,1,21,0,-6.752,-92.295,1.996
2012-05-04-15_43_49.167,12,1,21,0,-6.827,-92.268,2.096
2012-05-04-15_43_49.168,12,1,21,0,-6.770,-92.209,1.996
2012-05-04-15_43_49.169,12,2,21,0,-15.696,-92.213,1.396
2012-05-04-15_43_49.170,12,2,21,0,-15.779,-92.188,1.396
2012-05-04-15_43_49.170,12,2,21,0,-15.754,-92.197,1.396
2012-05-04-15_43_49.171,12,3,21,0,-24.718,-92.295,1.896
2012-05-04-15_43_49.172,12,3,21,0,-24.691,-92.202,1.896
2012-05-04-15_43_49.173,12,3,21,0,-24.801,-92.270,1.896
2012-05-04-15_43_49.174,12,4,21,0,-33.715,-92.297,1.196
2012-05-04-15_43_49.175,12,4,21,0,-33.687,-92.204,1.196
2012-05-04-15_43_49.176,12,4,21,0,-33.797,-92.272,1.196
2012-05-04-15_43_49.176,12,5,21,0,-42.731,-92.290,1.896
2012-05-04-15_43_49.179,12,5,21,0,-42.680,-92.336,1.796
2012-05-04-15_43_49.179,12,5,21,0,-42.777,-92.304,1.996
2012-05-04-15_43_49.180,12,6,21,0,-51.760,-92.358,1.596
2012-05-04-15_43_49.181,12,6,21,0,-51.733,-92.264,1.596
2012-05-04-15_43_49.181,12,6,21,0,-51.682,-92.311,1.696
2012-05-04-15_43_49.182,12,7,21,0,-60.655,-92.294,2.396
2012-05-04-15_43_49.183,12,7,21,0,-60.737,-92.269,2.396
2012-05-04-15_43_49.184,12,7,21,0,-60.674,-92.215,2.396
2012-05-04-15_43_49.184,12,0,21,1,-2.193,-92.289,2.105
2012-05-04-15_43_49.187,12,0,21,1,-2.168,-92.190,2.104
2012-05-04-15_43_49.187,12,0,21,1,-2.269,-92.270,2.104
2012-05-04-15_43_49.188,12,1,21,1,-11.216,-92.295,2.105
2012-05-04-15_43_49.189,12,1,21,1,-11.342,-92.221,2.104
2012-05-04-15_43_49.189,12,1,21,1,-11.235,-92.209,2.104
2012-05-04-15_43_49.190,12,2,21,1,-20.158,-92.219,1.505
2012-05-04-15_43_49.191,12,2,21,1,-20.234,-92.200,1.504
2012-05-04-15_43_49.191,12,2,21,1,-20.241,-92.199,1.504
2012-05-04-15_43_49.192,12,3,21,1,-29.180,-92.301,1.605
2012-05-04-15_43_49.193,12,3,21,1,-29.155,-92.202,1.704
2012-05-04-15_43_49.193,12,3,21,1,-29.256,-92.283,1.704
2012-05-04-15_43_49.194,12,4,21,1,-38.177,-92.303,1.305
2012-05-04-15_43_49.195,12,4,21,1,-38.152,-92.204,1.304
2012-05-04-15_43_49.196,12,4,21,1,-38.252,-92.284,1.304
2012-05-04-15_43_49.196,12,5,21,1,-47.195,-92.289,1.704
2012-05-04-15_43_49.198,12,5,21,1,-47.283,-92.270,1.704
2012-05-04-15_43_49.199,12,5,21,1,-47.251,-92.292,1.704
2012-05-04-15_43_49.200,12,6,21,1,-56.222,-92.364,1.705
2012-05-04-15_43_49.201,12,6,21,1,-56.197,-92.264,1.804
2012-05-04-15_43_49.201,12,6,21,1,-56.298,-92.345,1.704
2012-05-04-15_43_49.203,12,7,21,1,-65.192,-92.281,2.204
2012-05-04-15_43_49.204,12,7,21,1,-65.200,-92.280,2.204
2012-05-04-15_43_49.205,12,7,21,1,-65.179,-92.180,2.304
2012-05-04-15_43_49.205,12,0,22,0,2.259,-96.780,2.116
2012-05-04-15_43_49.206,12,0,22,0,2.296,-96.691,2.117
2012-05-04-15_43_49.207,12,0,22,0,2.188,-96.758,2.117
2012-05-04-15_43_49.208,12,1,22,0,-6.754,-96.794,2.017
2012-05-04-15_43_49.208,12,1,22,0,-6.828,-96.773,2.017
2012-05-04-15_43_49.209,12,1,22,0,-6.773,-96.707,2.017
2012-05-04-15_43_49.210,12,2,22,0,-15.706,-96.710,1.416
2012-05-04-15_43_49.211,12,2,22,0,-15.777,-96.688,1.417
2012-05-04-15_43_49.212,12,2,22,0,-15.715,-96.638,1.417
2012-05-04-15_43_49.213,12,3,22,0,-24.728,-96.792,1.816
2012-05-04-15_43_49.213,12,3,22,0,-24.691,-96.703,1.917
2012-05-04-15_43_49.214,12,3,22,0,-24.799,-96.770,1.817
2012-05-04-15_43_49.215,12,4,22,0,-33.725,-96.794,1.216
2012-05-04-15_43_49.216,12,4,22,0,-33.687,-96.705,1.217
2012-05-04-15_43_49.216,12,4,22,0,-33.795,-96.772,1.217
2012-05-04-15_43_49.217,12,5,22,0,-42.731,-96.790,1.917
2012-05-04-15_43_49.218,12,5,22,0,-42.680,-96.841,1.817
2012-05-04-15_43_49.219,12,5,22,0,-42.778,-96.808,1.917
2012-05-04-15_43_49.220,12,6,22,0,-51.770,-96.854,1.616
2012-05-04-15_43_49.221,12,6,22,0,-51.733,-96.765,1.617
2012-05-04-15_43_49.221,12,6,22,0,-51.682,-96.816,1.617
2012-05-04-15_43_49.222,12,7,22,0,-60.665,-96.790,2.416
2012-05-04-15_43_49.223,12,7,22,0,-60.735,-96.769,2.317
2012-05-04-15_43_49.224,12,7,22,0,-60.674,-96.719,2.317
2012-05-04-15_43_49.225,12,0,22,1,-2.194,-96.786,2.025
2012-05-04-15_43_49.225,12,0,22,1,-2.168,-96.690,2.125
2012-05-04-15_43_49.226,12,0,22,1,-2.264,-96.768,2.125
2012-05-04-15_43_49.227,12,1,22,1,-11.214,-96.793,2.125
2012-05-04-15_43_49.228,12,1,22,1,-11.343,-96.721,2.025
2012-05-04-15_43_49.229,12,1,22,1,-11.235,-96.707,2.025
2012-05-04-15_43_49.230,12,2,22,1,-20.158,-96.716,1.525
2012-05-04-15_43_49.231,12,2,22,1,-20.229,-96.698,1.525
2012-05-04-15_43_49.231,12,2,22,1,-20.236,-96.697,1.525
2012-05-04-15_43_49.232,12,3,22,1,-29.181,-96.799,1.625
2012-05-04-15_43_49.233,12,3,22,1,-29.155,-96.702,1.625
2012-05-04-15_43_49.234,12,3,22,1,-29.251,-96.780,1.625
2012-05-04-15_43_49.234,12,4,22,1,-38.177,-96.800,1.225
2012-05-04-15_43_49.235,12,4,22,1,-38.152,-96.704,1.225
2012-05-04-15_43_49.236,12,4,22,1,-38.248,-96.782,1.225
2012-05-04-15_43_49.236,12,5,22,1,-47.196,-96.790,1.725
2012-05-04-15_43_49.239,12,5,22,1,-47.281,-96.767,1.725
2012-05-04-15_43_49.240,12,5,22,1,-47.252,-96.791,1.725
2012-05-04-15_43_49.241,12,6,22,1,-56.223,-96.861,1.725
2012-05-04-15_43_49.242,12,6,22,1,-56.197,-96.764,1.725
2012-05-04-15_43_49.242,12,6,22,1,-56.293,-96.843,1.725
2012-05-04-15_43_49.243,12,7,22,1,-65.188,-96.779,2.225
2012-05-04-15_43_49.244,12,7,22,1,-65.195,-96.778,2.225
2012-05-04-15_43_49.244,12,7,22,1,-65.177,-96.678,2.225
2012-05-04-15_43_49.246,12,0,23,0,2.273,-101.278,2.140
2012-05-04-15_43_49.246,12,0,23,0,2.298,-101.190,2.040
2012-05-04-15_43_49.247,12,0,23,0,2.188,-101.254,2.040
2012-05-04-15_43_49.248,12,1,23,0,-6.755,-101.289,2.040
2012-05-04-15_43_49.249,12,1,23,0,-6.828,-101.269,2.040
2012-05-04-15_43_49.250,12,1,23,0,-6.771,-101.204,2.040
2012-05-04-15_43_49.251,12,2,23,0,-15.692,-101.208,1.340
2012-05-04-15_43_49.251,12,2,23,0,-15.777,-101.184,1.340
2012-05-04-15_43_49.252,12,2,23,0,-15.713,-101.138,1.340
2012-05-04-15_43_49.299,12,3,23,0,-24.714,-101.290,1.840
2012-05-04-15_43_49.301,12,3,23,0,-24.689,-101.202,1.840
2012-05-04-15_43_49.301,12,3,23,0,-24.799,-101.267,1.840
2012-05-04-15_43_49.302,12,4,23,0,-33.711,-101.292,1.140
2012-05-04-15_43_49.304,12,4,23,0,-33.685,-101.204,1.140
2012-05-04-15_43_49.305,12,4,23,0,-33.796,-101.268,1.240
2012-05-04-15_43_49.308,12,5,23,0,-42.729,-101.290,1.840
2012-05-04-15_43_49.309,12,5,23,0,-42.681,-101.338,1.640
2012-05-04-15_43_49.311,12,5,23,0,-42.776,-101.308,1.840
2012-05-04-15_43_49.312,12,6,23,0,-51.756,-101.353,1.640
2012-05-04-15_43_49.314,12,6,23,0,-51.731,-101.264,1.540
2012-05-04-15_43_49.315,12,6,23,0,-51.682,-101.312,1.540
2012-05-04-15_43_49.321,12,7,23,0,-60.651,-101.289,2.340
2012-05-04-15_43_49.323,12,7,23,0,-60.736,-101.265,2.340
2012-05-04-15_43_49.325,12,7,23,0,-60.672,-101.219,2.340
2012-05-04-15_43_49.326,12,0,23,1,-2.182,-101.277,2.040
2012-05-04-15_43_49.327,12,0,23,1,-2.166,-101.189,2.040
2012-05-04-15_43_49.329,12,0,23,1,-2.265,-101.265,2.040
2012-05-04-15_43_49.331,12,1,23,1,-11.210,-101.288,2.040
2012-05-04-15_43_49.332,12,1,23,1,-11.341,-101.221,2.040
2012-05-04-15_43_49.333,12,1,23,1,-11.236,-101.204,2.040
2012-05-04-15_43_49.334,12,2,23,1,-20.147,-101.207,1.440
2012-05-04-15_43_49.334,12,2,23,1,-20.230,-101.195,1.440
2012-05-04-15_43_49.335,12,2,23,1,-20.237,-101.194,1.440
2012-05-04-15_43_49.336,12,3,23,1,-29.169,-101.289,1.640
2012-05-04-15_43_49.337,12,3,23,1,-29.153,-101.201,1.540
2012-05-04-15_43_49.337,12,3,23,1,-29.252,-101.277,1.640
2012-05-04-15_43_49.338,12,4,23,1,-38.165,-101.291,1.240
2012-05-04-15_43_49.339,12,4,23,1,-38.150,-101.203,1.240
2012-05-04-15_43_49.339,12,4,23,1,-38.248,-101.279,1.240
2012-05-04-15_43_49.340,12,5,23,1,-47.194,-101.289,1.740
2012-05-04-15_43_49.341,12,5,23,1,-47.279,-101.265,1.740
2012-05-04-15_43_49.342,12,5,23,1,-47.250,-101.293,1.640
2012-05-04-15_43_49.342,12,6,23,1,-56.211,-101.351,1.640
2012-05-04-15_43_49.343,12,6,23,1,-56.195,-101.264,1.640
2012-05-04-15_43_49.343,12,6,23,1,-56.294,-101.340,1.640
2012-05-04-15_43_49.344,12,7,23,1,-65.188,-101.276,2.240
2012-05-04-15_43_49.345,12,7,23,1,-65.196,-101.275,2.140
2012-05-04-15_43_49.346,12,7,23,1,-65.175,-101.176,2.240
