2012-05-05-22_09_09.446,274,0,0,0,2.259,2.220,3.397
2012-05-05-22_09_09.446,274,1,0,0,-6.747,2.205,2.896
2012-05-05-22_09_09.447,274,2,0,0,-15.738,2.300,2.497
2012-05-05-22_09_09.448,274,3,0,0,-24.792,2.205,2.697
2012-05-05-22_09_09.449,274,4,0,0,-33.779,2.230,1.997
2012-05-05-22_09_09.450,274,5,0,0,-42.794,2.167,2.597
2012-05-05-22_09_09.450,274,6,0,0,-51.793,2.164,2.597
2012-05-05-22_09_09.451,274,7,0,0,-60.715,2.246,3.297
2012-05-05-22_09_09.452,274,0,0,1,-2.183,2.213,3.696
2012-05-05-22_09_09.453,274,1,0,1,-11.201,2.205,3.096
2012-05-05-22_09_09.454,274,2,0,1,-20.180,2.293,2.696
2012-05-05-22_09_09.454,274,3,0,1,-29.235,2.198,2.596
2012-05-05-22_09_09.455,274,4,0,1,-38.222,2.223,2.296
2012-05-05-22_09_09.456,274,5,0,1,-47.237,2.161,2.596
2012-05-05-22_09_09.457,274,6,0,1,-56.235,2.157,2.696
2012-05-05-22_09_09.458,274,7,0,1,-65.157,2.239,3.396
2012-05-05-22_09_09.459,274,0,1,0,2.271,-2.280,3.612
2012-05-05-22_09_09.460,274,1,1,0,-6.745,-2.290,3.112
2012-05-05-22_09_09.460,274,2,1,0,-15.726,-2.200,2.612
2012-05-05-22_09_09.462,274,3,1,0,-24.781,-2.295,2.812
2012-05-05-22_09_09.463,274,4,1,0,-33.768,-2.270,2.012
2012-05-05-22_09_09.464,274,5,1,0,-42.782,-2.332,2.512
2012-05-05-22_09_09.465,274,6,1,0,-51.781,-2.336,2.712
2012-05-05-22_09_09.466,274,7,1,0,-60.703,-2.254,3.212
2012-05-05-22_09_09.467,274,0,1,1,-2.186,-2.289,3.720
2012-05-05-22_09_09.468,274,1,1,1,-11.202,-2.289,3.219
2012-05-05-22_09_09.469,274,2,1,1,-20.183,-2.209,2.720
2012-05-05-22_09_09.469,274,3,1,1,-29.238,-2.304,2.620
2012-05-05-22_09_09.470,274,4,1,1,-38.225,-2.279,2.020
2012-05-05-22_09_09.473,274,5,1,1,-47.239,-2.342,2.620
2012-05-05-22_09_09.474,274,6,1,1,-56.238,-2.345,2.720
2012-05-05-22_09_09.475,274,7,1,1,-65.160,-2.263,3.420
2012-05-05-22_09_09.476,274,0,2,0,2.271,-6.784,3.628
2012-05-05-22_09_09.479,274,1,2,0,-6.745,-6.787,3.228
2012-05-05-22_09_09.481,274,2,2,0,-15.726,-6.704,2.628
2012-05-05-22_09_09.482,274,3,2,0,-24.781,-6.799,2.828
2012-05-05-22_09_09.483,274,4,2,0,-33.768,-6.774,2.228
2012-05-05-22_09_09.485,274,5,2,0,-42.783,-6.837,2.928
2012-05-05-22_09_09.486,274,6,2,0,-51.781,-6.840,2.728
2012-05-05-22_09_09.487,274,7,2,0,-60.703,-6.758,3.628
2012-05-05-22_09_09.487,274,0,2,1,-2.186,-6.792,3.637
2012-05-05-22_09_09.488,274,1,2,1,-11.202,-6.787,3.137
2012-05-05-22_09_09.488,274,2,2,1,-20.184,-6.712,2.637
2012-05-05-22_09_09.489,274,3,2,1,-29.238,-6.808,2.737
2012-05-05-22_09_09.489,274,4,2,1,-38.225,-6.783,2.337
2012-05-05-22_09_09.490,274,5,2,1,-47.240,-6.845,2.637
2012-05-05-22_09_09.490,274,6,2,1,-56.239,-6.848,2.837
2012-05-05-22_09_09.491,274,7,2,1,-65.161,-6.766,3.437
2012-05-05-22_09_09.492,274,0,3,0,2.270,-11.282,3.647
2012-05-05-22_09_09.492,274,1,3,0,-6.743,-11.286,3.247
2012-05-05-22_09_09.494,274,2,3,0,-15.727,-11.202,2.547
2012-05-05-22_09_09.494,274,3,3,0,-24.781,-11.298,2.847
2012-05-05-22_09_09.497,274,4,3,0,-33.769,-11.273,2.347
2012-05-05-22_09_09.498,274,5,3,0,-42.783,-11.335,2.747
2012-05-05-22_09_09.502,274,6,3,0,-51.782,-11.339,2.847
2012-05-05-22_09_09.503,274,7,3,0,-60.704,-11.256,3.347
2012-05-05-22_09_09.504,274,0,3,1,-2.187,-11.289,3.759
2012-05-05-22_09_09.505,274,2,3,1,-20.184,-11.208,2.659
2012-05-05-22_09_09.506,274,3,3,1,-29.239,-11.304,2.759
2012-05-05-22_09_09.507,274,4,3,1,-38.226,-11.279,2.459
2012-05-05-22_09_09.508,274,5,3,1,-47.240,-11.341,2.559
2012-05-05-22_09_09.509,274,6,3,1,-56.239,-11.345,2.759
2012-05-05-22_09_09.510,274,7,3,1,-65.161,-11.262,3.359
2012-05-05-22_09_09.511,274,0,4,0,2.270,-15.782,3.673
2012-05-05-22_09_09.512,274,1,4,0,-6.741,-15.794,3.173
2012-05-05-22_09_09.514,274,2,4,0,-15.727,-15.702,2.673
2012-05-05-22_09_09.516,274,3,4,0,-24.782,-15.797,2.873
2012-05-05-22_09_09.517,274,4,4,0,-33.769,-15.772,2.073
2012-05-05-22_09_09.518,274,5,4,0,-42.784,-15.834,2.573
2012-05-05-22_09_09.520,274,6,4,0,-51.782,-15.838,2.773
2012-05-05-22_09_09.522,274,7,4,0,-60.704,-15.756,3.473
2012-05-05-22_09_09.523,274,0,4,1,-2.187,-15.788,3.683
2012-05-05-22_09_09.523,274,1,4,1,-11.203,-15.793,3.183
2012-05-05-22_09_09.524,274,2,4,1,-20.184,-15.708,2.683
2012-05-05-22_09_09.525,274,3,4,1,-29.239,-15.804,2.883
2012-05-05-22_09_09.528,274,4,4,1,-38.226,-15.779,2.083
2012-05-05-22_09_09.529,274,5,4,1,-47.241,-15.841,2.483
2012-05-05-22_09_09.529,274,6,4,1,-56.239,-15.844,2.683
2012-05-05-22_09_09.530,274,7,4,1,-65.161,-15.762,3.383
2012-05-05-22_09_09.531,274,0,5,0,2.272,-20.280,3.692
2012-05-05-22_09_09.532,274,1,5,0,-6.742,-20.297,3.292
2012-05-05-22_09_09.533,274,2,5,0,-15.725,-20.200,2.692
2012-05-05-22_09_09.534,274,3,5,0,-24.780,-20.295,2.792
2012-05-05-22_09_09.535,274,4,5,0,-33.767,-20.270,2.292
2012-05-05-22_09_09.536,274,5,5,0,-42.782,-20.332,2.692
2012-05-05-22_09_09.538,274,6,5,0,-51.780,-20.336,2.792
2012-05-05-22_09_09.539,274,7,5,0,-60.702,-20.254,3.292
2012-05-05-22_09_09.540,274,0,5,1,-2.185,-20.287,3.800
2012-05-05-22_09_09.541,274,1,5,1,-11.206,-20.296,3.100
2012-05-05-22_09_09.542,274,2,5,1,-20.182,-20.207,2.600
2012-05-05-22_09_09.543,274,3,5,1,-29.237,-20.303,2.800
2012-05-05-22_09_09.544,274,4,5,1,-38.224,-20.277,2.100
2012-05-05-22_09_09.545,274,5,5,1,-47.239,-20.340,2.600
2012-05-05-22_09_09.546,274,6,5,1,-56.237,-20.343,2.800
2012-05-05-22_09_09.547,274,7,5,1,-65.159,-20.261,3.500
2012-05-05-22_09_09.548,274,0,6,0,2.269,-24.780,3.710
2012-05-05-22_09_09.549,274,1,6,0,-6.739,-24.791,3.310
2012-05-05-22_09_09.549,274,2,6,0,-15.728,-24.700,2.710
2012-05-05-22_09_09.550,274,3,6,0,-24.783,-24.795,2.910
2012-05-05-22_09_09.552,274,4,6,0,-33.770,-24.770,2.010
2012-05-05-22_09_09.553,274,5,6,0,-42.784,-24.832,2.610
2012-05-05-22_09_09.554,274,6,6,0,-51.783,-24.836,2.710
2012-05-05-22_09_09.555,274,7,6,0,-60.705,-24.754,3.610
2012-05-05-22_09_09.555,274,0,6,1,-2.183,-24.789,3.722
2012-05-05-22_09_09.556,274,1,6,1,-11.209,-24.790,3.222
2012-05-05-22_09_09.557,274,2,6,1,-20.180,-24.709,2.722
2012-05-05-22_09_09.558,274,3,6,1,-29.235,-24.805,2.922
2012-05-05-22_09_09.559,274,4,6,1,-38.222,-24.780,2.122
2012-05-05-22_09_09.560,274,5,6,1,-47.237,-24.842,2.722
2012-05-05-22_09_09.561,274,6,6,1,-56.235,-24.846,2.922
2012-05-05-22_09_09.562,274,7,6,1,-65.157,-24.763,3.522
2012-05-05-22_09_09.563,274,0,7,0,2.269,-29.284,3.735
2012-05-05-22_09_09.567,274,1,7,0,-6.740,-29.287,3.235
2012-05-05-22_09_09.568,274,2,7,0,-15.728,-29.204,2.735
2012-05-05-22_09_09.569,274,3,7,0,-24.783,-29.299,2.935
2012-05-05-22_09_09.570,274,4,7,0,-33.770,-29.274,2.435
2012-05-05-22_09_09.571,274,5,7,0,-42.785,-29.337,2.735
2012-05-05-22_09_09.573,274,6,7,0,-51.784,-29.340,2.935
2012-05-05-22_09_09.574,274,7,7,0,-60.705,-29.258,3.535
2012-05-05-22_09_09.575,274,0,7,1,-2.181,-29.291,26.545
2012-05-05-22_09_09.577,274,1,7,1,-11.209,-29.286,3.244
2012-05-05-22_09_09.578,274,2,7,1,-20.178,-29.211,19.745
2012-05-05-22_09_09.579,274,3,7,1,-29.233,-29.306,13.845
2012-05-05-22_09_09.580,274,4,7,1,-38.220,-29.281,25.245
2012-05-05-22_09_09.581,274,5,7,1,-47.235,-29.344,26.045
2012-05-05-22_09_09.581,274,6,7,1,-56.233,-29.347,26.145
2012-05-05-22_09_09.583,274,7,7,1,-65.155,-29.265,8.445
2012-05-05-22_09_09.584,274,0,8,0,2.273,-33.782,3.754
2012-05-05-22_09_09.585,274,1,8,0,-6.743,-33.785,3.254
2012-05-05-22_09_09.586,274,2,8,0,-15.724,-33.702,2.754
2012-05-05-22_09_09.587,274,3,8,0,-24.779,-33.797,2.954
2012-05-05-22_09_09.588,274,4,8,0,-33.766,-33.772,2.454
2012-05-05-22_09_09.588,274,5,8,0,-42.780,-33.834,2.754
2012-05-05-22_09_09.589,274,6,8,0,-51.779,-33.838,2.954
2012-05-05-22_09_09.590,274,7,8,0,-60.701,-33.756,3.454
2012-05-05-22_09_09.591,274,0,8,1,-2.182,-33.788,3.763
2012-05-05-22_09_09.592,274,1,8,1,-11.212,-33.785,3.262
2012-05-05-22_09_09.593,274,2,8,1,-20.179,-33.707,2.763
2012-05-05-22_09_09.594,274,3,8,1,-29.233,-33.803,2.963
2012-05-05-22_09_09.594,274,4,8,1,-38.221,-33.778,2.463
2012-05-05-22_09_09.595,274,5,8,1,-47.235,-33.840,2.763
2012-05-05-22_09_09.596,274,6,8,1,-56.234,-33.844,2.963
2012-05-05-22_09_09.597,274,7,8,1,-65.156,-33.761,3.563
2012-05-05-22_09_09.598,274,0,9,0,2.278,-38.282,3.772
2012-05-05-22_09_09.598,274,1,9,0,-6.746,-38.292,3.272
2012-05-05-22_09_09.599,274,2,9,0,-15.720,-38.202,2.772
2012-05-05-22_09_09.600,274,3,9,0,-24.774,-38.297,2.972
2012-05-05-22_09_09.601,274,4,9,0,-33.761,-38.272,2.272
2012-05-05-22_09_09.602,274,5,9,0,-42.776,-38.334,2.772
2012-05-05-22_09_09.602,274,6,9,0,-51.775,-38.338,2.872
2012-05-05-22_09_09.604,274,7,9,0,-60.697,-38.256,3.472
2012-05-05-22_09_09.605,274,0,9,1,-2.185,-38.288,3.685
2012-05-05-22_09_09.606,274,1,9,1,-11.213,-38.292,3.285
2012-05-05-22_09_09.607,274,2,9,1,-20.182,-38.208,2.785
2012-05-05-22_09_09.608,274,3,9,1,-29.236,-38.303,2.785
2012-05-05-22_09_09.610,274,4,9,1,-38.223,-38.278,2.185
2012-05-05-22_09_09.611,274,5,9,1,-47.238,-38.341,2.685
2012-05-05-22_09_09.612,274,6,9,1,-56.237,-38.344,2.985
2012-05-05-22_09_09.613,274,7,9,1,-65.159,-38.262,3.585
2012-05-05-22_09_09.614,274,0,10,0,2.275,-42.780,3.698
2012-05-05-22_09_09.615,274,1,10,0,-6.748,-42.795,3.398
2012-05-05-22_09_09.616,274,2,10,0,-15.722,-42.700,2.898
2012-05-05-22_09_09.617,274,3,10,0,-24.777,-42.795,2.998
2012-05-05-22_09_09.617,274,4,10,0,-33.764,-42.770,2.198
2012-05-05-22_09_09.618,274,5,10,0,-42.779,-42.832,2.798
2012-05-05-22_09_09.619,274,6,10,0,-51.777,-42.836,2.998
2012-05-05-22_09_09.620,274,7,10,0,-60.699,-42.754,3.398
2012-05-05-22_09_09.621,274,0,10,1,-2.187,-42.788,3.808
2012-05-05-22_09_09.622,274,1,10,1,-11.211,-42.795,3.208
2012-05-05-22_09_09.623,274,2,10,1,-20.184,-42.707,2.708
2012-05-05-22_09_09.625,274,3,10,1,-29.239,-42.803,3.008
2012-05-05-22_09_09.627,274,4,10,1,-38.226,-42.778,2.508
2012-05-05-22_09_09.628,274,5,10,1,-47.241,-42.840,2.808
2012-05-05-22_09_09.629,274,6,10,1,-56.240,-42.844,3.008
2012-05-05-22_09_09.630,274,7,10,1,-65.162,-42.761,3.508
2012-05-05-22_09_09.630,274,0,11,0,2.277,-47.280,3.717
2012-05-05-22_09_09.631,274,1,11,0,-6.749,-47.291,3.317
2012-05-05-22_09_09.632,274,2,11,0,-15.720,-47.200,2.817
2012-05-05-22_09_09.633,274,3,11,0,-24.775,-47.295,3.017
2012-05-05-22_09_09.634,274,4,11,0,-33.762,-47.270,2.417
2012-05-05-22_09_09.635,274,5,11,0,-42.777,-47.332,2.817
2012-05-05-22_09_09.636,274,6,11,0,-51.775,-47.336,3.017
2012-05-05-22_09_09.637,274,7,11,0,-60.697,-47.254,3.417
2012-05-05-22_09_09.637,274,0,11,1,-2.190,-47.289,3.826
2012-05-05-22_09_09.638,274,1,11,1,-11.211,-47.290,3.326
2012-05-05-22_09_09.640,274,2,11,1,-20.187,-47.209,2.826
2012-05-05-22_09_09.641,274,3,11,1,-29.242,-47.305,2.826
2012-05-05-22_09_09.642,274,4,11,1,-38.229,-47.280,2.526
2012-05-05-22_09_09.643,274,5,11,1,-47.244,-47.342,2.826
2012-05-05-22_09_09.643,274,6,11,1,-56.242,-47.346,3.026
2012-05-05-22_09_09.644,274,7,11,1,-65.164,-47.263,3.626
2012-05-05-22_09_09.645,274,0,12,0,2.276,-51.784,3.736
2012-05-05-22_09_09.646,274,1,12,0,-6.752,-51.788,3.336
2012-05-05-22_09_09.648,274,2,12,0,-15.721,-51.704,2.836
2012-05-05-22_09_09.649,274,3,12,0,-24.776,-51.799,2.936
2012-05-05-22_09_09.650,274,4,12,0,-33.763,-51.774,2.236
2012-05-05-22_09_09.650,274,5,12,0,-42.777,-51.837,2.736
2012-05-05-22_09_09.651,274,6,12,0,-51.776,-51.840,2.936
2012-05-05-22_09_09.652,274,7,12,0,-60.698,-51.758,3.536
2012-05-05-22_09_09.653,274,0,12,1,-2.188,-51.792,3.849
2012-05-05-22_09_09.654,274,1,12,1,-11.211,-51.788,3.349
2012-05-05-22_09_09.654,274,2,12,1,-20.185,-51.712,2.849
2012-05-05-22_09_09.655,274,3,12,1,-29.240,-51.807,2.849
2012-05-05-22_09_09.658,274,4,12,1,-38.227,-51.782,2.549
2012-05-05-22_09_09.659,274,5,12,1,-47.242,-51.845,2.849
2012-05-05-22_09_09.660,274,6,12,1,-56.240,-51.848,3.049
2012-05-05-22_09_09.661,274,7,12,1,-65.162,-51.766,3.649
2012-05-05-22_09_09.662,274,0,13,0,2.276,-56.282,3.762
2012-05-05-22_09_09.663,274,1,13,0,-6.752,-56.285,3.462
2012-05-05-22_09_09.664,274,2,13,0,-15.721,-56.202,2.762
2012-05-05-22_09_09.665,274,3,13,0,-24.776,-56.297,2.962
2012-05-05-22_09_09.666,274,4,13,0,-33.763,-56.272,2.362
2012-05-05-22_09_09.667,274,5,13,0,-42.778,-56.335,2.762
2012-05-05-22_09_09.668,274,6,13,0,-51.776,-56.338,2.862
2012-05-05-22_09_09.668,274,7,13,0,-60.698,-56.256,3.462
2012-05-05-22_09_09.671,274,0,13,1,-2.191,-56.288,3.872
2012-05-05-22_09_09.671,274,1,13,1,-11.209,-56.286,3.371
2012-05-05-22_09_09.673,274,2,13,1,-20.188,-56.208,2.772
2012-05-05-22_09_09.673,274,3,13,1,-29.243,-56.303,2.772
2012-05-05-22_09_09.674,274,4,13,1,-38.230,-56.278,2.272
2012-05-05-22_09_09.675,274,5,13,1,-47.245,-56.341,2.872
2012-05-05-22_09_09.676,274,6,13,1,-56.243,-56.344,2.972
2012-05-05-22_09_09.677,274,7,13,1,-65.165,-56.262,3.672
2012-05-05-22_09_09.679,274,0,14,0,2.275,-60.782,3.779
2012-05-05-22_09_09.680,274,1,14,0,-6.753,-60.792,3.379
2012-05-05-22_09_09.681,274,2,14,0,-15.722,-60.701,2.879
2012-05-05-22_09_09.682,274,3,14,0,-24.776,-60.797,2.979
2012-05-05-22_09_09.683,274,4,14,0,-33.763,-60.772,2.579
2012-05-05-22_09_09.684,274,5,14,0,-42.778,-60.834,2.779
2012-05-05-22_09_09.685,274,6,14,0,-51.777,-60.838,2.979
2012-05-05-22_09_09.688,274,7,14,0,-60.699,-60.755,3.679
2012-05-05-22_09_09.690,274,0,14,1,-2.194,-60.788,3.888
2012-05-05-22_09_09.691,274,1,14,1,-11.207,-60.793,3.388
2012-05-05-22_09_09.693,274,2,14,1,-20.191,-60.708,2.788
2012-05-05-22_09_09.694,274,3,14,1,-29.246,-60.804,2.788
2012-05-05-22_09_09.694,274,4,14,1,-38.233,-60.779,2.588
2012-05-05-22_09_09.695,274,5,14,1,-47.247,-60.841,2.888
2012-05-05-22_09_09.696,274,6,14,1,-56.246,-60.844,3.088
2012-05-05-22_09_09.696,274,7,14,1,-65.168,-60.762,3.688
2012-05-05-22_09_09.697,274,0,15,0,2.273,-65.280,3.897
2012-05-05-22_09_09.698,274,1,15,0,-6.753,-65.296,3.397
2012-05-05-22_09_09.699,274,2,15,0,-15.725,-65.200,2.897
2012-05-05-22_09_09.700,274,3,15,0,-24.779,-65.295,2.997
2012-05-05-22_09_09.701,274,4,15,0,-33.766,-65.270,2.497
2012-05-05-22_09_09.702,274,5,15,0,-42.781,-65.333,2.797
2012-05-05-22_09_09.703,274,6,15,0,-51.780,-65.336,2.997
2012-05-05-22_09_09.706,274,7,15,0,-60.702,-65.254,3.497
2012-05-05-22_09_09.707,274,0,15,1,-2.194,-65.288,3.910
2012-05-05-22_09_09.707,274,1,15,1,-11.208,-65.296,3.410
2012-05-05-22_09_09.708,274,2,15,1,-20.191,-65.207,2.910
2012-05-05-22_09_09.709,274,3,15,1,-29.246,-65.303,2.810
2012-05-05-22_09_09.710,274,4,15,1,-38.233,-65.278,2.510
2012-05-05-22_09_09.711,274,5,15,1,-47.248,-65.340,2.910
2012-05-05-22_09_09.712,274,6,15,1,-56.247,-65.344,2.910
2012-05-05-22_09_09.713,274,7,15,1,-65.168,-65.261,3.610
2012-05-05-22_09_09.714,274,0,16,0,2.270,-69.780,3.923
2012-05-05-22_09_09.716,274,1,16,0,-6.751,-69.790,3.423
2012-05-05-22_09_09.717,274,2,16,0,-15.727,-69.700,2.923
2012-05-05-22_09_09.718,274,3,16,0,-24.782,-69.796,3.023
2012-05-05-22_09_09.719,274,4,16,0,-33.769,-69.771,2.323
2012-05-05-22_09_09.720,274,5,16,0,-42.784,-69.833,2.823
2012-05-05-22_09_09.721,274,6,16,0,-51.782,-69.836,2.923
2012-05-05-22_09_09.723,274,7,16,0,-60.704,-69.754,3.623
2012-05-05-22_09_09.724,274,0,16,1,-2.195,-69.789,3.934
2012-05-05-22_09_09.725,274,1,16,1,-11.208,-69.789,3.434
2012-05-05-22_09_09.726,274,2,16,1,-20.192,-69.709,2.934
2012-05-05-22_09_09.726,274,3,16,1,-29.247,-69.804,2.934
2012-05-05-22_09_09.727,274,4,16,1,-38.234,-69.779,2.534
2012-05-05-22_09_09.728,274,5,16,1,-47.248,-69.841,2.734
2012-05-05-22_09_09.729,274,6,16,1,-56.247,-69.845,2.934
2012-05-05-22_09_09.730,274,7,16,1,-65.169,-69.763,3.634
2012-05-05-22_09_09.731,274,0,17,0,2.267,-74.284,3.942
2012-05-05-22_09_09.732,274,1,17,0,-6.747,-74.287,3.442
2012-05-05-22_09_09.733,274,2,17,0,-15.730,-74.204,2.942
2012-05-05-22_09_09.734,274,3,17,0,-24.785,-74.299,3.042
2012-05-05-22_09_09.735,274,4,17,0,-33.772,-74.274,2.342
2012-05-05-22_09_09.736,274,5,17,0,-42.787,-74.337,2.842
2012-05-05-22_09_09.737,274,6,17,0,-51.785,-74.340,2.942
2012-05-05-22_09_09.738,274,7,17,0,-60.707,-74.258,3.542
2012-05-05-22_09_09.739,274,0,17,1,-2.193,-74.291,3.952
2012-05-05-22_09_09.740,274,1,17,1,-11.211,-74.287,3.451
2012-05-05-22_09_09.741,274,2,17,1,-20.190,-74.211,2.852
2012-05-05-22_09_09.742,274,3,17,1,-29.245,-74.306,2.852
2012-05-05-22_09_09.743,274,4,17,1,-38.232,-74.281,2.352
2012-05-05-22_09_09.744,274,5,17,1,-47.246,-74.344,2.752
2012-05-05-22_09_09.745,274,6,17,1,-56.245,-74.347,2.952
2012-05-05-22_09_09.746,274,7,17,1,-65.167,-74.265,3.652
2012-05-05-22_09_09.747,274,0,18,0,2.264,-78.781,3.862
2012-05-05-22_09_09.748,274,1,18,0,-6.747,-78.785,3.462
2012-05-05-22_09_09.749,274,2,18,0,-15.733,-78.701,2.862
2012-05-05-22_09_09.750,274,3,18,0,-24.788,-78.797,3.062
2012-05-05-22_09_09.751,274,4,18,0,-33.775,-78.772,2.462
2012-05-05-22_09_09.753,274,5,18,0,-42.789,-78.834,2.862
2012-05-05-22_09_09.754,274,6,18,0,-51.788,-78.838,2.962
2012-05-05-22_09_09.755,274,7,18,0,-60.710,-78.755,3.662
2012-05-05-22_09_09.756,274,0,18,1,-2.193,-78.788,3.875
2012-05-05-22_09_09.758,274,1,18,1,-11.211,-78.785,3.374
2012-05-05-22_09_09.759,274,2,18,1,-20.190,-78.708,2.875
2012-05-05-22_09_09.760,274,3,18,1,-29.245,-78.803,3.075
2012-05-05-22_09_09.761,274,4,18,1,-38.232,-78.778,2.275
2012-05-05-22_09_09.762,274,5,18,1,-47.247,-78.841,2.875
2012-05-05-22_09_09.763,274,6,18,1,-56.245,-78.844,2.975
2012-05-05-22_09_09.764,274,7,18,1,-65.167,-78.762,3.775
2012-05-05-22_09_09.765,274,0,19,0,2.264,-83.282,3.886
2012-05-05-22_09_09.765,274,1,19,0,-6.747,-83.291,3.487
2012-05-05-22_09_09.767,274,2,19,0,-15.734,-83.201,2.986
2012-05-05-22_09_09.767,274,3,19,0,-24.788,-83.297,3.186
2012-05-05-22_09_09.768,274,4,19,0,-33.775,-83.272,2.286
2012-05-05-22_09_09.769,274,5,19,0,-42.790,-83.334,2.886
2012-05-05-22_09_09.770,274,6,19,0,-51.789,-83.338,2.986
2012-05-05-22_09_09.771,274,7,19,0,-60.711,-83.255,3.586
2012-05-05-22_09_09.772,274,0,19,1,-2.191,-83.288,3.997
2012-05-05-22_09_09.773,274,1,19,1,-11.212,-83.292,3.397
2012-05-05-22_09_09.774,274,2,19,1,-20.188,-83.208,2.997
2012-05-05-22_09_09.775,274,3,19,1,-29.243,-83.303,2.897
2012-05-05-22_09_09.776,274,4,19,1,-38.230,-83.278,2.597
2012-05-05-22_09_09.776,274,5,19,1,-47.245,-83.340,2.897
2012-05-05-22_09_09.777,274,6,19,1,-56.243,-83.344,3.097
2012-05-05-22_09_09.778,274,7,19,1,-65.165,-83.262,3.797
2012-05-05-22_09_09.779,274,0,20,0,2.268,-87.780,4.005
2012-05-05-22_09_09.780,274,1,20,0,-6.745,-87.796,3.405
2012-05-05-22_09_09.781,274,2,20,0,-15.729,-87.700,2.905
2012-05-05-22_09_09.782,274,3,20,0,-24.784,-87.795,3.105
2012-05-05-22_09_09.783,274,4,20,0,-33.771,-87.770,2.605
2012-05-05-22_09_09.784,274,5,20,0,-42.785,-87.832,2.905
2012-05-05-22_09_09.785,274,6,20,0,-51.784,-87.836,3.005
2012-05-05-22_09_09.786,274,7,20,0,-60.706,-87.754,3.805
2012-05-05-22_09_09.787,274,0,20,1,-2.192,-87.788,4.014
2012-05-05-22_09_09.789,274,1,20,1,-11.212,-87.795,3.514
2012-05-05-22_09_09.790,274,2,20,1,-20.189,-87.708,3.014
2012-05-05-22_09_09.791,274,3,20,1,-29.243,-87.803,3.114
2012-05-05-22_09_09.792,274,4,20,1,-38.230,-87.778,2.614
2012-05-05-22_09_09.792,274,5,20,1,-47.245,-87.840,2.914
2012-05-05-22_09_09.793,274,6,20,1,-56.244,-87.844,3.114
2012-05-05-22_09_09.794,274,7,20,1,-65.166,-87.762,3.814
2012-05-05-22_09_09.795,274,0,21,0,2.265,-92.279,4.024
2012-05-05-22_09_09.796,274,1,21,0,-6.751,-92.291,3.524
2012-05-05-22_09_09.797,274,2,21,0,-15.732,-92.199,3.024
2012-05-05-22_09_09.798,274,3,21,0,-24.787,-92.295,3.124
2012-05-05-22_09_09.799,274,4,21,0,-33.774,-92.270,2.524
2012-05-05-22_09_09.800,274,5,21,0,-42.788,-92.332,2.924
2012-05-05-22_09_09.802,274,6,21,0,-51.787,-92.336,3.024
2012-05-05-22_09_09.802,274,7,21,0,-60.709,-92.253,3.624
2012-05-05-22_09_09.803,274,0,21,1,-2.190,-92.290,4.037
2012-05-05-22_09_09.804,274,1,21,1,-11.213,-92.290,3.437
2012-05-05-22_09_09.805,274,2,21,1,-20.187,-92.210,2.937
2012-05-05-22_09_09.806,274,3,21,1,-29.241,-92.305,2.937
2012-05-05-22_09_09.806,274,4,21,1,-38.228,-92.280,2.437
2012-05-05-22_09_09.807,274,5,21,1,-47.243,-92.342,3.037
2012-05-05-22_09_09.808,274,6,21,1,-56.242,-92.346,3.137
2012-05-05-22_09_09.810,274,7,21,1,-65.164,-92.264,3.737
2012-05-05-22_09_09.812,274,0,22,0,2.267,-96.784,3.950
2012-05-05-22_09_09.813,274,1,22,0,-6.751,-96.788,3.550
2012-05-05-22_09_09.814,274,2,22,0,-15.730,-96.704,3.050
2012-05-05-22_09_09.815,274,3,22,0,-24.785,-96.799,3.050
2012-05-05-22_09_09.816,274,4,22,0,-33.772,-96.774,2.550
2012-05-05-22_09_09.818,274,5,22,0,-42.786,-96.837,2.950
2012-05-05-22_09_09.820,274,6,22,0,-51.785,-96.840,3.150
2012-05-05-22_09_09.821,274,7,22,0,-60.707,-96.758,3.750
2012-05-05-22_09_09.822,274,0,22,1,-2.190,-96.792,4.058
2012-05-05-22_09_09.823,274,1,22,1,-11.213,-96.789,3.558
2012-05-05-22_09_09.824,274,2,22,1,-20.187,-96.712,2.958
2012-05-05-22_09_09.825,274,3,22,1,-29.242,-96.807,2.958
2012-05-05-22_09_09.826,274,4,22,1,-38.229,-96.782,2.758
2012-05-05-22_09_09.827,274,5,22,1,-47.244,-96.845,2.958
2012-05-05-22_09_09.828,274,6,22,1,-56.242,-96.848,3.158
2012-05-05-22_09_09.829,274,7,22,1,-65.164,-96.766,3.758
2012-05-05-22_09_09.829,274,0,23,0,2.267,-101.281,4.068
2012-05-05-22_09_09.830,274,1,23,0,-6.754,-101.286,3.568
2012-05-05-22_09_09.831,274,2,23,0,-15.730,-101.201,2.968
2012-05-05-22_09_09.832,274,3,23,0,-24.785,-101.297,3.268
2012-05-05-22_09_09.832,274,4,23,0,-33.772,-101.272,2.668
2012-05-05-22_09_09.833,274,5,23,0,-42.787,-101.334,2.868
2012-05-05-22_09_09.834,274,6,23,0,-51.785,-101.338,2.868
2012-05-05-22_09_09.835,274,7,23,0,-60.707,-101.255,3.568
2012-05-05-22_09_09.835,274,0,23,1,-2.181,-101.281,3.968
2012-05-05-22_09_09.838,274,1,23,1,-11.211,-101.286,3.568
2012-05-05-22_09_09.839,274,2,23,1,-20.178,-101.200,2.968
2012-05-05-22_09_09.839,274,3,23,1,-29.232,-101.296,2.968
2012-05-05-22_09_09.840,274,4,23,1,-38.219,-101.271,2.568
2012-05-05-22_09_09.841,274,5,23,1,-47.234,-101.333,2.968
2012-05-05-22_09_09.842,274,6,23,1,-56.233,-101.337,3.068
2012-05-05-22_09_09.843,274,7,23,1,-65.155,-101.254,3.768
