2012-05-07-14_24_49.547,29,0,0,0,2.253,2.216,3.895
2012-05-07-14_24_49.547,29,0,0,0,2.185,2.229,3.794
2012-05-07-14_24_49.548,29,0,0,0,2.234,2.295,3.794
2012-05-07-14_24_49.548,29,1,0,0,-6.738,2.313,2.895
2012-05-07-14_24_49.549,29,1,0,0,-6.807,2.326,2.894
2012-05-07-14_24_49.549,29,1,0,0,-6.758,2.303,2.894
2012-05-07-14_24_49.550,29,2,0,0,-15.682,2.220,2.595
2012-05-07-14_24_49.551,29,2,0,0,-15.750,2.233,2.594
2012-05-07-14_24_49.552,29,2,0,0,-15.701,2.298,2.594
2012-05-07-14_24_49.553,29,3,0,0,-24.702,2.267,2.595
2012-05-07-14_24_49.554,29,3,0,0,-24.770,2.280,2.594
2012-05-07-14_24_49.554,29,3,0,0,-24.721,2.346,2.594
2012-05-07-14_24_49.555,29,4,0,0,-33.712,2.275,2.195
2012-05-07-14_24_49.555,29,4,0,0,-33.780,2.289,2.094
2012-05-07-14_24_49.556,29,4,0,0,-33.731,2.354,2.194
2012-05-07-14_24_49.556,29,5,0,0,-42.773,2.249,2.895
2012-05-07-14_24_49.557,29,5,0,0,-42.841,2.262,2.894
2012-05-07-14_24_49.558,29,5,0,0,-42.792,2.328,2.894
2012-05-07-14_24_49.558,29,6,0,0,-51.741,2.191,2.795
2012-05-07-14_24_49.559,29,6,0,0,-51.810,2.204,2.794
2012-05-07-14_24_49.560,29,6,0,0,-51.760,2.269,2.794
2012-05-07-14_24_49.561,29,7,0,0,-60.738,2.290,3.395
2012-05-07-14_24_49.562,29,7,0,0,-60.807,2.303,3.394
2012-05-07-14_24_49.563,29,7,0,0,-60.757,2.369,3.394
2012-05-07-14_24_49.564,29,0,0,1,-2.196,2.210,3.794
2012-05-07-14_24_49.564,29,0,0,1,-2.250,2.210,3.794
2012-05-07-14_24_49.565,29,0,0,1,-2.270,2.229,3.794
2012-05-07-14_24_49.566,29,1,0,1,-11.188,2.306,2.994
2012-05-07-14_24_49.567,29,1,0,1,-11.242,2.306,2.994
2012-05-07-14_24_49.567,29,1,0,1,-11.261,2.325,2.994
2012-05-07-14_24_49.568,29,2,0,1,-20.186,2.213,2.694
2012-05-07-14_24_49.569,29,2,0,1,-20.205,2.232,2.794
2012-05-07-14_24_49.570,29,2,0,1,-20.156,2.298,2.694
2012-05-07-14_24_49.571,29,3,0,1,-29.152,2.261,2.694
2012-05-07-14_24_49.571,29,3,0,1,-29.206,2.261,2.594
2012-05-07-14_24_49.572,29,3,0,1,-29.225,2.280,2.694
2012-05-07-14_24_49.573,29,4,0,1,-38.162,2.269,2.494
2012-05-07-14_24_49.573,29,4,0,1,-38.215,2.269,2.494
2012-05-07-14_24_49.574,29,4,0,1,-38.235,2.288,2.494
2012-05-07-14_24_49.575,29,5,0,1,-47.223,2.243,2.894
2012-05-07-14_24_49.575,29,5,0,1,-47.276,2.243,2.994
2012-05-07-14_24_49.576,29,5,0,1,-47.296,2.262,2.994
2012-05-07-14_24_49.577,29,6,0,1,-56.191,2.184,2.794
2012-05-07-14_24_49.578,29,6,0,1,-56.245,2.184,2.794
2012-05-07-14_24_49.578,29,6,0,1,-56.264,2.203,2.794
2012-05-07-14_24_49.579,29,7,0,1,-65.188,2.284,3.594
2012-05-07-14_24_49.580,29,7,0,1,-65.242,2.284,3.594
2012-05-07-14_24_49.581,29,7,0,1,-65.261,2.303,3.594
2012-05-07-14_24_49.581,29,0,1,0,2.253,-2.282,3.908
2012-05-07-14_24_49.582,29,0,1,0,2.185,-2.270,3.908
2012-05-07-14_24_49.602,29,0,1,0,2.232,-2.206,3.908
2012-05-07-14_24_49.603,29,1,1,0,-6.739,-2.186,3.208
2012-05-07-14_24_49.605,29,1,1,0,-6.807,-2.174,3.108
2012-05-07-14_24_49.606,29,1,1,0,-6.761,-2.195,3.208
2012-05-07-14_24_49.606,29,2,1,0,-15.683,-2.279,2.608
2012-05-07-14_24_49.607,29,2,1,0,-15.751,-2.266,2.608
2012-05-07-14_24_49.608,29,2,1,0,-15.704,-2.203,2.608
2012-05-07-14_24_49.608,29,3,1,0,-24.703,-2.231,2.708
2012-05-07-14_24_49.609,29,3,1,0,-24.771,-2.219,2.608
2012-05-07-14_24_49.609,29,3,1,0,-24.724,-2.155,2.608
2012-05-07-14_24_49.610,29,4,1,0,-33.712,-2.223,2.308
2012-05-07-14_24_49.611,29,4,1,0,-33.780,-2.211,2.308
2012-05-07-14_24_49.612,29,4,1,0,-33.734,-2.147,2.308
2012-05-07-14_24_49.613,29,5,1,0,-42.773,-2.249,2.908
2012-05-07-14_24_49.614,29,5,1,0,-42.841,-2.237,2.908
2012-05-07-14_24_49.615,29,5,1,0,-42.794,-2.173,2.808
2012-05-07-14_24_49.615,29,6,1,0,-51.742,-2.308,2.808
2012-05-07-14_24_49.617,29,6,1,0,-51.810,-2.295,2.808
2012-05-07-14_24_49.618,29,6,1,0,-51.763,-2.232,2.808
2012-05-07-14_24_49.619,29,7,1,0,-60.739,-2.208,3.508
2012-05-07-14_24_49.620,29,7,1,0,-60.807,-2.196,3.508
2012-05-07-14_24_49.621,29,7,1,0,-60.760,-2.132,3.608
2012-05-07-14_24_49.622,29,0,1,1,-2.197,-2.287,4.019
2012-05-07-14_24_49.623,29,0,1,1,-2.253,-2.287,4.019
2012-05-07-14_24_49.624,29,0,1,1,-2.270,-2.271,3.919
2012-05-07-14_24_49.625,29,1,1,1,-11.189,-2.191,3.219
2012-05-07-14_24_49.625,29,1,1,1,-11.245,-2.191,3.219
2012-05-07-14_24_49.626,29,1,1,1,-11.262,-2.174,3.219
2012-05-07-14_24_49.627,29,2,1,1,-20.189,-2.284,2.719
2012-05-07-14_24_49.629,29,2,1,1,-20.206,-2.267,2.719
2012-05-07-14_24_49.630,29,2,1,1,-20.156,-2.202,2.719
2012-05-07-14_24_49.631,29,3,1,1,-29.152,-2.236,2.619
2012-05-07-14_24_49.632,29,3,1,1,-29.209,-2.236,2.619
2012-05-07-14_24_49.632,29,3,1,1,-29.226,-2.220,2.619
2012-05-07-14_24_49.633,29,4,1,1,-38.162,-2.228,2.219
2012-05-07-14_24_49.635,29,4,1,1,-38.218,-2.228,2.219
2012-05-07-14_24_49.636,29,4,1,1,-38.235,-2.212,2.219
2012-05-07-14_24_49.637,29,5,1,1,-47.223,-2.254,2.919
2012-05-07-14_24_49.639,29,5,1,1,-47.279,-2.255,2.919
2012-05-07-14_24_49.640,29,5,1,1,-47.296,-2.238,2.919
2012-05-07-14_24_49.640,29,6,1,1,-56.192,-2.313,2.819
2012-05-07-14_24_49.641,29,6,1,1,-56.248,-2.313,2.819
2012-05-07-14_24_49.642,29,6,1,1,-56.265,-2.296,2.819
2012-05-07-14_24_49.643,29,7,1,1,-65.189,-2.213,3.419
2012-05-07-14_24_49.644,29,7,1,1,-65.245,-2.214,3.519
2012-05-07-14_24_49.645,29,7,1,1,-65.262,-2.197,3.519
2012-05-07-14_24_49.646,29,0,2,0,2.250,-6.778,3.930
2012-05-07-14_24_49.648,29,0,2,0,2.187,-6.765,3.930
2012-05-07-14_24_49.649,29,0,2,0,2.231,-6.706,3.930
2012-05-07-14_24_49.650,29,1,2,0,-6.742,-6.682,3.230
2012-05-07-14_24_49.651,29,1,2,0,-6.805,-6.668,3.230
2012-05-07-14_24_49.652,29,1,2,0,-6.761,-6.692,3.230
2012-05-07-14_24_49.653,29,2,2,0,-15.685,-6.774,2.730
2012-05-07-14_24_49.654,29,2,2,0,-15.749,-6.761,2.630
2012-05-07-14_24_49.655,29,2,2,0,-15.704,-6.702,2.630
2012-05-07-14_24_49.658,29,3,2,0,-24.705,-6.727,2.630
2012-05-07-14_24_49.659,29,3,2,0,-24.769,-6.714,2.630
2012-05-07-14_24_49.660,29,3,2,0,-24.724,-6.655,2.630
2012-05-07-14_24_49.661,29,4,2,0,-33.715,-6.719,2.430
2012-05-07-14_24_49.661,29,4,2,0,-33.778,-6.706,2.330
2012-05-07-14_24_49.662,29,4,2,0,-33.734,-6.647,2.430
2012-05-07-14_24_49.662,29,5,2,0,-42.776,-6.745,3.030
2012-05-07-14_24_49.663,29,5,2,0,-42.839,-6.732,3.030
2012-05-07-14_24_49.664,29,5,2,0,-42.795,-6.673,3.030
2012-05-07-14_24_49.664,29,6,2,0,-51.745,-6.803,2.830
2012-05-07-14_24_49.665,29,6,2,0,-51.808,-6.790,2.830
2012-05-07-14_24_49.666,29,6,2,0,-51.764,-6.731,2.830
2012-05-07-14_24_49.666,29,7,2,0,-60.742,-6.704,3.730
2012-05-07-14_24_49.667,29,7,2,0,-60.805,-6.691,3.630
2012-05-07-14_24_49.668,29,7,2,0,-60.761,-6.632,3.630
2012-05-07-14_24_49.669,29,0,2,1,-2.195,-6.786,3.939
2012-05-07-14_24_49.670,29,0,2,1,-2.253,-6.786,3.939
2012-05-07-14_24_49.671,29,0,2,1,-2.273,-6.765,3.939
2012-05-07-14_24_49.671,29,1,2,1,-11.187,-6.690,3.239
2012-05-07-14_24_49.672,29,1,2,1,-11.245,-6.690,3.239
2012-05-07-14_24_49.674,29,1,2,1,-11.265,-6.669,3.239
2012-05-07-14_24_49.675,29,2,2,1,-20.189,-6.782,2.639
2012-05-07-14_24_49.675,29,2,2,1,-20.208,-6.761,2.639
2012-05-07-14_24_49.677,29,2,2,1,-20.157,-6.701,2.639
2012-05-07-14_24_49.677,29,3,2,1,-29.150,-6.735,2.639
2012-05-07-14_24_49.678,29,3,2,1,-29.209,-6.735,2.739
2012-05-07-14_24_49.679,29,3,2,1,-29.228,-6.714,2.739
2012-05-07-14_24_49.679,29,4,2,1,-38.160,-6.727,2.539
2012-05-07-14_24_49.681,29,4,2,1,-38.219,-6.727,2.539
2012-05-07-14_24_49.683,29,4,2,1,-38.238,-6.706,2.539
2012-05-07-14_24_49.685,29,5,2,1,-47.221,-6.753,3.039
2012-05-07-14_24_49.685,29,5,2,1,-47.279,-6.753,3.039
2012-05-07-14_24_49.686,29,5,2,1,-47.299,-6.732,3.039
2012-05-07-14_24_49.687,29,6,2,1,-56.190,-6.812,2.939
2012-05-07-14_24_49.688,29,6,2,1,-56.248,-6.811,2.839
2012-05-07-14_24_49.689,29,6,2,1,-56.268,-6.790,2.939
2012-05-07-14_24_49.690,29,7,2,1,-65.187,-6.712,3.539
2012-05-07-14_24_49.691,29,7,2,1,-65.245,-6.712,3.539
2012-05-07-14_24_49.693,29,7,2,1,-65.265,-6.691,3.539
2012-05-07-14_24_49.694,29,0,3,0,2.252,-11.281,3.948
2012-05-07-14_24_49.695,29,0,3,0,2.184,-11.265,3.848
2012-05-07-14_24_49.697,29,0,3,0,2.233,-11.211,3.948
2012-05-07-14_24_49.698,29,1,3,0,-6.740,-11.184,3.248
2012-05-07-14_24_49.699,29,1,3,0,-6.808,-11.168,3.248
2012-05-07-14_24_49.700,29,1,3,0,-6.762,-11.197,3.248
2012-05-07-14_24_49.701,29,2,3,0,-15.683,-11.277,2.748
2012-05-07-14_24_49.703,29,2,3,0,-15.752,-11.261,2.648
2012-05-07-14_24_49.704,29,2,3,0,-15.702,-11.207,2.648
2012-05-07-14_24_49.705,29,3,3,0,-24.703,-11.230,2.648
2012-05-07-14_24_49.705,29,3,3,0,-24.772,-11.213,2.548
2012-05-07-14_24_49.707,29,3,3,0,-24.722,-11.160,2.648
2012-05-07-14_24_49.708,29,4,3,0,-33.713,-11.222,2.548
2012-05-07-14_24_49.708,29,4,3,0,-33.781,-11.205,2.448
2012-05-07-14_24_49.710,29,4,3,0,-33.732,-11.152,2.448
2012-05-07-14_24_49.710,29,5,3,0,-42.774,-11.248,2.948
2012-05-07-14_24_49.713,29,5,3,0,-42.842,-11.232,2.848
2012-05-07-14_24_49.715,29,5,3,0,-42.793,-11.178,2.848
2012-05-07-14_24_49.716,29,6,3,0,-51.743,-11.306,2.948
2012-05-07-14_24_49.717,29,6,3,0,-51.811,-11.290,2.948
2012-05-07-14_24_49.717,29,6,3,0,-51.762,-11.236,2.948
2012-05-07-14_24_49.718,29,7,3,0,-60.740,-11.207,3.548
2012-05-07-14_24_49.720,29,7,3,0,-60.808,-11.191,3.548
2012-05-07-14_24_49.721,29,7,3,0,-60.759,-11.137,3.548
2012-05-07-14_24_49.721,29,0,3,1,-2.190,-11.291,4.057
2012-05-07-14_24_49.722,29,0,3,1,-2.251,-11.291,3.957
2012-05-07-14_24_49.723,29,0,3,1,-2.271,-11.265,4.057
2012-05-07-14_24_49.724,29,1,3,1,-11.182,-11.195,3.257
2012-05-07-14_24_49.725,29,1,3,1,-11.243,-11.195,3.257
2012-05-07-14_24_49.726,29,1,3,1,-11.263,-11.169,3.257
2012-05-07-14_24_49.728,29,2,3,1,-20.187,-11.287,2.657
2012-05-07-14_24_49.728,29,2,3,1,-20.206,-11.261,2.657
2012-05-07-14_24_49.730,29,2,3,1,-20.155,-11.207,2.757
2012-05-07-14_24_49.731,29,3,3,1,-29.146,-11.240,2.757
2012-05-07-14_24_49.732,29,3,3,1,-29.207,-11.240,2.657
2012-05-07-14_24_49.733,29,3,3,1,-29.226,-11.214,2.757
2012-05-07-14_24_49.734,29,4,3,1,-38.156,-11.232,2.657
2012-05-07-14_24_49.735,29,4,3,1,-38.217,-11.232,2.557
2012-05-07-14_24_49.736,29,4,3,1,-38.236,-11.206,2.657
2012-05-07-14_24_49.737,29,5,3,1,-47.216,-11.258,3.057
2012-05-07-14_24_49.738,29,5,3,1,-47.278,-11.258,2.957
2012-05-07-14_24_49.739,29,5,3,1,-47.297,-11.232,3.057
2012-05-07-14_24_49.740,29,6,3,1,-56.185,-11.316,2.857
2012-05-07-14_24_49.741,29,6,3,1,-56.246,-11.316,2.957
2012-05-07-14_24_49.742,29,6,3,1,-56.266,-11.291,2.857
2012-05-07-14_24_49.745,29,7,3,1,-65.182,-11.217,3.557
2012-05-07-14_24_49.746,29,7,3,1,-65.243,-11.217,3.457
2012-05-07-14_24_49.747,29,7,3,1,-65.263,-11.191,3.457
2012-05-07-14_24_49.748,29,0,4,0,2.252,-15.782,3.969
2012-05-07-14_24_49.749,29,0,4,0,2.184,-15.768,3.869
2012-05-07-14_24_49.750,29,0,4,0,2.233,-15.709,3.969
2012-05-07-14_24_49.751,29,1,4,0,-6.740,-15.685,3.269
2012-05-07-14_24_49.752,29,1,4,0,-6.808,-15.672,3.269
2012-05-07-14_24_49.753,29,1,4,0,-6.762,-15.698,3.270
2012-05-07-14_24_49.756,29,2,4,0,-15.684,-15.778,2.769
2012-05-07-14_24_49.757,29,2,4,0,-15.752,-15.764,2.669
2012-05-07-14_24_49.758,29,2,4,0,-15.703,-15.705,2.669
2012-05-07-14_24_49.759,29,3,4,0,-24.704,-15.731,2.669
2012-05-07-14_24_49.760,29,3,4,0,-24.772,-15.717,2.669
2012-05-07-14_24_49.761,29,3,4,0,-24.723,-15.658,2.669
2012-05-07-14_24_49.764,29,4,4,0,-33.713,-15.723,2.269
2012-05-07-14_24_49.765,29,4,4,0,-33.782,-15.709,2.169
2012-05-07-14_24_49.766,29,4,4,0,-33.732,-15.650,2.169
2012-05-07-14_24_49.767,29,5,4,0,-42.774,-15.749,2.969
2012-05-07-14_24_49.768,29,5,4,0,-42.843,-15.735,2.869
2012-05-07-14_24_49.768,29,5,4,0,-42.793,-15.676,2.869
2012-05-07-14_24_49.770,29,6,4,0,-51.743,-15.807,2.869
2012-05-07-14_24_49.770,29,6,4,0,-51.811,-15.793,2.869
2012-05-07-14_24_49.771,29,6,4,0,-51.762,-15.734,2.769
2012-05-07-14_24_49.772,29,7,4,0,-60.740,-15.708,3.569
2012-05-07-14_24_49.773,29,7,4,0,-60.808,-15.694,3.469
2012-05-07-14_24_49.785,29,7,4,0,-60.759,-15.635,3.569
2012-05-07-14_24_49.786,29,0,4,1,-2.191,-15.792,3.982
2012-05-07-14_24_49.787,29,0,4,1,-2.252,-15.792,3.982
2012-05-07-14_24_49.788,29,0,4,1,-2.271,-15.769,3.982
2012-05-07-14_24_49.788,29,1,4,1,-11.183,-15.696,3.282
2012-05-07-14_24_49.789,29,1,4,1,-11.244,-15.696,3.282
2012-05-07-14_24_49.790,29,1,4,1,-11.263,-15.673,3.182
2012-05-07-14_24_49.790,29,2,4,1,-20.187,-15.788,2.782
2012-05-07-14_24_49.791,29,2,4,1,-20.207,-15.765,2.782
2012-05-07-14_24_49.792,29,2,4,1,-20.155,-15.705,2.782
2012-05-07-14_24_49.793,29,3,4,1,-29.146,-15.741,2.682
2012-05-07-14_24_49.793,29,3,4,1,-29.207,-15.741,2.682
2012-05-07-14_24_49.794,29,3,4,1,-29.227,-15.718,2.682
2012-05-07-14_24_49.795,29,4,4,1,-38.156,-15.733,2.282
2012-05-07-14_24_49.796,29,4,4,1,-38.217,-15.733,2.282
2012-05-07-14_24_49.797,29,4,4,1,-38.236,-15.710,2.282
2012-05-07-14_24_49.798,29,5,4,1,-47.217,-15.759,2.882
2012-05-07-14_24_49.799,29,5,4,1,-47.278,-15.759,2.782
2012-05-07-14_24_49.800,29,5,4,1,-47.297,-15.736,2.882
2012-05-07-14_24_49.801,29,6,4,1,-56.186,-15.817,2.782
2012-05-07-14_24_49.801,29,6,4,1,-56.247,-15.817,2.782
2012-05-07-14_24_49.803,29,6,4,1,-56.266,-15.794,2.782
2012-05-07-14_24_49.804,29,7,4,1,-65.183,-15.718,3.482
2012-05-07-14_24_49.805,29,7,4,1,-65.244,-15.718,3.482
2012-05-07-14_24_49.806,29,7,4,1,-65.263,-15.695,3.482
2012-05-07-14_24_49.807,29,0,5,0,2.251,-20.283,3.993
2012-05-07-14_24_49.808,29,0,5,0,2.181,-20.272,3.893
2012-05-07-14_24_49.809,29,0,5,0,2.232,-20.207,3.893
2012-05-07-14_24_49.810,29,1,5,0,-6.740,-20.187,3.193
2012-05-07-14_24_49.812,29,1,5,0,-6.811,-20.176,3.193
2012-05-07-14_24_49.813,29,1,5,0,-6.760,-20.197,3.193
2012-05-07-14_24_49.814,29,2,5,0,-15.684,-20.279,2.693
2012-05-07-14_24_49.815,29,2,5,0,-15.755,-20.269,2.693
2012-05-07-14_24_49.816,29,2,5,0,-15.703,-20.203,2.693
2012-05-07-14_24_49.818,29,3,5,0,-24.704,-20.232,2.493
2012-05-07-14_24_49.819,29,3,5,0,-24.775,-20.221,2.493
2012-05-07-14_24_49.820,29,3,5,0,-24.723,-20.156,2.493
2012-05-07-14_24_49.821,29,4,5,0,-33.714,-20.224,2.393
2012-05-07-14_24_49.821,29,4,5,0,-33.785,-20.213,2.393
2012-05-07-14_24_49.823,29,4,5,0,-33.733,-20.148,2.293
2012-05-07-14_24_49.824,29,5,5,0,-42.775,-20.250,2.893
2012-05-07-14_24_49.825,29,5,5,0,-42.845,-20.239,2.793
2012-05-07-14_24_49.826,29,5,5,0,-42.794,-20.174,2.793
2012-05-07-14_24_49.827,29,6,5,0,-51.744,-20.308,2.893
2012-05-07-14_24_49.827,29,6,5,0,-51.814,-20.298,2.893
2012-05-07-14_24_49.828,29,6,5,0,-51.763,-20.232,2.893
2012-05-07-14_24_49.829,29,7,5,0,-60.740,-20.209,3.493
2012-05-07-14_24_49.830,29,7,5,0,-60.811,-20.198,3.393
2012-05-07-14_24_49.831,29,7,5,0,-60.759,-20.133,3.393
2012-05-07-14_24_49.832,29,0,5,1,-2.191,-20.291,4.002
2012-05-07-14_24_49.833,29,0,5,1,-2.247,-20.291,4.002
2012-05-07-14_24_49.834,29,0,5,1,-2.267,-20.273,4.002
2012-05-07-14_24_49.835,29,1,5,1,-11.183,-20.194,3.202
2012-05-07-14_24_49.836,29,1,5,1,-11.239,-20.194,3.202
2012-05-07-14_24_49.837,29,1,5,1,-11.259,-20.177,3.202
2012-05-07-14_24_49.838,29,2,5,1,-20.183,-20.287,2.702
2012-05-07-14_24_49.839,29,2,5,1,-20.202,-20.270,2.702
2012-05-07-14_24_49.840,29,2,5,1,-20.153,-20.203,2.702
2012-05-07-14_24_49.840,29,3,5,1,-29.147,-20.240,2.602
2012-05-07-14_24_49.857,29,3,5,1,-29.203,-20.240,2.702
2012-05-07-14_24_49.858,29,3,5,1,-29.222,-20.222,2.702
2012-05-07-14_24_49.859,29,4,5,1,-38.156,-20.232,2.402
2012-05-07-14_24_49.860,29,4,5,1,-38.213,-20.232,2.402
2012-05-07-14_24_49.861,29,4,5,1,-38.232,-20.214,2.302
2012-05-07-14_24_49.861,29,5,5,1,-47.217,-20.258,2.902
2012-05-07-14_24_49.862,29,5,5,1,-47.273,-20.258,2.902
2012-05-07-14_24_49.863,29,5,5,1,-47.293,-20.240,2.902
2012-05-07-14_24_49.864,29,6,5,1,-56.186,-20.316,2.902
2012-05-07-14_24_49.864,29,6,5,1,-56.242,-20.316,2.902
2012-05-07-14_24_49.865,29,6,5,1,-56.262,-20.299,2.902
2012-05-07-14_24_49.866,29,7,5,1,-65.183,-20.217,3.702
2012-05-07-14_24_49.867,29,7,5,1,-65.239,-20.217,3.702
2012-05-07-14_24_49.867,29,7,5,1,-65.259,-20.199,3.702
2012-05-07-14_24_49.868,29,0,6,0,2.256,-24.782,4.011
2012-05-07-14_24_49.870,29,0,6,0,2.183,-24.771,4.011
2012-05-07-14_24_49.872,29,0,6,0,2.234,-24.708,3.911
2012-05-07-14_24_49.873,29,1,6,0,-6.736,-24.686,3.311
2012-05-07-14_24_49.874,29,1,6,0,-6.809,-24.675,3.311
2012-05-07-14_24_49.875,29,1,6,0,-6.760,-24.694,3.311
2012-05-07-14_24_49.876,29,2,6,0,-15.680,-24.778,2.711
2012-05-07-14_24_49.877,29,2,6,0,-15.753,-24.768,2.711
2012-05-07-14_24_49.878,29,2,6,0,-15.701,-24.704,2.811
2012-05-07-14_24_49.880,29,3,6,0,-24.700,-24.731,2.811
2012-05-07-14_24_49.881,29,3,6,0,-24.773,-24.720,2.711
2012-05-07-14_24_49.882,29,3,6,0,-24.721,-24.657,2.711
2012-05-07-14_24_49.883,29,4,6,0,-33.709,-24.723,2.311
2012-05-07-14_24_49.884,29,4,6,0,-33.783,-24.712,2.211
2012-05-07-14_24_49.885,29,4,6,0,-33.731,-24.649,2.211
2012-05-07-14_24_49.886,29,5,6,0,-42.770,-24.749,2.911
2012-05-07-14_24_49.887,29,5,6,0,-42.843,-24.738,2.911
2012-05-07-14_24_49.888,29,5,6,0,-42.792,-24.675,3.011
2012-05-07-14_24_49.889,29,6,6,0,-51.739,-24.807,2.911
2012-05-07-14_24_49.890,29,6,6,0,-51.812,-24.797,2.911
2012-05-07-14_24_49.891,29,6,6,0,-51.761,-24.733,2.911
2012-05-07-14_24_49.892,29,7,6,0,-60.736,-24.708,3.611
2012-05-07-14_24_49.893,29,7,6,0,-60.809,-24.697,3.711
2012-05-07-14_24_49.894,29,7,6,0,-60.757,-24.634,3.611
2012-05-07-14_24_49.895,29,0,6,1,-2.192,-24.787,4.021
2012-05-07-14_24_49.896,29,0,6,1,-2.248,-24.787,3.920
2012-05-07-14_24_49.897,29,0,6,1,-2.267,-24.772,4.020
2012-05-07-14_24_49.898,29,1,6,1,-11.183,-24.691,3.321
2012-05-07-14_24_49.899,29,1,6,1,-11.240,-24.691,3.320
2012-05-07-14_24_49.900,29,1,6,1,-11.259,-24.675,3.320
2012-05-07-14_24_49.901,29,2,6,1,-20.183,-24.784,2.720
2012-05-07-14_24_49.902,29,2,6,1,-20.203,-24.768,2.720
2012-05-07-14_24_49.903,29,2,6,1,-20.151,-24.704,2.720
2012-05-07-14_24_49.904,29,3,6,1,-29.147,-24.736,2.821
2012-05-07-14_24_49.905,29,3,6,1,-29.203,-24.736,2.820
2012-05-07-14_24_49.906,29,3,6,1,-29.223,-24.721,2.820
2012-05-07-14_24_49.907,29,4,6,1,-38.157,-24.728,2.321
2012-05-07-14_24_49.908,29,4,6,1,-38.213,-24.728,2.320
2012-05-07-14_24_49.910,29,4,6,1,-38.232,-24.712,2.320
2012-05-07-14_24_49.911,29,5,6,1,-47.218,-24.754,3.021
2012-05-07-14_24_49.912,29,5,6,1,-47.274,-24.754,3.020
2012-05-07-14_24_49.913,29,5,6,1,-47.293,-24.739,3.020
2012-05-07-14_24_49.914,29,6,6,1,-56.187,-24.813,2.921
2012-05-07-14_24_49.915,29,6,6,1,-56.243,-24.813,2.920
2012-05-07-14_24_49.917,29,6,6,1,-56.262,-24.797,2.920
2012-05-07-14_24_49.918,29,7,6,1,-65.183,-24.713,3.621
2012-05-07-14_24_49.919,29,7,6,1,-65.240,-24.713,3.620
2012-05-07-14_24_49.920,29,7,6,1,-65.259,-24.698,3.620
2012-05-07-14_24_49.921,29,0,7,0,2.258,-29.278,4.032
2012-05-07-14_24_49.922,29,0,7,0,2.185,-29.264,3.932
2012-05-07-14_24_49.923,29,0,7,0,2.236,-29.205,3.932
2012-05-07-14_24_49.924,29,1,7,0,-6.734,-29.182,3.232
2012-05-07-14_24_49.925,29,1,7,0,-6.807,-29.168,3.232
2012-05-07-14_24_49.926,29,1,7,0,-6.758,-29.192,3.232
2012-05-07-14_24_49.927,29,2,7,0,-15.678,-29.274,2.832
2012-05-07-14_24_49.928,29,2,7,0,-15.751,-29.261,2.832
2012-05-07-14_24_49.929,29,2,7,0,-15.699,-29.202,2.832
2012-05-07-14_24_49.929,29,3,7,0,-24.698,-29.227,2.732
2012-05-07-14_24_49.930,29,3,7,0,-24.771,-29.213,2.732
2012-05-07-14_24_49.931,29,3,7,0,-24.719,-29.154,2.732
2012-05-07-14_24_49.932,29,4,7,0,-33.707,-29.219,2.632
2012-05-07-14_24_49.933,29,4,7,0,-33.781,-29.205,2.632
2012-05-07-14_24_49.934,29,4,7,0,-33.729,-29.146,2.632
2012-05-07-14_24_49.935,29,5,7,0,-42.768,-29.245,3.132
2012-05-07-14_24_49.936,29,5,7,0,-42.841,-29.231,3.132
2012-05-07-14_24_49.936,29,5,7,0,-42.790,-29.172,3.132
2012-05-07-14_24_49.938,29,6,7,0,-51.737,-29.304,3.032
2012-05-07-14_24_49.939,29,6,7,0,-51.810,-29.290,2.932
2012-05-07-14_24_49.940,29,6,7,0,-51.759,-29.231,3.032
2012-05-07-14_24_49.941,29,7,7,0,-60.734,-29.204,3.632
2012-05-07-14_24_49.942,29,7,7,0,-60.807,-29.190,3.832
2012-05-07-14_24_49.943,29,7,7,0,-60.755,-29.131,3.632
2012-05-07-14_24_49.944,29,0,7,1,-2.194,-29.286,4.045
2012-05-07-14_24_49.945,29,0,7,1,-2.248,-29.286,4.045
2012-05-07-14_24_49.945,29,0,7,1,-2.265,-29.265,4.045
2012-05-07-14_24_49.946,29,1,7,1,-11.186,-29.189,3.245
2012-05-07-14_24_49.947,29,1,7,1,-11.240,-29.189,3.345
2012-05-07-14_24_49.948,29,1,7,1,-11.257,-29.168,3.345
2012-05-07-14_24_49.950,29,2,7,1,-20.184,-29.282,2.745
2012-05-07-14_24_49.951,29,2,7,1,-20.201,-29.261,2.745
2012-05-07-14_24_49.952,29,2,7,1,-20.152,-29.201,2.745
2012-05-07-14_24_49.953,29,3,7,1,-29.150,-29.235,2.745
2012-05-07-14_24_49.954,29,3,7,1,-29.204,-29.235,2.745
2012-05-07-14_24_49.956,29,3,7,1,-29.221,-29.214,2.745
2012-05-07-14_24_49.956,29,4,7,1,-38.160,-29.227,2.545
2012-05-07-14_24_49.958,29,4,7,1,-38.213,-29.227,2.545
2012-05-07-14_24_49.958,29,4,7,1,-38.230,-29.206,2.545
2012-05-07-14_24_49.959,29,5,7,1,-47.221,-29.253,3.145
2012-05-07-14_24_49.960,29,5,7,1,-47.274,-29.253,3.145
2012-05-07-14_24_49.961,29,5,7,1,-47.291,-29.232,3.145
2012-05-07-14_24_49.962,29,6,7,1,-56.189,-29.311,2.945
2012-05-07-14_24_49.963,29,6,7,1,-56.243,-29.311,2.945
2012-05-07-14_24_49.964,29,6,7,1,-56.260,-29.290,2.945
2012-05-07-14_24_49.964,29,7,7,1,-65.186,-29.212,3.745
2012-05-07-14_24_49.965,29,7,7,1,-65.240,-29.212,3.745
2012-05-07-14_24_49.967,29,7,7,1,-65.257,-29.191,3.745
2012-05-07-14_24_49.967,29,0,8,0,2.257,-33.780,4.055
2012-05-07-14_24_49.969,29,0,8,0,2.184,-33.764,3.955
2012-05-07-14_24_49.970,29,0,8,0,2.241,-33.709,3.955
2012-05-07-14_24_49.971,29,1,8,0,-6.734,-33.684,3.355
2012-05-07-14_24_49.972,29,1,8,0,-6.808,-33.667,3.255
2012-05-07-14_24_49.973,29,1,8,0,-6.756,-33.696,3.255
2012-05-07-14_24_49.974,29,2,8,0,-15.678,-33.776,2.755
2012-05-07-14_24_49.978,29,2,8,0,-15.751,-33.760,2.755
2012-05-07-14_24_49.980,29,2,8,0,-15.695,-33.706,2.755
2012-05-07-14_24_49.981,29,3,8,0,-24.698,-33.729,2.755
2012-05-07-14_24_49.982,29,3,8,0,-24.771,-33.713,2.755
2012-05-07-14_24_49.985,29,3,8,0,-24.715,-33.658,2.755
2012-05-07-14_24_49.986,29,4,8,0,-33.708,-33.721,2.755
2012-05-07-14_24_49.987,29,4,8,0,-33.781,-33.704,2.655
2012-05-07-14_24_49.988,29,4,8,0,-33.724,-33.650,2.655
2012-05-07-14_24_49.989,29,5,8,0,-42.769,-33.747,3.055
2012-05-07-14_24_49.990,29,5,8,0,-42.842,-33.731,3.155
2012-05-07-14_24_49.991,29,5,8,0,-42.785,-33.676,3.155
2012-05-07-14_24_49.992,29,6,8,0,-51.738,-33.805,3.055
2012-05-07-14_24_49.993,29,6,8,0,-51.811,-33.789,3.055
2012-05-07-14_24_49.994,29,6,8,0,-51.754,-33.735,2.955
2012-05-07-14_24_49.995,29,7,8,0,-60.734,-33.706,3.855
2012-05-07-14_24_49.996,29,7,8,0,-60.807,-33.690,3.755
2012-05-07-14_24_49.998,29,7,8,0,-60.751,-33.635,3.755
2012-05-07-14_24_49.999,29,0,8,1,-2.197,-33.790,4.065
2012-05-07-14_24_49.999,29,0,8,1,-2.249,-33.790,4.065
2012-05-07-14_24_50.000,29,0,8,1,-2.268,-33.764,4.064
2012-05-07-14_24_50.001,29,1,8,1,-11.189,-33.694,3.265
2012-05-07-14_24_50.002,29,1,8,1,-11.240,-33.693,3.265
2012-05-07-14_24_50.002,29,1,8,1,-11.260,-33.667,3.364
2012-05-07-14_24_50.004,29,2,8,1,-20.184,-33.786,2.765
2012-05-07-14_24_50.004,29,2,8,1,-20.204,-33.760,2.764
2012-05-07-14_24_50.005,29,2,8,1,-20.154,-33.706,2.764
2012-05-07-14_24_50.006,29,3,8,1,-29.153,-33.739,2.765
2012-05-07-14_24_50.007,29,3,8,1,-29.204,-33.739,2.865
2012-05-07-14_24_50.008,29,3,8,1,-29.224,-33.713,2.764
2012-05-07-14_24_50.009,29,4,8,1,-38.163,-33.731,2.665
2012-05-07-14_24_50.010,29,4,8,1,-38.214,-33.730,2.665
2012-05-07-14_24_50.011,29,4,8,1,-38.233,-33.704,2.664
2012-05-07-14_24_50.012,29,5,8,1,-47.223,-33.757,3.065
2012-05-07-14_24_50.013,29,5,8,1,-47.275,-33.757,3.065
2012-05-07-14_24_50.014,29,5,8,1,-47.294,-33.731,3.064
2012-05-07-14_24_50.015,29,6,8,1,-56.192,-33.815,2.965
2012-05-07-14_24_50.016,29,6,8,1,-56.244,-33.815,2.965
2012-05-07-14_24_50.017,29,6,8,1,-56.263,-33.789,2.964
2012-05-07-14_24_50.018,29,7,8,1,-65.189,-33.716,3.665
2012-05-07-14_24_50.019,29,7,8,1,-65.240,-33.716,3.665
2012-05-07-14_24_50.020,29,7,8,1,-65.260,-33.690,3.664
2012-05-07-14_24_50.021,29,0,9,0,2.259,-38.282,3.973
2012-05-07-14_24_50.022,29,0,9,0,2.189,-38.267,3.973
2012-05-07-14_24_50.023,29,0,9,0,2.240,-38.208,3.973
2012-05-07-14_24_50.024,29,1,9,0,-6.732,-38.186,3.373
2012-05-07-14_24_50.025,29,1,9,0,-6.803,-38.171,3.273
2012-05-07-14_24_50.025,29,1,9,0,-6.754,-38.199,3.373
2012-05-07-14_24_50.027,29,2,9,0,-15.676,-38.279,2.873
2012-05-07-14_24_50.028,29,2,9,0,-15.747,-38.264,2.773
2012-05-07-14_24_50.029,29,2,9,0,-15.695,-38.205,2.773
2012-05-07-14_24_50.030,29,3,9,0,-24.696,-38.231,2.773
2012-05-07-14_24_50.031,29,3,9,0,-24.767,-38.216,2.773
2012-05-07-14_24_50.032,29,3,9,0,-24.715,-38.157,2.773
2012-05-07-14_24_50.033,29,4,9,0,-33.706,-38.223,2.473
2012-05-07-14_24_50.035,29,4,9,0,-33.777,-38.208,2.473
2012-05-07-14_24_50.036,29,4,9,0,-33.725,-38.149,2.373
2012-05-07-14_24_50.037,29,5,9,0,-42.767,-38.249,3.073
2012-05-07-14_24_50.038,29,5,9,0,-42.837,-38.234,3.073
2012-05-07-14_24_50.039,29,5,9,0,-42.786,-38.175,3.073
2012-05-07-14_24_50.042,29,6,9,0,-51.736,-38.308,2.973
2012-05-07-14_24_50.043,29,6,9,0,-51.806,-38.293,2.973
2012-05-07-14_24_50.044,29,6,9,0,-51.755,-38.234,2.873
2012-05-07-14_24_50.044,29,7,9,0,-60.732,-38.208,3.573
2012-05-07-14_24_50.045,29,7,9,0,-60.803,-38.193,3.573
2012-05-07-14_24_50.046,29,7,9,0,-60.751,-38.134,3.473
2012-05-07-14_24_50.047,29,0,9,1,-2.195,-38.291,4.083
2012-05-07-14_24_50.048,29,0,9,1,-2.251,-38.291,4.083
2012-05-07-14_24_50.049,29,0,9,1,-2.271,-38.268,3.983
2012-05-07-14_24_50.050,29,1,9,1,-11.187,-38.195,3.283
2012-05-07-14_24_50.051,29,1,9,1,-11.243,-38.195,3.283
2012-05-07-14_24_50.051,29,1,9,1,-11.263,-38.172,3.283
2012-05-07-14_24_50.052,29,2,9,1,-20.187,-38.287,2.783
2012-05-07-14_24_50.053,29,2,9,1,-20.207,-38.265,2.783
2012-05-07-14_24_50.054,29,2,9,1,-20.157,-38.205,2.783
2012-05-07-14_24_50.055,29,3,9,1,-29.151,-38.240,2.783
2012-05-07-14_24_50.056,29,3,9,1,-29.207,-38.240,2.783
2012-05-07-14_24_50.057,29,3,9,1,-29.227,-38.217,2.783
2012-05-07-14_24_50.058,29,4,9,1,-38.161,-38.232,2.383
2012-05-07-14_24_50.059,29,4,9,1,-38.217,-38.232,2.383
2012-05-07-14_24_50.061,29,4,9,1,-38.236,-38.209,2.383
2012-05-07-14_24_50.062,29,5,9,1,-47.221,-38.258,3.083
2012-05-07-14_24_50.063,29,5,9,1,-47.278,-38.258,3.083
2012-05-07-14_24_50.064,29,5,9,1,-47.297,-38.235,3.083
2012-05-07-14_24_50.065,29,6,9,1,-56.190,-38.316,2.983
2012-05-07-14_24_50.066,29,6,9,1,-56.246,-38.316,2.983
2012-05-07-14_24_50.067,29,6,9,1,-56.266,-38.294,2.983
2012-05-07-14_24_50.068,29,7,9,1,-65.187,-38.217,3.683
2012-05-07-14_24_50.069,29,7,9,1,-65.243,-38.217,3.683
2012-05-07-14_24_50.070,29,7,9,1,-65.263,-38.194,3.683
2012-05-07-14_24_50.072,29,0,10,0,2.257,-42.784,3.995
2012-05-07-14_24_50.073,29,0,10,0,2.188,-42.771,3.995
2012-05-07-14_24_50.074,29,0,10,0,2.238,-42.705,3.995
2012-05-07-14_24_50.075,29,1,10,0,-6.735,-42.687,3.395
2012-05-07-14_24_50.076,29,1,10,0,-6.804,-42.675,3.395
2012-05-07-14_24_50.077,29,1,10,0,-6.755,-42.697,3.395
2012-05-07-14_24_50.078,29,2,10,0,-15.679,-42.780,2.895
2012-05-07-14_24_50.079,29,2,10,0,-15.747,-42.768,2.895
2012-05-07-14_24_50.080,29,2,10,0,-15.698,-42.702,2.895
2012-05-07-14_24_50.081,29,3,10,0,-24.699,-42.733,2.895
2012-05-07-14_24_50.082,29,3,10,0,-24.767,-42.720,2.795
2012-05-07-14_24_50.083,29,3,10,0,-24.718,-42.654,2.795
2012-05-07-14_24_50.085,29,4,10,0,-33.709,-42.725,2.395
2012-05-07-14_24_50.086,29,4,10,0,-33.777,-42.712,2.395
2012-05-07-14_24_50.087,29,4,10,0,-33.728,-42.646,2.395
2012-05-07-14_24_50.088,29,5,10,0,-42.770,-42.751,3.195
2012-05-07-14_24_50.089,29,5,10,0,-42.838,-42.738,3.095
2012-05-07-14_24_50.090,29,5,10,0,-42.789,-42.672,3.095
2012-05-07-14_24_50.091,29,6,10,0,-51.738,-42.809,3.095
2012-05-07-14_24_50.092,29,6,10,0,-51.807,-42.797,3.095
2012-05-07-14_24_50.093,29,6,10,0,-51.757,-42.731,2.995
2012-05-07-14_24_50.094,29,7,10,0,-60.735,-42.710,3.795
2012-05-07-14_24_50.095,29,7,10,0,-60.803,-42.697,3.895
2012-05-07-14_24_50.096,29,7,10,0,-60.754,-42.631,3.795
2012-05-07-14_24_50.097,29,0,10,1,-2.198,-42.790,4.108
2012-05-07-14_24_50.098,29,0,10,1,-2.254,-42.790,4.108
2012-05-07-14_24_50.099,29,0,10,1,-2.271,-42.771,4.108
2012-05-07-14_24_50.099,29,1,10,1,-11.190,-42.694,3.308
2012-05-07-14_24_50.100,29,1,10,1,-11.246,-42.694,3.308
2012-05-07-14_24_50.104,29,1,10,1,-11.263,-42.675,3.308
2012-05-07-14_24_50.105,29,2,10,1,-20.190,-42.786,2.808
2012-05-07-14_24_50.105,29,2,10,1,-20.207,-42.768,2.808
2012-05-07-14_24_50.106,29,2,10,1,-20.158,-42.701,2.808
2012-05-07-14_24_50.107,29,3,10,1,-29.154,-42.739,2.908
2012-05-07-14_24_50.108,29,3,10,1,-29.210,-42.739,2.808
2012-05-07-14_24_50.109,29,3,10,1,-29.227,-42.720,2.808
2012-05-07-14_24_50.109,29,4,10,1,-38.163,-42.731,2.608
2012-05-07-14_24_50.112,29,4,10,1,-38.220,-42.731,2.608
2012-05-07-14_24_50.113,29,4,10,1,-38.237,-42.712,2.608
2012-05-07-14_24_50.114,29,5,10,1,-47.224,-42.757,3.208
2012-05-07-14_24_50.115,29,5,10,1,-47.280,-42.757,3.208
2012-05-07-14_24_50.115,29,5,10,1,-47.297,-42.739,3.208
2012-05-07-14_24_50.116,29,6,10,1,-56.193,-42.815,3.008
2012-05-07-14_24_50.117,29,6,10,1,-56.249,-42.815,3.008
2012-05-07-14_24_50.118,29,6,10,1,-56.266,-42.797,3.008
2012-05-07-14_24_50.119,29,7,10,1,-65.190,-42.716,3.708
2012-05-07-14_24_50.120,29,7,10,1,-65.246,-42.716,3.608
2012-05-07-14_24_50.121,29,7,10,1,-65.263,-42.698,3.708
2012-05-07-14_24_50.122,29,0,11,0,2.254,-47.282,4.018
2012-05-07-14_24_50.123,29,0,11,0,2.190,-47.271,4.018
2012-05-07-14_24_50.124,29,0,11,0,2.237,-47.206,4.018
2012-05-07-14_24_50.125,29,1,11,0,-6.738,-47.186,3.418
2012-05-07-14_24_50.125,29,1,11,0,-6.802,-47.174,3.418
2012-05-07-14_24_50.126,29,1,11,0,-6.755,-47.194,3.418
2012-05-07-14_24_50.127,29,2,11,0,-15.682,-47.279,2.818
2012-05-07-14_24_50.128,29,2,11,0,-15.745,-47.267,2.818
2012-05-07-14_24_50.129,29,2,11,0,-15.699,-47.202,2.818
2012-05-07-14_24_50.130,29,3,11,0,-24.702,-47.231,2.818
2012-05-07-14_24_50.131,29,3,11,0,-24.765,-47.220,2.818
2012-05-07-14_24_50.132,29,3,11,0,-24.718,-47.155,2.818
2012-05-07-14_24_50.133,29,4,11,0,-33.712,-47.223,2.618
2012-05-07-14_24_50.134,29,4,11,0,-33.775,-47.212,2.518
2012-05-07-14_24_50.135,29,4,11,0,-33.728,-47.147,2.518
2012-05-07-14_24_50.136,29,5,11,0,-42.772,-47.249,3.118
2012-05-07-14_24_50.137,29,5,11,0,-42.836,-47.238,3.118
2012-05-07-14_24_50.138,29,5,11,0,-42.789,-47.173,3.118
2012-05-07-14_24_50.139,29,6,11,0,-51.741,-47.308,3.118
2012-05-07-14_24_50.140,29,6,11,0,-51.805,-47.296,3.118
2012-05-07-14_24_50.141,29,6,11,0,-51.758,-47.231,3.118
2012-05-07-14_24_50.142,29,7,11,0,-60.738,-47.208,3.618
2012-05-07-14_24_50.143,29,7,11,0,-60.801,-47.197,3.818
2012-05-07-14_24_50.144,29,7,11,0,-60.755,-47.132,3.618
2012-05-07-14_24_50.145,29,0,11,1,-2.201,-47.287,4.128
2012-05-07-14_24_50.146,29,0,11,1,-2.272,-47.271,4.028
2012-05-07-14_24_50.147,29,0,11,1,-2.225,-47.206,4.028
2012-05-07-14_24_50.148,29,1,11,1,-11.193,-47.191,3.428
2012-05-07-14_24_50.149,29,1,11,1,-11.264,-47.175,3.328
2012-05-07-14_24_50.150,29,1,11,1,-11.222,-47.194,3.328
2012-05-07-14_24_50.151,29,2,11,1,-20.137,-47.284,2.828
2012-05-07-14_24_50.152,29,2,11,1,-20.207,-47.267,2.828
2012-05-07-14_24_50.152,29,2,11,1,-20.161,-47.203,2.828
2012-05-07-14_24_50.154,29,3,11,1,-29.157,-47.236,2.828
2012-05-07-14_24_50.155,29,3,11,1,-29.227,-47.220,2.828
2012-05-07-14_24_50.155,29,3,11,1,-29.181,-47.155,2.828
2012-05-07-14_24_50.156,29,4,11,1,-38.166,-47.228,2.728
2012-05-07-14_24_50.157,29,4,11,1,-38.237,-47.212,2.728
2012-05-07-14_24_50.158,29,4,11,1,-38.190,-47.147,2.628
2012-05-07-14_24_50.158,29,5,11,1,-47.227,-47.254,3.228
2012-05-07-14_24_50.160,29,5,11,1,-47.298,-47.238,3.228
2012-05-07-14_24_50.161,29,5,11,1,-47.251,-47.173,3.228
2012-05-07-14_24_50.163,29,6,11,1,-56.196,-47.313,3.128
2012-05-07-14_24_50.164,29,6,11,1,-56.267,-47.296,3.128
2012-05-07-14_24_50.165,29,6,11,1,-56.220,-47.232,3.128
2012-05-07-14_24_50.166,29,7,11,1,-65.193,-47.213,3.728
2012-05-07-14_24_50.167,29,7,11,1,-65.264,-47.197,3.728
2012-05-07-14_24_50.167,29,7,11,1,-65.222,-47.216,3.728
2012-05-07-14_24_50.168,29,0,12,0,2.256,-51.778,4.036
2012-05-07-14_24_50.169,29,0,12,0,2.190,-51.765,4.036
2012-05-07-14_24_50.172,29,0,12,0,2.237,-51.707,3.936
2012-05-07-14_24_50.173,29,1,12,0,-6.736,-51.682,3.436
2012-05-07-14_24_50.174,29,1,12,0,-6.802,-51.669,3.336
2012-05-07-14_24_50.174,29,1,12,0,-6.758,-51.692,3.436
2012-05-07-14_24_50.175,29,2,12,0,-15.680,-51.774,2.836
2012-05-07-14_24_50.176,29,2,12,0,-15.746,-51.762,2.836
2012-05-07-14_24_50.177,29,2,12,0,-15.699,-51.703,2.836
2012-05-07-14_24_50.178,29,3,12,0,-24.700,-51.727,2.736
2012-05-07-14_24_50.179,29,3,12,0,-24.766,-51.714,2.736
2012-05-07-14_24_50.180,29,3,12,0,-24.719,-51.656,2.736
2012-05-07-14_24_50.181,29,4,12,0,-33.710,-51.719,2.436
2012-05-07-14_24_50.182,29,4,12,0,-33.775,-51.706,2.436
2012-05-07-14_24_50.183,29,4,12,0,-33.729,-51.648,2.336
2012-05-07-14_24_50.184,29,5,12,0,-42.770,-51.745,3.236
2012-05-07-14_24_50.185,29,5,12,0,-42.836,-51.732,3.136
2012-05-07-14_24_50.187,29,5,12,0,-42.789,-51.674,3.236
2012-05-07-14_24_50.187,29,6,12,0,-51.739,-51.803,3.136
2012-05-07-14_24_50.189,29,6,12,0,-51.805,-51.791,3.036
2012-05-07-14_24_50.190,29,6,12,0,-51.758,-51.732,3.136
2012-05-07-14_24_50.191,29,7,12,0,-60.736,-51.704,3.836
2012-05-07-14_24_50.191,29,7,12,0,-60.802,-51.691,3.836
2012-05-07-14_24_50.192,29,7,12,0,-60.755,-51.633,3.836
2012-05-07-14_24_50.193,29,0,12,1,-2.201,-51.786,4.147
2012-05-07-14_24_50.194,29,0,12,1,-2.275,-51.766,4.147
2012-05-07-14_24_50.195,29,0,12,1,-2.225,-51.706,4.147
2012-05-07-14_24_50.196,29,1,12,1,-11.193,-51.690,3.447
2012-05-07-14_24_50.197,29,1,12,1,-11.266,-51.670,3.447
2012-05-07-14_24_50.198,29,1,12,1,-11.223,-51.692,3.447
2012-05-07-14_24_50.200,29,2,12,1,-20.137,-51.783,2.847
2012-05-07-14_24_50.200,29,2,12,1,-20.210,-51.762,2.847
2012-05-07-14_24_50.201,29,2,12,1,-20.161,-51.702,2.847
2012-05-07-14_24_50.202,29,3,12,1,-29.157,-51.735,2.847
2012-05-07-14_24_50.203,29,3,12,1,-29.230,-51.715,2.847
2012-05-07-14_24_50.204,29,3,12,1,-29.181,-51.655,2.847
2012-05-07-14_24_50.206,29,4,12,1,-38.167,-51.727,2.747
2012-05-07-14_24_50.207,29,4,12,1,-38.240,-51.707,2.747
2012-05-07-14_24_50.208,29,4,12,1,-38.191,-51.647,2.647
2012-05-07-14_24_50.209,29,5,12,1,-47.228,-51.753,3.147
2012-05-07-14_24_50.210,29,5,12,1,-47.301,-51.733,3.147
2012-05-07-14_24_50.211,29,5,12,1,-47.251,-51.673,3.147
2012-05-07-14_24_50.212,29,6,12,1,-56.196,-51.812,3.147
2012-05-07-14_24_50.213,29,6,12,1,-56.270,-51.791,3.147
2012-05-07-14_24_50.214,29,6,12,1,-56.220,-51.731,3.047
2012-05-07-14_24_50.214,29,7,12,1,-65.193,-51.712,3.747
2012-05-07-14_24_50.216,29,7,12,1,-65.266,-51.692,3.847
2012-05-07-14_24_50.217,29,7,12,1,-65.223,-51.715,3.747
2012-05-07-14_24_50.218,29,0,13,0,2.253,-56.280,4.159
2012-05-07-14_24_50.219,29,0,13,0,2.187,-56.264,4.059
2012-05-07-14_24_50.221,29,0,13,0,2.234,-56.211,4.059
2012-05-07-14_24_50.221,29,1,13,0,-6.739,-56.184,3.459
2012-05-07-14_24_50.223,29,1,13,0,-6.805,-56.168,3.459
2012-05-07-14_24_50.224,29,1,13,0,-6.761,-56.196,3.459
2012-05-07-14_24_50.226,29,2,13,0,-15.683,-56.276,2.859
2012-05-07-14_24_50.227,29,2,13,0,-15.749,-56.261,2.859
2012-05-07-14_24_50.228,29,2,13,0,-15.702,-56.207,2.859
2012-05-07-14_24_50.229,29,3,13,0,-24.703,-56.229,2.759
2012-05-07-14_24_50.230,29,3,13,0,-24.769,-56.213,2.659
2012-05-07-14_24_50.231,29,3,13,0,-24.722,-56.160,2.659
2012-05-07-14_24_50.232,29,4,13,0,-33.712,-56.221,2.459
2012-05-07-14_24_50.233,29,4,13,0,-33.778,-56.205,2.459
2012-05-07-14_24_50.234,29,4,13,0,-33.731,-56.152,2.459
2012-05-07-14_24_50.235,29,5,13,0,-42.773,-56.247,3.159
2012-05-07-14_24_50.236,29,5,13,0,-42.839,-56.231,3.159
2012-05-07-14_24_50.237,29,5,13,0,-42.792,-56.178,3.159
2012-05-07-14_24_50.238,29,6,13,0,-51.742,-56.305,3.059
2012-05-07-14_24_50.239,29,6,13,0,-51.808,-56.290,3.059
2012-05-07-14_24_50.240,29,6,13,0,-51.761,-56.236,3.059
2012-05-07-14_24_50.241,29,7,13,0,-60.739,-56.206,3.659
2012-05-07-14_24_50.242,29,7,13,0,-60.805,-56.190,3.859
2012-05-07-14_24_50.243,29,7,13,0,-60.758,-56.137,3.759
2012-05-07-14_24_50.244,29,0,13,1,-2.202,-56.290,4.172
2012-05-07-14_24_50.245,29,0,13,1,-2.277,-56.265,4.172
2012-05-07-14_24_50.246,29,0,13,1,-2.228,-56.211,4.172
2012-05-07-14_24_50.247,29,1,13,1,-11.194,-56.194,3.372
2012-05-07-14_24_50.248,29,1,13,1,-11.269,-56.169,3.472
2012-05-07-14_24_50.249,29,1,13,1,-11.225,-56.196,3.372
2012-05-07-14_24_50.250,29,2,13,1,-20.138,-56.287,2.872
2012-05-07-14_24_50.251,29,2,13,1,-20.213,-56.261,2.872
2012-05-07-14_24_50.252,29,2,13,1,-20.164,-56.207,2.872
2012-05-07-14_24_50.253,29,3,13,1,-29.158,-56.239,2.872
2012-05-07-14_24_50.254,29,3,13,1,-29.233,-56.214,2.872
2012-05-07-14_24_50.255,29,3,13,1,-29.184,-56.160,2.872
2012-05-07-14_24_50.256,29,4,13,1,-38.167,-56.231,2.572
2012-05-07-14_24_50.257,29,4,13,1,-38.243,-56.206,2.472
2012-05-07-14_24_50.258,29,4,13,1,-38.193,-56.152,2.472
2012-05-07-14_24_50.259,29,5,13,1,-47.228,-56.257,3.172
2012-05-07-14_24_50.260,29,5,13,1,-47.304,-56.232,3.172
2012-05-07-14_24_50.261,29,5,13,1,-47.254,-56.178,3.172
2012-05-07-14_24_50.262,29,6,13,1,-56.197,-56.316,3.072
2012-05-07-14_24_50.263,29,6,13,1,-56.272,-56.290,2.972
2012-05-07-14_24_50.264,29,6,13,1,-56.223,-56.236,3.072
2012-05-07-14_24_50.265,29,7,13,1,-65.194,-56.216,3.772
2012-05-07-14_24_50.266,29,7,13,1,-65.269,-56.191,3.772
2012-05-07-14_24_50.268,29,7,13,1,-65.220,-56.137,3.772
2012-05-07-14_24_50.268,29,0,14,0,2.250,-60.783,4.081
2012-05-07-14_24_50.269,29,0,14,0,2.189,-60.767,4.081
2012-05-07-14_24_50.270,29,0,14,0,2.231,-60.709,4.081
2012-05-07-14_24_50.270,29,1,14,0,-6.742,-60.686,3.481
2012-05-07-14_24_50.271,29,1,14,0,-6.803,-60.671,3.381
2012-05-07-14_24_50.272,29,1,14,0,-6.761,-60.699,3.381
2012-05-07-14_24_50.273,29,2,14,0,-15.686,-60.779,2.881
2012-05-07-14_24_50.274,29,2,14,0,-15.747,-60.764,2.881
2012-05-07-14_24_50.275,29,2,14,0,-15.705,-60.705,2.881
2012-05-07-14_24_50.276,29,3,14,0,-24.706,-60.732,2.881
2012-05-07-14_24_50.278,29,3,14,0,-24.767,-60.716,2.881
2012-05-07-14_24_50.278,29,3,14,0,-24.725,-60.658,2.881
2012-05-07-14_24_50.280,29,4,14,0,-33.715,-60.724,2.781
2012-05-07-14_24_50.281,29,4,14,0,-33.776,-60.708,2.781
2012-05-07-14_24_50.281,29,4,14,0,-33.734,-60.650,2.781
2012-05-07-14_24_50.284,29,5,14,0,-42.776,-60.750,3.181
2012-05-07-14_24_50.286,29,5,14,0,-42.837,-60.734,3.181
2012-05-07-14_24_50.287,29,5,14,0,-42.795,-60.676,3.181
2012-05-07-14_24_50.288,29,6,14,0,-51.745,-60.808,3.081
2012-05-07-14_24_50.289,29,6,14,0,-51.806,-60.793,3.081
2012-05-07-14_24_50.290,29,6,14,0,-51.764,-60.734,3.081
2012-05-07-14_24_50.291,29,7,14,0,-60.742,-60.709,3.981
2012-05-07-14_24_50.295,29,7,14,0,-60.803,-60.693,3.981
2012-05-07-14_24_50.296,29,7,14,0,-60.761,-60.635,3.981
2012-05-07-14_24_50.297,29,0,14,1,-2.202,-60.791,4.091
2012-05-07-14_24_50.298,29,0,14,1,-2.278,-60.769,4.191
2012-05-07-14_24_50.298,29,0,14,1,-2.229,-60.709,4.090
2012-05-07-14_24_50.299,29,1,14,1,-11.194,-60.695,3.391
2012-05-07-14_24_50.300,29,1,14,1,-11.270,-60.673,3.491
2012-05-07-14_24_50.301,29,1,14,1,-11.226,-60.698,3.490
2012-05-07-14_24_50.302,29,2,14,1,-20.138,-60.788,2.891
2012-05-07-14_24_50.305,29,2,14,1,-20.214,-60.765,2.891
2012-05-07-14_24_50.306,29,2,14,1,-20.164,-60.705,2.890
2012-05-07-14_24_50.306,29,3,14,1,-29.158,-60.740,2.891
2012-05-07-14_24_50.307,29,3,14,1,-29.234,-60.718,2.891
2012-05-07-14_24_50.308,29,3,14,1,-29.184,-60.658,2.890
2012-05-07-14_24_50.309,29,4,14,1,-38.168,-60.732,2.791
2012-05-07-14_24_50.312,29,4,14,1,-38.243,-60.710,2.691
2012-05-07-14_24_50.313,29,4,14,1,-38.194,-60.650,2.790
2012-05-07-14_24_50.314,29,5,14,1,-47.228,-60.759,3.191
2012-05-07-14_24_50.314,29,5,14,1,-47.304,-60.736,3.191
2012-05-07-14_24_50.315,29,5,14,1,-47.255,-60.676,3.190
2012-05-07-14_24_50.316,29,6,14,1,-56.197,-60.817,3.091
2012-05-07-14_24_50.317,29,6,14,1,-56.273,-60.794,3.091
2012-05-07-14_24_50.318,29,6,14,1,-56.224,-60.734,3.090
2012-05-07-14_24_50.319,29,7,14,1,-65.194,-60.718,3.791
2012-05-07-14_24_50.320,29,7,14,1,-65.270,-60.695,3.791
2012-05-07-14_24_50.321,29,7,14,1,-65.220,-60.635,3.790
2012-05-07-14_24_50.322,29,0,15,0,2.247,-65.283,4.098
2012-05-07-14_24_50.323,29,0,15,0,2.184,-65.271,4.198
2012-05-07-14_24_50.323,29,0,15,0,2.231,-65.206,4.098
2012-05-07-14_24_50.324,29,1,15,0,-6.745,-65.187,3.498
2012-05-07-14_24_50.325,29,1,15,0,-6.808,-65.175,3.498
2012-05-07-14_24_50.326,29,1,15,0,-6.764,-65.198,3.398
2012-05-07-14_24_50.327,29,2,15,0,-15.689,-65.279,2.898
2012-05-07-14_24_50.328,29,2,15,0,-15.752,-65.268,2.898
2012-05-07-14_24_50.329,29,2,15,0,-15.705,-65.202,2.898
2012-05-07-14_24_50.330,29,3,15,0,-24.709,-65.232,2.898
2012-05-07-14_24_50.331,29,3,15,0,-24.772,-65.220,2.898
2012-05-07-14_24_50.332,29,3,15,0,-24.725,-65.155,2.898
2012-05-07-14_24_50.333,29,4,15,0,-33.718,-65.224,2.698
2012-05-07-14_24_50.334,29,4,15,0,-33.782,-65.212,2.698
2012-05-07-14_24_50.335,29,4,15,0,-33.735,-65.147,2.598
2012-05-07-14_24_50.336,29,5,15,0,-42.779,-65.250,3.198
2012-05-07-14_24_50.337,29,5,15,0,-42.842,-65.239,3.098
2012-05-07-14_24_50.339,29,5,15,0,-42.796,-65.173,2.998
2012-05-07-14_24_50.341,29,6,15,0,-51.748,-65.308,3.098
2012-05-07-14_24_50.341,29,6,15,0,-51.811,-65.297,3.098
2012-05-07-14_24_50.342,29,6,15,0,-51.764,-65.231,3.098
2012-05-07-14_24_50.343,29,7,15,0,-60.745,-65.209,3.598
2012-05-07-14_24_50.344,29,7,15,0,-60.808,-65.198,3.798
2012-05-07-14_24_50.345,29,7,15,0,-60.761,-65.132,3.798
2012-05-07-14_24_50.345,29,0,15,1,-2.200,-65.291,4.208
2012-05-07-14_24_50.346,29,0,15,1,-2.281,-65.272,4.208
2012-05-07-14_24_50.347,29,0,15,1,-2.229,-65.206,4.208
2012-05-07-14_24_50.348,29,1,15,1,-11.192,-65.194,3.408
2012-05-07-14_24_50.350,29,1,15,1,-11.273,-65.176,3.508
2012-05-07-14_24_50.351,29,1,15,1,-11.226,-65.198,3.408
2012-05-07-14_24_50.352,29,2,15,1,-20.136,-65.287,2.908
2012-05-07-14_24_50.353,29,2,15,1,-20.216,-65.268,2.908
2012-05-07-14_24_50.354,29,2,15,1,-20.165,-65.202,2.908
2012-05-07-14_24_50.354,29,3,15,1,-29.156,-65.240,2.908
2012-05-07-14_24_50.355,29,3,15,1,-29.236,-65.221,2.908
2012-05-07-14_24_50.356,29,3,15,1,-29.185,-65.155,2.908
2012-05-07-14_24_50.357,29,4,15,1,-38.166,-65.232,2.708
2012-05-07-14_24_50.358,29,4,15,1,-38.246,-65.213,2.608
2012-05-07-14_24_50.359,29,4,15,1,-38.194,-65.147,2.508
2012-05-07-14_24_50.360,29,5,15,1,-47.226,-65.258,3.208
2012-05-07-14_24_50.361,29,5,15,1,-47.307,-65.239,3.208
2012-05-07-14_24_50.362,29,5,15,1,-47.255,-65.173,3.108
2012-05-07-14_24_50.363,29,6,15,1,-56.195,-65.316,3.108
2012-05-07-14_24_50.363,29,6,15,1,-56.276,-65.297,3.108
2012-05-07-14_24_50.364,29,6,15,1,-56.224,-65.231,3.008
2012-05-07-14_24_50.365,29,7,15,1,-65.192,-65.217,3.808
2012-05-07-14_24_50.366,29,7,15,1,-65.273,-65.198,3.808
2012-05-07-14_24_50.368,29,7,15,1,-65.226,-65.220,3.808
2012-05-07-14_24_50.369,29,0,16,0,2.247,-69.782,4.219
2012-05-07-14_24_50.370,29,0,16,0,2.181,-69.770,4.219
2012-05-07-14_24_50.371,29,0,16,0,2.228,-69.706,4.219
2012-05-07-14_24_50.371,29,1,16,0,-6.745,-69.686,3.519
2012-05-07-14_24_50.372,29,1,16,0,-6.811,-69.674,3.419
2012-05-07-14_24_50.373,29,1,16,0,-6.765,-69.694,3.419
2012-05-07-14_24_50.374,29,2,16,0,-15.689,-69.778,2.919
2012-05-07-14_24_50.376,29,2,16,0,-15.755,-69.767,2.919
2012-05-07-14_24_50.377,29,2,16,0,-15.708,-69.702,3.019
2012-05-07-14_24_50.378,29,3,16,0,-24.709,-69.731,2.919
2012-05-07-14_24_50.378,29,3,16,0,-24.775,-69.719,2.819
2012-05-07-14_24_50.379,29,3,16,0,-24.728,-69.655,2.819
2012-05-07-14_24_50.380,29,4,16,0,-33.719,-69.723,2.519
2012-05-07-14_24_50.380,29,4,16,0,-33.784,-69.711,2.519
2012-05-07-14_24_50.381,29,4,16,0,-33.738,-69.647,2.519
2012-05-07-14_24_50.382,29,5,16,0,-42.779,-69.749,3.219
2012-05-07-14_24_50.384,29,5,16,0,-42.845,-69.737,3.219
2012-05-07-14_24_50.386,29,5,16,0,-42.798,-69.673,3.219
2012-05-07-14_24_50.387,29,6,16,0,-51.748,-69.807,3.119
2012-05-07-14_24_50.388,29,6,16,0,-51.814,-69.796,3.119
2012-05-07-14_24_50.389,29,6,16,0,-51.767,-69.731,3.119
2012-05-07-14_24_50.390,29,7,16,0,-60.745,-69.708,3.819
2012-05-07-14_24_50.391,29,7,16,0,-60.811,-69.696,3.819
2012-05-07-14_24_50.392,29,7,16,0,-60.764,-69.632,3.719
2012-05-07-14_24_50.393,29,0,16,1,-2.201,-69.787,4.233
2012-05-07-14_24_50.394,29,0,16,1,-2.281,-69.770,4.233
2012-05-07-14_24_50.395,29,0,16,1,-2.227,-69.705,4.233
2012-05-07-14_24_50.397,29,1,16,1,-11.193,-69.691,3.433
2012-05-07-14_24_50.398,29,1,16,1,-11.273,-69.674,3.433
2012-05-07-14_24_50.399,29,1,16,1,-11.224,-69.694,3.433
2012-05-07-14_24_50.401,29,2,16,1,-20.136,-69.783,2.933
2012-05-07-14_24_50.402,29,2,16,1,-20.217,-69.767,2.933
2012-05-07-14_24_50.403,29,2,16,1,-20.163,-69.702,2.933
2012-05-07-14_24_50.404,29,3,16,1,-29.156,-69.736,2.933
2012-05-07-14_24_50.405,29,3,16,1,-29.237,-69.719,2.933
2012-05-07-14_24_50.406,29,3,16,1,-29.183,-69.654,2.933
2012-05-07-14_24_50.407,29,4,16,1,-38.166,-69.728,2.633
2012-05-07-14_24_50.408,29,4,16,1,-38.246,-69.711,2.633
2012-05-07-14_24_50.409,29,4,16,1,-38.192,-69.646,2.633
2012-05-07-14_24_50.412,29,5,16,1,-47.227,-69.754,3.033
2012-05-07-14_24_50.412,29,5,16,1,-47.307,-69.737,2.933
2012-05-07-14_24_50.413,29,5,16,1,-47.253,-69.672,2.933
2012-05-07-14_24_50.414,29,6,16,1,-56.196,-69.812,3.133
2012-05-07-14_24_50.415,29,6,16,1,-56.276,-69.796,3.133
2012-05-07-14_24_50.416,29,6,16,1,-56.222,-69.731,3.033
2012-05-07-14_24_50.416,29,7,16,1,-65.193,-69.713,3.833
2012-05-07-14_24_50.417,29,7,16,1,-65.273,-69.696,3.833
2012-05-07-14_24_50.418,29,7,16,1,-65.224,-69.716,3.833
2012-05-07-14_24_50.419,29,0,17,0,2.246,-74.278,4.143
2012-05-07-14_24_50.420,29,0,17,0,2.181,-74.264,4.143
2012-05-07-14_24_50.421,29,0,17,0,2.225,-74.205,4.143
2012-05-07-14_24_50.422,29,1,17,0,-6.746,-74.182,3.543
2012-05-07-14_24_50.423,29,1,17,0,-6.811,-74.168,3.543
2012-05-07-14_24_50.423,29,1,17,0,-6.768,-74.192,3.543
2012-05-07-14_24_50.424,29,2,17,0,-15.689,-74.274,2.943
2012-05-07-14_24_50.425,29,2,17,0,-15.755,-74.260,2.943
2012-05-07-14_24_50.427,29,2,17,0,-15.711,-74.202,2.943
2012-05-07-14_24_50.428,29,3,17,0,-24.709,-74.227,2.743
2012-05-07-14_24_50.429,29,3,17,0,-24.775,-74.213,2.643
2012-05-07-14_24_50.430,29,3,17,0,-24.731,-74.154,2.643
2012-05-07-14_24_50.431,29,4,17,0,-33.719,-74.219,2.543
2012-05-07-14_24_50.431,29,4,17,0,-33.785,-74.205,2.543
2012-05-07-14_24_50.432,29,4,17,0,-33.740,-74.146,2.543
2012-05-07-14_24_50.433,29,5,17,0,-42.780,-74.245,3.243
2012-05-07-14_24_50.434,29,5,17,0,-42.846,-74.231,3.243
2012-05-07-14_24_50.435,29,5,17,0,-42.801,-74.173,3.143
2012-05-07-14_24_50.436,29,6,17,0,-51.749,-74.303,3.043
2012-05-07-14_24_50.437,29,6,17,0,-51.814,-74.289,3.043
2012-05-07-14_24_50.438,29,6,17,0,-51.770,-74.231,3.143
2012-05-07-14_24_50.439,29,7,17,0,-60.745,-74.204,3.943
2012-05-07-14_24_50.440,29,7,17,0,-60.811,-74.190,3.843
2012-05-07-14_24_50.442,29,7,17,0,-60.767,-74.132,3.843
2012-05-07-14_24_50.443,29,0,17,1,-2.199,-74.286,4.253
2012-05-07-14_24_50.444,29,0,17,1,-2.257,-74.286,4.253
2012-05-07-14_24_50.445,29,0,17,1,-2.279,-74.265,4.253
2012-05-07-14_24_50.446,29,1,17,1,-11.191,-74.189,3.553
2012-05-07-14_24_50.446,29,1,17,1,-11.249,-74.189,3.553
2012-05-07-14_24_50.447,29,1,17,1,-11.271,-74.168,3.553
2012-05-07-14_24_50.448,29,2,17,1,-20.193,-74.282,2.953
2012-05-07-14_24_50.449,29,2,17,1,-20.215,-74.261,2.853
2012-05-07-14_24_50.450,29,2,17,1,-20.158,-74.200,2.953
2012-05-07-14_24_50.451,29,3,17,1,-29.154,-74.235,2.953
2012-05-07-14_24_50.452,29,3,17,1,-29.213,-74.235,2.853
2012-05-07-14_24_50.453,29,3,17,1,-29.235,-74.214,2.853
2012-05-07-14_24_50.453,29,4,17,1,-38.164,-74.227,2.553
2012-05-07-14_24_50.454,29,4,17,1,-38.223,-74.227,2.553
2012-05-07-14_24_50.457,29,4,17,1,-38.244,-74.206,2.553
2012-05-07-14_24_50.458,29,5,17,1,-47.225,-74.253,2.953
2012-05-07-14_24_50.459,29,5,17,1,-47.283,-74.253,2.953
2012-05-07-14_24_50.460,29,5,17,1,-47.305,-74.232,2.953
2012-05-07-14_24_50.461,29,6,17,1,-56.194,-74.311,3.053
2012-05-07-14_24_50.462,29,6,17,1,-56.252,-74.311,3.053
2012-05-07-14_24_50.463,29,6,17,1,-56.274,-74.290,3.053
2012-05-07-14_24_50.464,29,7,17,1,-65.190,-74.212,3.853
2012-05-07-14_24_50.465,29,7,17,1,-65.249,-74.212,3.853
2012-05-07-14_24_50.467,29,7,17,1,-65.271,-74.191,3.853
2012-05-07-14_24_50.469,29,0,18,0,2.246,-78.780,4.162
2012-05-07-14_24_50.470,29,0,18,0,2.178,-78.764,4.162
2012-05-07-14_24_50.472,29,0,18,0,2.227,-78.710,4.062
2012-05-07-14_24_50.473,29,1,18,0,-6.746,-78.684,3.562
2012-05-07-14_24_50.475,29,1,18,0,-6.814,-78.668,3.462
2012-05-07-14_24_50.476,29,1,18,0,-6.768,-78.697,3.462
2012-05-07-14_24_50.477,29,2,18,0,-15.690,-78.776,2.962
2012-05-07-14_24_50.478,29,2,18,0,-15.758,-78.760,2.962
2012-05-07-14_24_50.479,29,2,18,0,-15.709,-78.707,2.962
2012-05-07-14_24_50.480,29,3,18,0,-24.710,-78.729,2.862
2012-05-07-14_24_50.481,29,3,18,0,-24.778,-78.713,2.762
2012-05-07-14_24_50.483,29,3,18,0,-24.729,-78.659,2.762
2012-05-07-14_24_50.484,29,4,18,0,-33.719,-78.721,2.762
2012-05-07-14_24_50.486,29,4,18,0,-33.788,-78.705,2.662
2012-05-07-14_24_50.487,29,4,18,0,-33.738,-78.651,2.662
2012-05-07-14_24_50.488,29,5,18,0,-42.780,-78.747,3.162
2012-05-07-14_24_50.489,29,5,18,0,-42.848,-78.731,3.162
2012-05-07-14_24_50.491,29,5,18,0,-42.799,-78.678,3.162
2012-05-07-14_24_50.492,29,6,18,0,-51.749,-78.805,3.062
2012-05-07-14_24_50.493,29,6,18,0,-51.817,-78.789,3.162
2012-05-07-14_24_50.496,29,6,18,0,-51.768,-78.736,3.062
2012-05-07-14_24_50.497,29,7,18,0,-60.746,-78.706,3.962
2012-05-07-14_24_50.499,29,7,18,0,-60.814,-78.690,3.862
2012-05-07-14_24_50.500,29,7,18,0,-60.765,-78.637,3.862
2012-05-07-14_24_50.501,29,0,18,1,-2.199,-78.790,4.273
2012-05-07-14_24_50.501,29,0,18,1,-2.258,-78.790,4.173
2012-05-07-14_24_50.502,29,0,18,1,-2.277,-78.764,4.173
2012-05-07-14_24_50.503,29,1,18,1,-11.191,-78.694,3.473
2012-05-07-14_24_50.504,29,1,18,1,-11.250,-78.694,3.473
2012-05-07-14_24_50.506,29,1,18,1,-11.269,-78.668,3.573
2012-05-07-14_24_50.507,29,2,18,1,-20.193,-78.786,2.973
2012-05-07-14_24_50.510,29,2,18,1,-20.213,-78.761,2.973
2012-05-07-14_24_50.514,29,2,18,1,-20.159,-78.706,2.972
2012-05-07-14_24_50.515,29,3,18,1,-29.155,-78.739,2.973
2012-05-07-14_24_50.518,29,3,18,1,-29.213,-78.739,2.973
2012-05-07-14_24_50.519,29,3,18,1,-29.233,-78.713,2.973
2012-05-07-14_24_50.519,29,4,18,1,-38.164,-78.731,2.473
2012-05-07-14_24_50.521,29,4,18,1,-38.223,-78.731,2.473
2012-05-07-14_24_50.522,29,4,18,1,-38.242,-78.705,2.473
2012-05-07-14_24_50.523,29,5,18,1,-47.225,-78.757,3.273
2012-05-07-14_24_50.526,29,5,18,1,-47.284,-78.757,3.273
2012-05-07-14_24_50.527,29,5,18,1,-47.303,-78.731,3.273
2012-05-07-14_24_50.528,29,6,18,1,-56.194,-78.815,3.173
2012-05-07-14_24_50.530,29,6,18,1,-56.253,-78.815,3.173
2012-05-07-14_24_50.531,29,6,18,1,-56.272,-78.790,3.173
2012-05-07-14_24_50.532,29,7,18,1,-65.191,-78.716,3.873
2012-05-07-14_24_50.534,29,7,18,1,-65.250,-78.716,3.873
2012-05-07-14_24_50.535,29,7,18,1,-65.269,-78.690,3.873
2012-05-07-14_24_50.536,29,0,19,0,2.248,-83.282,4.184
2012-05-07-14_24_50.537,29,0,19,0,2.180,-83.267,4.184
2012-05-07-14_24_50.538,29,0,19,0,2.226,-83.208,4.184
2012-05-07-14_24_50.539,29,1,19,0,-6.744,-83.185,3.584
2012-05-07-14_24_50.540,29,1,19,0,-6.812,-83.171,3.484
2012-05-07-14_24_50.541,29,1,19,0,-6.766,-83.198,3.484
2012-05-07-14_24_50.543,29,2,19,0,-15.688,-83.278,2.984
2012-05-07-14_24_50.544,29,2,19,0,-15.756,-83.264,2.984
2012-05-07-14_24_50.545,29,2,19,0,-15.709,-83.205,2.984
2012-05-07-14_24_50.546,29,3,19,0,-24.708,-83.231,2.984
2012-05-07-14_24_50.547,29,3,19,0,-24.776,-83.216,2.984
2012-05-07-14_24_50.549,29,3,19,0,-24.729,-83.157,2.984
2012-05-07-14_24_50.551,29,4,19,0,-33.717,-83.223,2.484
2012-05-07-14_24_50.552,29,4,19,0,-33.786,-83.208,2.484
2012-05-07-14_24_50.554,29,4,19,0,-33.739,-83.149,2.384
2012-05-07-14_24_50.555,29,5,19,0,-42.778,-83.249,3.284
2012-05-07-14_24_50.556,29,5,19,0,-42.846,-83.234,3.284
2012-05-07-14_24_50.557,29,5,19,0,-42.800,-83.176,3.284
2012-05-07-14_24_50.558,29,6,19,0,-51.747,-83.307,3.184
2012-05-07-14_24_50.559,29,6,19,0,-51.815,-83.293,3.184
2012-05-07-14_24_50.561,29,6,19,0,-51.769,-83.234,3.184
2012-05-07-14_24_50.562,29,7,19,0,-60.744,-83.208,3.784
2012-05-07-14_24_50.563,29,7,19,0,-60.812,-83.193,3.984
2012-05-07-14_24_50.564,29,7,19,0,-60.765,-83.135,3.884
2012-05-07-14_24_50.565,29,0,19,1,-2.200,-83.291,4.297
2012-05-07-14_24_50.566,29,0,19,1,-2.258,-83.291,4.297
2012-05-07-14_24_50.567,29,0,19,1,-2.278,-83.268,4.297
2012-05-07-14_24_50.568,29,1,19,1,-11.191,-83.195,3.497
2012-05-07-14_24_50.569,29,1,19,1,-11.250,-83.195,3.497
2012-05-07-14_24_50.570,29,1,19,1,-11.269,-83.172,3.497
2012-05-07-14_24_50.571,29,2,19,1,-20.194,-83.288,2.997
2012-05-07-14_24_50.572,29,2,19,1,-20.213,-83.265,2.997
2012-05-07-14_24_50.573,29,2,19,1,-20.159,-83.205,2.997
2012-05-07-14_24_50.574,29,3,19,1,-29.155,-83.240,2.897
2012-05-07-14_24_50.575,29,3,19,1,-29.214,-83.240,2.997
2012-05-07-14_24_50.576,29,3,19,1,-29.233,-83.217,2.997
2012-05-07-14_24_50.577,29,4,19,1,-38.165,-83.232,2.797
2012-05-07-14_24_50.578,29,4,19,1,-38.223,-83.232,2.797
2012-05-07-14_24_50.579,29,4,19,1,-38.243,-83.209,2.797
2012-05-07-14_24_50.580,29,5,19,1,-47.226,-83.259,3.297
2012-05-07-14_24_50.581,29,5,19,1,-47.284,-83.259,3.297
2012-05-07-14_24_50.582,29,5,19,1,-47.304,-83.235,3.297
2012-05-07-14_24_50.583,29,6,19,1,-56.195,-83.317,3.197
2012-05-07-14_24_50.584,29,6,19,1,-56.253,-83.317,3.197
2012-05-07-14_24_50.585,29,6,19,1,-56.272,-83.294,3.197
2012-05-07-14_24_50.586,29,7,19,1,-65.191,-83.218,3.897
2012-05-07-14_24_50.588,29,7,19,1,-65.250,-83.218,3.997
2012-05-07-14_24_50.589,29,7,19,1,-65.269,-83.194,3.897
2012-05-07-14_24_50.590,29,0,20,0,2.250,-87.783,4.307
2012-05-07-14_24_50.591,29,0,20,0,2.179,-87.771,4.207
2012-05-07-14_24_50.592,29,0,20,0,2.231,-87.706,4.207
2012-05-07-14_24_50.594,29,1,20,0,-6.742,-87.687,3.507
2012-05-07-14_24_50.595,29,1,20,0,-6.813,-87.675,3.507
2012-05-07-14_24_50.596,29,1,20,0,-6.764,-87.697,3.507
2012-05-07-14_24_50.598,29,2,20,0,-15.686,-87.780,3.007
2012-05-07-14_24_50.599,29,2,20,0,-15.756,-87.768,3.007
2012-05-07-14_24_50.600,29,2,20,0,-15.705,-87.702,3.007
2012-05-07-14_24_50.601,29,3,20,0,-24.706,-87.732,3.007
2012-05-07-14_24_50.602,29,3,20,0,-24.776,-87.720,2.907
2012-05-07-14_24_50.604,29,3,20,0,-24.725,-87.655,3.007
2012-05-07-14_24_50.605,29,4,20,0,-33.715,-87.724,2.707
2012-05-07-14_24_50.606,29,4,20,0,-33.786,-87.712,2.707
2012-05-07-14_24_50.608,29,4,20,0,-33.734,-87.646,2.607
2012-05-07-14_24_50.609,29,5,20,0,-42.776,-87.750,3.307
2012-05-07-14_24_50.610,29,5,20,0,-42.847,-87.739,3.307
2012-05-07-14_24_50.611,29,5,20,0,-42.795,-87.673,3.307
2012-05-07-14_24_50.612,29,6,20,0,-51.745,-87.809,3.107
2012-05-07-14_24_50.613,29,6,20,0,-51.816,-87.797,3.107
2012-05-07-14_24_50.615,29,6,20,0,-51.764,-87.731,3.107
2012-05-07-14_24_50.616,29,7,20,0,-60.742,-87.709,3.907
2012-05-07-14_24_50.617,29,7,20,0,-60.813,-87.698,3.907
2012-05-07-14_24_50.621,29,7,20,0,-60.761,-87.632,3.907
2012-05-07-14_24_50.622,29,0,20,1,-2.200,-87.791,4.316
2012-05-07-14_24_50.623,29,0,20,1,-2.259,-87.791,4.316
2012-05-07-14_24_50.624,29,0,20,1,-2.278,-87.772,4.316
2012-05-07-14_24_50.625,29,1,20,1,-11.192,-87.694,3.516
2012-05-07-14_24_50.626,29,1,20,1,-11.250,-87.694,3.516
2012-05-07-14_24_50.627,29,1,20,1,-11.270,-87.676,3.516
2012-05-07-14_24_50.628,29,2,20,1,-20.194,-87.787,3.016
2012-05-07-14_24_50.630,29,2,20,1,-20.214,-87.769,3.016
2012-05-07-14_24_50.631,29,2,20,1,-20.159,-87.703,3.016
2012-05-07-14_24_50.632,29,3,20,1,-29.156,-87.740,3.016
2012-05-07-14_24_50.633,29,3,20,1,-29.214,-87.740,3.016
2012-05-07-14_24_50.634,29,3,20,1,-29.234,-87.721,3.016
2012-05-07-14_24_50.635,29,4,20,1,-38.165,-87.732,2.816
2012-05-07-14_24_50.638,29,4,20,1,-38.224,-87.732,2.816
2012-05-07-14_24_50.639,29,4,20,1,-38.243,-87.713,2.816
2012-05-07-14_24_50.640,29,5,20,1,-47.226,-87.758,3.316
2012-05-07-14_24_50.641,29,5,20,1,-47.285,-87.758,3.316
2012-05-07-14_24_50.642,29,5,20,1,-47.304,-87.739,3.216
2012-05-07-14_24_50.643,29,6,20,1,-56.195,-87.816,3.216
2012-05-07-14_24_50.644,29,6,20,1,-56.254,-87.816,3.216
2012-05-07-14_24_50.645,29,6,20,1,-56.273,-87.798,3.216
2012-05-07-14_24_50.647,29,7,20,1,-65.192,-87.717,4.016
2012-05-07-14_24_50.648,29,7,20,1,-65.250,-87.717,3.916
2012-05-07-14_24_50.649,29,7,20,1,-65.270,-87.698,3.916
2012-05-07-14_24_50.650,29,0,21,0,2.252,-92.281,4.224
2012-05-07-14_24_50.651,29,0,21,0,2.181,-92.271,4.224
2012-05-07-14_24_50.652,29,0,21,0,2.233,-92.207,4.324
2012-05-07-14_24_50.655,29,1,21,0,-6.740,-92.185,3.624
2012-05-07-14_24_50.656,29,1,21,0,-6.811,-92.174,3.624
2012-05-07-14_24_50.657,29,1,21,0,-6.762,-92.194,3.524
2012-05-07-14_24_50.658,29,2,21,0,-15.684,-92.278,3.124
2012-05-07-14_24_50.659,29,2,21,0,-15.754,-92.267,3.024
2012-05-07-14_24_50.660,29,2,21,0,-15.703,-92.203,3.024
2012-05-07-14_24_50.661,29,3,21,0,-24.704,-92.230,2.924
2012-05-07-14_24_50.662,29,3,21,0,-24.774,-92.220,2.924
2012-05-07-14_24_50.663,29,3,21,0,-24.723,-92.156,2.924
2012-05-07-14_24_50.664,29,4,21,0,-33.713,-92.222,2.724
2012-05-07-14_24_50.665,29,4,21,0,-33.784,-92.212,2.624
2012-05-07-14_24_50.667,29,4,21,0,-33.732,-92.148,2.624
2012-05-07-14_24_50.668,29,5,21,0,-42.774,-92.248,3.324
2012-05-07-14_24_50.669,29,5,21,0,-42.845,-92.238,3.224
2012-05-07-14_24_50.670,29,5,21,0,-42.793,-92.174,3.224
2012-05-07-14_24_50.671,29,6,21,0,-51.743,-92.307,3.224
2012-05-07-14_24_50.673,29,6,21,0,-51.814,-92.296,3.124
2012-05-07-14_24_50.673,29,6,21,0,-51.762,-92.232,3.224
2012-05-07-14_24_50.674,29,7,21,0,-60.740,-92.207,3.924
2012-05-07-14_24_50.676,29,7,21,0,-60.811,-92.197,3.924
2012-05-07-14_24_50.677,29,7,21,0,-60.759,-92.133,3.924
2012-05-07-14_24_50.677,29,0,21,1,-2.200,-92.287,4.435
2012-05-07-14_24_50.679,29,0,21,1,-2.276,-92.271,4.335
2012-05-07-14_24_50.680,29,0,21,1,-2.224,-92.206,4.334
2012-05-07-14_24_50.681,29,1,21,1,-11.192,-92.191,3.535
2012-05-07-14_24_50.682,29,1,21,1,-11.268,-92.175,3.535
2012-05-07-14_24_50.683,29,1,21,1,-11.224,-92.194,3.534
2012-05-07-14_24_50.685,29,2,21,1,-20.136,-92.284,3.035
2012-05-07-14_24_50.686,29,2,21,1,-20.212,-92.267,3.035
2012-05-07-14_24_50.687,29,2,21,1,-20.160,-92.203,3.034
2012-05-07-14_24_50.689,29,3,21,1,-29.156,-92.236,2.935
2012-05-07-14_24_50.690,29,3,21,1,-29.232,-92.220,3.035
2012-05-07-14_24_50.691,29,3,21,1,-29.180,-92.155,2.934
2012-05-07-14_24_50.692,29,4,21,1,-38.166,-92.228,2.635
2012-05-07-14_24_50.693,29,4,21,1,-38.241,-92.212,2.635
2012-05-07-14_24_50.694,29,4,21,1,-38.189,-92.147,2.634
2012-05-07-14_24_50.695,29,5,21,1,-47.227,-92.255,3.335
2012-05-07-14_24_50.696,29,5,21,1,-47.302,-92.238,3.335
2012-05-07-14_24_50.697,29,5,21,1,-47.250,-92.173,3.334
2012-05-07-14_24_50.698,29,6,21,1,-56.195,-92.313,3.235
2012-05-07-14_24_50.699,29,6,21,1,-56.271,-92.296,3.235
2012-05-07-14_24_50.700,29,6,21,1,-56.219,-92.232,3.134
2012-05-07-14_24_50.701,29,7,21,1,-65.192,-92.214,3.835
2012-05-07-14_24_50.702,29,7,21,1,-65.268,-92.197,3.835
2012-05-07-14_24_50.703,29,7,21,1,-65.224,-92.217,3.834
2012-05-07-14_24_50.704,29,0,22,0,2.252,-96.778,4.247
2012-05-07-14_24_50.706,29,0,22,0,2.181,-96.766,4.247
2012-05-07-14_24_50.707,29,0,22,0,2.232,-96.707,4.247
2012-05-07-14_24_50.708,29,1,22,0,-6.740,-96.681,3.547
2012-05-07-14_24_50.709,29,1,22,0,-6.811,-96.670,3.647
2012-05-07-14_24_50.710,29,1,22,0,-6.762,-96.692,3.547
2012-05-07-14_24_50.711,29,2,22,0,-15.684,-96.774,3.047
2012-05-07-14_24_50.712,29,2,22,0,-15.755,-96.762,3.047
2012-05-07-14_24_50.713,29,2,22,0,-15.703,-96.704,3.047
2012-05-07-14_24_50.714,29,3,22,0,-24.704,-96.726,3.047
2012-05-07-14_24_50.715,29,3,22,0,-24.775,-96.715,2.947
2012-05-07-14_24_50.716,29,3,22,0,-24.723,-96.656,3.047
2012-05-07-14_24_50.718,29,4,22,0,-33.714,-96.718,2.847
2012-05-07-14_24_50.719,29,4,22,0,-33.784,-96.707,2.747
2012-05-07-14_24_50.720,29,4,22,0,-33.733,-96.648,2.747
2012-05-07-14_24_50.720,29,5,22,0,-42.775,-96.745,3.247
2012-05-07-14_24_50.721,29,5,22,0,-42.845,-96.733,3.247
2012-05-07-14_24_50.722,29,5,22,0,-42.794,-96.674,3.247
2012-05-07-14_24_50.723,29,6,22,0,-51.743,-96.803,3.247
2012-05-07-14_24_50.724,29,6,22,0,-51.814,-96.791,3.247
2012-05-07-14_24_50.725,29,6,22,0,-51.762,-96.733,3.247
2012-05-07-14_24_50.726,29,7,22,0,-60.740,-96.704,3.947
2012-05-07-14_24_50.727,29,7,22,0,-60.811,-96.692,3.947
2012-05-07-14_24_50.729,29,7,22,0,-60.759,-96.633,3.947
2012-05-07-14_24_50.730,29,0,22,1,-2.201,-96.787,4.358
2012-05-07-14_24_50.731,29,0,22,1,-2.276,-96.767,4.358
2012-05-07-14_24_50.732,29,0,22,1,-2.227,-96.706,4.358
2012-05-07-14_24_50.733,29,1,22,1,-11.193,-96.691,3.658
2012-05-07-14_24_50.734,29,1,22,1,-11.268,-96.670,3.558
2012-05-07-14_24_50.735,29,1,22,1,-11.224,-96.691,3.658
2012-05-07-14_24_50.736,29,2,22,1,-20.136,-96.784,3.058
2012-05-07-14_24_50.737,29,2,22,1,-20.212,-96.763,3.058
2012-05-07-14_24_50.739,29,2,22,1,-20.163,-96.703,3.058
2012-05-07-14_24_50.740,29,3,22,1,-29.156,-96.736,3.158
2012-05-07-14_24_50.741,29,3,22,1,-29.232,-96.716,3.058
2012-05-07-14_24_50.742,29,3,22,1,-29.183,-96.655,3.058
2012-05-07-14_24_50.743,29,4,22,1,-38.166,-96.728,2.958
2012-05-07-14_24_50.744,29,4,22,1,-38.242,-96.707,2.858
2012-05-07-14_24_50.745,29,4,22,1,-38.192,-96.647,2.858
2012-05-07-14_24_50.746,29,5,22,1,-47.227,-96.754,3.158
2012-05-07-14_24_50.748,29,5,22,1,-47.302,-96.734,3.158
2012-05-07-14_24_50.749,29,5,22,1,-47.253,-96.673,3.258
2012-05-07-14_24_50.751,29,6,22,1,-56.196,-96.813,3.258
2012-05-07-14_24_50.752,29,6,22,1,-56.271,-96.792,3.258
2012-05-07-14_24_50.755,29,6,22,1,-56.222,-96.732,3.258
2012-05-07-14_24_50.756,29,7,22,1,-65.193,-96.713,3.958
2012-05-07-14_24_50.759,29,7,22,1,-65.268,-96.693,3.958
2012-05-07-14_24_50.760,29,7,22,1,-65.224,-96.713,3.958
2012-05-07-14_24_50.761,29,0,23,0,2.251,-101.280,4.370
2012-05-07-14_24_50.762,29,0,23,0,2.183,-101.265,4.370
2012-05-07-14_24_50.763,29,0,23,0,2.232,-101.212,4.370
2012-05-07-14_24_50.766,29,1,23,0,-6.741,-101.184,3.570
2012-05-07-14_24_50.767,29,1,23,0,-6.809,-101.169,3.570
2012-05-07-14_24_50.768,29,1,23,0,-6.763,-101.196,3.570
2012-05-07-14_24_50.769,29,2,23,0,-15.685,-101.276,3.070
2012-05-07-14_24_50.770,29,2,23,0,-15.753,-101.262,3.070
2012-05-07-14_24_50.770,29,2,23,0,-15.704,-101.208,3.070
2012-05-07-14_24_50.772,29,3,23,0,-24.705,-101.229,3.070
2012-05-07-14_24_50.773,29,3,23,0,-24.773,-101.214,3.070
2012-05-07-14_24_50.774,29,3,23,0,-24.724,-101.161,3.070
2012-05-07-14_24_50.775,29,4,23,0,-33.714,-101.221,2.870
2012-05-07-14_24_50.777,29,4,23,0,-33.782,-101.206,2.870
2012-05-07-14_24_50.778,29,4,23,0,-33.733,-101.153,2.870
2012-05-07-14_24_50.779,29,5,23,0,-42.775,-101.247,3.070
2012-05-07-14_24_50.780,29,5,23,0,-42.843,-101.232,3.070
2012-05-07-14_24_50.781,29,5,23,0,-42.794,-101.179,2.970
2012-05-07-14_24_50.782,29,6,23,0,-51.744,-101.305,3.070
2012-05-07-14_24_50.783,29,6,23,0,-51.812,-101.291,2.970
2012-05-07-14_24_50.785,29,6,23,0,-51.763,-101.237,3.070
2012-05-07-14_24_50.786,29,7,23,0,-60.741,-101.206,3.770
2012-05-07-14_24_50.787,29,7,23,0,-60.809,-101.192,3.870
2012-05-07-14_24_50.788,29,7,23,0,-60.760,-101.138,3.870
2012-05-07-14_24_50.789,29,0,23,1,-2.187,-101.290,4.270
2012-05-07-14_24_50.790,29,0,23,1,-2.253,-101.290,4.370
2012-05-07-14_24_50.792,29,0,23,1,-2.274,-101.265,4.370
2012-05-07-14_24_50.793,29,1,23,1,-11.178,-101.194,3.570
2012-05-07-14_24_50.794,29,1,23,1,-11.244,-101.194,3.570
2012-05-07-14_24_50.795,29,1,23,1,-11.266,-101.169,3.570
2012-05-07-14_24_50.796,29,2,23,1,-20.188,-101.286,3.070
2012-05-07-14_24_50.798,29,2,23,1,-20.210,-101.261,3.070
2012-05-07-14_24_50.799,29,2,23,1,-20.163,-101.207,3.070
2012-05-07-14_24_50.800,29,3,23,1,-29.142,-101.239,3.070
2012-05-07-14_24_50.801,29,3,23,1,-29.208,-101.239,3.070
2012-05-07-14_24_50.802,29,3,23,1,-29.230,-101.214,3.070
2012-05-07-14_24_50.803,29,4,23,1,-38.152,-101.231,2.770
2012-05-07-14_24_50.804,29,4,23,1,-38.218,-101.231,2.870
2012-05-07-14_24_50.805,29,4,23,1,-38.240,-101.206,2.770
2012-05-07-14_24_50.806,29,5,23,1,-47.213,-101.257,3.170
2012-05-07-14_24_50.808,29,5,23,1,-47.279,-101.257,3.170
2012-05-07-14_24_50.809,29,5,23,1,-47.300,-101.232,3.170
2012-05-07-14_24_50.810,29,6,23,1,-56.182,-101.316,3.170
2012-05-07-14_24_50.812,29,6,23,1,-56.247,-101.315,3.270
2012-05-07-14_24_50.813,29,6,23,1,-56.269,-101.291,3.270
2012-05-07-14_24_50.814,29,7,23,1,-65.178,-101.216,3.870
2012-05-07-14_24_50.815,29,7,23,1,-65.244,-101.216,3.870
2012-05-07-14_24_50.816,29,7,23,1,-65.266,-101.191,6.370
