2012-05-05-19_11_36.865,85,0,0,0,2.262,2.220,3.396
2012-05-05-19_11_36.866,85,1,0,0,-6.747,2.205,2.896
2012-05-05-19_11_36.889,85,2,0,0,-15.735,2.300,2.496
2012-05-05-19_11_36.890,85,3,0,0,-24.790,2.205,2.496
2012-05-05-19_11_36.891,85,4,0,0,-33.777,2.230,1.996
2012-05-05-19_11_36.891,85,5,0,0,-42.792,2.167,2.696
2012-05-05-19_11_36.892,85,6,0,0,-51.790,2.164,2.596
2012-05-05-19_11_36.893,85,7,0,0,-60.712,2.246,3.296
2012-05-05-19_11_36.893,85,0,0,1,-2.186,2.214,3.696
2012-05-05-19_11_36.894,85,1,0,1,-11.204,2.205,3.096
2012-05-05-19_11_36.894,85,2,0,1,-20.183,2.294,2.596
2012-05-05-19_11_36.895,85,3,0,1,-29.237,2.198,2.596
2012-05-05-19_11_36.895,85,4,0,1,-38.224,2.223,2.296
2012-05-05-19_11_36.896,85,5,0,1,-47.239,2.161,2.596
2012-05-05-19_11_36.896,85,6,0,1,-56.238,2.158,2.796
2012-05-05-19_11_36.897,85,7,0,1,-65.160,2.240,3.496
2012-05-05-19_11_36.898,85,0,1,0,2.271,-2.280,3.612
2012-05-05-19_11_36.898,85,1,1,0,-6.745,-2.290,3.112
2012-05-05-19_11_36.899,85,2,1,0,-15.726,-2.200,2.512
2012-05-05-19_11_36.899,85,3,1,0,-24.781,-2.295,2.912
2012-05-05-19_11_36.900,85,4,1,0,-33.768,-2.270,2.012
2012-05-05-19_11_36.900,85,5,1,0,-42.782,-2.333,2.512
2012-05-05-19_11_36.901,85,6,1,0,-51.781,-2.336,2.712
2012-05-05-19_11_36.901,85,7,1,0,-60.703,-2.254,3.212
2012-05-05-19_11_36.902,85,0,1,1,-2.188,-2.289,3.719
2012-05-05-19_11_36.902,85,1,1,1,-11.204,-2.289,3.219
2012-05-05-19_11_36.903,85,2,1,1,-20.186,-2.208,2.619
2012-05-05-19_11_36.904,85,3,1,1,-29.240,-2.304,2.619
2012-05-05-19_11_36.904,85,4,1,1,-38.227,-2.279,2.019
2012-05-05-19_11_36.905,85,5,1,1,-47.242,-2.341,2.519
2012-05-05-19_11_36.906,85,6,1,1,-56.241,-2.345,2.719
2012-05-05-19_11_36.907,85,7,1,1,-65.163,-2.262,3.319
2012-05-05-19_11_36.907,85,0,2,0,2.271,-6.784,3.628
2012-05-05-19_11_36.908,85,1,2,0,-6.743,-6.787,3.228
2012-05-05-19_11_36.908,85,2,2,0,-15.726,-6.704,2.528
2012-05-05-19_11_36.909,85,3,2,0,-24.781,-6.800,2.928
2012-05-05-19_11_36.909,85,4,2,0,-33.768,-6.775,2.228
2012-05-05-19_11_36.910,85,5,2,0,-42.783,-6.837,2.828
2012-05-05-19_11_36.911,85,6,2,0,-51.781,-6.841,2.728
2012-05-05-19_11_36.914,85,7,2,0,-60.703,-6.758,3.528
2012-05-05-19_11_36.915,85,0,2,1,-2.189,-6.792,3.637
2012-05-05-19_11_36.916,85,1,2,1,-11.205,-6.787,3.136
2012-05-05-19_11_36.917,85,2,2,1,-20.186,-6.712,2.537
2012-05-05-19_11_36.918,85,3,2,1,-29.241,-6.807,2.637
2012-05-05-19_11_36.919,85,4,2,1,-38.228,-6.782,2.237
2012-05-05-19_11_36.921,85,5,2,1,-47.242,-6.844,2.637
2012-05-05-19_11_36.922,85,6,2,1,-56.241,-6.848,2.737
2012-05-05-19_11_36.923,85,7,2,1,-65.163,-6.766,3.437
2012-05-05-19_11_36.935,85,0,3,0,2.270,-11.282,3.647
2012-05-05-19_11_36.936,85,1,3,0,-6.743,-11.285,3.247
2012-05-05-19_11_36.937,85,2,3,0,-15.727,-11.202,2.647
2012-05-05-19_11_36.938,85,3,3,0,-24.781,-11.297,2.847
2012-05-05-19_11_36.939,85,4,3,0,-33.769,-11.272,2.347
2012-05-05-19_11_36.939,85,5,3,0,-42.783,-11.335,2.747
2012-05-05-19_11_36.940,85,6,3,0,-51.782,-11.338,2.847
2012-05-05-19_11_36.941,85,7,3,0,-60.704,-11.256,3.347
2012-05-05-19_11_36.941,85,0,3,1,-2.187,-11.289,3.759
2012-05-05-19_11_36.942,85,1,3,1,-11.200,-11.285,3.259
2012-05-05-19_11_36.943,85,2,3,1,-20.184,-11.208,2.559
2012-05-05-19_11_36.943,85,3,3,1,-29.239,-11.304,2.659
2012-05-05-19_11_36.944,85,4,3,1,-38.226,-11.279,2.359
2012-05-05-19_11_36.945,85,5,3,1,-47.240,-11.341,2.659
2012-05-05-19_11_36.945,85,6,3,1,-56.239,-11.345,2.759
2012-05-05-19_11_36.946,85,7,3,1,-65.161,-11.262,3.359
2012-05-05-19_11_36.947,85,0,4,0,2.272,-15.782,3.672
2012-05-05-19_11_36.947,85,1,4,0,-6.741,-15.792,3.272
2012-05-05-19_11_36.948,85,2,4,0,-15.725,-15.702,2.572
2012-05-05-19_11_36.949,85,3,4,0,-24.779,-15.798,2.872
2012-05-05-19_11_36.950,85,4,4,0,-33.767,-15.772,2.072
2012-05-05-19_11_36.950,85,5,4,0,-42.781,-15.835,2.572
2012-05-05-19_11_36.951,85,6,4,0,-51.780,-15.838,2.672
2012-05-05-19_11_36.952,85,7,4,0,-60.702,-15.756,3.472
2012-05-05-19_11_36.952,85,0,4,1,-2.187,-15.788,3.683
2012-05-05-19_11_36.953,85,1,4,1,-11.203,-15.793,3.182
2012-05-05-19_11_36.954,85,2,4,1,-20.184,-15.708,2.583
2012-05-05-19_11_36.954,85,3,4,1,-29.239,-15.803,2.883
2012-05-05-19_11_36.955,85,4,4,1,-38.226,-15.778,2.083
2012-05-05-19_11_36.956,85,5,4,1,-47.241,-15.841,2.483
2012-05-05-19_11_36.957,85,6,4,1,-56.239,-15.844,2.783
2012-05-05-19_11_36.957,85,7,4,1,-65.161,-15.762,3.383
2012-05-05-19_11_36.958,85,0,5,0,2.270,-20.280,3.691
2012-05-05-19_11_36.958,85,1,5,0,-6.739,-20.296,3.292
2012-05-05-19_11_36.959,85,2,5,0,-15.728,-20.200,2.591
2012-05-05-19_11_36.960,85,3,5,0,-24.782,-20.295,2.791
2012-05-05-19_11_36.961,85,4,5,0,-33.769,-20.270,2.191
2012-05-05-19_11_36.962,85,5,5,0,-42.784,-20.332,2.591
2012-05-05-19_11_36.962,85,6,5,0,-51.783,-20.336,2.691
2012-05-05-19_11_36.963,85,7,5,0,-60.705,-20.254,3.191
2012-05-05-19_11_36.964,85,0,5,1,-2.188,-20.288,3.800
2012-05-05-19_11_36.964,85,1,5,1,-11.206,-20.296,3.100
2012-05-05-19_11_36.965,85,2,5,1,-20.185,-20.207,2.600
2012-05-05-19_11_36.966,85,3,5,1,-29.239,-20.303,2.600
2012-05-05-19_11_36.967,85,4,5,1,-38.227,-20.278,2.100
2012-05-05-19_11_36.968,85,5,5,1,-47.241,-20.340,2.600
2012-05-05-19_11_36.968,85,6,5,1,-56.240,-20.344,2.800
2012-05-05-19_11_36.969,85,7,5,1,-65.162,-20.261,3.500
2012-05-05-19_11_36.970,85,0,6,0,2.269,-24.780,3.710
2012-05-05-19_11_36.970,85,1,6,0,-6.737,-24.791,3.210
2012-05-05-19_11_36.971,85,2,6,0,-15.728,-24.700,2.610
2012-05-05-19_11_36.972,85,3,6,0,-24.783,-24.796,2.910
2012-05-05-19_11_36.973,85,4,6,0,-33.770,-24.771,2.010
2012-05-05-19_11_36.973,85,5,6,0,-42.784,-24.833,2.610
2012-05-05-19_11_36.974,85,6,6,0,-51.783,-24.836,2.810
2012-05-05-19_11_36.975,85,7,6,0,-60.705,-24.754,3.610
2012-05-05-19_11_36.976,85,0,6,1,-2.183,-24.789,3.722
2012-05-05-19_11_36.976,85,1,6,1,-11.209,-24.790,3.322
2012-05-05-19_11_36.977,85,2,6,1,-20.180,-24.709,2.622
2012-05-05-19_11_36.978,85,3,6,1,-29.235,-24.804,2.822
2012-05-05-19_11_36.978,85,4,6,1,-38.222,-24.779,2.122
2012-05-05-19_11_36.980,85,5,6,1,-47.237,-24.841,2.622
2012-05-05-19_11_36.981,85,6,6,1,-56.235,-24.845,2.922
2012-05-05-19_11_36.982,85,7,6,1,-65.157,-24.763,3.522
2012-05-05-19_11_36.982,85,0,7,0,2.271,-29.284,3.735
2012-05-05-19_11_36.983,85,1,7,0,-6.740,-29.287,3.235
2012-05-05-19_11_36.984,85,2,7,0,-15.726,-29.204,2.735
2012-05-05-19_11_36.984,85,3,7,0,-24.781,-29.299,2.935
2012-05-05-19_11_36.985,85,4,7,0,-33.768,-29.274,2.435
2012-05-05-19_11_36.985,85,5,7,0,-42.782,-29.337,2.735
2012-05-05-19_11_36.986,85,6,7,0,-51.781,-29.340,2.935
2012-05-05-19_11_36.987,85,7,7,0,-60.703,-29.258,3.535
2012-05-05-19_11_36.987,85,0,7,1,-2.184,-29.291,3.745
2012-05-05-19_11_36.988,85,1,7,1,-11.212,-29.286,3.245
2012-05-05-19_11_36.989,85,2,7,1,-20.181,-29.211,2.745
2012-05-05-19_11_36.989,85,3,7,1,-29.235,-29.306,2.745
2012-05-05-19_11_36.990,85,4,7,1,-38.223,-29.281,2.345
2012-05-05-19_11_36.991,85,5,7,1,-47.237,-29.344,2.745
2012-05-05-19_11_36.992,85,6,7,1,-56.236,-29.347,2.845
2012-05-05-19_11_36.993,85,7,7,1,-65.158,-29.265,3.545
2012-05-05-19_11_36.993,85,0,8,0,2.273,-33.782,3.754
2012-05-05-19_11_36.994,85,1,8,0,-6.743,-33.785,3.354
2012-05-05-19_11_36.995,85,2,8,0,-15.724,-33.702,2.654
2012-05-05-19_11_36.995,85,3,8,0,-24.779,-33.797,2.954
2012-05-05-19_11_36.996,85,4,8,0,-33.766,-33.772,2.454
2012-05-05-19_11_36.997,85,5,8,0,-42.780,-33.835,2.754
2012-05-05-19_11_36.997,85,6,8,0,-51.779,-33.838,2.854
2012-05-05-19_11_36.998,85,7,8,0,-60.701,-33.756,3.454
2012-05-05-19_11_36.999,85,0,8,1,-2.184,-33.788,3.763
2012-05-05-19_11_36.999,85,1,8,1,-11.214,-33.784,3.262
2012-05-05-19_11_37.000,85,2,8,1,-20.181,-33.707,2.663
2012-05-05-19_11_37.001,85,3,8,1,-29.236,-33.803,2.963
2012-05-05-19_11_37.002,85,4,8,1,-38.223,-33.778,2.463
2012-05-05-19_11_37.003,85,5,8,1,-47.238,-33.840,2.663
2012-05-05-19_11_37.004,85,6,8,1,-56.236,-33.844,2.863
2012-05-05-19_11_37.005,85,7,8,1,-65.158,-33.761,3.563
2012-05-05-19_11_37.006,85,0,9,0,2.275,-38.283,3.772
2012-05-05-19_11_37.007,85,1,9,0,-6.746,-38.290,3.373
2012-05-05-19_11_37.007,85,2,9,0,-15.722,-38.202,2.672
2012-05-05-19_11_37.008,85,3,9,0,-24.777,-38.298,2.972
2012-05-05-19_11_37.009,85,4,9,0,-33.764,-38.273,2.272
2012-05-05-19_11_37.009,85,5,9,0,-42.778,-38.335,2.672
2012-05-05-19_11_37.010,85,6,9,0,-51.777,-38.339,2.872
2012-05-05-19_11_37.010,85,7,9,0,-60.699,-38.256,3.472
2012-05-05-19_11_37.011,85,0,9,1,-2.187,-38.287,3.685
2012-05-05-19_11_37.012,85,1,9,1,-11.213,-38.292,3.185
2012-05-05-19_11_37.013,85,2,9,1,-20.184,-38.207,2.685
2012-05-05-19_11_37.014,85,3,9,1,-29.239,-38.302,2.785
2012-05-05-19_11_37.014,85,4,9,1,-38.226,-38.277,2.185
2012-05-05-19_11_37.015,85,5,9,1,-47.240,-38.339,2.785
2012-05-05-19_11_37.016,85,6,9,1,-56.239,-38.343,2.985
2012-05-05-19_11_37.017,85,7,9,1,-65.161,-38.261,3.585
2012-05-05-19_11_37.018,85,0,10,0,2.277,-42.780,3.698
2012-05-05-19_11_37.019,85,1,10,0,-6.746,-42.795,3.398
2012-05-05-19_11_37.019,85,2,10,0,-15.720,-42.700,2.798
2012-05-05-19_11_37.020,85,3,10,0,-24.775,-42.795,2.998
2012-05-05-19_11_37.021,85,4,10,0,-33.762,-42.770,2.298
2012-05-05-19_11_37.022,85,5,10,0,-42.776,-42.833,2.798
2012-05-05-19_11_37.023,85,6,10,0,-51.775,-42.836,2.998
2012-05-05-19_11_37.023,85,7,10,0,-60.697,-42.754,3.498
2012-05-05-19_11_37.024,85,0,10,1,-2.185,-42.787,3.908
2012-05-05-19_11_37.025,85,1,10,1,-11.211,-42.795,3.308
2012-05-05-19_11_37.026,85,2,10,1,-20.182,-42.707,2.708
2012-05-05-19_11_37.027,85,3,10,1,-29.237,-42.802,3.008
2012-05-05-19_11_37.027,85,4,10,1,-38.224,-42.777,2.408
2012-05-05-19_11_37.028,85,5,10,1,-47.238,-42.839,2.808
2012-05-05-19_11_37.029,85,6,10,1,-56.237,-42.843,2.908
2012-05-05-19_11_37.030,85,7,10,1,-65.159,-42.761,3.508
2012-05-05-19_11_37.030,85,0,11,0,2.279,-47.280,3.717
2012-05-05-19_11_37.031,85,1,11,0,-6.746,-47.290,3.317
2012-05-05-19_11_37.032,85,2,11,0,-15.718,-47.200,2.717
2012-05-05-19_11_37.032,85,3,11,0,-24.773,-47.295,3.017
2012-05-05-19_11_37.033,85,4,11,0,-33.760,-47.270,2.417
2012-05-05-19_11_37.034,85,5,11,0,-42.774,-47.333,2.717
2012-05-05-19_11_37.035,85,6,11,0,-51.773,-47.336,3.017
2012-05-05-19_11_37.035,85,7,11,0,-60.695,-47.254,3.517
2012-05-05-19_11_37.036,85,0,11,1,-2.188,-47.289,3.826
2012-05-05-19_11_37.037,85,1,11,1,-11.211,-47.290,3.326
2012-05-05-19_11_37.037,85,2,11,1,-20.185,-47.209,2.726
2012-05-05-19_11_37.038,85,3,11,1,-29.240,-47.305,2.826
2012-05-05-19_11_37.039,85,4,11,1,-38.227,-47.280,2.526
2012-05-05-19_11_37.039,85,5,11,1,-47.241,-47.342,2.826
2012-05-05-19_11_37.040,85,6,11,1,-56.240,-47.346,3.026
2012-05-05-19_11_37.041,85,7,11,1,-65.162,-47.263,3.626
2012-05-05-19_11_37.042,85,0,12,0,2.279,-51.785,3.736
2012-05-05-19_11_37.043,85,1,12,0,-6.749,-51.787,3.436
2012-05-05-19_11_37.043,85,2,12,0,-15.718,-51.705,2.736
2012-05-05-19_11_37.044,85,3,12,0,-24.773,-51.800,2.936
2012-05-05-19_11_37.044,85,4,12,0,-33.760,-51.775,2.236
2012-05-05-19_11_37.045,85,5,12,0,-42.775,-51.837,2.836
2012-05-05-19_11_37.046,85,6,12,0,-51.773,-51.841,2.936
2012-05-05-19_11_37.046,85,7,12,0,-60.695,-51.759,3.536
2012-05-05-19_11_37.047,85,0,12,1,-2.188,-51.792,3.849
2012-05-05-19_11_37.048,85,1,12,1,-11.211,-51.787,3.349
2012-05-05-19_11_37.048,85,2,12,1,-20.185,-51.712,2.749
2012-05-05-19_11_37.049,85,3,12,1,-29.240,-51.807,2.849
2012-05-05-19_11_37.050,85,4,12,1,-38.227,-51.782,2.549
2012-05-05-19_11_37.051,85,5,12,1,-47.242,-51.845,2.849
2012-05-05-19_11_37.052,85,6,12,1,-56.240,-51.848,3.049
2012-05-05-19_11_37.052,85,7,12,1,-65.162,-51.766,3.649
2012-05-05-19_11_37.053,85,0,13,0,2.276,-56.282,3.862
2012-05-05-19_11_37.054,85,1,13,0,-6.752,-56.285,3.462
2012-05-05-19_11_37.054,85,2,13,0,-15.721,-56.202,2.762
2012-05-05-19_11_37.055,85,3,13,0,-24.776,-56.298,2.962
2012-05-05-19_11_37.056,85,4,13,0,-33.763,-56.273,2.362
2012-05-05-19_11_37.057,85,5,13,0,-42.778,-56.335,2.762
2012-05-05-19_11_37.057,85,6,13,0,-51.776,-56.339,2.862
2012-05-05-19_11_37.058,85,7,13,0,-60.698,-56.256,3.462
2012-05-05-19_11_37.058,85,0,13,1,-2.191,-56.288,3.872
2012-05-05-19_11_37.059,85,1,13,1,-11.209,-56.285,3.371
2012-05-05-19_11_37.060,85,2,13,1,-20.188,-56.208,2.772
2012-05-05-19_11_37.060,85,3,13,1,-29.243,-56.303,2.872
2012-05-05-19_11_37.061,85,4,13,1,-38.230,-56.278,2.272
2012-05-05-19_11_37.062,85,5,13,1,-47.245,-56.340,2.872
2012-05-05-19_11_37.062,85,6,13,1,-56.243,-56.344,2.872
2012-05-05-19_11_37.063,85,7,13,1,-65.165,-56.262,3.672
2012-05-05-19_11_37.064,85,0,14,0,2.275,-60.783,3.879
2012-05-05-19_11_37.064,85,1,14,0,-6.750,-60.792,3.379
2012-05-05-19_11_37.065,85,2,14,0,-15.722,-60.702,2.779
2012-05-05-19_11_37.066,85,3,14,0,-24.776,-60.798,3.079
2012-05-05-19_11_37.067,85,4,14,0,-33.763,-60.773,2.579
2012-05-05-19_11_37.067,85,5,14,0,-42.778,-60.835,2.779
2012-05-05-19_11_37.068,85,6,14,0,-51.777,-60.839,2.979
2012-05-05-19_11_37.070,85,7,14,0,-60.699,-60.756,3.579
2012-05-05-19_11_37.071,85,0,14,1,-2.194,-60.787,3.888
2012-05-05-19_11_37.072,85,1,14,1,-11.207,-60.792,3.488
2012-05-05-19_11_37.072,85,2,14,1,-20.191,-60.707,2.788
2012-05-05-19_11_37.073,85,3,14,1,-29.246,-60.803,2.888
2012-05-05-19_11_37.073,85,4,14,1,-38.233,-60.778,2.588
2012-05-05-19_11_37.074,85,5,14,1,-47.247,-60.840,2.888
2012-05-05-19_11_37.075,85,6,14,1,-56.246,-60.844,3.088
2012-05-05-19_11_37.075,85,7,14,1,-65.168,-60.761,3.688
2012-05-05-19_11_37.076,85,0,15,0,2.273,-65.280,3.897
2012-05-05-19_11_37.077,85,1,15,0,-6.751,-65.295,3.397
2012-05-05-19_11_37.078,85,2,15,0,-15.725,-65.200,2.797
2012-05-05-19_11_37.079,85,3,15,0,-24.779,-65.295,3.097
2012-05-05-19_11_37.080,85,4,15,0,-33.766,-65.270,2.497
2012-05-05-19_11_37.080,85,5,15,0,-42.781,-65.333,2.797
2012-05-05-19_11_37.081,85,6,15,0,-51.780,-65.336,2.897
2012-05-05-19_11_37.082,85,7,15,0,-60.702,-65.254,3.497
2012-05-05-19_11_37.082,85,0,15,1,-2.194,-65.287,3.910
2012-05-05-19_11_37.083,85,1,15,1,-11.208,-65.295,3.410
2012-05-05-19_11_37.083,85,2,15,1,-20.191,-65.206,2.810
2012-05-05-19_11_37.084,85,3,15,1,-29.246,-65.302,2.810
2012-05-05-19_11_37.085,85,4,15,1,-38.233,-65.277,2.510
2012-05-05-19_11_37.085,85,5,15,1,-47.248,-65.339,2.810
2012-05-05-19_11_37.086,85,6,15,1,-56.247,-65.343,2.910
2012-05-05-19_11_37.086,85,7,15,1,-65.168,-65.260,3.610
2012-05-05-19_11_37.087,85,0,16,0,2.270,-69.780,3.923
2012-05-05-19_11_37.087,85,1,16,0,-6.749,-69.789,3.423
2012-05-05-19_11_37.088,85,2,16,0,-15.727,-69.700,2.823
2012-05-05-19_11_37.089,85,3,16,0,-24.782,-69.795,3.023
2012-05-05-19_11_37.089,85,4,16,0,-33.769,-69.770,2.423
2012-05-05-19_11_37.090,85,5,16,0,-42.784,-69.832,2.823
2012-05-05-19_11_37.091,85,6,16,0,-51.782,-69.836,2.923
2012-05-05-19_11_37.091,85,7,16,0,-60.704,-69.754,3.523
2012-05-05-19_11_37.092,85,0,16,1,-2.195,-69.788,3.934
2012-05-05-19_11_37.092,85,1,16,1,-11.208,-69.789,3.433
2012-05-05-19_11_37.093,85,2,16,1,-20.192,-69.708,2.834
2012-05-05-19_11_37.093,85,3,16,1,-29.247,-69.804,2.934
2012-05-05-19_11_37.094,85,4,16,1,-38.234,-69.779,2.534
2012-05-05-19_11_37.094,85,5,16,1,-47.248,-69.841,2.734
2012-05-05-19_11_37.095,85,6,16,1,-56.247,-69.844,3.034
2012-05-05-19_11_37.095,85,7,16,1,-65.169,-69.762,3.634
2012-05-05-19_11_37.096,85,0,17,0,2.269,-74.284,3.942
2012-05-05-19_11_37.096,85,1,17,0,-6.747,-74.287,3.442
2012-05-05-19_11_37.097,85,2,17,0,-15.728,-74.204,2.842
2012-05-05-19_11_37.097,85,3,17,0,-24.783,-74.299,3.042
2012-05-05-19_11_37.098,85,4,17,0,-33.770,-74.274,2.342
2012-05-05-19_11_37.098,85,5,17,0,-42.784,-74.336,2.842
2012-05-05-19_11_37.099,85,6,17,0,-51.783,-74.340,2.942
2012-05-05-19_11_37.099,85,7,17,0,-60.705,-74.258,3.542
2012-05-05-19_11_37.100,85,0,17,1,-2.193,-74.291,3.952
2012-05-05-19_11_37.101,85,1,17,1,-11.209,-74.287,3.451
2012-05-05-19_11_37.101,85,2,17,1,-20.190,-74.211,2.852
2012-05-05-19_11_37.102,85,3,17,1,-29.245,-74.306,2.852
2012-05-05-19_11_37.103,85,4,17,1,-38.232,-74.281,2.352
2012-05-05-19_11_37.103,85,5,17,1,-47.246,-74.344,2.752
2012-05-05-19_11_37.104,85,6,17,1,-56.245,-74.347,2.952
2012-05-05-19_11_37.104,85,7,17,1,-65.167,-74.265,3.652
2012-05-05-19_11_37.105,85,0,18,0,2.266,-78.782,3.862
2012-05-05-19_11_37.106,85,1,18,0,-6.744,-78.785,3.462
2012-05-05-19_11_37.106,85,2,18,0,-15.731,-78.702,2.862
2012-05-05-19_11_37.107,85,3,18,0,-24.785,-78.798,3.062
2012-05-05-19_11_37.108,85,4,18,0,-33.772,-78.773,2.562
2012-05-05-19_11_37.109,85,5,18,0,-42.787,-78.835,2.862
2012-05-05-19_11_37.110,85,6,18,0,-51.786,-78.839,2.962
2012-05-05-19_11_37.110,85,7,18,0,-60.708,-78.756,3.662
2012-05-05-19_11_37.111,85,0,18,1,-2.193,-78.788,3.875
2012-05-05-19_11_37.112,85,1,18,1,-11.211,-78.785,3.474
2012-05-05-19_11_37.112,85,2,18,1,-20.190,-78.708,2.875
2012-05-05-19_11_37.113,85,3,18,1,-29.245,-78.803,3.075
2012-05-05-19_11_37.114,85,4,18,1,-38.232,-78.778,2.275
2012-05-05-19_11_37.114,85,5,18,1,-47.247,-78.841,2.875
2012-05-05-19_11_37.115,85,6,18,1,-56.245,-78.844,2.975
2012-05-05-19_11_37.116,85,7,18,1,-65.167,-78.762,3.775
2012-05-05-19_11_37.116,85,0,19,0,2.266,-83.282,3.887
2012-05-05-19_11_37.117,85,1,19,0,-6.745,-83.291,3.487
2012-05-05-19_11_37.117,85,2,19,0,-15.731,-83.202,2.887
2012-05-05-19_11_37.118,85,3,19,0,-24.786,-83.298,3.187
2012-05-05-19_11_37.119,85,4,19,0,-33.773,-83.272,2.287
2012-05-05-19_11_37.119,85,5,19,0,-42.787,-83.335,2.887
2012-05-05-19_11_37.120,85,6,19,0,-51.786,-83.338,2.987
2012-05-05-19_11_37.121,85,7,19,0,-60.708,-83.256,3.687
2012-05-05-19_11_37.122,85,0,19,1,-2.191,-83.287,3.897
2012-05-05-19_11_37.122,85,1,19,1,-11.212,-83.292,3.397
2012-05-05-19_11_37.123,85,2,19,1,-20.188,-83.207,2.897
2012-05-05-19_11_37.124,85,3,19,1,-29.243,-83.303,2.897
2012-05-05-19_11_37.125,85,4,19,1,-38.230,-83.278,2.597
2012-05-05-19_11_37.125,85,5,19,1,-47.245,-83.340,2.997
2012-05-05-19_11_37.126,85,6,19,1,-56.243,-83.344,3.097
2012-05-05-19_11_37.127,85,7,19,1,-65.165,-83.261,3.797
2012-05-05-19_11_37.127,85,0,20,0,2.266,-87.780,4.005
2012-05-05-19_11_37.128,85,1,20,0,-6.748,-87.795,3.405
2012-05-05-19_11_37.128,85,2,20,0,-15.732,-87.700,2.905
2012-05-05-19_11_37.129,85,3,20,0,-24.786,-87.795,3.105
2012-05-05-19_11_37.130,85,4,20,0,-33.773,-87.770,2.605
2012-05-05-19_11_37.130,85,5,20,0,-42.788,-87.832,2.905
2012-05-05-19_11_37.131,85,6,20,0,-51.787,-87.836,3.005
2012-05-05-19_11_37.132,85,7,20,0,-60.709,-87.754,3.805
2012-05-05-19_11_37.133,85,0,20,1,-2.192,-87.787,4.014
2012-05-05-19_11_37.133,85,1,20,1,-11.212,-87.795,3.514
2012-05-05-19_11_37.134,85,2,20,1,-20.189,-87.707,2.914
2012-05-05-19_11_37.135,85,3,20,1,-29.243,-87.803,3.014
2012-05-05-19_11_37.135,85,4,20,1,-38.230,-87.777,2.614
2012-05-05-19_11_37.136,85,5,20,1,-47.245,-87.840,2.914
2012-05-05-19_11_37.136,85,6,20,1,-56.244,-87.843,3.114
2012-05-05-19_11_37.137,85,7,20,1,-65.166,-87.761,3.814
2012-05-05-19_11_37.137,85,0,21,0,2.268,-92.280,4.025
2012-05-05-19_11_37.138,85,1,21,0,-6.751,-92.290,3.525
2012-05-05-19_11_37.138,85,2,21,0,-15.729,-92.200,2.925
2012-05-05-19_11_37.139,85,3,21,0,-24.784,-92.295,3.125
2012-05-05-19_11_37.140,85,4,21,0,-33.771,-92.270,2.525
2012-05-05-19_11_37.140,85,5,21,0,-42.786,-92.332,2.925
2012-05-05-19_11_37.142,85,6,21,0,-51.785,-92.336,3.025
2012-05-05-19_11_37.143,85,7,21,0,-60.706,-92.254,3.625
2012-05-05-19_11_37.144,85,0,21,1,-2.190,-92.289,4.037
2012-05-05-19_11_37.145,85,1,21,1,-11.213,-92.290,3.337
2012-05-05-19_11_37.145,85,2,21,1,-20.187,-92.209,2.837
2012-05-05-19_11_37.146,85,3,21,1,-29.241,-92.305,2.937
2012-05-05-19_11_37.147,85,4,21,1,-38.228,-92.280,2.437
2012-05-05-19_11_37.147,85,5,21,1,-47.243,-92.342,2.937
2012-05-05-19_11_37.148,85,6,21,1,-56.242,-92.346,3.037
2012-05-05-19_11_37.149,85,7,21,1,-65.164,-92.263,3.737
2012-05-05-19_11_37.149,85,0,22,0,2.270,-96.783,3.950
2012-05-05-19_11_37.152,85,1,22,0,-6.754,-96.788,3.550
2012-05-05-19_11_37.152,85,2,22,0,-15.728,-96.703,2.950
2012-05-05-19_11_37.153,85,3,22,0,-24.782,-96.799,3.150
2012-05-05-19_11_37.153,85,4,22,0,-33.769,-96.774,2.650
2012-05-05-19_11_37.154,85,5,22,0,-42.784,-96.836,2.950
2012-05-05-19_11_37.154,85,6,22,0,-51.783,-96.840,3.150
2012-05-05-19_11_37.155,85,7,22,0,-60.705,-96.757,3.750
2012-05-05-19_11_37.156,85,0,22,1,-2.192,-96.792,3.959
2012-05-05-19_11_37.156,85,1,22,1,-11.213,-96.788,3.558
2012-05-05-19_11_37.157,85,2,22,1,-20.190,-96.712,2.959
2012-05-05-19_11_37.157,85,3,22,1,-29.244,-96.807,3.059
2012-05-05-19_11_37.158,85,4,22,1,-38.231,-96.782,2.759
2012-05-05-19_11_37.159,85,5,22,1,-47.246,-96.845,2.959
2012-05-05-19_11_37.160,85,6,22,1,-56.245,-96.848,3.159
2012-05-05-19_11_37.160,85,7,22,1,-65.167,-96.766,3.759
2012-05-05-19_11_37.161,85,0,23,0,2.269,-101.281,4.068
2012-05-05-19_11_37.162,85,1,23,0,-6.751,-101.286,3.568
2012-05-05-19_11_37.163,85,2,23,0,-15.728,-101.201,2.968
2012-05-05-19_11_37.163,85,3,23,0,-24.783,-101.297,3.268
2012-05-05-19_11_37.164,85,4,23,0,-33.770,-101.272,2.668
2012-05-05-19_11_37.165,85,5,23,0,-42.784,-101.334,2.968
2012-05-05-19_11_37.166,85,6,23,0,-51.783,-101.338,2.968
2012-05-05-19_11_37.166,85,7,23,0,-60.705,-101.255,3.668
2012-05-05-19_11_37.167,85,0,23,1,-2.183,-101.281,4.068
2012-05-05-19_11_37.168,85,1,23,1,-11.211,-101.285,3.668
2012-05-05-19_11_37.168,85,2,23,1,-20.180,-101.201,2.968
2012-05-05-19_11_37.169,85,3,23,1,-29.235,-101.296,3.068
2012-05-05-19_11_37.170,85,4,23,1,-38.222,-101.271,2.668
2012-05-05-19_11_37.171,85,5,23,1,-47.237,-101.333,2.968
2012-05-05-19_11_37.171,85,6,23,1,-56.235,-101.337,3.168
2012-05-05-19_11_37.172,85,7,23,1,-65.157,-101.255,3.768
