2012-05-04-17_59_59.334,51,0,0,0,2.256,2.217,1.765
2012-05-04-17_59_59.338,51,0,0,0,2.293,2.304,1.765
2012-05-04-17_59_59.340,51,0,0,0,2.193,2.245,1.564
2012-05-04-17_59_59.342,51,1,0,0,-6.752,2.208,2.265
2012-05-04-17_59_59.343,51,1,0,0,-6.830,2.234,2.264
2012-05-04-17_59_59.345,51,1,0,0,-6.771,2.286,2.264
2012-05-04-17_59_59.347,51,2,0,0,-15.709,2.287,1.765
2012-05-04-17_59_59.349,51,2,0,0,-15.772,2.315,1.764
2012-05-04-17_59_59.349,51,2,0,0,-15.713,2.361,1.764
2012-05-04-17_59_59.350,51,3,0,0,-24.731,2.204,2.965
2012-05-04-17_59_59.351,51,3,0,0,-24.694,2.292,2.965
2012-05-04-17_59_59.351,51,3,0,0,-24.794,2.233,2.864
2012-05-04-17_59_59.352,51,4,0,0,-33.728,2.203,1.965
2012-05-04-17_59_59.353,51,4,0,0,-33.690,2.290,1.965
2012-05-04-17_59_59.353,51,4,0,0,-33.791,2.231,1.964
2012-05-04-17_59_59.354,51,5,0,0,-42.734,2.204,2.265
2012-05-04-17_59_59.354,51,5,0,0,-42.683,2.166,2.264
2012-05-04-17_59_59.355,51,5,0,0,-42.776,2.191,2.264
2012-05-04-17_59_59.355,51,6,0,0,-51.773,2.142,1.665
2012-05-04-17_59_59.356,51,6,0,0,-51.736,2.230,1.665
2012-05-04-17_59_59.357,51,6,0,0,-51.836,2.171,1.564
2012-05-04-17_59_59.357,51,7,0,0,-60.668,2.206,2.465
2012-05-04-17_59_59.358,51,7,0,0,-60.731,2.234,2.464
2012-05-04-17_59_59.358,51,7,0,0,-60.672,2.280,2.464
2012-05-04-17_59_59.359,51,0,0,1,-2.192,2.208,2.365
2012-05-04-17_59_59.359,51,0,0,1,-2.167,2.305,2.365
2012-05-04-17_59_59.377,51,0,0,1,-2.260,2.231,2.265
2012-05-04-17_59_59.377,51,1,0,1,-11.207,2.207,2.665
2012-05-04-17_59_59.378,51,1,0,1,-11.341,2.273,2.665
2012-05-04-17_59_59.380,51,1,0,1,-11.231,2.286,2.665
2012-05-04-17_59_59.380,51,2,0,1,-20.157,2.278,2.065
2012-05-04-17_59_59.381,51,2,0,1,-20.225,2.301,2.065
2012-05-04-17_59_59.382,51,2,0,1,-20.232,2.302,1.965
2012-05-04-17_59_59.383,51,3,0,1,-29.179,2.196,2.665
2012-05-04-17_59_59.384,51,3,0,1,-29.153,2.293,2.865
2012-05-04-17_59_59.385,51,3,0,1,-29.247,2.219,2.765
2012-05-04-17_59_59.385,51,4,0,1,-38.175,2.194,2.465
2012-05-04-17_59_59.386,51,4,0,1,-38.150,2.291,2.465
2012-05-04-17_59_59.387,51,4,0,1,-38.243,2.217,2.465
2012-05-04-17_59_59.387,51,5,0,1,-47.194,2.205,1.465
2012-05-04-17_59_59.388,51,5,0,1,-47.277,2.227,1.465
2012-05-04-17_59_59.389,51,5,0,1,-47.247,2.203,1.465
2012-05-04-17_59_59.389,51,6,0,1,-56.195,2.230,2.465
2012-05-04-17_59_59.390,51,6,0,1,-56.289,2.156,2.465
2012-05-04-17_59_59.391,51,6,0,1,-56.296,2.157,2.465
2012-05-04-17_59_59.391,51,7,0,1,-65.183,2.220,1.565
2012-05-04-17_59_59.392,51,7,0,1,-65.191,2.221,1.465
2012-05-04-17_59_59.393,51,7,0,1,-65.173,2.316,1.465
2012-05-04-17_59_59.394,51,0,1,0,2.270,-2.283,1.478
2012-05-04-17_59_59.394,51,0,1,0,2.298,-2.190,1.478
2012-05-04-17_59_59.395,51,0,1,0,2.195,-2.258,1.478
2012-05-04-17_59_59.402,51,1,1,0,-6.750,-2.295,1.678
2012-05-04-17_59_59.402,51,1,1,0,-6.828,-2.268,1.678
2012-05-04-17_59_59.403,51,1,1,0,-6.772,-2.209,1.678
2012-05-04-17_59_59.405,51,2,1,0,-15.695,-2.213,1.578
2012-05-04-17_59_59.405,51,2,1,0,-15.770,-2.188,1.578
2012-05-04-17_59_59.406,51,2,1,0,-15.746,-2.198,1.578
2012-05-04-17_59_59.406,51,3,1,0,-24.717,-2.295,1.578
2012-05-04-17_59_59.407,51,3,1,0,-24.689,-2.202,1.578
2012-05-04-17_59_59.407,51,3,1,0,-24.792,-2.271,1.578
2012-05-04-17_59_59.408,51,4,1,0,-33.713,-2.297,0.678
2012-05-04-17_59_59.408,51,4,1,0,-33.686,-2.204,0.678
2012-05-04-17_59_59.409,51,4,1,0,-33.789,-2.272,0.678
2012-05-04-17_59_59.410,51,5,1,0,-42.730,-2.289,1.678
2012-05-04-17_59_59.411,51,5,1,0,-42.681,-2.336,1.678
2012-05-04-17_59_59.412,51,5,1,0,-42.776,-2.304,1.678
2012-05-04-17_59_59.413,51,6,1,0,-51.759,-2.358,1.078
2012-05-04-17_59_59.413,51,6,1,0,-51.731,-2.264,1.078
2012-05-04-17_59_59.414,51,6,1,0,-51.834,-2.333,1.078
2012-05-04-17_59_59.415,51,7,1,0,-60.654,-2.294,1.578
2012-05-04-17_59_59.416,51,7,1,0,-60.729,-2.269,1.578
2012-05-04-17_59_59.418,51,7,1,0,-60.673,-2.215,1.578
2012-05-04-17_59_59.419,51,0,1,1,-2.192,-2.289,1.788
2012-05-04-17_59_59.419,51,0,1,1,-2.167,-2.189,1.788
2012-05-04-17_59_59.420,51,0,1,1,-2.263,-2.272,1.788
2012-05-04-17_59_59.421,51,1,1,1,-11.205,-2.295,1.088
2012-05-04-17_59_59.422,51,1,1,1,-11.341,-2.221,1.488
2012-05-04-17_59_59.422,51,1,1,1,-11.229,-2.208,1.388
2012-05-04-17_59_59.423,51,2,1,1,-20.157,-2.219,1.288
2012-05-04-17_59_59.424,51,2,1,1,-20.228,-2.202,1.388
2012-05-04-17_59_59.425,51,2,1,1,-20.235,-2.200,1.388
2012-05-04-17_59_59.426,51,3,1,1,-29.179,-2.301,1.088
2012-05-04-17_59_59.426,51,3,1,1,-29.154,-2.201,1.088
2012-05-04-17_59_59.428,51,3,1,1,-29.250,-2.284,1.088
2012-05-04-17_59_59.429,51,4,1,1,-38.176,-2.303,0.688
2012-05-04-17_59_59.430,51,4,1,1,-38.150,-2.203,0.688
2012-05-04-17_59_59.430,51,4,1,1,-38.246,-2.286,0.788
2012-05-04-17_59_59.431,51,5,1,1,-47.194,-2.289,0.888
2012-05-04-17_59_59.431,51,5,1,1,-47.277,-2.269,0.988
2012-05-04-17_59_59.432,51,5,1,1,-47.250,-2.292,0.888
2012-05-04-17_59_59.433,51,6,1,1,-56.221,-2.364,0.888
2012-05-04-17_59_59.433,51,6,1,1,-56.196,-2.264,0.988
2012-05-04-17_59_59.434,51,6,1,1,-56.292,-2.346,0.988
2012-05-04-17_59_59.435,51,7,1,1,-65.186,-2.282,1.488
2012-05-04-17_59_59.436,51,7,1,1,-65.194,-2.281,1.388
2012-05-04-17_59_59.437,51,7,1,1,-65.173,-2.180,1.488
2012-05-04-17_59_59.437,51,0,2,0,2.260,-6.780,1.902
2012-05-04-17_59_59.438,51,0,2,0,2.295,-6.689,1.902
2012-05-04-17_59_59.439,51,0,2,0,2.197,-6.759,1.902
2012-05-04-17_59_59.440,51,1,2,0,-6.748,-6.793,1.702
2012-05-04-17_59_59.440,51,1,2,0,-6.829,-6.773,1.702
2012-05-04-17_59_59.441,51,1,2,0,-6.770,-6.706,1.802
2012-05-04-17_59_59.442,51,2,2,0,-15.705,-6.710,1.002
2012-05-04-17_59_59.443,51,2,2,0,-15.768,-6.689,0.902
2012-05-04-17_59_59.443,51,2,2,0,-15.714,-6.637,0.902
2012-05-04-17_59_59.444,51,3,2,0,-24.727,-6.792,1.402
2012-05-04-17_59_59.445,51,3,2,0,-24.692,-6.701,1.402
2012-05-04-17_59_59.446,51,3,2,0,-24.790,-6.771,1.402
2012-05-04-17_59_59.447,51,4,2,0,-33.724,-6.794,0.802
2012-05-04-17_59_59.447,51,4,2,0,-33.689,-6.703,0.802
2012-05-04-17_59_59.448,51,4,2,0,-33.787,-6.773,0.802
2012-05-04-17_59_59.449,51,5,2,0,-42.733,-6.789,1.102
2012-05-04-17_59_59.450,51,5,2,0,-42.682,-6.841,1.002
2012-05-04-17_59_59.451,51,5,2,0,-42.777,-6.807,1.102
2012-05-04-17_59_59.460,51,6,2,0,-51.769,-6.854,1.202
2012-05-04-17_59_59.461,51,6,2,0,-51.734,-6.764,1.202
2012-05-04-17_59_59.462,51,6,2,0,-51.832,-6.834,1.102
2012-05-04-17_59_59.463,51,7,2,0,-60.664,-6.790,1.702
2012-05-04-17_59_59.463,51,7,2,0,-60.727,-6.770,1.702
2012-05-04-17_59_59.464,51,7,2,0,-60.673,-6.718,1.702
2012-05-04-17_59_59.465,51,0,2,1,-2.192,-6.786,1.810
2012-05-04-17_59_59.465,51,0,2,1,-2.165,-6.688,1.810
2012-05-04-17_59_59.466,51,0,2,1,-2.266,-6.770,1.910
2012-05-04-17_59_59.467,51,1,2,1,-11.203,-6.792,1.710
2012-05-04-17_59_59.468,51,1,2,1,-11.339,-6.720,1.710
2012-05-04-17_59_59.468,51,1,2,1,-11.229,-6.705,1.710
2012-05-04-17_59_59.469,51,2,2,1,-20.157,-6.716,1.010
2012-05-04-17_59_59.469,51,2,2,1,-20.230,-6.700,0.910
2012-05-04-17_59_59.470,51,2,2,1,-20.238,-6.697,1.010
2012-05-04-17_59_59.470,51,3,2,1,-29.179,-6.799,1.110
2012-05-04-17_59_59.472,51,3,2,1,-29.152,-6.700,1.110
2012-05-04-17_59_59.472,51,3,2,1,-29.252,-6.782,1.110
2012-05-04-17_59_59.473,51,4,2,1,-38.176,-6.800,0.810
2012-05-04-17_59_59.474,51,4,2,1,-38.148,-6.702,0.810
2012-05-04-17_59_59.474,51,4,2,1,-38.249,-6.784,0.810
2012-05-04-17_59_59.474,51,5,2,1,-47.192,-6.788,1.110
2012-05-04-17_59_59.475,51,5,2,1,-47.280,-6.766,1.110
2012-05-04-17_59_59.475,51,5,2,1,-47.251,-6.793,1.110
2012-05-04-17_59_59.476,51,6,2,1,-56.221,-6.861,1.210
2012-05-04-17_59_59.476,51,6,2,1,-56.194,-6.763,1.210
2012-05-04-17_59_59.477,51,6,2,1,-56.295,-6.845,1.210
2012-05-04-17_59_59.477,51,7,2,1,-65.189,-6.781,1.610
2012-05-04-17_59_59.478,51,7,2,1,-65.196,-6.778,1.610
2012-05-04-17_59_59.478,51,7,2,1,-65.176,-6.677,1.710
2012-05-04-17_59_59.479,51,0,3,0,2.269,-11.279,2.020
2012-05-04-17_59_59.479,51,0,3,0,2.292,-11.189,7.220
2012-05-04-17_59_59.480,51,0,3,0,2.194,-11.255,2.020
2012-05-04-17_59_59.480,51,1,3,0,-6.746,-11.289,1.820
2012-05-04-17_59_59.481,51,1,3,0,-6.827,-11.269,1.820
2012-05-04-17_59_59.481,51,1,3,0,-6.765,-11.205,1.920
2012-05-04-17_59_59.482,51,2,3,0,-15.696,-11.208,1.120
2012-05-04-17_59_59.482,51,2,3,0,-15.771,-11.185,1.120
2012-05-04-17_59_59.483,51,2,3,0,-15.715,-11.140,1.120
2012-05-04-17_59_59.483,51,3,3,0,-24.718,-11.291,1.520
2012-05-04-17_59_59.484,51,3,3,0,-24.695,-11.202,8.220
2012-05-04-17_59_59.484,51,3,3,0,-24.793,-11.267,1.420
2012-05-04-17_59_59.485,51,4,3,0,-33.714,-11.293,0.820
2012-05-04-17_59_59.485,51,4,3,0,-33.692,-11.203,3.320
2012-05-04-17_59_59.486,51,4,3,0,-33.790,-11.269,0.820
2012-05-04-17_59_59.486,51,5,3,0,-42.735,-11.289,6.720
2012-05-04-17_59_59.487,51,5,3,0,-42.680,-11.337,1.120
2012-05-04-17_59_59.487,51,5,3,0,-42.777,-11.309,1.120
2012-05-04-17_59_59.488,51,6,3,0,-51.760,-11.353,1.220
2012-05-04-17_59_59.488,51,6,3,0,-51.737,-11.264,3.920
2012-05-04-17_59_59.489,51,6,3,0,-51.835,-11.329,1.220
2012-05-04-17_59_59.489,51,7,3,0,-60.654,-11.289,1.820
2012-05-04-17_59_59.490,51,7,3,0,-60.730,-11.266,1.820
2012-05-04-17_59_59.490,51,7,3,0,-60.673,-11.220,1.820
2012-05-04-17_59_59.491,51,0,3,1,-2.188,-11.288,1.828
2012-05-04-17_59_59.491,51,0,3,1,-2.163,-11.190,1.928
2012-05-04-17_59_59.492,51,0,3,1,-2.266,-11.265,1.927
2012-05-04-17_59_59.492,51,1,3,1,-11.206,-11.289,1.728
2012-05-04-17_59_59.493,51,1,3,1,-11.337,-11.222,1.728
2012-05-04-17_59_59.493,51,1,3,1,-11.225,-11.204,1.827
2012-05-04-17_59_59.494,51,2,3,1,-20.153,-11.218,1.128
2012-05-04-17_59_59.494,51,2,3,1,-20.231,-11.195,1.127
2012-05-04-17_59_59.494,51,2,3,1,-20.238,-11.194,1.127
2012-05-04-17_59_59.496,51,3,3,1,-29.175,-11.300,1.228
2012-05-04-17_59_59.496,51,3,3,1,-29.150,-11.202,1.228
2012-05-04-17_59_59.497,51,3,3,1,-29.253,-11.278,1.227
2012-05-04-17_59_59.497,51,4,3,1,-38.171,-11.302,0.828
2012-05-04-17_59_59.498,51,4,3,1,-38.146,-11.204,0.828
2012-05-04-17_59_59.498,51,4,3,1,-38.249,-11.279,0.827
2012-05-04-17_59_59.499,51,5,3,1,-47.190,-11.290,1.128
2012-05-04-17_59_59.499,51,5,3,1,-47.280,-11.265,1.127
2012-05-04-17_59_59.500,51,5,3,1,-47.249,-11.292,1.127
2012-05-04-17_59_59.501,51,6,3,1,-56.217,-11.363,1.228
2012-05-04-17_59_59.501,51,6,3,1,-56.192,-11.264,1.328
2012-05-04-17_59_59.502,51,6,3,1,-56.295,-11.340,1.327
2012-05-04-17_59_59.502,51,7,3,1,-65.190,-11.276,1.827
2012-05-04-17_59_59.502,51,7,3,1,-65.197,-11.275,1.827
2012-05-04-17_59_59.503,51,7,3,1,-65.177,-11.176,1.827
2012-05-04-17_59_59.503,51,0,4,0,2.269,-15.781,2.039
2012-05-04-17_59_59.504,51,0,4,0,2.294,-15.696,2.039
2012-05-04-17_59_59.504,51,0,4,0,2.193,-15.754,2.139
2012-05-04-17_59_59.505,51,1,4,0,-6.739,-15.790,1.939
2012-05-04-17_59_59.505,51,1,4,0,-6.825,-15.769,1.839
2012-05-04-17_59_59.506,51,1,4,0,-6.763,-15.711,1.939
2012-05-04-17_59_59.506,51,2,4,0,-15.696,-15.711,1.239
2012-05-04-17_59_59.507,51,2,4,0,-15.772,-15.684,1.139
2012-05-04-17_59_59.507,51,2,4,0,-15.715,-15.641,1.139
2012-05-04-17_59_59.508,51,3,4,0,-24.718,-15.793,1.639
2012-05-04-17_59_59.508,51,3,4,0,-24.693,-15.708,1.539
2012-05-04-17_59_59.509,51,3,4,0,-24.794,-15.766,1.539
2012-05-04-17_59_59.509,51,4,4,0,-33.715,-15.795,0.839
2012-05-04-17_59_59.510,51,4,4,0,-33.690,-15.710,0.839
2012-05-04-17_59_59.510,51,4,4,0,-33.790,-15.768,0.839
2012-05-04-17_59_59.511,51,5,4,0,-42.733,-15.796,1.239
2012-05-04-17_59_59.511,51,5,4,0,-42.678,-15.837,1.139
2012-05-04-17_59_59.512,51,5,4,0,-42.777,-15.811,1.139
2012-05-04-17_59_59.512,51,6,4,0,-51.760,-15.855,1.239
2012-05-04-17_59_59.513,51,6,4,0,-51.735,-15.771,1.239
2012-05-04-17_59_59.513,51,6,4,0,-51.836,-15.828,1.239
2012-05-04-17_59_59.514,51,7,4,0,-60.655,-15.792,1.839
2012-05-04-17_59_59.514,51,7,4,0,-60.730,-15.764,1.839
2012-05-04-17_59_59.515,51,7,4,0,-60.674,-15.722,1.839
2012-05-04-17_59_59.515,51,0,4,1,-2.188,-15.793,1.950
2012-05-04-17_59_59.516,51,0,4,1,-2.163,-15.696,1.950
2012-05-04-17_59_59.516,51,0,4,1,-2.266,-15.766,1.950
2012-05-04-17_59_59.517,51,1,4,1,-11.209,-15.791,1.850
2012-05-04-17_59_59.517,51,1,4,1,-11.338,-15.728,1.850
2012-05-04-17_59_59.518,51,1,4,1,-11.228,-15.710,1.850
2012-05-04-17_59_59.518,51,2,4,1,-20.153,-15.723,1.250
2012-05-04-17_59_59.519,51,2,4,1,-20.231,-15.696,1.150
2012-05-04-17_59_59.519,51,2,4,1,-20.239,-15.695,1.150
2012-05-04-17_59_59.520,51,3,4,1,-29.175,-15.805,1.250
2012-05-04-17_59_59.520,51,3,4,1,-29.150,-15.708,1.250
2012-05-04-17_59_59.521,51,3,4,1,-29.253,-15.778,1.350
2012-05-04-17_59_59.521,51,4,4,1,-38.172,-15.807,0.950
2012-05-04-17_59_59.522,51,4,4,1,-38.147,-15.710,0.950
2012-05-04-17_59_59.522,51,4,4,1,-38.250,-15.780,0.950
2012-05-04-17_59_59.524,51,5,4,1,-47.191,-15.796,1.250
2012-05-04-17_59_59.524,51,5,4,1,-47.281,-15.770,1.150
2012-05-04-17_59_59.525,51,5,4,1,-47.249,-15.798,1.150
2012-05-04-17_59_59.525,51,6,4,1,-56.192,-15.771,1.350
2012-05-04-17_59_59.526,51,6,4,1,-56.295,-15.841,1.250
2012-05-04-17_59_59.526,51,6,4,1,-56.303,-15.840,1.250
2012-05-04-17_59_59.527,51,7,4,1,-65.190,-15.777,1.850
2012-05-04-17_59_59.527,51,7,4,1,-65.197,-15.776,1.850
2012-05-04-17_59_59.528,51,7,4,1,-65.177,-15.681,1.850
2012-05-04-17_59_59.529,51,0,5,0,2.268,-20.283,2.164
2012-05-04-17_59_59.530,51,0,5,0,2.296,-20.196,2.064
2012-05-04-17_59_59.530,51,0,5,0,2.190,-20.254,2.064
2012-05-04-17_59_59.531,51,1,5,0,-6.740,-20.294,1.864
2012-05-04-17_59_59.531,51,1,5,0,-6.823,-20.268,1.964
2012-05-04-17_59_59.532,51,1,5,0,-6.761,-20.215,1.864
2012-05-04-17_59_59.532,51,2,5,0,-15.697,-20.213,1.164
2012-05-04-17_59_59.533,51,2,5,0,-15.774,-20.184,1.164
2012-05-04-17_59_59.533,51,2,5,0,-15.718,-20.140,1.164
2012-05-04-17_59_59.534,51,3,5,0,-24.719,-20.295,1.564
2012-05-04-17_59_59.534,51,3,5,0,-24.691,-20.209,1.564
2012-05-04-17_59_59.535,51,3,5,0,-24.796,-20.266,1.564
2012-05-04-17_59_59.535,51,4,5,0,-33.715,-20.297,0.964
2012-05-04-17_59_59.536,51,4,5,0,-33.688,-20.210,0.964
2012-05-04-17_59_59.536,51,4,5,0,-33.793,-20.268,0.964
2012-05-04-17_59_59.537,51,5,5,0,-42.731,-20.296,1.164
2012-05-04-17_59_59.537,51,5,5,0,-42.676,-20.336,1.164
2012-05-04-17_59_59.538,51,5,5,0,-42.780,-20.310,1.164
2012-05-04-17_59_59.538,51,6,5,0,-51.761,-20.357,1.264
2012-05-04-17_59_59.539,51,6,5,0,-51.733,-20.271,1.264
2012-05-04-17_59_59.539,51,6,5,0,-51.839,-20.328,1.264
2012-05-04-17_59_59.539,51,7,5,0,-60.655,-20.294,1.864
2012-05-04-17_59_59.540,51,7,5,0,-60.733,-20.265,1.864
2012-05-04-17_59_59.540,51,7,5,0,-60.677,-20.221,1.864
2012-05-04-17_59_59.541,51,0,5,1,-2.189,-20.291,1.972
2012-05-04-17_59_59.541,51,0,5,1,-2.161,-20.196,1.972
2012-05-04-17_59_59.542,51,0,5,1,-2.264,-20.268,13.672
2012-05-04-17_59_59.542,51,1,5,1,-11.212,-20.294,1.872
2012-05-04-17_59_59.543,51,1,5,1,-11.336,-20.228,1.872
2012-05-04-17_59_59.543,51,1,5,1,-11.231,-20.215,1.872
2012-05-04-17_59_59.544,51,2,5,1,-20.154,-20.221,1.172
2012-05-04-17_59_59.544,51,2,5,1,-20.229,-20.198,12.972
2012-05-04-17_59_59.545,51,2,5,1,-20.237,-20.197,1.272
2012-05-04-17_59_59.545,51,3,5,1,-29.176,-20.303,1.272
2012-05-04-17_59_59.546,51,3,5,1,-29.148,-20.209,1.272
2012-05-04-17_59_59.546,51,3,5,1,-29.251,-20.280,3.772
2012-05-04-17_59_59.547,51,4,5,1,-38.172,-20.305,0.972
2012-05-04-17_59_59.547,51,4,5,1,-38.145,-20.210,0.972
2012-05-04-17_59_59.547,51,4,5,1,-38.248,-20.282,0.872
2012-05-04-17_59_59.548,51,5,5,1,-47.189,-20.296,1.172
2012-05-04-17_59_59.548,51,5,5,1,-47.279,-20.274,1.172
2012-05-04-17_59_59.549,51,5,5,1,-47.250,-20.298,1.172
2012-05-04-17_59_59.549,51,6,5,1,-56.190,-20.271,1.372
2012-05-04-17_59_59.550,51,6,5,1,-56.293,-20.343,2.772
2012-05-04-17_59_59.551,51,6,5,1,-56.301,-20.342,1.372
2012-05-04-17_59_59.551,51,7,5,1,-65.188,-20.279,10.172
2012-05-04-17_59_59.552,51,7,5,1,-65.195,-20.278,1.872
2012-05-04-17_59_59.552,51,7,5,1,-65.175,-20.185,1.872
2012-05-04-17_59_59.552,51,0,6,0,2.273,-24.783,1.981
2012-05-04-17_59_59.553,51,0,6,0,2.300,-24.690,1.982
2012-05-04-17_59_59.553,51,0,6,0,2.188,-24.758,1.982
2012-05-04-17_59_59.554,51,1,6,0,-6.740,-24.795,1.682
2012-05-04-17_59_59.554,51,1,6,0,-6.818,-24.769,1.682
2012-05-04-17_59_59.555,51,1,6,0,-6.762,-24.709,1.782
2012-05-04-17_59_59.555,51,2,6,0,-15.692,-24.713,1.081
2012-05-04-17_59_59.556,51,2,6,0,-15.777,-24.688,1.182
2012-05-04-17_59_59.556,51,2,6,0,-15.751,-24.697,1.182
2012-05-04-17_59_59.557,51,3,6,0,-24.714,-24.795,1.481
2012-05-04-17_59_59.557,51,3,6,0,-24.687,-24.702,1.582
2012-05-04-17_59_59.558,51,3,6,0,-24.799,-24.770,1.482
2012-05-04-17_59_59.558,51,4,6,0,-33.711,-24.797,0.981
2012-05-04-17_59_59.559,51,4,6,0,-33.683,-24.704,0.982
2012-05-04-17_59_59.559,51,4,6,0,-33.796,-24.772,0.982
2012-05-04-17_59_59.561,51,5,6,0,-42.727,-24.790,1.382
2012-05-04-17_59_59.562,51,5,6,0,-42.671,-24.837,1.482
2012-05-04-17_59_59.563,51,5,6,0,-42.778,-24.804,1.382
2012-05-04-17_59_59.563,51,6,6,0,-51.756,-24.857,1.381
2012-05-04-17_59_59.564,51,6,6,0,-51.729,-24.765,1.482
2012-05-04-17_59_59.564,51,6,6,0,-51.673,-24.812,1.482
2012-05-04-17_59_59.565,51,7,6,0,-60.651,-24.793,2.181
2012-05-04-17_59_59.565,51,7,6,0,-60.736,-24.769,2.182
2012-05-04-17_59_59.566,51,7,6,0,-60.675,-24.715,2.182
2012-05-04-17_59_59.566,51,0,6,1,-2.187,-24.789,1.990
2012-05-04-17_59_59.567,51,0,6,1,-2.162,-24.689,1.890
2012-05-04-17_59_59.567,51,0,6,1,-2.262,-24.771,1.990
2012-05-04-17_59_59.568,51,1,6,1,-11.215,-24.795,1.790
2012-05-04-17_59_59.568,51,1,6,1,-11.336,-24.721,1.690
2012-05-04-17_59_59.568,51,1,6,1,-11.234,-24.709,1.690
2012-05-04-17_59_59.569,51,2,6,1,-20.152,-24.719,1.190
2012-05-04-17_59_59.569,51,2,6,1,-20.227,-24.701,1.190
2012-05-04-17_59_59.570,51,2,6,1,-20.235,-24.700,1.190
2012-05-04-17_59_59.570,51,3,6,1,-29.174,-24.801,1.290
2012-05-04-17_59_59.571,51,3,6,1,-29.149,-24.701,1.390
2012-05-04-17_59_59.571,51,3,6,1,-29.249,-24.783,1.390
2012-05-04-17_59_59.572,51,4,6,1,-38.170,-24.803,0.990
2012-05-04-17_59_59.572,51,4,6,1,-38.145,-24.703,0.990
2012-05-04-17_59_59.573,51,4,6,1,-38.246,-24.785,0.990
2012-05-04-17_59_59.573,51,5,6,1,-47.189,-24.789,1.490
2012-05-04-17_59_59.574,51,5,6,1,-47.277,-24.769,1.390
2012-05-04-17_59_59.574,51,5,6,1,-47.245,-24.792,1.490
2012-05-04-17_59_59.575,51,6,6,1,-56.216,-24.863,1.490
2012-05-04-17_59_59.575,51,6,6,1,-56.191,-24.764,1.490
2012-05-04-17_59_59.577,51,6,6,1,-56.291,-24.845,1.490
2012-05-04-17_59_59.577,51,7,6,1,-65.186,-24.782,1.990
2012-05-04-17_59_59.578,51,7,6,1,-65.193,-24.781,1.990
2012-05-04-17_59_59.579,51,7,6,1,-65.173,-24.680,2.190
2012-05-04-17_59_59.579,51,0,7,0,2.263,-29.280,2.002
2012-05-04-17_59_59.580,51,0,7,0,2.300,-29.189,2.002
2012-05-04-17_59_59.580,51,0,7,0,2.190,-29.259,2.002
2012-05-04-17_59_59.581,51,1,7,0,-6.743,-29.293,1.802
2012-05-04-17_59_59.581,51,1,7,0,-6.819,-29.272,1.802
2012-05-04-17_59_59.582,51,1,7,0,-6.760,-29.206,1.802
2012-05-04-17_59_59.582,51,2,7,0,-15.702,-29.210,1.202
2012-05-04-17_59_59.583,51,2,7,0,-15.775,-29.189,1.202
2012-05-04-17_59_59.583,51,2,7,0,-15.716,-29.137,1.102
2012-05-04-17_59_59.584,51,3,7,0,-24.724,-29.292,1.502
2012-05-04-17_59_59.584,51,3,7,0,-24.687,-29.201,1.502
2012-05-04-17_59_59.585,51,3,7,0,-24.797,-29.271,1.502
2012-05-04-17_59_59.585,51,4,7,0,-33.721,-29.294,1.002
2012-05-04-17_59_59.586,51,4,7,0,-33.684,-29.203,1.102
2012-05-04-17_59_59.586,51,4,7,0,-33.794,-29.273,1.102
2012-05-04-17_59_59.587,51,5,7,0,-42.727,-29.289,1.402
2012-05-04-17_59_59.587,51,5,7,0,-42.672,-29.340,1.402
2012-05-04-17_59_59.588,51,5,7,0,-42.779,-29.307,1.402
2012-05-04-17_59_59.588,51,6,7,0,-51.766,-29.355,1.402
2012-05-04-17_59_59.589,51,6,7,0,-51.729,-29.264,1.402
2012-05-04-17_59_59.589,51,6,7,0,-51.673,-29.315,1.502
2012-05-04-17_59_59.590,51,7,7,0,-60.661,-29.291,2.202
2012-05-04-17_59_59.590,51,7,7,0,-60.734,-29.270,2.202
2012-05-04-17_59_59.591,51,7,7,0,-60.675,-29.218,2.202
2012-05-04-17_59_59.592,51,0,7,1,-2.187,-29.286,2.013
2012-05-04-17_59_59.592,51,0,7,1,-2.165,-29.188,2.013
2012-05-04-17_59_59.593,51,0,7,1,-2.260,-29.269,2.013
2012-05-04-17_59_59.594,51,1,7,1,-11.213,-29.292,1.713
2012-05-04-17_59_59.595,51,1,7,1,-11.339,-29.220,1.713
2012-05-04-17_59_59.596,51,1,7,1,-11.236,-29.205,1.713
2012-05-04-17_59_59.597,51,2,7,1,-20.152,-29.216,1.113
2012-05-04-17_59_59.597,51,2,7,1,-20.225,-29.199,1.113
2012-05-04-17_59_59.598,51,2,7,1,-20.233,-29.196,1.113
2012-05-04-17_59_59.598,51,3,7,1,-29.174,-29.298,1.313
2012-05-04-17_59_59.599,51,3,7,1,-29.152,-29.201,1.413
2012-05-04-17_59_59.599,51,3,7,1,-29.247,-29.281,1.313
2012-05-04-17_59_59.600,51,4,7,1,-38.171,-29.300,1.113
2012-05-04-17_59_59.600,51,4,7,1,-38.148,-29.202,1.113
2012-05-04-17_59_59.601,51,4,7,1,-38.244,-29.283,1.113
2012-05-04-17_59_59.601,51,5,7,1,-47.192,-29.288,1.513
2012-05-04-17_59_59.602,51,5,7,1,-47.275,-29.266,1.513
2012-05-04-17_59_59.602,51,5,7,1,-47.246,-29.292,1.513
2012-05-04-17_59_59.603,51,6,7,1,-56.216,-29.360,1.413
2012-05-04-17_59_59.603,51,6,7,1,-56.194,-29.263,1.513
2012-05-04-17_59_59.604,51,6,7,1,-56.289,-29.344,1.513
2012-05-04-17_59_59.604,51,7,7,1,-65.184,-29.280,2.113
2012-05-04-17_59_59.605,51,7,7,1,-65.191,-29.277,2.113
2012-05-04-17_59_59.605,51,7,7,1,-65.171,-29.177,2.213
2012-05-04-17_59_59.606,51,0,8,0,2.277,-33.778,2.027
2012-05-04-17_59_59.606,51,0,8,0,2.304,-33.688,2.027
2012-05-04-17_59_59.606,51,0,8,0,2.194,-33.755,1.927
2012-05-04-17_59_59.607,51,1,8,0,-6.744,-33.788,1.827
2012-05-04-17_59_59.607,51,1,8,0,-6.819,-33.769,1.827
2012-05-04-17_59_59.608,51,1,8,0,-6.763,-33.703,1.827
2012-05-04-17_59_59.608,51,2,8,0,-15.688,-33.708,1.127
2012-05-04-17_59_59.609,51,2,8,0,-15.771,-33.685,1.227
2012-05-04-17_59_59.609,51,2,8,0,-15.709,-33.638,1.127
2012-05-04-17_59_59.610,51,3,8,0,-24.710,-33.790,1.527
2012-05-04-17_59_59.610,51,3,8,0,-24.683,-33.700,1.527
2012-05-04-17_59_59.611,51,3,8,0,-24.793,-33.767,1.527
2012-05-04-17_59_59.612,51,4,8,0,-33.707,-33.792,1.127
2012-05-04-17_59_59.612,51,4,8,0,-33.679,-33.702,1.127
2012-05-04-17_59_59.613,51,4,8,0,-33.789,-33.769,1.127
2012-05-04-17_59_59.613,51,5,8,0,-42.723,-33.788,1.427
2012-05-04-17_59_59.614,51,5,8,0,-42.672,-33.837,1.427
2012-05-04-17_59_59.614,51,5,8,0,-42.772,-33.808,1.327
2012-05-04-17_59_59.614,51,6,8,0,-51.752,-33.853,1.427
2012-05-04-17_59_59.615,51,6,8,0,-51.725,-33.763,1.527
2012-05-04-17_59_59.615,51,6,8,0,-51.835,-33.830,1.427
2012-05-04-17_59_59.616,51,7,8,0,-60.647,-33.789,2.227
2012-05-04-17_59_59.616,51,7,8,0,-60.730,-33.766,2.227
2012-05-04-17_59_59.617,51,7,8,0,-60.668,-33.719,2.227
2012-05-04-17_59_59.617,51,0,8,1,-2.190,-33.787,1.935
2012-05-04-17_59_59.618,51,0,8,1,-2.165,-33.687,2.035
2012-05-04-17_59_59.618,51,0,8,1,-2.261,-33.766,2.035
2012-05-04-17_59_59.619,51,1,8,1,-11.213,-33.787,1.735
2012-05-04-17_59_59.619,51,1,8,1,-11.339,-33.719,1.835
2012-05-04-17_59_59.620,51,1,8,1,-11.237,-33.702,1.735
2012-05-04-17_59_59.620,51,2,8,1,-20.155,-33.716,1.235
2012-05-04-17_59_59.621,51,2,8,1,-20.226,-33.696,1.235
2012-05-04-17_59_59.621,51,2,8,1,-20.233,-33.693,1.135
2012-05-04-17_59_59.622,51,3,8,1,-29.177,-33.799,1.235
2012-05-04-17_59_59.622,51,3,8,1,-29.152,-33.699,1.235
2012-05-04-17_59_59.623,51,3,8,1,-29.248,-33.778,1.235
2012-05-04-17_59_59.623,51,4,8,1,-38.174,-33.801,1.035
2012-05-04-17_59_59.624,51,4,8,1,-38.148,-33.701,1.035
2012-05-04-17_59_59.624,51,4,8,1,-38.244,-33.780,1.035
2012-05-04-17_59_59.625,51,5,8,1,-47.192,-33.787,1.535
2012-05-04-17_59_59.625,51,5,8,1,-47.275,-33.763,1.535
2012-05-04-17_59_59.625,51,5,8,1,-47.246,-33.793,1.535
2012-05-04-17_59_59.626,51,6,8,1,-56.219,-33.861,1.435
2012-05-04-17_59_59.627,51,6,8,1,-56.194,-33.762,1.535
2012-05-04-17_59_59.628,51,6,8,1,-56.290,-33.841,1.535
2012-05-04-17_59_59.629,51,7,8,1,-65.184,-33.777,2.335
2012-05-04-17_59_59.629,51,7,8,1,-65.192,-33.774,2.235
2012-05-04-17_59_59.630,51,7,8,1,-65.171,-33.674,2.235
2012-05-04-17_59_59.630,51,0,9,0,2.276,-38.282,2.045
2012-05-04-17_59_59.632,51,0,9,0,2.304,-38.195,2.045
2012-05-04-17_59_59.633,51,0,9,0,2.194,-38.254,2.045
2012-05-04-17_59_59.633,51,1,9,0,-6.746,-38.289,1.845
2012-05-04-17_59_59.634,51,1,9,0,-6.820,-38.268,1.845
2012-05-04-17_59_59.634,51,1,9,0,-6.765,-38.211,1.845
2012-05-04-17_59_59.635,51,2,9,0,-15.688,-38.212,1.245
2012-05-04-17_59_59.635,51,2,9,0,-15.771,-38.184,1.245
2012-05-04-17_59_59.636,51,2,9,0,-15.710,-38.141,1.245
2012-05-04-17_59_59.636,51,3,9,0,-24.710,-38.294,1.645
2012-05-04-17_59_59.637,51,3,9,0,-24.683,-38.207,1.645
2012-05-04-17_59_59.637,51,3,9,0,-24.793,-38.266,1.645
2012-05-04-17_59_59.638,51,4,9,0,-33.707,-38.296,1.045
2012-05-04-17_59_59.638,51,4,9,0,-33.680,-38.209,1.045
2012-05-04-17_59_59.639,51,4,9,0,-33.790,-38.268,1.045
2012-05-04-17_59_59.639,51,5,9,0,-42.723,-38.295,1.545
2012-05-04-17_59_59.640,51,5,9,0,-42.672,-38.336,1.445
2012-05-04-17_59_59.640,51,5,9,0,-42.772,-38.311,1.545
2012-05-04-17_59_59.641,51,6,9,0,-51.753,-38.356,1.545
2012-05-04-17_59_59.641,51,6,9,0,-51.725,-38.270,1.545
2012-05-04-17_59_59.642,51,6,9,0,-51.835,-38.329,1.445
2012-05-04-17_59_59.642,51,7,9,0,-60.647,-38.293,2.145
2012-05-04-17_59_59.643,51,7,9,0,-60.730,-38.265,2.145
2012-05-04-17_59_59.643,51,7,9,0,-60.669,-38.222,2.245
2012-05-04-17_59_59.644,51,0,9,1,-2.188,-38.293,2.054
2012-05-04-17_59_59.644,51,0,9,1,-2.165,-38.195,2.054
2012-05-04-17_59_59.645,51,0,9,1,-2.261,-38.267,2.054
2012-05-04-17_59_59.645,51,1,9,1,-11.213,-38.289,1.854
2012-05-04-17_59_59.646,51,1,9,1,-11.340,-38.227,1.854
2012-05-04-17_59_59.646,51,1,9,1,-11.235,-38.209,1.854
2012-05-04-17_59_59.647,51,2,9,1,-20.153,-38.223,1.254
2012-05-04-17_59_59.647,51,2,9,1,-20.226,-38.197,1.354
2012-05-04-17_59_59.648,51,2,9,1,-20.233,-38.195,1.254
2012-05-04-17_59_59.648,51,3,9,1,-29.175,-38.305,1.454
2012-05-04-17_59_59.648,51,3,9,1,-29.152,-38.207,1.454
2012-05-04-17_59_59.649,51,3,9,1,-29.248,-38.279,1.454
2012-05-04-17_59_59.650,51,4,9,1,-38.172,-38.307,1.154
2012-05-04-17_59_59.650,51,4,9,1,-38.149,-38.209,1.054
2012-05-04-17_59_59.651,51,4,9,1,-38.245,-38.281,1.054
2012-05-04-17_59_59.651,51,5,9,1,-47.193,-38.295,1.554
2012-05-04-17_59_59.652,51,5,9,1,-47.276,-38.269,1.554
2012-05-04-17_59_59.652,51,5,9,1,-47.246,-38.299,1.554
2012-05-04-17_59_59.653,51,6,9,1,-56.194,-38.269,1.554
2012-05-04-17_59_59.653,51,6,9,1,-56.290,-38.341,1.554
2012-05-04-17_59_59.653,51,6,9,1,-56.297,-38.340,1.554
2012-05-04-17_59_59.654,51,7,9,1,-65.185,-38.278,2.154
2012-05-04-17_59_59.654,51,7,9,1,-65.192,-38.276,2.054
2012-05-04-17_59_59.655,51,7,9,1,-65.172,-38.180,2.054
2012-05-04-17_59_59.655,51,0,10,0,2.276,-42.783,2.066
2012-05-04-17_59_59.656,51,0,10,0,2.301,-42.696,2.066
2012-05-04-17_59_59.656,51,0,10,0,2.191,-42.755,2.066
2012-05-04-17_59_59.657,51,1,10,0,-6.749,-42.792,1.866
2012-05-04-17_59_59.657,51,1,10,0,-6.825,-42.767,1.866
2012-05-04-17_59_59.658,51,1,10,0,-6.771,-42.715,1.866
2012-05-04-17_59_59.658,51,2,10,0,-15.689,-42.713,1.266
2012-05-04-17_59_59.659,51,2,10,0,-15.774,-42.685,1.266
2012-05-04-17_59_59.659,51,2,10,0,-15.710,-42.639,1.266
2012-05-04-17_59_59.660,51,3,10,0,-24.711,-42.795,1.566
2012-05-04-17_59_59.662,51,3,10,0,-24.686,-42.708,1.666
2012-05-04-17_59_59.662,51,3,10,0,-24.796,-42.767,1.566
2012-05-04-17_59_59.663,51,4,10,0,-33.707,-42.797,1.066
2012-05-04-17_59_59.663,51,4,10,0,-33.682,-42.710,1.066
2012-05-04-17_59_59.664,51,4,10,0,-33.793,-42.769,1.066
2012-05-04-17_59_59.664,51,5,10,0,-42.726,-42.795,1.466
2012-05-04-17_59_59.665,51,5,10,0,-42.678,-42.835,1.466
2012-05-04-17_59_59.665,51,5,10,0,-42.773,-42.809,1.466
2012-05-04-17_59_59.666,51,6,10,0,-51.753,-42.857,1.466
2012-05-04-17_59_59.666,51,6,10,0,-51.728,-42.770,1.466
2012-05-04-17_59_59.667,51,6,10,0,-51.838,-42.829,1.366
2012-05-04-17_59_59.667,51,7,10,0,-60.648,-42.794,2.166
2012-05-04-17_59_59.668,51,7,10,0,-60.733,-42.766,2.266
2012-05-04-17_59_59.668,51,7,10,0,-60.669,-42.720,2.266
2012-05-04-17_59_59.669,51,0,10,1,-2.191,-42.791,2.078
2012-05-04-17_59_59.669,51,0,10,1,-2.168,-42.695,1.978
2012-05-04-17_59_59.669,51,0,10,1,-2.262,-42.769,1.978
2012-05-04-17_59_59.670,51,1,10,1,-11.214,-42.793,1.978
2012-05-04-17_59_59.671,51,1,10,1,-11.343,-42.727,1.978
2012-05-04-17_59_59.671,51,1,10,1,-11.235,-42.714,1.978
2012-05-04-17_59_59.672,51,2,10,1,-20.156,-42.721,1.378
2012-05-04-17_59_59.672,51,2,10,1,-20.226,-42.699,1.378
2012-05-04-17_59_59.673,51,2,10,1,-20.234,-42.698,1.378
2012-05-04-17_59_59.673,51,3,10,1,-29.178,-42.803,1.378
2012-05-04-17_59_59.674,51,3,10,1,-29.155,-42.707,1.478
2012-05-04-17_59_59.674,51,3,10,1,-29.249,-42.781,1.378
2012-05-04-17_59_59.675,51,4,10,1,-38.174,-42.805,1.078
2012-05-04-17_59_59.675,51,4,10,1,-38.152,-42.709,1.078
2012-05-04-17_59_59.675,51,4,10,1,-38.245,-42.783,1.078
2012-05-04-17_59_59.676,51,5,10,1,-47.196,-42.795,1.578
2012-05-04-17_59_59.676,51,5,10,1,-47.276,-42.773,1.578
2012-05-04-17_59_59.677,51,5,10,1,-47.247,-42.798,1.578
2012-05-04-17_59_59.677,51,6,10,1,-56.220,-42.866,1.578
2012-05-04-17_59_59.678,51,6,10,1,-56.197,-42.770,1.578
2012-05-04-17_59_59.678,51,6,10,1,-56.291,-42.844,1.578
2012-05-04-17_59_59.679,51,7,10,1,-65.185,-42.780,2.078
2012-05-04-17_59_59.679,51,7,10,1,-65.193,-42.779,2.178
2012-05-04-17_59_59.680,51,7,10,1,-65.172,-42.684,2.178
2012-05-04-17_59_59.680,51,0,11,0,2.278,-47.283,2.090
2012-05-04-17_59_59.681,51,0,11,0,2.301,-47.190,2.090
2012-05-04-17_59_59.681,51,0,11,0,2.193,-47.258,2.090
2012-05-04-17_59_59.682,51,1,11,0,-6.752,-47.295,1.890
2012-05-04-17_59_59.682,51,1,11,0,-6.825,-47.269,1.890
2012-05-04-17_59_59.683,51,1,11,0,-6.774,-47.209,1.890
2012-05-04-17_59_59.684,51,2,11,0,-15.687,-47.213,1.290
2012-05-04-17_59_59.685,51,2,11,0,-15.772,-47.188,1.290
2012-05-04-17_59_59.685,51,2,11,0,-15.743,-47.198,1.290
2012-05-04-17_59_59.686,51,3,11,0,-24.709,-47.295,1.690
2012-05-04-17_59_59.686,51,3,11,0,-24.686,-47.202,1.690
2012-05-04-17_59_59.687,51,3,11,0,-24.794,-47.270,1.690
2012-05-04-17_59_59.687,51,4,11,0,-33.705,-47.297,1.090
2012-05-04-17_59_59.688,51,4,11,0,-33.683,-47.204,1.090
2012-05-04-17_59_59.688,51,4,11,0,-33.791,-47.272,1.090
2012-05-04-17_59_59.689,51,5,11,0,-42.727,-47.289,1.490
2012-05-04-17_59_59.689,51,5,11,0,-42.678,-47.337,1.490
2012-05-04-17_59_59.690,51,5,11,0,-42.771,-47.304,1.390
2012-05-04-17_59_59.690,51,6,11,0,-51.751,-47.357,1.490
2012-05-04-17_59_59.691,51,6,11,0,-51.728,-47.264,1.490
2012-05-04-17_59_59.691,51,6,11,0,-51.836,-47.333,1.490
2012-05-04-17_59_59.692,51,7,11,0,-60.646,-47.293,2.290
2012-05-04-17_59_59.692,51,7,11,0,-60.731,-47.269,2.290
2012-05-04-17_59_59.693,51,7,11,0,-60.667,-47.215,2.290
2012-05-04-17_59_59.693,51,0,11,1,-2.194,-47.289,2.099
2012-05-04-17_59_59.694,51,0,11,1,-2.169,-47.189,1.999
2012-05-04-17_59_59.695,51,0,11,1,-2.262,-47.271,2.099
2012-05-04-17_59_59.696,51,1,11,1,-11.214,-47.295,1.899
2012-05-04-17_59_59.696,51,1,11,1,-11.343,-47.221,1.899
2012-05-04-17_59_59.696,51,1,11,1,-11.236,-47.209,1.999
2012-05-04-17_59_59.697,51,2,11,1,-20.159,-47.219,1.299
2012-05-04-17_59_59.697,51,2,11,1,-20.227,-47.201,1.299
2012-05-04-17_59_59.698,51,2,11,1,-20.234,-47.200,1.399
2012-05-04-17_59_59.698,51,3,11,1,-29.181,-47.301,1.399
2012-05-04-17_59_59.699,51,3,11,1,-29.156,-47.201,1.599
2012-05-04-17_59_59.699,51,3,11,1,-29.249,-47.283,1.399
2012-05-04-17_59_59.700,51,4,11,1,-38.177,-47.303,1.099
2012-05-04-17_59_59.700,51,4,11,1,-38.152,-47.203,1.099
2012-05-04-17_59_59.701,51,4,11,1,-38.246,-47.285,1.099
2012-05-04-17_59_59.701,51,5,11,1,-47.196,-47.289,1.599
2012-05-04-17_59_59.702,51,5,11,1,-47.279,-47.270,1.499
2012-05-04-17_59_59.702,51,5,11,1,-47.250,-47.291,1.599
2012-05-04-17_59_59.703,51,6,11,1,-56.223,-47.364,1.599
2012-05-04-17_59_59.703,51,6,11,1,-56.198,-47.264,1.599
2012-05-04-17_59_59.704,51,6,11,1,-56.291,-47.345,1.599
2012-05-04-17_59_59.704,51,7,11,1,-65.186,-47.282,2.299
2012-05-04-17_59_59.705,51,7,11,1,-65.193,-47.281,2.299
2012-05-04-17_59_59.705,51,7,11,1,-65.175,-47.180,2.299
2012-05-04-17_59_59.706,51,0,12,0,2.265,-51.780,2.307
2012-05-04-17_59_59.706,51,0,12,0,2.300,-51.690,2.307
2012-05-04-17_59_59.706,51,0,12,0,2.197,-51.759,2.307
2012-05-04-17_59_59.707,51,1,12,0,-6.753,-51.793,1.907
2012-05-04-17_59_59.707,51,1,12,0,-6.828,-51.773,2.007
2012-05-04-17_59_59.708,51,1,12,0,-6.772,-51.706,2.007
2012-05-04-17_59_59.708,51,2,12,0,-15.699,-51.710,1.307
2012-05-04-17_59_59.709,51,2,12,0,-15.768,-51.689,1.307
2012-05-04-17_59_59.709,51,2,12,0,-15.711,-51.638,1.307
2012-05-04-17_59_59.710,51,3,12,0,-24.722,-51.792,1.707
2012-05-04-17_59_59.710,51,3,12,0,-24.687,-51.702,1.707
2012-05-04-17_59_59.711,51,3,12,0,-24.790,-51.771,1.707
2012-05-04-17_59_59.711,51,4,12,0,-33.718,-51.794,1.207
2012-05-04-17_59_59.712,51,4,12,0,-33.683,-51.704,1.207
2012-05-04-17_59_59.712,51,4,12,0,-33.786,-51.773,1.207
2012-05-04-17_59_59.713,51,5,12,0,-42.727,-51.790,1.407
2012-05-04-17_59_59.713,51,5,12,0,-42.681,-51.841,1.407
2012-05-04-17_59_59.714,51,5,12,0,-42.774,-51.808,1.407
2012-05-04-17_59_59.714,51,6,12,0,-51.764,-51.854,1.507
2012-05-04-17_59_59.715,51,6,12,0,-51.729,-51.765,1.507
2012-05-04-17_59_59.715,51,6,12,0,-51.832,-51.834,1.407
2012-05-04-17_59_59.716,51,7,12,0,-60.658,-51.790,2.207
2012-05-04-17_59_59.716,51,7,12,0,-60.726,-51.770,2.207
2012-05-04-17_59_59.717,51,7,12,0,-60.670,-51.719,2.207
2012-05-04-17_59_59.718,51,0,12,1,-2.197,-51.786,2.216
2012-05-04-17_59_59.718,51,0,12,1,-2.172,-51.689,2.116
2012-05-04-17_59_59.719,51,0,12,1,-2.262,-51.769,2.216
2012-05-04-17_59_59.719,51,1,12,1,-11.215,-51.793,1.916
2012-05-04-17_59_59.720,51,1,12,1,-11.346,-51.721,2.016
2012-05-04-17_59_59.720,51,1,12,1,-11.236,-51.706,1.916
2012-05-04-17_59_59.721,51,2,12,1,-20.162,-51.716,1.316
2012-05-04-17_59_59.721,51,2,12,1,-20.227,-51.699,1.316
2012-05-04-17_59_59.722,51,2,12,1,-20.235,-51.697,1.316
2012-05-04-17_59_59.722,51,3,12,1,-29.184,-51.799,1.416
2012-05-04-17_59_59.723,51,3,12,1,-29.159,-51.701,1.616
2012-05-04-17_59_59.723,51,3,12,1,-29.249,-51.781,1.616
2012-05-04-17_59_59.724,51,4,12,1,-38.180,-51.800,1.216
2012-05-04-17_59_59.724,51,4,12,1,-38.155,-51.703,1.116
2012-05-04-17_59_59.724,51,4,12,1,-38.246,-51.783,1.116
2012-05-04-17_59_59.725,51,5,12,1,-47.199,-51.789,1.316
2012-05-04-17_59_59.727,51,5,12,1,-47.279,-51.767,1.616
2012-05-04-17_59_59.727,51,5,12,1,-47.250,-51.792,1.316
2012-05-04-17_59_59.728,51,6,12,1,-56.226,-51.861,1.616
2012-05-04-17_59_59.728,51,6,12,1,-56.201,-51.764,1.516
2012-05-04-17_59_59.729,51,6,12,1,-56.291,-51.843,1.616
2012-05-04-17_59_59.729,51,7,12,1,-65.186,-51.779,2.216
2012-05-04-17_59_59.730,51,7,12,1,-65.193,-51.778,2.216
2012-05-04-17_59_59.730,51,7,12,1,-65.176,-51.678,11.716
2012-05-04-17_59_59.730,51,0,13,0,2.272,-56.278,2.327
2012-05-04-17_59_59.731,51,0,13,0,2.300,-56.190,2.327
2012-05-04-17_59_59.731,51,0,13,0,2.199,-56.254,2.227
2012-05-04-17_59_59.732,51,1,13,0,-6.753,-56.288,2.027
2012-05-04-17_59_59.732,51,1,13,0,-6.829,-56.269,2.027
2012-05-04-17_59_59.733,51,1,13,0,-6.772,-56.204,2.027
2012-05-04-17_59_59.733,51,2,13,0,-15.693,-56.208,1.327
2012-05-04-17_59_59.734,51,2,13,0,-15.766,-56.184,1.327
2012-05-04-17_59_59.734,51,2,13,0,-15.712,-56.139,1.327
2012-05-04-17_59_59.735,51,3,13,0,-24.715,-56.290,1.727
2012-05-04-17_59_59.735,51,3,13,0,-24.687,-56.202,1.727
2012-05-04-17_59_59.737,51,3,13,0,-24.788,-56.267,1.727
2012-05-04-17_59_59.737,51,4,13,0,-33.711,-56.292,1.227
2012-05-04-17_59_59.738,51,4,13,0,-33.684,-56.204,1.227
2012-05-04-17_59_59.739,51,4,13,0,-33.784,-56.268,1.227
2012-05-04-17_59_59.739,51,5,13,0,-42.727,-56.290,1.427
2012-05-04-17_59_59.740,51,5,13,0,-42.681,-56.337,1.427
2012-05-04-17_59_59.740,51,5,13,0,-42.774,-56.309,1.427
2012-05-04-17_59_59.741,51,6,13,0,-51.757,-56.353,1.527
2012-05-04-17_59_59.741,51,6,13,0,-51.729,-56.264,1.527
2012-05-04-17_59_59.742,51,6,13,0,-51.830,-56.329,1.527
2012-05-04-17_59_59.742,51,7,13,0,-60.651,-56.289,2.127
2012-05-04-17_59_59.743,51,7,13,0,-60.724,-56.265,2.127
2012-05-04-17_59_59.743,51,7,13,0,-60.670,-56.220,2.127
2012-05-04-17_59_59.744,51,0,13,1,-2.200,-56.289,2.239
2012-05-04-17_59_59.745,51,0,13,1,-2.174,-56.189,2.138
2012-05-04-17_59_59.745,51,0,13,1,-2.268,-56.265,2.238
2012-05-04-17_59_59.745,51,1,13,1,-11.213,-56.289,2.039
2012-05-04-17_59_59.746,51,1,13,1,-11.349,-56.221,1.938
2012-05-04-17_59_59.747,51,1,13,1,-11.234,-56.204,2.038
2012-05-04-17_59_59.747,51,2,13,1,-20.164,-56.219,1.339
2012-05-04-17_59_59.748,51,2,13,1,-20.233,-56.194,1.338
2012-05-04-17_59_59.748,51,2,13,1,-20.237,-56.194,1.338
2012-05-04-17_59_59.749,51,3,13,1,-29.186,-56.301,1.539
2012-05-04-17_59_59.749,51,3,13,1,-29.161,-56.202,1.638
2012-05-04-17_59_59.749,51,3,13,1,-29.255,-56.277,1.638
2012-05-04-17_59_59.750,51,4,13,1,-38.183,-56.303,1.139
2012-05-04-17_59_59.750,51,4,13,1,-38.158,-56.203,1.138
2012-05-04-17_59_59.751,51,4,13,1,-38.251,-56.279,1.138
2012-05-04-17_59_59.752,51,5,13,1,-47.202,-56.289,1.638
2012-05-04-17_59_59.752,51,5,13,1,-47.282,-56.265,1.638
2012-05-04-17_59_59.753,51,5,13,1,-47.253,-56.291,1.638
2012-05-04-17_59_59.753,51,6,13,1,-56.229,-56.363,1.539
2012-05-04-17_59_59.753,51,6,13,1,-56.203,-56.264,1.638
2012-05-04-17_59_59.754,51,6,13,1,-56.297,-56.339,1.538
2012-05-04-17_59_59.754,51,7,13,1,-65.191,-56.275,2.238
2012-05-04-17_59_59.755,51,7,13,1,-65.196,-56.275,2.238
2012-05-04-17_59_59.755,51,7,13,1,-65.178,-56.176,2.238
2012-05-04-17_59_59.756,51,0,14,0,2.272,-60.782,2.352
2012-05-04-17_59_59.756,51,0,14,0,2.297,-60.695,2.252
2012-05-04-17_59_59.757,51,0,14,0,2.199,-60.754,2.252
2012-05-04-17_59_59.757,51,1,14,0,-6.753,-60.789,2.052
2012-05-04-17_59_59.758,51,1,14,0,-6.831,-60.768,2.052
2012-05-04-17_59_59.758,51,1,14,0,-6.775,-60.711,2.052
2012-05-04-17_59_59.759,51,2,14,0,-15.693,-60.712,1.352
2012-05-04-17_59_59.760,51,2,14,0,-15.766,-60.684,1.352
2012-05-04-17_59_59.761,51,2,14,0,-15.712,-60.641,1.352
2012-05-04-17_59_59.761,51,3,14,0,-24.715,-60.794,1.752
2012-05-04-17_59_59.762,51,3,14,0,-24.690,-60.708,1.752
2012-05-04-17_59_59.762,51,3,14,0,-24.788,-60.766,1.752
2012-05-04-17_59_59.763,51,4,14,0,-33.712,-60.796,1.152
2012-05-04-17_59_59.763,51,4,14,0,-33.687,-60.709,1.052
2012-05-04-17_59_59.764,51,4,14,0,-33.785,-60.768,1.152
2012-05-04-17_59_59.764,51,5,14,0,-42.730,-60.795,1.552
2012-05-04-17_59_59.765,51,5,14,0,-42.684,-60.836,1.352
2012-05-04-17_59_59.765,51,5,14,0,-42.774,-60.811,1.652
2012-05-04-17_59_59.766,51,6,14,0,-51.757,-60.857,1.552
2012-05-04-17_59_59.766,51,6,14,0,-51.732,-60.770,1.552
2012-05-04-17_59_59.767,51,6,14,0,-51.830,-60.829,1.552
2012-05-04-17_59_59.767,51,7,14,0,-60.652,-60.793,2.152
2012-05-04-17_59_59.768,51,7,14,0,-60.725,-60.765,2.152
2012-05-04-17_59_59.768,51,7,14,0,-60.671,-60.722,2.152
2012-05-04-17_59_59.769,51,0,14,1,-2.200,-60.793,2.261
2012-05-04-17_59_59.769,51,0,14,1,-2.172,-60.696,2.161
2012-05-04-17_59_59.770,51,0,14,1,-2.271,-60.766,2.161
2012-05-04-17_59_59.770,51,1,14,1,-11.213,-60.790,1.961
2012-05-04-17_59_59.771,51,1,14,1,-11.347,-60.728,1.961
2012-05-04-17_59_59.771,51,1,14,1,-11.237,-60.710,1.961
2012-05-04-17_59_59.772,51,2,14,1,-20.165,-60.723,1.361
2012-05-04-17_59_59.772,51,2,14,1,-20.235,-60.696,1.361
2012-05-04-17_59_59.773,51,2,14,1,-20.243,-60.695,1.361
2012-05-04-17_59_59.773,51,3,14,1,-29.187,-60.805,1.361
2012-05-04-17_59_59.773,51,3,14,1,-29.159,-60.708,1.561
2012-05-04-17_59_59.774,51,3,14,1,-29.258,-60.779,1.461
2012-05-04-17_59_59.774,51,4,14,1,-38.184,-60.807,1.161
2012-05-04-17_59_59.775,51,4,14,1,-38.156,-60.710,1.161
2012-05-04-17_59_59.775,51,4,14,1,-38.254,-60.780,1.161
2012-05-04-17_59_59.776,51,5,14,1,-47.200,-60.796,1.661
2012-05-04-17_59_59.776,51,5,14,1,-47.285,-60.770,1.661
2012-05-04-17_59_59.777,51,5,14,1,-47.256,-60.798,1.661
2012-05-04-17_59_59.777,51,6,14,1,-56.229,-60.868,1.661
2012-05-04-17_59_59.778,51,6,14,1,-56.201,-60.771,1.661
2012-05-04-17_59_59.778,51,6,14,1,-56.300,-60.841,1.661
2012-05-04-17_59_59.778,51,7,14,1,-65.194,-60.777,2.261
2012-05-04-17_59_59.779,51,7,14,1,-65.202,-60.776,2.261
2012-05-04-17_59_59.779,51,7,14,1,-65.181,-60.681,2.361
2012-05-04-17_59_59.780,51,0,15,0,2.269,-65.283,2.270
2012-05-04-17_59_59.780,51,0,15,0,2.294,-65.196,2.270
2012-05-04-17_59_59.781,51,0,15,0,2.196,-65.256,2.270
2012-05-04-17_59_59.781,51,1,15,0,-6.751,-65.293,2.070
2012-05-04-17_59_59.782,51,1,15,0,-6.832,-65.267,2.070
2012-05-04-17_59_59.782,51,1,15,0,-6.773,-65.215,2.170
2012-05-04-17_59_59.783,51,2,15,0,-15.696,-65.213,1.370
2012-05-04-17_59_59.784,51,2,15,0,-15.769,-65.186,1.370
2012-05-04-17_59_59.784,51,2,15,0,-15.712,-65.139,1.370
2012-05-04-17_59_59.785,51,3,15,0,-24.718,-65.295,1.770
2012-05-04-17_59_59.785,51,3,15,0,-24.693,-65.208,1.770
2012-05-04-17_59_59.786,51,3,15,0,-24.791,-65.268,1.770
2012-05-04-17_59_59.786,51,4,15,0,-33.714,-65.297,1.070
2012-05-04-17_59_59.787,51,4,15,0,-33.689,-65.210,1.070
2012-05-04-17_59_59.787,51,4,15,0,-33.788,-65.270,1.170
2012-05-04-17_59_59.788,51,5,15,0,-42.733,-65.296,1.570
2012-05-04-17_59_59.789,51,5,15,0,-42.685,-65.335,1.370
2012-05-04-17_59_59.790,51,5,15,0,-42.775,-65.309,1.670
2012-05-04-17_59_59.790,51,6,15,0,-51.760,-65.357,1.570
2012-05-04-17_59_59.791,51,6,15,0,-51.735,-65.271,1.570
2012-05-04-17_59_59.791,51,6,15,0,-51.833,-65.330,1.570
2012-05-04-17_59_59.792,51,7,15,0,-60.655,-65.294,2.070
2012-05-04-17_59_59.793,51,7,15,0,-60.728,-65.266,2.170
2012-05-04-17_59_59.794,51,7,15,0,-60.671,-65.220,2.170
2012-05-04-17_59_59.794,51,0,15,1,-2.200,-65.291,2.179
2012-05-04-17_59_59.795,51,0,15,1,-2.170,-65.196,2.279
2012-05-04-17_59_59.795,51,0,15,1,-2.271,-65.269,2.279
2012-05-04-17_59_59.796,51,1,15,1,-11.211,-65.293,2.079
2012-05-04-17_59_59.797,51,1,15,1,-11.345,-65.227,2.079
2012-05-04-17_59_59.797,51,1,15,1,-11.232,-65.214,2.079
2012-05-04-17_59_59.798,51,2,15,1,-20.165,-65.221,1.379
2012-05-04-17_59_59.798,51,2,15,1,-20.236,-65.199,1.479
2012-05-04-17_59_59.799,51,2,15,1,-20.243,-65.198,1.479
2012-05-04-17_59_59.799,51,3,15,1,-29.187,-65.303,1.479
2012-05-04-17_59_59.800,51,3,15,1,-29.157,-65.208,1.579
2012-05-04-17_59_59.800,51,3,15,1,-29.258,-65.281,1.479
2012-05-04-17_59_59.801,51,4,15,1,-38.184,-65.305,1.179
2012-05-04-17_59_59.801,51,4,15,1,-38.154,-65.210,1.179
2012-05-04-17_59_59.802,51,4,15,1,-38.255,-65.283,1.179
2012-05-04-17_59_59.802,51,5,15,1,-47.198,-65.295,1.479
2012-05-04-17_59_59.803,51,5,15,1,-47.285,-65.273,1.479
2012-05-04-17_59_59.803,51,5,15,1,-47.256,-65.298,1.379
2012-05-04-17_59_59.804,51,6,15,1,-56.229,-65.366,1.679
2012-05-04-17_59_59.804,51,6,15,1,-56.199,-65.270,1.679
2012-05-04-17_59_59.805,51,6,15,1,-56.300,-65.344,1.579
2012-05-04-17_59_59.805,51,7,15,1,-65.195,-65.280,2.179
2012-05-04-17_59_59.806,51,7,15,1,-65.202,-65.279,10.179
2012-05-04-17_59_59.806,51,7,15,1,-65.182,-65.184,2.179
2012-05-04-17_59_59.806,51,0,16,0,2.266,-69.783,2.291
2012-05-04-17_59_59.807,51,0,16,0,2.294,-69.689,2.291
2012-05-04-17_59_59.807,51,0,16,0,2.196,-69.758,2.291
2012-05-04-17_59_59.808,51,1,16,0,-6.749,-69.795,2.091
2012-05-04-17_59_59.808,51,1,16,0,-6.832,-69.768,2.091
2012-05-04-17_59_59.809,51,1,16,0,-6.771,-69.708,2.191
2012-05-04-17_59_59.809,51,2,16,0,-15.699,-69.713,1.391
2012-05-04-17_59_59.810,51,2,16,0,-15.769,-69.688,1.391
2012-05-04-17_59_59.810,51,2,16,0,-15.747,-69.698,1.391
2012-05-04-17_59_59.811,51,3,16,0,-24.721,-69.795,1.791
2012-05-04-17_59_59.811,51,3,16,0,-24.693,-69.701,1.791
2012-05-04-17_59_59.812,51,3,16,0,-24.791,-69.771,1.791
2012-05-04-17_59_59.812,51,4,16,0,-33.717,-69.797,1.091
2012-05-04-17_59_59.812,51,4,16,0,-33.690,-69.703,1.091
2012-05-04-17_59_59.813,51,4,16,0,-33.788,-69.772,1.091
2012-05-04-17_59_59.813,51,5,16,0,-42.734,-69.789,1.491
2012-05-04-17_59_59.814,51,5,16,0,-42.685,-69.836,1.491
2012-05-04-17_59_59.814,51,5,16,0,-42.780,-69.803,1.691
2012-05-04-17_59_59.815,51,6,16,0,-51.763,-69.858,1.491
2012-05-04-17_59_59.815,51,6,16,0,-51.735,-69.764,1.591
2012-05-04-17_59_59.816,51,6,16,0,-51.833,-69.833,1.491
2012-05-04-17_59_59.816,51,7,16,0,-60.657,-69.794,2.191
2012-05-04-17_59_59.817,51,7,16,0,-60.728,-69.769,2.191
2012-05-04-17_59_59.817,51,7,16,0,-60.676,-69.714,2.191
2012-05-04-17_59_59.818,51,0,16,1,-2.198,-69.788,2.203
2012-05-04-17_59_59.818,51,0,16,1,-2.171,-69.688,2.203
2012-05-04-17_59_59.819,51,0,16,1,-2.274,-69.771,2.203
2012-05-04-17_59_59.819,51,1,16,1,-11.211,-69.794,2.103
2012-05-04-17_59_59.820,51,1,16,1,-11.345,-69.720,2.103
2012-05-04-17_59_59.820,51,1,16,1,-11.233,-69.708,2.102
2012-05-04-17_59_59.821,51,2,16,1,-20.163,-69.718,1.403
2012-05-04-17_59_59.821,51,2,16,1,-20.239,-69.701,1.403
2012-05-04-17_59_59.822,51,2,16,1,-20.246,-69.699,1.403
2012-05-04-17_59_59.822,51,3,16,1,-29.185,-69.800,1.503
2012-05-04-17_59_59.823,51,3,16,1,-29.158,-69.700,1.503
2012-05-04-17_59_59.823,51,3,16,1,-29.261,-69.783,1.503
2012-05-04-17_59_59.824,51,4,16,1,-38.182,-69.802,1.203
2012-05-04-17_59_59.825,51,4,16,1,-38.154,-69.702,1.103
2012-05-04-17_59_59.826,51,4,16,1,-38.257,-69.785,1.203
2012-05-04-17_59_59.826,51,5,16,1,-47.198,-69.788,1.503
2012-05-04-17_59_59.827,51,5,16,1,-47.288,-69.769,1.502
2012-05-04-17_59_59.827,51,5,16,1,-47.257,-69.792,1.502
2012-05-04-17_59_59.828,51,6,16,1,-56.227,-69.863,1.603
2012-05-04-17_59_59.828,51,6,16,1,-56.200,-69.763,1.603
2012-05-04-17_59_59.829,51,6,16,1,-56.303,-69.846,1.603
2012-05-04-17_59_59.829,51,7,16,1,-65.198,-69.782,2.203
2012-05-04-17_59_59.830,51,7,16,1,-65.205,-69.780,2.203
2012-05-04-17_59_59.830,51,7,16,1,-65.185,-69.680,2.202
2012-05-04-17_59_59.831,51,0,17,0,2.258,-74.279,2.315
2012-05-04-17_59_59.831,51,0,17,0,2.293,-74.190,2.215
2012-05-04-17_59_59.832,51,0,17,0,2.193,-74.258,2.315
2012-05-04-17_59_59.832,51,1,17,0,-6.747,-74.293,2.115
2012-05-04-17_59_59.833,51,1,17,0,-6.830,-74.272,2.115
2012-05-04-17_59_59.833,51,1,17,0,-6.771,-74.206,2.115
2012-05-04-17_59_59.834,51,2,17,0,-15.706,-74.209,1.415
2012-05-04-17_59_59.834,51,2,17,0,-15.772,-74.188,1.415
2012-05-04-17_59_59.835,51,2,17,0,-15.718,-74.137,1.415
2012-05-04-17_59_59.835,51,3,17,0,-24.729,-74.292,1.815
2012-05-04-17_59_59.836,51,3,17,0,-24.694,-74.202,1.815
2012-05-04-17_59_59.836,51,3,17,0,-24.794,-74.270,1.815
2012-05-04-17_59_59.837,51,4,17,0,-33.725,-74.293,1.215
2012-05-04-17_59_59.837,51,4,17,0,-33.690,-74.204,1.215
2012-05-04-17_59_59.838,51,4,17,0,-33.791,-74.272,1.215
2012-05-04-17_59_59.838,51,5,17,0,-42.734,-74.290,1.715
2012-05-04-17_59_59.839,51,5,17,0,-42.683,-74.340,1.415
2012-05-04-17_59_59.839,51,5,17,0,-42.781,-74.307,1.715
2012-05-04-17_59_59.840,51,6,17,0,-51.771,-74.354,1.515
2012-05-04-17_59_59.840,51,6,17,0,-51.736,-74.264,1.515
2012-05-04-17_59_59.841,51,6,17,0,-51.836,-74.333,1.515
2012-05-04-17_59_59.842,51,7,17,0,-60.665,-74.290,2.215
2012-05-04-17_59_59.843,51,7,17,0,-60.731,-74.269,2.215
2012-05-04-17_59_59.843,51,7,17,0,-60.677,-74.218,2.215
2012-05-04-17_59_59.844,51,0,17,1,-2.196,-74.286,2.224
2012-05-04-17_59_59.844,51,0,17,1,-2.169,-74.188,2.224
2012-05-04-17_59_59.845,51,0,17,1,-2.269,-74.269,2.224
2012-05-04-17_59_59.845,51,1,17,1,-11.214,-74.292,2.124
2012-05-04-17_59_59.846,51,1,17,1,-11.343,-74.220,2.124
2012-05-04-17_59_59.846,51,1,17,1,-11.236,-74.206,2.124
2012-05-04-17_59_59.847,51,2,17,1,-20.161,-74.216,1.424
2012-05-04-17_59_59.847,51,2,17,1,-20.234,-74.199,1.424
2012-05-04-17_59_59.847,51,2,17,1,-20.244,-74.196,1.424
2012-05-04-17_59_59.848,51,3,17,1,-29.183,-74.298,1.524
2012-05-04-17_59_59.849,51,3,17,1,-29.156,-74.200,1.524
2012-05-04-17_59_59.868,51,3,17,1,-29.256,-74.281,1.624
2012-05-04-17_59_59.868,51,4,17,1,-38.180,-74.300,1.224
2012-05-04-17_59_59.869,51,4,17,1,-38.152,-74.202,1.224
2012-05-04-17_59_59.869,51,4,17,1,-38.253,-74.283,1.224
2012-05-04-17_59_59.870,51,5,17,1,-47.196,-74.288,1.724
2012-05-04-17_59_59.870,51,5,17,1,-47.286,-74.267,1.724
2012-05-04-17_59_59.871,51,5,17,1,-47.252,-74.292,1.724
2012-05-04-17_59_59.871,51,6,17,1,-56.225,-74.361,1.724
2012-05-04-17_59_59.872,51,6,17,1,-56.198,-74.263,1.724
2012-05-04-17_59_59.872,51,6,17,1,-56.298,-74.343,1.624
2012-05-04-17_59_59.873,51,7,17,1,-65.193,-74.279,2.224
2012-05-04-17_59_59.873,51,7,17,1,-65.203,-74.277,2.324
2012-05-04-17_59_59.874,51,7,17,1,-65.183,-74.178,2.324
2012-05-04-17_59_59.874,51,0,18,0,2.268,-78.778,2.133
2012-05-04-17_59_59.875,51,0,18,0,2.293,-78.689,2.133
2012-05-04-17_59_59.875,51,0,18,0,2.187,-78.755,2.133
2012-05-04-17_59_59.876,51,1,18,0,-6.748,-78.788,2.033
2012-05-04-17_59_59.877,51,1,18,0,-6.828,-78.769,2.033
2012-05-04-17_59_59.878,51,1,18,0,-6.769,-78.704,2.033
2012-05-04-17_59_59.878,51,2,18,0,-15.697,-78.708,1.433
2012-05-04-17_59_59.879,51,2,18,0,-15.777,-78.685,1.433
2012-05-04-17_59_59.879,51,2,18,0,-15.719,-78.638,1.433
2012-05-04-17_59_59.880,51,3,18,0,-24.719,-78.790,1.833
2012-05-04-17_59_59.880,51,3,18,0,-24.694,-78.701,1.833
2012-05-04-17_59_59.881,51,3,18,0,-24.800,-78.767,1.833
2012-05-04-17_59_59.881,51,4,18,0,-33.716,-78.792,1.233
2012-05-04-17_59_59.882,51,4,18,0,-33.691,-78.703,1.233
2012-05-04-17_59_59.882,51,4,18,0,-33.796,-78.769,1.233
2012-05-04-17_59_59.883,51,5,18,0,-42.734,-78.789,1.933
2012-05-04-17_59_59.883,51,5,18,0,-42.681,-78.837,1.633
2012-05-04-17_59_59.884,51,5,18,0,-42.781,-78.808,1.833
2012-05-04-17_59_59.884,51,6,18,0,-51.761,-78.853,1.733
2012-05-04-17_59_59.885,51,6,18,0,-51.736,-78.764,1.733
2012-05-04-17_59_59.885,51,6,18,0,-51.683,-78.812,1.733
2012-05-04-17_59_59.886,51,7,18,0,-60.656,-78.789,2.433
2012-05-04-17_59_59.886,51,7,18,0,-60.736,-78.766,2.433
2012-05-04-17_59_59.887,51,7,18,0,-60.677,-78.719,2.433
2012-05-04-17_59_59.887,51,0,18,1,-2.197,-78.787,2.142
2012-05-04-17_59_59.888,51,0,18,1,-2.169,-78.688,2.142
2012-05-04-17_59_59.888,51,0,18,1,-2.270,-78.766,2.141
2012-05-04-17_59_59.888,51,1,18,1,-11.212,-78.788,2.042
2012-05-04-17_59_59.889,51,1,18,1,-11.344,-78.720,2.042
2012-05-04-17_59_59.889,51,1,18,1,-11.236,-78.703,2.041
2012-05-04-17_59_59.890,51,2,18,1,-20.162,-78.717,1.542
2012-05-04-17_59_59.890,51,2,18,1,-20.235,-78.696,1.541
2012-05-04-17_59_59.891,51,2,18,1,-20.244,-78.693,1.541
2012-05-04-17_59_59.891,51,3,18,1,-29.184,-78.800,1.542
2012-05-04-17_59_59.892,51,3,18,1,-29.156,-78.700,1.842
2012-05-04-17_59_59.892,51,3,18,1,-29.257,-78.778,1.741
2012-05-04-17_59_59.893,51,4,18,1,-38.180,-78.801,1.342
2012-05-04-17_59_59.893,51,4,18,1,-38.153,-78.702,1.342
2012-05-04-17_59_59.894,51,4,18,1,-38.253,-78.780,1.241
2012-05-04-17_59_59.894,51,5,18,1,-47.196,-78.788,1.742
2012-05-04-17_59_59.895,51,5,18,1,-47.284,-78.764,1.941
2012-05-04-17_59_59.895,51,5,18,1,-47.253,-78.793,1.841
2012-05-04-17_59_59.896,51,6,18,1,-56.226,-78.862,1.742
2012-05-04-17_59_59.896,51,6,18,1,-56.198,-78.763,1.742
2012-05-04-17_59_59.897,51,6,18,1,-56.299,-78.840,1.741
2012-05-04-17_59_59.897,51,7,18,1,-65.193,-78.777,3.641
2012-05-04-17_59_59.898,51,7,18,1,-65.203,-78.774,2.441
2012-05-04-17_59_59.898,51,7,18,1,-65.181,-78.675,2.441
2012-05-04-17_59_59.898,51,0,19,0,2.267,-83.281,2.153
2012-05-04-17_59_59.899,51,0,19,0,2.295,-83.195,2.153
2012-05-04-17_59_59.899,51,0,19,0,2.189,-83.254,2.153
2012-05-04-17_59_59.900,51,1,19,0,-6.748,-83.289,2.053
2012-05-04-17_59_59.900,51,1,19,0,-6.829,-83.268,2.053
2012-05-04-17_59_59.901,51,1,19,0,-6.767,-83.210,2.053
2012-05-04-17_59_59.901,51,2,19,0,-15.698,-83.211,1.453
2012-05-04-17_59_59.902,51,2,19,0,-15.775,-83.184,1.453
2012-05-04-17_59_59.902,51,2,19,0,-15.719,-83.141,1.453
2012-05-04-17_59_59.903,51,3,19,0,-24.720,-83.294,1.853
2012-05-04-17_59_59.903,51,3,19,0,-24.692,-83.207,1.853
2012-05-04-17_59_59.904,51,3,19,0,-24.798,-83.266,1.853
2012-05-04-17_59_59.904,51,4,19,0,-33.716,-83.295,1.253
2012-05-04-17_59_59.905,51,4,19,0,-33.689,-83.209,1.253
2012-05-04-17_59_59.905,51,4,19,0,-33.794,-83.268,1.253
2012-05-04-17_59_59.906,51,5,19,0,-42.732,-83.295,1.853
2012-05-04-17_59_59.906,51,5,19,0,-42.681,-83.336,1.653
2012-05-04-17_59_59.907,51,5,19,0,-42.781,-83.311,1.853
2012-05-04-17_59_59.908,51,6,19,0,-51.762,-83.356,1.653
2012-05-04-17_59_59.909,51,6,19,0,-51.734,-83.270,1.753
2012-05-04-17_59_59.909,51,6,19,0,-51.840,-83.328,1.653
2012-05-04-17_59_59.910,51,7,19,0,-60.656,-83.292,2.453
2012-05-04-17_59_59.910,51,7,19,0,-60.734,-83.264,2.453
2012-05-04-17_59_59.910,51,7,19,0,-60.678,-83.222,2.453
2012-05-04-17_59_59.911,51,0,19,1,-2.195,-83.293,2.165
2012-05-04-17_59_59.911,51,0,19,1,-2.167,-83.195,2.165
2012-05-04-17_59_59.913,51,0,19,1,-2.270,-83.266,2.165
2012-05-04-17_59_59.913,51,1,19,1,-11.213,-83.290,1.965
2012-05-04-17_59_59.914,51,1,19,1,-11.342,-83.227,1.965
2012-05-04-17_59_59.914,51,1,19,1,-11.237,-83.210,1.965
2012-05-04-17_59_59.915,51,2,19,1,-20.160,-83.223,1.465
2012-05-04-17_59_59.915,51,2,19,1,-20.235,-83.196,1.565
2012-05-04-17_59_59.916,51,2,19,1,-20.245,-83.195,1.565
2012-05-04-17_59_59.916,51,3,19,1,-29.182,-83.305,1.665
2012-05-04-17_59_59.917,51,3,19,1,-29.154,-83.207,1.865
2012-05-04-17_59_59.917,51,3,19,1,-29.257,-83.279,1.865
2012-05-04-17_59_59.918,51,4,19,1,-38.178,-83.307,1.365
2012-05-04-17_59_59.918,51,4,19,1,-38.151,-83.209,1.265
2012-05-04-17_59_59.919,51,4,19,1,-38.254,-83.280,1.265
2012-05-04-17_59_59.919,51,5,19,1,-47.194,-83.295,1.765
2012-05-04-17_59_59.920,51,5,19,1,-47.285,-83.269,1.865
2012-05-04-17_59_59.920,51,5,19,1,-47.253,-83.299,1.765
2012-05-04-17_59_59.921,51,6,19,1,-56.196,-83.270,1.765
2012-05-04-17_59_59.921,51,6,19,1,-56.299,-83.341,1.665
2012-05-04-17_59_59.922,51,6,19,1,-56.309,-83.340,1.665
2012-05-04-17_59_59.922,51,7,19,1,-65.194,-83.277,2.465
2012-05-04-17_59_59.923,51,7,19,1,-65.204,-83.276,2.465
2012-05-04-17_59_59.923,51,7,19,1,-65.181,-83.180,2.465
2012-05-04-17_59_59.924,51,0,20,0,2.267,-87.783,7.878
2012-05-04-17_59_59.924,51,0,20,0,2.299,-87.696,2.078
2012-05-04-17_59_59.925,51,0,20,0,2.189,-87.755,2.178
2012-05-04-17_59_59.925,51,1,20,0,-6.749,-87.793,1.978
2012-05-04-17_59_59.926,51,1,20,0,-6.827,-87.767,1.978
2012-05-04-17_59_59.926,51,1,20,0,-6.768,-87.715,1.978
2012-05-04-17_59_59.927,51,2,20,0,-15.698,-87.713,9.778
2012-05-04-17_59_59.927,51,2,20,0,-15.776,-87.685,1.478
2012-05-04-17_59_59.928,51,2,20,0,-15.715,-87.639,1.578
2012-05-04-17_59_59.928,51,3,20,0,-24.720,-87.795,8.678
2012-05-04-17_59_59.929,51,3,20,0,-24.688,-87.708,1.878
2012-05-04-17_59_59.929,51,3,20,0,-24.798,-87.767,1.878
2012-05-04-17_59_59.929,51,4,20,0,-33.717,-87.797,8.178
2012-05-04-17_59_59.930,51,4,20,0,-33.684,-87.710,1.278
2012-05-04-17_59_59.930,51,4,20,0,-33.795,-87.769,1.178
2012-05-04-17_59_59.931,51,5,20,0,-42.728,-87.796,1.878
2012-05-04-17_59_59.931,51,5,20,0,-42.679,-87.835,1.678
2012-05-04-17_59_59.932,51,5,20,0,-42.777,-87.809,1.878
2012-05-04-17_59_59.932,51,6,20,0,-51.762,-87.857,7.178
2012-05-04-17_59_59.933,51,6,20,0,-51.730,-87.771,1.678
2012-05-04-17_59_59.933,51,6,20,0,-51.840,-87.829,1.678
2012-05-04-17_59_59.934,51,7,20,0,-60.657,-87.794,13.478
2012-05-04-17_59_59.934,51,7,20,0,-60.735,-87.766,2.378
2012-05-04-17_59_59.934,51,7,20,0,-60.673,-87.720,2.378
2012-05-04-17_59_59.935,51,0,20,1,-2.193,-87.792,6.287
2012-05-04-17_59_59.936,51,0,20,1,-2.276,-87.772,2.187
2012-05-04-17_59_59.936,51,0,20,1,-2.217,-87.710,2.087
2012-05-04-17_59_59.937,51,2,20,1,-20.158,-87.722,8.387
2012-05-04-17_59_59.937,51,2,20,1,-20.241,-87.702,1.587
2012-05-04-17_59_59.938,51,3,20,1,-29.180,-87.804,8.687
2012-05-04-17_59_59.938,51,3,20,1,-29.263,-87.784,1.787
2012-05-04-17_59_59.938,51,3,20,1,-29.204,-87.722,1.887
2012-05-04-17_59_59.939,51,4,20,1,-38.176,-87.806,6.787
2012-05-04-17_59_59.939,51,4,20,1,-38.259,-87.786,1.287
2012-05-04-17_59_59.941,51,4,20,1,-38.200,-87.724,1.387
2012-05-04-17_59_59.941,51,5,20,1,-47.244,-87.809,1.987
2012-05-04-17_59_59.942,51,6,20,1,-56.222,-87.866,5.787
2012-05-04-17_59_59.942,51,6,20,1,-56.305,-87.846,1.687
2012-05-04-17_59_59.943,51,6,20,1,-56.148,-87.811,1.787
2012-05-04-17_59_59.943,51,7,20,1,-65.199,-87.783,2.287
2012-05-04-17_59_59.944,51,7,20,1,-65.140,-87.720,2.287
2012-05-04-17_59_59.944,51,0,21,0,2.269,-92.282,2.096
2012-05-04-17_59_59.945,51,0,21,0,2.296,-92.190,2.096
2012-05-04-17_59_59.945,51,0,21,0,2.189,-92.258,2.096
2012-05-04-17_59_59.946,51,1,21,0,-6.749,-92.295,1.996
2012-05-04-17_59_59.946,51,1,21,0,-6.827,-92.268,2.096
2012-05-04-17_59_59.946,51,1,21,0,-6.768,-92.209,1.996
2012-05-04-17_59_59.947,51,2,21,0,-15.696,-92.212,1.396
2012-05-04-17_59_59.947,51,2,21,0,-15.776,-92.188,1.396
2012-05-04-17_59_59.948,51,2,21,0,-15.752,-92.197,1.396
2012-05-04-17_59_59.948,51,3,21,0,-24.718,-92.294,1.896
2012-05-04-17_59_59.949,51,3,21,0,-24.691,-92.202,1.896
2012-05-04-17_59_59.949,51,3,21,0,-24.798,-92.270,1.896
2012-05-04-17_59_59.950,51,4,21,0,-33.715,-92.296,1.296
2012-05-04-17_59_59.950,51,4,21,0,-33.687,-92.204,1.196
2012-05-04-17_59_59.951,51,4,21,0,-33.795,-92.272,1.196
2012-05-04-17_59_59.951,51,5,21,0,-42.731,-92.290,1.896
2012-05-04-17_59_59.952,51,5,21,0,-42.680,-92.336,1.696
2012-05-04-17_59_59.952,51,5,21,0,-42.777,-92.304,1.896
2012-05-04-17_59_59.953,51,6,21,0,-51.760,-92.357,1.596
2012-05-04-17_59_59.953,51,6,21,0,-51.733,-92.265,1.596
2012-05-04-17_59_59.954,51,6,21,0,-51.682,-92.311,1.596
2012-05-04-17_59_59.954,51,7,21,0,-60.655,-92.293,2.396
2012-05-04-17_59_59.955,51,7,21,0,-60.735,-92.269,2.396
2012-05-04-17_59_59.955,51,7,21,0,-60.674,-92.215,2.396
2012-05-04-17_59_59.956,51,0,21,1,-2.193,-92.289,2.105
2012-05-04-17_59_59.956,51,0,21,1,-2.168,-92.190,2.105
2012-05-04-17_59_59.956,51,0,21,1,-2.266,-92.270,2.105
2012-05-04-17_59_59.957,51,1,21,1,-11.214,-92.296,2.205
2012-05-04-17_59_59.957,51,1,21,1,-11.342,-92.222,2.105
2012-05-04-17_59_59.958,51,1,21,1,-11.235,-92.209,2.104
2012-05-04-17_59_59.958,51,2,21,1,-20.158,-92.219,1.505
2012-05-04-17_59_59.959,51,2,21,1,-20.231,-92.200,1.505
2012-05-04-17_59_59.959,51,2,21,1,-20.241,-92.199,1.505
2012-05-04-17_59_59.960,51,3,21,1,-29.180,-92.301,1.605
2012-05-04-17_59_59.960,51,3,21,1,-29.155,-92.202,1.705
2012-05-04-17_59_59.961,51,3,21,1,-29.253,-92.282,1.605
2012-05-04-17_59_59.961,51,4,21,1,-38.177,-92.303,1.305
2012-05-04-17_59_59.962,51,4,21,1,-38.152,-92.204,1.305
2012-05-04-17_59_59.963,51,4,21,1,-38.250,-92.284,1.305
2012-05-04-17_59_59.964,51,5,21,1,-47.195,-92.290,1.805
2012-05-04-17_59_59.964,51,5,21,1,-47.281,-92.270,1.804
2012-05-04-17_59_59.965,51,5,21,1,-47.251,-92.292,1.704
2012-05-04-17_59_59.965,51,6,21,1,-56.222,-92.364,1.705
2012-05-04-17_59_59.966,51,6,21,1,-56.197,-92.264,1.605
2012-05-04-17_59_59.966,51,6,21,1,-56.295,-92.345,1.605
2012-05-04-17_59_59.967,51,7,21,1,-65.190,-92.281,2.205
2012-05-04-17_59_59.967,51,7,21,1,-65.200,-92.280,2.205
2012-05-04-17_59_59.968,51,7,21,1,-65.177,-92.180,2.204
2012-05-04-17_59_59.968,51,0,22,0,2.259,-96.779,2.216
2012-05-04-17_59_59.969,51,0,22,0,2.296,-96.691,2.116
2012-05-04-17_59_59.969,51,0,22,0,2.188,-96.758,2.116
2012-05-04-17_59_59.970,51,1,22,0,-6.752,-96.794,2.016
2012-05-04-17_59_59.970,51,1,22,0,-6.828,-96.774,2.016
2012-05-04-17_59_59.971,51,1,22,0,-6.773,-96.707,2.016
2012-05-04-17_59_59.971,51,2,22,0,-15.706,-96.709,1.416
2012-05-04-17_59_59.972,51,2,22,0,-15.777,-96.688,1.416
2012-05-04-17_59_59.973,51,2,22,0,-15.715,-96.639,1.416
2012-05-04-17_59_59.974,51,3,22,0,-24.728,-96.792,1.816
2012-05-04-17_59_59.974,51,3,22,0,-24.691,-96.703,1.916
2012-05-04-17_59_59.975,51,3,22,0,-24.799,-96.770,1.916
2012-05-04-17_59_59.975,51,4,22,0,-33.725,-96.793,1.216
2012-05-04-17_59_59.976,51,4,22,0,-33.687,-96.705,1.116
2012-05-04-17_59_59.976,51,4,22,0,-33.795,-96.772,1.216
2012-05-04-17_59_59.977,51,5,22,0,-42.731,-96.790,1.916
2012-05-04-17_59_59.977,51,5,22,0,-42.680,-96.842,1.716
2012-05-04-17_59_59.978,51,5,22,0,-42.778,-96.809,1.916
2012-05-04-17_59_59.978,51,6,22,0,-51.770,-96.854,1.616
2012-05-04-17_59_59.979,51,6,22,0,-51.733,-96.765,1.616
2012-05-04-17_59_59.979,51,6,22,0,-51.682,-96.817,1.616
2012-05-04-17_59_59.980,51,7,22,0,-60.665,-96.790,2.316
2012-05-04-17_59_59.980,51,7,22,0,-60.735,-96.769,2.416
2012-05-04-17_59_59.980,51,7,22,0,-60.674,-96.720,2.416
2012-05-04-17_59_59.981,51,0,22,1,-2.191,-96.786,2.125
2012-05-04-17_59_59.981,51,0,22,1,-2.168,-96.690,2.125
2012-05-04-17_59_59.982,51,0,22,1,-2.264,-96.768,2.225
2012-05-04-17_59_59.982,51,1,22,1,-11.214,-96.793,2.125
2012-05-04-17_59_59.983,51,1,22,1,-11.343,-96.722,2.125
2012-05-04-17_59_59.983,51,1,22,1,-11.235,-96.707,2.025
2012-05-04-17_59_59.984,51,2,22,1,-20.156,-96.716,1.525
2012-05-04-17_59_59.984,51,2,22,1,-20.229,-96.698,1.525
2012-05-04-17_59_59.985,51,2,22,1,-20.236,-96.697,1.525
2012-05-04-17_59_59.985,51,3,22,1,-29.178,-96.799,1.625
2012-05-04-17_59_59.986,51,3,22,1,-29.155,-96.702,1.625
2012-05-04-17_59_59.986,51,3,22,1,-29.251,-96.780,1.625
2012-05-04-17_59_59.987,51,4,22,1,-38.175,-96.800,1.325
2012-05-04-17_59_59.987,51,4,22,1,-38.152,-96.704,1.225
2012-05-04-17_59_59.988,51,4,22,1,-38.248,-96.782,1.225
2012-05-04-17_59_59.988,51,5,22,1,-47.196,-96.790,1.725
2012-05-04-17_59_59.989,51,5,22,1,-47.281,-96.768,1.725
2012-05-04-17_59_59.989,51,5,22,1,-47.252,-96.791,1.725
2012-05-04-17_59_59.990,51,6,22,1,-56.220,-96.861,1.625
2012-05-04-17_59_59.990,51,6,22,1,-56.197,-96.765,1.625
2012-05-04-17_59_59.991,51,6,22,1,-56.293,-96.843,1.625
2012-05-04-17_59_59.991,51,7,22,1,-65.188,-96.779,2.225
2012-05-04-17_59_59.992,51,7,22,1,-65.195,-96.778,2.225
2012-05-04-17_59_59.992,51,7,22,1,-65.177,-96.678,2.225
2012-05-04-17_59_59.993,51,0,23,0,2.273,-101.278,2.140
2012-05-04-17_59_59.993,51,0,23,0,2.298,-101.190,2.140
2012-05-04-17_59_59.994,51,0,23,0,2.190,-101.255,2.140
2012-05-04-17_59_59.994,51,1,23,0,-6.755,-101.289,2.040
2012-05-04-17_59_59.995,51,1,23,0,-6.828,-101.269,2.040
2012-05-04-17_59_59.995,51,1,23,0,-6.774,-101.204,2.040
2012-05-04-17_59_59.996,51,2,23,0,-15.692,-101.208,1.340
2012-05-04-17_59_59.996,51,2,23,0,-15.775,-101.185,1.340
2012-05-04-17_59_59.997,51,2,23,0,-15.713,-101.139,1.340
2012-05-04-17_59_59.997,51,3,23,0,-24.714,-101.290,1.840
2012-05-04-17_59_59.997,51,3,23,0,-24.689,-101.202,1.840
2012-05-04-17_59_59.998,51,3,23,0,-24.797,-101.267,1.840
2012-05-04-17_59_59.998,51,4,23,0,-33.711,-101.292,1.240
2012-05-04-17_59_59.999,51,4,23,0,-33.685,-101.204,1.240
2012-05-04-17_59_59.999,51,4,23,0,-33.793,-101.269,1.140
2012-05-04-18_00_00.000,51,5,23,0,-42.729,-101.290,1.840
2012-05-04-18_00_00.000,51,5,23,0,-42.681,-101.338,1.640
2012-05-04-18_00_00.001,51,5,23,0,-42.776,-101.309,1.840
2012-05-04-18_00_00.001,51,6,23,0,-51.756,-101.353,1.540
2012-05-04-18_00_00.002,51,6,23,0,-51.731,-101.264,1.540
2012-05-04-18_00_00.002,51,6,23,0,-51.839,-101.329,1.540
2012-05-04-18_00_00.003,51,7,23,0,-60.651,-101.289,2.240
2012-05-04-18_00_00.003,51,7,23,0,-60.733,-101.266,2.340
2012-05-04-18_00_00.005,51,7,23,0,-60.672,-101.220,2.340
2012-05-04-18_00_00.005,51,0,23,1,-2.182,-101.276,2.140
2012-05-04-18_00_00.006,51,0,23,1,-2.164,-101.189,2.140
2012-05-04-18_00_00.006,51,0,23,1,-2.262,-101.265,2.140
2012-05-04-18_00_00.007,51,1,23,1,-11.210,-101.288,2.040
2012-05-04-18_00_00.007,51,1,23,1,-11.338,-101.221,2.040
2012-05-04-18_00_00.008,51,1,23,1,-11.236,-101.204,2.040
2012-05-04-18_00_00.008,51,2,23,1,-20.147,-101.206,1.440
2012-05-04-18_00_00.009,51,2,23,1,-20.227,-101.195,1.440
2012-05-04-18_00_00.009,51,2,23,1,-20.234,-101.194,1.440
2012-05-04-18_00_00.010,51,3,23,1,-29.169,-101.288,1.640
2012-05-04-18_00_00.010,51,3,23,1,-29.151,-101.202,1.640
2012-05-04-18_00_00.011,51,3,23,1,-29.249,-101.277,1.540
2012-05-04-18_00_00.011,51,4,23,1,-38.165,-101.290,1.240
2012-05-04-18_00_00.012,51,4,23,1,-38.148,-101.203,1.240
2012-05-04-18_00_00.012,51,4,23,1,-38.246,-101.279,1.240
2012-05-04-18_00_00.013,51,5,23,1,-47.191,-101.289,1.740
2012-05-04-18_00_00.013,51,5,23,1,-47.277,-101.265,1.740
2012-05-04-18_00_00.014,51,5,23,1,-47.247,-101.293,1.740
2012-05-04-18_00_00.014,51,6,23,1,-56.211,-101.351,1.640
2012-05-04-18_00_00.016,51,6,23,1,-56.193,-101.264,1.640
2012-05-04-18_00_00.016,51,6,23,1,-56.291,-101.339,1.640
2012-05-04-18_00_00.017,51,7,23,1,-65.186,-101.276,2.140
2012-05-04-18_00_00.017,51,7,23,1,-65.193,-101.275,2.240
2012-05-04-18_00_00.018,51,7,23,1,-65.173,-101.176,2.240
