2012-05-05-23_30_28.073,360,0,0,0,2.259,2.220,3.497
2012-05-05-23_30_28.074,360,1,0,0,-6.747,2.205,2.896
2012-05-05-23_30_28.076,360,2,0,0,-15.738,2.300,2.497
2012-05-05-23_30_28.077,360,3,0,0,-24.792,2.205,2.797
2012-05-05-23_30_28.079,360,4,0,0,-33.779,2.230,1.997
2012-05-05-23_30_28.080,360,5,0,0,-42.794,2.168,2.797
2012-05-05-23_30_28.084,360,6,0,0,-51.793,2.164,2.597
2012-05-05-23_30_28.085,360,7,0,0,-60.715,2.246,3.197
2012-05-05-23_30_28.087,360,0,0,1,-2.183,2.212,3.596
2012-05-05-23_30_28.088,360,1,0,1,-11.201,2.205,3.096
2012-05-05-23_30_28.090,360,2,0,1,-20.180,2.293,2.696
2012-05-05-23_30_28.091,360,3,0,1,-29.235,2.197,2.696
2012-05-05-23_30_28.093,360,4,0,1,-38.222,2.222,2.296
2012-05-05-23_30_28.093,360,5,0,1,-47.237,2.160,2.596
2012-05-05-23_30_28.094,360,6,0,1,-56.235,2.156,2.696
2012-05-05-23_30_28.095,360,7,0,1,-65.157,2.239,3.396
2012-05-05-23_30_28.095,360,0,1,0,2.271,-2.280,3.612
2012-05-05-23_30_28.096,360,1,1,0,-6.745,-2.290,3.112
2012-05-05-23_30_28.096,360,2,1,0,-15.726,-2.200,2.512
2012-05-05-23_30_28.097,360,3,1,0,-24.781,-2.295,2.812
2012-05-05-23_30_28.097,360,4,1,0,-33.768,-2.270,2.112
2012-05-05-23_30_28.098,360,5,1,0,-42.782,-2.332,2.612
2012-05-05-23_30_28.098,360,6,1,0,-51.781,-2.336,2.612
2012-05-05-23_30_28.099,360,7,1,0,-60.703,-2.254,3.212
2012-05-05-23_30_28.100,360,0,1,1,-2.186,-2.289,3.719
2012-05-05-23_30_28.100,360,1,1,1,-11.202,-2.290,3.119
2012-05-05-23_30_28.101,360,2,1,1,-20.183,-2.209,2.619
2012-05-05-23_30_28.102,360,3,1,1,-29.238,-2.304,2.619
2012-05-05-23_30_28.102,360,4,1,1,-38.225,-2.279,2.019
2012-05-05-23_30_28.103,360,5,1,1,-47.239,-2.342,2.619
2012-05-05-23_30_28.104,360,6,1,1,-56.238,-2.345,2.619
2012-05-05-23_30_28.104,360,7,1,1,-65.160,-2.263,3.319
2012-05-05-23_30_28.105,360,0,2,0,2.271,-6.784,3.628
2012-05-05-23_30_28.105,360,1,2,0,-6.745,-6.787,3.128
2012-05-05-23_30_28.106,360,2,2,0,-15.726,-6.704,2.628
2012-05-05-23_30_28.106,360,3,2,0,-24.781,-6.799,2.828
2012-05-05-23_30_28.107,360,4,2,0,-33.768,-6.774,2.228
2012-05-05-23_30_28.108,360,5,2,0,-42.783,-6.837,2.928
2012-05-05-23_30_28.108,360,6,2,0,-51.781,-6.840,2.628
2012-05-05-23_30_28.109,360,7,2,0,-60.703,-6.758,3.528
2012-05-05-23_30_28.109,360,0,2,1,-2.186,-6.792,3.737
2012-05-05-23_30_28.110,360,1,2,1,-11.200,-6.787,3.137
2012-05-05-23_30_28.110,360,2,2,1,-20.184,-6.712,2.637
2012-05-05-23_30_28.111,360,3,2,1,-29.238,-6.807,2.837
2012-05-05-23_30_28.111,360,4,2,1,-38.225,-6.782,2.337
2012-05-05-23_30_28.112,360,5,2,1,-47.240,-6.845,2.637
2012-05-05-23_30_28.113,360,6,2,1,-56.239,-6.848,2.737
2012-05-05-23_30_28.114,360,7,2,1,-65.161,-6.766,3.337
2012-05-05-23_30_28.115,360,0,3,0,2.270,-11.282,3.647
2012-05-05-23_30_28.116,360,1,3,0,-6.743,-11.286,3.147
2012-05-05-23_30_28.117,360,2,3,0,-15.727,-11.202,2.647
2012-05-05-23_30_28.117,360,3,3,0,-24.781,-11.298,2.847
2012-05-05-23_30_28.118,360,4,3,0,-33.769,-11.273,2.347
2012-05-05-23_30_28.119,360,5,3,0,-42.783,-11.335,2.847
2012-05-05-23_30_28.121,360,6,3,0,-51.782,-11.339,2.747
2012-05-05-23_30_28.121,360,7,3,0,-60.704,-11.256,3.247
2012-05-05-23_30_28.123,360,0,3,1,-2.187,-11.289,3.759
2012-05-05-23_30_28.123,360,1,3,1,-11.200,-11.286,3.159
2012-05-05-23_30_28.125,360,2,3,1,-20.184,-11.208,2.659
2012-05-05-23_30_28.126,360,3,3,1,-29.239,-11.304,2.959
2012-05-05-23_30_28.127,360,4,3,1,-38.226,-11.279,2.459
2012-05-05-23_30_28.128,360,5,3,1,-47.240,-11.341,2.659
2012-05-05-23_30_28.135,360,6,3,1,-56.239,-11.345,2.759
2012-05-05-23_30_28.136,360,7,3,1,-65.161,-11.262,3.359
2012-05-05-23_30_28.137,360,0,4,0,2.270,-15.781,3.672
2012-05-05-23_30_28.138,360,1,4,0,-6.741,-15.794,3.173
2012-05-05-23_30_28.139,360,2,4,0,-15.727,-15.701,2.572
2012-05-05-23_30_28.140,360,3,4,0,-24.782,-15.797,2.872
2012-05-05-23_30_28.141,360,4,4,0,-33.769,-15.772,2.072
2012-05-05-23_30_28.142,360,5,4,0,-42.784,-15.834,2.672
2012-05-05-23_30_28.142,360,6,4,0,-51.782,-15.837,2.772
2012-05-05-23_30_28.143,360,7,4,0,-60.704,-15.755,3.472
2012-05-05-23_30_28.144,360,0,4,1,-2.187,-15.789,3.683
2012-05-05-23_30_28.144,360,1,4,1,-11.203,-15.794,3.182
2012-05-05-23_30_28.145,360,2,4,1,-20.184,-15.708,2.683
2012-05-05-23_30_28.145,360,3,4,1,-29.239,-15.804,2.883
2012-05-05-23_30_28.146,360,4,4,1,-38.226,-15.779,2.183
2012-05-05-23_30_28.147,360,5,4,1,-47.241,-15.841,2.583
2012-05-05-23_30_28.147,360,6,4,1,-56.239,-15.845,2.683
2012-05-05-23_30_28.148,360,7,4,1,-65.161,-15.762,3.383
2012-05-05-23_30_28.149,360,0,5,0,2.267,-20.280,3.691
2012-05-05-23_30_28.149,360,1,5,0,-6.742,-20.297,3.192
2012-05-05-23_30_28.150,360,2,5,0,-15.730,-20.200,2.691
2012-05-05-23_30_28.152,360,3,5,0,-24.785,-20.295,2.891
2012-05-05-23_30_28.153,360,4,5,0,-33.772,-20.270,2.191
2012-05-05-23_30_28.154,360,5,5,0,-42.786,-20.332,2.691
2012-05-05-23_30_28.155,360,6,5,0,-51.785,-20.336,2.691
2012-05-05-23_30_28.156,360,7,5,0,-60.707,-20.254,3.191
2012-05-05-23_30_28.156,360,0,5,1,-2.185,-20.288,3.800
2012-05-05-23_30_28.157,360,1,5,1,-11.206,-20.296,3.100
2012-05-05-23_30_28.158,360,2,5,1,-20.182,-20.207,2.600
2012-05-05-23_30_28.158,360,3,5,1,-29.237,-20.303,2.900
2012-05-05-23_30_28.159,360,4,5,1,-38.224,-20.278,2.200
2012-05-05-23_30_28.160,360,5,5,1,-47.239,-20.340,2.600
2012-05-05-23_30_28.160,360,6,5,1,-56.237,-20.344,2.700
2012-05-05-23_30_28.161,360,7,5,1,-65.159,-20.261,3.500
2012-05-05-23_30_28.162,360,0,6,0,2.269,-24.779,3.710
2012-05-05-23_30_28.162,360,1,6,0,-6.739,-24.791,3.210
2012-05-05-23_30_28.163,360,2,6,0,-15.728,-24.699,2.710
2012-05-05-23_30_28.164,360,3,6,0,-24.783,-24.795,2.910
2012-05-05-23_30_28.165,360,4,6,0,-33.770,-24.770,2.110
2012-05-05-23_30_28.166,360,5,6,0,-42.784,-24.832,2.610
2012-05-05-23_30_28.166,360,6,6,0,-51.783,-24.836,2.710
2012-05-05-23_30_28.167,360,7,6,0,-60.705,-24.753,3.510
2012-05-05-23_30_28.168,360,0,6,1,-2.183,-24.789,3.722
2012-05-05-23_30_28.169,360,1,6,1,-11.206,-24.790,3.222
2012-05-05-23_30_28.169,360,2,6,1,-20.180,-24.709,2.722
2012-05-05-23_30_28.170,360,3,6,1,-29.235,-24.805,3.022
2012-05-05-23_30_28.171,360,4,6,1,-38.222,-24.780,2.122
2012-05-05-23_30_28.172,360,5,6,1,-47.237,-24.842,2.722
2012-05-05-23_30_28.172,360,6,6,1,-56.235,-24.846,2.822
2012-05-05-23_30_28.173,360,7,6,1,-65.157,-24.763,3.522
2012-05-05-23_30_28.173,360,0,7,0,2.269,-29.284,3.735
2012-05-05-23_30_28.174,360,1,7,0,-6.740,-29.287,3.135
2012-05-05-23_30_28.174,360,2,7,0,-15.728,-29.204,2.735
2012-05-05-23_30_28.175,360,3,7,0,-24.783,-29.299,2.835
2012-05-05-23_30_28.176,360,4,7,0,-33.770,-29.274,2.335
2012-05-05-23_30_28.177,360,5,7,0,-42.785,-29.336,2.835
2012-05-05-23_30_28.177,360,6,7,0,-51.784,-29.340,20.035
2012-05-05-23_30_28.178,360,7,7,0,-60.705,-29.258,26.235
2012-05-05-23_30_28.179,360,0,7,1,-2.181,-29.291,3.745
2012-05-05-23_30_28.180,360,1,7,1,-11.212,-29.287,3.245
2012-05-05-23_30_28.180,360,2,7,1,-20.178,-29.211,2.745
2012-05-05-23_30_28.187,360,3,7,1,-29.233,-29.306,2.945
2012-05-05-23_30_28.188,360,4,7,1,-38.220,-29.281,2.345
2012-05-05-23_30_28.188,360,5,7,1,-47.235,-29.344,2.745
2012-05-05-23_30_28.189,360,6,7,1,-56.233,-29.347,2.845
2012-05-05-23_30_28.189,360,7,7,1,-65.155,-29.265,3.545
2012-05-05-23_30_28.190,360,0,8,0,2.273,-33.782,3.754
2012-05-05-23_30_28.190,360,1,8,0,-6.743,-33.785,3.254
2012-05-05-23_30_28.191,360,2,8,0,-15.724,-33.702,2.654
2012-05-05-23_30_28.192,360,3,8,0,-24.779,-33.798,2.954
2012-05-05-23_30_28.192,360,4,8,0,-33.766,-33.773,2.454
2012-05-05-23_30_28.193,360,5,8,0,-42.780,-33.835,2.754
2012-05-05-23_30_28.193,360,6,8,0,-51.779,-33.839,2.954
2012-05-05-23_30_28.194,360,7,8,0,-60.701,-33.756,3.454
2012-05-05-23_30_28.195,360,0,8,1,-2.184,-33.788,3.763
2012-05-05-23_30_28.195,360,1,8,1,-11.212,-33.785,3.262
2012-05-05-23_30_28.196,360,2,8,1,-20.181,-33.707,2.763
2012-05-05-23_30_28.197,360,3,8,1,-29.236,-33.803,3.063
2012-05-05-23_30_28.197,360,4,8,1,-38.223,-33.778,2.463
2012-05-05-23_30_28.198,360,5,8,1,-47.238,-33.840,2.963
2012-05-05-23_30_28.199,360,6,8,1,-56.236,-33.844,2.863
2012-05-05-23_30_28.199,360,7,8,1,-65.158,-33.761,3.463
2012-05-05-23_30_28.200,360,0,9,0,2.275,-38.282,3.773
2012-05-05-23_30_28.201,360,1,9,0,-6.746,-38.293,3.273
2012-05-05-23_30_28.202,360,2,9,0,-15.722,-38.202,2.773
2012-05-05-23_30_28.202,360,3,9,0,-24.777,-38.298,2.973
2012-05-05-23_30_28.203,360,4,9,0,-33.764,-38.272,2.373
2012-05-05-23_30_28.204,360,5,9,0,-42.778,-38.335,2.773
2012-05-05-23_30_28.204,360,6,9,0,-51.777,-38.338,2.873
2012-05-05-23_30_28.205,360,7,9,0,-60.699,-38.256,3.373
2012-05-05-23_30_28.205,360,0,9,1,-2.185,-38.288,3.685
2012-05-05-23_30_28.206,360,1,9,1,-11.213,-38.293,3.185
2012-05-05-23_30_28.206,360,2,9,1,-20.182,-38.208,2.785
2012-05-05-23_30_28.207,360,3,9,1,-29.236,-38.303,2.785
2012-05-05-23_30_28.208,360,4,9,1,-38.223,-38.278,2.285
2012-05-05-23_30_28.209,360,5,9,1,-47.238,-38.341,2.785
2012-05-05-23_30_28.210,360,6,9,1,-56.237,-38.344,2.885
2012-05-05-23_30_28.211,360,7,9,1,-65.159,-38.262,3.485
2012-05-05-23_30_28.211,360,0,10,0,2.277,-42.780,3.798
2012-05-05-23_30_28.212,360,1,10,0,-6.751,-42.796,3.298
2012-05-05-23_30_28.213,360,2,10,0,-15.720,-42.700,2.798
2012-05-05-23_30_28.213,360,3,10,0,-24.775,-42.795,2.998
2012-05-05-23_30_28.214,360,4,10,0,-33.762,-42.770,2.298
2012-05-05-23_30_28.214,360,5,10,0,-42.776,-42.833,2.798
2012-05-05-23_30_28.215,360,6,10,0,-51.775,-42.836,2.898
2012-05-05-23_30_28.215,360,7,10,0,-60.697,-42.754,3.398
2012-05-05-23_30_28.216,360,0,10,1,-2.187,-42.788,3.808
2012-05-05-23_30_28.217,360,1,10,1,-11.211,-42.795,3.208
2012-05-05-23_30_28.217,360,2,10,1,-20.184,-42.707,2.708
2012-05-05-23_30_28.218,360,3,10,1,-29.239,-42.803,3.108
2012-05-05-23_30_28.219,360,4,10,1,-38.226,-42.778,2.508
2012-05-05-23_30_28.219,360,5,10,1,-47.241,-42.840,2.808
2012-05-05-23_30_28.220,360,6,10,1,-56.240,-42.844,2.808
2012-05-05-23_30_28.221,360,7,10,1,-65.162,-42.761,3.508
2012-05-05-23_30_28.222,360,0,11,0,2.277,-47.280,3.717
2012-05-05-23_30_28.222,360,1,11,0,-6.749,-47.291,3.317
2012-05-05-23_30_28.223,360,2,11,0,-15.720,-47.200,2.817
2012-05-05-23_30_28.224,360,3,11,0,-24.775,-47.295,3.017
2012-05-05-23_30_28.225,360,4,11,0,-33.762,-47.270,2.417
2012-05-05-23_30_28.225,360,5,11,0,-42.777,-47.332,2.717
2012-05-05-23_30_28.226,360,6,11,0,-51.775,-47.336,2.917
2012-05-05-23_30_28.227,360,7,11,0,-60.697,-47.254,3.417
2012-05-05-23_30_28.230,360,0,11,1,-2.190,-47.289,3.826
2012-05-05-23_30_28.231,360,1,11,1,-11.211,-47.290,3.326
2012-05-05-23_30_28.232,360,2,11,1,-20.187,-47.209,2.726
2012-05-05-23_30_28.233,360,3,11,1,-29.242,-47.305,2.826
2012-05-05-23_30_28.234,360,4,11,1,-38.229,-47.280,2.526
2012-05-05-23_30_28.235,360,5,11,1,-47.244,-47.342,2.826
2012-05-05-23_30_28.235,360,6,11,1,-56.242,-47.346,2.926
2012-05-05-23_30_28.236,360,7,11,1,-65.164,-47.263,3.526
2012-05-05-23_30_28.237,360,0,12,0,2.279,-51.784,3.736
2012-05-05-23_30_28.237,360,1,12,0,-6.752,-51.788,3.336
2012-05-05-23_30_28.238,360,2,12,0,-15.718,-51.704,2.836
2012-05-05-23_30_28.238,360,3,12,0,-24.773,-51.799,3.036
2012-05-05-23_30_28.239,360,4,12,0,-33.760,-51.774,2.236
2012-05-05-23_30_28.240,360,5,12,0,-42.775,-51.837,2.836
2012-05-05-23_30_28.241,360,6,12,0,-51.773,-51.840,2.836
2012-05-05-23_30_28.241,360,7,12,0,-60.695,-51.758,3.436
2012-05-05-23_30_28.242,360,0,12,1,-2.188,-51.792,3.849
2012-05-05-23_30_28.243,360,1,12,1,-11.211,-51.788,3.349
2012-05-05-23_30_28.243,360,2,12,1,-20.185,-51.712,2.849
2012-05-05-23_30_28.244,360,3,12,1,-29.240,-51.807,2.949
2012-05-05-23_30_28.245,360,4,12,1,-38.227,-51.782,2.549
2012-05-05-23_30_28.245,360,5,12,1,-47.242,-51.845,2.849
2012-05-05-23_30_28.246,360,6,12,1,-56.240,-51.848,2.949
2012-05-05-23_30_28.246,360,7,12,1,-65.162,-51.766,3.649
2012-05-05-23_30_28.247,360,0,13,0,2.276,-56.282,3.862
2012-05-05-23_30_28.247,360,1,13,0,-6.752,-56.286,3.362
2012-05-05-23_30_28.248,360,2,13,0,-15.721,-56.202,2.862
2012-05-05-23_30_28.249,360,3,13,0,-24.776,-56.298,3.062
2012-05-05-23_30_28.249,360,4,13,0,-33.763,-56.273,2.362
2012-05-05-23_30_28.250,360,5,13,0,-42.778,-56.335,2.862
2012-05-05-23_30_28.251,360,6,13,0,-51.776,-56.339,2.862
2012-05-05-23_30_28.251,360,7,13,0,-60.698,-56.256,3.462
2012-05-05-23_30_28.252,360,0,13,1,-2.194,-56.288,3.872
2012-05-05-23_30_28.253,360,1,13,1,-11.209,-56.285,3.371
2012-05-05-23_30_28.253,360,2,13,1,-20.191,-56.207,2.872
2012-05-05-23_30_28.254,360,3,13,1,-29.245,-56.303,2.872
2012-05-05-23_30_28.255,360,4,13,1,-38.232,-56.278,2.372
2012-05-05-23_30_28.255,360,5,13,1,-47.247,-56.340,2.872
2012-05-05-23_30_28.256,360,6,13,1,-56.246,-56.344,2.872
2012-05-05-23_30_28.257,360,7,13,1,-65.168,-56.261,3.572
2012-05-05-23_30_28.258,360,0,14,0,2.275,-60.782,3.779
2012-05-05-23_30_28.258,360,1,14,0,-6.753,-60.793,3.379
2012-05-05-23_30_28.259,360,2,14,0,-15.722,-60.702,2.779
2012-05-05-23_30_28.259,360,3,14,0,-24.776,-60.798,3.079
2012-05-05-23_30_28.260,360,4,14,0,-33.763,-60.772,2.579
2012-05-05-23_30_28.261,360,5,14,0,-42.778,-60.835,2.779
2012-05-05-23_30_28.262,360,6,14,0,-51.777,-60.838,2.879
2012-05-05-23_30_28.262,360,7,14,0,-60.699,-60.756,3.679
2012-05-05-23_30_28.263,360,0,14,1,-2.194,-60.788,3.888
2012-05-05-23_30_28.264,360,1,14,1,-11.210,-60.794,3.388
2012-05-05-23_30_28.264,360,2,14,1,-20.191,-60.708,2.888
2012-05-05-23_30_28.265,360,3,14,1,-29.246,-60.803,2.888
2012-05-05-23_30_28.266,360,4,14,1,-38.233,-60.778,2.588
2012-05-05-23_30_28.266,360,5,14,1,-47.247,-60.841,2.888
2012-05-05-23_30_28.267,360,6,14,1,-56.246,-60.844,2.988
2012-05-05-23_30_28.268,360,7,14,1,-65.168,-60.762,3.688
2012-05-05-23_30_28.269,360,0,15,0,2.273,-65.280,3.797
2012-05-05-23_30_28.269,360,1,15,0,-6.751,-65.296,3.397
2012-05-05-23_30_28.270,360,2,15,0,-15.725,-65.199,2.897
2012-05-05-23_30_28.271,360,3,15,0,-24.779,-65.295,3.097
2012-05-05-23_30_28.271,360,4,15,0,-33.766,-65.270,2.597
2012-05-05-23_30_28.273,360,5,15,0,-42.781,-65.332,2.797
2012-05-05-23_30_28.274,360,6,15,0,-51.780,-65.336,2.897
2012-05-05-23_30_28.274,360,7,15,0,-60.702,-65.253,3.397
2012-05-05-23_30_28.275,360,0,15,1,-2.197,-65.288,3.910
2012-05-05-23_30_28.276,360,1,15,1,-11.208,-65.295,3.410
2012-05-05-23_30_28.277,360,2,15,1,-20.194,-65.207,2.910
2012-05-05-23_30_28.277,360,3,15,1,-29.249,-65.303,2.810
2012-05-05-23_30_28.278,360,4,15,1,-38.236,-65.278,2.510
2012-05-05-23_30_28.279,360,5,15,1,-47.250,-65.340,2.910
2012-05-05-23_30_28.279,360,6,15,1,-56.249,-65.344,2.910
2012-05-05-23_30_28.280,360,7,15,1,-65.171,-65.261,3.610
2012-05-05-23_30_28.280,360,0,16,0,2.270,-69.780,3.923
2012-05-05-23_30_28.281,360,1,16,0,-6.751,-69.790,3.423
2012-05-05-23_30_28.282,360,2,16,0,-15.727,-69.700,2.923
2012-05-05-23_30_28.282,360,3,16,0,-24.782,-69.795,3.123
2012-05-05-23_30_28.283,360,4,16,0,-33.769,-69.770,2.323
2012-05-05-23_30_28.283,360,5,16,0,-42.784,-69.832,2.923
2012-05-05-23_30_28.284,360,6,16,0,-51.782,-69.836,2.923
2012-05-05-23_30_28.284,360,7,16,0,-60.704,-69.754,3.623
2012-05-05-23_30_28.285,360,0,16,1,-2.197,-69.789,3.934
2012-05-05-23_30_28.286,360,1,16,1,-11.208,-69.789,3.434
2012-05-05-23_30_28.286,360,2,16,1,-20.194,-69.708,2.834
2012-05-05-23_30_28.287,360,3,16,1,-29.249,-69.804,2.934
2012-05-05-23_30_28.288,360,4,16,1,-38.236,-69.779,2.534
2012-05-05-23_30_28.289,360,5,16,1,-47.251,-69.841,2.734
2012-05-05-23_30_28.289,360,6,16,1,-56.249,-69.845,2.934
2012-05-05-23_30_28.290,360,7,16,1,-65.171,-69.762,3.634
2012-05-05-23_30_28.290,360,0,17,0,2.267,-74.284,3.942
2012-05-05-23_30_28.291,360,1,17,0,-6.747,-74.287,3.342
2012-05-05-23_30_28.292,360,2,17,0,-15.730,-74.204,2.842
2012-05-05-23_30_28.292,360,3,17,0,-24.785,-74.299,3.042
2012-05-05-23_30_28.293,360,4,17,0,-33.772,-74.274,2.342
2012-05-05-23_30_28.293,360,5,17,0,-42.787,-74.337,2.842
2012-05-05-23_30_28.294,360,6,17,0,-51.785,-74.340,2.842
2012-05-05-23_30_28.295,360,7,17,0,-60.707,-74.258,3.542
2012-05-05-23_30_28.295,360,0,17,1,-2.193,-74.291,3.952
2012-05-05-23_30_28.296,360,1,17,1,-11.211,-74.287,3.351
2012-05-05-23_30_28.297,360,2,17,1,-20.190,-74.211,2.852
2012-05-05-23_30_28.297,360,3,17,1,-29.245,-74.306,2.952
2012-05-05-23_30_28.298,360,4,17,1,-38.232,-74.281,2.352
2012-05-05-23_30_28.300,360,5,17,1,-47.246,-74.344,2.852
2012-05-05-23_30_28.301,360,6,17,1,-56.245,-74.347,2.952
2012-05-05-23_30_28.302,360,7,17,1,-65.167,-74.265,3.652
2012-05-05-23_30_28.303,360,0,18,0,2.264,-78.782,3.862
2012-05-05-23_30_28.304,360,1,18,0,-6.747,-78.785,3.462
2012-05-05-23_30_28.305,360,2,18,0,-15.733,-78.702,2.862
2012-05-05-23_30_28.305,360,3,18,0,-24.788,-78.797,3.062
2012-05-05-23_30_28.306,360,4,18,0,-33.775,-78.772,2.562
2012-05-05-23_30_28.307,360,5,18,0,-42.789,-78.834,2.862
2012-05-05-23_30_28.307,360,6,18,0,-51.788,-78.838,2.862
2012-05-05-23_30_28.308,360,7,18,0,-60.710,-78.756,3.662
2012-05-05-23_30_28.309,360,0,18,1,-2.193,-78.789,3.875
2012-05-05-23_30_28.309,360,1,18,1,-11.214,-78.785,3.374
2012-05-05-23_30_28.310,360,2,18,1,-20.190,-78.708,2.975
2012-05-05-23_30_28.311,360,3,18,1,-29.245,-78.804,3.175
2012-05-05-23_30_28.312,360,4,18,1,-38.232,-78.779,2.275
2012-05-05-23_30_28.312,360,5,18,1,-47.247,-78.841,2.875
2012-05-05-23_30_28.313,360,6,18,1,-56.245,-78.845,2.975
2012-05-05-23_30_28.314,360,7,18,1,-65.167,-78.762,3.775
2012-05-05-23_30_28.315,360,0,19,0,2.264,-83.281,3.886
2012-05-05-23_30_28.316,360,1,19,0,-6.747,-83.293,3.487
2012-05-05-23_30_28.317,360,2,19,0,-15.734,-83.201,2.886
2012-05-05-23_30_28.318,360,3,19,0,-24.788,-83.297,3.186
2012-05-05-23_30_28.318,360,4,19,0,-33.775,-83.272,2.286
2012-05-05-23_30_28.319,360,5,19,0,-42.790,-83.334,2.886
2012-05-05-23_30_28.320,360,6,19,0,-51.789,-83.337,2.986
2012-05-05-23_30_28.321,360,7,19,0,-60.711,-83.255,3.586
2012-05-05-23_30_28.321,360,0,19,1,-2.194,-83.288,3.997
2012-05-05-23_30_28.322,360,1,19,1,-11.214,-83.293,3.397
2012-05-05-23_30_28.323,360,2,19,1,-20.191,-83.208,2.997
2012-05-05-23_30_28.324,360,3,19,1,-29.245,-83.304,2.897
2012-05-05-23_30_28.325,360,4,19,1,-38.233,-83.279,2.597
2012-05-05-23_30_28.325,360,5,19,1,-47.247,-83.341,2.897
2012-05-05-23_30_28.326,360,6,19,1,-56.246,-83.344,3.097
2012-05-05-23_30_28.327,360,7,19,1,-65.168,-83.262,3.697
2012-05-05-23_30_28.327,360,0,20,0,2.266,-87.781,4.005
2012-05-05-23_30_28.328,360,1,20,0,-6.748,-87.796,3.405
2012-05-05-23_30_28.328,360,2,20,0,-15.732,-87.700,2.905
2012-05-05-23_30_28.329,360,3,20,0,-24.786,-87.796,3.205
2012-05-05-23_30_28.330,360,4,20,0,-33.773,-87.771,2.605
2012-05-05-23_30_28.331,360,5,20,0,-42.788,-87.833,2.905
2012-05-05-23_30_28.331,360,6,20,0,-51.787,-87.837,2.905
2012-05-05-23_30_28.332,360,7,20,0,-60.709,-87.754,3.805
2012-05-05-23_30_28.333,360,0,20,1,-2.192,-87.788,4.014
2012-05-05-23_30_28.333,360,1,20,1,-11.212,-87.796,3.414
2012-05-05-23_30_28.334,360,2,20,1,-20.189,-87.708,2.914
2012-05-05-23_30_28.335,360,3,20,1,-29.243,-87.803,3.214
2012-05-05-23_30_28.335,360,4,20,1,-38.230,-87.778,2.614
2012-05-05-23_30_28.336,360,5,20,1,-47.245,-87.840,2.914
2012-05-05-23_30_28.336,360,6,20,1,-56.244,-87.844,3.014
2012-05-05-23_30_28.337,360,7,20,1,-65.166,-87.762,3.814
2012-05-05-23_30_28.338,360,0,21,0,2.265,-92.279,4.024
2012-05-05-23_30_28.339,360,1,21,0,-6.751,-92.291,3.524
2012-05-05-23_30_28.339,360,2,21,0,-15.732,-92.199,3.024
2012-05-05-23_30_28.340,360,3,21,0,-24.787,-92.294,3.124
2012-05-05-23_30_28.341,360,4,21,0,-33.774,-92.269,2.624
2012-05-05-23_30_28.342,360,5,21,0,-42.788,-92.332,2.924
2012-05-05-23_30_28.342,360,6,21,0,-51.787,-92.335,3.024
2012-05-05-23_30_28.343,360,7,21,0,-60.709,-92.253,3.624
2012-05-05-23_30_28.343,360,0,21,1,-2.192,-92.290,4.037
2012-05-05-23_30_28.344,360,1,21,1,-11.213,-92.290,3.437
2012-05-05-23_30_28.344,360,2,21,1,-20.189,-92.210,2.937
2012-05-05-23_30_28.345,360,3,21,1,-29.244,-92.305,2.937
2012-05-05-23_30_28.345,360,4,21,1,-38.231,-92.280,2.537
2012-05-05-23_30_28.346,360,5,21,1,-47.246,-92.342,2.937
2012-05-05-23_30_28.347,360,6,21,1,-56.244,-92.346,3.037
2012-05-05-23_30_28.347,360,7,21,1,-65.166,-92.264,3.737
2012-05-05-23_30_28.348,360,0,22,0,2.267,-96.783,3.950
2012-05-05-23_30_28.349,360,1,22,0,-6.754,-96.789,3.550
2012-05-05-23_30_28.349,360,2,22,0,-15.730,-96.703,3.050
2012-05-05-23_30_28.350,360,3,22,0,-24.785,-96.798,3.250
2012-05-05-23_30_28.350,360,4,22,0,-33.772,-96.773,2.650
2012-05-05-23_30_28.351,360,5,22,0,-42.786,-96.836,2.950
2012-05-05-23_30_28.352,360,6,22,0,-51.785,-96.839,3.050
2012-05-05-23_30_28.353,360,7,22,0,-60.707,-96.757,3.750
2012-05-05-23_30_28.354,360,0,22,1,-2.195,-96.792,4.058
2012-05-05-23_30_28.354,360,1,22,1,-11.213,-96.789,3.558
2012-05-05-23_30_28.355,360,2,22,1,-20.192,-96.712,3.058
2012-05-05-23_30_28.355,360,3,22,1,-29.247,-96.808,2.958
2012-05-05-23_30_28.356,360,4,22,1,-38.234,-96.783,2.758
2012-05-05-23_30_28.357,360,5,22,1,-47.248,-96.845,3.058
2012-05-05-23_30_28.358,360,6,22,1,-56.247,-96.848,3.058
2012-05-05-23_30_28.359,360,7,22,1,-65.169,-96.766,3.758
2012-05-05-23_30_28.360,360,0,23,0,2.267,-101.282,4.068
2012-05-05-23_30_28.361,360,1,23,0,-6.754,-101.286,3.568
2012-05-05-23_30_28.361,360,2,23,0,-15.730,-101.202,2.968
2012-05-05-23_30_28.362,360,3,23,0,-24.785,-101.297,3.268
2012-05-05-23_30_28.362,360,4,23,0,-33.772,-101.272,2.668
2012-05-05-23_30_28.363,360,5,23,0,-42.787,-101.334,2.968
2012-05-05-23_30_28.363,360,6,23,0,-51.785,-101.338,2.868
2012-05-05-23_30_28.364,360,7,23,0,-60.707,-101.256,3.568
2012-05-05-23_30_28.365,360,0,23,1,-2.183,-101.280,3.968
2012-05-05-23_30_28.365,360,1,23,1,-11.211,-101.286,3.568
2012-05-05-23_30_28.366,360,2,23,1,-20.180,-101.200,3.068
2012-05-05-23_30_28.366,360,3,23,1,-29.235,-101.295,2.968
2012-05-05-23_30_28.367,360,4,23,1,-38.222,-101.270,2.668
2012-05-05-23_30_28.368,360,5,23,1,-47.237,-101.332,3.068
2012-05-05-23_30_28.369,360,6,23,1,-56.235,-101.336,3.068
2012-05-05-23_30_28.369,360,7,23,1,-65.157,-101.254,3.768
