2012-05-05-22_51_43.734,319,0,0,0,2.259,2.220,3.496
2012-05-05-22_51_43.735,319,1,0,0,-6.747,2.205,2.896
2012-05-05-22_51_43.735,319,2,0,0,-15.738,2.301,2.496
2012-05-05-22_51_43.736,319,3,0,0,-24.792,2.205,2.796
2012-05-05-22_51_43.737,319,4,0,0,-33.779,2.230,1.996
2012-05-05-22_51_43.739,319,5,0,0,-42.794,2.168,2.796
2012-05-05-22_51_43.740,319,6,0,0,-51.793,2.164,2.596
2012-05-05-22_51_43.740,319,7,0,0,-60.715,2.247,3.296
2012-05-05-22_51_43.741,319,0,0,1,-2.186,2.213,3.696
2012-05-05-22_51_43.742,319,1,0,1,-11.201,2.205,3.096
2012-05-05-22_51_43.743,319,2,0,1,-20.183,2.293,2.696
2012-05-05-22_51_43.743,319,3,0,1,-29.237,2.197,2.696
2012-05-05-22_51_43.744,319,4,0,1,-38.224,2.223,2.396
2012-05-05-22_51_43.745,319,5,0,1,-47.239,2.160,2.596
2012-05-05-22_51_43.746,319,6,0,1,-56.238,2.157,2.696
2012-05-05-22_51_43.746,319,7,0,1,-65.160,2.239,3.396
2012-05-05-22_51_43.747,319,0,1,0,2.271,-2.279,3.612
2012-05-05-22_51_43.748,319,1,1,0,-6.745,-2.290,3.112
2012-05-05-22_51_43.749,319,2,1,0,-15.726,-2.199,2.612
2012-05-05-22_51_43.749,319,3,1,0,-24.781,-2.295,2.912
2012-05-05-22_51_43.750,319,4,1,0,-33.768,-2.270,2.112
2012-05-05-22_51_43.751,319,5,1,0,-42.782,-2.332,2.712
2012-05-05-22_51_43.752,319,6,1,0,-51.781,-2.336,2.712
2012-05-05-22_51_43.753,319,7,1,0,-60.703,-2.253,3.212
2012-05-05-22_51_43.753,319,0,1,1,-2.188,-2.289,3.619
2012-05-05-22_51_43.754,319,1,1,1,-11.204,-2.289,3.219
2012-05-05-22_51_43.755,319,2,1,1,-20.186,-2.209,2.619
2012-05-05-22_51_43.755,319,3,1,1,-29.240,-2.304,2.619
2012-05-05-22_51_43.756,319,4,1,1,-38.227,-2.279,2.119
2012-05-05-22_51_43.757,319,5,1,1,-47.242,-2.341,2.619
2012-05-05-22_51_43.758,319,6,1,1,-56.241,-2.345,2.719
2012-05-05-22_51_43.758,319,7,1,1,-65.163,-2.263,3.319
2012-05-05-22_51_43.759,319,0,2,0,2.271,-6.784,3.628
2012-05-05-22_51_43.760,319,1,2,0,-6.745,-6.787,3.128
2012-05-05-22_51_43.761,319,2,2,0,-15.726,-6.704,2.628
2012-05-05-22_51_43.762,319,3,2,0,-24.781,-6.799,2.928
2012-05-05-22_51_43.762,319,4,2,0,-33.768,-6.774,2.328
2012-05-05-22_51_43.763,319,5,2,0,-42.783,-6.836,2.928
2012-05-05-22_51_43.764,319,6,2,0,-51.781,-6.840,2.728
2012-05-05-22_51_43.765,319,7,2,0,-60.703,-6.758,3.528
2012-05-05-22_51_43.765,319,0,2,1,-2.186,-6.792,3.637
2012-05-05-22_51_43.766,319,1,2,1,-11.202,-6.787,3.137
2012-05-05-22_51_43.767,319,2,2,1,-20.184,-6.712,2.637
2012-05-05-22_51_43.768,319,3,2,1,-29.238,-6.808,2.937
2012-05-05-22_51_43.769,319,4,2,1,-38.225,-6.783,2.337
2012-05-05-22_51_43.770,319,5,2,1,-47.240,-6.845,2.637
2012-05-05-22_51_43.770,319,6,2,1,-56.239,-6.848,2.837
2012-05-05-22_51_43.771,319,7,2,1,-65.161,-6.766,3.437
2012-05-05-22_51_43.771,319,0,3,0,2.273,-11.282,3.647
2012-05-05-22_51_43.772,319,1,3,0,-6.743,-11.286,3.147
2012-05-05-22_51_43.773,319,2,3,0,-15.724,-11.202,2.647
2012-05-05-22_51_43.773,319,3,3,0,-24.779,-11.297,2.847
2012-05-05-22_51_43.774,319,4,3,0,-33.766,-11.272,2.347
2012-05-05-22_51_43.775,319,5,3,0,-42.781,-11.334,2.747
2012-05-05-22_51_43.776,319,6,3,0,-51.779,-11.338,2.847
2012-05-05-22_51_43.776,319,7,3,0,-60.701,-11.256,3.247
2012-05-05-22_51_43.777,319,0,3,1,-2.187,-11.288,3.659
2012-05-05-22_51_43.778,319,1,3,1,-11.200,-11.286,3.259
2012-05-05-22_51_43.780,319,2,3,1,-20.184,-11.208,2.659
2012-05-05-22_51_43.780,319,3,3,1,-29.239,-11.303,2.959
2012-05-05-22_51_43.781,319,4,3,1,-38.226,-11.278,2.459
2012-05-05-22_51_43.788,319,5,3,1,-47.240,-11.341,2.659
2012-05-05-22_51_43.788,319,6,3,1,-56.239,-11.344,2.759
2012-05-05-22_51_43.789,319,7,3,1,-65.161,-11.262,3.259
2012-05-05-22_51_43.790,319,0,4,0,2.270,-15.782,3.673
2012-05-05-22_51_43.791,319,1,4,0,-6.741,-15.793,3.273
2012-05-05-22_51_43.791,319,2,4,0,-15.727,-15.702,2.573
2012-05-05-22_51_43.792,319,3,4,0,-24.782,-15.797,2.873
2012-05-05-22_51_43.792,319,4,4,0,-33.769,-15.772,2.073
2012-05-05-22_51_43.793,319,5,4,0,-42.784,-15.834,2.573
2012-05-05-22_51_43.794,319,6,4,0,-51.782,-15.838,2.673
2012-05-05-22_51_43.795,319,7,4,0,-60.704,-15.756,3.473
2012-05-05-22_51_43.795,319,0,4,1,-2.187,-15.789,3.683
2012-05-05-22_51_43.796,319,1,4,1,-11.203,-15.794,3.183
2012-05-05-22_51_43.797,319,2,4,1,-20.184,-15.709,2.683
2012-05-05-22_51_43.797,319,3,4,1,-29.239,-15.804,2.983
2012-05-05-22_51_43.798,319,4,4,1,-38.226,-15.779,2.183
2012-05-05-22_51_43.798,319,5,4,1,-47.241,-15.841,2.583
2012-05-05-22_51_43.799,319,6,4,1,-56.239,-15.845,2.683
2012-05-05-22_51_43.800,319,7,4,1,-65.161,-15.763,3.383
2012-05-05-22_51_43.801,319,0,5,0,2.267,-20.280,3.591
2012-05-05-22_51_43.801,319,1,5,0,-6.742,-20.297,3.191
2012-05-05-22_51_43.802,319,2,5,0,-15.730,-20.200,2.691
2012-05-05-22_51_43.803,319,3,5,0,-24.785,-20.295,2.891
2012-05-05-22_51_43.803,319,4,5,0,-33.772,-20.270,2.291
2012-05-05-22_51_43.804,319,5,5,0,-42.786,-20.332,2.791
2012-05-05-22_51_43.804,319,6,5,0,-51.785,-20.336,2.791
2012-05-05-22_51_43.805,319,7,5,0,-60.707,-20.254,3.191
2012-05-05-22_51_43.806,319,0,5,1,-2.185,-20.288,3.700
2012-05-05-22_51_43.806,319,1,5,1,-11.206,-20.296,3.200
2012-05-05-22_51_43.807,319,2,5,1,-20.182,-20.208,2.600
2012-05-05-22_51_43.808,319,3,5,1,-29.237,-20.303,2.900
2012-05-05-22_51_43.808,319,4,5,1,-38.224,-20.278,2.200
2012-05-05-22_51_43.809,319,5,5,1,-47.239,-20.340,2.600
2012-05-05-22_51_43.810,319,6,5,1,-56.237,-20.344,2.800
2012-05-05-22_51_43.810,319,7,5,1,-65.159,-20.262,3.500
2012-05-05-22_51_43.811,319,0,6,0,2.267,-24.780,3.710
2012-05-05-22_51_43.811,319,1,6,0,-6.739,-24.791,3.210
2012-05-05-22_51_43.812,319,2,6,0,-15.730,-24.700,2.710
2012-05-05-22_51_43.812,319,3,6,0,-24.785,-24.795,3.010
2012-05-05-22_51_43.813,319,4,6,0,-33.772,-24.770,2.110
2012-05-05-22_51_43.814,319,5,6,0,-42.787,-24.832,2.710
2012-05-05-22_51_43.815,319,6,6,0,-51.786,-24.836,2.710
2012-05-05-22_51_43.816,319,7,6,0,-60.707,-24.754,3.510
2012-05-05-22_51_43.817,319,0,6,1,-2.183,-24.789,3.722
2012-05-05-22_51_43.817,319,1,6,1,-11.209,-24.790,3.222
2012-05-05-22_51_43.818,319,2,6,1,-20.180,-24.709,2.622
2012-05-05-22_51_43.818,319,3,6,1,-29.235,-24.804,3.022
2012-05-05-22_51_43.819,319,4,6,1,-38.222,-24.779,2.122
2012-05-05-22_51_43.820,319,5,6,1,-47.237,-24.842,2.722
2012-05-05-22_51_43.820,319,6,6,1,-56.235,-24.845,2.922
2012-05-05-22_51_43.821,319,7,6,1,-65.157,-24.763,3.522
2012-05-05-22_51_43.822,319,0,7,0,2.274,-29.283,3.735
2012-05-05-22_51_43.823,319,1,7,0,-6.737,-29.287,3.135
2012-05-05-22_51_43.823,319,2,7,0,-15.724,-29.203,2.735
2012-05-05-22_51_43.824,319,3,7,0,-24.778,-29.299,3.035
2012-05-05-22_51_43.825,319,4,7,0,-33.765,-29.274,2.435
2012-05-05-22_51_43.826,319,5,7,0,-42.780,-29.336,2.735
2012-05-05-22_51_43.826,319,6,7,0,-51.779,-29.340,2.835
2012-05-05-22_51_43.827,319,7,7,0,-60.701,-29.257,3.435
2012-05-05-22_51_43.828,319,0,7,1,-2.184,-29.291,3.745
2012-05-05-22_51_43.828,319,1,7,1,-11.212,-29.287,3.245
2012-05-05-22_51_43.829,319,2,7,1,-20.181,-29.211,2.745
2012-05-05-22_51_43.835,319,3,7,1,-29.235,-29.306,3.045
2012-05-05-22_51_43.835,319,4,7,1,-38.223,-29.281,2.445
2012-05-05-22_51_43.836,319,5,7,1,-47.237,-29.344,2.745
2012-05-05-22_51_43.837,319,6,7,1,-56.236,-29.347,2.945
2012-05-05-22_51_43.837,319,7,7,1,-65.158,-29.265,3.545
2012-05-05-22_51_43.838,319,0,8,0,2.273,-33.782,3.754
2012-05-05-22_51_43.839,319,1,8,0,-6.743,-33.785,3.254
2012-05-05-22_51_43.839,319,2,8,0,-15.724,-33.702,2.654
2012-05-05-22_51_43.840,319,3,8,0,-24.779,-33.797,2.954
2012-05-05-22_51_43.840,319,4,8,0,-33.766,-33.772,2.454
2012-05-05-22_51_43.841,319,5,8,0,-42.780,-33.834,2.754
2012-05-05-22_51_43.842,319,6,8,0,-51.779,-33.838,2.854
2012-05-05-22_51_43.842,319,7,8,0,-60.701,-33.756,3.454
2012-05-05-22_51_43.843,319,0,8,1,-2.184,-33.788,3.763
2012-05-05-22_51_43.844,319,1,8,1,-11.214,-33.785,3.262
2012-05-05-22_51_43.844,319,2,8,1,-20.181,-33.708,2.763
2012-05-05-22_51_43.845,319,3,8,1,-29.236,-33.803,2.963
2012-05-05-22_51_43.846,319,4,8,1,-38.223,-33.778,2.463
2012-05-05-22_51_43.846,319,5,8,1,-47.238,-33.840,2.763
2012-05-05-22_51_43.847,319,6,8,1,-56.236,-33.844,2.863
2012-05-05-22_51_43.848,319,7,8,1,-65.158,-33.762,3.463
2012-05-05-22_51_43.849,319,0,9,0,2.278,-38.282,3.773
2012-05-05-22_51_43.849,319,1,9,0,-6.743,-38.293,3.273
2012-05-05-22_51_43.850,319,2,9,0,-15.720,-38.202,2.773
2012-05-05-22_51_43.850,319,3,9,0,-24.774,-38.297,2.973
2012-05-05-22_51_43.851,319,4,9,0,-33.761,-38.272,2.373
2012-05-05-22_51_43.852,319,5,9,0,-42.776,-38.334,2.773
2012-05-05-22_51_43.852,319,6,9,0,-51.775,-38.338,2.873
2012-05-05-22_51_43.853,319,7,9,0,-60.697,-38.256,3.373
2012-05-05-22_51_43.854,319,0,9,1,-2.185,-38.288,3.685
2012-05-05-22_51_43.855,319,1,9,1,-11.213,-38.293,3.185
2012-05-05-22_51_43.855,319,2,9,1,-20.182,-38.208,2.785
2012-05-05-22_51_43.856,319,3,9,1,-29.236,-38.303,2.885
2012-05-05-22_51_43.856,319,4,9,1,-38.223,-38.278,2.285
2012-05-05-22_51_43.857,319,5,9,1,-47.238,-38.341,2.785
2012-05-05-22_51_43.857,319,6,9,1,-56.237,-38.344,2.985
2012-05-05-22_51_43.858,319,7,9,1,-65.159,-38.262,3.585
2012-05-05-22_51_43.859,319,0,10,0,2.277,-42.780,3.698
2012-05-05-22_51_43.859,319,1,10,0,-6.748,-42.796,3.298
2012-05-05-22_51_43.860,319,2,10,0,-15.720,-42.700,2.798
2012-05-05-22_51_43.861,319,3,10,0,-24.775,-42.795,2.998
2012-05-05-22_51_43.861,319,4,10,0,-33.762,-42.770,2.298
2012-05-05-22_51_43.862,319,5,10,0,-42.776,-42.833,2.798
2012-05-05-22_51_43.863,319,6,10,0,-51.775,-42.836,2.998
2012-05-05-22_51_43.863,319,7,10,0,-60.697,-42.754,3.398
2012-05-05-22_51_43.864,319,0,10,1,-2.187,-42.788,3.808
2012-05-05-22_51_43.864,319,1,10,1,-11.211,-42.795,3.308
2012-05-05-22_51_43.865,319,2,10,1,-20.184,-42.707,2.808
2012-05-05-22_51_43.866,319,3,10,1,-29.239,-42.803,3.108
2012-05-05-22_51_43.866,319,4,10,1,-38.226,-42.778,2.508
2012-05-05-22_51_43.867,319,5,10,1,-47.241,-42.840,2.908
2012-05-05-22_51_43.867,319,6,10,1,-56.240,-42.844,2.908
2012-05-05-22_51_43.868,319,7,10,1,-65.162,-42.761,3.508
2012-05-05-22_51_43.869,319,0,11,0,2.277,-47.280,3.717
2012-05-05-22_51_43.869,319,1,11,0,-6.749,-47.291,3.317
2012-05-05-22_51_43.870,319,2,11,0,-15.720,-47.200,2.817
2012-05-05-22_51_43.871,319,3,11,0,-24.775,-47.295,3.017
2012-05-05-22_51_43.871,319,4,11,0,-33.762,-47.270,2.417
2012-05-05-22_51_43.872,319,5,11,0,-42.777,-47.332,2.717
2012-05-05-22_51_43.873,319,6,11,0,-51.775,-47.336,3.017
2012-05-05-22_51_43.874,319,7,11,0,-60.697,-47.254,3.417
2012-05-05-22_51_43.876,319,0,11,1,-2.188,-47.290,3.826
2012-05-05-22_51_43.876,319,1,11,1,-11.211,-47.290,3.326
2012-05-05-22_51_43.877,319,2,11,1,-20.185,-47.210,2.726
2012-05-05-22_51_43.878,319,3,11,1,-29.240,-47.305,2.826
2012-05-05-22_51_43.879,319,4,11,1,-38.227,-47.280,2.526
2012-05-05-22_51_43.880,319,5,11,1,-47.241,-47.342,2.926
2012-05-05-22_51_43.880,319,6,11,1,-56.240,-47.346,3.026
2012-05-05-22_51_43.881,319,7,11,1,-65.162,-47.264,3.526
2012-05-05-22_51_43.882,319,0,12,0,2.276,-51.785,3.636
2012-05-05-22_51_43.882,319,1,12,0,-6.752,-51.788,3.336
2012-05-05-22_51_43.883,319,2,12,0,-15.721,-51.705,2.836
2012-05-05-22_51_43.883,319,3,12,0,-24.776,-51.800,3.036
2012-05-05-22_51_43.884,319,4,12,0,-33.763,-51.775,2.236
2012-05-05-22_51_43.885,319,5,12,0,-42.777,-51.838,2.836
2012-05-05-22_51_43.886,319,6,12,0,-51.776,-51.841,2.936
2012-05-05-22_51_43.886,319,7,12,0,-60.698,-51.759,3.536
2012-05-05-22_51_43.887,319,0,12,1,-2.188,-51.792,3.849
2012-05-05-22_51_43.888,319,1,12,1,-11.211,-51.787,3.349
2012-05-05-22_51_43.889,319,2,12,1,-20.185,-51.712,2.849
2012-05-05-22_51_43.890,319,3,12,1,-29.240,-51.807,2.949
2012-05-05-22_51_43.891,319,4,12,1,-38.227,-51.782,2.549
2012-05-05-22_51_43.891,319,5,12,1,-47.242,-51.844,2.849
2012-05-05-22_51_43.892,319,6,12,1,-56.240,-51.848,3.049
2012-05-05-22_51_43.893,319,7,12,1,-65.162,-51.766,3.649
2012-05-05-22_51_43.894,319,0,13,0,2.276,-56.282,3.762
2012-05-05-22_51_43.894,319,1,13,0,-6.752,-56.286,3.362
2012-05-05-22_51_43.895,319,2,13,0,-15.721,-56.202,2.762
2012-05-05-22_51_43.896,319,3,13,0,-24.776,-56.298,3.062
2012-05-05-22_51_43.896,319,4,13,0,-33.763,-56.273,2.362
2012-05-05-22_51_43.897,319,5,13,0,-42.778,-56.335,2.862
2012-05-05-22_51_43.897,319,6,13,0,-51.776,-56.339,2.862
2012-05-05-22_51_43.898,319,7,13,0,-60.698,-56.256,3.562
2012-05-05-22_51_43.899,319,0,13,1,-2.194,-56.288,3.872
2012-05-05-22_51_43.899,319,1,13,1,-11.209,-56.286,3.371
2012-05-05-22_51_43.900,319,2,13,1,-20.191,-56.208,2.872
2012-05-05-22_51_43.900,319,3,13,1,-29.245,-56.303,2.872
2012-05-05-22_51_43.901,319,4,13,1,-38.232,-56.278,2.372
2012-05-05-22_51_43.902,319,5,13,1,-47.247,-56.341,2.872
2012-05-05-22_51_43.903,319,6,13,1,-56.246,-56.344,2.872
2012-05-05-22_51_43.903,319,7,13,1,-65.168,-56.262,3.672
2012-05-05-22_51_43.904,319,0,14,0,2.275,-60.782,3.779
2012-05-05-22_51_43.905,319,1,14,0,-6.753,-60.793,3.379
2012-05-05-22_51_43.905,319,2,14,0,-15.722,-60.702,2.779
2012-05-05-22_51_43.906,319,3,14,0,-24.776,-60.798,3.079
2012-05-05-22_51_43.907,319,4,14,0,-33.763,-60.772,2.579
2012-05-05-22_51_43.907,319,5,14,0,-42.778,-60.835,2.879
2012-05-05-22_51_43.908,319,6,14,0,-51.777,-60.838,2.879
2012-05-05-22_51_43.908,319,7,14,0,-60.699,-60.756,3.679
2012-05-05-22_51_43.909,319,0,14,1,-2.194,-60.788,3.888
2012-05-05-22_51_43.909,319,1,14,1,-11.210,-60.794,3.388
2012-05-05-22_51_43.910,319,2,14,1,-20.191,-60.708,2.888
2012-05-05-22_51_43.911,319,3,14,1,-29.246,-60.804,2.988
2012-05-05-22_51_43.912,319,4,14,1,-38.233,-60.779,2.588
2012-05-05-22_51_43.912,319,5,14,1,-47.247,-60.841,2.888
2012-05-05-22_51_43.913,319,6,14,1,-56.246,-60.844,2.988
2012-05-05-22_51_43.914,319,7,14,1,-65.168,-60.762,3.688
2012-05-05-22_51_43.914,319,0,15,0,2.273,-65.280,3.897
2012-05-05-22_51_43.915,319,1,15,0,-6.751,-65.296,3.397
2012-05-05-22_51_43.915,319,2,15,0,-15.725,-65.200,2.897
2012-05-05-22_51_43.916,319,3,15,0,-24.779,-65.295,3.097
2012-05-05-22_51_43.917,319,4,15,0,-33.766,-65.270,2.597
2012-05-05-22_51_43.919,319,5,15,0,-42.781,-65.332,2.797
2012-05-05-22_51_43.919,319,6,15,0,-51.780,-65.336,2.897
2012-05-05-22_51_43.920,319,7,15,0,-60.702,-65.254,3.397
2012-05-05-22_51_43.921,319,0,15,1,-2.197,-65.288,3.910
2012-05-05-22_51_43.921,319,1,15,1,-11.210,-65.296,3.410
2012-05-05-22_51_43.922,319,2,15,1,-20.194,-65.207,2.810
2012-05-05-22_51_43.923,319,3,15,1,-29.249,-65.303,2.910
2012-05-05-22_51_43.924,319,4,15,1,-38.236,-65.278,2.510
2012-05-05-22_51_43.924,319,5,15,1,-47.250,-65.340,2.910
2012-05-05-22_51_43.925,319,6,15,1,-56.249,-65.344,2.910
2012-05-05-22_51_43.926,319,7,15,1,-65.171,-65.261,3.610
2012-05-05-22_51_43.927,319,0,16,0,2.270,-69.780,3.923
2012-05-05-22_51_43.927,319,1,16,0,-6.751,-69.790,3.423
2012-05-05-22_51_43.928,319,2,16,0,-15.727,-69.700,2.923
2012-05-05-22_51_43.929,319,3,16,0,-24.782,-69.795,3.123
2012-05-05-22_51_43.930,319,4,16,0,-33.769,-69.770,2.323
2012-05-05-22_51_43.930,319,5,16,0,-42.784,-69.833,2.923
2012-05-05-22_51_43.931,319,6,16,0,-51.782,-69.836,2.923
2012-05-05-22_51_43.932,319,7,16,0,-60.704,-69.754,3.723
2012-05-05-22_51_43.932,319,0,16,1,-2.197,-69.789,3.834
2012-05-05-22_51_43.933,319,1,16,1,-11.208,-69.789,3.433
2012-05-05-22_51_43.934,319,2,16,1,-20.194,-69.709,2.834
2012-05-05-22_51_43.934,319,3,16,1,-29.249,-69.804,2.934
2012-05-05-22_51_43.935,319,4,16,1,-38.236,-69.779,2.534
2012-05-05-22_51_43.936,319,5,16,1,-47.251,-69.841,2.834
2012-05-05-22_51_43.936,319,6,16,1,-56.249,-69.845,2.934
2012-05-05-22_51_43.937,319,7,16,1,-65.171,-69.763,3.634
2012-05-05-22_51_43.938,319,0,17,0,2.267,-74.284,3.842
2012-05-05-22_51_43.939,319,1,17,0,-6.747,-74.287,3.442
2012-05-05-22_51_43.939,319,2,17,0,-15.730,-74.204,2.942
2012-05-05-22_51_43.940,319,3,17,0,-24.785,-74.300,3.142
2012-05-05-22_51_43.941,319,4,17,0,-33.772,-74.275,2.442
2012-05-05-22_51_43.941,319,5,17,0,-42.787,-74.337,2.942
2012-05-05-22_51_43.942,319,6,17,0,-51.785,-74.341,2.942
2012-05-05-22_51_43.943,319,7,17,0,-60.707,-74.258,3.542
2012-05-05-22_51_43.944,319,0,17,1,-2.193,-74.291,3.952
2012-05-05-22_51_43.944,319,1,17,1,-11.209,-74.287,3.451
2012-05-05-22_51_43.945,319,2,17,1,-20.190,-74.211,2.852
2012-05-05-22_51_43.946,319,3,17,1,-29.245,-74.307,2.852
2012-05-05-22_51_43.946,319,4,17,1,-38.232,-74.282,2.352
2012-05-05-22_51_43.947,319,5,17,1,-47.246,-74.344,2.852
2012-05-05-22_51_43.948,319,6,17,1,-56.245,-74.348,2.952
2012-05-05-22_51_43.949,319,7,17,1,-65.167,-74.265,3.652
2012-05-05-22_51_43.949,319,0,18,0,2.264,-78.782,3.862
2012-05-05-22_51_43.950,319,1,18,0,-6.747,-78.785,3.462
2012-05-05-22_51_43.951,319,2,18,0,-15.733,-78.702,2.862
2012-05-05-22_51_43.951,319,3,18,0,-24.788,-78.798,3.162
2012-05-05-22_51_43.952,319,4,18,0,-33.775,-78.773,2.562
2012-05-05-22_51_43.952,319,5,18,0,-42.789,-78.835,2.862
2012-05-05-22_51_43.953,319,6,18,0,-51.788,-78.839,2.962
2012-05-05-22_51_43.953,319,7,18,0,-60.710,-78.756,3.662
2012-05-05-22_51_43.954,319,0,18,1,-2.193,-78.788,3.874
2012-05-05-22_51_43.955,319,1,18,1,-11.214,-78.785,3.474
2012-05-05-22_51_43.955,319,2,18,1,-20.190,-78.708,2.874
2012-05-05-22_51_43.956,319,3,18,1,-29.245,-78.803,3.174
2012-05-05-22_51_43.957,319,4,18,1,-38.232,-78.778,2.374
2012-05-05-22_51_43.957,319,5,18,1,-47.247,-78.841,2.974
2012-05-05-22_51_43.958,319,6,18,1,-56.245,-78.844,2.974
2012-05-05-22_51_43.959,319,7,18,1,-65.167,-78.762,3.774
2012-05-05-22_51_43.960,319,0,19,0,2.266,-83.282,3.887
2012-05-05-22_51_43.961,319,1,19,0,-6.750,-83.292,3.487
2012-05-05-22_51_43.962,319,2,19,0,-15.731,-83.202,2.887
2012-05-05-22_51_43.963,319,3,19,0,-24.786,-83.298,3.187
2012-05-05-22_51_43.963,319,4,19,0,-33.773,-83.272,2.287
2012-05-05-22_51_43.964,319,5,19,0,-42.787,-83.335,2.987
2012-05-05-22_51_43.965,319,6,19,0,-51.786,-83.338,2.987
2012-05-05-22_51_43.966,319,7,19,0,-60.708,-83.256,3.587
2012-05-05-22_51_43.966,319,0,19,1,-2.194,-83.288,3.897
2012-05-05-22_51_43.967,319,1,19,1,-11.214,-83.293,3.497
2012-05-05-22_51_43.967,319,2,19,1,-20.191,-83.208,2.897
2012-05-05-22_51_43.968,319,3,19,1,-29.245,-83.304,2.997
2012-05-05-22_51_43.969,319,4,19,1,-38.233,-83.279,2.697
2012-05-05-22_51_43.969,319,5,19,1,-47.247,-83.341,2.997
2012-05-05-22_51_43.970,319,6,19,1,-56.246,-83.344,3.097
2012-05-05-22_51_43.970,319,7,19,1,-65.168,-83.262,3.797
2012-05-05-22_51_43.971,319,0,20,0,2.266,-87.780,4.005
2012-05-05-22_51_43.971,319,1,20,0,-6.748,-87.796,6.005
2012-05-05-22_51_43.972,319,2,20,0,-15.732,-87.700,2.905
2012-05-05-22_51_43.973,319,3,20,0,-24.786,-87.795,3.205
2012-05-05-22_51_43.973,319,4,20,0,-33.773,-87.770,2.605
2012-05-05-22_51_43.974,319,5,20,0,-42.788,-87.833,3.005
2012-05-05-22_51_43.975,319,6,20,0,-51.787,-87.836,2.905
2012-05-05-22_51_43.975,319,7,20,0,-60.709,-87.754,3.805
2012-05-05-22_51_43.976,319,0,20,1,-2.192,-87.788,4.014
2012-05-05-22_51_43.976,319,1,20,1,-11.212,-87.796,3.514
2012-05-05-22_51_43.977,319,2,20,1,-20.189,-87.708,3.014
2012-05-05-22_51_43.978,319,3,20,1,-29.243,-87.803,3.214
2012-05-05-22_51_43.978,319,4,20,1,-38.230,-87.778,2.714
2012-05-05-22_51_43.979,319,5,20,1,-47.245,-87.840,3.014
2012-05-05-22_51_43.980,319,6,20,1,-56.244,-87.844,3.114
2012-05-05-22_51_43.981,319,7,20,1,-65.166,-87.762,3.814
2012-05-05-22_51_43.981,319,0,21,0,2.265,-92.279,4.024
2012-05-05-22_51_43.982,319,1,21,0,-6.751,-92.291,3.524
2012-05-05-22_51_43.983,319,2,21,0,-15.732,-92.199,2.924
2012-05-05-22_51_43.984,319,3,21,0,-24.787,-92.295,3.224
2012-05-05-22_51_43.984,319,4,21,0,-33.774,-92.270,2.524
2012-05-05-22_51_43.985,319,5,21,0,-42.788,-92.332,2.924
2012-05-05-22_51_43.985,319,6,21,0,-51.787,-92.336,3.024
2012-05-05-22_51_43.986,319,7,21,0,-60.709,-92.253,3.624
2012-05-05-22_51_43.987,319,0,21,1,-2.194,-92.290,4.037
2012-05-05-22_51_43.987,319,1,21,1,-11.213,-92.290,3.437
2012-05-05-22_51_43.988,319,2,21,1,-20.192,-92.210,2.937
2012-05-05-22_51_43.989,319,3,21,1,-29.246,-92.305,3.037
2012-05-05-22_51_43.990,319,4,21,1,-38.233,-92.280,2.537
2012-05-05-22_51_43.991,319,5,21,1,-47.248,-92.343,2.937
2012-05-05-22_51_43.991,319,6,21,1,-56.247,-92.346,3.037
2012-05-05-22_51_43.992,319,7,21,1,-65.169,-92.264,3.737
2012-05-05-22_51_43.992,319,0,22,0,2.267,-96.784,3.950
2012-05-05-22_51_43.993,319,1,22,0,-6.754,-96.789,3.550
2012-05-05-22_51_43.994,319,2,22,0,-15.730,-96.704,3.050
2012-05-05-22_51_43.994,319,3,22,0,-24.785,-96.799,3.250
2012-05-05-22_51_43.995,319,4,22,0,-33.772,-96.774,2.650
2012-05-05-22_51_43.995,319,5,22,0,-42.786,-96.837,2.950
2012-05-05-22_51_43.996,319,6,22,0,-51.785,-96.840,3.050
2012-05-05-22_51_43.997,319,7,22,0,-60.707,-96.758,3.750
2012-05-05-22_51_43.997,319,0,22,1,-2.195,-96.792,4.058
2012-05-05-22_51_43.998,319,1,22,1,-11.213,-96.789,3.558
2012-05-05-22_51_43.999,319,2,22,1,-20.192,-96.712,2.958
2012-05-05-22_51_43.999,319,3,22,1,-29.247,-96.808,3.058
2012-05-05-22_51_44.000,319,4,22,1,-38.234,-96.783,2.758
2012-05-05-22_51_44.001,319,5,22,1,-47.248,-96.845,3.058
2012-05-05-22_51_44.001,319,6,22,1,-56.247,-96.848,3.058
2012-05-05-22_51_44.004,319,7,22,1,-65.169,-96.766,3.758
2012-05-05-22_51_44.004,319,0,23,0,2.267,-101.281,4.068
2012-05-05-22_51_44.005,319,1,23,0,-6.754,-101.286,3.568
2012-05-05-22_51_44.006,319,2,23,0,-15.730,-101.201,2.968
2012-05-05-22_51_44.006,319,3,23,0,-24.785,-101.297,3.268
2012-05-05-22_51_44.007,319,4,23,0,-33.772,-101.272,2.668
2012-05-05-22_51_44.008,319,5,23,0,-42.787,-101.334,2.968
2012-05-05-22_51_44.008,319,6,23,0,-51.785,-101.338,2.968
2012-05-05-22_51_44.009,319,7,23,0,-60.707,-101.255,3.568
2012-05-05-22_51_44.010,319,0,23,1,-2.183,-101.281,3.968
2012-05-05-22_51_44.010,319,1,23,1,-11.211,-101.286,3.568
2012-05-05-22_51_44.011,319,2,23,1,-20.180,-101.200,3.068
2012-05-05-22_51_44.012,319,3,23,1,-29.235,-101.296,3.068
2012-05-05-22_51_44.012,319,4,23,1,-38.222,-101.271,2.668
2012-05-05-22_51_44.013,319,5,23,1,-47.237,-101.333,3.068
2012-05-05-22_51_44.014,319,6,23,1,-56.235,-101.337,3.068
2012-05-05-22_51_44.014,319,7,23,1,-65.157,-101.254,3.768
