2012-05-07-17_25_31.789,59,0,0,0,2.255,2.219,4.407
2012-05-07-17_25_31.789,59,0,0,0,2.202,2.279,4.307
2012-05-07-17_25_31.791,59,1,0,0,-6.747,2.292,4.215
2012-05-07-17_25_31.792,59,1,0,0,-6.801,2.353,4.215
2012-05-07-17_25_31.793,59,2,0,0,-15.725,2.234,4.236
2012-05-07-17_25_31.794,59,2,0,0,-15.779,2.294,4.236
2012-05-07-17_25_31.795,59,3,0,0,-24.749,2.242,4.313
2012-05-07-17_25_31.795,59,3,0,0,-24.803,2.302,4.215
2012-05-07-17_25_31.796,59,4,0,0,-33.739,2.261,3.730
2012-05-07-17_25_31.797,59,4,0,0,-33.793,2.321,3.730
2012-05-07-17_25_31.798,59,5,0,0,-42.787,2.235,4.318
2012-05-07-17_25_31.798,59,5,0,0,-42.841,2.295,4.220
2012-05-07-17_25_31.799,59,6,0,0,-51.766,2.168,4.166
2012-05-07-17_25_31.800,59,6,0,0,-51.820,2.229,4.068
2012-05-07-17_25_31.801,59,7,0,0,-60.820,2.245,4.264
2012-05-07-17_25_31.801,59,7,0,0,-60.812,2.288,4.264
2012-05-07-17_25_31.813,59,0,0,1,-2.195,2.212,4.307
2012-05-07-17_25_31.814,59,0,0,1,-2.258,2.279,4.207
2012-05-07-17_25_31.815,59,1,0,1,-11.197,2.285,4.215
2012-05-07-17_25_31.816,59,1,0,1,-11.260,2.353,4.215
2012-05-07-17_25_31.817,59,2,0,1,-20.175,2.226,4.334
2012-05-07-17_25_31.818,59,2,0,1,-20.238,2.294,4.334
2012-05-07-17_25_31.819,59,3,0,1,-29.199,2.234,4.313
2012-05-07-17_25_31.820,59,3,0,1,-29.262,2.302,4.215
2012-05-07-17_25_31.822,59,4,0,1,-38.189,2.253,4.122
2012-05-07-17_25_31.823,59,4,0,1,-38.252,2.321,4.121
2012-05-07-17_25_31.824,59,5,0,1,-47.237,2.227,4.122
2012-05-07-17_25_31.824,59,5,0,1,-47.300,2.295,4.122
2012-05-07-17_25_31.825,59,6,0,1,-56.216,2.161,4.265
2012-05-07-17_25_31.826,59,6,0,1,-56.279,2.229,4.265
2012-05-07-17_25_31.827,59,7,0,1,-65.270,2.237,4.364
2012-05-07-17_25_31.828,59,7,0,1,-65.333,2.305,4.364
2012-05-07-17_25_31.829,59,0,1,0,2.255,-2.278,4.419
2012-05-07-17_25_31.830,59,0,1,0,2.201,-2.225,4.419
2012-05-07-17_25_31.831,59,1,1,0,-6.748,-2.205,4.424
2012-05-07-17_25_31.831,59,1,1,0,-6.801,-2.152,4.424
2012-05-07-17_25_31.832,59,2,1,0,-15.726,-2.263,4.248
2012-05-07-17_25_31.833,59,2,1,0,-15.779,-2.210,4.248
2012-05-07-17_25_31.834,59,3,1,0,-24.750,-2.255,4.325
2012-05-07-17_25_31.834,59,3,1,0,-24.803,-2.202,4.325
2012-05-07-17_25_31.836,59,4,1,0,-33.740,-2.237,4.036
2012-05-07-17_25_31.836,59,4,1,0,-33.793,-2.184,3.840
2012-05-07-17_25_31.837,59,5,1,0,-42.788,-2.262,4.330
2012-05-07-17_25_31.838,59,5,1,0,-42.841,-2.209,4.232
2012-05-07-17_25_31.840,59,6,1,0,-51.767,-2.329,4.277
2012-05-07-17_25_31.840,59,6,1,0,-51.820,-2.276,4.179
2012-05-07-17_25_31.841,59,7,1,0,-60.820,-2.253,4.276
2012-05-07-17_25_31.842,59,7,1,0,-60.815,-2.212,4.276
2012-05-07-17_25_31.843,59,0,1,1,-2.195,-2.287,4.529
2012-05-07-17_25_31.844,59,0,1,1,-2.258,-2.224,4.528
2012-05-07-17_25_31.845,59,1,1,1,-11.198,-2.213,4.532
2012-05-07-17_25_31.846,59,1,1,1,-11.261,-2.151,4.433
2012-05-07-17_25_31.847,59,2,1,1,-20.176,-2.272,4.356
2012-05-07-17_25_31.847,59,2,1,1,-20.239,-2.209,4.355
2012-05-07-17_25_31.848,59,3,1,1,-29.200,-2.264,4.335
2012-05-07-17_25_31.849,59,3,1,1,-29.263,-2.201,4.237
2012-05-07-17_25_31.850,59,4,1,1,-38.190,-2.245,3.850
2012-05-07-17_25_31.850,59,4,1,1,-38.253,-2.182,3.850
2012-05-07-17_25_31.851,59,5,1,1,-47.238,-2.271,4.144
2012-05-07-17_25_31.852,59,5,1,1,-47.301,-2.208,4.242
2012-05-07-17_25_31.852,59,6,1,1,-56.217,-2.337,4.286
2012-05-07-17_25_31.853,59,6,1,1,-56.280,-2.275,4.188
2012-05-07-17_25_31.854,59,7,1,1,-65.270,-2.261,4.286
2012-05-07-17_25_31.854,59,7,1,1,-65.333,-2.199,4.286
2012-05-07-17_25_31.855,59,0,2,0,2.252,-6.781,4.446
2012-05-07-17_25_31.856,59,0,2,0,2.199,-6.719,4.446
2012-05-07-17_25_31.857,59,1,2,0,-6.751,-6.708,4.549
2012-05-07-17_25_31.857,59,1,2,0,-6.804,-6.646,4.549
2012-05-07-17_25_31.858,59,2,2,0,-15.729,-6.766,4.373
2012-05-07-17_25_31.859,59,2,2,0,-15.782,-6.704,4.274
2012-05-07-17_25_31.859,59,3,2,0,-24.753,-6.758,4.254
2012-05-07-17_25_31.860,59,3,2,0,-24.806,-6.696,4.254
2012-05-07-17_25_31.861,59,4,2,0,-33.743,-6.740,4.063
2012-05-07-17_25_31.862,59,4,2,0,-33.796,-6.677,3.965
2012-05-07-17_25_31.863,59,5,2,0,-42.791,-6.765,4.455
2012-05-07-17_25_31.863,59,5,2,0,-42.844,-6.703,4.455
2012-05-07-17_25_31.873,59,6,2,0,-51.770,-6.832,4.303
2012-05-07-17_25_31.874,59,6,2,0,-51.823,-6.769,4.205
2012-05-07-17_25_31.875,59,7,2,0,-60.823,-6.756,4.502
2012-05-07-17_25_31.876,59,7,2,0,-60.816,-6.706,4.502
2012-05-07-17_25_31.877,59,0,2,1,-2.191,-6.791,4.456
2012-05-07-17_25_31.878,59,0,2,1,-2.258,-6.718,4.456
2012-05-07-17_25_31.878,59,1,2,1,-11.193,-6.718,4.461
2012-05-07-17_25_31.879,59,1,2,1,-11.261,-6.645,4.461
2012-05-07-17_25_31.880,59,2,2,1,-20.171,-6.776,4.383
2012-05-07-17_25_31.880,59,2,2,1,-20.239,-6.703,4.383
2012-05-07-17_25_31.881,59,3,2,1,-29.195,-6.768,4.362
2012-05-07-17_25_31.882,59,3,2,1,-29.263,-6.695,4.362
2012-05-07-17_25_31.883,59,4,2,1,-38.185,-6.749,4.171
2012-05-07-17_25_31.884,59,4,2,1,-38.253,-6.676,4.170
2012-05-07-17_25_31.885,59,5,2,1,-47.233,-6.775,4.171
2012-05-07-17_25_31.885,59,5,2,1,-47.301,-6.702,4.465
2012-05-07-17_25_31.886,59,6,2,1,-56.212,-6.842,4.314
2012-05-07-17_25_31.887,59,6,2,1,-56.280,-6.769,4.313
2012-05-07-17_25_31.888,59,7,2,1,-65.266,-6.765,4.413
2012-05-07-17_25_31.889,59,7,2,1,-65.334,-6.693,4.413
2012-05-07-17_25_31.890,59,0,3,0,2.254,-11.284,4.467
2012-05-07-17_25_31.891,59,0,3,0,2.196,-11.218,4.467
2012-05-07-17_25_31.891,59,1,3,0,-6.749,-11.211,4.570
2012-05-07-17_25_31.892,59,1,3,0,-6.807,-11.145,4.570
2012-05-07-17_25_31.893,59,2,3,0,-15.727,-11.270,4.296
2012-05-07-17_25_31.895,59,2,3,0,-15.785,-11.203,4.296
2012-05-07-17_25_31.896,59,3,3,0,-24.751,-11.262,4.275
2012-05-07-17_25_31.896,59,3,3,0,-24.809,-11.195,4.275
2012-05-07-17_25_31.897,59,4,3,0,-33.741,-11.243,4.182
2012-05-07-17_25_31.898,59,4,3,0,-33.799,-11.176,4.084
2012-05-07-17_25_31.899,59,5,3,0,-42.789,-11.269,4.280
2012-05-07-17_25_31.899,59,5,3,0,-42.847,-11.202,4.280
2012-05-07-17_25_31.900,59,6,3,0,-51.768,-11.335,4.325
2012-05-07-17_25_31.901,59,6,3,0,-51.826,-11.269,4.325
2012-05-07-17_25_31.903,59,7,3,0,-60.821,-11.259,4.324
2012-05-07-17_25_31.904,59,7,3,0,-60.816,-11.206,4.424
2012-05-07-17_25_31.904,59,0,3,1,-2.191,-11.292,4.576
2012-05-07-17_25_31.905,59,0,3,1,-2.254,-11.218,4.476
2012-05-07-17_25_31.906,59,1,3,1,-11.194,-11.219,4.579
2012-05-07-17_25_31.906,59,1,3,1,-11.256,-11.144,4.579
2012-05-07-17_25_31.907,59,2,3,1,-20.172,-11.277,4.403
2012-05-07-17_25_31.908,59,2,3,1,-20.235,-11.203,4.403
2012-05-07-17_25_31.909,59,3,3,1,-29.196,-11.269,4.382
2012-05-07-17_25_31.909,59,3,3,1,-29.258,-11.195,4.382
2012-05-07-17_25_31.910,59,4,3,1,-38.186,-11.250,4.289
2012-05-07-17_25_31.911,59,4,3,1,-38.249,-11.176,4.190
2012-05-07-17_25_31.912,59,5,3,1,-47.234,-11.276,4.191
2012-05-07-17_25_31.913,59,5,3,1,-47.297,-11.202,4.387
2012-05-07-17_25_31.914,59,6,3,1,-56.213,-11.343,4.235
2012-05-07-17_25_31.915,59,6,3,1,-56.276,-11.268,4.333
2012-05-07-17_25_31.915,59,7,3,1,-65.266,-11.267,4.333
2012-05-07-17_25_31.916,59,7,3,1,-65.329,-11.192,4.233
2012-05-07-17_25_31.917,59,0,4,0,2.256,-15.782,4.488
2012-05-07-17_25_31.918,59,0,4,0,2.195,-15.718,4.488
2012-05-07-17_25_31.918,59,1,4,0,-6.746,-15.708,4.591
2012-05-07-17_25_31.919,59,1,4,0,-6.807,-15.645,4.493
2012-05-07-17_25_31.920,59,2,4,0,-15.725,-15.767,4.415
2012-05-07-17_25_31.921,59,2,4,0,-15.785,-15.703,4.317
2012-05-07-17_25_31.922,59,3,4,0,-24.748,-15.759,4.394
2012-05-07-17_25_31.922,59,3,4,0,-24.809,-15.695,4.394
2012-05-07-17_25_31.923,59,4,4,0,-33.739,-15.740,3.909
2012-05-07-17_25_31.925,59,4,4,0,-33.799,-15.676,3.811
2012-05-07-17_25_31.926,59,5,4,0,-42.787,-15.766,4.301
2012-05-07-17_25_31.927,59,5,4,0,-42.847,-15.702,4.203
2012-05-07-17_25_31.927,59,6,4,0,-51.766,-15.832,4.247
2012-05-07-17_25_31.928,59,6,4,0,-51.826,-15.769,4.247
2012-05-07-17_25_31.929,59,7,4,0,-60.819,-15.756,4.445
2012-05-07-17_25_31.930,59,7,4,0,-60.814,-15.709,4.345
2012-05-07-17_25_31.931,59,0,4,1,-2.191,-15.788,4.500
2012-05-07-17_25_31.934,59,0,4,1,-2.254,-15.718,4.500
2012-05-07-17_25_31.935,59,1,4,1,-11.194,-15.715,4.505
2012-05-07-17_25_31.937,59,1,4,1,-11.257,-15.645,4.406
2012-05-07-17_25_31.938,59,2,4,1,-20.172,-15.773,4.427
2012-05-07-17_25_31.938,59,2,4,1,-20.235,-15.703,4.329
2012-05-07-17_25_31.940,59,3,4,1,-29.196,-15.766,4.406
2012-05-07-17_25_31.941,59,3,4,1,-29.259,-15.695,4.308
2012-05-07-17_25_31.941,59,4,4,1,-38.186,-15.747,3.921
2012-05-07-17_25_31.942,59,4,4,1,-38.249,-15.677,3.921
2012-05-07-17_25_31.943,59,5,4,1,-47.234,-15.773,4.117
2012-05-07-17_25_31.944,59,5,4,1,-47.297,-15.702,4.215
2012-05-07-17_25_31.945,59,6,4,1,-56.213,-15.839,4.161
2012-05-07-17_25_31.945,59,6,4,1,-56.276,-15.769,4.161
2012-05-07-17_25_31.946,59,7,4,1,-65.267,-15.763,4.357
2012-05-07-17_25_31.947,59,7,4,1,-65.330,-15.693,4.257
2012-05-07-17_25_31.948,59,0,5,0,2.258,-20.281,4.514
2012-05-07-17_25_31.949,59,0,5,0,2.200,-20.223,4.514
2012-05-07-17_25_31.949,59,1,5,0,-6.744,-20.208,4.519
2012-05-07-17_25_31.950,59,1,5,0,-6.803,-20.150,4.519
2012-05-07-17_25_31.951,59,2,5,0,-15.723,-20.266,4.441
2012-05-07-17_25_31.952,59,2,5,0,-15.781,-20.208,4.343
2012-05-07-17_25_31.952,59,3,5,0,-24.746,-20.258,4.226
2012-05-07-17_25_31.953,59,3,5,0,-24.805,-20.200,4.128
2012-05-07-17_25_31.954,59,4,5,0,-33.737,-20.240,4.131
2012-05-07-17_25_31.955,59,4,5,0,-33.795,-20.181,4.034
2012-05-07-17_25_31.956,59,5,5,0,-42.785,-20.265,4.328
2012-05-07-17_25_31.957,59,5,5,0,-42.843,-20.207,4.230
2012-05-07-17_25_31.957,59,6,5,0,-51.764,-20.332,4.274
2012-05-07-17_25_31.958,59,6,5,0,-51.822,-20.274,4.274
2012-05-07-17_25_31.958,59,7,5,0,-60.817,-20.256,4.272
2012-05-07-17_25_31.959,59,7,5,0,-60.815,-20.212,4.272
2012-05-07-17_25_31.960,59,0,5,1,-2.189,-20.289,4.524
2012-05-07-17_25_31.962,59,0,5,1,-2.255,-20.223,4.524
2012-05-07-17_25_31.963,59,1,5,1,-11.192,-20.216,4.431
2012-05-07-17_25_31.963,59,1,5,1,-11.257,-20.150,4.431
2012-05-07-17_25_31.964,59,2,5,1,-20.170,-20.274,4.353
2012-05-07-17_25_31.965,59,2,5,1,-20.236,-20.208,4.353
2012-05-07-17_25_31.967,59,3,5,1,-29.194,-20.266,4.333
2012-05-07-17_25_31.968,59,3,5,1,-29.259,-20.200,4.333
2012-05-07-17_25_31.968,59,4,5,1,-38.184,-20.248,3.946
2012-05-07-17_25_31.969,59,4,5,1,-38.250,-20.181,3.945
2012-05-07-17_25_31.970,59,5,5,1,-47.232,-20.273,4.142
2012-05-07-17_25_31.971,59,5,5,1,-47.297,-20.207,4.337
2012-05-07-17_25_31.972,59,6,5,1,-56.211,-20.340,4.284
2012-05-07-17_25_31.972,59,6,5,1,-56.276,-20.274,4.284
2012-05-07-17_25_31.973,59,7,5,1,-65.265,-20.264,4.481
2012-05-07-17_25_31.974,59,7,5,1,-65.330,-20.197,4.481
2012-05-07-17_25_31.975,59,0,6,0,2.260,-24.778,4.534
2012-05-07-17_25_31.976,59,0,6,0,2.199,-24.726,4.534
2012-05-07-17_25_31.977,59,1,6,0,-6.742,-24.705,4.638
2012-05-07-17_25_31.977,59,1,6,0,-6.803,-24.653,4.539
2012-05-07-17_25_31.978,59,2,6,0,-15.721,-24.763,4.363
2012-05-07-17_25_31.981,59,2,6,0,-15.781,-24.711,4.461
2012-05-07-17_25_31.981,59,3,6,0,-24.744,-24.755,4.440
2012-05-07-17_25_31.982,59,3,6,0,-24.805,-24.704,4.343
2012-05-07-17_25_31.983,59,4,6,0,-33.735,-24.737,3.956
2012-05-07-17_25_31.984,59,4,6,0,-33.795,-24.685,3.858
2012-05-07-17_25_31.985,59,5,6,0,-42.783,-24.762,4.250
2012-05-07-17_25_31.986,59,5,6,0,-42.843,-24.711,4.347
2012-05-07-17_25_31.986,59,6,6,0,-51.761,-24.829,4.294
2012-05-07-17_25_31.987,59,6,6,0,-51.822,-24.777,4.294
2012-05-07-17_25_31.988,59,7,6,0,-60.815,-24.753,4.491
2012-05-07-17_25_31.989,59,7,6,0,-60.810,-24.711,4.491
2012-05-07-17_25_31.989,59,0,6,1,-2.195,-24.787,4.544
2012-05-07-17_25_31.990,59,0,6,1,-2.255,-24.725,4.544
2012-05-07-17_25_31.991,59,1,6,1,-11.197,-24.714,4.549
2012-05-07-17_25_31.992,59,1,6,1,-11.258,-24.652,4.549
2012-05-07-17_25_31.992,59,2,6,1,-20.175,-24.772,4.373
2012-05-07-17_25_31.993,59,2,6,1,-20.236,-24.710,4.373
2012-05-07-17_25_31.994,59,3,6,1,-29.199,-24.765,4.548
2012-05-07-17_25_31.994,59,3,6,1,-29.260,-24.703,4.450
2012-05-07-17_25_31.995,59,4,6,1,-38.189,-24.746,3.965
2012-05-07-17_25_31.996,59,4,6,1,-38.250,-24.684,3.965
2012-05-07-17_25_31.996,59,5,6,1,-47.237,-24.772,4.259
2012-05-07-17_25_31.997,59,5,6,1,-47.298,-24.710,4.553
2012-05-07-17_25_31.998,59,6,6,1,-56.216,-24.838,4.303
2012-05-07-17_25_31.999,59,6,6,1,-56.277,-24.776,4.402
2012-05-07-17_25_32.000,59,7,6,1,-65.270,-24.762,4.401
2012-05-07-17_25_32.000,59,7,6,1,-65.331,-24.700,4.401
2012-05-07-17_25_32.001,59,0,7,0,2.262,-29.281,4.558
2012-05-07-17_25_32.003,59,0,7,0,2.199,-29.218,4.458
2012-05-07-17_25_32.004,59,1,7,0,-6.740,-29.208,4.465
2012-05-07-17_25_32.005,59,1,7,0,-6.803,-29.145,4.465
2012-05-07-17_25_32.005,59,2,7,0,-15.719,-29.266,4.485
2012-05-07-17_25_32.006,59,2,7,0,-15.782,-29.204,4.387
2012-05-07-17_25_32.006,59,3,7,0,-24.742,-29.259,4.367
2012-05-07-17_25_32.007,59,3,7,0,-24.805,-29.196,4.367
2012-05-07-17_25_32.008,59,4,7,0,-33.733,-29.240,4.273
2012-05-07-17_25_32.009,59,4,7,0,-33.796,-29.177,4.273
2012-05-07-17_25_32.010,59,5,7,0,-42.781,-29.266,4.371
2012-05-07-17_25_32.010,59,5,7,0,-42.844,-29.203,4.469
2012-05-07-17_25_32.011,59,6,7,0,-51.759,-29.332,4.416
2012-05-07-17_25_32.012,59,6,7,0,-51.822,-29.269,4.318
2012-05-07-17_25_32.013,59,7,7,0,-60.813,-29.256,4.415
2012-05-07-17_25_32.014,59,7,7,0,-60.808,-29.206,4.415
2012-05-07-17_25_32.015,59,0,7,1,-2.193,-29.290,4.571
2012-05-07-17_25_32.015,59,0,7,1,-2.256,-29.218,4.571
2012-05-07-17_25_32.016,59,1,7,1,-11.195,-29.217,4.675
2012-05-07-17_25_32.017,59,1,7,1,-11.258,-29.145,4.576
2012-05-07-17_25_32.018,59,2,7,1,-20.173,-29.275,4.400
2012-05-07-17_25_32.019,59,2,7,1,-20.236,-29.203,4.400
2012-05-07-17_25_32.019,59,3,7,1,-29.197,-29.267,4.380
2012-05-07-17_25_32.020,59,3,7,1,-29.260,-29.195,4.380
2012-05-07-17_25_32.021,59,4,7,1,-38.187,-29.249,4.188
2012-05-07-17_25_32.022,59,4,7,1,-38.250,-29.176,4.188
2012-05-07-17_25_32.022,59,5,7,1,-47.235,-29.274,4.384
2012-05-07-17_25_32.023,59,5,7,1,-47.298,-29.202,4.580
2012-05-07-17_25_32.024,59,6,7,1,-56.214,-29.341,4.331
2012-05-07-17_25_32.025,59,6,7,1,-56.277,-29.269,4.331
2012-05-07-17_25_32.025,59,7,7,1,-65.268,-29.265,4.528
2012-05-07-17_25_32.026,59,7,7,1,-65.331,-29.193,4.528
2012-05-07-17_25_32.027,59,0,8,0,2.262,-33.784,4.583
2012-05-07-17_25_32.028,59,0,8,0,2.201,-33.717,4.583
2012-05-07-17_25_32.030,59,1,8,0,-6.741,-33.710,4.588
2012-05-07-17_25_32.031,59,1,8,0,-6.801,-33.644,4.588
2012-05-07-17_25_32.032,59,2,8,0,-15.719,-33.769,4.412
2012-05-07-17_25_32.033,59,2,8,0,-15.780,-33.702,4.412
2012-05-07-17_25_32.034,59,3,8,0,-24.743,-33.761,4.392
2012-05-07-17_25_32.035,59,3,8,0,-24.803,-33.694,4.295
2012-05-07-17_25_32.036,59,4,8,0,-33.733,-33.742,4.396
2012-05-07-17_25_32.036,59,4,8,0,-33.794,-33.676,4.298
2012-05-07-17_25_32.037,59,5,8,0,-42.781,-33.768,4.495
2012-05-07-17_25_32.038,59,5,8,0,-42.842,-33.701,4.495
2012-05-07-17_25_32.039,59,6,8,0,-51.760,-33.834,4.441
2012-05-07-17_25_32.040,59,6,8,0,-51.820,-33.768,4.343
2012-05-07-17_25_32.041,59,7,8,0,-60.814,-33.758,4.540
2012-05-07-17_25_32.042,59,7,8,0,-60.808,-33.706,4.640
2012-05-07-17_25_32.044,59,0,8,1,-2.196,-33.791,4.593
2012-05-07-17_25_32.044,59,0,8,1,-2.254,-33.716,4.593
2012-05-07-17_25_32.045,59,1,8,1,-11.198,-33.718,4.598
2012-05-07-17_25_32.045,59,1,8,1,-11.256,-33.643,4.598
2012-05-07-17_25_32.046,59,2,8,1,-20.176,-33.776,4.520
2012-05-07-17_25_32.047,59,2,8,1,-20.234,-33.701,4.422
2012-05-07-17_25_32.050,59,3,8,1,-29.200,-33.768,4.499
2012-05-07-17_25_32.051,59,3,8,1,-29.258,-33.693,4.499
2012-05-07-17_25_32.051,59,4,8,1,-38.190,-33.750,4.308
2012-05-07-17_25_32.052,59,4,8,1,-38.248,-33.675,4.308
2012-05-07-17_25_32.053,59,5,8,1,-47.238,-33.775,4.504
2012-05-07-17_25_32.053,59,5,8,1,-47.296,-33.700,4.504
2012-05-07-17_25_32.054,59,6,8,1,-56.217,-33.842,4.353
2012-05-07-17_25_32.060,59,6,8,1,-56.275,-33.767,4.353
2012-05-07-17_25_32.061,59,7,8,1,-65.271,-33.766,4.550
2012-05-07-17_25_32.061,59,7,8,1,-65.329,-33.691,4.450
2012-05-07-17_25_32.062,59,0,9,0,2.259,-38.282,4.604
2012-05-07-17_25_32.063,59,0,9,0,2.203,-38.217,4.604
2012-05-07-17_25_32.064,59,1,9,0,-6.744,-38.208,4.707
2012-05-07-17_25_32.065,59,1,9,0,-6.799,-38.144,4.609
2012-05-07-17_25_32.066,59,2,9,0,-15.722,-38.267,4.531
2012-05-07-17_25_32.066,59,2,9,0,-15.778,-38.203,4.433
2012-05-07-17_25_32.067,59,3,9,0,-24.746,-38.259,4.510
2012-05-07-17_25_32.068,59,3,9,0,-24.801,-38.195,4.412
2012-05-07-17_25_32.069,59,4,9,0,-33.736,-38.240,4.221
2012-05-07-17_25_32.070,59,4,9,0,-33.792,-38.176,4.123
2012-05-07-17_25_32.071,59,5,9,0,-42.784,-38.266,4.319
2012-05-07-17_25_32.071,59,5,9,0,-42.840,-38.202,4.417
2012-05-07-17_25_32.072,59,6,9,0,-51.763,-38.332,4.363
2012-05-07-17_25_32.074,59,6,9,0,-51.818,-38.268,4.363
2012-05-07-17_25_32.075,59,7,9,0,-60.817,-38.256,4.461
2012-05-07-17_25_32.076,59,7,9,0,-60.811,-38.209,4.361
2012-05-07-17_25_32.076,59,0,9,1,-2.198,-38.288,4.615
2012-05-07-17_25_32.077,59,0,9,1,-2.257,-38.217,4.615
2012-05-07-17_25_32.078,59,1,9,1,-11.201,-38.214,4.620
2012-05-07-17_25_32.079,59,1,9,1,-11.259,-38.144,4.620
2012-05-07-17_25_32.080,59,2,9,1,-20.179,-38.273,4.444
2012-05-07-17_25_32.080,59,2,9,1,-20.237,-38.202,4.444
2012-05-07-17_25_32.081,59,3,9,1,-29.203,-38.265,4.521
2012-05-07-17_25_32.082,59,3,9,1,-29.261,-38.194,4.423
2012-05-07-17_25_32.083,59,4,9,1,-38.193,-38.246,4.036
2012-05-07-17_25_32.084,59,4,9,1,-38.251,-38.176,4.036
2012-05-07-17_25_32.085,59,5,9,1,-47.241,-38.272,4.330
2012-05-07-17_25_32.086,59,5,9,1,-47.299,-38.201,4.330
2012-05-07-17_25_32.087,59,6,9,1,-56.220,-38.338,4.374
2012-05-07-17_25_32.087,59,6,9,1,-56.278,-38.268,4.374
2012-05-07-17_25_32.089,59,7,9,1,-65.274,-38.262,4.572
2012-05-07-17_25_32.091,59,7,9,1,-65.332,-38.192,4.472
2012-05-07-17_25_32.092,59,0,10,0,2.258,-42.781,4.631
2012-05-07-17_25_32.093,59,0,10,0,2.203,-42.721,4.531
2012-05-07-17_25_32.094,59,1,10,0,-6.744,-42.708,4.636
2012-05-07-17_25_32.095,59,1,10,0,-6.800,-42.648,4.636
2012-05-07-17_25_32.096,59,2,10,0,-15.722,-42.767,4.558
2012-05-07-17_25_32.096,59,2,10,0,-15.778,-42.706,4.558
2012-05-07-17_25_32.097,59,3,10,0,-24.746,-42.759,4.439
2012-05-07-17_25_32.097,59,3,10,0,-24.802,-42.699,4.439
2012-05-07-17_25_32.098,59,4,10,0,-33.736,-42.740,4.150
2012-05-07-17_25_32.099,59,4,10,0,-33.792,-42.680,4.150
2012-05-07-17_25_32.100,59,5,10,0,-42.784,-42.766,4.346
2012-05-07-17_25_32.101,59,5,10,0,-42.840,-42.706,4.640
2012-05-07-17_25_32.101,59,6,10,0,-51.763,-42.832,4.488
2012-05-07-17_25_32.102,59,6,10,0,-51.819,-42.772,4.488
2012-05-07-17_25_32.103,59,7,10,0,-60.817,-42.756,4.588
2012-05-07-17_25_32.104,59,7,10,0,-60.812,-42.713,4.588
2012-05-07-17_25_32.105,59,0,10,1,-2.199,-42.789,4.642
2012-05-07-17_25_32.106,59,0,10,1,-2.259,-42.721,4.642
2012-05-07-17_25_32.106,59,1,10,1,-11.201,-42.716,4.647
2012-05-07-17_25_32.107,59,1,10,1,-11.262,-42.648,4.549
2012-05-07-17_25_32.108,59,2,10,1,-20.180,-42.774,4.471
2012-05-07-17_25_32.109,59,2,10,1,-20.240,-42.706,4.471
2012-05-07-17_25_32.110,59,3,10,1,-29.203,-42.766,4.451
2012-05-07-17_25_32.111,59,3,10,1,-29.264,-42.699,4.548
2012-05-07-17_25_32.112,59,4,10,1,-38.194,-42.747,4.357
2012-05-07-17_25_32.113,59,4,10,1,-38.254,-42.680,4.259
2012-05-07-17_25_32.113,59,5,10,1,-47.241,-42.773,4.455
2012-05-07-17_25_32.114,59,5,10,1,-47.302,-42.706,4.651
2012-05-07-17_25_32.115,59,6,10,1,-56.220,-42.839,4.500
2012-05-07-17_25_32.116,59,6,10,1,-56.281,-42.772,4.402
2012-05-07-17_25_32.117,59,7,10,1,-65.274,-42.763,4.499
2012-05-07-17_25_32.118,59,7,10,1,-65.335,-42.696,4.499
2012-05-07-17_25_32.118,59,0,11,0,2.255,-47.278,4.652
2012-05-07-17_25_32.119,59,0,11,0,2.205,-47.225,4.552
2012-05-07-17_25_32.120,59,1,11,0,-6.747,-47.205,4.755
2012-05-07-17_25_32.121,59,1,11,0,-6.798,-47.152,4.755
2012-05-07-17_25_32.122,59,2,11,0,-15.725,-47.263,4.481
2012-05-07-17_25_32.122,59,2,11,0,-15.776,-47.210,4.481
2012-05-07-17_25_32.123,59,3,11,0,-24.749,-47.255,4.461
2012-05-07-17_25_32.124,59,3,11,0,-24.800,-47.203,4.461
2012-05-07-17_25_32.124,59,4,11,0,-33.739,-47.236,4.269
2012-05-07-17_25_32.125,59,4,11,0,-33.790,-47.184,4.171
2012-05-07-17_25_32.126,59,5,11,0,-42.787,-47.262,4.367
2012-05-07-17_25_32.127,59,5,11,0,-42.838,-47.210,4.563
2012-05-07-17_25_32.128,59,6,11,0,-51.766,-47.329,4.510
2012-05-07-17_25_32.128,59,6,11,0,-51.817,-47.276,4.510
2012-05-07-17_25_32.129,59,7,11,0,-60.820,-47.253,4.409
2012-05-07-17_25_32.130,59,7,11,0,-60.812,-47.211,4.409
2012-05-07-17_25_32.132,59,0,11,1,-2.202,-47.287,4.661
2012-05-07-17_25_32.133,59,0,11,1,-2.262,-47.225,4.661
2012-05-07-17_25_32.133,59,1,11,1,-11.204,-47.214,4.666
2012-05-07-17_25_32.134,59,1,11,1,-11.265,-47.152,4.568
2012-05-07-17_25_32.135,59,2,11,1,-20.182,-47.272,4.490
2012-05-07-17_25_32.136,59,2,11,1,-20.243,-47.210,4.490
2012-05-07-17_25_32.137,59,3,11,1,-29.206,-47.265,4.567
2012-05-07-17_25_32.137,59,3,11,1,-29.267,-47.202,4.470
2012-05-07-17_25_32.138,59,4,11,1,-38.196,-47.246,4.376
2012-05-07-17_25_32.140,59,4,11,1,-38.257,-47.184,4.278
2012-05-07-17_25_32.140,59,5,11,1,-47.244,-47.272,4.474
2012-05-07-17_25_32.144,59,5,11,1,-47.305,-47.209,4.474
2012-05-07-17_25_32.145,59,6,11,1,-56.223,-47.338,4.519
2012-05-07-17_25_32.145,59,6,11,1,-56.284,-47.276,4.421
2012-05-07-17_25_32.146,59,7,11,1,-65.277,-47.262,4.618
2012-05-07-17_25_32.147,59,7,11,1,-65.338,-47.200,4.618
2012-05-07-17_25_32.148,59,0,12,0,2.253,-51.781,4.571
2012-05-07-17_25_32.148,59,0,12,0,2.202,-51.719,4.572
2012-05-07-17_25_32.149,59,1,12,0,-6.750,-51.708,4.676
2012-05-07-17_25_32.150,59,1,12,0,-6.801,-51.646,4.677
2012-05-07-17_25_32.151,59,2,12,0,-15.728,-51.766,4.500
2012-05-07-17_25_32.152,59,2,12,0,-15.779,-51.705,4.500
2012-05-07-17_25_32.152,59,3,12,0,-24.752,-51.758,4.382
2012-05-07-17_25_32.153,59,3,12,0,-24.803,-51.697,4.383
2012-05-07-17_25_32.154,59,4,12,0,-33.742,-51.740,4.093
2012-05-07-17_25_32.156,59,4,12,0,-33.793,-51.678,4.093
2012-05-07-17_25_32.157,59,5,12,0,-42.790,-51.765,4.387
2012-05-07-17_25_32.157,59,5,12,0,-42.841,-51.704,4.485
2012-05-07-17_25_32.158,59,6,12,0,-51.769,-51.832,4.431
2012-05-07-17_25_32.159,59,6,12,0,-51.820,-51.770,4.431
2012-05-07-17_25_32.159,59,7,12,0,-60.823,-51.756,4.529
2012-05-07-17_25_32.160,59,7,12,0,-60.815,-51.706,4.529
2012-05-07-17_25_32.161,59,0,12,1,-2.202,-51.791,4.683
2012-05-07-17_25_32.162,59,0,12,1,-2.265,-51.719,4.683
2012-05-07-17_25_32.163,59,1,12,1,-11.205,-51.718,4.688
2012-05-07-17_25_32.163,59,1,12,1,-11.268,-51.646,4.688
2012-05-07-17_25_32.164,59,2,12,1,-20.183,-51.777,4.512
2012-05-07-17_25_32.165,59,2,12,1,-20.246,-51.704,4.512
2012-05-07-17_25_32.166,59,3,12,1,-29.207,-51.769,4.590
2012-05-07-17_25_32.167,59,3,12,1,-29.270,-51.696,4.590
2012-05-07-17_25_32.167,59,4,12,1,-38.197,-51.750,4.398
2012-05-07-17_25_32.168,59,4,12,1,-38.260,-51.677,4.398
2012-05-07-17_25_32.169,59,5,12,1,-47.245,-51.776,4.399
2012-05-07-17_25_32.170,59,5,12,1,-47.308,-51.703,4.594
2012-05-07-17_25_32.171,59,6,12,1,-56.224,-51.842,4.443
2012-05-07-17_25_32.171,59,6,12,1,-56.287,-51.769,4.443
2012-05-07-17_25_32.172,59,7,12,1,-65.277,-51.766,4.640
2012-05-07-17_25_32.173,59,7,12,1,-65.340,-51.693,4.640
2012-05-07-17_25_32.174,59,0,13,0,2.250,-56.284,4.699
2012-05-07-17_25_32.175,59,0,13,0,2.199,-56.218,4.699
2012-05-07-17_25_32.175,59,1,13,0,-6.753,-56.211,4.802
2012-05-07-17_25_32.176,59,1,13,0,-6.804,-56.144,4.704
2012-05-07-17_25_32.177,59,2,13,0,-15.731,-56.269,4.528
2012-05-07-17_25_32.178,59,2,13,0,-15.782,-56.203,4.528
2012-05-07-17_25_32.179,59,3,13,0,-24.755,-56.261,4.410
2012-05-07-17_25_32.180,59,3,13,0,-24.806,-56.195,4.313
2012-05-07-17_25_32.180,59,4,13,0,-33.745,-56.243,4.218
2012-05-07-17_25_32.181,59,4,13,0,-33.796,-56.176,4.120
2012-05-07-17_25_32.182,59,5,13,0,-42.793,-56.268,4.414
2012-05-07-17_25_32.183,59,5,13,0,-42.844,-56.202,4.512
2012-05-07-17_25_32.184,59,6,13,0,-51.772,-56.335,4.360
2012-05-07-17_25_32.185,59,6,13,0,-51.823,-56.268,4.360
2012-05-07-17_25_32.185,59,7,13,0,-60.826,-56.259,4.456
2012-05-07-17_25_32.186,59,7,13,0,-60.818,-56.205,4.456
2012-05-07-17_25_32.187,59,0,13,1,-2.200,-56.291,4.710
2012-05-07-17_25_32.188,59,0,13,1,-2.266,-56.218,4.710
2012-05-07-17_25_32.189,59,1,13,1,-11.203,-56.218,4.715
2012-05-07-17_25_32.190,59,1,13,1,-11.268,-56.144,4.715
2012-05-07-17_25_32.190,59,2,13,1,-20.181,-56.277,4.539
2012-05-07-17_25_32.191,59,2,13,1,-20.246,-56.203,4.539
2012-05-07-17_25_32.192,59,3,13,1,-29.205,-56.269,4.519
2012-05-07-17_25_32.193,59,3,13,1,-29.270,-56.195,4.519
2012-05-07-17_25_32.194,59,4,13,1,-38.195,-56.250,4.229
2012-05-07-17_25_32.196,59,4,13,1,-38.260,-56.176,4.131
2012-05-07-17_25_32.196,59,5,13,1,-47.243,-56.276,4.523
2012-05-07-17_25_32.197,59,5,13,1,-47.308,-56.202,4.425
2012-05-07-17_25_32.197,59,6,13,1,-56.222,-56.342,4.470
2012-05-07-17_25_32.201,59,6,13,1,-56.287,-56.268,4.469
2012-05-07-17_25_32.202,59,7,13,1,-65.275,-56.266,4.667
2012-05-07-17_25_32.202,59,7,13,1,-65.341,-56.192,4.567
2012-05-07-17_25_32.203,59,0,14,0,2.249,-60.782,4.720
2012-05-07-17_25_32.204,59,0,14,0,2.196,-60.717,4.720
2012-05-07-17_25_32.205,59,1,14,0,-6.753,-60.709,4.725
2012-05-07-17_25_32.206,59,1,14,0,-6.807,-60.709,4.725
2012-05-07-17_25_32.207,59,2,14,0,-15.731,-60.767,4.549
2012-05-07-17_25_32.207,59,2,14,0,-15.785,-60.702,4.549
2012-05-07-17_25_32.208,59,3,14,0,-24.755,-60.759,4.529
2012-05-07-17_25_32.209,59,3,14,0,-24.808,-60.694,4.529
2012-05-07-17_25_32.210,59,4,14,0,-33.745,-60.740,4.435
2012-05-07-17_25_32.211,59,4,14,0,-33.799,-60.676,4.337
2012-05-07-17_25_32.211,59,5,14,0,-42.793,-60.766,4.436
2012-05-07-17_25_32.212,59,5,14,0,-42.847,-60.701,4.533
2012-05-07-17_25_32.213,59,6,14,0,-51.772,-60.833,4.480
2012-05-07-17_25_32.214,59,6,14,0,-51.825,-60.768,4.480
2012-05-07-17_25_32.215,59,7,14,0,-60.826,-60.757,4.677
2012-05-07-17_25_32.215,59,7,14,0,-60.821,-60.721,4.777
2012-05-07-17_25_32.216,59,0,14,1,-2.201,-60.788,4.731
2012-05-07-17_25_32.217,59,0,14,1,-2.264,-60.718,4.730
2012-05-07-17_25_32.217,59,1,14,1,-11.203,-60.715,4.735
2012-05-07-17_25_32.218,59,1,14,1,-11.266,-60.645,4.637
2012-05-07-17_25_32.219,59,2,14,1,-20.181,-60.773,4.559
2012-05-07-17_25_32.220,59,2,14,1,-20.244,-60.703,4.559
2012-05-07-17_25_32.221,59,3,14,1,-29.205,-60.766,4.539
2012-05-07-17_25_32.221,59,3,14,1,-29.268,-60.695,4.539
2012-05-07-17_25_32.223,59,4,14,1,-38.195,-60.747,4.445
2012-05-07-17_25_32.223,59,4,14,1,-38.258,-60.676,4.445
2012-05-07-17_25_32.224,59,5,14,1,-47.243,-60.773,4.544
2012-05-07-17_25_32.224,59,5,14,1,-47.306,-60.702,4.446
2012-05-07-17_25_32.225,59,6,14,1,-56.222,-60.839,4.490
2012-05-07-17_25_32.226,59,6,14,1,-56.285,-60.769,4.490
2012-05-07-17_25_32.227,59,7,14,1,-65.276,-60.763,4.688
2012-05-07-17_25_32.228,59,7,14,1,-65.339,-60.692,4.687
2012-05-07-17_25_32.230,59,0,15,0,2.246,-65.281,4.743
2012-05-07-17_25_32.231,59,0,15,0,2.193,-65.222,4.743
2012-05-07-17_25_32.232,59,1,15,0,-6.756,-65.208,4.748
2012-05-07-17_25_32.232,59,1,15,0,-6.809,-65.149,4.748
2012-05-07-17_25_32.233,59,2,15,0,-15.734,-65.267,4.572
2012-05-07-17_25_32.235,59,2,15,0,-15.787,-65.207,4.572
2012-05-07-17_25_32.236,59,3,15,0,-24.758,-65.259,4.552
2012-05-07-17_25_32.237,59,3,15,0,-24.811,-65.199,4.552
2012-05-07-17_25_32.237,59,4,15,0,-33.748,-65.240,4.360
2012-05-07-17_25_32.238,59,4,15,0,-33.802,-65.181,4.360
2012-05-07-17_25_32.239,59,5,15,0,-42.796,-65.266,4.360
2012-05-07-17_25_32.240,59,5,15,0,-42.849,-65.206,4.263
2012-05-07-17_25_32.241,59,6,15,0,-51.775,-65.332,4.404
2012-05-07-17_25_32.241,59,6,15,0,-51.828,-65.273,4.404
2012-05-07-17_25_32.242,59,7,15,0,-60.829,-65.256,4.401
2012-05-07-17_25_32.243,59,7,15,0,-60.824,-65.212,4.401
2012-05-07-17_25_32.244,59,0,15,1,-2.199,-65.289,4.757
2012-05-07-17_25_32.244,59,0,15,1,-2.264,-65.222,4.757
2012-05-07-17_25_32.245,59,1,15,1,-11.201,-65.216,4.663
2012-05-07-17_25_32.246,59,1,15,1,-11.266,-65.149,4.762
2012-05-07-17_25_32.248,59,2,15,1,-20.179,-65.274,4.586
2012-05-07-17_25_32.250,59,2,15,1,-20.245,-65.207,4.586
2012-05-07-17_25_32.250,59,3,15,1,-29.203,-65.266,4.565
2012-05-07-17_25_32.251,59,3,15,1,-29.268,-65.199,4.565
2012-05-07-17_25_32.252,59,4,15,1,-38.193,-65.248,4.374
2012-05-07-17_25_32.253,59,4,15,1,-38.259,-65.181,4.276
2012-05-07-17_25_32.254,59,5,15,1,-47.241,-65.273,4.472
2012-05-07-17_25_32.255,59,5,15,1,-47.307,-65.206,4.472
2012-05-07-17_25_32.255,59,6,15,1,-56.220,-65.340,4.516
2012-05-07-17_25_32.256,59,6,15,1,-56.285,-65.273,4.418
2012-05-07-17_25_32.257,59,7,15,1,-65.274,-65.264,4.614
2012-05-07-17_25_32.257,59,7,15,1,-65.339,-65.197,4.614
2012-05-07-17_25_32.258,59,0,16,0,2.248,-69.778,4.769
2012-05-07-17_25_32.259,59,0,16,0,2.193,-69.725,4.769
2012-05-07-17_25_32.259,59,1,16,0,-6.754,-69.705,4.774
2012-05-07-17_25_32.260,59,1,16,0,-6.810,-69.652,4.676
2012-05-07-17_25_32.261,59,2,16,0,-15.732,-69.763,4.598
2012-05-07-17_25_32.262,59,2,16,0,-15.788,-69.710,4.696
2012-05-07-17_25_32.263,59,3,16,0,-24.756,-69.755,4.578
2012-05-07-17_25_32.264,59,3,16,0,-24.812,-69.702,4.480
2012-05-07-17_25_32.265,59,4,16,0,-33.746,-69.736,4.190
2012-05-07-17_25_32.266,59,4,16,0,-33.802,-69.684,4.190
2012-05-07-17_25_32.266,59,5,16,0,-42.794,-69.762,4.484
2012-05-07-17_25_32.267,59,5,16,0,-42.850,-69.709,4.484
2012-05-07-17_25_32.268,59,6,16,0,-51.773,-69.829,4.528
2012-05-07-17_25_32.269,59,6,16,0,-51.829,-69.776,4.430
2012-05-07-17_25_32.269,59,7,16,0,-60.827,-69.753,4.626
2012-05-07-17_25_32.270,59,7,16,0,-60.824,-69.711,4.626
2012-05-07-17_25_32.271,59,0,16,1,-2.199,-69.786,4.779
2012-05-07-17_25_32.272,59,0,16,1,-2.264,-69.724,4.779
2012-05-07-17_25_32.272,59,1,16,1,-11.201,-69.713,4.686
2012-05-07-17_25_32.273,59,1,16,1,-11.267,-69.651,4.784
2012-05-07-17_25_32.274,59,2,16,1,-20.180,-69.772,4.608
2012-05-07-17_25_32.275,59,2,16,1,-20.245,-69.710,4.608
2012-05-07-17_25_32.275,59,3,16,1,-29.203,-69.764,4.685
2012-05-07-17_25_32.276,59,3,16,1,-29.269,-69.702,4.588
2012-05-07-17_25_32.277,59,4,16,1,-38.194,-69.745,4.396
2012-05-07-17_25_32.277,59,4,16,1,-38.259,-69.683,4.298
2012-05-07-17_25_32.278,59,5,16,1,-47.242,-69.771,4.299
2012-05-07-17_25_32.279,59,5,16,1,-47.307,-69.709,4.299
2012-05-07-17_25_32.280,59,6,16,1,-56.220,-69.837,4.539
2012-05-07-17_25_32.281,59,6,16,1,-56.286,-69.775,4.440
2012-05-07-17_25_32.282,59,7,16,1,-65.274,-69.761,4.636
2012-05-07-17_25_32.282,59,7,16,1,-65.340,-69.699,4.537
2012-05-07-17_25_32.283,59,0,17,0,2.248,-74.281,4.789
2012-05-07-17_25_32.284,59,0,17,0,2.192,-74.219,4.689
2012-05-07-17_25_32.284,59,1,17,0,-6.754,-74.208,4.794
2012-05-07-17_25_32.285,59,1,17,0,-6.811,-74.208,4.794
2012-05-07-17_25_32.286,59,2,17,0,-15.733,-74.266,4.618
2012-05-07-17_25_32.287,59,2,17,0,-15.788,-74.204,4.618
2012-05-07-17_25_32.287,59,3,17,0,-24.756,-74.258,4.500
2012-05-07-17_25_32.288,59,3,17,0,-24.812,-74.196,4.305
2012-05-07-17_25_32.289,59,4,17,0,-33.747,-74.239,4.210
2012-05-07-17_25_32.290,59,4,17,0,-33.802,-74.177,4.210
2012-05-07-17_25_32.291,59,5,17,0,-42.795,-74.265,4.504
2012-05-07-17_25_32.291,59,5,17,0,-42.850,-74.203,4.406
2012-05-07-17_25_32.292,59,6,17,0,-51.773,-74.331,4.450
2012-05-07-17_25_32.293,59,6,17,0,-51.829,-74.269,4.450
2012-05-07-17_25_32.294,59,7,17,0,-60.827,-74.255,4.546
2012-05-07-17_25_32.295,59,7,17,0,-60.820,-74.216,4.546
2012-05-07-17_25_32.296,59,0,17,1,-2.199,-74.291,4.800
2012-05-07-17_25_32.297,59,0,17,1,-2.262,-74.218,4.800
2012-05-07-17_25_32.298,59,1,17,1,-11.202,-74.218,4.805
2012-05-07-17_25_32.299,59,1,17,1,-11.265,-74.145,4.706
2012-05-07-17_25_32.300,59,2,17,1,-20.180,-74.276,4.531
2012-05-07-17_25_32.300,59,2,17,1,-20.243,-74.203,4.531
2012-05-07-17_25_32.302,59,3,17,1,-29.204,-74.268,4.608
2012-05-07-17_25_32.302,59,3,17,1,-29.267,-74.195,4.511
2012-05-07-17_25_32.303,59,4,17,1,-38.194,-74.249,4.221
2012-05-07-17_25_32.304,59,4,17,1,-38.257,-74.176,4.221
2012-05-07-17_25_32.305,59,5,17,1,-47.242,-74.275,4.417
2012-05-07-17_25_32.306,59,5,17,1,-47.305,-74.202,4.319
2012-05-07-17_25_32.307,59,6,17,1,-56.221,-74.342,4.461
2012-05-07-17_25_32.307,59,6,17,1,-56.284,-74.269,4.461
2012-05-07-17_25_32.308,59,7,17,1,-65.275,-74.265,4.657
2012-05-07-17_25_32.309,59,7,17,1,-65.338,-74.193,4.657
2012-05-07-17_25_32.310,59,0,18,0,2.248,-78.784,4.714
2012-05-07-17_25_32.310,59,0,18,0,2.192,-78.717,4.715
2012-05-07-17_25_32.311,59,1,18,0,-6.755,-78.711,4.819
2012-05-07-17_25_32.312,59,1,18,0,-6.811,-78.712,4.820
2012-05-07-17_25_32.313,59,2,18,0,-15.733,-78.769,4.643
2012-05-07-17_25_32.314,59,2,18,0,-15.789,-78.702,4.545
2012-05-07-17_25_32.315,59,3,18,0,-24.757,-78.761,4.525
2012-05-07-17_25_32.316,59,3,18,0,-24.813,-78.694,4.526
2012-05-07-17_25_32.317,59,4,18,0,-33.747,-78.742,4.431
2012-05-07-17_25_32.318,59,4,18,0,-33.803,-78.676,4.431
2012-05-07-17_25_32.319,59,5,18,0,-42.795,-78.768,4.530
2012-05-07-17_25_32.319,59,5,18,0,-42.851,-78.701,4.628
2012-05-07-17_25_32.320,59,6,18,0,-51.774,-78.835,4.476
2012-05-07-17_25_32.321,59,6,18,0,-51.830,-78.768,4.476
2012-05-07-17_25_32.322,59,7,18,0,-60.828,-78.759,4.672
2012-05-07-17_25_32.323,59,7,18,0,-60.820,-78.717,4.672
2012-05-07-17_25_32.323,59,0,18,1,-2.200,-78.791,4.728
2012-05-07-17_25_32.324,59,0,18,1,-2.263,-78.717,4.727
2012-05-07-17_25_32.325,59,1,18,1,-11.202,-78.718,4.734
2012-05-07-17_25_32.326,59,1,18,1,-11.265,-78.644,4.734
2012-05-07-17_25_32.327,59,2,18,1,-20.181,-78.777,4.656
2012-05-07-17_25_32.329,59,2,18,1,-20.243,-78.702,4.656
2012-05-07-17_25_32.330,59,3,18,1,-29.204,-78.769,4.636
2012-05-07-17_25_32.331,59,3,18,1,-29.267,-78.694,4.636
2012-05-07-17_25_32.331,59,4,18,1,-38.195,-78.750,4.151
2012-05-07-17_25_32.332,59,4,18,1,-38.258,-78.675,4.151
2012-05-07-17_25_32.334,59,5,18,1,-47.242,-78.776,4.445
2012-05-07-17_25_32.335,59,5,18,1,-47.305,-78.701,4.641
2012-05-07-17_25_32.336,59,6,18,1,-56.221,-78.842,4.489
2012-05-07-17_25_32.336,59,6,18,1,-56.284,-78.767,4.489
2012-05-07-17_25_32.337,59,7,18,1,-65.275,-78.766,4.785
2012-05-07-17_25_32.337,59,7,18,1,-65.338,-78.691,4.685
2012-05-07-17_25_32.338,59,0,19,0,2.250,-83.282,4.838
2012-05-07-17_25_32.339,59,0,19,0,2.194,-83.217,4.738
2012-05-07-17_25_32.340,59,1,19,0,-6.753,-83.208,4.843
2012-05-07-17_25_32.341,59,1,19,0,-6.809,-83.209,4.843
2012-05-07-17_25_32.342,59,2,19,0,-15.731,-83.267,4.667
2012-05-07-17_25_32.343,59,2,19,0,-15.787,-83.202,4.667
2012-05-07-17_25_32.343,59,3,19,0,-24.755,-83.259,4.646
2012-05-07-17_25_32.344,59,3,19,0,-24.811,-83.194,4.646
2012-05-07-17_25_32.345,59,4,19,0,-33.745,-83.240,4.161
2012-05-07-17_25_32.345,59,4,19,0,-33.801,-83.176,4.161
2012-05-07-17_25_32.346,59,5,19,0,-42.793,-83.266,4.553
2012-05-07-17_25_32.347,59,5,19,0,-42.849,-83.201,4.749
2012-05-07-17_25_32.348,59,6,19,0,-51.772,-83.332,4.597
2012-05-07-17_25_32.348,59,6,19,0,-51.828,-83.268,4.499
2012-05-07-17_25_32.350,59,7,19,0,-60.826,-83.256,4.595
2012-05-07-17_25_32.351,59,7,19,0,-60.818,-83.221,4.595
2012-05-07-17_25_32.352,59,0,19,1,-2.198,-83.288,4.848
2012-05-07-17_25_32.353,59,0,19,1,-2.263,-83.217,4.748
2012-05-07-17_25_32.354,59,1,19,1,-11.200,-83.215,4.754
2012-05-07-17_25_32.354,59,1,19,1,-11.266,-83.144,4.754
2012-05-07-17_25_32.355,59,2,19,1,-20.178,-83.273,4.677
2012-05-07-17_25_32.356,59,2,19,1,-20.244,-83.203,4.676
2012-05-07-17_25_32.357,59,3,19,1,-29.202,-83.266,4.656
2012-05-07-17_25_32.358,59,3,19,1,-29.268,-83.195,4.656
2012-05-07-17_25_32.359,59,4,19,1,-38.193,-83.247,4.465
2012-05-07-17_25_32.359,59,4,19,1,-38.258,-83.176,4.464
2012-05-07-17_25_32.360,59,5,19,1,-47.240,-83.273,4.563
2012-05-07-17_25_32.361,59,5,19,1,-47.306,-83.202,4.563
2012-05-07-17_25_32.362,59,6,19,1,-56.219,-83.339,4.607
2012-05-07-17_25_32.363,59,6,19,1,-56.285,-83.268,4.509
2012-05-07-17_25_32.363,59,7,19,1,-65.273,-83.263,4.705
2012-05-07-17_25_32.364,59,7,19,1,-65.339,-83.192,4.705
2012-05-07-17_25_32.365,59,0,20,0,2.252,-87.782,4.858
2012-05-07-17_25_32.366,59,0,20,0,2.193,-87.722,4.858
2012-05-07-17_25_32.367,59,1,20,0,-6.751,-87.708,4.764
2012-05-07-17_25_32.367,59,1,20,0,-6.809,-87.648,4.764
2012-05-07-17_25_32.368,59,2,20,0,-15.729,-87.767,4.686
2012-05-07-17_25_32.369,59,2,20,0,-15.787,-87.707,4.589
2012-05-07-17_25_32.370,59,3,20,0,-24.753,-87.759,4.666
2012-05-07-17_25_32.371,59,3,20,0,-24.811,-87.699,4.569
2012-05-07-17_25_32.373,59,4,20,0,-33.743,-87.740,4.474
2012-05-07-17_25_32.374,59,4,20,0,-33.801,-87.680,4.377
2012-05-07-17_25_32.374,59,5,20,0,-42.791,-87.766,4.573
2012-05-07-17_25_32.375,59,5,20,0,-42.849,-87.706,4.769
2012-05-07-17_25_32.376,59,6,20,0,-51.770,-87.832,4.519
2012-05-07-17_25_32.377,59,6,20,0,-51.828,-87.772,4.519
2012-05-07-17_25_32.378,59,7,20,0,-60.824,-87.756,4.815
2012-05-07-17_25_32.378,59,7,20,0,-60.818,-87.712,4.715
2012-05-07-17_25_32.379,59,0,20,1,-2.201,-87.789,4.870
2012-05-07-17_25_32.380,59,0,20,1,-2.261,-87.722,4.870
2012-05-07-17_25_32.381,59,1,20,1,-11.203,-87.716,4.776
2012-05-07-17_25_32.381,59,1,20,1,-11.264,-87.649,4.776
2012-05-07-17_25_32.382,59,2,20,1,-20.181,-87.774,4.699
2012-05-07-17_25_32.383,59,2,20,1,-20.242,-87.708,4.600
2012-05-07-17_25_32.384,59,3,20,1,-29.205,-87.766,4.678
2012-05-07-17_25_32.385,59,3,20,1,-29.266,-87.700,4.678
2012-05-07-17_25_32.385,59,4,20,1,-38.195,-87.748,4.487
2012-05-07-17_25_32.386,59,4,20,1,-38.256,-87.681,4.487
2012-05-07-17_25_32.387,59,5,20,1,-47.243,-87.773,4.487
2012-05-07-17_25_32.388,59,5,20,1,-47.304,-87.707,4.585
2012-05-07-17_25_32.389,59,6,20,1,-56.222,-87.840,4.629
2012-05-07-17_25_32.390,59,6,20,1,-56.283,-87.773,4.629
2012-05-07-17_25_32.391,59,7,20,1,-65.276,-87.764,4.827
2012-05-07-17_25_32.392,59,7,20,1,-65.337,-87.697,4.727
2012-05-07-17_25_32.393,59,0,21,0,2.251,-92.277,4.884
2012-05-07-17_25_32.394,59,0,21,0,2.195,-92.225,4.884
2012-05-07-17_25_32.394,59,1,21,0,-6.751,-92.204,4.889
2012-05-07-17_25_32.395,59,1,21,0,-6.807,-92.152,4.889
2012-05-07-17_25_32.396,59,2,21,0,-15.729,-92.263,4.713
2012-05-07-17_25_32.397,59,2,21,0,-15.785,-92.210,4.713
2012-05-07-17_25_32.398,59,3,21,0,-24.753,-92.255,4.693
2012-05-07-17_25_32.399,59,3,21,0,-24.809,-92.203,4.498
2012-05-07-17_25_32.399,59,4,21,0,-33.743,-92.236,4.404
2012-05-07-17_25_32.400,59,4,21,0,-33.799,-92.184,4.404
2012-05-07-17_25_32.404,59,5,21,0,-42.791,-92.262,4.600
2012-05-07-17_25_32.405,59,5,21,0,-42.847,-92.210,4.502
2012-05-07-17_25_32.406,59,6,21,0,-51.770,-92.328,4.546
2012-05-07-17_25_32.406,59,6,21,0,-51.826,-92.276,4.546
2012-05-07-17_25_32.407,59,7,21,0,-60.824,-92.252,4.642
2012-05-07-17_25_32.408,59,7,21,0,-60.819,-92.211,4.542
2012-05-07-17_25_32.409,59,0,21,1,-2.201,-92.287,4.895
2012-05-07-17_25_32.409,59,0,21,1,-2.262,-92.225,4.895
2012-05-07-17_25_32.410,59,1,21,1,-11.204,-92.214,4.802
2012-05-07-17_25_32.411,59,1,21,1,-11.264,-92.152,4.802
2012-05-07-17_25_32.412,59,2,21,1,-20.182,-92.272,4.626
2012-05-07-17_25_32.412,59,2,21,1,-20.242,-92.210,4.626
2012-05-07-17_25_32.413,59,3,21,1,-29.206,-92.265,4.607
2012-05-07-17_25_32.414,59,3,21,1,-29.266,-92.202,4.606
2012-05-07-17_25_32.414,59,4,21,1,-38.196,-92.246,4.317
2012-05-07-17_25_32.415,59,4,21,1,-38.256,-92.183,4.219
2012-05-07-17_25_32.416,59,5,21,1,-47.244,-92.272,4.611
2012-05-07-17_25_32.417,59,5,21,1,-47.304,-92.209,4.611
2012-05-07-17_25_32.418,59,6,21,1,-56.223,-92.338,4.557
2012-05-07-17_25_32.419,59,6,21,1,-56.283,-92.275,4.557
2012-05-07-17_25_32.419,59,7,21,1,-65.276,-92.262,4.753
2012-05-07-17_25_32.420,59,7,21,1,-65.337,-92.199,4.653
2012-05-07-17_25_32.421,59,0,22,0,2.253,-96.781,4.905
2012-05-07-17_25_32.421,59,0,22,0,2.195,-96.720,4.805
2012-05-07-17_25_32.422,59,1,22,0,-6.749,-96.708,4.910
2012-05-07-17_25_32.423,59,1,22,0,-6.807,-96.646,4.910
2012-05-07-17_25_32.424,59,2,22,0,-15.727,-96.766,4.734
2012-05-07-17_25_32.425,59,2,22,0,-15.786,-96.705,4.734
2012-05-07-17_25_32.425,59,3,22,0,-24.751,-96.758,4.714
2012-05-07-17_25_32.426,59,3,22,0,-24.809,-96.697,4.616
2012-05-07-17_25_32.427,59,4,22,0,-33.741,-96.739,4.522
2012-05-07-17_25_32.427,59,4,22,0,-33.800,-96.678,4.424
2012-05-07-17_25_32.428,59,5,22,0,-42.789,-96.765,4.523
2012-05-07-17_25_32.429,59,5,22,0,-42.847,-96.704,4.523
2012-05-07-17_25_32.429,59,6,22,0,-51.768,-96.831,4.665
2012-05-07-17_25_32.430,59,6,22,0,-51.826,-96.770,4.665
2012-05-07-17_25_32.430,59,7,22,0,-60.822,-96.755,4.563
2012-05-07-17_25_32.431,59,7,22,0,-60.819,-96.705,4.563
2012-05-07-17_25_32.432,59,0,22,1,-2.202,-96.792,4.912
2012-05-07-17_25_32.432,59,0,22,1,-2.262,-96.720,4.812
2012-05-07-17_25_32.433,59,1,22,1,-11.204,-96.719,4.819
2012-05-07-17_25_32.433,59,1,22,1,-11.265,-96.647,4.819
2012-05-07-17_25_32.434,59,2,22,1,-20.182,-96.777,4.643
2012-05-07-17_25_32.435,59,2,22,1,-20.243,-96.705,4.643
2012-05-07-17_25_32.435,59,3,22,1,-29.206,-96.769,4.721
2012-05-07-17_25_32.436,59,3,22,1,-29.267,-96.697,4.721
2012-05-07-17_25_32.437,59,4,22,1,-38.196,-96.750,4.529
2012-05-07-17_25_32.437,59,4,22,1,-38.257,-96.678,4.529
2012-05-07-17_25_32.438,59,5,22,1,-47.244,-96.776,4.627
2012-05-07-17_25_32.438,59,5,22,1,-47.305,-96.704,4.530
2012-05-07-17_25_32.439,59,6,22,1,-56.223,-96.842,4.672
2012-05-07-17_25_32.440,59,6,22,1,-56.284,-96.771,4.573
2012-05-07-17_25_32.440,59,7,22,1,-65.277,-96.766,4.769
2012-05-07-17_25_32.441,59,7,22,1,-65.337,-96.695,4.769
2012-05-07-17_25_32.442,59,0,23,0,2.250,-101.283,4.927
2012-05-07-17_25_32.442,59,0,23,0,2.197,-101.219,4.927
2012-05-07-17_25_32.443,59,1,23,0,-6.752,-101.210,4.833
2012-05-07-17_25_32.444,59,1,23,0,-6.805,-101.145,4.833
2012-05-07-17_25_32.444,59,2,23,0,-15.730,-101.268,4.756
2012-05-07-17_25_32.445,59,2,23,0,-15.784,-101.204,4.658
2012-05-07-17_25_32.445,59,3,23,0,-24.754,-101.261,4.736
2012-05-07-17_25_32.448,59,3,23,0,-24.807,-101.196,4.736
2012-05-07-17_25_32.449,59,4,23,0,-33.744,-101.242,4.544
2012-05-07-17_25_32.449,59,4,23,0,-33.798,-101.177,4.544
2012-05-07-17_25_32.450,59,5,23,0,-42.792,-101.268,4.544
2012-05-07-17_25_32.451,59,5,23,0,-42.845,-101.203,4.544
2012-05-07-17_25_32.451,59,6,23,0,-51.771,-101.334,4.490
2012-05-07-17_25_32.452,59,6,23,0,-51.824,-101.269,4.392
2012-05-07-17_25_32.453,59,7,23,0,-60.825,-101.258,4.585
2012-05-07-17_25_32.453,59,7,23,0,-60.820,-101.205,4.585
2012-05-07-17_25_32.454,59,0,23,1,-2.190,-101.282,4.827
2012-05-07-17_25_32.455,59,0,23,1,-2.262,-101.218,4.827
2012-05-07-17_25_32.456,59,1,23,1,-11.192,-101.209,4.833
2012-05-07-17_25_32.456,59,1,23,1,-11.265,-101.145,4.833
2012-05-07-17_25_32.457,59,2,23,1,-20.170,-101.267,4.756
2012-05-07-17_25_32.458,59,2,23,1,-20.243,-101.203,4.658
2012-05-07-17_25_32.459,59,3,23,1,-29.194,-101.259,4.736
2012-05-07-17_25_32.459,59,3,23,1,-29.267,-101.196,4.736
2012-05-07-17_25_32.460,59,4,23,1,-38.184,-101.241,4.446
2012-05-07-17_25_32.461,59,4,23,1,-38.257,-101.177,4.446
2012-05-07-17_25_32.462,59,5,23,1,-47.232,-101.266,4.642
2012-05-07-17_25_32.463,59,5,23,1,-47.305,-101.203,4.642
2012-05-07-17_25_32.464,59,6,23,1,-56.211,-101.333,4.588
2012-05-07-17_25_32.465,59,6,23,1,-56.284,-101.269,4.588
2012-05-07-17_25_32.465,59,7,23,1,-65.265,-101.257,4.784
2012-05-07-17_25_32.466,59,7,23,1,-65.338,-101.193,4.784
