2012-05-05-04_11_56.565,218,0,0,0,2.256,2.217,1.565
2012-05-05-04_11_56.565,218,0,0,0,2.293,2.304,1.665
2012-05-05-04_11_56.566,218,0,0,0,2.195,2.246,1.565
2012-05-05-04_11_56.567,218,1,0,0,-6.755,2.207,2.165
2012-05-05-04_11_56.567,218,1,0,0,-6.833,2.233,2.065
2012-05-05-04_11_56.568,218,1,0,0,-6.774,2.285,2.065
2012-05-05-04_11_56.568,218,2,0,0,-15.709,2.287,1.765
2012-05-05-04_11_56.569,218,2,0,0,-15.770,2.316,1.765
2012-05-05-04_11_56.569,218,2,0,0,-15.713,2.361,1.765
2012-05-05-04_11_56.570,218,3,0,0,-24.731,2.204,2.565
2012-05-05-04_11_56.571,218,3,0,0,-24.694,2.292,2.565
2012-05-05-04_11_56.571,218,3,0,0,-24.792,2.234,2.565
2012-05-05-04_11_56.572,218,4,0,0,-33.728,2.203,1.665
2012-05-05-04_11_56.573,218,4,0,0,-33.690,2.290,1.665
2012-05-05-04_11_56.575,218,4,0,0,-33.788,2.232,1.665
2012-05-05-04_11_56.576,218,5,0,0,-42.734,2.204,1.965
2012-05-05-04_11_56.577,218,5,0,0,-42.686,2.165,1.965
2012-05-05-04_11_56.578,218,5,0,0,-42.776,2.191,1.965
2012-05-05-04_11_56.579,218,6,0,0,-51.773,2.142,1.465
2012-05-05-04_11_56.580,218,6,0,0,-51.736,2.229,1.365
2012-05-05-04_11_56.580,218,6,0,0,-51.834,2.172,1.265
2012-05-05-04_11_56.581,218,7,0,0,-60.668,2.206,3.265
2012-05-05-04_11_56.582,218,7,0,0,-60.729,2.235,4.265
2012-05-05-04_11_56.582,218,7,0,0,-60.672,2.280,3.165
2012-05-05-04_11_56.583,218,0,0,1,-2.189,2.209,2.265
2012-05-05-04_11_56.584,218,0,0,1,-2.162,2.304,2.265
2012-05-05-04_11_56.584,218,0,0,1,-2.257,2.232,2.165
2012-05-05-04_11_56.585,218,1,0,1,-11.205,2.206,2.365
2012-05-05-04_11_56.586,218,1,0,1,-11.336,2.272,2.365
2012-05-05-04_11_56.588,218,1,0,1,-11.229,2.286,2.365
2012-05-05-04_11_56.588,218,2,0,1,-20.154,2.279,1.765
2012-05-05-04_11_56.589,218,2,0,1,-20.222,2.302,1.765
2012-05-05-04_11_56.590,218,2,0,1,-20.227,2.303,1.765
2012-05-05-04_11_56.590,218,3,0,1,-29.176,2.197,2.865
2012-05-05-04_11_56.591,218,3,0,1,-29.149,2.292,2.865
2012-05-05-04_11_56.592,218,3,0,1,-29.244,2.220,2.865
2012-05-05-04_11_56.592,218,4,0,1,-38.173,2.195,2.465
2012-05-05-04_11_56.593,218,4,0,1,-38.145,2.290,2.465
2012-05-05-04_11_56.597,218,4,0,1,-38.241,2.218,2.365
2012-05-05-04_11_56.598,218,5,0,1,-47.189,2.204,1.065
2012-05-05-04_11_56.599,218,5,0,1,-47.272,2.226,1.065
2012-05-05-04_11_56.599,218,5,0,1,-47.245,2.203,0.965
2012-05-05-04_11_56.600,218,6,0,1,-56.218,2.135,2.065
2012-05-05-04_11_56.638,218,6,0,1,-56.191,2.230,2.065
2012-05-05-04_11_56.641,218,6,0,1,-56.286,2.158,2.065
2012-05-05-04_11_56.643,218,7,0,1,-65.181,2.221,1.665
2012-05-05-04_11_56.645,218,7,0,1,-65.186,2.222,1.565
2012-05-05-04_11_56.647,218,7,0,1,-65.168,2.315,1.565
2012-05-05-04_11_56.648,218,0,1,0,2.270,-2.283,1.778
2012-05-05-04_11_56.650,218,0,1,0,2.298,-2.190,1.778
2012-05-05-04_11_56.653,218,0,1,0,2.197,-2.258,1.678
2012-05-05-04_11_56.654,218,1,1,0,-6.750,-2.295,1.478
2012-05-05-04_11_56.656,218,1,1,0,-6.828,-2.268,1.478
2012-05-05-04_11_56.670,218,1,1,0,-6.772,-2.209,1.378
2012-05-05-04_11_56.671,218,2,1,0,-15.695,-2.213,0.978
2012-05-05-04_11_56.672,218,2,1,0,-15.768,-2.188,0.978
2012-05-05-04_11_56.673,218,2,1,0,-15.746,-2.198,0.978
2012-05-05-04_11_56.673,218,3,1,0,-24.717,-2.295,1.178
2012-05-05-04_11_56.675,218,3,1,0,-24.689,-2.202,1.178
2012-05-05-04_11_56.675,218,3,1,0,-24.790,-2.270,1.178
2012-05-05-04_11_56.676,218,4,1,0,-33.713,-2.297,0.478
2012-05-05-04_11_56.677,218,4,1,0,-33.686,-2.204,0.478
2012-05-05-04_11_56.678,218,4,1,0,-33.786,-2.272,0.478
2012-05-05-04_11_56.678,218,5,1,0,-42.730,-2.290,1.178
2012-05-05-04_11_56.679,218,5,1,0,-42.681,-2.336,1.178
2012-05-05-04_11_56.680,218,5,1,0,-42.776,-2.303,1.178
2012-05-05-04_11_56.681,218,6,1,0,-51.759,-2.358,0.778
2012-05-05-04_11_56.681,218,6,1,0,-51.731,-2.264,0.778
2012-05-05-04_11_56.682,218,6,1,0,-51.832,-2.333,0.678
2012-05-05-04_11_56.683,218,7,1,0,-60.654,-2.294,1.678
2012-05-05-04_11_56.685,218,7,1,0,-60.727,-2.269,1.678
2012-05-05-04_11_56.686,218,7,1,0,-60.672,-2.214,1.778
2012-05-05-04_11_56.686,218,0,1,1,-2.190,-2.289,1.788
2012-05-05-04_11_56.687,218,0,1,1,-2.164,-2.190,1.788
2012-05-05-04_11_56.688,218,0,1,1,-2.260,-2.270,1.788
2012-05-05-04_11_56.689,218,1,1,1,-11.200,-2.295,1.288
2012-05-05-04_11_56.690,218,1,1,1,-11.339,-2.221,1.288
2012-05-05-04_11_56.690,218,1,1,1,-11.227,-2.209,1.188
2012-05-05-04_11_56.691,218,2,1,1,-20.154,-2.219,0.888
2012-05-05-04_11_56.692,218,2,1,1,-20.225,-2.200,0.888
2012-05-05-04_11_56.694,218,2,1,1,-20.232,-2.199,0.788
2012-05-05-04_11_56.695,218,3,1,1,-29.177,-2.301,0.988
2012-05-05-04_11_56.696,218,3,1,1,-29.151,-2.202,0.888
2012-05-05-04_11_56.696,218,3,1,1,-29.247,-2.283,0.988
2012-05-05-04_11_56.697,218,4,1,1,-38.173,-2.303,0.588
2012-05-05-04_11_56.698,218,4,1,1,-38.148,-2.204,0.588
2012-05-05-04_11_56.699,218,4,1,1,-38.244,-2.284,0.588
2012-05-05-04_11_56.700,218,5,1,1,-47.192,-2.289,0.888
2012-05-05-04_11_56.701,218,5,1,1,-47.277,-2.270,0.988
2012-05-05-04_11_56.701,218,5,1,1,-47.248,-2.292,0.888
2012-05-05-04_11_56.702,218,6,1,1,-56.219,-2.363,0.988
2012-05-05-04_11_56.703,218,6,1,1,-56.193,-2.264,0.988
2012-05-05-04_11_56.704,218,6,1,1,-56.289,-2.345,0.988
2012-05-05-04_11_56.704,218,7,1,1,-65.184,-2.281,1.688
2012-05-05-04_11_56.705,218,7,1,1,-65.191,-2.280,1.688
2012-05-05-04_11_56.706,218,7,1,1,-65.173,-2.180,1.688
2012-05-05-04_11_56.706,218,0,2,0,2.260,-6.780,1.802
2012-05-05-04_11_56.707,218,0,2,0,2.295,-6.690,1.802
2012-05-05-04_11_56.708,218,0,2,0,2.197,-6.758,1.802
2012-05-05-04_11_56.708,218,1,2,0,-6.748,-6.793,1.602
2012-05-05-04_11_56.709,218,1,2,0,-6.829,-6.773,1.602
2012-05-05-04_11_56.710,218,1,2,0,-6.770,-6.706,1.602
2012-05-05-04_11_56.710,218,2,2,0,-15.705,-6.710,0.902
2012-05-05-04_11_56.711,218,2,2,0,-15.768,-6.688,0.902
2012-05-05-04_11_56.712,218,2,2,0,-15.712,-6.638,0.902
2012-05-05-04_11_56.713,218,3,2,0,-24.727,-6.792,1.402
2012-05-05-04_11_56.713,218,3,2,0,-24.692,-6.702,1.402
2012-05-05-04_11_56.714,218,3,2,0,-24.790,-6.770,1.402
2012-05-05-04_11_56.715,218,4,2,0,-33.724,-6.794,0.702
2012-05-05-04_11_56.716,218,4,2,0,-33.689,-6.704,0.702
2012-05-05-04_11_56.717,218,4,2,0,-33.787,-6.772,0.702
2012-05-05-04_11_56.717,218,5,2,0,-42.733,-6.790,1.002
2012-05-05-04_11_56.718,218,5,2,0,-42.682,-6.841,1.002
2012-05-05-04_11_56.719,218,5,2,0,-42.774,-6.808,1.002
2012-05-05-04_11_56.720,218,6,2,0,-51.769,-6.855,1.002
2012-05-05-04_11_56.721,218,6,2,0,-51.734,-6.764,1.002
2012-05-05-04_11_56.723,218,6,2,0,-51.832,-6.833,1.002
2012-05-05-04_11_56.724,218,7,2,0,-60.664,-6.791,1.702
2012-05-05-04_11_56.725,218,7,2,0,-60.727,-6.769,1.602
2012-05-05-04_11_56.725,218,7,2,0,-60.671,-6.718,1.602
2012-05-05-04_11_56.726,218,0,2,1,-2.190,-6.786,1.710
2012-05-05-04_11_56.727,218,0,2,1,-2.162,-6.689,1.710
2012-05-05-04_11_56.727,218,0,2,1,-2.261,-6.769,1.710
2012-05-05-04_11_56.728,218,1,2,1,-11.201,-6.792,1.610
2012-05-05-04_11_56.729,218,1,2,1,-11.337,-6.721,1.610
2012-05-05-04_11_56.730,218,1,2,1,-11.227,-6.706,1.610
2012-05-05-04_11_56.730,218,2,2,1,-20.155,-6.716,0.910
2012-05-05-04_11_56.731,218,2,2,1,-20.226,-6.699,0.910
2012-05-05-04_11_56.732,218,2,2,1,-20.233,-6.697,0.910
2012-05-05-04_11_56.733,218,3,2,1,-29.177,-6.798,1.110
2012-05-05-04_11_56.734,218,3,2,1,-29.149,-6.701,1.110
2012-05-05-04_11_56.735,218,3,2,1,-29.248,-6.781,1.110
2012-05-05-04_11_56.736,218,4,2,1,-38.173,-6.800,0.710
2012-05-05-04_11_56.737,218,4,2,1,-38.146,-6.703,0.710
2012-05-05-04_11_56.738,218,4,2,1,-38.244,-6.783,0.710
2012-05-05-04_11_56.739,218,5,2,1,-47.190,-6.789,1.010
2012-05-05-04_11_56.739,218,5,2,1,-47.277,-6.767,1.010
2012-05-05-04_11_56.740,218,5,2,1,-47.246,-6.792,0.910
2012-05-05-04_11_56.742,218,6,2,1,-56.219,-6.861,1.110
2012-05-05-04_11_56.743,218,6,2,1,-56.191,-6.764,1.110
2012-05-05-04_11_56.744,218,6,2,1,-56.290,-6.844,1.110
2012-05-05-04_11_56.744,218,7,2,1,-65.184,-6.780,1.610
2012-05-05-04_11_56.745,218,7,2,1,-65.192,-6.778,1.610
2012-05-05-04_11_56.746,218,7,2,1,-65.174,-6.678,1.810
2012-05-05-04_11_56.747,218,0,3,0,2.272,-11.278,1.920
2012-05-05-04_11_56.748,218,0,3,0,2.297,-11.191,1.920
2012-05-05-04_11_56.748,218,0,3,0,2.196,-11.254,1.920
2012-05-05-04_11_56.749,218,1,3,0,-6.744,-11.290,1.720
2012-05-05-04_11_56.750,218,1,3,0,-6.827,-11.270,1.720
2012-05-05-04_11_56.751,218,1,3,0,-6.765,-11.205,1.720
2012-05-05-04_11_56.751,218,2,3,0,-15.693,-11.208,1.120
2012-05-05-04_11_56.752,218,2,3,0,-15.769,-11.184,1.020
2012-05-05-04_11_56.753,218,2,3,0,-15.715,-11.140,1.120
2012-05-05-04_11_56.753,218,3,3,0,-24.715,-11.290,1.420
2012-05-05-04_11_56.754,218,3,3,0,-24.690,-11.203,1.520
2012-05-05-04_11_56.755,218,3,3,0,-24.791,-11.266,1.420
2012-05-05-04_11_56.756,218,4,3,0,-33.712,-11.292,0.820
2012-05-05-04_11_56.756,218,4,3,0,-33.687,-11.205,0.720
2012-05-05-04_11_56.757,218,4,3,0,-33.787,-11.268,0.720
2012-05-05-04_11_56.758,218,5,3,0,-42.731,-11.291,1.020
2012-05-05-04_11_56.759,218,5,3,0,-42.680,-11.338,1.020
2012-05-05-04_11_56.760,218,5,3,0,-42.777,-11.310,1.020
2012-05-05-04_11_56.760,218,6,3,0,-51.757,-11.353,1.020
2012-05-05-04_11_56.761,218,6,3,0,-51.732,-11.266,1.020
2012-05-05-04_11_56.763,218,6,3,0,-51.833,-11.329,1.020
2012-05-05-04_11_56.764,218,7,3,0,-60.652,-11.289,1.820
2012-05-05-04_11_56.764,218,7,3,0,-60.727,-11.265,1.820
2012-05-05-04_11_56.765,218,7,3,0,-60.673,-11.221,1.820
2012-05-05-04_11_56.766,218,0,3,1,-2.186,-11.288,1.928
2012-05-05-04_11_56.766,218,0,3,1,-2.163,-11.190,1.928
2012-05-05-04_11_56.767,218,0,3,1,-2.261,-11.265,1.827
2012-05-05-04_11_56.769,218,1,3,1,-11.204,-11.289,1.728
2012-05-05-04_11_56.769,218,1,3,1,-11.337,-11.222,1.728
2012-05-05-04_11_56.770,218,1,3,1,-11.225,-11.205,1.727
2012-05-05-04_11_56.771,218,2,3,1,-20.150,-11.218,1.028
2012-05-05-04_11_56.772,218,2,3,1,-20.226,-11.195,1.027
2012-05-05-04_11_56.772,218,2,3,1,-20.236,-11.194,1.027
2012-05-05-04_11_56.773,218,3,3,1,-29.172,-11.300,1.228
2012-05-05-04_11_56.776,218,3,3,1,-29.150,-11.203,1.228
2012-05-05-04_11_56.777,218,3,3,1,-29.248,-11.277,1.227
2012-05-05-04_11_56.777,218,4,3,1,-38.169,-11.302,0.728
2012-05-05-04_11_56.779,218,4,3,1,-38.146,-11.204,0.728
2012-05-05-04_11_56.779,218,4,3,1,-38.245,-11.279,0.727
2012-05-05-04_11_56.780,218,5,3,1,-47.190,-11.290,1.028
2012-05-05-04_11_56.781,218,5,3,1,-47.278,-11.266,1.027
2012-05-05-04_11_56.782,218,5,3,1,-47.246,-11.291,1.027
2012-05-05-04_11_56.782,218,6,3,1,-56.215,-11.362,1.128
2012-05-05-04_11_56.783,218,6,3,1,-56.192,-11.265,1.128
2012-05-05-04_11_56.784,218,6,3,1,-56.290,-11.340,1.127
2012-05-05-04_11_56.784,218,7,3,1,-65.185,-11.276,1.827
2012-05-05-04_11_56.785,218,7,3,1,-65.194,-11.275,1.827
2012-05-05-04_11_56.786,218,7,3,1,-65.174,-11.177,1.727
2012-05-05-04_11_56.787,218,0,4,0,2.269,-15.781,1.939
2012-05-05-04_11_56.788,218,0,4,0,2.294,-15.697,1.939
2012-05-05-04_11_56.788,218,0,4,0,2.193,-15.753,2.039
2012-05-05-04_11_56.789,218,1,4,0,-6.742,-15.791,1.739
2012-05-05-04_11_56.790,218,1,4,0,-6.827,-15.769,1.739
2012-05-05-04_11_56.792,218,1,4,0,-6.766,-15.712,1.739
2012-05-05-04_11_56.792,218,2,4,0,-15.696,-15.711,1.039
2012-05-05-04_11_56.793,218,2,4,0,-15.772,-15.683,1.139
2012-05-05-04_11_56.794,218,2,4,0,-15.715,-15.642,1.139
2012-05-05-04_11_56.795,218,3,4,0,-24.718,-15.794,1.539
2012-05-05-04_11_56.795,218,3,4,0,-24.693,-15.709,1.539
2012-05-05-04_11_56.796,218,3,4,0,-24.794,-15.766,1.539
2012-05-05-04_11_56.797,218,4,4,0,-33.715,-15.795,0.739
2012-05-05-04_11_56.798,218,4,4,0,-33.690,-15.711,0.739
2012-05-05-04_11_56.799,218,4,4,0,-33.790,-15.767,0.739
2012-05-05-04_11_56.799,218,5,4,0,-42.733,-15.796,1.039
2012-05-05-04_11_56.801,218,5,4,0,-42.680,-15.837,1.139
2012-05-05-04_11_56.802,218,5,4,0,-42.777,-15.812,1.039
2012-05-05-04_11_56.803,218,6,4,0,-51.760,-15.856,1.039
2012-05-05-04_11_56.803,218,6,4,0,-51.735,-15.771,1.039
2012-05-05-04_11_56.804,218,6,4,0,-51.836,-15.828,1.039
2012-05-05-04_11_56.805,218,7,4,0,-60.655,-15.792,1.939
2012-05-05-04_11_56.806,218,7,4,0,-60.730,-15.764,1.839
2012-05-05-04_11_56.806,218,7,4,0,-60.674,-15.723,1.839
2012-05-05-04_11_56.807,218,0,4,1,-2.186,-15.793,2.651
2012-05-05-04_11_56.808,218,0,4,1,-2.158,-15.697,1.951
2012-05-05-04_11_56.809,218,0,4,1,-2.264,-15.765,1.951
2012-05-05-04_11_56.809,218,1,4,1,-11.206,-15.791,1.751
2012-05-05-04_11_56.810,218,1,4,1,-11.333,-15.728,1.751
2012-05-05-04_11_56.811,218,1,4,1,-11.225,-15.711,1.750
2012-05-05-04_11_56.812,218,2,4,1,-20.151,-15.723,1.051
2012-05-05-04_11_56.812,218,2,4,1,-20.229,-15.695,1.151
2012-05-05-04_11_56.813,218,2,4,1,-20.236,-15.695,1.051
2012-05-05-04_11_56.814,218,3,4,1,-29.173,-15.805,1.351
2012-05-05-04_11_56.815,218,3,4,1,-29.145,-15.709,1.251
2012-05-05-04_11_56.816,218,3,4,1,-29.251,-15.777,1.251
2012-05-05-04_11_56.816,218,4,4,1,-38.170,-15.807,0.751
2012-05-05-04_11_56.817,218,4,4,1,-38.142,-15.711,0.751
2012-05-05-04_11_56.819,218,4,4,1,-38.247,-15.779,0.751
2012-05-05-04_11_56.821,218,5,4,1,-47.186,-15.796,1.151
2012-05-05-04_11_56.822,218,5,4,1,-47.276,-15.771,1.150
2012-05-05-04_11_56.823,218,5,4,1,-47.247,-15.798,1.150
2012-05-05-04_11_56.823,218,6,4,1,-56.187,-15.771,1.151
2012-05-05-04_11_56.824,218,6,4,1,-56.293,-15.840,1.151
2012-05-05-04_11_56.825,218,6,4,1,-56.300,-15.839,1.051
2012-05-05-04_11_56.825,218,7,4,1,-65.188,-15.776,1.751
2012-05-05-04_11_56.826,218,7,4,1,-65.195,-15.775,1.751
2012-05-05-04_11_56.827,218,7,4,1,-65.172,-15.682,1.850
2012-05-05-04_11_56.828,218,0,5,0,2.266,-20.283,1.964
2012-05-05-04_11_56.830,218,0,5,0,2.296,-20.197,1.964
2012-05-05-04_11_56.830,218,0,5,0,2.190,-20.253,1.964
2012-05-05-04_11_56.831,218,1,5,0,-6.742,-20.294,1.764
2012-05-05-04_11_56.832,218,1,5,0,-6.828,-20.269,1.864
2012-05-05-04_11_56.833,218,1,5,0,-6.764,-20.216,1.764
2012-05-05-04_11_56.834,218,2,5,0,-15.699,-20.213,1.064
2012-05-05-04_11_56.835,218,2,5,0,-15.774,-20.183,1.064
2012-05-05-04_11_56.835,218,2,5,0,-15.718,-20.141,1.064
2012-05-05-04_11_56.836,218,3,5,0,-24.721,-20.295,1.564
2012-05-05-04_11_56.837,218,3,5,0,-24.691,-20.209,1.564
2012-05-05-04_11_56.838,218,3,5,0,-24.796,-20.266,1.564
2012-05-05-04_11_56.839,218,4,5,0,-33.718,-20.297,0.864
2012-05-05-04_11_56.839,218,4,5,0,-33.688,-20.211,0.864
2012-05-05-04_11_56.840,218,4,5,0,-33.793,-20.267,0.864
2012-05-05-04_11_56.841,218,5,5,0,-42.731,-20.297,1.064
2012-05-05-04_11_56.842,218,5,5,0,-42.680,-20.337,1.064
2012-05-05-04_11_56.843,218,5,5,0,-42.780,-20.311,1.064
2012-05-05-04_11_56.843,218,6,5,0,-51.763,-20.357,1.064
2012-05-05-04_11_56.844,218,6,5,0,-51.733,-20.272,1.064
2012-05-05-04_11_56.845,218,6,5,0,-51.839,-20.328,1.064
2012-05-05-04_11_56.847,218,7,5,0,-60.658,-20.294,1.864
2012-05-05-04_11_56.848,218,7,5,0,-60.733,-20.264,1.864
2012-05-05-04_11_56.849,218,7,5,0,-60.677,-20.222,1.864
2012-05-05-04_11_56.849,218,0,5,1,-2.186,-20.292,1.972
2012-05-05-04_11_56.850,218,0,5,1,-2.159,-20.196,1.972
2012-05-05-04_11_56.850,218,0,5,1,-2.262,-20.268,2.072
2012-05-05-04_11_56.851,218,1,5,1,-11.209,-20.294,1.772
2012-05-05-04_11_56.851,218,1,5,1,-11.333,-20.228,1.772
2012-05-05-04_11_56.852,218,1,5,1,-11.228,-20.216,1.772
2012-05-05-04_11_56.853,218,2,5,1,-20.151,-20.222,1.072
2012-05-05-04_11_56.853,218,2,5,1,-20.227,-20.198,1.172
2012-05-05-04_11_56.854,218,2,5,1,-20.232,-20.197,1.072
2012-05-05-04_11_56.855,218,3,5,1,-29.173,-20.304,1.272
2012-05-05-04_11_56.856,218,3,5,1,-29.146,-20.209,1.372
2012-05-05-04_11_56.857,218,3,5,1,-29.249,-20.280,1.272
2012-05-05-04_11_56.858,218,4,5,1,-38.170,-20.306,0.772
2012-05-05-04_11_56.858,218,4,5,1,-38.142,-20.210,0.872
2012-05-05-04_11_56.859,218,4,5,1,-38.245,-20.282,0.872
2012-05-05-04_11_56.860,218,5,5,1,-47.186,-20.296,1.172
2012-05-05-04_11_56.861,218,5,5,1,-47.276,-20.275,1.172
2012-05-05-04_11_56.862,218,5,5,1,-47.245,-20.297,1.072
2012-05-05-04_11_56.862,218,6,5,1,-56.188,-20.271,1.172
2012-05-05-04_11_56.863,218,6,5,1,-56.291,-20.342,1.172
2012-05-05-04_11_56.864,218,6,5,1,-56.296,-20.342,1.172
2012-05-05-04_11_56.865,218,7,5,1,-65.186,-20.279,1.772
2012-05-05-04_11_56.866,218,7,5,1,-65.190,-20.278,1.872
2012-05-05-04_11_56.866,218,7,5,1,-65.173,-20.186,1.872
2012-05-05-04_11_56.867,218,0,6,0,2.270,-24.783,6.982
2012-05-05-04_11_56.868,218,0,6,0,2.300,-24.691,1.782
2012-05-05-04_11_56.869,218,0,6,0,2.188,-24.757,1.882
2012-05-05-04_11_56.869,218,1,6,0,-6.743,-24.796,1.582
2012-05-05-04_11_56.870,218,1,6,0,-6.821,-24.770,1.582
2012-05-05-04_11_56.871,218,1,6,0,-6.762,-24.710,1.582
2012-05-05-04_11_56.872,218,2,6,0,-15.695,-24.713,1.182
2012-05-05-04_11_56.872,218,2,6,0,-15.777,-24.687,0.982
2012-05-05-04_11_56.873,218,2,6,0,-15.716,-24.635,1.082
2012-05-05-04_11_56.874,218,3,6,0,-24.717,-24.795,1.282
2012-05-05-04_11_56.874,218,3,6,0,-24.687,-24.703,1.582
2012-05-05-04_11_56.875,218,3,6,0,-24.799,-24.769,1.482
2012-05-05-04_11_56.876,218,4,6,0,-33.713,-24.797,0.882
2012-05-05-04_11_56.877,218,4,6,0,-33.683,-24.705,0.882
2012-05-05-04_11_56.878,218,4,6,0,-33.796,-24.771,0.882
2012-05-05-04_11_56.878,218,5,6,0,-42.727,-24.791,1.382
2012-05-05-04_11_56.881,218,5,6,0,-42.674,-24.838,1.282
2012-05-05-04_11_56.881,218,5,6,0,-42.778,-24.805,1.382
2012-05-05-04_11_56.882,218,6,6,0,-51.759,-24.858,1.382
2012-05-05-04_11_56.883,218,6,6,0,-51.729,-24.765,1.282
2012-05-05-04_11_56.884,218,6,6,0,-51.675,-24.813,1.282
2012-05-05-04_11_56.884,218,7,6,0,-60.653,-24.794,5.682
2012-05-05-04_11_56.885,218,7,6,0,-60.736,-24.768,2.082
2012-05-05-04_11_56.886,218,7,6,0,-60.675,-24.716,2.082
2012-05-05-04_11_56.887,218,0,6,1,-2.184,-24.789,1.790
2012-05-05-04_11_56.888,218,0,6,1,-2.159,-24.690,1.790
2012-05-05-04_11_56.889,218,0,6,1,-2.260,-24.770,1.790
2012-05-05-04_11_56.890,218,1,6,1,-11.212,-24.796,1.690
2012-05-05-04_11_56.890,218,1,6,1,-11.334,-24.722,1.690
2012-05-05-04_11_56.891,218,1,6,1,-11.231,-24.710,1.690
2012-05-05-04_11_56.892,218,2,6,1,-20.149,-24.719,1.090
2012-05-05-04_11_56.892,218,2,6,1,-20.225,-24.700,0.990
2012-05-05-04_11_56.893,218,2,6,1,-20.232,-24.700,0.990
2012-05-05-04_11_56.894,218,3,6,1,-29.171,-24.801,1.290
2012-05-05-04_11_56.895,218,3,6,1,-29.146,-24.702,1.490
2012-05-05-04_11_56.895,218,3,6,1,-29.247,-24.783,1.290
2012-05-05-04_11_56.896,218,4,6,1,-38.168,-24.803,0.890
2012-05-05-04_11_56.897,218,4,6,1,-38.143,-24.704,0.890
2012-05-05-04_11_56.897,218,4,6,1,-38.243,-24.784,0.890
2012-05-05-04_11_56.898,218,5,6,1,-47.187,-24.790,1.390
2012-05-05-04_11_56.899,218,5,6,1,-47.272,-24.770,1.390
2012-05-05-04_11_56.901,218,5,6,1,-47.243,-24.790,1.290
2012-05-05-04_11_56.901,218,6,6,1,-56.213,-24.863,1.290
2012-05-05-04_11_56.902,218,6,6,1,-56.188,-24.764,1.290
2012-05-05-04_11_56.904,218,6,6,1,-56.289,-24.845,1.290
2012-05-05-04_11_56.904,218,7,6,1,-65.184,-24.781,1.890
2012-05-05-04_11_56.905,218,7,6,1,-65.191,-24.781,1.990
2012-05-05-04_11_56.906,218,7,6,1,-65.168,-24.681,1.890
2012-05-05-04_11_56.907,218,0,7,0,2.272,-29.281,13.601
2012-05-05-04_11_56.908,218,0,7,0,2.302,-29.190,1.801
2012-05-05-04_11_56.909,218,0,7,0,2.190,-29.258,1.801
2012-05-05-04_11_56.910,218,1,7,0,-6.743,-29.293,1.601
2012-05-05-04_11_56.910,218,1,7,0,-6.819,-29.273,1.601
2012-05-05-04_11_56.911,218,1,7,0,-6.762,-29.207,1.601
2012-05-05-04_11_56.912,218,2,7,0,-15.692,-29.210,1.101
2012-05-05-04_11_56.912,218,2,7,0,-15.775,-29.188,1.001
2012-05-05-04_11_56.914,218,2,7,0,-15.716,-29.138,1.101
2012-05-05-04_11_56.915,218,3,7,0,-24.715,-29.293,1.301
2012-05-05-04_11_56.916,218,3,7,0,-24.685,-29.202,1.501
2012-05-05-04_11_56.916,218,3,7,0,-24.797,-29.270,1.501
2012-05-05-04_11_56.917,218,4,7,0,-33.711,-29.295,1.001
2012-05-05-04_11_56.918,218,4,7,0,-33.681,-29.204,0.901
2012-05-05-04_11_56.918,218,4,7,0,-33.794,-29.272,0.901
2012-05-05-04_11_56.919,218,5,7,0,-42.725,-29.290,1.301
2012-05-05-04_11_56.920,218,5,7,0,-42.672,-29.341,1.301
2012-05-05-04_11_56.921,218,5,7,0,-42.779,-29.308,1.301
2012-05-05-04_11_56.921,218,6,7,0,-51.757,-29.355,1.401
2012-05-05-04_11_56.922,218,6,7,0,-51.727,-29.265,1.301
2012-05-05-04_11_56.924,218,6,7,0,-51.673,-29.316,1.301
2012-05-05-04_11_56.925,218,7,7,0,-60.651,-29.291,3.301
2012-05-05-04_11_56.926,218,7,7,0,-60.734,-29.269,2.201
2012-05-05-04_11_56.926,218,7,7,0,-60.675,-29.219,2.201
2012-05-05-04_11_56.927,218,0,7,1,-2.187,-29.285,1.813
2012-05-05-04_11_56.927,218,0,7,1,-2.160,-29.189,1.813
2012-05-05-04_11_56.928,218,0,7,1,-2.260,-29.269,1.813
2012-05-05-04_11_56.929,218,1,7,1,-11.210,-29.292,1.713
2012-05-05-04_11_56.930,218,1,7,1,-11.334,-29.221,1.613
2012-05-05-04_11_56.930,218,1,7,1,-11.234,-29.206,1.613
2012-05-05-04_11_56.931,218,2,7,1,-20.152,-29.215,1.113
2012-05-05-04_11_56.933,218,2,7,1,-20.225,-29.199,1.113
2012-05-05-04_11_56.933,218,2,7,1,-20.230,-29.197,1.113
2012-05-05-04_11_56.934,218,3,7,1,-29.174,-29.298,1.313
2012-05-05-04_11_56.935,218,3,7,1,-29.147,-29.201,1.513
2012-05-05-04_11_56.935,218,3,7,1,-29.247,-29.281,1.313
2012-05-05-04_11_56.936,218,4,7,1,-38.171,-29.299,1.013
2012-05-05-04_11_56.937,218,4,7,1,-38.143,-29.203,0.913
2012-05-05-04_11_56.938,218,4,7,1,-38.244,-29.283,1.013
2012-05-05-04_11_56.939,218,5,7,1,-47.187,-29.289,1.413
2012-05-05-04_11_56.939,218,5,7,1,-47.272,-29.267,1.413
2012-05-05-04_11_56.940,218,5,7,1,-47.243,-29.292,1.413
2012-05-05-04_11_56.941,218,6,7,1,-56.216,-29.360,1.313
2012-05-05-04_11_56.942,218,6,7,1,-56.189,-29.264,1.313
2012-05-05-04_11_56.942,218,6,7,1,-56.289,-29.343,1.313
2012-05-05-04_11_56.943,218,7,7,1,-65.184,-29.279,2.013
2012-05-05-04_11_56.943,218,7,7,1,-65.189,-29.278,2.013
2012-05-05-04_11_56.944,218,7,7,1,-65.169,-29.178,2.013
2012-05-05-04_11_56.945,218,0,8,0,2.274,-33.778,1.827
2012-05-05-04_11_56.946,218,0,8,0,2.302,-33.689,1.827
2012-05-05-04_11_56.946,218,0,8,0,2.192,-33.755,1.827
2012-05-05-04_11_56.947,218,1,8,0,-6.746,-33.788,1.627
2012-05-05-04_11_56.948,218,1,8,0,-6.819,-33.769,1.627
2012-05-05-04_11_56.948,218,1,8,0,-6.765,-33.704,1.727
2012-05-05-04_11_56.949,218,2,8,0,-15.690,-33.708,1.027
2012-05-05-04_11_56.950,218,2,8,0,-15.773,-33.685,1.027
2012-05-05-04_11_56.950,218,2,8,0,-15.709,-33.639,1.127
2012-05-05-04_11_56.951,218,3,8,0,-24.712,-33.790,1.527
2012-05-05-04_11_56.952,218,3,8,0,-24.685,-33.701,1.527
2012-05-05-04_11_56.952,218,3,8,0,-24.795,-33.767,1.527
2012-05-05-04_11_56.953,218,4,8,0,-33.709,-33.792,1.027
2012-05-05-04_11_56.954,218,4,8,0,-33.682,-33.703,1.027
2012-05-05-04_11_56.955,218,4,8,0,-33.792,-33.769,0.927
2012-05-05-04_11_56.956,218,5,8,0,-42.725,-33.789,1.327
2012-05-05-04_11_56.956,218,5,8,0,-42.672,-33.837,1.327
2012-05-05-04_11_56.957,218,5,8,0,-42.772,-33.809,1.327
2012-05-05-04_11_56.958,218,6,8,0,-51.755,-33.853,1.327
2012-05-05-04_11_56.959,218,6,8,0,-51.727,-33.764,1.227
2012-05-05-04_11_56.960,218,6,8,0,-51.837,-33.830,1.227
2012-05-05-04_11_56.960,218,7,8,0,-60.649,-33.789,2.127
2012-05-05-04_11_56.961,218,7,8,0,-60.732,-33.766,2.227
2012-05-05-04_11_56.961,218,7,8,0,-60.668,-33.719,2.127
2012-05-05-04_11_56.962,218,0,8,1,-2.188,-33.787,1.836
2012-05-05-04_11_56.963,218,0,8,1,-2.165,-33.688,1.835
2012-05-05-04_11_56.964,218,0,8,1,-2.261,-33.766,1.835
2012-05-05-04_11_56.964,218,1,8,1,-11.213,-33.787,1.736
2012-05-05-04_11_56.965,218,1,8,1,-11.339,-33.720,1.735
2012-05-05-04_11_56.966,218,1,8,1,-11.237,-33.703,1.735
2012-05-05-04_11_56.967,218,2,8,1,-20.153,-33.717,1.136
2012-05-05-04_11_56.968,218,2,8,1,-20.226,-33.696,1.135
2012-05-05-04_11_56.969,218,2,8,1,-20.233,-33.694,1.135
2012-05-05-04_11_56.969,218,3,8,1,-29.175,-33.799,1.136
2012-05-05-04_11_56.970,218,3,8,1,-29.152,-33.700,1.335
2012-05-05-04_11_56.971,218,3,8,1,-29.248,-33.778,1.235
2012-05-05-04_11_56.972,218,4,8,1,-38.171,-33.801,0.936
2012-05-05-04_11_56.973,218,4,8,1,-38.148,-33.702,1.035
2012-05-05-04_11_56.974,218,4,8,1,-38.244,-33.780,1.035
2012-05-05-04_11_56.974,218,5,8,1,-47.192,-33.788,1.435
2012-05-05-04_11_56.975,218,5,8,1,-47.273,-33.764,1.435
2012-05-05-04_11_56.975,218,5,8,1,-47.244,-33.793,1.435
2012-05-05-04_11_56.976,218,6,8,1,-56.217,-33.861,1.436
2012-05-05-04_11_56.977,218,6,8,1,-56.194,-33.763,1.335
2012-05-05-04_11_56.978,218,6,8,1,-56.290,-33.840,1.335
2012-05-05-04_11_56.980,218,7,8,1,-65.184,-33.777,2.235
2012-05-05-04_11_56.981,218,7,8,1,-65.192,-33.775,2.235
2012-05-05-04_11_56.982,218,7,8,1,-65.169,-33.675,2.235
2012-05-05-04_11_56.982,218,0,9,0,2.276,-38.282,1.945
2012-05-05-04_11_56.984,218,0,9,0,2.304,-38.196,1.845
2012-05-05-04_11_56.985,218,0,9,0,2.191,-38.254,1.845
2012-05-05-04_11_56.985,218,1,9,0,-6.746,-38.290,1.745
2012-05-05-04_11_56.986,218,1,9,0,-6.820,-38.269,1.745
2012-05-05-04_11_56.987,218,1,9,0,-6.768,-38.211,1.745
2012-05-05-04_11_56.987,218,2,9,0,-15.688,-38.212,1.245
2012-05-05-04_11_56.988,218,2,9,0,-15.774,-38.184,1.145
2012-05-05-04_11_56.989,218,2,9,0,-15.710,-38.141,1.145
2012-05-05-04_11_56.989,218,3,9,0,-24.711,-38.294,1.645
2012-05-05-04_11_56.990,218,3,9,0,-24.683,-38.208,1.645
2012-05-05-04_11_56.991,218,3,9,0,-24.796,-38.266,1.645
2012-05-05-04_11_56.991,218,4,9,0,-33.707,-38.296,1.045
2012-05-05-04_11_56.992,218,4,9,0,-33.680,-38.210,0.945
2012-05-05-04_11_56.993,218,4,9,0,-33.792,-38.268,0.945
2012-05-05-04_11_56.993,218,5,9,0,-42.723,-38.296,1.445
2012-05-05-04_11_56.994,218,5,9,0,-42.672,-38.337,1.345
2012-05-05-04_11_56.995,218,5,9,0,-42.772,-38.311,1.345
2012-05-05-04_11_56.997,218,6,9,0,-51.753,-38.357,1.245
2012-05-05-04_11_56.997,218,6,9,0,-51.725,-38.271,1.245
2012-05-05-04_11_56.998,218,6,9,0,-51.838,-38.328,1.245
2012-05-05-04_11_56.999,218,7,9,0,-60.647,-38.293,2.245
2012-05-05-04_11_56.999,218,7,9,0,-60.732,-38.264,2.245
2012-05-05-04_11_57.000,218,7,9,0,-60.669,-38.222,2.145
2012-05-05-04_11_57.001,218,0,9,1,-2.188,-38.292,1.854
2012-05-05-04_11_57.002,218,0,9,1,-2.165,-38.196,1.854
2012-05-05-04_11_57.002,218,0,9,1,-2.259,-38.267,1.854
2012-05-05-04_11_57.003,218,1,9,1,-11.213,-38.290,1.754
2012-05-05-04_11_57.003,218,1,9,1,-11.340,-38.227,1.754
2012-05-05-04_11_57.004,218,1,9,1,-11.235,-38.210,1.754
2012-05-05-04_11_57.006,218,2,9,1,-20.153,-38.222,1.254
2012-05-05-04_11_57.007,218,2,9,1,-20.224,-38.197,1.254
2012-05-05-04_11_57.007,218,2,9,1,-20.231,-38.195,1.254
2012-05-05-04_11_57.008,218,3,9,1,-29.175,-38.305,1.454
2012-05-05-04_11_57.009,218,3,9,1,-29.152,-38.208,1.654
2012-05-05-04_11_57.010,218,3,9,1,-29.246,-38.279,1.554
2012-05-05-04_11_57.011,218,4,9,1,-38.172,-38.306,1.054
2012-05-05-04_11_57.011,218,4,9,1,-38.149,-38.210,1.054
2012-05-05-04_11_57.012,218,4,9,1,-38.242,-38.281,0.954
2012-05-05-04_11_57.013,218,5,9,1,-47.193,-38.296,1.454
2012-05-05-04_11_57.013,218,5,9,1,-47.273,-38.269,1.454
2012-05-05-04_11_57.015,218,5,9,1,-47.244,-38.299,1.454
2012-05-05-04_11_57.016,218,6,9,1,-56.194,-38.270,1.354
2012-05-05-04_11_57.017,218,6,9,1,-56.288,-38.341,1.354
2012-05-05-04_11_57.018,218,6,9,1,-56.295,-38.340,1.354
2012-05-05-04_11_57.018,218,7,9,1,-65.182,-38.278,2.054
2012-05-05-04_11_57.019,218,7,9,1,-65.190,-38.276,2.154
2012-05-05-04_11_57.020,218,7,9,1,-65.169,-38.180,2.254
2012-05-05-04_11_57.021,218,0,10,0,2.276,-42.782,1.966
2012-05-05-04_11_57.021,218,0,10,0,2.303,-42.696,1.866
2012-05-05-04_11_57.022,218,0,10,0,2.193,-42.754,1.866
2012-05-05-04_11_57.023,218,1,10,0,-6.752,-42.794,1.666
2012-05-05-04_11_57.024,218,1,10,0,-6.825,-42.767,1.766
2012-05-05-04_11_57.025,218,1,10,0,-6.771,-42.715,1.766
2012-05-05-04_11_57.026,218,2,10,0,-15.689,-42.712,1.166
2012-05-05-04_11_57.027,218,2,10,0,-15.772,-42.684,1.166
2012-05-05-04_11_57.028,218,2,10,0,-15.708,-42.640,1.166
2012-05-05-04_11_57.028,218,3,10,0,-24.711,-42.795,1.566
2012-05-05-04_11_57.029,218,3,10,0,-24.683,-42.708,1.566
2012-05-05-04_11_57.030,218,3,10,0,-24.794,-42.766,1.566
2012-05-05-04_11_57.031,218,4,10,0,-33.707,-42.796,1.066
2012-05-05-04_11_57.032,218,4,10,0,-33.680,-42.710,0.966
2012-05-05-04_11_57.032,218,4,10,0,-33.790,-42.768,0.966
2012-05-05-04_11_57.035,218,5,10,0,-42.724,-42.796,1.366
2012-05-05-04_11_57.036,218,5,10,0,-42.678,-42.835,1.366
2012-05-05-04_11_57.037,218,5,10,0,-42.770,-42.810,1.366
2012-05-05-04_11_57.038,218,6,10,0,-51.753,-42.857,1.266
2012-05-05-04_11_57.038,218,6,10,0,-51.725,-42.770,1.266
2012-05-05-04_11_57.039,218,6,10,0,-51.836,-42.829,1.266
2012-05-05-04_11_57.040,218,7,10,0,-60.648,-42.793,2.166
2012-05-05-04_11_57.041,218,7,10,0,-60.730,-42.765,2.166
2012-05-05-04_11_57.041,218,7,10,0,-60.667,-42.721,2.266
2012-05-05-04_11_57.042,218,0,10,1,-2.189,-42.791,1.878
2012-05-05-04_11_57.044,218,0,10,1,-2.166,-42.696,1.878
2012-05-05-04_11_57.045,218,0,10,1,-2.262,-42.768,1.878
2012-05-05-04_11_57.046,218,1,10,1,-11.214,-42.794,1.778
2012-05-05-04_11_57.046,218,1,10,1,-11.340,-42.727,1.778
2012-05-05-04_11_57.047,218,1,10,1,-11.235,-42.714,1.778
2012-05-05-04_11_57.047,218,2,10,1,-20.153,-42.721,1.278
2012-05-05-04_11_57.048,218,2,10,1,-20.226,-42.698,1.278
2012-05-05-04_11_57.049,218,2,10,1,-20.234,-42.697,1.278
2012-05-05-04_11_57.050,218,3,10,1,-29.175,-42.803,1.378
2012-05-05-04_11_57.051,218,3,10,1,-29.153,-42.708,1.478
2012-05-05-04_11_57.051,218,3,10,1,-29.249,-42.780,1.378
2012-05-05-04_11_57.052,218,4,10,1,-38.172,-42.805,1.078
2012-05-05-04_11_57.053,218,4,10,1,-38.149,-42.710,0.978
2012-05-05-04_11_57.054,218,4,10,1,-38.245,-42.782,0.978
2012-05-05-04_11_57.054,218,5,10,1,-47.193,-42.795,1.478
2012-05-05-04_11_57.055,218,5,10,1,-47.276,-42.774,1.478
2012-05-05-04_11_57.056,218,5,10,1,-47.247,-42.797,1.478
2012-05-05-04_11_57.057,218,6,10,1,-56.217,-42.865,1.378
2012-05-05-04_11_57.058,218,6,10,1,-56.195,-42.770,1.378
2012-05-05-04_11_57.058,218,6,10,1,-56.291,-42.843,1.378
2012-05-05-04_11_57.059,218,7,10,1,-65.185,-42.779,2.278
2012-05-05-04_11_57.060,218,7,10,1,-65.193,-42.778,2.178
2012-05-05-04_11_57.061,218,7,10,1,-65.172,-42.685,2.278
2012-05-05-04_11_57.061,218,0,11,0,2.278,-47.283,1.890
2012-05-05-04_11_57.062,218,0,11,0,2.303,-47.190,1.890
2012-05-05-04_11_57.063,218,0,11,0,2.195,-47.257,1.890
2012-05-05-04_11_57.063,218,1,11,0,-6.752,-47.295,1.790
2012-05-05-04_11_57.065,218,1,11,0,-6.825,-47.270,1.790
2012-05-05-04_11_57.065,218,1,11,0,-6.771,-47.210,12.790
2012-05-05-04_11_57.067,218,2,11,0,-15.687,-47.213,1.290
2012-05-05-04_11_57.068,218,2,11,0,-15.770,-47.187,1.190
2012-05-05-04_11_57.069,218,2,11,0,-15.743,-47.197,1.190
2012-05-05-04_11_57.069,218,3,11,0,-24.709,-47.295,1.690
2012-05-05-04_11_57.070,218,3,11,0,-24.684,-47.202,1.690
2012-05-05-04_11_57.071,218,3,11,0,-24.792,-47.269,1.690
2012-05-05-04_11_57.072,218,4,11,0,-33.705,-47.297,0.990
2012-05-05-04_11_57.073,218,4,11,0,-33.680,-47.204,0.990
2012-05-05-04_11_57.073,218,4,11,0,-33.788,-47.271,0.990
2012-05-05-04_11_57.074,218,5,11,0,-42.724,-47.290,1.390
2012-05-05-04_11_57.075,218,5,11,0,-42.678,-47.338,1.390
2012-05-05-04_11_57.077,218,5,11,0,-42.773,-47.305,1.390
2012-05-05-04_11_57.078,218,6,11,0,-51.751,-47.358,1.390
2012-05-05-04_11_57.079,218,6,11,0,-51.726,-47.265,1.290
2012-05-05-04_11_57.079,218,6,11,0,-51.834,-47.332,1.290
2012-05-05-04_11_57.080,218,7,11,0,-60.646,-47.294,2.190
2012-05-05-04_11_57.080,218,7,11,0,-60.728,-47.268,2.290
2012-05-05-04_11_57.081,218,7,11,0,-60.669,-47.216,2.290
2012-05-05-04_11_57.082,218,0,11,1,-2.194,-47.289,1.899
2012-05-05-04_11_57.083,218,0,11,1,-2.169,-47.190,1.899
2012-05-05-04_11_57.084,218,0,11,1,-2.262,-47.270,1.899
2012-05-05-04_11_57.084,218,1,11,1,-11.214,-47.296,1.799
2012-05-05-04_11_57.087,218,1,11,1,-11.343,-47.222,1.799
2012-05-05-04_11_57.088,218,1,11,1,-11.236,-47.210,1.699
2012-05-05-04_11_57.088,218,2,11,1,-20.159,-47.219,1.299
2012-05-05-04_11_57.089,218,2,11,1,-20.227,-47.200,1.299
2012-05-05-04_11_57.090,218,2,11,1,-20.232,-47.199,1.299
2012-05-05-04_11_57.090,218,3,11,1,-29.181,-47.301,1.399
2012-05-05-04_11_57.091,218,3,11,1,-29.156,-47.202,1.599
2012-05-05-04_11_57.092,218,3,11,1,-29.249,-47.282,1.399
2012-05-05-04_11_57.093,218,4,11,1,-38.177,-47.303,0.999
2012-05-05-04_11_57.093,218,4,11,1,-38.152,-47.204,0.999
2012-05-05-04_11_57.094,218,4,11,1,-38.246,-47.284,0.999
2012-05-05-04_11_57.095,218,5,11,1,-47.196,-47.290,1.399
2012-05-05-04_11_57.097,218,5,11,1,-47.276,-47.270,1.399
2012-05-05-04_11_57.098,218,5,11,1,-47.247,-47.291,1.499
2012-05-05-04_11_57.098,218,6,11,1,-56.223,-47.364,1.399
2012-05-05-04_11_57.099,218,6,11,1,-56.198,-47.265,1.299
2012-05-05-04_11_57.099,218,6,11,1,-56.291,-47.344,1.399
2012-05-05-04_11_57.100,218,7,11,1,-65.186,-47.281,2.299
2012-05-05-04_11_57.101,218,7,11,1,-65.191,-47.280,2.199
2012-05-05-04_11_57.102,218,7,11,1,-65.173,-47.181,2.299
2012-05-05-04_11_57.102,218,0,12,0,2.265,-51.780,2.108
2012-05-05-04_11_57.103,218,0,12,0,2.303,-51.691,2.108
2012-05-05-04_11_57.105,218,0,12,0,2.195,-51.758,2.108
2012-05-05-04_11_57.105,218,1,12,0,-6.755,-51.794,1.908
2012-05-05-04_11_57.106,218,1,12,0,-6.831,-51.774,1.808
2012-05-05-04_11_57.107,218,1,12,0,-6.774,-51.707,1.908
2012-05-05-04_11_57.108,218,2,12,0,-15.699,-51.710,1.208
2012-05-05-04_11_57.109,218,2,12,0,-15.770,-51.688,1.208
2012-05-05-04_11_57.110,218,2,12,0,-15.711,-51.639,1.208
2012-05-05-04_11_57.110,218,3,12,0,-24.722,-51.792,1.708
2012-05-05-04_11_57.112,218,3,12,0,-24.684,-51.703,1.708
2012-05-05-04_11_57.113,218,3,12,0,-24.792,-51.770,1.708
2012-05-05-04_11_57.114,218,4,12,0,-33.718,-51.794,1.108
2012-05-05-04_11_57.114,218,4,12,0,-33.681,-51.705,1.108
2012-05-05-04_11_57.115,218,4,12,0,-33.789,-51.772,1.008
2012-05-05-04_11_57.116,218,5,12,0,-42.725,-51.791,1.508
2012-05-05-04_11_57.116,218,5,12,0,-42.683,-51.842,1.308
2012-05-05-04_11_57.117,218,5,12,0,-42.774,-51.809,1.508
2012-05-05-04_11_57.118,218,6,12,0,-51.764,-51.855,1.308
2012-05-05-04_11_57.118,218,6,12,0,-51.726,-51.766,1.308
2012-05-05-04_11_57.119,218,6,12,0,-51.834,-51.833,1.308
2012-05-05-04_11_57.120,218,7,12,0,-60.658,-51.791,2.208
2012-05-05-04_11_57.121,218,7,12,0,-60.729,-51.769,2.208
2012-05-05-04_11_57.122,218,7,12,0,-60.670,-51.720,2.108
2012-05-05-04_11_57.123,218,0,12,1,-2.194,-51.786,2.116
2012-05-05-04_11_57.123,218,0,12,1,-2.172,-51.690,2.116
2012-05-05-04_11_57.124,218,0,12,1,-2.262,-51.768,2.116
2012-05-05-04_11_57.125,218,1,12,1,-11.215,-51.794,1.816
2012-05-05-04_11_57.126,218,1,12,1,-11.346,-51.721,1.816
2012-05-05-04_11_57.126,218,1,12,1,-11.234,-51.707,1.816
2012-05-05-04_11_57.127,218,2,12,1,-20.159,-51.716,1.216
2012-05-05-04_11_57.128,218,2,12,1,-20.227,-51.698,1.216
2012-05-05-04_11_57.129,218,2,12,1,-20.235,-51.697,1.216
2012-05-05-04_11_57.130,218,3,12,1,-29.181,-51.799,1.416
2012-05-05-04_11_57.130,218,3,12,1,-29.159,-51.702,1.616
2012-05-05-04_11_57.131,218,3,12,1,-29.249,-51.780,1.616
2012-05-05-04_11_57.132,218,4,12,1,-38.178,-51.800,1.016
2012-05-05-04_11_57.133,218,4,12,1,-38.155,-51.704,1.016
2012-05-05-04_11_57.134,218,4,12,1,-38.246,-51.782,1.116
2012-05-05-04_11_57.134,218,5,12,1,-47.199,-51.790,1.316
2012-05-05-04_11_57.135,218,5,12,1,-47.277,-51.768,1.216
2012-05-05-04_11_57.136,218,5,12,1,-47.250,-51.791,1.216
2012-05-05-04_11_57.136,218,6,12,1,-56.223,-51.861,1.416
2012-05-05-04_11_57.138,218,6,12,1,-56.201,-51.764,1.316
2012-05-05-04_11_57.139,218,6,12,1,-56.291,-51.843,1.416
2012-05-05-04_11_57.140,218,7,12,1,-65.186,-51.779,2.116
2012-05-05-04_11_57.141,218,7,12,1,-65.193,-51.778,2.116
2012-05-05-04_11_57.142,218,7,12,1,-65.173,-51.678,2.216
2012-05-05-04_11_57.142,218,0,13,0,2.275,-56.278,2.127
2012-05-05-04_11_57.143,218,0,13,0,2.300,-56.191,2.127
2012-05-05-04_11_57.144,218,0,13,0,2.197,-56.254,2.127
2012-05-05-04_11_57.145,218,1,13,0,-6.755,-56.290,1.927
2012-05-05-04_11_57.146,218,1,13,0,-6.831,-56.270,1.927
2012-05-05-04_11_57.146,218,1,13,0,-6.777,-56.191,1.927
2012-05-05-04_11_57.147,218,2,13,0,-15.690,-56.208,1.227
2012-05-05-04_11_57.148,218,2,13,0,-15.768,-56.184,1.227
2012-05-05-04_11_57.149,218,2,13,0,-15.712,-56.140,1.227
2012-05-05-04_11_57.149,218,3,13,0,-24.712,-56.290,1.727
2012-05-05-04_11_57.150,218,3,13,0,-24.687,-56.203,1.727
2012-05-05-04_11_57.153,218,3,13,0,-24.790,-56.267,1.727
2012-05-05-04_11_57.154,218,4,13,0,-33.709,-56.292,1.127
2012-05-05-04_11_57.154,218,4,13,0,-33.684,-56.205,1.127
2012-05-05-04_11_57.155,218,4,13,0,-33.787,-56.268,1.027
2012-05-05-04_11_57.155,218,5,13,0,-42.727,-56.291,1.427
2012-05-05-04_11_57.156,218,5,13,0,-42.684,-56.338,1.327
2012-05-05-04_11_57.157,218,5,13,0,-42.774,-56.310,1.427
2012-05-05-04_11_57.158,218,6,13,0,-51.754,-56.353,1.327
2012-05-05-04_11_57.159,218,6,13,0,-51.729,-56.265,1.327
2012-05-05-04_11_57.159,218,6,13,0,-51.832,-56.329,1.227
2012-05-05-04_11_57.160,218,7,13,0,-60.649,-56.289,3.327
2012-05-05-04_11_57.161,218,7,13,0,-60.727,-56.265,11.427
2012-05-05-04_11_57.162,218,0,13,1,-2.197,-56.288,2.039
2012-05-05-04_11_57.163,218,0,13,1,-2.172,-56.191,2.039
2012-05-05-04_11_57.163,218,0,13,1,-2.265,-56.265,2.039
2012-05-05-04_11_57.164,218,1,13,1,-11.210,-56.289,1.839
2012-05-05-04_11_57.165,218,1,13,1,-11.346,-56.222,1.839
2012-05-05-04_11_57.166,218,1,13,1,-11.236,-56.205,1.838
2012-05-05-04_11_57.166,218,2,13,1,-20.162,-56.218,1.339
2012-05-05-04_11_57.167,218,2,13,1,-20.230,-56.194,1.239
2012-05-05-04_11_57.168,218,2,13,1,-20.235,-56.194,1.239
2012-05-05-04_11_57.169,218,3,13,1,-29.184,-56.300,1.439
2012-05-05-04_11_57.169,218,3,13,1,-29.159,-56.203,1.639
2012-05-05-04_11_57.170,218,3,13,1,-29.252,-56.277,1.639
2012-05-05-04_11_57.171,218,4,13,1,-38.181,-56.302,1.139
2012-05-05-04_11_57.172,218,4,13,1,-38.155,-56.205,1.039
2012-05-05-04_11_57.173,218,4,13,1,-38.249,-56.279,1.039
2012-05-05-04_11_57.173,218,5,13,1,-47.199,-56.291,1.539
2012-05-05-04_11_57.174,218,5,13,1,-47.280,-56.266,1.538
2012-05-05-04_11_57.175,218,5,13,1,-47.253,-56.291,1.538
2012-05-05-04_11_57.175,218,6,13,1,-56.226,-56.363,1.339
2012-05-05-04_11_57.176,218,6,13,1,-56.201,-56.265,1.339
2012-05-05-04_11_57.177,218,6,13,1,-56.294,-56.339,1.439
2012-05-05-04_11_57.178,218,7,13,1,-65.189,-56.275,2.239
2012-05-05-04_11_57.178,218,7,13,1,-65.194,-56.275,2.239
2012-05-05-04_11_57.179,218,7,13,1,-65.176,-56.176,2.138
2012-05-05-04_11_57.180,218,0,14,0,2.260,-60.782,2.151
2012-05-05-04_11_57.181,218,0,14,0,2.297,-60.696,2.151
2012-05-05-04_11_57.181,218,0,14,0,2.199,-60.754,2.151
2012-05-05-04_11_57.182,218,1,14,0,-6.756,-60.790,1.951
2012-05-05-04_11_57.183,218,1,14,0,-6.834,-60.768,1.952
2012-05-05-04_11_57.184,218,1,14,0,-6.775,-60.712,1.952
2012-05-05-04_11_57.185,218,2,14,0,-15.705,-60.712,1.251
2012-05-05-04_11_57.185,218,2,14,0,-15.766,-60.684,1.251
2012-05-05-04_11_57.186,218,2,14,0,-15.712,-60.642,1.252
2012-05-05-04_11_57.187,218,3,14,0,-24.727,-60.794,1.651
2012-05-05-04_11_57.190,218,3,14,0,-24.690,-60.708,1.751
2012-05-05-04_11_57.191,218,3,14,0,-24.788,-60.766,1.751
2012-05-05-04_11_57.191,218,4,14,0,-33.724,-60.796,0.951
2012-05-05-04_11_57.192,218,4,14,0,-33.687,-60.710,0.951
2012-05-05-04_11_57.193,218,4,14,0,-33.785,-60.768,0.951
2012-05-05-04_11_57.195,218,5,14,0,-42.730,-60.796,1.451
2012-05-05-04_11_57.196,218,5,14,0,-42.687,-60.836,1.352
2012-05-05-04_11_57.196,218,5,14,0,-42.774,-60.812,1.452
2012-05-05-04_11_57.197,218,6,14,0,-51.769,-60.856,1.251
2012-05-05-04_11_57.198,218,6,14,0,-51.732,-60.771,1.351
2012-05-05-04_11_57.199,218,6,14,0,-51.830,-60.828,1.251
2012-05-05-04_11_57.200,218,7,14,0,-60.664,-60.793,2.151
2012-05-05-04_11_57.200,218,7,14,0,-60.725,-60.764,2.151
2012-05-05-04_11_57.201,218,7,14,0,-60.671,-60.723,3.252
2012-05-05-04_11_57.202,218,0,14,1,-2.198,-60.793,2.061
2012-05-05-04_11_57.203,218,0,14,1,-2.172,-60.696,2.061
2012-05-05-04_11_57.204,218,0,14,1,-2.268,-60.766,2.061
2012-05-05-04_11_57.205,218,1,14,1,-11.211,-60.791,1.861
2012-05-05-04_11_57.205,218,1,14,1,-11.347,-60.728,1.861
2012-05-05-04_11_57.206,218,1,14,1,-11.234,-60.710,1.861
2012-05-05-04_11_57.207,218,2,14,1,-20.162,-60.723,1.261
2012-05-05-04_11_57.208,218,2,14,1,-20.233,-60.695,1.261
2012-05-05-04_11_57.208,218,2,14,1,-20.238,-60.695,1.261
2012-05-05-04_11_57.209,218,3,14,1,-29.184,-60.805,1.261
2012-05-05-04_11_57.210,218,3,14,1,-29.159,-60.708,1.561
2012-05-05-04_11_57.211,218,3,14,1,-29.255,-60.778,1.561
2012-05-05-04_11_57.212,218,4,14,1,-38.181,-60.807,1.061
2012-05-05-04_11_57.212,218,4,14,1,-38.156,-60.710,1.061
2012-05-05-04_11_57.213,218,4,14,1,-38.252,-60.780,1.061
2012-05-05-04_11_57.214,218,5,14,1,-47.200,-60.796,1.561
2012-05-05-04_11_57.215,218,5,14,1,-47.283,-60.770,1.461
2012-05-05-04_11_57.216,218,5,14,1,-47.253,-60.798,1.461
2012-05-05-04_11_57.217,218,6,14,1,-56.227,-60.867,1.361
2012-05-05-04_11_57.217,218,6,14,1,-56.201,-60.771,1.461
2012-05-05-04_11_57.218,218,6,14,1,-56.297,-60.840,1.461
2012-05-05-04_11_57.219,218,7,14,1,-65.192,-60.776,2.261
2012-05-05-04_11_57.219,218,7,14,1,-65.197,-60.775,2.261
2012-05-05-04_11_57.220,218,7,14,1,-65.179,-60.681,2.261
2012-05-05-04_11_57.221,218,0,15,0,2.269,-65.284,2.270
2012-05-05-04_11_57.221,218,0,15,0,2.294,-65.196,2.170
2012-05-05-04_11_57.222,218,0,15,0,2.196,-65.255,2.270
2012-05-05-04_11_57.223,218,1,15,0,-6.754,-65.294,1.970
2012-05-05-04_11_57.223,218,1,15,0,-6.834,-65.268,1.970
2012-05-05-04_11_57.224,218,1,15,0,-6.775,-65.215,1.970
2012-05-05-04_11_57.225,218,2,15,0,-15.696,-65.214,1.370
2012-05-05-04_11_57.226,218,2,15,0,-15.769,-65.185,1.370
2012-05-05-04_11_57.226,218,2,15,0,-15.715,-65.140,1.370
2012-05-05-04_11_57.227,218,3,15,0,-24.718,-65.296,1.770
2012-05-05-04_11_57.228,218,3,15,0,-24.693,-65.208,1.770
2012-05-05-04_11_57.228,218,3,15,0,-24.791,-65.267,1.770
2012-05-05-04_11_57.229,218,4,15,0,-33.714,-65.298,0.970
2012-05-05-04_11_57.230,218,4,15,0,-33.689,-65.210,0.970
2012-05-05-04_11_57.231,218,4,15,0,-33.788,-65.269,0.970
2012-05-05-04_11_57.231,218,5,15,0,-42.733,-65.296,1.570
2012-05-05-04_11_57.232,218,5,15,0,-42.687,-65.336,1.370
2012-05-05-04_11_57.235,218,5,15,0,-42.777,-65.310,1.470
2012-05-05-04_11_57.236,218,6,15,0,-51.760,-65.358,1.270
2012-05-05-04_11_57.237,218,6,15,0,-51.735,-65.271,1.270
2012-05-05-04_11_57.238,218,6,15,0,-51.833,-65.329,1.270
2012-05-05-04_11_57.238,218,7,15,0,-60.655,-65.295,2.170
2012-05-05-04_11_57.239,218,7,15,0,-60.728,-65.266,2.170
2012-05-05-04_11_57.240,218,7,15,0,-60.674,-65.221,5.370
2012-05-05-04_11_57.241,218,0,15,1,-2.196,-65.291,2.279
2012-05-05-04_11_57.243,218,0,15,1,-2.170,-65.196,2.179
2012-05-05-04_11_57.244,218,0,15,1,-2.271,-65.269,2.279
2012-05-05-04_11_57.244,218,1,15,1,-11.211,-65.294,1.879
2012-05-05-04_11_57.245,218,1,15,1,-11.345,-65.227,1.879
2012-05-05-04_11_57.246,218,1,15,1,-11.232,-65.215,1.979
2012-05-05-04_11_57.247,218,2,15,1,-20.160,-65.221,1.279
2012-05-05-04_11_57.248,218,2,15,1,-20.236,-65.199,1.279
2012-05-05-04_11_57.249,218,2,15,1,-20.243,-65.198,1.279
2012-05-05-04_11_57.249,218,3,15,1,-29.182,-65.303,1.379
2012-05-05-04_11_57.250,218,3,15,1,-29.157,-65.208,1.479
2012-05-05-04_11_57.251,218,3,15,1,-29.258,-65.281,1.479
2012-05-05-04_11_57.252,218,4,15,1,-38.179,-65.305,1.079
2012-05-05-04_11_57.253,218,4,15,1,-38.154,-65.210,1.079
2012-05-05-04_11_57.253,218,4,15,1,-38.255,-65.283,1.079
2012-05-05-04_11_57.255,218,5,15,1,-47.198,-65.295,1.279
2012-05-05-04_11_57.255,218,5,15,1,-47.285,-65.274,1.379
2012-05-05-04_11_57.256,218,5,15,1,-47.254,-65.298,1.379
2012-05-05-04_11_57.257,218,6,15,1,-56.224,-65.365,1.379
2012-05-05-04_11_57.257,218,6,15,1,-56.199,-65.270,1.379
2012-05-05-04_11_57.258,218,6,15,1,-56.300,-65.344,1.379
2012-05-05-04_11_57.259,218,7,15,1,-65.195,-65.280,2.179
2012-05-05-04_11_57.259,218,7,15,1,-65.202,-65.279,2.179
2012-05-05-04_11_57.260,218,7,15,1,-65.182,-65.185,2.179
2012-05-05-04_11_57.260,218,0,16,0,2.269,-69.784,2.291
2012-05-05-04_11_57.261,218,0,16,0,2.291,-69.689,2.191
2012-05-05-04_11_57.262,218,0,16,0,2.196,-69.758,2.191
2012-05-05-04_11_57.263,218,1,16,0,-6.752,-69.795,1.991
2012-05-05-04_11_57.263,218,1,16,0,-6.835,-69.769,1.991
2012-05-05-04_11_57.264,218,1,16,0,-6.773,-69.709,1.991
2012-05-05-04_11_57.265,218,2,16,0,-15.696,-69.713,1.291
2012-05-05-04_11_57.266,218,2,16,0,-15.769,-69.688,1.391
2012-05-05-04_11_57.267,218,2,16,0,-15.747,-69.697,1.391
2012-05-05-04_11_57.267,218,3,16,0,-24.718,-69.796,1.791
2012-05-05-04_11_57.268,218,3,16,0,-24.696,-69.701,1.791
2012-05-05-04_11_57.269,218,3,16,0,-24.791,-69.770,1.791
2012-05-05-04_11_57.269,218,4,16,0,-33.715,-69.798,0.991
2012-05-05-04_11_57.270,218,4,16,0,-33.692,-69.703,0.991
2012-05-05-04_11_57.271,218,4,16,0,-33.788,-69.772,0.991
2012-05-05-04_11_57.271,218,5,16,0,-42.736,-69.789,1.491
2012-05-05-04_11_57.272,218,5,16,0,-42.688,-69.837,1.291
2012-05-05-04_11_57.273,218,5,16,0,-42.780,-69.804,1.491
2012-05-05-04_11_57.273,218,6,16,0,-51.760,-69.858,1.291
2012-05-05-04_11_57.274,218,6,16,0,-51.738,-69.764,1.291
2012-05-05-04_11_57.275,218,6,16,0,-51.833,-69.833,1.291
2012-05-05-04_11_57.276,218,7,16,0,-60.655,-69.794,2.091
2012-05-05-04_11_57.278,218,7,16,0,-60.728,-69.769,2.191
2012-05-05-04_11_57.278,218,7,16,0,-60.676,-69.715,3.291
2012-05-05-04_11_57.279,218,0,16,1,-2.196,-69.789,2.203
2012-05-05-04_11_57.280,218,0,16,1,-2.168,-69.689,2.202
2012-05-05-04_11_57.281,218,0,16,1,-2.271,-69.771,2.202
2012-05-05-04_11_57.282,218,1,16,1,-11.211,-69.794,1.902
2012-05-05-04_11_57.283,218,1,16,1,-11.343,-69.721,1.902
2012-05-05-04_11_57.284,218,1,16,1,-11.230,-69.709,1.902
2012-05-05-04_11_57.284,218,2,16,1,-20.161,-69.719,1.303
2012-05-05-04_11_57.285,218,2,16,1,-20.236,-69.701,1.302
2012-05-05-04_11_57.286,218,2,16,1,-20.241,-69.700,1.302
2012-05-05-04_11_57.286,218,3,16,1,-29.183,-69.801,1.503
2012-05-05-04_11_57.287,218,3,16,1,-29.155,-69.701,1.502
2012-05-05-04_11_57.288,218,3,16,1,-29.258,-69.783,1.502
2012-05-05-04_11_57.289,218,4,16,1,-38.179,-69.803,1.103
2012-05-05-04_11_57.290,218,4,16,1,-38.152,-69.703,1.102
2012-05-05-04_11_57.290,218,4,16,1,-38.255,-69.785,1.102
2012-05-05-04_11_57.291,218,5,16,1,-47.196,-69.789,1.302
2012-05-05-04_11_57.293,218,5,16,1,-47.283,-69.769,1.302
2012-05-05-04_11_57.294,218,5,16,1,-47.254,-69.792,1.302
2012-05-05-04_11_57.295,218,6,16,1,-56.225,-69.863,1.403
2012-05-05-04_11_57.295,218,6,16,1,-56.197,-69.764,1.402
2012-05-05-04_11_57.296,218,6,16,1,-56.300,-69.845,1.402
2012-05-05-04_11_57.297,218,7,16,1,-65.195,-69.782,2.202
2012-05-05-04_11_57.298,218,7,16,1,-65.200,-69.781,2.202
2012-05-05-04_11_57.299,218,7,16,1,-65.180,-69.680,2.202
2012-05-05-04_11_57.300,218,0,17,0,2.256,-74.280,2.215
2012-05-05-04_11_57.300,218,0,17,0,2.291,-74.190,2.215
2012-05-05-04_11_57.301,218,0,17,0,2.190,-74.258,2.215
2012-05-05-04_11_57.302,218,1,17,0,-6.750,-74.293,1.915
2012-05-05-04_11_57.302,218,1,17,0,-6.830,-74.273,1.915
2012-05-05-04_11_57.303,218,1,17,0,-6.774,-74.207,2.015
2012-05-05-04_11_57.304,218,2,17,0,-15.709,-74.210,1.315
2012-05-05-04_11_57.304,218,2,17,0,-15.775,-74.188,1.315
2012-05-05-04_11_57.305,218,2,17,0,-15.718,-74.138,1.315
2012-05-05-04_11_57.306,218,3,17,0,-24.731,-74.292,1.815
2012-05-05-04_11_57.306,218,3,17,0,-24.696,-74.202,1.815
2012-05-05-04_11_57.307,218,3,17,0,-24.797,-74.270,1.815
2012-05-05-04_11_57.308,218,4,17,0,-33.728,-74.294,1.015
2012-05-05-04_11_57.308,218,4,17,0,-33.693,-74.204,1.115
2012-05-05-04_11_57.309,218,4,17,0,-33.793,-74.272,1.015
2012-05-05-04_11_57.309,218,5,17,0,-42.736,-74.290,1.515
2012-05-05-04_11_57.310,218,5,17,0,-42.683,-74.341,1.415
2012-05-05-04_11_57.311,218,5,17,0,-42.781,-74.308,1.515
2012-05-05-04_11_57.311,218,6,17,0,-51.773,-74.355,1.315
2012-05-05-04_11_57.312,218,6,17,0,-51.738,-74.265,1.315
2012-05-05-04_11_57.313,218,6,17,0,-51.685,-74.316,1.315
2012-05-05-04_11_57.314,218,7,17,0,-60.668,-74.291,2.115
2012-05-05-04_11_57.317,218,7,17,0,-60.733,-74.269,3.315
2012-05-05-04_11_57.318,218,7,17,0,-60.677,-74.219,2.215
2012-05-05-04_11_57.319,218,0,17,1,-2.196,-74.286,2.224
2012-05-05-04_11_57.319,218,0,17,1,-2.169,-74.188,2.224
2012-05-05-04_11_57.320,218,0,17,1,-2.269,-74.269,2.224
2012-05-05-04_11_57.320,218,1,17,1,-11.214,-74.292,1.924
2012-05-05-04_11_57.321,218,1,17,1,-11.343,-74.220,1.924
2012-05-05-04_11_57.322,218,1,17,1,-11.233,-74.206,1.924
2012-05-05-04_11_57.322,218,2,17,1,-20.161,-74.216,1.324
2012-05-05-04_11_57.323,218,2,17,1,-20.234,-74.199,1.424
2012-05-05-04_11_57.324,218,2,17,1,-20.242,-74.197,1.324
2012-05-05-04_11_57.325,218,3,17,1,-29.183,-74.298,1.524
2012-05-05-04_11_57.326,218,3,17,1,-29.156,-74.200,1.524
2012-05-05-04_11_57.326,218,3,17,1,-29.256,-74.281,1.524
2012-05-05-04_11_57.327,218,4,17,1,-38.180,-74.300,1.024
2012-05-05-04_11_57.328,218,4,17,1,-38.152,-74.202,1.024
2012-05-05-04_11_57.329,218,4,17,1,-38.253,-74.283,1.024
2012-05-05-04_11_57.330,218,5,17,1,-47.196,-74.288,1.524
2012-05-05-04_11_57.330,218,5,17,1,-47.284,-74.266,1.624
2012-05-05-04_11_57.331,218,5,17,1,-47.252,-74.292,1.624
2012-05-05-04_11_57.332,218,6,17,1,-56.225,-74.360,1.424
2012-05-05-04_11_57.332,218,6,17,1,-56.198,-74.263,1.424
2012-05-05-04_11_57.333,218,6,17,1,-56.298,-74.344,1.424
2012-05-05-04_11_57.334,218,7,17,1,-65.193,-74.280,2.224
2012-05-05-04_11_57.335,218,7,17,1,-65.200,-74.278,2.224
2012-05-05-04_11_57.335,218,7,17,1,-65.180,-74.177,2.224
2012-05-05-04_11_57.336,218,0,18,0,2.265,-78.779,2.033
2012-05-05-04_11_57.337,218,0,18,0,2.293,-78.690,2.033
2012-05-05-04_11_57.337,218,0,18,0,2.190,-78.755,1.933
2012-05-05-04_11_57.338,218,1,18,0,-6.750,-78.789,1.833
2012-05-05-04_11_57.339,218,1,18,0,-6.831,-78.769,1.933
2012-05-05-04_11_57.339,218,1,18,0,-6.769,-78.704,1.833
2012-05-05-04_11_57.341,218,2,18,0,-15.700,-78.708,1.433
2012-05-05-04_11_57.343,218,2,18,0,-15.775,-78.685,1.433
2012-05-05-04_11_57.344,218,2,18,0,-15.721,-78.640,1.433
2012-05-05-04_11_57.345,218,3,18,0,-24.722,-78.791,1.833
2012-05-05-04_11_57.345,218,3,18,0,-24.694,-78.702,1.833
2012-05-05-04_11_57.346,218,3,18,0,-24.797,-78.767,1.833
2012-05-05-04_11_57.347,218,4,18,0,-33.718,-78.793,1.133
2012-05-05-04_11_57.347,218,4,18,0,-33.691,-78.704,1.133
2012-05-05-04_11_57.348,218,4,18,0,-33.794,-78.769,1.133
2012-05-05-04_11_57.349,218,5,18,0,-42.734,-78.790,1.833
2012-05-05-04_11_57.350,218,5,18,0,-42.684,-78.838,1.633
2012-05-05-04_11_57.350,218,5,18,0,-42.783,-78.809,1.733
2012-05-05-04_11_57.351,218,6,18,0,-51.764,-78.853,1.633
2012-05-05-04_11_57.352,218,6,18,0,-51.736,-78.764,1.533
2012-05-05-04_11_57.352,218,6,18,0,-51.839,-78.829,1.533
2012-05-05-04_11_57.353,218,7,18,0,-60.658,-78.789,2.333
2012-05-05-04_11_57.353,218,7,18,0,-60.734,-78.766,2.433
2012-05-05-04_11_57.354,218,7,18,0,-60.680,-78.720,2.333
2012-05-05-04_11_57.355,218,0,18,1,-2.194,-78.788,2.042
2012-05-05-04_11_57.355,218,0,18,1,-2.167,-78.689,2.041
2012-05-05-04_11_57.356,218,0,18,1,-2.267,-78.766,2.041
2012-05-05-04_11_57.357,218,1,18,1,-11.212,-78.788,1.841
2012-05-05-04_11_57.358,218,1,18,1,-11.341,-78.721,1.841
2012-05-05-04_11_57.358,218,1,18,1,-11.236,-78.703,1.841
2012-05-05-04_11_57.359,218,2,18,1,-20.159,-78.718,1.342
2012-05-05-04_11_57.360,218,2,18,1,-20.232,-78.696,1.441
2012-05-05-04_11_57.361,218,2,18,1,-20.242,-78.694,1.441
2012-05-05-04_11_57.362,218,3,18,1,-29.181,-78.800,1.642
2012-05-05-04_11_57.363,218,3,18,1,-29.154,-78.701,1.841
2012-05-05-04_11_57.363,218,3,18,1,-29.254,-78.778,1.841
2012-05-05-04_11_57.364,218,4,18,1,-38.178,-78.802,1.242
2012-05-05-04_11_57.365,218,4,18,1,-38.150,-78.703,1.241
2012-05-05-04_11_57.366,218,4,18,1,-38.251,-78.780,1.141
2012-05-05-04_11_57.367,218,5,18,1,-47.194,-78.789,1.541
2012-05-05-04_11_57.367,218,5,18,1,-47.282,-78.764,1.541
2012-05-05-04_11_57.368,218,5,18,1,-47.253,-78.792,1.541
2012-05-05-04_11_57.369,218,6,18,1,-56.223,-78.862,1.642
2012-05-05-04_11_57.370,218,6,18,1,-56.196,-78.764,1.641
2012-05-05-04_11_57.371,218,6,18,1,-56.296,-78.840,1.541
2012-05-05-04_11_57.371,218,7,18,1,-65.191,-78.777,2.341
2012-05-05-04_11_57.372,218,7,18,1,-65.201,-78.775,2.341
2012-05-05-04_11_57.372,218,7,18,1,-65.178,-78.675,2.341
2012-05-05-04_11_57.373,218,0,19,0,2.265,-83.281,2.053
2012-05-05-04_11_57.373,218,0,19,0,2.292,-83.196,2.053
2012-05-05-04_11_57.374,218,0,19,0,2.189,-83.253,2.053
2012-05-05-04_11_57.375,218,1,19,0,-6.751,-83.290,1.953
2012-05-05-04_11_57.376,218,1,19,0,-6.831,-83.269,1.853
2012-05-05-04_11_57.376,218,1,19,0,-6.772,-83.212,1.853
2012-05-05-04_11_57.377,218,2,19,0,-15.700,-83.211,1.453
2012-05-05-04_11_57.378,218,2,19,0,-15.775,-83.183,1.453
2012-05-05-04_11_57.379,218,2,19,0,-15.721,-83.142,1.453
2012-05-05-04_11_57.379,218,3,19,0,-24.722,-83.294,1.853
2012-05-05-04_11_57.380,218,3,19,0,-24.695,-83.208,1.853
2012-05-05-04_11_57.380,218,3,19,0,-24.798,-83.266,1.853
2012-05-05-04_11_57.381,218,4,19,0,-33.719,-83.295,1.153
2012-05-05-04_11_57.382,218,4,19,0,-33.691,-83.210,1.153
2012-05-05-04_11_57.383,218,4,19,0,-33.794,-83.267,1.153
2012-05-05-04_11_57.383,218,5,19,0,-42.735,-83.296,1.853
2012-05-05-04_11_57.384,218,5,19,0,-42.684,-83.337,1.553
2012-05-05-04_11_57.385,218,5,19,0,-42.784,-83.312,1.753
2012-05-05-04_11_57.386,218,6,19,0,-51.764,-83.356,1.553
2012-05-05-04_11_57.387,218,6,19,0,-51.737,-83.271,1.553
2012-05-05-04_11_57.388,218,6,19,0,-51.840,-83.328,1.553
2012-05-05-04_11_57.390,218,7,19,0,-60.659,-83.292,2.353
2012-05-05-04_11_57.391,218,7,19,0,-60.734,-83.264,2.353
2012-05-05-04_11_57.391,218,7,19,0,-60.680,-83.223,2.453
2012-05-05-04_11_57.392,218,0,19,1,-2.195,-83.292,2.065
2012-05-05-04_11_57.393,218,0,19,1,-2.170,-83.196,2.065
2012-05-05-04_11_57.393,218,0,19,1,-2.270,-83.266,1.965
2012-05-05-04_11_57.396,218,1,19,1,-11.213,-83.290,1.865
2012-05-05-04_11_57.397,218,1,19,1,-11.344,-83.227,1.865
2012-05-05-04_11_57.397,218,1,19,1,-11.237,-83.210,1.865
2012-05-05-04_11_57.398,218,2,19,1,-20.160,-83.222,1.565
2012-05-05-04_11_57.399,218,2,19,1,-20.235,-83.196,1.465
2012-05-05-04_11_57.399,218,2,19,1,-20.242,-83.195,1.465
2012-05-05-04_11_57.400,218,3,19,1,-29.182,-83.304,1.765
2012-05-05-04_11_57.401,218,3,19,1,-29.157,-83.208,1.865
2012-05-05-04_11_57.402,218,3,19,1,-29.257,-83.278,12.965
2012-05-05-04_11_57.403,218,4,19,1,-38.178,-83.306,1.265
2012-05-05-04_11_57.403,218,4,19,1,-38.153,-83.210,1.265
2012-05-05-04_11_57.404,218,4,19,1,-38.254,-83.280,1.165
2012-05-05-04_11_57.405,218,5,19,1,-47.197,-83.296,1.665
2012-05-05-04_11_57.406,218,5,19,1,-47.282,-83.270,1.565
2012-05-05-04_11_57.407,218,5,19,1,-47.251,-83.298,1.565
2012-05-05-04_11_57.409,218,6,19,1,-56.224,-83.367,1.565
2012-05-05-04_11_57.409,218,6,19,1,-56.199,-83.270,1.665
2012-05-05-04_11_57.410,218,6,19,1,-56.299,-83.341,1.565
2012-05-05-04_11_57.411,218,7,19,1,-65.194,-83.277,7.465
2012-05-05-04_11_57.411,218,7,19,1,-65.201,-83.276,2.365
2012-05-05-04_11_57.412,218,7,19,1,-65.179,-83.181,2.365
2012-05-05-04_11_57.412,218,0,20,0,2.264,-87.783,2.078
2012-05-05-04_11_57.413,218,0,20,0,2.297,-87.696,1.978
2012-05-05-04_11_57.414,218,0,20,0,2.187,-87.754,1.978
2012-05-05-04_11_57.415,218,1,20,0,-6.751,-87.794,1.878
2012-05-05-04_11_57.416,218,1,20,0,-6.827,-87.768,1.778
2012-05-05-04_11_57.416,218,1,20,0,-6.770,-87.716,1.778
2012-05-05-04_11_57.418,218,2,20,0,-15.700,-87.713,1.478
2012-05-05-04_11_57.419,218,2,20,0,-15.778,-87.684,1.478
2012-05-05-04_11_57.420,218,2,20,0,-15.717,-87.640,1.478
2012-05-05-04_11_57.420,218,3,20,0,-24.722,-87.795,1.878
2012-05-05-04_11_57.421,218,3,20,0,-24.690,-87.709,1.878
2012-05-05-04_11_57.422,218,3,20,0,-24.800,-87.766,1.878
2012-05-05-04_11_57.423,218,4,20,0,-33.719,-87.797,1.078
2012-05-05-04_11_57.423,218,4,20,0,-33.687,-87.710,1.178
2012-05-05-04_11_57.424,218,4,20,0,-33.797,-87.768,1.178
2012-05-05-04_11_57.425,218,5,20,0,-42.730,-87.796,1.778
2012-05-05-04_11_57.426,218,5,20,0,-42.679,-87.836,1.478
2012-05-05-04_11_57.427,218,5,20,0,-42.779,-87.810,1.778
2012-05-05-04_11_57.428,218,6,20,0,-51.765,-87.858,1.578
2012-05-05-04_11_57.428,218,6,20,0,-51.732,-87.771,1.578
2012-05-05-04_11_57.429,218,6,20,0,-51.681,-87.811,1.578
2012-05-05-04_11_57.430,218,7,20,0,-60.659,-87.794,2.378
2012-05-05-04_11_57.430,218,7,20,0,-60.737,-87.765,2.378
2012-05-05-04_11_57.431,218,7,20,0,-60.676,-87.721,2.378
2012-05-05-04_11_57.432,218,0,20,1,-2.190,-87.791,1.987
2012-05-05-04_11_57.433,218,0,20,1,-2.276,-87.773,1.987
2012-05-05-04_11_57.433,218,0,20,1,-2.217,-87.710,1.987
2012-05-05-04_11_57.434,218,2,20,1,-20.155,-87.721,1.487
2012-05-05-04_11_57.435,218,2,20,1,-20.241,-87.703,1.487
2012-05-05-04_11_57.436,218,3,20,1,-29.177,-87.803,1.687
2012-05-05-04_11_57.437,218,3,20,1,-29.263,-87.785,1.887
2012-05-05-04_11_57.437,218,3,20,1,-29.204,-87.722,1.887
2012-05-05-04_11_57.438,218,4,20,1,-38.174,-87.805,1.287
2012-05-05-04_11_57.440,218,4,20,1,-38.259,-87.787,1.287
2012-05-05-04_11_57.441,218,4,20,1,-38.200,-87.724,1.287
2012-05-05-04_11_57.442,218,5,20,1,-47.244,-87.810,1.587
2012-05-05-04_11_57.444,218,6,20,1,-56.219,-87.865,1.587
2012-05-05-04_11_57.444,218,6,20,1,-56.305,-87.847,1.587
2012-05-05-04_11_57.445,218,6,20,1,-56.148,-87.811,1.587
2012-05-05-04_11_57.446,218,7,20,1,-65.199,-87.784,2.387
2012-05-05-04_11_57.446,218,7,20,1,-65.140,-87.721,2.387
2012-05-05-04_11_57.447,218,0,21,0,2.269,-92.282,1.996
2012-05-05-04_11_57.448,218,0,21,0,2.296,-92.190,1.996
2012-05-05-04_11_57.448,218,0,21,0,2.189,-92.257,1.996
2012-05-05-04_11_57.449,218,1,21,0,-6.754,-92.295,1.896
2012-05-05-04_11_57.449,218,1,21,0,-6.830,-92.269,1.896
2012-05-05-04_11_57.450,218,1,21,0,-6.773,-92.210,1.896
2012-05-05-04_11_57.451,218,2,21,0,-15.696,-92.212,1.396
2012-05-05-04_11_57.452,218,2,21,0,-15.776,-92.187,1.296
2012-05-05-04_11_57.452,218,2,21,0,-15.717,-92.135,1.396
2012-05-05-04_11_57.453,218,3,21,0,-24.718,-92.294,1.796
2012-05-05-04_11_57.454,218,3,21,0,-24.691,-92.202,1.796
2012-05-05-04_11_57.455,218,3,21,0,-24.798,-92.269,1.796
2012-05-05-04_11_57.455,218,4,21,0,-33.715,-92.296,1.096
2012-05-05-04_11_57.456,218,4,21,0,-33.687,-92.204,1.096
2012-05-05-04_11_57.457,218,4,21,0,-33.795,-92.271,1.096
2012-05-05-04_11_57.458,218,5,21,0,-42.731,-92.290,1.796
2012-05-05-04_11_57.458,218,5,21,0,-42.682,-92.337,1.596
2012-05-05-04_11_57.459,218,5,21,0,-42.780,-92.305,1.796
2012-05-05-04_11_57.460,218,6,21,0,-51.760,-92.357,1.496
2012-05-05-04_11_57.460,218,6,21,0,-51.733,-92.265,1.496
2012-05-05-04_11_57.461,218,6,21,0,-51.684,-92.312,1.496
2012-05-05-04_11_57.461,218,7,21,0,-60.655,-92.293,2.296
2012-05-05-04_11_57.462,218,7,21,0,-60.735,-92.268,2.396
2012-05-05-04_11_57.463,218,7,21,0,-60.676,-92.216,2.396
2012-05-05-04_11_57.464,218,0,21,1,-2.193,-92.289,2.104
2012-05-05-04_11_57.464,218,0,21,1,-2.166,-92.190,2.104
2012-05-05-04_11_57.465,218,0,21,1,-2.266,-92.269,2.004
2012-05-05-04_11_57.466,218,1,21,1,-11.214,-92.295,2.004
2012-05-05-04_11_57.467,218,1,21,1,-11.340,-92.222,1.904
2012-05-05-04_11_57.468,218,1,21,1,-11.235,-92.210,2.004
2012-05-05-04_11_57.468,218,2,21,1,-20.158,-92.219,1.404
2012-05-05-04_11_57.469,218,2,21,1,-20.231,-92.199,1.504
2012-05-05-04_11_57.470,218,2,21,1,-20.238,-92.199,1.404
2012-05-05-04_11_57.494,218,3,21,1,-29.180,-92.301,1.604
2012-05-05-04_11_57.495,218,3,21,1,-29.153,-92.202,1.804
2012-05-05-04_11_57.496,218,3,21,1,-29.253,-92.282,1.804
2012-05-05-04_11_57.496,218,4,21,1,-38.177,-92.303,1.204
2012-05-05-04_11_57.499,218,4,21,1,-38.149,-92.204,1.204
2012-05-05-04_11_57.500,218,4,21,1,-38.250,-92.283,1.204
2012-05-05-04_11_57.504,218,5,21,1,-47.193,-92.290,1.604
2012-05-05-04_11_57.505,218,5,21,1,-47.281,-92.270,1.704
2012-05-05-04_11_57.507,218,5,21,1,-47.251,-92.292,1.604
2012-05-05-04_11_57.508,218,6,21,1,-56.222,-92.364,1.504
2012-05-05-04_11_57.510,218,6,21,1,-56.195,-92.265,1.604
2012-05-05-04_11_57.513,218,6,21,1,-56.295,-92.344,1.604
2012-05-05-04_11_57.514,218,7,21,1,-65.190,-92.280,2.204
2012-05-05-04_11_57.516,218,7,21,1,-65.197,-92.280,2.304
2012-05-05-04_11_57.517,218,7,21,1,-65.177,-92.181,13.604
2012-05-05-04_11_57.519,218,0,22,0,2.269,-96.779,2.016
2012-05-05-04_11_57.521,218,0,22,0,2.296,-96.691,2.016
2012-05-05-04_11_57.522,218,0,22,0,2.186,-96.757,2.016
2012-05-05-04_11_57.524,218,1,22,0,-6.757,-96.794,3.216
2012-05-05-04_11_57.525,218,1,22,0,-6.830,-96.774,1.816
2012-05-05-04_11_57.527,218,1,22,0,-6.776,-96.708,1.816
2012-05-05-04_11_57.529,218,2,22,0,-15.696,-96.709,1.316
2012-05-05-04_11_57.530,218,2,22,0,-15.779,-96.687,1.316
2012-05-05-04_11_57.531,218,2,22,0,-15.718,-96.640,1.316
2012-05-05-04_11_57.532,218,3,22,0,-24.718,-96.792,1.816
2012-05-05-04_11_57.532,218,3,22,0,-24.691,-96.703,1.816
2012-05-05-04_11_57.533,218,3,22,0,-24.801,-96.769,1.816
2012-05-05-04_11_57.534,218,4,22,0,-33.715,-96.793,1.116
2012-05-05-04_11_57.535,218,4,22,0,-33.688,-96.705,1.116
2012-05-05-04_11_57.535,218,4,22,0,-33.798,-96.771,1.116
2012-05-05-04_11_57.536,218,5,22,0,-42.731,-96.791,1.716
2012-05-05-04_11_57.536,218,5,22,0,-42.683,-96.842,1.516
2012-05-05-04_11_57.537,218,5,22,0,-42.780,-96.810,1.816
2012-05-05-04_11_57.538,218,6,22,0,-51.760,-96.854,1.516
2012-05-05-04_11_57.538,218,6,22,0,-51.733,-96.766,1.516
2012-05-05-04_11_57.539,218,6,22,0,-51.685,-96.817,1.516
2012-05-05-04_11_57.540,218,7,22,0,-60.655,-96.790,2.316
2012-05-05-04_11_57.541,218,7,22,0,-60.738,-96.768,2.316
2012-05-05-04_11_57.541,218,7,22,0,-60.677,-96.721,2.316
2012-05-05-04_11_57.542,218,0,22,1,-2.191,-96.786,2.125
2012-05-05-04_11_57.542,218,0,22,1,-2.166,-96.690,2.025
2012-05-05-04_11_57.543,218,0,22,1,-2.264,-96.767,2.125
2012-05-05-04_11_57.544,218,1,22,1,-11.214,-96.794,1.925
2012-05-05-04_11_57.544,218,1,22,1,-11.340,-96.722,1.925
2012-05-05-04_11_57.545,218,1,22,1,-11.235,-96.708,1.925
2012-05-05-04_11_57.546,218,2,22,1,-20.156,-96.716,1.425
2012-05-05-04_11_57.546,218,2,22,1,-20.229,-96.697,1.525
2012-05-05-04_11_57.547,218,2,22,1,-20.236,-96.697,1.425
2012-05-05-04_11_57.548,218,3,22,1,-29.178,-96.798,1.525
2012-05-05-04_11_57.548,218,3,22,1,-29.153,-96.702,1.825
2012-05-05-04_11_57.549,218,3,22,1,-29.251,-96.780,1.725
2012-05-05-04_11_57.549,218,4,22,1,-38.175,-96.800,1.225
2012-05-05-04_11_57.550,218,4,22,1,-38.150,-96.704,1.225
2012-05-05-04_11_57.551,218,4,22,1,-38.248,-96.781,1.225
2012-05-05-04_11_57.551,218,5,22,1,-47.193,-96.790,1.525
2012-05-05-04_11_57.552,218,5,22,1,-47.281,-96.768,1.625
2012-05-05-04_11_57.552,218,5,22,1,-47.252,-96.790,1.625
2012-05-05-04_11_57.553,218,6,22,1,-56.220,-96.861,1.525
2012-05-05-04_11_57.553,218,6,22,1,-56.195,-96.765,1.625
2012-05-05-04_11_57.554,218,6,22,1,-56.293,-96.842,1.625
2012-05-05-04_11_57.554,218,7,22,1,-65.188,-96.778,2.125
2012-05-05-04_11_57.555,218,7,22,1,-65.195,-96.778,2.125
2012-05-05-04_11_57.555,218,7,22,1,-65.177,-96.679,2.325
2012-05-05-04_11_57.556,218,0,23,0,2.271,-101.278,1.940
2012-05-05-04_11_57.557,218,0,23,0,2.296,-101.191,1.940
2012-05-05-04_11_57.557,218,0,23,0,2.188,-101.254,1.940
2012-05-05-04_11_57.558,218,1,23,0,-6.757,-101.289,1.840
2012-05-05-04_11_57.558,218,1,23,0,-6.830,-101.269,1.840
2012-05-05-04_11_57.559,218,1,23,0,-6.776,-101.205,1.840
2012-05-05-04_11_57.559,218,2,23,0,-15.694,-101.208,1.340
2012-05-05-04_11_57.560,218,2,23,0,-15.777,-101.184,1.240
2012-05-05-04_11_57.560,218,2,23,0,-15.716,-101.140,1.240
2012-05-05-04_11_57.561,218,3,23,0,-24.716,-101.290,1.840
2012-05-05-04_11_57.562,218,3,23,0,-24.691,-101.203,1.740
2012-05-05-04_11_57.562,218,3,23,0,-24.799,-101.266,1.740
2012-05-05-04_11_57.563,218,4,23,0,-33.713,-101.292,1.140
2012-05-05-04_11_57.564,218,4,23,0,-33.688,-101.205,1.140
2012-05-05-04_11_57.564,218,4,23,0,-33.796,-101.268,1.140
2012-05-05-04_11_57.565,218,5,23,0,-42.732,-101.291,1.640
2012-05-05-04_11_57.565,218,5,23,0,-42.683,-101.338,1.440
2012-05-05-04_11_57.566,218,5,23,0,-42.778,-101.310,1.640
2012-05-05-04_11_57.567,218,6,23,0,-51.758,-101.353,1.540
2012-05-05-04_11_57.567,218,6,23,0,-51.733,-101.265,1.540
2012-05-05-04_11_57.568,218,6,23,0,-51.685,-101.312,1.540
2012-05-05-04_11_57.569,218,7,23,0,-60.653,-101.289,2.240
2012-05-05-04_11_57.569,218,7,23,0,-60.736,-101.265,2.240
2012-05-05-04_11_57.570,218,7,23,0,-60.675,-101.221,2.240
2012-05-05-04_11_57.572,218,0,23,1,-2.179,-101.276,2.040
2012-05-05-04_11_57.572,218,0,23,1,-2.169,-101.190,2.040
2012-05-05-04_11_57.575,218,0,23,1,-2.260,-101.264,2.040
2012-05-05-04_11_57.578,218,1,23,1,-11.354,-101.308,1.940
2012-05-05-04_11_57.579,218,1,23,1,-11.343,-101.222,1.940
2012-05-05-04_11_57.579,218,1,23,1,-11.233,-101.205,1.940
2012-05-05-04_11_57.580,218,2,23,1,-20.144,-101.206,1.440
2012-05-05-04_11_57.580,218,2,23,1,-20.225,-101.194,1.440
2012-05-05-04_11_57.581,218,2,23,1,-20.234,-101.194,1.340
2012-05-05-04_11_57.581,218,3,23,1,-29.166,-101.288,1.640
2012-05-05-04_11_57.582,218,3,23,1,-29.156,-101.203,1.840
2012-05-05-04_11_57.582,218,3,23,1,-29.247,-101.276,1.740
2012-05-05-04_11_57.583,218,4,23,1,-38.163,-101.290,1.140
2012-05-05-04_11_57.583,218,4,23,1,-38.152,-101.204,1.140
2012-05-05-04_11_57.584,218,4,23,1,-38.243,-101.278,1.240
2012-05-05-04_11_57.584,218,5,23,1,-47.196,-101.290,1.540
2012-05-05-04_11_57.585,218,5,23,1,-47.287,-101.364,1.540
2012-05-05-04_11_57.585,218,5,23,1,-47.248,-101.309,1.640
2012-05-05-04_11_57.586,218,6,23,1,-56.208,-101.351,1.540
2012-05-05-04_11_57.586,218,6,23,1,-56.198,-101.265,1.540
2012-05-05-04_11_57.588,218,6,23,1,-56.289,-101.339,1.540
2012-05-05-04_11_57.589,218,7,23,1,-65.183,-101.275,2.140
2012-05-05-04_11_57.590,218,7,23,1,-65.193,-101.274,2.140
2012-05-05-04_11_57.591,218,7,23,1,-65.144,-101.220,2.140
