2012-05-16-07_36_07.900,9,0,10,0,0.036,-90.039,8.098
2012-05-16-07_36_07.906,9,0,10,0,0.009,-89.907,7.900
2012-05-16-07_36_07.912,9,0,10,0,-0.020,-90.035,8.099
2012-05-16-07_36_07.918,9,0,10,0,-0.028,-89.966,8.000
2012-05-16-07_36_07.923,9,1,10,0,-8.969,-90.036,7.893
2012-05-16-07_36_07.929,9,1,10,0,-9.039,-90.035,7.796
2012-05-16-07_36_07.935,9,1,10,0,-9.035,-89.965,7.796
2012-05-16-07_36_07.941,9,2,10,0,-17.963,-90.035,10.134
2012-05-16-07_36_07.947,9,2,10,0,-18.003,-89.927,10.232
2012-05-16-07_36_07.952,9,2,10,0,-18.034,-89.961,10.232
2012-05-16-07_36_07.958,9,3,10,0,-26.952,-90.030,7.831
2012-05-16-07_36_07.964,9,3,10,0,-27.018,-90.034,7.831
2012-05-16-07_36_07.970,9,3,10,0,-26.989,-90.088,7.928
2012-05-16-07_36_07.976,9,4,10,0,-35.963,-90.036,8.017
2012-05-16-07_36_07.981,9,4,10,0,-36.063,-90.057,7.919
2012-05-16-07_36_07.985,9,4,10,0,-35.995,-90.070,8.017
2012-05-16-07_36_07.989,9,5,10,0,-44.952,-90.066,7.778
2012-05-16-07_36_07.993,9,5,10,0,-44.991,-89.957,7.779
2012-05-16-07_36_07.996,9,5,10,0,-45.091,-89.977,7.779
2012-05-16-07_36_08.000,9,5,10,0,-45.023,-89.991,7.779
2012-05-16-07_36_08.003,9,6,10,0,-53.960,-90.031,8.020
2012-05-16-07_36_08.007,9,6,10,0,-54.040,-89.993,7.922
2012-05-16-07_36_08.010,9,6,10,0,-54.026,-89.968,7.824
2012-05-16-07_36_08.012,9,7,10,0,-62.953,-90.041,7.633
2012-05-16-07_36_08.014,9,7,10,0,-63.021,-90.038,7.633
2012-05-16-07_36_08.016,9,7,10,0,-62.938,-90.016,7.832
2012-05-16-07_36_08.018,9,0,11,0,0.047,-99.035,2.952
2012-05-16-07_36_08.021,9,0,11,0,0.012,-98.913,2.853
2012-05-16-07_36_08.023,9,0,11,0,-0.017,-99.035,2.852
2012-05-16-07_36_08.024,9,0,11,0,-0.026,-98.962,2.852
2012-05-16-07_36_08.026,9,1,11,0,-8.967,-99.035,2.518
2012-05-16-07_36_08.028,9,1,11,0,-9.038,-99.035,2.518
2012-05-16-07_36_08.077,9,1,11,0,-9.033,-98.960,2.616
2012-05-16-07_36_08.080,9,1,11,0,-8.962,-98.960,2.518
2012-05-16-07_36_08.082,9,2,11,0,-17.967,-99.033,2.733
2012-05-16-07_36_08.084,9,2,11,0,-18.006,-98.926,2.734
2012-05-16-07_36_08.086,9,2,11,0,-18.038,-98.965,2.733
2012-05-16-07_36_08.088,9,2,11,0,-17.964,-98.965,2.733
2012-05-16-07_36_08.090,9,3,11,0,-26.948,-99.035,2.878
2012-05-16-07_36_08.092,9,3,11,0,-27.017,-99.035,2.878
2012-05-16-07_36_08.094,9,3,11,0,-26.987,-99.084,2.877
2012-05-16-07_36_08.096,9,3,11,0,-26.951,-98.959,2.781
2012-05-16-07_36_08.098,9,4,11,0,-35.967,-99.035,6.280
2012-05-16-07_36_08.100,9,4,11,0,-36.064,-99.061,6.864
2012-05-16-07_36_08.102,9,4,11,0,-35.998,-99.074,5.695
2012-05-16-07_36_08.104,9,4,11,0,-35.957,-98.969,3.456
2012-05-16-07_36_08.106,9,5,11,0,-44.955,-99.063,2.520
2012-05-16-07_36_08.107,9,5,11,0,-44.995,-98.956,2.521
2012-05-16-07_36_08.109,9,5,11,0,-45.092,-98.982,2.521
2012-05-16-07_36_08.112,9,5,11,0,-45.026,-98.995,2.521
2012-05-16-07_36_08.120,9,6,11,0,-53.961,-99.035,2.642
2012-05-16-07_36_08.122,9,6,11,0,-54.037,-98.987,2.642
2012-05-16-07_36_08.125,9,6,11,0,-54.024,-98.967,2.642
2012-05-16-07_36_08.127,9,6,11,0,-54.046,-99.085,2.642
2012-05-16-07_36_08.129,9,7,11,0,-62.949,-99.035,9.740
2012-05-16-07_36_08.131,9,7,11,0,-63.020,-99.035,9.640
2012-05-16-07_36_08.133,9,7,11,0,-62.937,-99.015,8.844
2012-05-16-07_36_08.136,9,7,11,0,-62.952,-98.966,2.874
