2012-05-05-16_44_52.157,411,0,0,0,2.258,2.217,1.665
2012-05-05-16_44_52.159,411,0,0,0,2.296,2.304,1.665
2012-05-05-16_44_52.161,411,0,0,0,2.195,2.245,1.665
2012-05-05-16_44_52.163,411,1,0,0,-6.752,2.208,2.165
2012-05-05-16_44_52.164,411,1,0,0,-6.828,2.234,2.165
2012-05-05-16_44_52.167,411,1,0,0,-6.769,2.286,2.165
2012-05-05-16_44_52.168,411,2,0,0,-15.707,2.287,1.365
2012-05-05-16_44_52.170,411,2,0,0,-15.770,2.315,1.365
2012-05-05-16_44_52.171,411,2,0,0,-15.713,2.361,1.365
2012-05-05-16_44_52.172,411,3,0,0,-24.729,2.205,2.465
2012-05-05-16_44_52.173,411,3,0,0,-24.691,2.292,2.465
2012-05-05-16_44_52.174,411,3,0,0,-24.792,2.233,2.465
2012-05-05-16_44_52.174,411,4,0,0,-33.725,2.203,1.365
2012-05-05-16_44_52.175,411,4,0,0,-33.688,2.290,1.365
2012-05-05-16_44_52.175,411,4,0,0,-33.788,2.231,1.365
2012-05-05-16_44_52.176,411,5,0,0,-42.732,2.205,1.665
2012-05-05-16_44_52.177,411,5,0,0,-42.681,2.166,1.665
2012-05-05-16_44_52.177,411,5,0,0,-42.776,2.191,1.665
2012-05-05-16_44_52.178,411,6,0,0,-51.771,2.143,1.065
2012-05-05-16_44_52.179,411,6,0,0,-51.733,2.230,1.065
2012-05-05-16_44_52.179,411,6,0,0,-51.834,2.171,1.065
2012-05-05-16_44_52.179,411,7,0,0,-60.665,2.206,2.265
2012-05-05-16_44_52.180,411,7,0,0,-60.729,2.234,2.265
2012-05-05-16_44_52.180,411,7,0,0,-60.672,2.280,2.265
2012-05-05-16_44_52.181,411,0,0,1,-2.192,2.209,1.865
2012-05-05-16_44_52.181,411,0,0,1,-2.164,2.305,1.865
2012-05-05-16_44_52.182,411,0,0,1,-2.260,2.231,1.865
2012-05-05-16_44_52.182,411,1,0,1,-11.207,2.208,2.265
2012-05-05-16_44_52.183,411,1,0,1,-11.338,2.273,2.265
2012-05-05-16_44_52.183,411,1,0,1,-11.231,2.286,2.265
2012-05-05-16_44_52.184,411,2,0,1,-20.157,2.279,1.765
2012-05-05-16_44_52.184,411,2,0,1,-20.225,2.301,1.665
2012-05-05-16_44_52.185,411,2,0,1,-20.232,2.302,1.665
2012-05-05-16_44_52.185,411,3,0,1,-29.179,2.197,2.665
2012-05-05-16_44_52.186,411,3,0,1,-29.151,2.293,2.865
2012-05-05-16_44_52.186,411,3,0,1,-29.247,2.219,2.665
2012-05-05-16_44_52.187,411,4,0,1,-38.175,2.195,2.365
2012-05-05-16_44_52.187,411,4,0,1,-38.148,2.291,2.365
2012-05-05-16_44_52.188,411,4,0,1,-38.243,2.217,2.365
2012-05-05-16_44_52.188,411,5,0,1,-47.191,2.205,0.865
2012-05-05-16_44_52.189,411,5,0,1,-47.277,2.227,0.965
2012-05-05-16_44_52.189,411,5,0,1,-47.247,2.202,0.865
2012-05-05-16_44_52.190,411,6,0,1,-56.221,2.134,1.865
2012-05-05-16_44_52.190,411,6,0,1,-56.193,2.230,1.965
2012-05-05-16_44_52.191,411,6,0,1,-56.289,2.156,1.865
2012-05-05-16_44_52.191,411,7,0,1,-65.183,2.220,1.465
2012-05-05-16_44_52.192,411,7,0,1,-65.191,2.221,1.565
2012-05-05-16_44_52.192,411,7,0,1,-65.173,2.316,1.665
2012-05-05-16_44_52.193,411,0,1,0,2.270,-2.282,1.378
2012-05-05-16_44_52.193,411,0,1,0,2.298,-2.189,1.278
2012-05-05-16_44_52.194,411,0,1,0,2.195,-2.258,1.378
2012-05-05-16_44_52.194,411,1,1,0,-6.748,-2.294,1.578
2012-05-05-16_44_52.195,411,1,1,0,-6.828,-2.268,1.578
2012-05-05-16_44_52.195,411,1,1,0,-6.769,-2.208,1.578
2012-05-05-16_44_52.196,411,2,1,0,-15.695,-2.212,0.878
2012-05-05-16_44_52.196,411,2,1,0,-15.770,-2.188,0.778
2012-05-05-16_44_52.197,411,2,1,0,-15.746,-2.198,0.778
2012-05-05-16_44_52.197,411,3,1,0,-24.717,-2.294,1.178
2012-05-05-16_44_52.198,411,3,1,0,-24.689,-2.201,1.078
2012-05-05-16_44_52.198,411,3,1,0,-24.792,-2.271,1.078
2012-05-05-16_44_52.199,411,4,1,0,-33.713,-2.296,0.578
2012-05-05-16_44_52.199,411,4,1,0,-33.686,-2.203,0.578
2012-05-05-16_44_52.200,411,4,1,0,-33.789,-2.272,0.578
2012-05-05-16_44_52.200,411,5,1,0,-42.730,-2.289,0.978
2012-05-05-16_44_52.200,411,5,1,0,-42.681,-2.336,0.978
2012-05-05-16_44_52.201,411,5,1,0,-42.776,-2.303,1.078
2012-05-05-16_44_52.201,411,6,1,0,-51.759,-2.357,0.978
2012-05-05-16_44_52.202,411,6,1,0,-51.731,-2.264,0.878
2012-05-05-16_44_52.202,411,6,1,0,-51.834,-2.333,0.978
2012-05-05-16_44_52.204,411,7,1,0,-60.654,-2.293,1.578
2012-05-05-16_44_52.204,411,7,1,0,-60.729,-2.269,1.578
2012-05-05-16_44_52.205,411,7,1,0,-60.672,-2.214,1.678
2012-05-05-16_44_52.205,411,0,1,1,-2.192,-2.289,1.588
2012-05-05-16_44_52.206,411,0,1,1,-2.164,-2.189,1.588
2012-05-05-16_44_52.206,411,0,1,1,-2.263,-2.271,1.688
2012-05-05-16_44_52.207,411,1,1,1,-11.203,-2.295,0.988
2012-05-05-16_44_52.207,411,1,1,1,-11.339,-2.220,1.188
2012-05-05-16_44_52.208,411,1,1,1,-11.229,-2.209,1.188
2012-05-05-16_44_52.208,411,2,1,1,-20.157,-2.219,0.688
2012-05-05-16_44_52.209,411,2,1,1,-20.228,-2.201,0.788
2012-05-05-16_44_52.209,411,2,1,1,-20.235,-2.199,0.688
2012-05-05-16_44_52.210,411,3,1,1,-29.179,-2.301,0.988
2012-05-05-16_44_52.210,411,3,1,1,-29.151,-2.201,0.888
2012-05-05-16_44_52.211,411,3,1,1,-29.250,-2.283,0.888
2012-05-05-16_44_52.211,411,4,1,1,-38.176,-2.303,0.688
2012-05-05-16_44_52.212,411,4,1,1,-38.148,-2.203,0.688
2012-05-05-16_44_52.212,411,4,1,1,-38.246,-2.285,0.688
2012-05-05-16_44_52.212,411,5,1,1,-47.192,-2.288,1.088
2012-05-05-16_44_52.213,411,5,1,1,-47.277,-2.269,1.088
2012-05-05-16_44_52.213,411,5,1,1,-47.248,-2.293,1.088
2012-05-05-16_44_52.214,411,6,1,1,-56.221,-2.364,1.188
2012-05-05-16_44_52.214,411,6,1,1,-56.193,-2.263,1.188
2012-05-05-16_44_52.221,411,6,1,1,-56.292,-2.346,1.188
2012-05-05-16_44_52.222,411,7,1,1,-65.186,-2.282,1.588
2012-05-05-16_44_52.223,411,7,1,1,-65.194,-2.280,1.488
2012-05-05-16_44_52.223,411,7,1,1,-65.173,-2.180,1.688
2012-05-05-16_44_52.224,411,0,2,0,2.262,-6.779,1.802
2012-05-05-16_44_52.225,411,0,2,0,2.295,-6.689,1.802
2012-05-05-16_44_52.225,411,0,2,0,2.197,-6.760,1.802
2012-05-05-16_44_52.226,411,1,2,0,-6.746,-6.793,1.702
2012-05-05-16_44_52.226,411,1,2,0,-6.826,-6.772,1.702
2012-05-05-16_44_52.227,411,1,2,0,-6.765,-6.706,1.701
2012-05-05-16_44_52.227,411,2,2,0,-15.703,-6.709,0.902
2012-05-05-16_44_52.228,411,2,2,0,-15.768,-6.689,1.002
2012-05-05-16_44_52.228,411,2,2,0,-15.712,-6.637,0.902
2012-05-05-16_44_52.229,411,3,2,0,-24.725,-6.792,1.302
2012-05-05-16_44_52.229,411,3,2,0,-24.692,-6.701,1.302
2012-05-05-16_44_52.230,411,3,2,0,-24.790,-6.772,1.302
2012-05-05-16_44_52.231,411,4,2,0,-33.721,-6.793,0.802
2012-05-05-16_44_52.231,411,4,2,0,-33.689,-6.703,0.802
2012-05-05-16_44_52.232,411,4,2,0,-33.787,-6.774,0.702
2012-05-05-16_44_52.232,411,5,2,0,-42.733,-6.789,1.102
2012-05-05-16_44_52.233,411,5,2,0,-42.679,-6.840,1.102
2012-05-05-16_44_52.233,411,5,2,0,-42.774,-6.807,1.002
2012-05-05-16_44_52.234,411,6,2,0,-51.767,-6.854,1.202
2012-05-05-16_44_52.234,411,6,2,0,-51.734,-6.764,1.202
2012-05-05-16_44_52.235,411,6,2,0,-51.832,-6.834,1.102
2012-05-05-16_44_52.235,411,7,2,0,-60.661,-6.790,1.702
2012-05-05-16_44_52.236,411,7,2,0,-60.727,-6.770,1.702
2012-05-05-16_44_52.236,411,7,2,0,-60.671,-6.718,1.702
2012-05-05-16_44_52.236,411,0,2,1,-2.192,-6.786,1.810
2012-05-05-16_44_52.237,411,0,2,1,-2.165,-6.689,1.710
2012-05-05-16_44_52.237,411,0,2,1,-2.266,-6.769,1.810
2012-05-05-16_44_52.238,411,1,2,1,-11.203,-6.792,1.610
2012-05-05-16_44_52.238,411,1,2,1,-11.339,-6.721,1.610
2012-05-05-16_44_52.239,411,1,2,1,-11.229,-6.706,1.610
2012-05-05-16_44_52.239,411,2,2,1,-20.157,-6.716,0.910
2012-05-05-16_44_52.240,411,2,2,1,-20.230,-6.699,0.910
2012-05-05-16_44_52.240,411,2,2,1,-20.238,-6.697,1.010
2012-05-05-16_44_52.241,411,3,2,1,-29.179,-6.799,1.010
2012-05-05-16_44_52.241,411,3,2,1,-29.152,-6.701,1.010
2012-05-05-16_44_52.242,411,3,2,1,-29.252,-6.781,1.010
2012-05-05-16_44_52.242,411,4,2,1,-38.176,-6.800,0.710
2012-05-05-16_44_52.243,411,4,2,1,-38.148,-6.703,0.710
2012-05-05-16_44_52.243,411,4,2,1,-38.249,-6.783,0.710
2012-05-05-16_44_52.244,411,5,2,1,-47.192,-6.789,1.110
2012-05-05-16_44_52.244,411,5,2,1,-47.280,-6.766,1.110
2012-05-05-16_44_52.245,411,5,2,1,-47.251,-6.793,1.110
2012-05-05-16_44_52.245,411,6,2,1,-56.221,-6.861,1.210
2012-05-05-16_44_52.245,411,6,2,1,-56.194,-6.763,1.210
2012-05-05-16_44_52.246,411,6,2,1,-56.295,-6.844,1.110
2012-05-05-16_44_52.246,411,7,2,1,-65.189,-6.780,1.710
2012-05-05-16_44_52.247,411,7,2,1,-65.196,-6.778,1.710
2012-05-05-16_44_52.247,411,7,2,1,-65.176,-6.677,1.810
2012-05-05-16_44_52.248,411,0,3,0,2.269,-11.278,1.920
2012-05-05-16_44_52.248,411,0,3,0,2.297,-11.190,1.920
2012-05-05-16_44_52.249,411,0,3,0,2.194,-11.255,1.920
2012-05-05-16_44_52.249,411,1,3,0,-6.744,-11.289,1.720
2012-05-05-16_44_52.250,411,1,3,0,-6.824,-11.269,1.820
2012-05-05-16_44_52.250,411,1,3,0,-6.763,-11.204,1.820
2012-05-05-16_44_52.251,411,2,3,0,-15.696,-11.208,1.020
2012-05-05-16_44_52.251,411,2,3,0,-15.771,-11.185,1.020
2012-05-05-16_44_52.252,411,2,3,0,-15.715,-11.140,1.020
2012-05-05-16_44_52.252,411,3,3,0,-24.718,-11.290,1.320
2012-05-05-16_44_52.253,411,3,3,0,-24.690,-11.202,1.420
2012-05-05-16_44_52.263,411,3,3,0,-24.793,-11.267,1.420
2012-05-05-16_44_52.264,411,4,3,0,-33.714,-11.292,0.720
2012-05-05-16_44_52.264,411,4,3,0,-33.687,-11.204,0.720
2012-05-05-16_44_52.265,411,4,3,0,-33.790,-11.269,0.720
2012-05-05-16_44_52.266,411,5,3,0,-42.731,-11.290,1.120
2012-05-05-16_44_52.266,411,5,3,0,-42.677,-11.338,1.120
2012-05-05-16_44_52.267,411,5,3,0,-42.777,-11.309,1.120
2012-05-05-16_44_52.267,411,6,3,0,-51.760,-11.353,1.220
2012-05-05-16_44_52.268,411,6,3,0,-51.732,-11.265,1.220
2012-05-05-16_44_52.268,411,6,3,0,-51.835,-11.330,1.220
2012-05-05-16_44_52.269,411,7,3,0,-60.654,-11.289,1.820
2012-05-05-16_44_52.270,411,7,3,0,-60.730,-11.266,1.820
2012-05-05-16_44_52.270,411,7,3,0,-60.673,-11.220,1.820
2012-05-05-16_44_52.271,411,0,3,1,-2.190,-11.288,1.828
2012-05-05-16_44_52.271,411,0,3,1,-2.165,-11.189,1.728
2012-05-05-16_44_52.273,411,0,3,1,-2.266,-11.266,1.828
2012-05-05-16_44_52.274,411,1,3,1,-11.206,-11.288,1.628
2012-05-05-16_44_52.274,411,1,3,1,-11.340,-11.221,1.728
2012-05-05-16_44_52.275,411,1,3,1,-11.227,-11.204,1.828
2012-05-05-16_44_52.275,411,2,3,1,-20.155,-11.218,1.028
2012-05-05-16_44_52.276,411,2,3,1,-20.231,-11.196,1.028
2012-05-05-16_44_52.277,411,2,3,1,-20.238,-11.193,1.028
2012-05-05-16_44_52.277,411,3,3,1,-29.177,-11.300,1.128
2012-05-05-16_44_52.278,411,3,3,1,-29.152,-11.201,1.128
2012-05-05-16_44_52.278,411,3,3,1,-29.253,-11.278,1.128
2012-05-05-16_44_52.279,411,4,3,1,-38.174,-11.302,0.828
2012-05-05-16_44_52.279,411,4,3,1,-38.149,-11.203,0.728
2012-05-05-16_44_52.280,411,4,3,1,-38.249,-11.280,0.828
2012-05-05-16_44_52.280,411,5,3,1,-47.193,-11.289,1.128
2012-05-05-16_44_52.281,411,5,3,1,-47.280,-11.265,1.128
2012-05-05-16_44_52.281,411,5,3,1,-47.249,-11.292,1.128
2012-05-05-16_44_52.282,411,6,3,1,-56.219,-11.363,1.328
2012-05-05-16_44_52.282,411,6,3,1,-56.194,-11.264,1.228
2012-05-05-16_44_52.283,411,6,3,1,-56.295,-11.340,1.228
2012-05-05-16_44_52.283,411,7,3,1,-65.190,-11.277,1.828
2012-05-05-16_44_52.284,411,7,3,1,-65.197,-11.274,1.828
2012-05-05-16_44_52.284,411,7,3,1,-65.177,-11.176,1.828
2012-05-05-16_44_52.285,411,0,4,0,2.269,-15.781,2.039
2012-05-05-16_44_52.285,411,0,4,0,2.299,-15.696,1.939
2012-05-05-16_44_52.286,411,0,4,0,2.193,-15.754,2.039
2012-05-05-16_44_52.286,411,1,4,0,-6.739,-15.790,1.839
2012-05-05-16_44_52.287,411,1,4,0,-6.822,-15.768,1.839
2012-05-05-16_44_52.287,411,1,4,0,-6.761,-15.711,1.839
2012-05-05-16_44_52.287,411,2,4,0,-15.696,-15.711,1.139
2012-05-05-16_44_52.288,411,2,4,0,-15.772,-15.684,1.039
2012-05-05-16_44_52.288,411,2,4,0,-15.715,-15.641,1.139
2012-05-05-16_44_52.289,411,3,4,0,-24.718,-15.794,1.439
2012-05-05-16_44_52.289,411,3,4,0,-24.688,-15.708,1.439
2012-05-05-16_44_52.290,411,3,4,0,-24.794,-15.766,1.439
2012-05-05-16_44_52.290,411,4,4,0,-33.715,-15.795,0.839
2012-05-05-16_44_52.291,411,4,4,0,-33.685,-15.710,0.839
2012-05-05-16_44_52.291,411,4,4,0,-33.790,-15.768,0.739
2012-05-05-16_44_52.292,411,5,4,0,-42.729,-15.796,1.239
2012-05-05-16_44_52.292,411,5,4,0,-42.675,-15.836,1.139
2012-05-05-16_44_52.293,411,5,4,0,-42.777,-15.811,1.139
2012-05-05-16_44_52.293,411,6,4,0,-51.760,-15.856,1.239
2012-05-05-16_44_52.294,411,6,4,0,-51.730,-15.771,1.239
2012-05-05-16_44_52.294,411,6,4,0,-51.836,-15.829,1.239
2012-05-05-16_44_52.295,411,7,4,0,-60.655,-15.792,1.839
2012-05-05-16_44_52.295,411,7,4,0,-60.730,-15.765,1.839
2012-05-05-16_44_52.296,411,7,4,0,-60.674,-15.722,1.839
2012-05-05-16_44_52.296,411,0,4,1,-2.188,-15.793,1.851
2012-05-05-16_44_52.297,411,0,4,1,-2.163,-15.696,1.851
2012-05-05-16_44_52.298,411,0,4,1,-2.266,-15.767,1.851
2012-05-05-16_44_52.299,411,1,4,1,-11.206,-15.790,1.751
2012-05-05-16_44_52.299,411,1,4,1,-11.338,-15.728,1.851
2012-05-05-16_44_52.300,411,1,4,1,-11.228,-15.710,1.850
2012-05-05-16_44_52.300,411,2,4,1,-20.153,-15.723,1.151
2012-05-05-16_44_52.301,411,2,4,1,-20.231,-15.697,1.151
2012-05-05-16_44_52.301,411,2,4,1,-20.239,-15.695,1.151
2012-05-05-16_44_52.302,411,3,4,1,-29.175,-15.805,1.251
2012-05-05-16_44_52.302,411,3,4,1,-29.150,-15.708,1.251
2012-05-05-16_44_52.303,411,3,4,1,-29.253,-15.779,1.151
2012-05-05-16_44_52.303,411,4,4,1,-38.172,-15.807,0.851
2012-05-05-16_44_52.303,411,4,4,1,-38.147,-15.710,0.851
2012-05-05-16_44_52.305,411,4,4,1,-38.250,-15.781,0.851
2012-05-05-16_44_52.305,411,5,4,1,-47.191,-15.796,1.251
2012-05-05-16_44_52.306,411,5,4,1,-47.278,-15.770,1.250
2012-05-05-16_44_52.307,411,5,4,1,-47.249,-15.798,1.250
2012-05-05-16_44_52.307,411,6,4,1,-56.192,-15.771,1.351
2012-05-05-16_44_52.308,411,6,4,1,-56.295,-15.841,1.351
2012-05-05-16_44_52.308,411,6,4,1,-56.303,-15.840,1.351
2012-05-05-16_44_52.309,411,7,4,1,-65.190,-15.778,1.851
2012-05-05-16_44_52.310,411,7,4,1,-65.197,-15.776,1.851
2012-05-05-16_44_52.310,411,7,4,1,-65.175,-15.681,1.850
2012-05-05-16_44_52.311,411,0,5,0,2.268,-20.283,1.963
2012-05-05-16_44_52.311,411,0,5,0,2.298,-20.197,1.963
2012-05-05-16_44_52.311,411,0,5,0,2.193,-20.254,2.063
2012-05-05-16_44_52.312,411,1,5,0,-6.740,-20.293,1.763
2012-05-05-16_44_52.312,411,1,5,0,-6.820,-20.268,1.763
2012-05-05-16_44_52.313,411,1,5,0,-6.761,-20.215,1.763
2012-05-05-16_44_52.313,411,2,5,0,-15.697,-20.213,1.063
2012-05-05-16_44_52.314,411,2,5,0,-15.772,-20.184,1.063
2012-05-05-16_44_52.314,411,2,5,0,-15.716,-20.140,1.063
2012-05-05-16_44_52.315,411,3,5,0,-24.719,-20.295,1.363
2012-05-05-16_44_52.315,411,3,5,0,-24.689,-20.209,1.563
2012-05-05-16_44_52.316,411,3,5,0,-24.794,-20.267,1.563
2012-05-05-16_44_52.316,411,4,5,0,-33.715,-20.297,0.863
2012-05-05-16_44_52.317,411,4,5,0,-33.685,-20.211,0.863
2012-05-05-16_44_52.317,411,4,5,0,-33.791,-20.268,0.863
2012-05-05-16_44_52.318,411,5,5,0,-42.729,-20.297,1.163
2012-05-05-16_44_52.318,411,5,5,0,-42.673,-20.336,1.163
2012-05-05-16_44_52.319,411,5,5,0,-42.778,-20.310,1.163
2012-05-05-16_44_52.319,411,6,5,0,-51.761,-20.357,1.263
2012-05-05-16_44_52.320,411,6,5,0,-51.731,-20.272,1.263
2012-05-05-16_44_52.320,411,6,5,0,-51.836,-20.329,1.263
2012-05-05-16_44_52.320,411,7,5,0,-60.655,-20.294,1.863
2012-05-05-16_44_52.321,411,7,5,0,-60.731,-20.265,1.863
2012-05-05-16_44_52.321,411,7,5,0,-60.674,-20.221,1.863
2012-05-05-16_44_52.322,411,0,5,1,-2.186,-20.292,1.873
2012-05-05-16_44_52.322,411,0,5,1,-2.161,-20.196,1.872
2012-05-05-16_44_52.323,411,0,5,1,-2.264,-20.269,1.972
2012-05-05-16_44_52.323,411,1,5,1,-11.209,-20.294,1.772
2012-05-05-16_44_52.324,411,1,5,1,-11.336,-20.228,1.872
2012-05-05-16_44_52.324,411,1,5,1,-11.233,-20.215,1.872
2012-05-05-16_44_52.325,411,2,5,1,-20.151,-20.222,1.173
2012-05-05-16_44_52.326,411,2,5,1,-20.229,-20.199,1.172
2012-05-05-16_44_52.327,411,2,5,1,-20.237,-20.198,1.172
2012-05-05-16_44_52.327,411,3,5,1,-29.173,-20.304,1.173
2012-05-05-16_44_52.328,411,3,5,1,-29.148,-20.208,1.272
2012-05-05-16_44_52.328,411,3,5,1,-29.251,-20.281,1.272
2012-05-05-16_44_52.329,411,4,5,1,-38.170,-20.306,0.973
2012-05-05-16_44_52.329,411,4,5,1,-38.145,-20.210,0.972
2012-05-05-16_44_52.330,411,4,5,1,-38.248,-20.283,0.872
2012-05-05-16_44_52.330,411,5,5,1,-47.189,-20.296,1.272
2012-05-05-16_44_52.332,411,5,5,1,-47.281,-20.275,1.172
2012-05-05-16_44_52.332,411,5,5,1,-47.250,-20.298,1.172
2012-05-05-16_44_52.333,411,6,5,1,-56.190,-20.270,1.372
2012-05-05-16_44_52.333,411,6,5,1,-56.293,-20.343,1.372
2012-05-05-16_44_52.334,411,6,5,1,-56.301,-20.343,1.372
2012-05-05-16_44_52.334,411,7,5,1,-65.188,-20.280,1.872
2012-05-05-16_44_52.335,411,7,5,1,-65.195,-20.279,1.872
2012-05-05-16_44_52.335,411,7,5,1,-65.178,-20.186,1.872
2012-05-05-16_44_52.336,411,0,6,0,2.273,-24.783,1.981
2012-05-05-16_44_52.336,411,0,6,0,2.303,-24.690,1.881
2012-05-05-16_44_52.337,411,0,6,0,2.190,-24.758,1.981
2012-05-05-16_44_52.337,411,1,6,0,-6.738,-24.796,1.581
2012-05-05-16_44_52.338,411,1,6,0,-6.818,-24.770,1.581
2012-05-05-16_44_52.338,411,1,6,0,-6.757,-24.710,1.581
2012-05-05-16_44_52.339,411,2,6,0,-15.692,-24.713,1.081
2012-05-05-16_44_52.339,411,2,6,0,-15.775,-24.688,1.081
2012-05-05-16_44_52.340,411,2,6,0,-15.748,-24.698,1.081
2012-05-05-16_44_52.340,411,3,6,0,-24.714,-24.795,1.481
2012-05-05-16_44_52.341,411,3,6,0,-24.684,-24.702,1.481
2012-05-05-16_44_52.341,411,3,6,0,-24.797,-24.770,1.481
2012-05-05-16_44_52.341,411,4,6,0,-33.711,-24.797,0.881
2012-05-05-16_44_52.342,411,4,6,0,-33.681,-24.704,0.881
2012-05-05-16_44_52.342,411,4,6,0,-33.793,-24.772,0.881
2012-05-05-16_44_52.343,411,5,6,0,-42.724,-24.790,1.381
2012-05-05-16_44_52.343,411,5,6,0,-42.671,-24.838,1.481
2012-05-05-16_44_52.344,411,5,6,0,-42.776,-24.804,1.381
2012-05-05-16_44_52.344,411,6,6,0,-51.756,-24.857,1.381
2012-05-05-16_44_52.345,411,6,6,0,-51.726,-24.765,1.481
2012-05-05-16_44_52.345,411,6,6,0,-51.673,-24.812,1.381
2012-05-05-16_44_52.346,411,7,6,0,-60.651,-24.793,2.181
2012-05-05-16_44_52.346,411,7,6,0,-60.734,-24.769,2.181
2012-05-05-16_44_52.347,411,7,6,0,-60.672,-24.715,2.181
2012-05-05-16_44_52.347,411,0,6,1,-2.187,-24.789,1.890
2012-05-05-16_44_52.348,411,0,6,1,-2.159,-24.689,1.890
2012-05-05-16_44_52.348,411,0,6,1,-2.260,-24.771,1.890
2012-05-05-16_44_52.349,411,1,6,1,-11.212,-24.796,1.690
2012-05-05-16_44_52.349,411,1,6,1,-11.334,-24.721,1.690
2012-05-05-16_44_52.350,411,1,6,1,-11.234,-24.709,1.690
2012-05-05-16_44_52.350,411,2,6,1,-20.152,-24.719,1.090
2012-05-05-16_44_52.350,411,2,6,1,-20.225,-24.701,1.090
2012-05-05-16_44_52.351,411,2,6,1,-20.235,-24.700,1.090
2012-05-05-16_44_52.351,411,3,6,1,-29.174,-24.801,1.190
2012-05-05-16_44_52.352,411,3,6,1,-29.146,-24.701,1.390
2012-05-05-16_44_52.352,411,3,6,1,-29.247,-24.783,1.190
2012-05-05-16_44_52.353,411,4,6,1,-38.170,-24.803,0.990
2012-05-05-16_44_52.353,411,4,6,1,-38.143,-24.703,0.990
2012-05-05-16_44_52.354,411,4,6,1,-38.243,-24.785,0.990
2012-05-05-16_44_52.354,411,5,6,1,-47.187,-24.789,1.490
2012-05-05-16_44_52.355,411,5,6,1,-47.274,-24.770,1.390
2012-05-05-16_44_52.355,411,5,6,1,-47.245,-24.791,1.490
2012-05-05-16_44_52.356,411,6,6,1,-56.216,-24.863,1.490
2012-05-05-16_44_52.356,411,6,6,1,-56.188,-24.764,1.490
2012-05-05-16_44_52.357,411,6,6,1,-56.289,-24.845,1.490
2012-05-05-16_44_52.357,411,7,6,1,-65.184,-24.782,1.990
2012-05-05-16_44_52.358,411,7,6,1,-65.193,-24.781,1.990
2012-05-05-16_44_52.358,411,7,6,1,-65.171,-24.681,2.190
2012-05-05-16_44_52.359,411,0,7,0,2.265,-29.280,2.001
2012-05-05-16_44_52.359,411,0,7,0,2.300,-29.189,2.001
2012-05-05-16_44_52.360,411,0,7,0,2.190,-29.259,1.901
2012-05-05-16_44_52.360,411,1,7,0,-6.741,-29.293,1.601
2012-05-05-16_44_52.361,411,1,7,0,-6.816,-29.272,1.702
2012-05-05-16_44_52.361,411,1,7,0,-6.760,-29.206,1.702
2012-05-05-16_44_52.362,411,2,7,0,-15.700,-29.210,1.101
2012-05-05-16_44_52.362,411,2,7,0,-15.775,-29.189,1.001
2012-05-05-16_44_52.364,411,2,7,0,-15.749,-29.197,1.002
2012-05-05-16_44_52.364,411,3,7,0,-24.722,-29.292,1.401
2012-05-05-16_44_52.365,411,3,7,0,-24.687,-29.201,1.401
2012-05-05-16_44_52.365,411,3,7,0,-24.797,-29.271,1.401
2012-05-05-16_44_52.366,411,4,7,0,-33.718,-29.294,1.001
2012-05-05-16_44_52.366,411,4,7,0,-33.684,-29.203,1.001
2012-05-05-16_44_52.367,411,4,7,0,-33.794,-29.273,0.901
2012-05-05-16_44_52.367,411,5,7,0,-42.727,-29.289,1.401
2012-05-05-16_44_52.368,411,5,7,0,-42.813,-29.267,1.402
2012-05-05-16_44_52.368,411,5,7,0,-42.786,-29.292,1.402
2012-05-05-16_44_52.369,411,6,7,0,-51.764,-29.354,1.401
2012-05-05-16_44_52.369,411,6,7,0,-51.729,-29.264,1.401
2012-05-05-16_44_52.369,411,6,7,0,-51.671,-29.315,1.402
2012-05-05-16_44_52.370,411,7,7,0,-60.658,-29.290,2.201
2012-05-05-16_44_52.370,411,7,7,0,-60.734,-29.270,2.201
2012-05-05-16_44_52.371,411,7,7,0,-60.709,-29.178,2.202
2012-05-05-16_44_52.371,411,0,7,1,-2.187,-29.286,1.913
2012-05-05-16_44_52.372,411,0,7,1,-2.165,-29.188,1.913
2012-05-05-16_44_52.372,411,0,7,1,-2.260,-29.269,1.913
2012-05-05-16_44_52.373,411,1,7,1,-11.213,-29.291,1.613
2012-05-05-16_44_52.373,411,1,7,1,-11.339,-29.220,1.713
2012-05-05-16_44_52.374,411,1,7,1,-11.234,-29.205,1.713
2012-05-05-16_44_52.374,411,2,7,1,-20.152,-29.216,1.113
2012-05-05-16_44_52.375,411,2,7,1,-20.225,-29.199,1.113
2012-05-05-16_44_52.375,411,2,7,1,-20.233,-29.196,1.113
2012-05-05-16_44_52.375,411,3,7,1,-29.174,-29.298,1.313
2012-05-05-16_44_52.376,411,3,7,1,-29.152,-29.201,1.313
2012-05-05-16_44_52.377,411,3,7,1,-29.247,-29.281,1.213
2012-05-05-16_44_52.378,411,4,7,1,-38.171,-29.300,1.013
2012-05-05-16_44_52.379,411,4,7,1,-38.148,-29.202,1.013
2012-05-05-16_44_52.379,411,4,7,1,-38.244,-29.283,1.013
2012-05-05-16_44_52.380,411,5,7,1,-47.192,-29.288,1.513
2012-05-05-16_44_52.380,411,5,7,1,-47.275,-29.266,1.513
2012-05-05-16_44_52.381,411,5,7,1,-47.243,-29.293,13.013
2012-05-05-16_44_52.381,411,6,7,1,-56.216,-29.360,1.513
2012-05-05-16_44_52.382,411,6,7,1,-56.194,-29.263,1.513
2012-05-05-16_44_52.382,411,6,7,1,-56.289,-29.344,1.413
2012-05-05-16_44_52.383,411,7,7,1,-65.184,-29.280,2.013
2012-05-05-16_44_52.383,411,7,7,1,-65.191,-29.277,2.013
2012-05-05-16_44_52.384,411,7,7,1,-65.171,-29.177,2.213
2012-05-05-16_44_52.384,411,0,8,0,2.265,-33.778,2.027
2012-05-05-16_44_52.385,411,0,8,0,2.302,-33.688,1.927
2012-05-05-16_44_52.385,411,0,8,0,2.192,-33.755,2.027
2012-05-05-16_44_52.386,411,1,8,0,-6.744,-33.788,1.727
2012-05-05-16_44_52.386,411,1,8,0,-6.819,-33.768,1.727
2012-05-05-16_44_52.387,411,1,8,0,-6.763,-33.703,1.727
2012-05-05-16_44_52.387,411,2,8,0,-15.700,-33.708,1.127
2012-05-05-16_44_52.388,411,2,8,0,-15.773,-33.685,1.127
2012-05-05-16_44_52.388,411,2,8,0,-15.709,-33.638,1.127
2012-05-05-16_44_52.388,411,3,8,0,-24.722,-33.790,1.327
2012-05-05-16_44_52.389,411,3,8,0,-24.685,-33.700,1.427
2012-05-05-16_44_52.389,411,3,8,0,-24.795,-33.768,1.427
2012-05-05-16_44_52.390,411,4,8,0,-33.719,-33.792,1.027
2012-05-05-16_44_52.390,411,4,8,0,-33.682,-33.702,1.027
2012-05-05-16_44_52.391,411,4,8,0,-33.792,-33.769,1.027
2012-05-05-16_44_52.391,411,5,8,0,-42.725,-33.788,1.427
2012-05-05-16_44_52.392,411,5,8,0,-42.672,-33.836,1.427
2012-05-05-16_44_52.392,411,5,8,0,-42.772,-33.808,1.427
2012-05-05-16_44_52.393,411,6,8,0,-51.764,-33.853,1.327
2012-05-05-16_44_52.393,411,6,8,0,-51.727,-33.763,1.427
2012-05-05-16_44_52.394,411,6,8,0,-51.837,-33.830,1.327
2012-05-05-16_44_52.394,411,7,8,0,-60.659,-33.789,2.227
2012-05-05-16_44_52.395,411,7,8,0,-60.732,-33.766,2.227
2012-05-05-16_44_52.396,411,7,8,0,-60.668,-33.719,2.227
2012-05-05-16_44_52.396,411,0,8,1,-2.190,-33.787,1.936
2012-05-05-16_44_52.397,411,0,8,1,-2.165,-33.687,1.936
2012-05-05-16_44_52.397,411,0,8,1,-2.261,-33.765,1.936
2012-05-05-16_44_52.398,411,1,8,1,-11.213,-33.787,1.736
2012-05-05-16_44_52.398,411,1,8,1,-11.339,-33.718,1.736
2012-05-05-16_44_52.399,411,1,8,1,-11.237,-33.702,1.736
2012-05-05-16_44_52.400,411,2,8,1,-20.155,-33.717,1.136
2012-05-05-16_44_52.400,411,2,8,1,-20.226,-33.695,1.136
2012-05-05-16_44_52.401,411,2,8,1,-20.233,-33.694,1.136
2012-05-05-16_44_52.401,411,3,8,1,-29.177,-33.799,1.136
2012-05-05-16_44_52.402,411,3,8,1,-29.152,-33.699,1.136
2012-05-05-16_44_52.402,411,3,8,1,-29.248,-33.777,1.136
2012-05-05-16_44_52.403,411,4,8,1,-38.174,-33.801,1.036
2012-05-05-16_44_52.403,411,4,8,1,-38.148,-33.701,0.936
2012-05-05-16_44_52.404,411,4,8,1,-38.244,-33.779,1.036
2012-05-05-16_44_52.404,411,5,8,1,-47.192,-33.787,1.536
2012-05-05-16_44_52.405,411,5,8,1,-47.275,-33.763,1.536
2012-05-05-16_44_52.405,411,5,8,1,-47.244,-33.793,1.536
2012-05-05-16_44_52.406,411,6,8,1,-56.219,-33.861,1.436
2012-05-05-16_44_52.406,411,6,8,1,-56.194,-33.761,1.536
2012-05-05-16_44_52.406,411,6,8,1,-56.290,-33.840,1.536
2012-05-05-16_44_52.407,411,7,8,1,-65.184,-33.776,2.236
2012-05-05-16_44_52.407,411,7,8,1,-65.192,-33.775,2.336
2012-05-05-16_44_52.408,411,7,8,1,-65.171,-33.674,2.236
2012-05-05-16_44_52.408,411,0,9,0,2.276,-38.281,1.945
2012-05-05-16_44_52.409,411,0,9,0,2.306,-38.195,2.045
2012-05-05-16_44_52.409,411,0,9,0,2.194,-38.254,1.945
2012-05-05-16_44_52.410,411,1,9,0,-6.744,-38.289,1.845
2012-05-05-16_44_52.410,411,1,9,0,-6.820,-38.268,1.845
2012-05-05-16_44_52.411,411,1,9,0,-6.765,-38.210,1.845
2012-05-05-16_44_52.411,411,2,9,0,-15.688,-38.211,1.145
2012-05-05-16_44_52.412,411,2,9,0,-15.771,-38.184,1.245
2012-05-05-16_44_52.412,411,2,9,0,-15.710,-38.141,1.245
2012-05-05-16_44_52.413,411,3,9,0,-24.710,-38.294,1.545
2012-05-05-16_44_52.413,411,3,9,0,-24.681,-38.208,1.545
2012-05-05-16_44_52.413,411,3,9,0,-24.793,-38.266,1.545
2012-05-05-16_44_52.414,411,4,9,0,-33.707,-38.295,0.945
2012-05-05-16_44_52.414,411,4,9,0,-33.677,-38.209,0.945
2012-05-05-16_44_52.415,411,4,9,0,-33.790,-38.268,0.945
2012-05-05-16_44_52.415,411,5,9,0,-42.721,-38.295,1.445
2012-05-05-16_44_52.416,411,5,9,0,-42.672,-38.336,1.545
2012-05-05-16_44_52.416,411,5,9,0,-42.772,-38.311,1.445
2012-05-05-16_44_52.417,411,6,9,0,-51.753,-38.356,1.345
2012-05-05-16_44_52.417,411,6,9,0,-51.723,-38.270,1.345
2012-05-05-16_44_52.418,411,6,9,0,-51.835,-38.329,1.345
2012-05-05-16_44_52.418,411,7,9,0,-60.647,-38.292,2.145
2012-05-05-16_44_52.418,411,7,9,0,-60.730,-38.265,2.145
2012-05-05-16_44_52.419,411,7,9,0,-60.669,-38.222,2.245
2012-05-05-16_44_52.420,411,0,9,1,-2.188,-38.293,1.954
2012-05-05-16_44_52.420,411,0,9,1,-2.165,-38.194,1.954
2012-05-05-16_44_52.421,411,0,9,1,-2.261,-38.267,1.954
2012-05-05-16_44_52.421,411,1,9,1,-11.213,-38.289,1.854
2012-05-05-16_44_52.421,411,1,9,1,-11.340,-38.226,1.854
2012-05-05-16_44_52.422,411,1,9,1,-11.235,-38.209,1.854
2012-05-05-16_44_52.422,411,2,9,1,-20.153,-38.223,1.254
2012-05-05-16_44_52.423,411,2,9,1,-20.226,-38.197,1.254
2012-05-05-16_44_52.423,411,2,9,1,-20.233,-38.195,1.254
2012-05-05-16_44_52.424,411,3,9,1,-29.175,-38.305,1.354
2012-05-05-16_44_52.424,411,3,9,1,-29.152,-38.207,1.354
2012-05-05-16_44_52.425,411,3,9,1,-29.248,-38.279,1.354
2012-05-05-16_44_52.425,411,4,9,1,-38.172,-38.307,1.054
2012-05-05-16_44_52.426,411,4,9,1,-38.149,-38.208,1.054
2012-05-05-16_44_52.427,411,4,9,1,-38.245,-38.281,1.054
2012-05-05-16_44_52.428,411,5,9,1,-47.193,-38.294,1.554
2012-05-05-16_44_52.428,411,5,9,1,-47.275,-38.268,1.554
2012-05-05-16_44_52.430,411,5,9,1,-47.246,-38.299,1.554
2012-05-05-16_44_52.430,411,6,9,1,-56.194,-38.269,1.554
2012-05-05-16_44_52.431,411,6,9,1,-56.290,-38.341,1.554
2012-05-05-16_44_52.431,411,6,9,1,-56.297,-38.340,1.554
2012-05-05-16_44_52.432,411,7,9,1,-65.185,-38.278,2.054
2012-05-05-16_44_52.432,411,7,9,1,-65.192,-38.276,2.054
2012-05-05-16_44_52.433,411,7,9,1,-65.172,-38.179,2.154
2012-05-05-16_44_52.433,411,0,10,0,2.278,-42.783,1.966
2012-05-05-16_44_52.434,411,0,10,0,2.303,-42.696,1.966
2012-05-05-16_44_52.434,411,0,10,0,2.193,-42.755,1.966
2012-05-05-16_44_52.435,411,1,10,0,-6.747,-42.793,1.766
2012-05-05-16_44_52.435,411,1,10,0,-6.822,-42.766,1.766
2012-05-05-16_44_52.436,411,1,10,0,-6.768,-42.715,1.766
2012-05-05-16_44_52.436,411,2,10,0,-15.686,-42.713,1.166
2012-05-05-16_44_52.437,411,2,10,0,-15.772,-42.685,1.266
2012-05-05-16_44_52.437,411,2,10,0,-15.708,-42.639,1.166
2012-05-05-16_44_52.438,411,3,10,0,-24.708,-42.795,1.466
2012-05-05-16_44_52.438,411,3,10,0,-24.683,-42.708,1.566
2012-05-05-16_44_52.439,411,3,10,0,-24.794,-42.767,1.566
2012-05-05-16_44_52.439,411,4,10,0,-33.705,-42.797,0.966
2012-05-05-16_44_52.440,411,4,10,0,-33.680,-42.710,1.066
2012-05-05-16_44_52.440,411,4,10,0,-33.790,-42.769,0.966
2012-05-05-16_44_52.441,411,5,10,0,-42.724,-42.795,1.466
2012-05-05-16_44_52.441,411,5,10,0,-42.675,-42.834,1.466
2012-05-05-16_44_52.442,411,5,10,0,-42.770,-42.809,1.466
2012-05-05-16_44_52.442,411,6,10,0,-51.751,-42.857,1.366
2012-05-05-16_44_52.443,411,6,10,0,-51.725,-42.770,1.466
2012-05-05-16_44_52.443,411,6,10,0,-51.836,-42.830,1.366
2012-05-05-16_44_52.443,411,7,10,0,-60.645,-42.794,2.266
2012-05-05-16_44_52.444,411,7,10,0,-60.730,-42.766,2.266
2012-05-05-16_44_52.444,411,7,10,0,-60.667,-42.720,2.266
2012-05-05-16_44_52.445,411,0,10,1,-2.191,-42.792,1.978
2012-05-05-16_44_52.445,411,0,10,1,-2.168,-42.695,1.978
2012-05-05-16_44_52.446,411,0,10,1,-2.264,-42.769,1.978
2012-05-05-16_44_52.446,411,1,10,1,-11.214,-42.793,1.878
2012-05-05-16_44_52.447,411,1,10,1,-11.343,-42.727,1.878
2012-05-05-16_44_52.447,411,1,10,1,-11.235,-42.714,1.878
2012-05-05-16_44_52.448,411,2,10,1,-20.156,-42.722,1.278
2012-05-05-16_44_52.448,411,2,10,1,-20.229,-42.699,1.278
2012-05-05-16_44_52.449,411,2,10,1,-20.234,-42.698,1.278
2012-05-05-16_44_52.449,411,3,10,1,-29.178,-42.804,1.278
2012-05-05-16_44_52.450,411,3,10,1,-29.155,-42.707,1.278
2012-05-05-16_44_52.450,411,3,10,1,-29.251,-42.781,1.278
2012-05-05-16_44_52.451,411,4,10,1,-38.174,-42.806,1.078
2012-05-05-16_44_52.451,411,4,10,1,-38.152,-42.709,1.078
2012-05-05-16_44_52.452,411,4,10,1,-38.248,-42.783,1.078
2012-05-05-16_44_52.452,411,5,10,1,-47.196,-42.795,1.578
2012-05-05-16_44_52.453,411,5,10,1,-47.276,-42.773,1.578
2012-05-05-16_44_52.453,411,5,10,1,-47.249,-42.798,1.578
2012-05-05-16_44_52.453,411,6,10,1,-56.197,-42.770,1.578
2012-05-05-16_44_52.454,411,6,10,1,-56.293,-42.844,1.578
2012-05-05-16_44_52.454,411,6,10,1,-56.298,-42.842,1.478
2012-05-05-16_44_52.455,411,7,10,1,-65.188,-42.780,2.078
2012-05-05-16_44_52.455,411,7,10,1,-65.193,-42.779,2.178
2012-05-05-16_44_52.456,411,7,10,1,-65.172,-42.684,3.078
2012-05-05-16_44_52.456,411,0,11,0,2.278,-47.282,2.090
2012-05-05-16_44_52.457,411,0,11,0,2.303,-47.190,1.990
2012-05-05-16_44_52.457,411,0,11,0,2.198,-47.258,1.990
2012-05-05-16_44_52.458,411,1,11,0,-6.750,-47.295,1.790
2012-05-05-16_44_52.458,411,1,11,0,-6.823,-47.268,1.790
2012-05-05-16_44_52.460,411,1,11,0,-6.771,-47.209,1.890
2012-05-05-16_44_52.460,411,2,11,0,-15.687,-47.212,1.190
2012-05-05-16_44_52.461,411,2,11,0,-15.767,-47.188,1.190
2012-05-05-16_44_52.461,411,2,11,0,-15.743,-47.198,1.190
2012-05-05-16_44_52.461,411,3,11,0,-24.709,-47.294,1.590
2012-05-05-16_44_52.462,411,3,11,0,-24.684,-47.202,1.590
2012-05-05-16_44_52.463,411,3,11,0,-24.789,-47.270,1.590
2012-05-05-16_44_52.463,411,4,11,0,-33.705,-47.296,0.990
2012-05-05-16_44_52.464,411,4,11,0,-33.680,-47.204,0.990
2012-05-05-16_44_52.464,411,4,11,0,-33.786,-47.272,1.090
2012-05-05-16_44_52.465,411,5,11,0,-42.724,-47.290,1.390
2012-05-05-16_44_52.465,411,5,11,0,-42.676,-47.336,1.490
2012-05-05-16_44_52.465,411,5,11,0,-42.771,-47.304,1.490
2012-05-05-16_44_52.466,411,6,11,0,-51.751,-47.356,1.390
2012-05-05-16_44_52.466,411,6,11,0,-51.726,-47.264,1.390
2012-05-05-16_44_52.467,411,6,11,0,-51.831,-47.333,1.390
2012-05-05-16_44_52.468,411,7,11,0,-60.646,-47.292,2.290
2012-05-05-16_44_52.468,411,7,11,0,-60.726,-47.269,2.290
2012-05-05-16_44_52.469,411,7,11,0,-60.667,-47.215,2.290
2012-05-05-16_44_52.469,411,0,11,1,-2.194,-47.289,1.999
2012-05-05-16_44_52.470,411,0,11,1,-2.171,-47.190,1.999
2012-05-05-16_44_52.470,411,0,11,1,-2.262,-47.271,1.999
2012-05-05-16_44_52.470,411,1,11,1,-11.214,-47.295,1.799
2012-05-05-16_44_52.471,411,1,11,1,-11.346,-47.221,1.899
2012-05-05-16_44_52.471,411,1,11,1,-11.236,-47.209,1.899
2012-05-05-16_44_52.472,411,2,11,1,-20.159,-47.219,1.299
2012-05-05-16_44_52.472,411,2,11,1,-20.227,-47.201,1.299
2012-05-05-16_44_52.473,411,2,11,1,-20.234,-47.200,1.299
2012-05-05-16_44_52.473,411,3,11,1,-29.181,-47.301,1.299
2012-05-05-16_44_52.474,411,3,11,1,-29.158,-47.202,1.399
2012-05-05-16_44_52.474,411,3,11,1,-29.249,-47.283,1.299
2012-05-05-16_44_52.475,411,4,11,1,-38.177,-47.303,1.099
2012-05-05-16_44_52.475,411,4,11,1,-38.155,-47.204,1.099
2012-05-05-16_44_52.475,411,4,11,1,-38.246,-47.285,1.099
2012-05-05-16_44_52.476,411,5,11,1,-47.198,-47.289,1.599
2012-05-05-16_44_52.476,411,5,11,1,-47.279,-47.270,1.599
2012-05-05-16_44_52.477,411,5,11,1,-47.247,-47.292,1.599
2012-05-05-16_44_52.478,411,6,11,1,-56.223,-47.364,1.599
2012-05-05-16_44_52.478,411,6,11,1,-56.200,-47.264,1.599
2012-05-05-16_44_52.479,411,6,11,1,-56.291,-47.345,1.599
2012-05-05-16_44_52.479,411,7,11,1,-65.186,-47.282,2.299
2012-05-05-16_44_52.480,411,7,11,1,-65.193,-47.281,2.299
2012-05-05-16_44_52.481,411,7,11,1,-65.175,-47.180,2.299
2012-05-05-16_44_52.482,411,0,12,0,2.268,-51.780,2.307
2012-05-05-16_44_52.482,411,0,12,0,2.303,-51.690,2.207
2012-05-05-16_44_52.483,411,0,12,0,2.195,-51.760,2.207
2012-05-05-16_44_52.483,411,1,12,0,-6.750,-51.794,1.907
2012-05-05-16_44_52.484,411,1,12,0,-6.826,-51.774,1.907
2012-05-05-16_44_52.484,411,1,12,0,-6.772,-51.707,1.907
2012-05-05-16_44_52.485,411,2,12,0,-15.697,-51.710,1.307
2012-05-05-16_44_52.485,411,2,12,0,-15.770,-51.689,1.207
2012-05-05-16_44_52.486,411,2,12,0,-15.709,-51.639,1.307
2012-05-05-16_44_52.486,411,3,12,0,-24.719,-51.792,1.707
2012-05-05-16_44_52.487,411,3,12,0,-24.684,-51.702,1.607
2012-05-05-16_44_52.487,411,3,12,0,-24.792,-51.772,1.607
2012-05-05-16_44_52.488,411,4,12,0,-33.716,-51.794,1.107
2012-05-05-16_44_52.488,411,4,12,0,-33.681,-51.704,1.107
2012-05-05-16_44_52.488,411,4,12,0,-33.789,-51.774,1.107
2012-05-05-16_44_52.489,411,5,12,0,-42.725,-51.790,1.307
2012-05-05-16_44_52.489,411,5,12,0,-42.679,-51.842,1.407
2012-05-05-16_44_52.490,411,5,12,0,-42.771,-51.809,1.407
2012-05-05-16_44_52.490,411,6,12,0,-51.761,-51.855,1.407
2012-05-05-16_44_52.492,411,6,12,0,-51.726,-51.765,1.407
2012-05-05-16_44_52.492,411,6,12,0,-51.834,-51.834,1.407
2012-05-05-16_44_52.493,411,7,12,0,-60.656,-51.791,2.107
2012-05-05-16_44_52.493,411,7,12,0,-60.729,-51.770,2.107
2012-05-05-16_44_52.494,411,7,12,0,-60.667,-51.720,2.107
2012-05-05-16_44_52.494,411,0,12,1,-2.197,-51.787,2.116
2012-05-05-16_44_52.495,411,0,12,1,-2.172,-51.689,3.516
2012-05-05-16_44_52.495,411,0,12,1,-2.265,-51.770,2.116
2012-05-05-16_44_52.496,411,1,12,1,-11.215,-51.793,1.816
2012-05-05-16_44_52.496,411,1,12,1,-11.346,-51.721,3.016
2012-05-05-16_44_52.497,411,1,12,1,-11.236,-51.707,1.916
2012-05-05-16_44_52.497,411,2,12,1,-20.162,-51.717,1.316
2012-05-05-16_44_52.498,411,2,12,1,-20.230,-51.700,1.216
2012-05-05-16_44_52.498,411,2,12,1,-20.237,-51.698,1.316
2012-05-05-16_44_52.499,411,3,12,1,-29.184,-51.799,1.316
2012-05-05-16_44_52.499,411,3,12,1,-29.159,-51.701,1.416
2012-05-05-16_44_52.500,411,3,12,1,-29.252,-51.782,1.516
2012-05-05-16_44_52.500,411,4,12,1,-38.180,-51.801,1.116
2012-05-05-16_44_52.501,411,4,12,1,-38.155,-51.703,1.116
2012-05-05-16_44_52.501,411,4,12,1,-38.248,-51.784,1.116
2012-05-05-16_44_52.502,411,5,12,1,-47.199,-51.789,1.516
2012-05-05-16_44_52.502,411,5,12,1,-47.279,-51.767,1.416
2012-05-05-16_44_52.502,411,5,12,1,-47.253,-51.792,1.416
2012-05-05-16_44_52.503,411,6,12,1,-56.226,-51.861,1.616
2012-05-05-16_44_52.503,411,6,12,1,-56.201,-51.763,2.916
2012-05-05-16_44_52.504,411,6,12,1,-56.294,-51.844,1.616
2012-05-05-16_44_52.504,411,7,12,1,-65.188,-51.780,2.216
2012-05-05-16_44_52.505,411,7,12,1,-65.196,-51.779,2.216
2012-05-05-16_44_52.505,411,7,12,1,-65.176,-51.678,2.216
2012-05-05-16_44_52.506,411,0,13,0,2.275,-56.278,2.227
2012-05-05-16_44_52.506,411,0,13,0,2.302,-56.190,2.227
2012-05-05-16_44_52.507,411,0,13,0,2.199,-56.255,2.227
2012-05-05-16_44_52.507,411,1,13,0,-6.753,-56.289,1.927
2012-05-05-16_44_52.508,411,1,13,0,-6.829,-56.269,1.927
2012-05-05-16_44_52.508,411,1,13,0,-6.772,-56.204,1.927
2012-05-05-16_44_52.508,411,2,13,0,-15.690,-56.208,1.227
2012-05-05-16_44_52.509,411,2,13,0,-15.766,-56.185,1.227
2012-05-05-16_44_52.509,411,2,13,0,-15.712,-56.139,1.327
2012-05-05-16_44_52.510,411,3,13,0,-24.712,-56.290,1.627
2012-05-05-16_44_52.510,411,3,13,0,-24.685,-56.202,1.627
2012-05-05-16_44_52.511,411,3,13,0,-24.788,-56.267,1.627
2012-05-05-16_44_52.511,411,4,13,0,-33.709,-56.292,1.127
2012-05-05-16_44_52.512,411,4,13,0,-33.681,-56.204,1.127
2012-05-05-16_44_52.512,411,4,13,0,-33.784,-56.269,1.127
2012-05-05-16_44_52.513,411,5,13,0,-42.725,-56.290,1.327
2012-05-05-16_44_52.513,411,5,13,0,-42.681,-56.338,1.427
2012-05-05-16_44_52.513,411,5,13,0,-42.774,-56.309,1.427
2012-05-05-16_44_52.514,411,6,13,0,-51.754,-56.352,1.527
2012-05-05-16_44_52.514,411,6,13,0,-51.727,-56.264,1.427
2012-05-05-16_44_52.515,411,6,13,0,-51.830,-56.329,1.427
2012-05-05-16_44_52.515,411,7,13,0,-60.649,-56.288,2.127
2012-05-05-16_44_52.516,411,7,13,0,-60.724,-56.266,2.127
2012-05-05-16_44_52.516,411,7,13,0,-60.670,-56.220,2.127
2012-05-05-16_44_52.517,411,0,13,1,-2.200,-56.288,2.139
2012-05-05-16_44_52.517,411,0,13,1,-2.172,-56.190,2.139
2012-05-05-16_44_52.518,411,0,13,1,-2.268,-56.266,2.138
2012-05-05-16_44_52.518,411,1,13,1,-11.210,-56.289,1.939
2012-05-05-16_44_52.519,411,1,13,1,-11.346,-56.222,1.939
2012-05-05-16_44_52.519,411,1,13,1,-11.234,-56.204,1.938
2012-05-05-16_44_52.520,411,2,13,1,-20.164,-56.218,1.339
2012-05-05-16_44_52.520,411,2,13,1,-20.233,-56.196,1.338
2012-05-05-16_44_52.521,411,2,13,1,-20.237,-56.193,1.338
2012-05-05-16_44_52.521,411,3,13,1,-29.186,-56.300,1.339
2012-05-05-16_44_52.523,411,3,13,1,-29.159,-56.202,1.639
2012-05-05-16_44_52.524,411,3,13,1,-29.255,-56.278,1.438
2012-05-05-16_44_52.525,411,4,13,1,-38.183,-56.302,1.139
2012-05-05-16_44_52.525,411,4,13,1,-38.155,-56.204,1.139
2012-05-05-16_44_52.526,411,4,13,1,-38.251,-56.280,1.138
2012-05-05-16_44_52.526,411,5,13,1,-47.199,-56.290,1.639
2012-05-05-16_44_52.527,411,5,13,1,-47.282,-56.265,1.638
2012-05-05-16_44_52.527,411,5,13,1,-47.253,-56.292,1.638
2012-05-05-16_44_52.528,411,6,13,1,-56.229,-56.363,1.639
2012-05-05-16_44_52.528,411,6,13,1,-56.201,-56.265,1.639
2012-05-05-16_44_52.529,411,6,13,1,-56.297,-56.340,1.638
2012-05-05-16_44_52.529,411,7,13,1,-65.191,-56.277,2.238
2012-05-05-16_44_52.529,411,7,13,1,-65.196,-56.274,2.238
2012-05-05-16_44_52.530,411,7,13,1,-65.178,-56.176,2.238
2012-05-05-16_44_52.530,411,0,14,0,2.272,-60.782,2.251
2012-05-05-16_44_52.531,411,0,14,0,2.297,-60.696,2.251
2012-05-05-16_44_52.531,411,0,14,0,2.199,-60.754,2.151
2012-05-05-16_44_52.533,411,1,14,0,-6.753,-60.789,1.951
2012-05-05-16_44_52.533,411,1,14,0,-6.829,-60.768,1.951
2012-05-05-16_44_52.534,411,1,14,0,-6.772,-60.711,1.951
2012-05-05-16_44_52.534,411,2,14,0,-15.693,-60.712,1.251
2012-05-05-16_44_52.535,411,2,14,0,-15.766,-60.684,1.351
2012-05-05-16_44_52.535,411,2,14,0,-15.710,-60.641,1.251
2012-05-05-16_44_52.536,411,3,14,0,-24.715,-60.794,1.651
2012-05-05-16_44_52.536,411,3,14,0,-24.690,-60.708,1.651
2012-05-05-16_44_52.537,411,3,14,0,-24.788,-60.766,1.651
2012-05-05-16_44_52.537,411,4,14,0,-33.712,-60.796,1.051
2012-05-05-16_44_52.538,411,4,14,0,-33.687,-60.710,1.051
2012-05-05-16_44_52.538,411,4,14,0,-33.785,-60.768,1.051
2012-05-05-16_44_52.539,411,5,14,0,-42.730,-60.796,1.551
2012-05-05-16_44_52.539,411,5,14,0,-42.682,-60.836,1.351
2012-05-05-16_44_52.540,411,5,14,0,-42.772,-60.811,1.451
2012-05-05-16_44_52.540,411,6,14,0,-51.757,-60.857,1.451
2012-05-05-16_44_52.540,411,6,14,0,-51.732,-60.770,1.451
2012-05-05-16_44_52.541,411,6,14,0,-51.830,-60.829,1.451
2012-05-05-16_44_52.541,411,7,14,0,-60.652,-60.793,2.151
2012-05-05-16_44_52.542,411,7,14,0,-60.725,-60.765,2.151
2012-05-05-16_44_52.542,411,7,14,0,-60.668,-60.722,2.151
2012-05-05-16_44_52.543,411,0,14,1,-2.200,-60.793,2.161
2012-05-05-16_44_52.543,411,0,14,1,-2.172,-60.695,2.061
2012-05-05-16_44_52.544,411,0,14,1,-2.268,-60.767,2.161
2012-05-05-16_44_52.544,411,1,14,1,-11.211,-60.790,1.861
2012-05-05-16_44_52.545,411,1,14,1,-11.347,-60.727,1.961
2012-05-05-16_44_52.545,411,1,14,1,-11.237,-60.710,1.961
2012-05-05-16_44_52.546,411,2,14,1,-20.165,-60.723,1.261
2012-05-05-16_44_52.546,411,2,14,1,-20.233,-60.697,1.261
2012-05-05-16_44_52.547,411,2,14,1,-20.240,-60.695,1.261
2012-05-05-16_44_52.547,411,3,14,1,-29.187,-60.805,1.261
2012-05-05-16_44_52.548,411,3,14,1,-29.159,-60.708,1.361
2012-05-05-16_44_52.548,411,3,14,1,-29.255,-60.779,1.261
2012-05-05-16_44_52.549,411,4,14,1,-38.184,-60.807,1.161
2012-05-05-16_44_52.549,411,4,14,1,-38.156,-60.709,1.161
2012-05-05-16_44_52.550,411,4,14,1,-38.252,-60.781,1.061
2012-05-05-16_44_52.550,411,5,14,1,-47.200,-60.795,1.661
2012-05-05-16_44_52.551,411,5,14,1,-47.283,-60.770,1.661
2012-05-05-16_44_52.551,411,5,14,1,-47.253,-60.799,1.661
2012-05-05-16_44_52.551,411,6,14,1,-56.229,-60.868,1.561
2012-05-05-16_44_52.552,411,6,14,1,-56.201,-60.770,1.661
2012-05-05-16_44_52.553,411,6,14,1,-56.297,-60.842,1.661
2012-05-05-16_44_52.553,411,7,14,1,-65.192,-60.778,2.361
2012-05-05-16_44_52.554,411,7,14,1,-65.199,-60.776,2.361
2012-05-05-16_44_52.556,411,7,14,1,-65.179,-60.681,2.361
2012-05-05-16_44_52.556,411,0,15,0,2.269,-65.283,2.270
2012-05-05-16_44_52.557,411,0,15,0,2.294,-65.196,2.270
2012-05-05-16_44_52.558,411,0,15,0,2.196,-65.256,2.270
2012-05-05-16_44_52.558,411,1,15,0,-6.751,-65.293,2.070
2012-05-05-16_44_52.559,411,1,15,0,-6.832,-65.267,2.070
2012-05-05-16_44_52.559,411,1,15,0,-6.773,-65.215,2.070
2012-05-05-16_44_52.560,411,2,15,0,-15.696,-65.213,1.370
2012-05-05-16_44_52.560,411,2,15,0,-15.769,-65.186,1.370
2012-05-05-16_44_52.561,411,2,15,0,-15.715,-65.139,1.370
2012-05-05-16_44_52.561,411,3,15,0,-24.718,-65.295,1.670
2012-05-05-16_44_52.562,411,3,15,0,-24.693,-65.208,1.670
2012-05-05-16_44_52.562,411,3,15,0,-24.791,-65.268,1.670
2012-05-05-16_44_52.563,411,4,15,0,-33.714,-65.297,1.070
2012-05-05-16_44_52.563,411,4,15,0,-33.689,-65.210,1.070
2012-05-05-16_44_52.564,411,4,15,0,-33.788,-65.270,1.070
2012-05-05-16_44_52.564,411,5,15,0,-42.733,-65.295,1.670
2012-05-05-16_44_52.564,411,5,15,0,-42.685,-65.335,1.370
2012-05-05-16_44_52.565,411,5,15,0,-42.777,-65.309,1.670
2012-05-05-16_44_52.565,411,6,15,0,-51.760,-65.357,1.570
2012-05-05-16_44_52.566,411,6,15,0,-51.735,-65.270,1.470
2012-05-05-16_44_52.566,411,6,15,0,-51.833,-65.330,1.470
2012-05-05-16_44_52.567,411,7,15,0,-60.655,-65.294,2.170
2012-05-05-16_44_52.567,411,7,15,0,-60.728,-65.266,2.170
2012-05-05-16_44_52.568,411,7,15,0,-60.674,-65.220,2.070
2012-05-05-16_44_52.568,411,0,15,1,-2.198,-65.292,2.179
2012-05-05-16_44_52.569,411,0,15,1,-2.170,-65.196,2.179
2012-05-05-16_44_52.569,411,0,15,1,-2.271,-65.270,2.179
2012-05-05-16_44_52.570,411,1,15,1,-11.211,-65.293,1.979
2012-05-05-16_44_52.570,411,1,15,1,-11.345,-65.227,1.979
2012-05-05-16_44_52.571,411,1,15,1,-11.232,-65.214,1.979
2012-05-05-16_44_52.571,411,2,15,1,-20.163,-65.222,1.379
2012-05-05-16_44_52.571,411,2,15,1,-20.236,-65.200,1.379
2012-05-05-16_44_52.572,411,2,15,1,-20.243,-65.198,1.379
2012-05-05-16_44_52.572,411,3,15,1,-29.185,-65.304,1.379
2012-05-05-16_44_52.573,411,3,15,1,-29.157,-65.208,1.379
2012-05-05-16_44_52.573,411,3,15,1,-29.258,-65.282,1.379
2012-05-05-16_44_52.574,411,4,15,1,-38.181,-65.306,1.179
2012-05-05-16_44_52.574,411,4,15,1,-38.154,-65.210,1.079
2012-05-05-16_44_52.575,411,4,15,1,-38.255,-65.284,1.079
2012-05-05-16_44_52.575,411,5,15,1,-47.198,-65.295,1.479
2012-05-05-16_44_52.576,411,5,15,1,-47.285,-65.274,1.479
2012-05-05-16_44_52.576,411,5,15,1,-47.256,-65.298,1.379
2012-05-05-16_44_52.577,411,6,15,1,-56.227,-65.366,1.679
2012-05-05-16_44_52.577,411,6,15,1,-56.199,-65.270,1.679
2012-05-05-16_44_52.578,411,6,15,1,-56.300,-65.344,1.579
2012-05-05-16_44_52.578,411,7,15,1,-65.195,-65.280,2.179
2012-05-05-16_44_52.579,411,7,15,1,-65.202,-65.279,2.179
2012-05-05-16_44_52.579,411,7,15,1,-65.182,-65.185,2.179
2012-05-05-16_44_52.580,411,0,16,0,2.266,-69.783,2.291
2012-05-05-16_44_52.580,411,0,16,0,2.294,-69.689,2.291
2012-05-05-16_44_52.581,411,0,16,0,2.193,-69.758,2.291
2012-05-05-16_44_52.581,411,1,16,0,-6.749,-69.795,13.291
2012-05-05-16_44_52.582,411,1,16,0,-6.832,-69.768,2.091
2012-05-05-16_44_52.582,411,1,16,0,-6.771,-69.708,1.991
2012-05-05-16_44_52.583,411,2,16,0,-15.699,-69.713,1.391
2012-05-05-16_44_52.583,411,2,16,0,-15.772,-69.688,1.391
2012-05-05-16_44_52.584,411,2,16,0,-15.747,-69.698,1.291
2012-05-05-16_44_52.585,411,3,16,0,-24.721,-69.795,1.791
2012-05-05-16_44_52.586,411,3,16,0,-24.693,-69.701,1.791
2012-05-05-16_44_52.586,411,3,16,0,-24.794,-69.770,1.791
2012-05-05-16_44_52.587,411,4,16,0,-33.717,-69.797,0.991
2012-05-05-16_44_52.588,411,4,16,0,-33.690,-69.703,1.091
2012-05-05-16_44_52.589,411,4,16,0,-33.790,-69.772,1.091
2012-05-05-16_44_52.589,411,5,16,0,-42.734,-69.789,1.391
2012-05-05-16_44_52.590,411,5,16,0,-42.685,-69.836,1.491
2012-05-05-16_44_52.590,411,5,16,0,-42.778,-69.803,1.491
2012-05-05-16_44_52.591,411,6,16,0,-51.763,-69.857,1.491
2012-05-05-16_44_52.591,411,6,16,0,-51.735,-69.764,1.491
2012-05-05-16_44_52.592,411,6,16,0,-51.836,-69.833,1.391
2012-05-05-16_44_52.592,411,7,16,0,-60.657,-69.793,2.091
2012-05-05-16_44_52.593,411,7,16,0,-60.730,-69.769,2.191
2012-05-05-16_44_52.593,411,7,16,0,-60.674,-69.714,2.191
2012-05-05-16_44_52.594,411,0,16,1,-2.198,-69.789,2.103
2012-05-05-16_44_52.594,411,0,16,1,-2.171,-69.688,2.103
2012-05-05-16_44_52.595,411,0,16,1,-2.274,-69.771,2.103
2012-05-05-16_44_52.595,411,1,16,1,-11.214,-69.795,2.003
2012-05-05-16_44_52.596,411,1,16,1,-11.345,-69.720,2.003
2012-05-05-16_44_52.596,411,1,16,1,-11.233,-69.708,2.003
2012-05-05-16_44_52.597,411,2,16,1,-20.163,-69.719,1.403
2012-05-05-16_44_52.597,411,2,16,1,-20.239,-69.701,1.303
2012-05-05-16_44_52.598,411,2,16,1,-20.246,-69.699,1.403
2012-05-05-16_44_52.598,411,3,16,1,-29.185,-69.801,1.503
2012-05-05-16_44_52.598,411,3,16,1,-29.158,-69.700,1.403
2012-05-05-16_44_52.599,411,3,16,1,-29.261,-69.783,1.503
2012-05-05-16_44_52.599,411,4,16,1,-38.182,-69.803,1.103
2012-05-05-16_44_52.600,411,4,16,1,-38.154,-69.702,1.103
2012-05-05-16_44_52.600,411,4,16,1,-38.257,-69.785,1.103
2012-05-05-16_44_52.601,411,5,16,1,-47.198,-69.788,1.403
2012-05-05-16_44_52.601,411,5,16,1,-47.286,-69.769,1.503
2012-05-05-16_44_52.602,411,5,16,1,-47.257,-69.792,1.503
2012-05-05-16_44_52.602,411,6,16,1,-56.227,-69.864,1.603
2012-05-05-16_44_52.603,411,6,16,1,-56.200,-69.763,1.703
2012-05-05-16_44_52.604,411,6,16,1,-56.303,-69.846,1.603
2012-05-05-16_44_52.604,411,7,16,1,-65.198,-69.782,2.203
2012-05-05-16_44_52.605,411,7,16,1,-65.205,-69.780,2.203
2012-05-05-16_44_52.605,411,7,16,1,-65.182,-69.680,2.203
2012-05-05-16_44_52.606,411,0,17,0,2.256,-74.280,2.215
2012-05-05-16_44_52.606,411,0,17,0,2.291,-74.189,2.215
2012-05-05-16_44_52.606,411,0,17,0,2.190,-74.259,2.215
2012-05-05-16_44_52.607,411,1,17,0,-6.747,-74.293,2.115
2012-05-05-16_44_52.608,411,1,17,0,-6.830,-74.273,2.015
2012-05-05-16_44_52.608,411,1,17,0,-6.771,-74.206,2.115
2012-05-05-16_44_52.609,411,2,17,0,-15.709,-74.210,1.315
2012-05-05-16_44_52.609,411,2,17,0,-15.775,-74.189,1.315
2012-05-05-16_44_52.610,411,2,17,0,-15.718,-74.138,1.315
2012-05-05-16_44_52.610,411,3,17,0,-24.731,-74.292,1.715
2012-05-05-16_44_52.610,411,3,17,0,-24.696,-74.201,1.815
2012-05-05-16_44_52.611,411,3,17,0,-24.797,-74.271,1.715
2012-05-05-16_44_52.611,411,4,17,0,-33.728,-74.294,1.115
2012-05-05-16_44_52.612,411,4,17,0,-33.693,-74.203,1.215
2012-05-05-16_44_52.612,411,4,17,0,-33.793,-74.273,1.115
2012-05-05-16_44_52.613,411,5,17,0,-42.736,-74.289,1.615
2012-05-05-16_44_52.613,411,5,17,0,-42.683,-74.341,1.415
2012-05-05-16_44_52.614,411,5,17,0,-42.781,-74.308,1.615
2012-05-05-16_44_52.614,411,6,17,0,-51.773,-74.354,1.515
2012-05-05-16_44_52.615,411,6,17,0,-51.738,-74.264,1.515
2012-05-05-16_44_52.615,411,6,17,0,-51.685,-74.316,1.515
2012-05-05-16_44_52.615,411,7,17,0,-60.668,-74.290,2.215
2012-05-05-16_44_52.616,411,7,17,0,-60.733,-74.269,2.215
2012-05-05-16_44_52.616,411,7,17,0,-60.677,-74.219,2.215
2012-05-05-16_44_52.617,411,0,17,1,-2.199,-74.286,2.124
2012-05-05-16_44_52.617,411,0,17,1,-2.171,-74.189,2.124
2012-05-05-16_44_52.618,411,0,17,1,-2.272,-74.268,2.224
2012-05-05-16_44_52.618,411,1,17,1,-11.214,-74.292,2.024
2012-05-05-16_44_52.620,411,1,17,1,-11.346,-74.221,2.024
2012-05-05-16_44_52.620,411,1,17,1,-11.236,-74.206,2.024
2012-05-05-16_44_52.621,411,2,17,1,-20.164,-74.216,1.424
2012-05-05-16_44_52.621,411,2,17,1,-20.237,-74.198,1.324
2012-05-05-16_44_52.622,411,2,17,1,-20.244,-74.196,1.424
2012-05-05-16_44_52.622,411,3,17,1,-29.186,-74.299,1.424
2012-05-05-16_44_52.623,411,3,17,1,-29.158,-74.201,1.424
2012-05-05-16_44_52.623,411,3,17,1,-29.259,-74.281,1.424
2012-05-05-16_44_52.624,411,4,17,1,-38.182,-74.300,1.124
2012-05-05-16_44_52.624,411,4,17,1,-38.155,-74.203,1.124
2012-05-05-16_44_52.625,411,4,17,1,-38.255,-74.282,1.124
2012-05-05-16_44_52.625,411,5,17,1,-47.198,-74.289,1.724
2012-05-05-16_44_52.626,411,5,17,1,-47.284,-74.267,1.724
2012-05-05-16_44_52.626,411,5,17,1,-47.255,-74.292,1.724
2012-05-05-16_44_52.627,411,6,17,1,-56.228,-74.361,1.724
2012-05-05-16_44_52.627,411,6,17,1,-56.200,-74.263,1.624
2012-05-05-16_44_52.628,411,6,17,1,-56.301,-74.343,1.724
2012-05-05-16_44_52.628,411,7,17,1,-65.195,-74.279,2.324
2012-05-05-16_44_52.629,411,7,17,1,-65.203,-74.277,2.224
2012-05-05-16_44_52.629,411,7,17,1,-65.180,-74.178,2.324
2012-05-05-16_44_52.630,411,0,18,0,2.265,-78.778,2.132
2012-05-05-16_44_52.630,411,0,18,0,2.298,-78.689,2.033
2012-05-05-16_44_52.631,411,0,18,0,2.190,-78.755,2.133
2012-05-05-16_44_52.631,411,1,18,0,-6.748,-78.788,1.933
2012-05-05-16_44_52.632,411,1,18,0,-6.826,-78.769,1.933
2012-05-05-16_44_52.632,411,1,18,0,-6.767,-78.704,1.933
2012-05-05-16_44_52.633,411,2,18,0,-15.700,-78.708,1.332
2012-05-05-16_44_52.633,411,2,18,0,-15.775,-78.685,1.433
2012-05-05-16_44_52.634,411,2,18,0,-15.719,-78.639,1.333
2012-05-05-16_44_52.634,411,3,18,0,-24.722,-78.790,1.732
2012-05-05-16_44_52.635,411,3,18,0,-24.689,-78.702,1.733
2012-05-05-16_44_52.635,411,3,18,0,-24.797,-78.768,1.733
2012-05-05-16_44_52.636,411,4,18,0,-33.718,-78.792,1.232
2012-05-05-16_44_52.637,411,4,18,0,-33.686,-78.703,1.133
2012-05-05-16_44_52.638,411,4,18,0,-33.794,-78.769,1.133
2012-05-05-16_44_52.638,411,5,18,0,-42.730,-78.789,1.833
2012-05-05-16_44_52.639,411,5,18,0,-42.679,-78.837,1.733
2012-05-05-16_44_52.639,411,5,18,0,-42.781,-78.809,1.933
2012-05-05-16_44_52.640,411,6,18,0,-51.764,-78.853,1.732
2012-05-05-16_44_52.640,411,6,18,0,-51.731,-78.764,1.733
2012-05-05-16_44_52.641,411,6,18,0,-51.839,-78.830,1.633
2012-05-05-16_44_52.641,411,7,18,0,-60.658,-78.789,2.432
2012-05-05-16_44_52.642,411,7,18,0,-60.734,-78.766,2.433
2012-05-05-16_44_52.642,411,7,18,0,-60.677,-78.720,2.433
2012-05-05-16_44_52.642,411,0,18,1,-2.197,-78.787,2.042
2012-05-05-16_44_52.643,411,0,18,1,-2.169,-78.689,2.042
2012-05-05-16_44_52.643,411,0,18,1,-2.272,-78.766,2.041
2012-05-05-16_44_52.644,411,1,18,1,-11.212,-78.788,1.942
2012-05-05-16_44_52.644,411,1,18,1,-11.344,-78.721,1.842
2012-05-05-16_44_52.645,411,1,18,1,-11.236,-78.703,1.941
2012-05-05-16_44_52.645,411,2,18,1,-20.162,-78.717,1.442
2012-05-05-16_44_52.646,411,2,18,1,-20.237,-78.696,1.441
2012-05-05-16_44_52.646,411,2,18,1,-20.244,-78.694,1.441
2012-05-05-16_44_52.647,411,3,18,1,-29.184,-78.800,1.542
2012-05-05-16_44_52.647,411,3,18,1,-29.156,-78.701,1.642
2012-05-05-16_44_52.648,411,3,18,1,-29.259,-78.778,1.741
2012-05-05-16_44_52.648,411,4,18,1,-38.180,-78.801,1.242
2012-05-05-16_44_52.649,411,4,18,1,-38.153,-78.703,1.242
2012-05-05-16_44_52.649,411,4,18,1,-38.256,-78.780,1.241
2012-05-05-16_44_52.649,411,5,18,1,-47.196,-78.789,1.742
2012-05-05-16_44_52.650,411,5,18,1,-47.284,-78.764,1.741
2012-05-05-16_44_52.650,411,5,18,1,-47.255,-78.794,1.741
2012-05-05-16_44_52.651,411,6,18,1,-56.226,-78.862,1.742
2012-05-05-16_44_52.652,411,6,18,1,-56.198,-78.764,1.742
2012-05-05-16_44_52.653,411,6,18,1,-56.301,-78.840,1.741
2012-05-05-16_44_52.653,411,7,18,1,-65.196,-78.777,2.441
2012-05-05-16_44_52.654,411,7,18,1,-65.203,-78.775,2.441
2012-05-05-16_44_52.654,411,7,18,1,-65.181,-78.675,2.441
2012-05-05-16_44_52.655,411,0,19,0,2.267,-83.281,2.053
2012-05-05-16_44_52.655,411,0,19,0,2.297,-83.195,2.053
2012-05-05-16_44_52.656,411,0,19,0,2.189,-83.254,2.053
2012-05-05-16_44_52.656,411,1,19,0,-6.748,-83.289,2.053
2012-05-05-16_44_52.657,411,1,19,0,-6.826,-83.268,1.953
2012-05-05-16_44_52.657,411,1,19,0,-6.767,-83.210,1.953
2012-05-05-16_44_52.658,411,2,19,0,-15.698,-83.211,1.453
2012-05-05-16_44_52.658,411,2,19,0,-15.775,-83.184,1.453
2012-05-05-16_44_52.658,411,2,19,0,-15.719,-83.141,1.453
2012-05-05-16_44_52.659,411,3,19,0,-24.720,-83.294,1.853
2012-05-05-16_44_52.659,411,3,19,0,-24.690,-83.208,1.753
2012-05-05-16_44_52.660,411,3,19,0,-24.798,-83.266,1.753
2012-05-05-16_44_52.660,411,4,19,0,-33.716,-83.295,1.153
2012-05-05-16_44_52.661,411,4,19,0,-33.686,-83.209,1.153
2012-05-05-16_44_52.661,411,4,19,0,-33.794,-83.268,1.153
2012-05-05-16_44_52.662,411,5,19,0,-42.730,-83.295,1.753
2012-05-05-16_44_52.662,411,5,19,0,-42.679,-83.336,1.653
2012-05-05-16_44_52.663,411,5,19,0,-42.781,-83.311,1.853
2012-05-05-16_44_52.663,411,6,19,0,-51.762,-83.356,1.653
2012-05-05-16_44_52.664,411,6,19,0,-51.732,-83.270,1.653
2012-05-05-16_44_52.664,411,6,19,0,-51.840,-83.329,1.653
2012-05-05-16_44_52.665,411,7,19,0,-60.656,-83.292,2.453
2012-05-05-16_44_52.665,411,7,19,0,-60.734,-83.265,2.453
2012-05-05-16_44_52.666,411,7,19,0,-60.678,-83.222,2.453
2012-05-05-16_44_52.666,411,0,19,1,-2.195,-83.293,2.066
2012-05-05-16_44_52.666,411,0,19,1,-2.167,-83.195,2.066
2012-05-05-16_44_52.667,411,0,19,1,-2.270,-83.266,2.066
2012-05-05-16_44_52.668,411,1,19,1,-11.213,-83.290,1.966
2012-05-05-16_44_52.668,411,1,19,1,-11.342,-83.227,1.866
2012-05-05-16_44_52.669,411,1,19,1,-11.237,-83.209,1.965
2012-05-05-16_44_52.669,411,2,19,1,-20.160,-83.223,1.566
2012-05-05-16_44_52.670,411,2,19,1,-20.235,-83.196,1.466
2012-05-05-16_44_52.670,411,2,19,1,-20.245,-83.195,1.466
2012-05-05-16_44_52.671,411,3,19,1,-29.182,-83.305,1.466
2012-05-05-16_44_52.671,411,3,19,1,-29.154,-83.207,1.766
2012-05-05-16_44_52.672,411,3,19,1,-29.257,-83.279,1.766
2012-05-05-16_44_52.672,411,4,19,1,-38.178,-83.307,1.266
2012-05-05-16_44_52.672,411,4,19,1,-38.151,-83.209,1.266
2012-05-05-16_44_52.673,411,4,19,1,-38.254,-83.280,1.266
2012-05-05-16_44_52.673,411,5,19,1,-47.194,-83.295,1.766
2012-05-05-16_44_52.674,411,5,19,1,-47.285,-83.269,1.765
2012-05-05-16_44_52.674,411,5,19,1,-47.253,-83.299,1.665
2012-05-05-16_44_52.675,411,6,19,1,-56.196,-83.269,1.766
2012-05-05-16_44_52.675,411,6,19,1,-56.299,-83.341,1.766
2012-05-05-16_44_52.676,411,6,19,1,-56.309,-83.340,1.666
2012-05-05-16_44_52.676,411,7,19,1,-65.194,-83.277,2.466
2012-05-05-16_44_52.677,411,7,19,1,-65.204,-83.276,2.466
2012-05-05-16_44_52.677,411,7,19,1,-65.181,-83.180,2.465
2012-05-05-16_44_52.678,411,0,20,0,2.269,-87.784,2.078
2012-05-05-16_44_52.678,411,0,20,0,2.299,-87.696,2.078
2012-05-05-16_44_52.678,411,0,20,0,2.189,-87.755,2.078
2012-05-05-16_44_52.679,411,1,20,0,-6.749,-87.793,1.878
2012-05-05-16_44_52.679,411,1,20,0,-6.824,-87.767,1.978
2012-05-05-16_44_52.680,411,1,20,0,-6.768,-87.715,1.878
2012-05-05-16_44_52.680,411,2,20,0,-15.696,-87.714,1.478
2012-05-05-16_44_52.681,411,2,20,0,-15.776,-87.685,1.478
2012-05-05-16_44_52.681,411,2,20,0,-15.717,-87.640,1.478
2012-05-05-16_44_52.682,411,3,20,0,-24.718,-87.796,1.778
2012-05-05-16_44_52.682,411,3,20,0,-24.688,-87.708,1.878
2012-05-05-16_44_52.684,411,3,20,0,-24.798,-87.767,1.778
2012-05-05-16_44_52.684,411,4,20,0,-33.714,-87.798,1.178
2012-05-05-16_44_52.685,411,4,20,0,-33.684,-87.710,1.178
2012-05-05-16_44_52.685,411,4,20,0,-33.795,-87.769,1.178
2012-05-05-16_44_52.686,411,5,20,0,-42.728,-87.796,1.878
2012-05-05-16_44_52.686,411,5,20,0,-42.677,-87.835,1.678
2012-05-05-16_44_52.687,411,5,20,0,-42.779,-87.810,1.878
2012-05-05-16_44_52.688,411,6,20,0,-51.760,-87.859,1.578
2012-05-05-16_44_52.689,411,6,20,0,-51.730,-87.770,1.678
2012-05-05-16_44_52.690,411,6,20,0,-51.679,-87.810,1.678
2012-05-05-16_44_52.690,411,7,20,0,-60.654,-87.795,2.478
2012-05-05-16_44_52.690,411,7,20,0,-60.735,-87.766,2.478
2012-05-05-16_44_52.691,411,7,20,0,-60.676,-87.721,2.478
2012-05-05-16_44_52.691,411,0,20,1,-2.195,-87.792,1.987
2012-05-05-16_44_52.692,411,0,20,1,-2.278,-87.772,1.987
2012-05-05-16_44_52.692,411,0,20,1,-2.219,-87.710,2.087
2012-05-05-16_44_52.693,411,2,20,1,-20.160,-87.722,1.587
2012-05-05-16_44_52.693,411,2,20,1,-20.243,-87.702,1.487
2012-05-05-16_44_52.694,411,3,20,1,-29.182,-87.804,1.487
2012-05-05-16_44_52.694,411,3,20,1,-29.265,-87.784,1.587
2012-05-05-16_44_52.695,411,3,20,1,-29.206,-87.722,1.787
2012-05-05-16_44_52.695,411,4,20,1,-38.179,-87.806,1.287
2012-05-05-16_44_52.696,411,4,20,1,-38.262,-87.786,1.187
2012-05-05-16_44_52.696,411,4,20,1,-38.203,-87.724,1.287
2012-05-05-16_44_52.697,411,5,20,1,-47.246,-87.810,1.787
2012-05-05-16_44_52.697,411,6,20,1,-56.224,-87.866,1.687
2012-05-05-16_44_52.698,411,6,20,1,-56.307,-87.847,1.687
2012-05-05-16_44_52.698,411,6,20,1,-56.148,-87.811,1.687
2012-05-05-16_44_52.699,411,7,20,1,-65.202,-87.783,2.487
2012-05-05-16_44_52.699,411,7,20,1,-65.143,-87.721,2.487
2012-05-05-16_44_52.699,411,0,21,0,2.271,-92.283,2.096
2012-05-05-16_44_52.700,411,0,21,0,2.296,-92.190,1.996
2012-05-05-16_44_52.700,411,0,21,0,2.189,-92.258,2.096
2012-05-05-16_44_52.701,411,1,21,0,-6.749,-92.296,1.996
2012-05-05-16_44_52.701,411,1,21,0,-6.825,-92.269,1.996
2012-05-05-16_44_52.702,411,1,21,0,-6.770,-92.209,1.996
2012-05-05-16_44_52.702,411,2,21,0,-15.694,-92.213,1.396
2012-05-05-16_44_52.703,411,2,21,0,-15.776,-92.188,1.396
2012-05-05-16_44_52.703,411,2,21,0,-15.752,-92.197,1.296
2012-05-05-16_44_52.704,411,3,21,0,-24.716,-92.295,1.796
2012-05-05-16_44_52.704,411,3,21,0,-24.691,-92.202,1.896
2012-05-05-16_44_52.704,411,3,21,0,-24.798,-92.270,1.796
2012-05-05-16_44_52.705,411,4,21,0,-33.712,-92.297,1.196
2012-05-05-16_44_52.705,411,4,21,0,-33.687,-92.204,1.196
2012-05-05-16_44_52.706,411,4,21,0,-33.795,-92.272,1.196
2012-05-05-16_44_52.706,411,5,21,0,-42.731,-92.290,1.896
2012-05-05-16_44_52.707,411,5,21,0,-42.677,-92.337,1.796
2012-05-05-16_44_52.707,411,5,21,0,-42.780,-92.304,1.896
2012-05-05-16_44_52.708,411,6,21,0,-51.758,-92.357,1.596
2012-05-05-16_44_52.708,411,6,21,0,-51.733,-92.264,1.596
2012-05-05-16_44_52.709,411,6,21,0,-51.679,-92.312,1.596
2012-05-05-16_44_52.709,411,7,21,0,-60.652,-92.293,2.396
2012-05-05-16_44_52.709,411,7,21,0,-60.735,-92.269,2.396
2012-05-05-16_44_52.710,411,7,21,0,-60.676,-92.215,2.396
2012-05-05-16_44_52.710,411,0,21,1,-2.196,-92.290,2.005
2012-05-05-16_44_52.711,411,0,21,1,-2.168,-92.190,3.505
2012-05-05-16_44_52.711,411,0,21,1,-2.271,-92.270,2.105
2012-05-05-16_44_52.712,411,1,21,1,-11.214,-92.296,2.005
2012-05-05-16_44_52.712,411,1,21,1,-11.342,-92.222,5.905
2012-05-05-16_44_52.713,411,1,21,1,-11.235,-92.209,2.005
2012-05-05-16_44_52.713,411,2,21,1,-20.161,-92.220,1.505
2012-05-05-16_44_52.714,411,2,21,1,-20.236,-92.200,1.505
2012-05-05-16_44_52.715,411,2,21,1,-20.241,-92.199,1.505
2012-05-05-16_44_52.716,411,3,21,1,-29.183,-92.302,1.605
2012-05-05-16_44_52.717,411,3,21,1,-29.155,-92.202,3.005
2012-05-05-16_44_52.717,411,3,21,1,-29.258,-92.283,1.605
2012-05-05-16_44_52.718,411,4,21,1,-38.179,-92.304,1.205
2012-05-05-16_44_52.718,411,4,21,1,-38.152,-92.204,2.605
2012-05-05-16_44_52.719,411,4,21,1,-38.255,-92.284,1.205
2012-05-05-16_44_52.719,411,5,21,1,-47.195,-92.290,7.405
2012-05-05-16_44_52.720,411,5,21,1,-47.283,-92.270,1.805
2012-05-05-16_44_52.720,411,5,21,1,-47.254,-92.292,1.805
2012-05-05-16_44_52.720,411,6,21,1,-56.225,-92.365,1.605
2012-05-05-16_44_52.721,411,6,21,1,-56.197,-92.264,3.005
2012-05-05-16_44_52.721,411,6,21,1,-56.300,-92.345,1.605
2012-05-05-16_44_52.722,411,7,21,1,-65.195,-92.281,2.305
2012-05-05-16_44_52.722,411,7,21,1,-65.200,-92.280,2.305
2012-05-05-16_44_52.723,411,7,21,1,-65.179,-92.181,2.505
2012-05-05-16_44_52.723,411,0,22,0,2.259,-96.779,2.016
2012-05-05-16_44_52.724,411,0,22,0,2.296,-96.691,2.016
2012-05-05-16_44_52.724,411,0,22,0,2.188,-96.758,2.016
2012-05-05-16_44_52.725,411,1,22,0,-6.752,-96.794,1.916
2012-05-05-16_44_52.725,411,1,22,0,-6.828,-96.774,8.716
2012-05-05-16_44_52.726,411,1,22,0,-6.771,-96.707,1.916
2012-05-05-16_44_52.726,411,2,22,0,-15.706,-96.709,1.316
2012-05-05-16_44_52.727,411,2,22,0,-15.777,-96.688,1.316
2012-05-05-16_44_52.727,411,2,22,0,-15.715,-96.639,1.316
2012-05-05-16_44_52.728,411,3,22,0,-24.728,-96.791,1.816
2012-05-05-16_44_52.728,411,3,22,0,-24.691,-96.703,1.816
2012-05-05-16_44_52.729,411,3,22,0,-24.799,-96.770,1.816
2012-05-05-16_44_52.729,411,4,22,0,-33.725,-96.793,1.216
2012-05-05-16_44_52.730,411,4,22,0,-33.687,-96.705,1.116
2012-05-05-16_44_52.730,411,4,22,0,-33.795,-96.772,1.116
2012-05-05-16_44_52.731,411,5,22,0,-42.731,-96.790,1.916
2012-05-05-16_44_52.731,411,5,22,0,-42.680,-96.842,7.316
2012-05-05-16_44_52.732,411,5,22,0,-42.778,-96.809,1.916
2012-05-05-16_44_52.732,411,6,22,0,-51.770,-96.853,1.616
2012-05-05-16_44_52.733,411,6,22,0,-51.733,-96.765,1.616
2012-05-05-16_44_52.733,411,6,22,0,-51.682,-96.817,2.916
2012-05-05-16_44_52.734,411,7,22,0,-60.665,-96.790,2.416
2012-05-05-16_44_52.734,411,7,22,0,-60.735,-96.769,2.416
2012-05-05-16_44_52.735,411,7,22,0,-60.674,-96.720,2.416
2012-05-05-16_44_52.735,411,0,22,1,-2.194,-96.786,2.025
2012-05-05-16_44_52.736,411,0,22,1,-2.168,-96.690,2.025
2012-05-05-16_44_52.736,411,0,22,1,-2.264,-96.768,7.625
2012-05-05-16_44_52.737,411,1,22,1,-11.216,-96.793,2.025
2012-05-05-16_44_52.737,411,1,22,1,-11.343,-96.722,2.025
2012-05-05-16_44_52.737,411,1,22,1,-11.235,-96.707,2.025
2012-05-05-16_44_52.739,411,2,22,1,-20.158,-96.716,1.525
2012-05-05-16_44_52.739,411,2,22,1,-20.229,-96.698,8.425
2012-05-05-16_44_52.740,411,2,22,1,-20.239,-96.697,1.525
2012-05-05-16_44_52.740,411,3,22,1,-29.181,-96.798,1.525
2012-05-05-16_44_52.741,411,3,22,1,-29.155,-96.702,1.525
2012-05-05-16_44_52.741,411,3,22,1,-29.251,-96.781,5.725
2012-05-05-16_44_52.742,411,4,22,1,-38.177,-96.800,1.225
2012-05-05-16_44_52.742,411,4,22,1,-38.152,-96.704,1.225
2012-05-05-16_44_52.743,411,4,22,1,-38.248,-96.782,3.825
2012-05-05-16_44_52.743,411,5,22,1,-47.196,-96.790,1.725
2012-05-05-16_44_52.744,411,5,22,1,-47.283,-96.768,1.725
2012-05-05-16_44_52.744,411,5,22,1,-47.254,-96.791,1.725
2012-05-05-16_44_52.745,411,6,22,1,-56.223,-96.860,1.625
2012-05-05-16_44_52.745,411,6,22,1,-56.197,-96.765,1.625
2012-05-05-16_44_52.746,411,6,22,1,-56.293,-96.843,7.225
2012-05-05-16_44_52.746,411,7,22,1,-65.188,-96.779,10.525
2012-05-05-16_44_52.747,411,7,22,1,-65.198,-96.778,2.225
2012-05-05-16_44_52.748,411,7,22,1,-65.180,-96.678,2.425
2012-05-05-16_44_52.749,411,0,23,0,2.273,-101.278,2.040
2012-05-05-16_44_52.749,411,0,23,0,2.298,-101.190,2.040
2012-05-05-16_44_52.750,411,0,23,0,2.188,-101.254,2.040
2012-05-05-16_44_52.750,411,1,23,0,-6.755,-101.289,1.940
2012-05-05-16_44_52.751,411,1,23,0,-6.828,-101.269,1.940
2012-05-05-16_44_52.751,411,1,23,0,-6.774,-101.204,1.940
2012-05-05-16_44_52.752,411,2,23,0,-15.692,-101.208,1.240
2012-05-05-16_44_52.752,411,2,23,0,-15.777,-101.184,1.340
2012-05-05-16_44_52.753,411,2,23,0,-15.713,-101.140,1.240
2012-05-05-16_44_52.753,411,3,23,0,-24.714,-101.290,1.740
2012-05-05-16_44_52.754,411,3,23,0,-24.689,-101.202,1.740
2012-05-05-16_44_52.754,411,3,23,0,-24.799,-101.267,1.840
2012-05-05-16_44_52.754,411,4,23,0,-33.711,-101.292,1.140
2012-05-05-16_44_52.755,411,4,23,0,-33.685,-101.204,1.140
2012-05-05-16_44_52.755,411,4,23,0,-33.796,-101.268,1.140
2012-05-05-16_44_52.756,411,5,23,0,-42.729,-101.290,1.840
2012-05-05-16_44_52.756,411,5,23,0,-42.681,-101.338,1.640
2012-05-05-16_44_52.757,411,5,23,0,-42.776,-101.309,1.840
2012-05-05-16_44_52.757,411,6,23,0,-51.756,-101.352,1.540
2012-05-05-16_44_52.758,411,6,23,0,-51.731,-101.265,1.640
2012-05-05-16_44_52.758,411,6,23,0,-51.682,-101.312,1.640
2012-05-05-16_44_52.759,411,7,23,0,-60.651,-101.288,2.340
2012-05-05-16_44_52.759,411,7,23,0,-60.736,-101.265,2.340
2012-05-05-16_44_52.759,411,7,23,0,-60.672,-101.220,2.340
2012-05-05-16_44_52.760,411,0,23,1,-2.182,-101.276,2.040
2012-05-05-16_44_52.760,411,0,23,1,-2.166,-101.190,2.040
2012-05-05-16_44_52.761,411,0,23,1,-2.262,-101.265,2.040
2012-05-05-16_44_52.761,411,1,23,1,-11.212,-101.289,2.040
2012-05-05-16_44_52.762,411,1,23,1,-11.341,-101.222,1.940
2012-05-05-16_44_52.762,411,1,23,1,-11.236,-101.204,1.940
2012-05-05-16_44_52.763,411,2,23,1,-20.147,-101.206,1.340
2012-05-05-16_44_52.763,411,2,23,1,-20.227,-101.195,1.440
2012-05-05-16_44_52.764,411,2,23,1,-20.237,-101.194,1.440
2012-05-05-16_44_52.764,411,3,23,1,-29.169,-101.288,1.540
2012-05-05-16_44_52.765,411,3,23,1,-29.153,-101.202,1.640
2012-05-05-16_44_52.765,411,3,23,1,-29.249,-101.277,1.540
2012-05-05-16_44_52.766,411,4,23,1,-38.165,-101.290,1.240
2012-05-05-16_44_52.766,411,4,23,1,-38.150,-101.204,1.240
2012-05-05-16_44_52.766,411,4,23,1,-38.246,-101.279,1.140
2012-05-05-16_44_52.767,411,5,23,1,-47.194,-101.290,1.640
2012-05-05-16_44_52.767,411,5,23,1,-47.279,-101.266,1.640
2012-05-05-16_44_52.768,411,5,23,1,-47.250,-101.292,1.740
2012-05-05-16_44_52.768,411,6,23,1,-56.211,-101.351,1.640
2012-05-05-16_44_52.769,411,6,23,1,-56.195,-101.265,1.640
2012-05-05-16_44_52.769,411,6,23,1,-56.291,-101.340,1.640
2012-05-05-16_44_52.770,411,7,23,1,-65.186,-101.276,2.240
2012-05-05-16_44_52.770,411,7,23,1,-65.196,-101.275,2.240
2012-05-05-16_44_52.771,411,7,23,1,-65.175,-101.177,2.240
