2012-05-04-20_30_49.844,94,0,0,0,2.256,2.217,1.664
2012-05-04-20_30_49.846,94,0,0,0,2.293,2.304,1.764
2012-05-04-20_30_49.878,94,0,0,0,2.195,2.245,1.664
2012-05-04-20_30_49.879,94,1,0,0,-6.752,2.208,2.264
2012-05-04-20_30_49.880,94,1,0,0,-6.830,2.234,2.264
2012-05-04-20_30_49.880,94,1,0,0,-6.771,2.286,2.264
2012-05-04-20_30_49.881,94,2,0,0,-15.709,2.287,1.764
2012-05-04-20_30_49.881,94,2,0,0,-15.770,2.315,1.764
2012-05-04-20_30_49.883,94,2,0,0,-15.713,2.361,1.764
2012-05-04-20_30_49.883,94,3,0,0,-24.731,2.205,2.964
2012-05-04-20_30_49.884,94,3,0,0,-24.694,2.292,2.964
2012-05-04-20_30_49.885,94,3,0,0,-24.792,2.233,2.964
2012-05-04-20_30_49.885,94,4,0,0,-33.728,2.203,1.864
2012-05-04-20_30_49.886,94,4,0,0,-33.690,2.290,1.864
2012-05-04-20_30_49.887,94,4,0,0,-33.788,2.231,1.864
2012-05-04-20_30_49.887,94,5,0,0,-42.734,2.205,2.164
2012-05-04-20_30_49.888,94,5,0,0,-42.683,2.166,2.064
2012-05-04-20_30_49.888,94,5,0,0,-42.776,2.191,2.164
2012-05-04-20_30_49.889,94,6,0,0,-51.773,2.142,1.464
2012-05-04-20_30_49.890,94,6,0,0,-51.736,2.230,1.464
2012-05-04-20_30_49.890,94,6,0,0,-51.834,2.171,1.464
2012-05-04-20_30_49.891,94,7,0,0,-60.668,2.206,2.364
2012-05-04-20_30_49.891,94,7,0,0,-60.729,2.234,2.464
2012-05-04-20_30_49.892,94,7,0,0,-60.672,2.280,2.464
2012-05-04-20_30_49.892,94,0,0,1,-2.192,2.209,2.365
2012-05-04-20_30_49.893,94,0,0,1,-2.164,2.304,2.365
2012-05-04-20_30_49.893,94,0,0,1,-2.260,2.231,2.365
2012-05-04-20_30_49.894,94,1,0,1,-11.205,2.208,2.565
2012-05-04-20_30_49.894,94,1,0,1,-11.339,2.273,2.565
2012-05-04-20_30_49.895,94,1,0,1,-11.229,2.286,2.565
2012-05-04-20_30_49.895,94,2,0,1,-20.157,2.279,1.965
2012-05-04-20_30_49.896,94,2,0,1,-20.225,2.301,1.865
2012-05-04-20_30_49.896,94,2,0,1,-20.230,2.302,1.965
2012-05-04-20_30_49.897,94,3,0,1,-29.179,2.197,2.565
2012-05-04-20_30_49.898,94,3,0,1,-29.151,2.292,2.765
2012-05-04-20_30_49.898,94,3,0,1,-29.247,2.219,2.665
2012-05-04-20_30_49.899,94,4,0,1,-38.175,2.195,2.365
2012-05-04-20_30_49.899,94,4,0,1,-38.148,2.290,2.365
2012-05-04-20_30_49.900,94,4,0,1,-38.243,2.217,2.365
2012-05-04-20_30_49.901,94,5,0,1,-47.191,2.205,1.265
2012-05-04-20_30_49.902,94,5,0,1,-47.274,2.227,1.365
2012-05-04-20_30_49.903,94,5,0,1,-47.247,2.202,1.365
2012-05-04-20_30_49.904,94,6,0,1,-56.221,2.134,2.365
2012-05-04-20_30_49.905,94,6,0,1,-56.193,2.230,2.365
2012-05-04-20_30_49.905,94,6,0,1,-56.289,2.157,2.265
2012-05-04-20_30_49.906,94,7,0,1,-65.183,2.220,1.165
2012-05-04-20_30_49.907,94,7,0,1,-65.188,2.221,1.265
2012-05-04-20_30_49.908,94,7,0,1,-65.171,2.316,1.365
2012-05-04-20_30_49.909,94,0,1,0,2.270,-2.283,1.578
2012-05-04-20_30_49.909,94,0,1,0,2.295,-2.189,1.578
2012-05-04-20_30_49.912,94,0,1,0,2.197,-2.259,1.578
2012-05-04-20_30_49.913,94,1,1,0,-6.748,-2.294,1.578
2012-05-04-20_30_49.914,94,1,1,0,-6.828,-2.268,1.578
2012-05-04-20_30_49.914,94,1,1,0,-6.769,-2.208,1.578
2012-05-04-20_30_49.916,94,2,1,0,-15.695,-2.213,1.478
2012-05-04-20_30_49.916,94,2,1,0,-15.768,-2.189,1.378
2012-05-04-20_30_49.917,94,2,1,0,-15.746,-2.198,1.378
2012-05-04-20_30_49.918,94,3,1,0,-24.717,-2.295,1.378
2012-05-04-20_30_49.919,94,3,1,0,-24.692,-2.201,1.378
2012-05-04-20_30_49.919,94,3,1,0,-24.790,-2.271,1.378
2012-05-04-20_30_49.920,94,4,1,0,-33.713,-2.297,0.778
2012-05-04-20_30_49.921,94,4,1,0,-33.688,-2.203,0.778
2012-05-04-20_30_49.921,94,4,1,0,-33.787,-2.273,0.678
2012-05-04-20_30_49.923,94,5,1,0,-42.732,-2.289,1.578
2012-05-04-20_30_49.923,94,5,1,0,-42.681,-2.336,1.578
2012-05-04-20_30_49.924,94,5,1,0,-42.776,-2.303,1.478
2012-05-04-20_30_49.925,94,6,1,0,-51.759,-2.357,0.978
2012-05-04-20_30_49.926,94,6,1,0,-51.734,-2.264,0.878
2012-05-04-20_30_49.926,94,6,1,0,-51.832,-2.333,0.878
2012-05-04-20_30_49.927,94,7,1,0,-60.654,-2.293,1.478
2012-05-04-20_30_49.928,94,7,1,0,-60.727,-2.270,1.478
2012-05-04-20_30_49.929,94,7,1,0,-60.672,-2.214,1.478
2012-05-04-20_30_49.930,94,0,1,1,-2.192,-2.290,1.888
2012-05-04-20_30_49.931,94,0,1,1,-2.167,-2.189,1.888
2012-05-04-20_30_49.931,94,0,1,1,-2.263,-2.271,1.888
2012-05-04-20_30_49.932,94,1,1,1,-11.205,-2.295,1.188
2012-05-04-20_30_49.933,94,1,1,1,-11.341,-2.221,1.488
2012-05-04-20_30_49.934,94,1,1,1,-11.227,-2.208,1.388
2012-05-04-20_30_49.935,94,2,1,1,-20.157,-2.220,1.188
2012-05-04-20_30_49.936,94,2,1,1,-20.228,-2.201,1.188
2012-05-04-20_30_49.936,94,2,1,1,-20.235,-2.199,1.188
2012-05-04-20_30_49.937,94,3,1,1,-29.179,-2.302,0.988
2012-05-04-20_30_49.938,94,3,1,1,-29.154,-2.201,0.988
2012-05-04-20_30_49.939,94,3,1,1,-29.250,-2.283,1.088
2012-05-04-20_30_49.940,94,4,1,1,-38.176,-2.304,0.588
2012-05-04-20_30_49.941,94,4,1,1,-38.150,-2.203,0.588
2012-05-04-20_30_49.942,94,4,1,1,-38.246,-2.285,0.688
2012-05-04-20_30_49.943,94,5,1,1,-47.194,-2.289,0.888
2012-05-04-20_30_49.943,94,5,1,1,-47.277,-2.270,0.888
2012-05-04-20_30_49.944,94,5,1,1,-47.248,-2.292,0.888
2012-05-04-20_30_49.945,94,6,1,1,-56.221,-2.364,0.988
2012-05-04-20_30_49.945,94,6,1,1,-56.196,-2.264,0.888
2012-05-04-20_30_49.946,94,6,1,1,-56.292,-2.345,0.888
2012-05-04-20_30_49.947,94,7,1,1,-65.186,-2.282,1.488
2012-05-04-20_30_49.948,94,7,1,1,-65.194,-2.280,1.488
2012-05-04-20_30_49.949,94,7,1,1,-65.173,-2.180,1.488
2012-05-04-20_30_49.949,94,0,2,0,2.262,-6.779,1.902
2012-05-04-20_30_49.950,94,0,2,0,2.295,-6.689,1.902
2012-05-04-20_30_49.951,94,0,2,0,2.197,-6.759,1.902
2012-05-04-20_30_49.952,94,1,2,0,-6.748,-6.793,1.702
2012-05-04-20_30_49.953,94,1,2,0,-6.829,-6.773,1.702
2012-05-04-20_30_49.953,94,1,2,0,-6.770,-6.706,1.702
2012-05-04-20_30_49.954,94,2,2,0,-15.703,-6.709,0.902
2012-05-04-20_30_49.955,94,2,2,0,-15.768,-6.689,1.002
2012-05-04-20_30_49.956,94,2,2,0,-15.714,-6.637,1.002
2012-05-04-20_30_49.957,94,3,2,0,-24.725,-6.792,1.402
2012-05-04-20_30_49.957,94,3,2,0,-24.692,-6.701,1.402
2012-05-04-20_30_49.958,94,3,2,0,-24.790,-6.771,1.402
2012-05-04-20_30_49.959,94,4,2,0,-33.721,-6.793,0.802
2012-05-04-20_30_49.960,94,4,2,0,-33.689,-6.703,0.802
2012-05-04-20_30_49.960,94,4,2,0,-33.787,-6.773,0.802
2012-05-04-20_30_49.961,94,5,2,0,-42.733,-6.789,1.102
2012-05-04-20_30_49.962,94,5,2,0,-42.682,-6.841,1.102
2012-05-04-20_30_49.963,94,5,2,0,-42.777,-6.807,1.102
2012-05-04-20_30_49.964,94,6,2,0,-51.767,-6.854,1.002
2012-05-04-20_30_49.964,94,6,2,0,-51.734,-6.764,1.102
2012-05-04-20_30_49.965,94,6,2,0,-51.832,-6.833,1.102
2012-05-04-20_30_49.966,94,7,2,0,-60.661,-6.790,1.602
2012-05-04-20_30_49.967,94,7,2,0,-60.727,-6.769,1.602
2012-05-04-20_30_49.968,94,7,2,0,-60.673,-6.718,1.602
2012-05-04-20_30_49.968,94,0,2,1,-2.195,-6.786,1.810
2012-05-04-20_30_49.969,94,0,2,1,-2.167,-6.688,1.810
2012-05-04-20_30_49.970,94,0,2,1,-2.266,-6.770,1.810
2012-05-04-20_30_49.977,94,1,2,1,-11.206,-6.792,1.710
2012-05-04-20_30_49.978,94,1,2,1,-11.342,-6.720,1.710
2012-05-04-20_30_49.979,94,1,2,1,-11.229,-6.706,1.610
2012-05-04-20_30_49.979,94,2,2,1,-20.160,-6.716,0.910
2012-05-04-20_30_49.980,94,2,2,1,-20.230,-6.700,0.910
2012-05-04-20_30_49.981,94,2,2,1,-20.235,-6.697,0.910
2012-05-04-20_30_49.982,94,3,2,1,-29.182,-6.799,1.110
2012-05-04-20_30_49.982,94,3,2,1,-29.154,-6.700,1.110
2012-05-04-20_30_49.983,94,3,2,1,-29.252,-6.782,1.110
2012-05-04-20_30_49.983,94,4,2,1,-38.178,-6.800,0.710
2012-05-04-20_30_49.984,94,4,2,1,-38.151,-6.702,0.810
2012-05-04-20_30_49.985,94,4,2,1,-38.249,-6.784,0.710
2012-05-04-20_30_49.985,94,5,2,1,-47.195,-6.788,1.110
2012-05-04-20_30_49.986,94,5,2,1,-47.280,-6.766,1.110
2012-05-04-20_30_49.986,94,5,2,1,-47.248,-6.793,1.010
2012-05-04-20_30_49.987,94,6,2,1,-56.224,-6.861,1.110
2012-05-04-20_30_49.988,94,6,2,1,-56.196,-6.763,1.110
2012-05-04-20_30_49.988,94,6,2,1,-56.295,-6.844,1.110
2012-05-04-20_30_49.989,94,7,2,1,-65.189,-6.780,1.510
2012-05-04-20_30_49.989,94,7,2,1,-65.194,-6.778,1.510
2012-05-04-20_30_49.990,94,7,2,1,-65.176,-6.677,1.610
2012-05-04-20_30_49.990,94,0,3,0,2.269,-11.278,2.020
2012-05-04-20_30_49.990,94,0,3,0,2.294,-11.190,2.020
2012-05-04-20_30_49.991,94,0,3,0,2.196,-11.255,2.020
2012-05-04-20_30_49.991,94,1,3,0,-6.746,-11.289,1.820
2012-05-04-20_30_49.992,94,1,3,0,-6.827,-11.269,1.820
2012-05-04-20_30_49.992,94,1,3,0,-6.765,-11.205,1.820
2012-05-04-20_30_49.993,94,2,3,0,-15.696,-11.208,1.120
2012-05-04-20_30_49.994,94,2,3,0,-15.769,-11.185,1.120
2012-05-04-20_30_49.995,94,2,3,0,-15.715,-11.139,1.120
2012-05-04-20_30_49.995,94,3,3,0,-24.718,-11.290,1.520
2012-05-04-20_30_49.996,94,3,3,0,-24.693,-11.202,1.520
2012-05-04-20_30_49.996,94,3,3,0,-24.791,-11.267,1.520
2012-05-04-20_30_49.997,94,4,3,0,-33.714,-11.292,0.820
2012-05-04-20_30_49.997,94,4,3,0,-33.689,-11.204,0.820
2012-05-04-20_30_49.998,94,4,3,0,-33.787,-11.269,0.820
2012-05-04-20_30_49.998,94,5,3,0,-42.733,-11.290,1.120
2012-05-04-20_30_49.999,94,5,3,0,-42.680,-11.338,1.120
2012-05-04-20_30_49.999,94,5,3,0,-42.777,-11.309,1.120
2012-05-04-20_30_50.000,94,6,3,0,-51.760,-11.353,1.120
2012-05-04-20_30_50.000,94,6,3,0,-51.735,-11.265,1.220
2012-05-04-20_30_50.001,94,6,3,0,-51.833,-11.329,1.120
2012-05-04-20_30_50.001,94,7,3,0,-60.654,-11.289,1.720
2012-05-04-20_30_50.002,94,7,3,0,-60.727,-11.266,1.720
2012-05-04-20_30_50.002,94,7,3,0,-60.673,-11.220,1.720
2012-05-04-20_30_50.003,94,0,3,1,-2.190,-11.288,1.828
2012-05-04-20_30_50.003,94,0,3,1,-2.165,-11.189,1.827
2012-05-04-20_30_50.004,94,0,3,1,-2.266,-11.265,1.927
2012-05-04-20_30_50.004,94,1,3,1,-11.206,-11.289,1.628
2012-05-04-20_30_50.005,94,1,3,1,-11.340,-11.221,1.727
2012-05-04-20_30_50.005,94,1,3,1,-11.227,-11.204,9.927
2012-05-04-20_30_50.006,94,2,3,1,-20.155,-11.218,1.128
2012-05-04-20_30_50.006,94,2,3,1,-20.231,-11.195,1.027
2012-05-04-20_30_50.007,94,2,3,1,-20.238,-11.194,1.027
2012-05-04-20_30_50.007,94,3,3,1,-29.177,-11.300,1.128
2012-05-04-20_30_50.008,94,3,3,1,-29.152,-11.202,1.127
2012-05-04-20_30_50.008,94,3,3,1,-29.253,-11.278,1.127
2012-05-04-20_30_50.009,94,4,3,1,-38.174,-11.302,0.828
2012-05-04-20_30_50.009,94,4,3,1,-38.149,-11.203,0.827
2012-05-04-20_30_50.010,94,4,3,1,-38.249,-11.279,0.727
2012-05-04-20_30_50.010,94,5,3,1,-47.193,-11.289,1.027
2012-05-04-20_30_50.011,94,5,3,1,-47.280,-11.265,1.027
2012-05-04-20_30_50.011,94,5,3,1,-47.249,-11.292,1.027
2012-05-04-20_30_50.018,94,6,3,1,-56.219,-11.363,1.128
2012-05-04-20_30_50.019,94,6,3,1,-56.194,-11.264,1.127
2012-05-04-20_30_50.020,94,6,3,1,-56.295,-11.340,1.227
2012-05-04-20_30_50.021,94,7,3,1,-65.190,-11.276,1.627
2012-05-04-20_30_50.021,94,7,3,1,-65.197,-11.275,1.727
2012-05-04-20_30_50.022,94,7,3,1,-65.177,-11.176,1.727
2012-05-04-20_30_50.022,94,0,4,0,2.269,-15.781,2.039
2012-05-04-20_30_50.023,94,0,4,0,2.296,-15.696,2.039
2012-05-04-20_30_50.024,94,0,4,0,2.191,-15.754,2.039
2012-05-04-20_30_50.025,94,1,4,0,-6.739,-15.790,1.839
2012-05-04-20_30_50.025,94,1,4,0,-6.825,-15.768,1.839
2012-05-04-20_30_50.026,94,1,4,0,-6.763,-15.711,1.839
2012-05-04-20_30_50.027,94,2,4,0,-15.696,-15.711,1.139
2012-05-04-20_30_50.027,94,2,4,0,-15.774,-15.684,1.139
2012-05-04-20_30_50.028,94,2,4,0,-15.715,-15.641,1.139
2012-05-04-20_30_50.029,94,3,4,0,-24.718,-15.794,1.539
2012-05-04-20_30_50.029,94,3,4,0,-24.691,-15.708,1.539
2012-05-04-20_30_50.030,94,3,4,0,-24.796,-15.766,1.539
2012-05-04-20_30_50.030,94,4,4,0,-33.715,-15.795,0.839
2012-05-04-20_30_50.031,94,4,4,0,-33.687,-15.710,0.839
2012-05-04-20_30_50.048,94,4,4,0,-33.793,-15.768,0.839
2012-05-04-20_30_50.049,94,5,4,0,-42.731,-15.796,1.139
2012-05-04-20_30_50.050,94,5,4,0,-42.678,-15.836,1.139
2012-05-04-20_30_50.050,94,5,4,0,-42.777,-15.811,1.139
2012-05-04-20_30_50.051,94,6,4,0,-51.760,-15.856,1.139
2012-05-04-20_30_50.052,94,6,4,0,-51.733,-15.771,1.139
2012-05-04-20_30_50.052,94,6,4,0,-51.838,-15.828,1.139
2012-05-04-20_30_50.053,94,7,4,0,-60.655,-15.792,1.739
2012-05-04-20_30_50.054,94,7,4,0,-60.733,-15.764,1.739
2012-05-04-20_30_50.054,94,7,4,0,-60.674,-15.722,1.739
2012-05-04-20_30_50.055,94,0,4,1,-2.191,-15.793,1.950
2012-05-04-20_30_50.055,94,0,4,1,-2.161,-15.696,1.950
2012-05-04-20_30_50.056,94,0,4,1,-2.266,-15.767,1.950
2012-05-04-20_30_50.056,94,1,4,1,-11.209,-15.790,1.850
2012-05-04-20_30_50.057,94,1,4,1,-11.335,-15.728,1.850
2012-05-04-20_30_50.058,94,1,4,1,-11.230,-15.710,1.850
2012-05-04-20_30_50.058,94,2,4,1,-20.156,-15.723,1.150
2012-05-04-20_30_50.058,94,2,4,1,-20.231,-15.697,1.150
2012-05-04-20_30_50.059,94,2,4,1,-20.241,-15.696,1.150
2012-05-04-20_30_50.059,94,3,4,1,-29.178,-15.805,1.250
2012-05-04-20_30_50.060,94,3,4,1,-29.148,-15.708,1.250
2012-05-04-20_30_50.060,94,3,4,1,-29.253,-15.779,1.250
2012-05-04-20_30_50.061,94,4,4,1,-38.174,-15.807,0.850
2012-05-04-20_30_50.061,94,4,4,1,-38.144,-15.710,0.850
2012-05-04-20_30_50.062,94,4,4,1,-38.250,-15.781,0.850
2012-05-04-20_30_50.062,94,5,4,1,-47.188,-15.796,1.150
2012-05-04-20_30_50.063,94,5,4,1,-47.281,-15.770,1.150
2012-05-04-20_30_50.063,94,5,4,1,-47.249,-15.799,1.150
2012-05-04-20_30_50.064,94,6,4,1,-56.190,-15.771,1.250
2012-05-04-20_30_50.065,94,6,4,1,-56.295,-15.842,1.150
2012-05-04-20_30_50.065,94,6,4,1,-56.305,-15.841,1.250
2012-05-04-20_30_50.066,94,7,4,1,-65.190,-15.778,1.650
2012-05-04-20_30_50.066,94,7,4,1,-65.200,-15.777,1.550
2012-05-04-20_30_50.067,94,7,4,1,-65.177,-15.681,1.750
2012-05-04-20_30_50.067,94,0,5,0,2.266,-20.283,2.064
2012-05-04-20_30_50.068,94,0,5,0,2.293,-20.197,2.064
2012-05-04-20_30_50.068,94,0,5,0,2.193,-20.254,2.164
2012-05-04-20_30_50.068,94,1,5,0,-6.740,-20.294,1.864
2012-05-04-20_30_50.069,94,1,5,0,-6.823,-20.268,1.864
2012-05-04-20_30_50.069,94,1,5,0,-6.761,-20.216,1.864
2012-05-04-20_30_50.070,94,2,5,0,-15.699,-20.213,1.164
2012-05-04-20_30_50.070,94,2,5,0,-15.772,-20.184,1.164
2012-05-04-20_30_50.080,94,2,5,0,-15.718,-20.140,1.164
2012-05-04-20_30_50.080,94,3,5,0,-24.721,-20.295,1.564
2012-05-04-20_30_50.081,94,3,5,0,-24.694,-20.209,1.564
2012-05-04-20_30_50.081,94,3,5,0,-24.794,-20.266,1.564
2012-05-04-20_30_50.083,94,4,5,0,-33.718,-20.297,0.964
2012-05-04-20_30_50.084,94,4,5,0,-33.690,-20.211,0.864
2012-05-04-20_30_50.084,94,4,5,0,-33.791,-20.268,0.864
2012-05-04-20_30_50.085,94,5,5,0,-42.734,-20.297,1.164
2012-05-04-20_30_50.085,94,5,5,0,-42.676,-20.336,1.164
2012-05-04-20_30_50.086,94,5,5,0,-42.780,-20.310,1.064
2012-05-04-20_30_50.086,94,6,5,0,-51.763,-20.357,1.164
2012-05-04-20_30_50.087,94,6,5,0,-51.736,-20.271,1.164
2012-05-04-20_30_50.088,94,6,5,0,-51.836,-20.328,1.164
2012-05-04-20_30_50.088,94,7,5,0,-60.658,-20.294,1.764
2012-05-04-20_30_50.089,94,7,5,0,-60.731,-20.265,1.764
2012-05-04-20_30_50.089,94,7,5,0,-60.677,-20.221,1.764
2012-05-04-20_30_50.090,94,0,5,1,-2.189,-20.291,1.972
2012-05-04-20_30_50.090,94,0,5,1,-2.164,-20.196,1.972
2012-05-04-20_30_50.091,94,0,5,1,-2.264,-20.269,1.972
2012-05-04-20_30_50.091,94,1,5,1,-11.209,-20.294,1.872
2012-05-04-20_30_50.092,94,1,5,1,-11.338,-20.227,1.772
2012-05-04-20_30_50.093,94,1,5,1,-11.231,-20.215,1.872
2012-05-04-20_30_50.093,94,2,5,1,-20.154,-20.221,1.172
2012-05-04-20_30_50.094,94,2,5,1,-20.229,-20.199,1.172
2012-05-04-20_30_50.094,94,2,5,1,-20.237,-20.198,1.172
2012-05-04-20_30_50.095,94,3,5,1,-29.176,-20.303,1.272
2012-05-04-20_30_50.096,94,3,5,1,-29.151,-20.208,2.572
2012-05-04-20_30_50.096,94,3,5,1,-29.251,-20.281,1.272
2012-05-04-20_30_50.097,94,4,5,1,-38.172,-20.305,0.872
2012-05-04-20_30_50.097,94,4,5,1,-38.147,-20.210,0.872
2012-05-04-20_30_50.098,94,4,5,1,-38.248,-20.283,0.872
2012-05-04-20_30_50.098,94,5,5,1,-47.191,-20.295,12.772
2012-05-04-20_30_50.099,94,5,5,1,-47.279,-20.275,1.172
2012-05-04-20_30_50.099,94,5,5,1,-47.247,-20.298,1.172
2012-05-04-20_30_50.100,94,6,5,1,-56.193,-20.270,1.172
2012-05-04-20_30_50.100,94,6,5,1,-56.293,-20.343,1.272
2012-05-04-20_30_50.101,94,6,5,1,-56.301,-20.343,1.272
2012-05-04-20_30_50.101,94,7,5,1,-65.188,-20.280,1.772
2012-05-04-20_30_50.101,94,7,5,1,-65.195,-20.279,1.772
2012-05-04-20_30_50.102,94,7,5,1,-65.175,-20.186,1.772
2012-05-04-20_30_50.103,94,0,6,0,2.270,-24.783,1.981
2012-05-04-20_30_50.104,94,0,6,0,2.300,-24.690,1.981
2012-05-04-20_30_50.104,94,0,6,0,2.190,-24.757,1.981
2012-05-04-20_30_50.105,94,1,6,0,-6.743,-24.796,1.681
2012-05-04-20_30_50.106,94,1,6,0,-6.821,-24.769,1.681
2012-05-04-20_30_50.106,94,1,6,0,-6.759,-24.710,1.681
2012-05-04-20_30_50.107,94,2,6,0,-15.695,-24.713,1.081
2012-05-04-20_30_50.108,94,2,6,0,-15.775,-24.687,1.081
2012-05-04-20_30_50.109,94,2,6,0,-15.751,-24.697,1.081
2012-05-04-20_30_50.110,94,3,6,0,-24.717,-24.795,1.481
2012-05-04-20_30_50.111,94,3,6,0,-24.687,-24.702,1.481
2012-05-04-20_30_50.112,94,3,6,0,-24.797,-24.769,1.481
2012-05-04-20_30_50.112,94,4,6,0,-33.713,-24.797,0.881
2012-05-04-20_30_50.113,94,4,6,0,-33.683,-24.704,0.981
2012-05-04-20_30_50.114,94,4,6,0,-33.793,-24.771,0.881
2012-05-04-20_30_50.115,94,5,6,0,-42.727,-24.790,1.381
2012-05-04-20_30_50.116,94,5,6,0,-42.674,-24.837,1.381
2012-05-04-20_30_50.117,94,5,6,0,-42.778,-24.804,1.381
2012-05-04-20_30_50.117,94,6,6,0,-51.759,-24.858,1.281
2012-05-04-20_30_50.118,94,6,6,0,-51.729,-24.764,1.281
2012-05-04-20_30_50.119,94,6,6,0,-51.675,-24.812,1.281
2012-05-04-20_30_50.120,94,7,6,0,-60.653,-24.794,2.081
2012-05-04-20_30_50.122,94,7,6,0,-60.734,-24.768,2.081
2012-05-04-20_30_50.123,94,7,6,0,-60.675,-24.715,2.081
2012-05-04-20_30_50.124,94,0,6,1,-2.187,-24.789,1.990
2012-05-04-20_30_50.124,94,0,6,1,-2.162,-24.689,1.890
2012-05-04-20_30_50.125,94,0,6,1,-2.262,-24.770,1.990
2012-05-04-20_30_50.126,94,1,6,1,-11.212,-24.795,1.690
2012-05-04-20_30_50.127,94,1,6,1,-11.336,-24.721,1.690
2012-05-04-20_30_50.128,94,1,6,1,-11.234,-24.710,1.690
2012-05-04-20_30_50.129,94,2,6,1,-20.152,-24.719,1.090
2012-05-04-20_30_50.129,94,2,6,1,-20.227,-24.700,1.090
2012-05-04-20_30_50.130,94,2,6,1,-20.235,-24.699,1.090
2012-05-04-20_30_50.131,94,3,6,1,-29.174,-24.801,1.290
2012-05-04-20_30_50.133,94,3,6,1,-29.149,-24.701,1.290
2012-05-04-20_30_50.133,94,3,6,1,-29.249,-24.783,1.290
2012-05-04-20_30_50.134,94,4,6,1,-38.170,-24.803,0.990
2012-05-04-20_30_50.135,94,4,6,1,-38.145,-24.703,0.990
2012-05-04-20_30_50.136,94,4,6,1,-38.246,-24.784,0.990
2012-05-04-20_30_50.137,94,5,6,1,-47.189,-24.789,1.390
2012-05-04-20_30_50.138,94,5,6,1,-47.277,-24.770,1.290
2012-05-04-20_30_50.138,94,5,6,1,-47.245,-24.792,1.390
2012-05-04-20_30_50.140,94,6,6,1,-56.216,-24.863,1.290
2012-05-04-20_30_50.140,94,6,6,1,-56.191,-24.764,1.290
2012-05-04-20_30_50.141,94,6,6,1,-56.291,-24.845,1.290
2012-05-04-20_30_50.142,94,7,6,1,-65.186,-24.781,1.890
2012-05-04-20_30_50.142,94,7,6,1,-65.193,-24.780,1.890
2012-05-04-20_30_50.143,94,7,6,1,-65.173,-24.680,1.890
2012-05-04-20_30_50.143,94,0,7,0,2.263,-29.280,2.001
2012-05-04-20_30_50.144,94,0,7,0,2.300,-29.189,2.001
2012-05-04-20_30_50.145,94,0,7,0,2.190,-29.259,2.001
2012-05-04-20_30_50.146,94,1,7,0,-6.743,-29.293,1.701
2012-05-04-20_30_50.146,94,1,7,0,-6.819,-29.272,1.701
2012-05-04-20_30_50.147,94,1,7,0,-6.762,-29.206,1.701
2012-05-04-20_30_50.148,94,2,7,0,-15.702,-29.210,1.101
2012-05-04-20_30_50.149,94,2,7,0,-15.775,-29.189,1.101
2012-05-04-20_30_50.149,94,2,7,0,-15.716,-29.137,1.101
2012-05-04-20_30_50.150,94,3,7,0,-24.724,-29.292,1.401
2012-05-04-20_30_50.151,94,3,7,0,-24.687,-29.201,1.501
2012-05-04-20_30_50.151,94,3,7,0,-24.797,-29.271,1.501
2012-05-04-20_30_50.152,94,4,7,0,-33.721,-29.294,1.001
2012-05-04-20_30_50.153,94,4,7,0,-33.684,-29.203,1.001
2012-05-04-20_30_50.154,94,4,7,0,-33.794,-29.273,1.001
2012-05-04-20_30_50.155,94,5,7,0,-42.727,-29.289,1.401
2012-05-04-20_30_50.156,94,5,7,0,-42.672,-29.340,1.401
2012-05-04-20_30_50.157,94,5,7,0,-42.779,-29.307,1.401
2012-05-04-20_30_50.158,94,6,7,0,-51.766,-29.355,1.301
2012-05-04-20_30_50.159,94,6,7,0,-51.729,-29.264,1.301
2012-05-04-20_30_50.160,94,6,7,0,-51.673,-29.315,1.301
2012-05-04-20_30_50.160,94,7,7,0,-60.661,-29.291,2.101
2012-05-04-20_30_50.161,94,7,7,0,-60.734,-29.270,2.101
2012-05-04-20_30_50.162,94,7,7,0,-60.675,-29.218,2.101
2012-05-04-20_30_50.163,94,0,7,1,-2.187,-29.286,2.013
2012-05-04-20_30_50.164,94,0,7,1,-2.165,-29.188,2.013
2012-05-04-20_30_50.165,94,0,7,1,-2.263,-29.269,2.013
2012-05-04-20_30_50.165,94,1,7,1,-11.213,-29.292,1.713
2012-05-04-20_30_50.166,94,1,7,1,-11.339,-29.220,1.713
2012-05-04-20_30_50.166,94,1,7,1,-11.236,-29.206,1.713
2012-05-04-20_30_50.167,94,2,7,1,-20.152,-29.216,1.113
2012-05-04-20_30_50.168,94,2,7,1,-20.228,-29.199,1.113
2012-05-04-20_30_50.169,94,2,7,1,-20.235,-29.196,1.213
2012-05-04-20_30_50.170,94,3,7,1,-29.174,-29.298,1.313
2012-05-04-20_30_50.171,94,3,7,1,-29.151,-29.200,1.313
2012-05-04-20_30_50.171,94,3,7,1,-29.250,-29.281,1.313
2012-05-04-20_30_50.172,94,4,7,1,-38.171,-29.300,1.013
2012-05-04-20_30_50.174,94,4,7,1,-38.148,-29.202,1.013
2012-05-04-20_30_50.175,94,4,7,1,-38.246,-29.283,1.013
2012-05-04-20_30_50.176,94,5,7,1,-47.192,-29.288,1.413
2012-05-04-20_30_50.176,94,5,7,1,-47.275,-29.266,1.413
2012-05-04-20_30_50.177,94,5,7,1,-47.246,-29.293,1.413
2012-05-04-20_30_50.178,94,6,7,1,-56.216,-29.360,1.313
2012-05-04-20_30_50.179,94,6,7,1,-56.194,-29.262,1.413
2012-05-04-20_30_50.180,94,6,7,1,-56.292,-29.344,1.313
2012-05-04-20_30_50.181,94,7,7,1,-65.186,-29.280,1.913
2012-05-04-20_30_50.181,94,7,7,1,-65.194,-29.277,2.013
2012-05-04-20_30_50.182,94,7,7,1,-65.171,-29.177,2.013
2012-05-04-20_30_50.183,94,0,8,0,2.274,-33.778,2.027
2012-05-04-20_30_50.184,94,0,8,0,2.302,-33.688,2.027
2012-05-04-20_30_50.184,94,0,8,0,2.189,-33.756,1.927
2012-05-04-20_30_50.185,94,1,8,0,-6.746,-33.788,1.727
2012-05-04-20_30_50.186,94,1,8,0,-6.822,-33.769,1.727
2012-05-04-20_30_50.187,94,1,8,0,-6.765,-33.703,1.727
2012-05-04-20_30_50.187,94,2,8,0,-15.690,-33.708,1.127
2012-05-04-20_30_50.188,94,2,8,0,-15.776,-33.686,1.127
2012-05-04-20_30_50.189,94,2,8,0,-15.712,-33.638,1.127
2012-05-04-20_30_50.190,94,3,8,0,-24.712,-33.790,1.527
2012-05-04-20_30_50.191,94,3,8,0,-24.685,-33.700,1.527
2012-05-04-20_30_50.192,94,3,8,0,-24.798,-33.768,1.527
2012-05-04-20_30_50.193,94,4,8,0,-33.709,-33.792,1.127
2012-05-04-20_30_50.194,94,4,8,0,-33.682,-33.702,1.027
2012-05-04-20_30_50.195,94,4,8,0,-33.794,-33.770,1.027
2012-05-04-20_30_50.195,94,5,8,0,-42.725,-33.788,1.427
2012-05-04-20_30_50.196,94,5,8,0,-42.674,-33.837,1.427
2012-05-04-20_30_50.197,94,5,8,0,-42.774,-33.808,1.427
2012-05-04-20_30_50.198,94,6,8,0,-51.755,-33.853,1.327
2012-05-04-20_30_50.199,94,6,8,0,-51.727,-33.763,1.327
2012-05-04-20_30_50.200,94,6,8,0,-51.676,-33.811,1.327
2012-05-04-20_30_50.201,94,7,8,0,-60.649,-33.789,2.227
2012-05-04-20_30_50.201,94,7,8,0,-60.734,-33.766,2.127
2012-05-04-20_30_50.202,94,7,8,0,-60.671,-33.719,2.127
2012-05-04-20_30_50.203,94,0,8,1,-2.188,-33.787,2.036
2012-05-04-20_30_50.203,94,0,8,1,-2.163,-33.687,2.035
2012-05-04-20_30_50.204,94,0,8,1,-2.258,-33.765,2.035
2012-05-04-20_30_50.205,94,1,8,1,-11.213,-33.787,1.736
2012-05-04-20_30_50.206,94,1,8,1,-11.337,-33.719,1.735
2012-05-04-20_30_50.207,94,1,8,1,-11.237,-33.702,1.735
2012-05-04-20_30_50.207,94,2,8,1,-20.153,-33.716,1.136
2012-05-04-20_30_50.208,94,2,8,1,-20.223,-33.695,1.235
2012-05-04-20_30_50.209,94,2,8,1,-20.233,-33.694,1.235
2012-05-04-20_30_50.210,94,3,8,1,-29.175,-33.799,1.136
2012-05-04-20_30_50.211,94,3,8,1,-29.149,-33.699,1.235
2012-05-04-20_30_50.211,94,3,8,1,-29.245,-33.778,1.135
2012-05-04-20_30_50.212,94,4,8,1,-38.171,-33.801,1.036
2012-05-04-20_30_50.213,94,4,8,1,-38.146,-33.701,1.035
2012-05-04-20_30_50.214,94,4,8,1,-38.242,-33.779,1.035
2012-05-04-20_30_50.215,94,5,8,1,-47.190,-33.787,1.535
2012-05-04-20_30_50.216,94,5,8,1,-47.275,-33.763,1.435
2012-05-04-20_30_50.216,94,5,8,1,-47.246,-33.792,1.535
2012-05-04-20_30_50.217,94,6,8,1,-56.217,-33.861,1.336
2012-05-04-20_30_50.218,94,6,8,1,-56.192,-33.762,1.335
2012-05-04-20_30_50.219,94,6,8,1,-56.287,-33.840,1.335
2012-05-04-20_30_50.219,94,7,8,1,-65.182,-33.776,2.235
2012-05-04-20_30_50.220,94,7,8,1,-65.192,-33.774,5.735
2012-05-04-20_30_50.221,94,7,8,1,-65.171,-33.674,2.135
2012-05-04-20_30_50.222,94,0,9,0,2.274,-38.282,2.045
2012-05-04-20_30_50.223,94,0,9,0,2.304,-38.195,2.045
2012-05-04-20_30_50.224,94,0,9,0,2.191,-38.254,1.945
2012-05-04-20_30_50.224,94,1,9,0,-6.746,-38.289,1.845
2012-05-04-20_30_50.227,94,1,9,0,-6.822,-38.268,1.845
2012-05-04-20_30_50.228,94,1,9,0,-6.768,-38.211,1.845
2012-05-04-20_30_50.229,94,2,9,0,-15.691,-38.212,1.245
2012-05-04-20_30_50.229,94,2,9,0,-15.774,-38.184,1.245
2012-05-04-20_30_50.230,94,2,9,0,-15.710,-38.141,1.245
2012-05-04-20_30_50.231,94,3,9,0,-24.713,-38.294,1.645
2012-05-04-20_30_50.232,94,3,9,0,-24.683,-38.208,1.645
2012-05-04-20_30_50.232,94,3,9,0,-24.796,-38.266,1.645
2012-05-04-20_30_50.233,94,4,9,0,-33.710,-38.296,1.045
2012-05-04-20_30_50.234,94,4,9,0,-33.680,-38.209,1.045
2012-05-04-20_30_50.235,94,4,9,0,-33.792,-38.268,1.045
2012-05-04-20_30_50.235,94,5,9,0,-42.723,-38.295,1.445
2012-05-04-20_30_50.236,94,5,9,0,-42.675,-38.336,1.445
2012-05-04-20_30_50.237,94,5,9,0,-42.772,-38.311,1.445
2012-05-04-20_30_50.238,94,6,9,0,-51.755,-38.357,1.345
2012-05-04-20_30_50.239,94,6,9,0,-51.725,-38.270,1.345
2012-05-04-20_30_50.240,94,6,9,0,-51.838,-38.329,1.345
2012-05-04-20_30_50.240,94,7,9,0,-60.650,-38.293,2.145
2012-05-04-20_30_50.243,94,7,9,0,-60.732,-38.265,2.145
2012-05-04-20_30_50.244,94,7,9,0,-60.669,-38.222,2.145
2012-05-04-20_30_50.245,94,0,9,1,-2.188,-38.293,2.054
2012-05-04-20_30_50.245,94,0,9,1,-2.165,-38.195,1.954
2012-05-04-20_30_50.246,94,0,9,1,-2.259,-38.267,2.054
2012-05-04-20_30_50.247,94,1,9,1,-11.213,-38.289,1.854
2012-05-04-20_30_50.247,94,1,9,1,-11.340,-38.227,1.854
2012-05-04-20_30_50.248,94,1,9,1,-11.232,-38.209,1.854
2012-05-04-20_30_50.249,94,2,9,1,-20.153,-38.223,1.254
2012-05-04-20_30_50.250,94,2,9,1,-20.224,-38.197,1.254
2012-05-04-20_30_50.251,94,2,9,1,-20.233,-38.195,1.254
2012-05-04-20_30_50.252,94,3,9,1,-29.175,-38.305,1.354
2012-05-04-20_30_50.253,94,3,9,1,-29.152,-38.207,1.354
2012-05-04-20_30_50.253,94,3,9,1,-29.246,-38.279,1.454
2012-05-04-20_30_50.254,94,4,9,1,-38.172,-38.307,1.054
2012-05-04-20_30_50.255,94,4,9,1,-38.149,-38.209,1.054
2012-05-04-20_30_50.256,94,4,9,1,-38.242,-38.281,1.054
2012-05-04-20_30_50.256,94,5,9,1,-47.193,-38.295,1.554
2012-05-04-20_30_50.257,94,5,9,1,-47.276,-38.269,1.554
2012-05-04-20_30_50.258,94,5,9,1,-47.246,-38.299,1.554
2012-05-04-20_30_50.259,94,6,9,1,-56.194,-38.269,1.354
2012-05-04-20_30_50.260,94,6,9,1,-56.288,-38.341,1.354
2012-05-04-20_30_50.261,94,6,9,1,-56.297,-38.340,1.354
2012-05-04-20_30_50.261,94,7,9,1,-65.182,-38.278,2.054
2012-05-04-20_30_50.262,94,7,9,1,-65.192,-38.276,1.954
2012-05-04-20_30_50.263,94,7,9,1,-65.172,-38.180,2.154
2012-05-04-20_30_50.263,94,0,10,0,2.274,-42.783,2.066
2012-05-04-20_30_50.264,94,0,10,0,2.303,-42.696,2.066
2012-05-04-20_30_50.265,94,0,10,0,2.191,-42.755,2.066
2012-05-04-20_30_50.266,94,1,10,0,-6.752,-42.793,1.866
2012-05-04-20_30_50.267,94,1,10,0,-6.822,-42.767,1.866
2012-05-04-20_30_50.267,94,1,10,0,-6.771,-42.715,1.766
2012-05-04-20_30_50.268,94,2,10,0,-15.691,-42.713,1.266
2012-05-04-20_30_50.269,94,2,10,0,-15.774,-42.685,1.266
2012-05-04-20_30_50.270,94,2,10,0,-15.710,-42.639,1.266
2012-05-04-20_30_50.271,94,3,10,0,-24.713,-42.795,1.566
2012-05-04-20_30_50.271,94,3,10,0,-24.683,-42.708,1.566
2012-05-04-20_30_50.272,94,3,10,0,-24.796,-42.767,1.566
2012-05-04-20_30_50.273,94,4,10,0,-33.710,-42.797,1.066
2012-05-04-20_30_50.275,94,4,10,0,-33.680,-42.710,1.066
2012-05-04-20_30_50.275,94,4,10,0,-33.793,-42.769,1.066
2012-05-04-20_30_50.276,94,5,10,0,-42.724,-42.795,1.466
2012-05-04-20_30_50.277,94,5,10,0,-42.675,-42.835,1.466
2012-05-04-20_30_50.279,94,5,10,0,-42.773,-42.809,1.366
2012-05-04-20_30_50.280,94,6,10,0,-51.755,-42.858,1.266
2012-05-04-20_30_50.281,94,6,10,0,-51.725,-42.770,1.366
2012-05-04-20_30_50.282,94,6,10,0,-51.838,-42.830,1.266
2012-05-04-20_30_50.282,94,7,10,0,-60.650,-42.794,2.166
2012-05-04-20_30_50.284,94,7,10,0,-60.733,-42.766,2.166
2012-05-04-20_30_50.284,94,7,10,0,-60.669,-42.720,2.166
2012-05-04-20_30_50.285,94,0,10,1,-2.191,-42.791,2.078
2012-05-04-20_30_50.286,94,0,10,1,-2.166,-42.695,1.978
2012-05-04-20_30_50.287,94,0,10,1,-2.262,-42.769,1.978
2012-05-04-20_30_50.288,94,1,10,1,-11.214,-42.792,1.878
2012-05-04-20_30_50.289,94,1,10,1,-11.340,-42.727,1.978
2012-05-04-20_30_50.289,94,1,10,1,-11.235,-42.714,1.877
2012-05-04-20_30_50.290,94,2,10,1,-20.156,-42.721,1.278
2012-05-04-20_30_50.291,94,2,10,1,-20.226,-42.699,1.278
2012-05-04-20_30_50.292,94,2,10,1,-20.234,-42.698,1.278
2012-05-04-20_30_50.293,94,3,10,1,-29.178,-42.803,1.378
2012-05-04-20_30_50.294,94,3,10,1,-29.153,-42.707,1.378
2012-05-04-20_30_50.294,94,3,10,1,-29.249,-42.781,1.378
2012-05-04-20_30_50.295,94,4,10,1,-38.174,-42.805,1.078
2012-05-04-20_30_50.296,94,4,10,1,-38.149,-42.709,1.078
2012-05-04-20_30_50.296,94,4,10,1,-38.245,-42.783,1.078
2012-05-04-20_30_50.297,94,5,10,1,-47.193,-42.795,1.578
2012-05-04-20_30_50.298,94,5,10,1,-47.276,-42.773,1.478
2012-05-04-20_30_50.299,94,5,10,1,-47.249,-42.797,1.477
2012-05-04-20_30_50.300,94,6,10,1,-56.220,-42.866,1.378
2012-05-04-20_30_50.301,94,6,10,1,-56.195,-42.770,1.378
2012-05-04-20_30_50.301,94,6,10,1,-56.291,-42.844,1.378
2012-05-04-20_30_50.302,94,7,10,1,-65.185,-42.780,1.978
2012-05-04-20_30_50.303,94,7,10,1,-65.193,-42.779,2.078
2012-05-04-20_30_50.304,94,7,10,1,-65.172,-42.684,2.278
2012-05-04-20_30_50.305,94,0,11,0,2.278,-47.283,1.990
2012-05-04-20_30_50.305,94,0,11,0,2.303,-47.190,2.090
2012-05-04-20_30_50.306,94,0,11,0,2.193,-47.258,1.990
2012-05-04-20_30_50.307,94,1,11,0,-6.752,-47.295,1.890
2012-05-04-20_30_50.308,94,1,11,0,-6.825,-47.269,1.890
2012-05-04-20_30_50.308,94,1,11,0,-6.771,-47.209,1.890
2012-05-04-20_30_50.309,94,2,11,0,-15.687,-47.213,1.290
2012-05-04-20_30_50.310,94,2,11,0,-15.772,-47.188,1.290
2012-05-04-20_30_50.311,94,2,11,0,-15.743,-47.198,1.190
2012-05-04-20_30_50.312,94,3,11,0,-24.709,-47.295,1.690
2012-05-04-20_30_50.313,94,3,11,0,-24.684,-47.202,1.690
2012-05-04-20_30_50.313,94,3,11,0,-24.794,-47.271,1.690
2012-05-04-20_30_50.314,94,4,11,0,-33.705,-47.297,1.090
2012-05-04-20_30_50.315,94,4,11,0,-33.680,-47.204,1.090
2012-05-04-20_30_50.316,94,4,11,0,-33.791,-47.272,1.090
2012-05-04-20_30_50.317,94,5,11,0,-42.724,-47.290,1.390
2012-05-04-20_30_50.317,94,5,11,0,-42.678,-47.337,1.390
2012-05-04-20_30_50.318,94,5,11,0,-42.771,-47.304,1.390
2012-05-04-20_30_50.319,94,6,11,0,-51.751,-47.358,1.290
2012-05-04-20_30_50.320,94,6,11,0,-51.726,-47.264,1.390
2012-05-04-20_30_50.321,94,6,11,0,-51.836,-47.333,1.290
2012-05-04-20_30_50.322,94,7,11,0,-60.646,-47.294,2.190
2012-05-04-20_30_50.322,94,7,11,0,-60.731,-47.269,5.790
2012-05-04-20_30_50.323,94,7,11,0,-60.667,-47.215,2.290
2012-05-04-20_30_50.325,94,0,11,1,-2.194,-47.290,1.999
2012-05-04-20_30_50.326,94,0,11,1,-2.171,-47.189,1.999
2012-05-04-20_30_50.327,94,0,11,1,-2.262,-47.271,2.099
2012-05-04-20_30_50.328,94,1,11,1,-11.214,-47.295,1.899
2012-05-04-20_30_50.329,94,1,11,1,-11.346,-47.221,1.899
2012-05-04-20_30_50.330,94,1,11,1,-11.236,-47.209,1.899
2012-05-04-20_30_50.331,94,2,11,1,-20.159,-47.220,1.299
2012-05-04-20_30_50.332,94,2,11,1,-20.227,-47.201,1.299
2012-05-04-20_30_50.334,94,2,11,1,-20.232,-47.200,1.299
2012-05-04-20_30_50.335,94,3,11,1,-29.181,-47.302,1.399
2012-05-04-20_30_50.335,94,3,11,1,-29.158,-47.201,1.499
2012-05-04-20_30_50.336,94,3,11,1,-29.249,-47.283,1.399
2012-05-04-20_30_50.337,94,4,11,1,-38.177,-47.304,1.099
2012-05-04-20_30_50.338,94,4,11,1,-38.155,-47.203,1.099
2012-05-04-20_30_50.338,94,4,11,1,-38.246,-47.285,1.099
2012-05-04-20_30_50.339,94,5,11,1,-47.198,-47.289,1.599
2012-05-04-20_30_50.340,94,5,11,1,-47.279,-47.269,1.499
2012-05-04-20_30_50.341,94,5,11,1,-47.247,-47.292,1.499
2012-05-04-20_30_50.341,94,6,11,1,-56.223,-47.364,1.399
2012-05-04-20_30_50.342,94,6,11,1,-56.200,-47.264,1.499
2012-05-04-20_30_50.343,94,6,11,1,-56.291,-47.345,1.499
2012-05-04-20_30_50.344,94,7,11,1,-65.186,-47.282,2.299
2012-05-04-20_30_50.345,94,7,11,1,-65.191,-47.281,2.299
2012-05-04-20_30_50.345,94,7,11,1,-65.175,-47.180,2.199
2012-05-04-20_30_50.346,94,0,12,0,2.265,-51.780,2.307
2012-05-04-20_30_50.347,94,0,12,0,2.300,-51.690,2.207
2012-05-04-20_30_50.348,94,0,12,0,2.195,-51.759,2.307
2012-05-04-20_30_50.348,94,1,12,0,-6.753,-51.793,1.907
2012-05-04-20_30_50.349,94,1,12,0,-6.828,-51.773,1.907
2012-05-04-20_30_50.350,94,1,12,0,-6.772,-51.707,1.907
2012-05-04-20_30_50.351,94,2,12,0,-15.699,-51.710,1.307
2012-05-04-20_30_50.352,94,2,12,0,-15.770,-51.689,1.307
2012-05-04-20_30_50.352,94,2,12,0,-15.709,-51.638,1.307
2012-05-04-20_30_50.353,94,3,12,0,-24.722,-51.792,1.707
2012-05-04-20_30_50.354,94,3,12,0,-24.687,-51.702,1.707
2012-05-04-20_30_50.355,94,3,12,0,-24.792,-51.771,1.707
2012-05-04-20_30_50.355,94,4,12,0,-33.718,-51.794,1.207
2012-05-04-20_30_50.356,94,4,12,0,-33.683,-51.704,1.107
2012-05-04-20_30_50.357,94,4,12,0,-33.789,-51.773,1.107
2012-05-04-20_30_50.358,94,5,12,0,-42.727,-51.790,1.307
2012-05-04-20_30_50.359,94,5,12,0,-42.681,-51.841,1.307
2012-05-04-20_30_50.359,94,5,12,0,-42.771,-51.808,1.307
2012-05-04-20_30_50.360,94,6,12,0,-51.764,-51.855,1.307
2012-05-04-20_30_50.361,94,6,12,0,-51.729,-51.764,1.307
2012-05-04-20_30_50.362,94,6,12,0,-51.834,-51.834,1.307
2012-05-04-20_30_50.363,94,7,12,0,-60.658,-51.791,2.107
2012-05-04-20_30_50.363,94,7,12,0,-60.729,-51.770,2.107
2012-05-04-20_30_50.364,94,7,12,0,-60.667,-51.719,2.107
2012-05-04-20_30_50.365,94,0,12,1,-2.197,-51.787,2.216
2012-05-04-20_30_50.366,94,0,12,1,-2.174,-51.690,2.116
2012-05-04-20_30_50.367,94,0,12,1,-2.265,-51.769,2.216
2012-05-04-20_30_50.368,94,1,12,1,-11.215,-51.793,1.916
2012-05-04-20_30_50.368,94,1,12,1,-11.348,-51.721,1.916
2012-05-04-20_30_50.369,94,1,12,1,-11.236,-51.706,1.916
2012-05-04-20_30_50.370,94,2,12,1,-20.162,-51.717,1.316
2012-05-04-20_30_50.371,94,2,12,1,-20.230,-51.699,1.316
2012-05-04-20_30_50.371,94,2,12,1,-20.237,-51.697,1.216
2012-05-04-20_30_50.372,94,3,12,1,-29.184,-51.799,1.416
2012-05-04-20_30_50.373,94,3,12,1,-29.161,-51.702,1.616
2012-05-04-20_30_50.374,94,3,12,1,-29.252,-51.781,1.616
2012-05-04-20_30_50.374,94,4,12,1,-38.180,-51.801,1.116
2012-05-04-20_30_50.375,94,4,12,1,-38.158,-51.704,1.116
2012-05-04-20_30_50.376,94,4,12,1,-38.248,-51.783,1.116
2012-05-04-20_30_50.376,94,5,12,1,-47.201,-51.790,1.316
2012-05-04-20_30_50.377,94,5,12,1,-47.279,-51.767,1.316
2012-05-04-20_30_50.378,94,5,12,1,-47.253,-51.792,1.316
2012-05-04-20_30_50.379,94,6,12,1,-56.226,-51.861,1.416
2012-05-04-20_30_50.379,94,6,12,1,-56.203,-51.764,1.416
2012-05-04-20_30_50.380,94,6,12,1,-56.294,-51.843,1.416
2012-05-04-20_30_50.381,94,7,12,1,-65.188,-51.779,2.216
2012-05-04-20_30_50.382,94,7,12,1,-65.196,-51.778,2.216
2012-05-04-20_30_50.384,94,7,12,1,-65.176,-51.678,2.216
2012-05-04-20_30_50.385,94,0,13,0,2.275,-56.278,2.227
2012-05-04-20_30_50.385,94,0,13,0,2.300,-56.190,2.227
2012-05-04-20_30_50.386,94,0,13,0,2.197,-56.255,2.227
2012-05-04-20_30_50.387,94,1,13,0,-6.755,-56.289,1.927
2012-05-04-20_30_50.387,94,1,13,0,-6.829,-56.269,2.027
2012-05-04-20_30_50.388,94,1,13,0,-6.774,-56.204,2.027
2012-05-04-20_30_50.389,94,2,13,0,-15.690,-56.208,1.227
2012-05-04-20_30_50.390,94,2,13,0,-15.768,-56.185,1.327
2012-05-04-20_30_50.392,94,2,13,0,-15.712,-56.139,1.327
2012-05-04-20_30_50.394,94,3,13,0,-24.712,-56.290,1.727
2012-05-04-20_30_50.395,94,3,13,0,-24.687,-56.202,1.727
2012-05-04-20_30_50.396,94,3,13,0,-24.790,-56.267,1.727
2012-05-04-20_30_50.397,94,4,13,0,-33.709,-56.292,1.127
2012-05-04-20_30_50.397,94,4,13,0,-33.684,-56.204,1.127
2012-05-04-20_30_50.398,94,4,13,0,-33.787,-56.269,1.127
2012-05-04-20_30_50.399,94,5,13,0,-42.727,-56.290,1.327
2012-05-04-20_30_50.400,94,5,13,0,-42.681,-56.337,1.327
2012-05-04-20_30_50.401,94,5,13,0,-42.774,-56.309,1.427
2012-05-04-20_30_50.401,94,6,13,0,-51.754,-56.353,1.427
2012-05-04-20_30_50.402,94,6,13,0,-51.729,-56.264,1.427
2012-05-04-20_30_50.403,94,6,13,0,-51.832,-56.329,1.327
2012-05-04-20_30_50.403,94,7,13,0,-60.649,-56.289,2.027
2012-05-04-20_30_50.404,94,7,13,0,-60.727,-56.266,3.227
2012-05-04-20_30_50.405,94,7,13,0,-60.670,-56.220,2.127
2012-05-04-20_30_50.406,94,0,13,1,-2.200,-56.289,2.139
2012-05-04-20_30_50.407,94,0,13,1,-2.172,-56.189,2.139
2012-05-04-20_30_50.408,94,0,13,1,-2.268,-56.265,2.139
2012-05-04-20_30_50.408,94,1,13,1,-11.213,-56.289,1.939
2012-05-04-20_30_50.409,94,1,13,1,-11.346,-56.221,1.939
2012-05-04-20_30_50.410,94,1,13,1,-11.236,-56.204,1.938
2012-05-04-20_30_50.411,94,2,13,1,-20.164,-56.219,1.339
2012-05-04-20_30_50.411,94,2,13,1,-20.233,-56.195,1.339
2012-05-04-20_30_50.414,94,2,13,1,-20.240,-56.193,1.339
2012-05-04-20_30_50.415,94,3,13,1,-29.186,-56.301,1.439
2012-05-04-20_30_50.415,94,3,13,1,-29.159,-56.202,1.639
2012-05-04-20_30_50.416,94,3,13,1,-29.255,-56.277,1.439
2012-05-04-20_30_50.417,94,4,13,1,-38.183,-56.303,1.139
2012-05-04-20_30_50.418,94,4,13,1,-38.155,-56.203,1.139
2012-05-04-20_30_50.419,94,4,13,1,-38.251,-56.279,1.139
2012-05-04-20_30_50.419,94,5,13,1,-47.199,-56.289,1.639
2012-05-04-20_30_50.420,94,5,13,1,-47.282,-56.265,1.538
2012-05-04-20_30_50.421,94,5,13,1,-47.253,-56.292,1.538
2012-05-04-20_30_50.422,94,6,13,1,-56.229,-56.363,1.539
2012-05-04-20_30_50.422,94,6,13,1,-56.201,-56.264,1.539
2012-05-04-20_30_50.423,94,6,13,1,-56.297,-56.340,1.439
2012-05-04-20_30_50.424,94,7,13,1,-65.191,-56.276,2.239
2012-05-04-20_30_50.424,94,7,13,1,-65.199,-56.274,2.239
2012-05-04-20_30_50.425,94,7,13,1,-65.178,-56.176,2.138
2012-05-04-20_30_50.426,94,0,14,0,2.272,-60.781,2.251
2012-05-04-20_30_50.427,94,0,14,0,2.297,-60.696,2.251
2012-05-04-20_30_50.428,94,0,14,0,2.199,-60.754,2.251
2012-05-04-20_30_50.428,94,1,14,0,-6.753,-60.789,1.951
2012-05-04-20_30_50.429,94,1,14,0,-6.831,-60.768,2.051
2012-05-04-20_30_50.430,94,1,14,0,-6.775,-60.710,2.051
2012-05-04-20_30_50.431,94,2,14,0,-15.693,-60.711,1.351
2012-05-04-20_30_50.432,94,2,14,0,-15.766,-60.684,1.351
2012-05-04-20_30_50.433,94,2,14,0,-15.712,-60.641,1.351
2012-05-04-20_30_50.433,94,3,14,0,-24.715,-60.793,1.751
2012-05-04-20_30_50.434,94,3,14,0,-24.690,-60.708,1.751
2012-05-04-20_30_50.435,94,3,14,0,-24.788,-60.766,1.751
2012-05-04-20_30_50.436,94,4,14,0,-33.712,-60.795,1.051
2012-05-04-20_30_50.438,94,4,14,0,-33.687,-60.710,1.051
2012-05-04-20_30_50.439,94,4,14,0,-33.785,-60.768,1.051
2012-05-04-20_30_50.439,94,5,14,0,-42.730,-60.796,1.351
2012-05-04-20_30_50.440,94,5,14,0,-42.684,-60.836,1.351
2012-05-04-20_30_50.441,94,5,14,0,-42.774,-60.811,1.451
2012-05-04-20_30_50.443,94,6,14,0,-51.757,-60.856,1.451
2012-05-04-20_30_50.443,94,6,14,0,-51.732,-60.770,1.451
2012-05-04-20_30_50.444,94,6,14,0,-51.830,-60.828,1.351
2012-05-04-20_30_50.445,94,7,14,0,-60.652,-60.792,2.051
2012-05-04-20_30_50.445,94,7,14,0,-60.725,-60.764,2.051
2012-05-04-20_30_50.447,94,7,14,0,-60.671,-60.722,2.051
2012-05-04-20_30_50.448,94,0,14,1,-2.200,-60.793,2.161
2012-05-04-20_30_50.448,94,0,14,1,-2.175,-60.695,2.161
2012-05-04-20_30_50.449,94,0,14,1,-2.271,-60.766,2.261
2012-05-04-20_30_50.450,94,1,14,1,-11.213,-60.790,1.961
2012-05-04-20_30_50.450,94,1,14,1,-11.349,-60.727,1.961
2012-05-04-20_30_50.451,94,1,14,1,-11.237,-60.710,1.961
2012-05-04-20_30_50.452,94,2,14,1,-20.165,-60.723,1.261
2012-05-04-20_30_50.453,94,2,14,1,-20.235,-60.696,1.261
2012-05-04-20_30_50.454,94,2,14,1,-20.243,-60.695,1.261
2012-05-04-20_30_50.454,94,3,14,1,-29.187,-60.805,1.261
2012-05-04-20_30_50.455,94,3,14,1,-29.162,-60.708,1.461
2012-05-04-20_30_50.456,94,3,14,1,-29.258,-60.778,1.361
2012-05-04-20_30_50.457,94,4,14,1,-38.184,-60.807,1.161
2012-05-04-20_30_50.458,94,4,14,1,-38.158,-60.709,1.161
2012-05-04-20_30_50.458,94,4,14,1,-38.254,-60.780,1.161
2012-05-04-20_30_50.459,94,5,14,1,-47.202,-60.795,1.661
2012-05-04-20_30_50.460,94,5,14,1,-47.285,-60.769,1.561
2012-05-04-20_30_50.461,94,5,14,1,-47.256,-60.799,1.561
2012-05-04-20_30_50.462,94,6,14,1,-56.229,-60.868,1.461
2012-05-04-20_30_50.463,94,6,14,1,-56.204,-60.770,1.461
2012-05-04-20_30_50.463,94,6,14,1,-56.300,-60.841,1.461
2012-05-04-20_30_50.464,94,7,14,1,-65.194,-60.777,2.261
2012-05-04-20_30_50.465,94,7,14,1,-65.202,-60.776,2.261
2012-05-04-20_30_50.465,94,7,14,1,-65.181,-60.680,2.261
2012-05-04-20_30_50.466,94,0,15,0,2.269,-65.283,2.270
2012-05-04-20_30_50.467,94,0,15,0,2.294,-65.196,2.270
2012-05-04-20_30_50.469,94,0,15,0,2.196,-65.255,2.270
2012-05-04-20_30_50.470,94,1,15,0,-6.751,-65.293,2.070
2012-05-04-20_30_50.471,94,1,15,0,-6.834,-65.267,2.070
2012-05-04-20_30_50.471,94,1,15,0,-6.775,-65.215,2.070
2012-05-04-20_30_50.473,94,2,15,0,-15.696,-65.213,1.370
2012-05-04-20_30_50.473,94,2,15,0,-15.769,-65.185,1.370
2012-05-04-20_30_50.474,94,2,15,0,-15.715,-65.139,1.370
2012-05-04-20_30_50.475,94,3,15,0,-24.718,-65.295,1.770
2012-05-04-20_30_50.476,94,3,15,0,-24.693,-65.208,1.570
2012-05-04-20_30_50.476,94,3,15,0,-24.791,-65.267,1.770
2012-05-04-20_30_50.478,94,4,15,0,-33.714,-65.297,1.070
2012-05-04-20_30_50.478,94,4,15,0,-33.689,-65.210,0.970
2012-05-04-20_30_50.479,94,4,15,0,-33.788,-65.269,1.070
2012-05-04-20_30_50.480,94,5,15,0,-42.733,-65.296,12.670
2012-05-04-20_30_50.481,94,5,15,0,-42.687,-65.335,1.370
2012-05-04-20_30_50.481,94,5,15,0,-42.777,-65.309,1.570
2012-05-04-20_30_50.482,94,6,15,0,-51.760,-65.358,1.470
2012-05-04-20_30_50.483,94,6,15,0,-51.735,-65.270,1.270
2012-05-04-20_30_50.484,94,6,15,0,-51.833,-65.330,1.370
2012-05-04-20_30_50.485,94,7,15,0,-60.655,-65.294,2.070
2012-05-04-20_30_50.486,94,7,15,0,-60.728,-65.266,1.970
2012-05-04-20_30_50.486,94,7,15,0,-60.674,-65.220,2.070
2012-05-04-20_30_50.487,94,0,15,1,-2.198,-65.291,2.179
2012-05-04-20_30_50.488,94,0,15,1,-2.170,-65.195,2.179
2012-05-04-20_30_50.489,94,0,15,1,-2.273,-65.269,2.179
2012-05-04-20_30_50.489,94,1,15,1,-11.211,-65.293,1.979
2012-05-04-20_30_50.492,94,1,15,1,-11.345,-65.227,1.979
2012-05-04-20_30_50.493,94,1,15,1,-11.232,-65.214,1.979
2012-05-04-20_30_50.494,94,2,15,1,-20.163,-65.221,1.379
2012-05-04-20_30_50.495,94,2,15,1,-20.238,-65.199,1.379
2012-05-04-20_30_50.496,94,2,15,1,-20.246,-65.198,1.379
2012-05-04-20_30_50.497,94,3,15,1,-29.185,-65.303,1.479
2012-05-04-20_30_50.498,94,3,15,1,-29.157,-65.207,1.379
2012-05-04-20_30_50.499,94,3,15,1,-29.260,-65.281,1.479
2012-05-04-20_30_50.500,94,4,15,1,-38.181,-65.305,1.179
2012-05-04-20_30_50.503,94,4,15,1,-38.154,-65.209,1.179
2012-05-04-20_30_50.504,94,4,15,1,-38.257,-65.283,1.179
2012-05-04-20_30_50.505,94,5,15,1,-47.198,-65.295,1.379
2012-05-04-20_30_50.505,94,5,15,1,-47.285,-65.273,1.379
2012-05-04-20_30_50.506,94,5,15,1,-47.256,-65.298,1.379
2012-05-04-20_30_50.507,94,6,15,1,-56.227,-65.366,1.479
2012-05-04-20_30_50.507,94,6,15,1,-56.199,-65.270,1.479
2012-05-04-20_30_50.508,94,6,15,1,-56.302,-65.344,1.479
2012-05-04-20_30_50.508,94,7,15,1,-65.197,-65.280,2.079
2012-05-04-20_30_50.510,94,7,15,1,-65.204,-65.279,2.179
2012-05-04-20_30_50.527,94,7,15,1,-65.182,-65.184,2.179
2012-05-04-20_30_50.528,94,0,16,0,2.266,-69.783,2.291
2012-05-04-20_30_50.529,94,0,16,0,2.291,-69.689,2.291
2012-05-04-20_30_50.529,94,0,16,0,2.193,-69.758,2.291
2012-05-04-20_30_50.530,94,1,16,0,-6.752,-69.795,2.091
2012-05-04-20_30_50.531,94,1,16,0,-6.832,-69.767,2.091
2012-05-04-20_30_50.532,94,1,16,0,-6.773,-69.708,2.091
2012-05-04-20_30_50.532,94,2,16,0,-15.699,-69.713,1.391
2012-05-04-20_30_50.533,94,2,16,0,-15.772,-69.688,1.391
2012-05-04-20_30_50.533,94,2,16,0,-15.750,-69.698,1.391
2012-05-04-20_30_50.534,94,3,16,0,-24.721,-69.795,1.791
2012-05-04-20_30_50.535,94,3,16,0,-24.696,-69.701,1.791
2012-05-04-20_30_50.536,94,3,16,0,-24.794,-69.771,1.791
2012-05-04-20_30_50.536,94,4,16,0,-33.717,-69.797,1.091
2012-05-04-20_30_50.537,94,4,16,0,-33.692,-69.703,0.991
2012-05-04-20_30_50.538,94,4,16,0,-33.790,-69.772,0.991
2012-05-04-20_30_50.539,94,5,16,0,-42.736,-69.789,1.391
2012-05-04-20_30_50.539,94,5,16,0,-42.685,-69.835,1.391
2012-05-04-20_30_50.540,94,5,16,0,-42.780,-69.803,1.391
2012-05-04-20_30_50.541,94,6,16,0,-51.763,-69.858,1.391
2012-05-04-20_30_50.541,94,6,16,0,-51.738,-69.764,1.391
2012-05-04-20_30_50.542,94,6,16,0,-51.836,-69.833,1.291
2012-05-04-20_30_50.543,94,7,16,0,-60.657,-69.794,2.091
2012-05-04-20_30_50.544,94,7,16,0,-60.730,-69.769,2.091
2012-05-04-20_30_50.544,94,7,16,0,-60.676,-69.714,1.991
2012-05-04-20_30_50.545,94,0,16,1,-2.198,-69.788,2.203
2012-05-04-20_30_50.546,94,0,16,1,-2.171,-69.688,2.203
2012-05-04-20_30_50.546,94,0,16,1,-2.271,-69.771,2.203
2012-05-04-20_30_50.547,94,1,16,1,-11.214,-69.794,2.003
2012-05-04-20_30_50.547,94,1,16,1,-11.345,-69.720,2.003
2012-05-04-20_30_50.548,94,1,16,1,-11.235,-69.708,2.002
2012-05-04-20_30_50.548,94,2,16,1,-20.163,-69.718,1.303
2012-05-04-20_30_50.549,94,2,16,1,-20.236,-69.701,1.303
2012-05-04-20_30_50.550,94,2,16,1,-20.246,-69.699,1.303
2012-05-04-20_30_50.550,94,3,16,1,-29.185,-69.801,1.503
2012-05-04-20_30_50.551,94,3,16,1,-29.158,-69.700,1.503
2012-05-04-20_30_50.551,94,3,16,1,-29.258,-69.783,1.503
2012-05-04-20_30_50.552,94,4,16,1,-38.182,-69.802,1.103
2012-05-04-20_30_50.553,94,4,16,1,-38.154,-69.702,1.103
2012-05-04-20_30_50.553,94,4,16,1,-38.255,-69.785,1.103
2012-05-04-20_30_50.554,94,5,16,1,-47.198,-69.788,1.403
2012-05-04-20_30_50.554,94,5,16,1,-47.288,-69.769,1.402
2012-05-04-20_30_50.555,94,5,16,1,-47.257,-69.792,1.402
2012-05-04-20_30_50.556,94,6,16,1,-56.227,-69.863,1.503
2012-05-04-20_30_50.557,94,6,16,1,-56.200,-69.763,1.503
2012-05-04-20_30_50.559,94,6,16,1,-56.300,-69.846,1.503
2012-05-04-20_30_50.560,94,7,16,1,-65.195,-69.782,2.203
2012-05-04-20_30_50.560,94,7,16,1,-65.205,-69.780,2.203
2012-05-04-20_30_50.561,94,7,16,1,-65.185,-69.680,2.102
2012-05-04-20_30_50.562,94,0,17,0,2.256,-74.280,2.315
2012-05-04-20_30_50.562,94,0,17,0,2.291,-74.189,2.215
2012-05-04-20_30_50.563,94,0,17,0,2.190,-74.258,2.315
2012-05-04-20_30_50.564,94,1,17,0,-6.750,-74.293,2.115
2012-05-04-20_30_50.564,94,1,17,0,-6.830,-74.272,2.115
2012-05-04-20_30_50.566,94,1,17,0,-6.771,-74.206,2.115
2012-05-04-20_30_50.567,94,2,17,0,-15.709,-74.210,1.415
2012-05-04-20_30_50.567,94,2,17,0,-15.775,-74.188,1.315
2012-05-04-20_30_50.568,94,2,17,0,-15.718,-74.138,1.315
2012-05-04-20_30_50.568,94,3,17,0,-24.731,-74.292,1.815
2012-05-04-20_30_50.569,94,3,17,0,-24.696,-74.201,1.815
2012-05-04-20_30_50.570,94,3,17,0,-24.797,-74.270,1.815
2012-05-04-20_30_50.570,94,4,17,0,-33.728,-74.294,1.115
2012-05-04-20_30_50.572,94,4,17,0,-33.693,-74.203,1.115
2012-05-04-20_30_50.572,94,4,17,0,-33.793,-74.272,1.115
2012-05-04-20_30_50.573,94,5,17,0,-42.736,-74.289,1.615
2012-05-04-20_30_50.574,94,5,17,0,-42.683,-74.340,1.415
2012-05-04-20_30_50.575,94,5,17,0,-42.781,-74.308,1.615
2012-05-04-20_30_50.575,94,6,17,0,-51.773,-74.354,1.415
2012-05-04-20_30_50.576,94,6,17,0,-51.738,-74.264,1.415
2012-05-04-20_30_50.577,94,6,17,0,-51.685,-74.315,1.415
2012-05-04-20_30_50.577,94,7,17,0,-60.668,-74.290,2.115
2012-05-04-20_30_50.578,94,7,17,0,-60.733,-74.269,2.115
2012-05-04-20_30_50.578,94,7,17,0,-60.677,-74.218,2.115
2012-05-04-20_30_50.579,94,0,17,1,-2.196,-74.286,2.224
2012-05-04-20_30_50.580,94,0,17,1,-2.169,-74.188,2.224
2012-05-04-20_30_50.581,94,0,17,1,-2.272,-74.269,2.224
2012-05-04-20_30_50.581,94,1,17,1,-11.214,-74.292,2.024
2012-05-04-20_30_50.582,94,1,17,1,-11.343,-74.220,2.024
2012-05-04-20_30_50.582,94,1,17,1,-11.233,-74.206,2.024
2012-05-04-20_30_50.583,94,2,17,1,-20.161,-74.216,1.424
2012-05-04-20_30_50.583,94,2,17,1,-20.237,-74.199,1.424
2012-05-04-20_30_50.584,94,2,17,1,-20.244,-74.196,1.424
2012-05-04-20_30_50.585,94,3,17,1,-29.183,-74.298,1.524
2012-05-04-20_30_50.585,94,3,17,1,-29.156,-74.200,1.524
2012-05-04-20_30_50.586,94,3,17,1,-29.259,-74.281,1.524
2012-05-04-20_30_50.587,94,4,17,1,-38.180,-74.300,1.124
2012-05-04-20_30_50.588,94,4,17,1,-38.152,-74.202,1.124
2012-05-04-20_30_50.589,94,4,17,1,-38.255,-74.283,1.124
2012-05-04-20_30_50.590,94,5,17,1,-47.196,-74.288,1.624
2012-05-04-20_30_50.590,94,5,17,1,-47.284,-74.266,1.624
2012-05-04-20_30_50.591,94,5,17,1,-47.255,-74.292,1.624
2012-05-04-20_30_50.593,94,6,17,1,-56.225,-74.361,1.624
2012-05-04-20_30_50.593,94,6,17,1,-56.198,-74.262,1.524
2012-05-04-20_30_50.594,94,6,17,1,-56.301,-74.344,1.524
2012-05-04-20_30_50.595,94,7,17,1,-65.195,-74.280,2.224
2012-05-04-20_30_50.595,94,7,17,1,-65.203,-74.277,2.224
2012-05-04-20_30_50.596,94,7,17,1,-65.180,-74.177,2.224
2012-05-04-20_30_50.597,94,0,18,0,2.265,-78.779,2.133
2012-05-04-20_30_50.597,94,0,18,0,2.293,-78.689,2.133
2012-05-04-20_30_50.598,94,0,18,0,2.187,-78.756,2.133
2012-05-04-20_30_50.598,94,1,18,0,-6.748,-78.788,2.033
2012-05-04-20_30_50.599,94,1,18,0,-6.831,-78.769,1.933
2012-05-04-20_30_50.600,94,1,18,0,-6.769,-78.703,1.933
2012-05-04-20_30_50.601,94,2,18,0,-15.700,-78.709,1.433
2012-05-04-20_30_50.601,94,2,18,0,-15.778,-78.686,1.433
2012-05-04-20_30_50.602,94,2,18,0,-15.721,-78.638,1.333
2012-05-04-20_30_50.602,94,3,18,0,-24.722,-78.791,1.833
2012-05-04-20_30_50.603,94,3,18,0,-24.694,-78.701,1.833
2012-05-04-20_30_50.604,94,3,18,0,-24.800,-78.768,1.833
2012-05-04-20_30_50.605,94,4,18,0,-33.718,-78.793,1.233
2012-05-04-20_30_50.606,94,4,18,0,-33.691,-78.703,1.233
2012-05-04-20_30_50.607,94,4,18,0,-33.796,-78.770,1.233
2012-05-04-20_30_50.608,94,5,18,0,-42.734,-78.789,1.833
2012-05-04-20_30_50.609,94,5,18,0,-42.684,-78.837,1.633
2012-05-04-20_30_50.609,94,5,18,0,-42.783,-78.808,1.833
2012-05-04-20_30_50.610,94,6,18,0,-51.764,-78.854,1.533
2012-05-04-20_30_50.611,94,6,18,0,-51.736,-78.764,1.533
2012-05-04-20_30_50.611,94,6,18,0,-51.685,-78.812,1.533
2012-05-04-20_30_50.612,94,7,18,0,-60.658,-78.790,2.333
2012-05-04-20_30_50.613,94,7,18,0,-60.736,-78.766,2.433
2012-05-04-20_30_50.613,94,7,18,0,-60.680,-78.719,2.333
2012-05-04-20_30_50.614,94,0,18,1,-2.197,-78.787,2.142
2012-05-04-20_30_50.615,94,0,18,1,-2.169,-78.688,2.141
2012-05-04-20_30_50.615,94,0,18,1,-2.270,-78.766,2.141
2012-05-04-20_30_50.616,94,1,18,1,-11.212,-78.787,1.942
2012-05-04-20_30_50.616,94,1,18,1,-11.344,-78.720,1.941
2012-05-04-20_30_50.617,94,1,18,1,-11.236,-78.703,1.941
2012-05-04-20_30_50.618,94,2,18,1,-20.162,-78.717,1.442
2012-05-04-20_30_50.619,94,2,18,1,-20.235,-78.696,1.541
2012-05-04-20_30_50.619,94,2,18,1,-20.242,-78.693,1.441
2012-05-04-20_30_50.620,94,3,18,1,-29.184,-78.800,1.542
2012-05-04-20_30_50.621,94,3,18,1,-29.156,-78.700,1.741
2012-05-04-20_30_50.622,94,3,18,1,-29.257,-78.778,1.741
2012-05-04-20_30_50.623,94,4,18,1,-38.180,-78.801,1.242
2012-05-04-20_30_50.623,94,4,18,1,-38.153,-78.702,1.241
2012-05-04-20_30_50.624,94,4,18,1,-38.253,-78.780,1.241
2012-05-04-20_30_50.625,94,5,18,1,-47.196,-78.788,1.741
2012-05-04-20_30_50.626,94,5,18,1,-47.284,-78.764,1.641
2012-05-04-20_30_50.626,94,5,18,1,-47.255,-78.793,1.641
2012-05-04-20_30_50.627,94,6,18,1,-56.226,-78.862,1.642
2012-05-04-20_30_50.628,94,6,18,1,-56.198,-78.763,1.641
2012-05-04-20_30_50.629,94,6,18,1,-56.299,-78.841,1.641
2012-05-04-20_30_50.630,94,7,18,1,-65.193,-78.777,2.341
2012-05-04-20_30_50.631,94,7,18,1,-65.201,-78.774,2.341
2012-05-04-20_30_50.631,94,7,18,1,-65.181,-78.675,2.341
2012-05-04-20_30_50.632,94,0,19,0,2.265,-83.282,2.153
2012-05-04-20_30_50.633,94,0,19,0,2.295,-83.195,2.153
2012-05-04-20_30_50.634,94,0,19,0,2.189,-83.254,2.053
2012-05-04-20_30_50.635,94,1,19,0,-6.748,-83.289,2.053
2012-05-04-20_30_50.635,94,1,19,0,-6.829,-83.268,2.053
2012-05-04-20_30_50.636,94,1,19,0,-6.770,-83.210,2.053
2012-05-04-20_30_50.637,94,2,19,0,-15.700,-83.212,1.453
2012-05-04-20_30_50.638,94,2,19,0,-15.775,-83.184,1.453
2012-05-04-20_30_50.639,94,2,19,0,-15.721,-83.141,1.453
2012-05-04-20_30_50.640,94,3,19,0,-24.722,-83.294,1.853
2012-05-04-20_30_50.641,94,3,19,0,-24.692,-83.207,1.853
2012-05-04-20_30_50.641,94,3,19,0,-24.798,-83.266,1.853
2012-05-04-20_30_50.642,94,4,19,0,-33.719,-83.296,1.253
2012-05-04-20_30_50.643,94,4,19,0,-33.689,-83.209,1.253
2012-05-04-20_30_50.644,94,4,19,0,-33.794,-83.268,1.153
2012-05-04-20_30_50.645,94,5,19,0,-42.732,-83.295,1.753
2012-05-04-20_30_50.645,94,5,19,0,-42.681,-83.336,1.653
2012-05-04-20_30_50.646,94,5,19,0,-42.784,-83.311,1.853
2012-05-04-20_30_50.647,94,6,19,0,-51.764,-83.356,1.553
2012-05-04-20_30_50.648,94,6,19,0,-51.734,-83.270,1.553
2012-05-04-20_30_50.648,94,6,19,0,-51.840,-83.329,1.553
2012-05-04-20_30_50.650,94,7,19,0,-60.659,-83.293,2.353
2012-05-04-20_30_50.651,94,7,19,0,-60.734,-83.265,2.353
2012-05-04-20_30_50.652,94,7,19,0,-60.680,-83.222,2.353
2012-05-04-20_30_50.653,94,0,19,1,-2.195,-83.293,2.165
2012-05-04-20_30_50.653,94,0,19,1,-2.167,-83.195,2.165
2012-05-04-20_30_50.657,94,0,19,1,-2.270,-83.267,2.065
2012-05-04-20_30_50.657,94,1,19,1,-11.213,-83.290,1.965
2012-05-04-20_30_50.658,94,1,19,1,-11.342,-83.227,1.965
2012-05-04-20_30_50.659,94,1,19,1,-11.237,-83.209,1.965
2012-05-04-20_30_50.659,94,2,19,1,-20.160,-83.223,1.465
2012-05-04-20_30_50.660,94,2,19,1,-20.235,-83.197,1.465
2012-05-04-20_30_50.661,94,2,19,1,-20.242,-83.195,1.465
2012-05-04-20_30_50.662,94,3,19,1,-29.182,-83.305,1.565
2012-05-04-20_30_50.663,94,3,19,1,-29.154,-83.207,1.865
2012-05-04-20_30_50.663,94,3,19,1,-29.257,-83.279,1.865
2012-05-04-20_30_50.664,94,4,19,1,-38.178,-83.307,1.265
2012-05-04-20_30_50.665,94,4,19,1,-38.151,-83.209,1.265
2012-05-04-20_30_50.667,94,4,19,1,-38.254,-83.281,1.265
2012-05-04-20_30_50.668,94,5,19,1,-47.194,-83.295,1.665
2012-05-04-20_30_50.668,94,5,19,1,-47.285,-83.269,1.665
2012-05-04-20_30_50.669,94,5,19,1,-47.253,-83.299,5.865
2012-05-04-20_30_50.669,94,6,19,1,-56.196,-83.270,1.565
2012-05-04-20_30_50.670,94,6,19,1,-56.299,-83.342,1.665
2012-05-04-20_30_50.671,94,6,19,1,-56.307,-83.340,1.565
2012-05-04-20_30_50.671,94,7,19,1,-65.194,-83.278,2.365
2012-05-04-20_30_50.672,94,7,19,1,-65.201,-83.276,2.365
2012-05-04-20_30_50.674,94,7,19,1,-65.181,-83.180,2.365
2012-05-04-20_30_50.675,94,0,20,0,2.267,-87.783,2.178
2012-05-04-20_30_50.676,94,0,20,0,2.294,-87.696,2.178
2012-05-04-20_30_50.677,94,0,20,0,2.187,-87.754,2.078
2012-05-04-20_30_50.677,94,1,20,0,-6.751,-87.793,1.978
2012-05-04-20_30_50.678,94,1,20,0,-6.829,-87.767,1.978
2012-05-04-20_30_50.679,94,1,20,0,-6.768,-87.715,1.978
2012-05-04-20_30_50.680,94,2,20,0,-15.698,-87.713,1.478
2012-05-04-20_30_50.681,94,2,20,0,-15.778,-87.684,1.478
2012-05-04-20_30_50.682,94,2,20,0,-15.719,-87.639,1.478
2012-05-04-20_30_50.682,94,3,20,0,-24.720,-87.795,1.878
2012-05-04-20_30_50.683,94,3,20,0,-24.693,-87.708,1.878
2012-05-04-20_30_50.684,94,3,20,0,-24.800,-87.767,1.878
2012-05-04-20_30_50.685,94,4,20,0,-33.717,-87.797,1.178
2012-05-04-20_30_50.686,94,4,20,0,-33.689,-87.710,1.178
2012-05-04-20_30_50.687,94,4,20,0,-33.797,-87.768,1.178
2012-05-04-20_30_50.688,94,5,20,0,-42.733,-87.796,1.878
2012-05-04-20_30_50.688,94,5,20,0,-42.682,-87.835,1.578
2012-05-04-20_30_50.689,94,5,20,0,-42.782,-87.809,1.778
2012-05-04-20_30_50.690,94,6,20,0,-51.762,-87.858,1.578
2012-05-04-20_30_50.691,94,6,20,0,-51.735,-87.770,1.578
2012-05-04-20_30_50.692,94,6,20,0,-51.684,-87.810,1.578
2012-05-04-20_30_50.692,94,7,20,0,-60.657,-87.794,2.378
2012-05-04-20_30_50.693,94,7,20,0,-60.737,-87.765,2.378
2012-05-04-20_30_50.694,94,7,20,0,-60.678,-87.720,2.378
2012-05-04-20_30_50.695,94,0,20,1,-2.193,-87.791,2.087
2012-05-04-20_30_50.695,94,0,20,1,-2.276,-87.772,2.087
2012-05-04-20_30_50.696,94,0,20,1,-2.217,-87.710,2.087
2012-05-04-20_30_50.697,94,1,20,1,-11.237,-87.715,0.000
2012-05-04-20_30_50.698,94,2,20,1,-20.158,-87.721,1.487
2012-05-04-20_30_50.699,94,2,20,1,-20.241,-87.702,1.487
2012-05-04-20_30_50.700,94,3,20,1,-29.180,-87.803,1.587
2012-05-04-20_30_50.700,94,3,20,1,-29.263,-87.784,1.787
2012-05-04-20_30_50.701,94,3,20,1,-29.204,-87.722,1.887
2012-05-04-20_30_50.702,94,4,20,1,-38.176,-87.805,1.287
2012-05-04-20_30_50.702,94,4,20,1,-38.259,-87.786,1.287
2012-05-04-20_30_50.703,94,4,20,1,-38.200,-87.724,1.287
2012-05-04-20_30_50.704,94,5,20,1,-47.244,-87.810,1.687
2012-05-04-20_30_50.705,94,6,20,1,-56.222,-87.866,1.587
2012-05-04-20_30_50.706,94,6,20,1,-56.305,-87.846,1.587
2012-05-04-20_30_50.707,94,6,20,1,-56.148,-87.811,1.587
2012-05-04-20_30_50.707,94,7,20,1,-65.199,-87.783,2.387
2012-05-04-20_30_50.710,94,7,20,1,-65.140,-87.721,2.387
2012-05-04-20_30_50.711,94,0,21,0,2.269,-92.283,2.096
2012-05-04-20_30_50.712,94,0,21,0,2.296,-92.190,2.096
2012-05-04-20_30_50.712,94,0,21,0,2.186,-92.258,2.096
2012-05-04-20_30_50.713,94,1,21,0,-6.752,-92.295,1.996
2012-05-04-20_30_50.714,94,1,21,0,-6.827,-92.269,1.996
2012-05-04-20_30_50.715,94,1,21,0,-6.770,-92.209,1.996
2012-05-04-20_30_50.715,94,2,21,0,-15.696,-92.213,1.396
2012-05-04-20_30_50.716,94,2,21,0,-15.779,-92.187,1.396
2012-05-04-20_30_50.717,94,2,21,0,-15.752,-92.197,1.396
2012-05-04-20_30_50.718,94,3,21,0,-24.718,-92.295,1.896
2012-05-04-20_30_50.719,94,3,21,0,-24.691,-92.202,1.796
2012-05-04-20_30_50.719,94,3,21,0,-24.801,-92.270,1.896
2012-05-04-20_30_50.720,94,4,21,0,-33.715,-92.297,1.196
2012-05-04-20_30_50.721,94,4,21,0,-33.687,-92.204,1.196
2012-05-04-20_30_50.722,94,4,21,0,-33.797,-92.272,1.196
2012-05-04-20_30_50.722,94,5,21,0,-42.731,-92.290,1.896
2012-05-04-20_30_50.723,94,5,21,0,-42.680,-92.337,1.596
2012-05-04-20_30_50.724,94,5,21,0,-42.780,-92.304,1.896
2012-05-04-20_30_50.725,94,6,21,0,-51.760,-92.358,1.496
2012-05-04-20_30_50.726,94,6,21,0,-51.733,-92.264,1.596
2012-05-04-20_30_50.727,94,6,21,0,-51.682,-92.311,1.596
2012-05-04-20_30_50.727,94,7,21,0,-60.655,-92.294,2.296
2012-05-04-20_30_50.729,94,7,21,0,-60.737,-92.268,2.296
2012-05-04-20_30_50.729,94,7,21,0,-60.676,-92.215,2.296
2012-05-04-20_30_50.730,94,0,21,1,-2.193,-92.289,2.105
2012-05-04-20_30_50.731,94,0,21,1,-2.168,-92.190,2.104
2012-05-04-20_30_50.732,94,0,21,1,-2.269,-92.270,2.104
2012-05-04-20_30_50.732,94,1,21,1,-11.214,-92.295,2.104
2012-05-04-20_30_50.733,94,1,21,1,-11.342,-92.221,2.104
2012-05-04-20_30_50.735,94,1,21,1,-11.235,-92.209,2.104
2012-05-04-20_30_50.736,94,2,21,1,-20.158,-92.219,1.505
2012-05-04-20_30_50.736,94,2,21,1,-20.234,-92.200,1.504
2012-05-04-20_30_50.737,94,2,21,1,-20.241,-92.199,1.504
2012-05-04-20_30_50.738,94,3,21,1,-29.180,-92.301,1.605
2012-05-04-20_30_50.740,94,3,21,1,-29.155,-92.202,1.804
2012-05-04-20_30_50.740,94,3,21,1,-29.256,-92.283,1.804
2012-05-04-20_30_50.741,94,4,21,1,-38.177,-92.303,1.205
2012-05-04-20_30_50.742,94,4,21,1,-38.152,-92.204,1.204
2012-05-04-20_30_50.743,94,4,21,1,-38.252,-92.284,1.204
2012-05-04-20_30_50.743,94,5,21,1,-47.195,-92.289,1.704
2012-05-04-20_30_50.744,94,5,21,1,-47.281,-92.269,1.704
2012-05-04-20_30_50.745,94,5,21,1,-47.251,-92.292,1.704
2012-05-04-20_30_50.746,94,6,21,1,-56.222,-92.364,1.605
2012-05-04-20_30_50.746,94,6,21,1,-56.197,-92.264,1.604
2012-05-04-20_30_50.747,94,6,21,1,-56.298,-92.345,1.604
2012-05-04-20_30_50.748,94,7,21,1,-65.192,-92.281,2.104
2012-05-04-20_30_50.749,94,7,21,1,-65.200,-92.280,2.204
2012-05-04-20_30_50.750,94,7,21,1,-65.177,-92.180,2.204
2012-05-04-20_30_50.750,94,0,22,0,2.259,-96.780,2.116
2012-05-04-20_30_50.751,94,0,22,0,2.296,-96.691,2.116
2012-05-04-20_30_50.752,94,0,22,0,2.186,-96.758,2.116
2012-05-04-20_30_50.753,94,1,22,0,-6.752,-96.794,2.016
2012-05-04-20_30_50.754,94,1,22,0,-6.828,-96.774,2.016
2012-05-04-20_30_50.754,94,1,22,0,-6.771,-96.707,2.016
2012-05-04-20_30_50.755,94,2,22,0,-15.706,-96.710,1.416
2012-05-04-20_30_50.756,94,2,22,0,-15.779,-96.688,1.416
2012-05-04-20_30_50.757,94,2,22,0,-15.715,-96.639,1.416
2012-05-04-20_30_50.758,94,3,22,0,-24.728,-96.792,1.816
2012-05-04-20_30_50.760,94,3,22,0,-24.691,-96.703,1.816
2012-05-04-20_30_50.761,94,3,22,0,-24.801,-96.770,1.816
2012-05-04-20_30_50.761,94,4,22,0,-33.725,-96.794,1.216
2012-05-04-20_30_50.763,94,4,22,0,-33.687,-96.705,1.216
2012-05-04-20_30_50.764,94,4,22,0,-33.798,-96.772,1.216
2012-05-04-20_30_50.765,94,5,22,0,-42.731,-96.790,1.816
2012-05-04-20_30_50.765,94,5,22,0,-42.680,-96.842,1.716
2012-05-04-20_30_50.766,94,5,22,0,-42.778,-96.809,1.916
2012-05-04-20_30_50.766,94,6,22,0,-51.770,-96.855,1.616
2012-05-04-20_30_50.768,94,6,22,0,-51.733,-96.765,1.616
2012-05-04-20_30_50.768,94,6,22,0,-51.682,-96.816,1.516
2012-05-04-20_30_50.769,94,7,22,0,-60.665,-96.791,2.316
2012-05-04-20_30_50.770,94,7,22,0,-60.738,-96.769,2.316
2012-05-04-20_30_50.771,94,7,22,0,-60.674,-96.720,2.316
2012-05-04-20_30_50.772,94,0,22,1,-2.194,-96.786,2.125
2012-05-04-20_30_50.773,94,0,22,1,-2.171,-96.690,2.125
2012-05-04-20_30_50.773,94,0,22,1,-2.267,-96.769,2.125
2012-05-04-20_30_50.775,94,1,22,1,-11.214,-96.793,2.025
2012-05-04-20_30_50.777,94,1,22,1,-11.345,-96.722,2.025
2012-05-04-20_30_50.777,94,1,22,1,-11.235,-96.707,2.025
2012-05-04-20_30_50.778,94,2,22,1,-20.158,-96.716,1.525
2012-05-04-20_30_50.779,94,2,22,1,-20.232,-96.699,1.525
2012-05-04-20_30_50.781,94,2,22,1,-20.239,-96.698,1.525
2012-05-04-20_30_50.781,94,3,22,1,-29.181,-96.798,1.625
2012-05-04-20_30_50.782,94,3,22,1,-29.158,-96.702,1.625
2012-05-04-20_30_50.783,94,3,22,1,-29.254,-96.781,1.625
2012-05-04-20_30_50.783,94,4,22,1,-38.177,-96.800,1.225
2012-05-04-20_30_50.784,94,4,22,1,-38.154,-96.704,1.225
2012-05-04-20_30_50.785,94,4,22,1,-38.250,-96.783,1.225
2012-05-04-20_30_50.785,94,5,22,1,-47.198,-96.790,1.725
2012-05-04-20_30_50.786,94,5,22,1,-47.281,-96.768,1.625
2012-05-04-20_30_50.787,94,5,22,1,-47.252,-96.792,1.625
2012-05-04-20_30_50.788,94,6,22,1,-56.223,-96.861,1.625
2012-05-04-20_30_50.788,94,6,22,1,-56.200,-96.765,1.625
2012-05-04-20_30_50.789,94,6,22,1,-56.296,-96.844,1.625
2012-05-04-20_30_50.790,94,7,22,1,-65.190,-96.780,2.125
2012-05-04-20_30_50.791,94,7,22,1,-65.198,-96.779,2.125
2012-05-04-20_30_50.792,94,7,22,1,-65.177,-96.678,2.125
2012-05-04-20_30_50.793,94,0,23,0,2.273,-101.278,2.040
2012-05-04-20_30_50.793,94,0,23,0,2.296,-101.190,2.040
2012-05-04-20_30_50.795,94,0,23,0,2.188,-101.254,2.040
2012-05-04-20_30_50.795,94,1,23,0,-6.755,-101.289,1.940
2012-05-04-20_30_50.796,94,1,23,0,-6.828,-101.269,1.940
2012-05-04-20_30_50.796,94,1,23,0,-6.774,-101.204,1.940
2012-05-04-20_30_50.797,94,2,23,0,-15.692,-101.208,1.340
2012-05-04-20_30_50.798,94,2,23,0,-15.777,-101.184,1.340
2012-05-04-20_30_50.799,94,2,23,0,-15.713,-101.139,1.340
2012-05-04-20_30_50.800,94,3,23,0,-24.714,-101.290,1.840
2012-05-04-20_30_50.801,94,3,23,0,-24.691,-101.202,1.840
2012-05-04-20_30_50.801,94,3,23,0,-24.799,-101.267,1.740
2012-05-04-20_30_50.802,94,4,23,0,-33.711,-101.292,1.140
2012-05-04-20_30_50.803,94,4,23,0,-33.688,-101.204,1.140
2012-05-04-20_30_50.804,94,4,23,0,-33.796,-101.268,1.140
2012-05-04-20_30_50.805,94,5,23,0,-42.732,-101.290,1.840
2012-05-04-20_30_50.805,94,5,23,0,-42.681,-101.338,1.540
2012-05-04-20_30_50.806,94,5,23,0,-42.776,-101.309,1.840
2012-05-04-20_30_50.807,94,6,23,0,-51.756,-101.353,1.540
2012-05-04-20_30_50.808,94,6,23,0,-51.733,-101.264,1.540
2012-05-04-20_30_50.809,94,6,23,0,-51.682,-101.312,1.540
2012-05-04-20_30_50.810,94,7,23,0,-60.651,-101.289,2.240
2012-05-04-20_30_50.810,94,7,23,0,-60.736,-101.265,2.240
2012-05-04-20_30_50.811,94,7,23,0,-60.672,-101.219,2.240
2012-05-04-20_30_50.812,94,0,23,1,-2.182,-101.276,2.140
2012-05-04-20_30_50.812,94,0,23,1,-2.164,-101.190,2.140
2012-05-04-20_30_50.813,94,0,23,1,-2.262,-101.265,2.140
2012-05-04-20_30_50.815,94,1,23,1,-11.210,-101.289,2.040
2012-05-04-20_30_50.816,94,1,23,1,-11.338,-101.222,2.040
2012-05-04-20_30_50.816,94,1,23,1,-11.236,-101.204,2.040
2012-05-04-20_30_50.817,94,2,23,1,-20.147,-101.206,1.440
2012-05-04-20_30_50.818,94,2,23,1,-20.227,-101.195,1.440
2012-05-04-20_30_50.819,94,2,23,1,-20.237,-101.194,1.440
2012-05-04-20_30_50.819,94,3,23,1,-29.169,-101.289,1.540
2012-05-04-20_30_50.820,94,3,23,1,-29.151,-101.202,1.640
2012-05-04-20_30_50.821,94,3,23,1,-29.249,-101.277,1.540
2012-05-04-20_30_50.822,94,4,23,1,-38.165,-101.290,1.240
2012-05-04-20_30_50.823,94,4,23,1,-38.148,-101.204,1.240
2012-05-04-20_30_50.824,94,4,23,1,-38.246,-101.279,1.240
2012-05-04-20_30_50.825,94,5,23,1,-47.191,-101.290,1.640
2012-05-04-20_30_50.825,94,5,23,1,-47.279,-101.265,1.740
2012-05-04-20_30_50.827,94,5,23,1,-47.250,-101.292,1.640
2012-05-04-20_30_50.827,94,6,23,1,-56.211,-101.351,1.540
2012-05-04-20_30_50.828,94,6,23,1,-56.193,-101.264,1.540
2012-05-04-20_30_50.829,94,6,23,1,-56.291,-101.339,1.540
2012-05-04-20_30_50.830,94,7,23,1,-65.186,-101.276,2.140
2012-05-04-20_30_50.831,94,7,23,1,-65.196,-101.275,2.040
2012-05-04-20_30_50.832,94,7,23,1,-65.175,-101.176,2.140
