2012-05-06-01_42_04.865,497,0,0,0,2.259,2.220,3.397
2012-05-06-01_42_04.867,497,1,0,0,-6.747,2.205,2.896
2012-05-06-01_42_04.867,497,2,0,0,-15.738,2.300,2.497
2012-05-06-01_42_04.868,497,3,0,0,-24.792,2.205,2.897
2012-05-06-01_42_04.869,497,4,0,0,-33.779,2.230,1.997
2012-05-06-01_42_04.870,497,5,0,0,-42.794,2.167,2.697
2012-05-06-01_42_04.871,497,6,0,0,-51.793,2.164,2.597
2012-05-06-01_42_04.871,497,7,0,0,-60.715,2.246,3.297
2012-05-06-01_42_04.872,497,0,0,1,-2.183,2.212,3.596
2012-05-06-01_42_04.873,497,1,0,1,-11.201,2.204,2.996
2012-05-06-01_42_04.891,497,2,0,1,-20.180,2.293,2.596
2012-05-06-01_42_04.892,497,3,0,1,-29.235,2.197,2.696
2012-05-06-01_42_04.893,497,4,0,1,-38.222,2.222,2.296
2012-05-06-01_42_04.894,497,5,0,1,-47.237,2.160,2.596
2012-05-06-01_42_04.894,497,6,0,1,-56.235,2.156,2.696
2012-05-06-01_42_04.895,497,7,0,1,-65.157,2.239,3.496
2012-05-06-01_42_04.896,497,0,1,0,2.271,-2.279,3.512
2012-05-06-01_42_04.896,497,1,1,0,-6.745,-2.291,3.112
2012-05-06-01_42_04.897,497,2,1,0,-15.726,-2.199,2.512
2012-05-06-01_42_04.897,497,3,1,0,-24.781,-2.295,2.912
2012-05-06-01_42_04.904,497,4,1,0,-33.768,-2.270,2.112
2012-05-06-01_42_04.905,497,5,1,0,-42.782,-2.332,2.712
2012-05-06-01_42_04.906,497,6,1,0,-51.781,-2.336,2.712
2012-05-06-01_42_04.906,497,7,1,0,-60.703,-2.253,3.512
2012-05-06-01_42_04.908,497,0,1,1,-2.186,-2.289,3.619
2012-05-06-01_42_04.908,497,1,1,1,-11.199,-2.290,3.119
2012-05-06-01_42_04.909,497,2,1,1,-20.183,-2.209,2.619
2012-05-06-01_42_04.910,497,3,1,1,-29.238,-2.304,2.719
2012-05-06-01_42_04.911,497,4,1,1,-38.225,-2.279,2.119
2012-05-06-01_42_04.913,497,5,1,1,-47.239,-2.342,2.619
2012-05-06-01_42_04.914,497,6,1,1,-56.238,-2.345,2.719
2012-05-06-01_42_04.915,497,7,1,1,-65.160,-2.263,3.419
2012-05-06-01_42_04.917,497,0,2,0,2.271,-6.784,3.628
2012-05-06-01_42_04.918,497,1,2,0,-6.745,-6.788,3.128
2012-05-06-01_42_04.918,497,2,2,0,-15.726,-6.704,2.628
2012-05-06-01_42_04.919,497,3,2,0,-24.781,-6.799,2.928
2012-05-06-01_42_04.920,497,4,2,0,-33.768,-6.774,2.228
2012-05-06-01_42_04.921,497,5,2,0,-42.783,-6.837,2.828
2012-05-06-01_42_04.922,497,6,2,0,-51.781,-6.840,2.828
2012-05-06-01_42_04.923,497,7,2,0,-60.703,-6.758,3.628
2012-05-06-01_42_04.925,497,0,2,1,-2.186,-6.792,25.537
2012-05-06-01_42_04.925,497,1,2,1,-11.200,-6.787,3.137
2012-05-06-01_42_04.928,497,2,2,1,-20.184,-6.712,5.537
2012-05-06-01_42_04.928,497,3,2,1,-29.238,-6.808,24.937
2012-05-06-01_42_04.929,497,4,2,1,-38.225,-6.783,5.037
2012-05-06-01_42_04.930,497,5,2,1,-47.240,-6.845,25.737
2012-05-06-01_42_04.933,497,6,2,1,-56.239,-6.848,8.537
2012-05-06-01_42_04.934,497,7,2,1,-65.161,-6.766,6.037
2012-05-06-01_42_04.935,497,0,3,0,2.270,-11.282,3.647
2012-05-06-01_42_04.936,497,1,3,0,-6.743,-11.287,3.147
2012-05-06-01_42_04.937,497,2,3,0,-15.727,-11.202,2.547
2012-05-06-01_42_04.938,497,3,3,0,-24.781,-11.297,2.947
2012-05-06-01_42_04.939,497,4,3,0,-33.769,-11.272,2.347
2012-05-06-01_42_04.939,497,5,3,0,-42.783,-11.334,2.747
2012-05-06-01_42_04.940,497,6,3,0,-51.782,-11.338,2.747
2012-05-06-01_42_04.941,497,7,3,0,-60.704,-11.256,3.547
2012-05-06-01_42_04.941,497,0,3,1,-2.187,-11.288,3.659
2012-05-06-01_42_04.942,497,1,3,1,-11.200,-11.286,3.159
2012-05-06-01_42_04.942,497,2,3,1,-20.184,-11.208,2.659
2012-05-06-01_42_04.943,497,3,3,1,-29.239,-11.303,2.959
2012-05-06-01_42_04.943,497,4,3,1,-38.226,-11.278,2.459
2012-05-06-01_42_04.944,497,5,3,1,-47.240,-11.341,2.659
2012-05-06-01_42_04.944,497,6,3,1,-56.239,-11.344,2.859
2012-05-06-01_42_04.945,497,7,3,1,-65.161,-11.262,3.359
2012-05-06-01_42_04.946,497,0,4,0,2.270,-15.781,3.573
2012-05-06-01_42_04.947,497,1,4,0,-6.741,-15.794,3.173
2012-05-06-01_42_04.948,497,2,4,0,-15.727,-15.701,2.573
2012-05-06-01_42_04.949,497,3,4,0,-24.782,-15.797,2.973
2012-05-06-01_42_04.951,497,4,4,0,-33.769,-15.772,2.073
2012-05-06-01_42_04.953,497,5,4,0,-42.784,-15.834,2.773
2012-05-06-01_42_04.954,497,6,4,0,-51.782,-15.837,2.673
2012-05-06-01_42_04.955,497,7,4,0,-60.704,-15.755,3.473
2012-05-06-01_42_04.956,497,0,4,1,-2.187,-15.788,3.683
2012-05-06-01_42_04.957,497,1,4,1,-11.203,-15.794,3.082
2012-05-06-01_42_04.959,497,2,4,1,-20.184,-15.708,2.683
2012-05-06-01_42_04.960,497,3,4,1,-29.239,-15.804,2.883
2012-05-06-01_42_04.961,497,4,4,1,-38.226,-15.779,2.183
2012-05-06-01_42_04.961,497,5,4,1,-47.241,-15.841,2.483
2012-05-06-01_42_04.962,497,6,4,1,-56.239,-15.844,2.683
2012-05-06-01_42_04.963,497,7,4,1,-65.161,-15.762,3.383
2012-05-06-01_42_04.963,497,0,5,0,2.267,-20.280,3.691
2012-05-06-01_42_04.967,497,1,5,0,-6.742,-20.297,3.191
2012-05-06-01_42_04.968,497,2,5,0,-15.730,-20.200,2.691
2012-05-06-01_42_04.968,497,3,5,0,-24.785,-20.295,2.891
2012-05-06-01_42_04.970,497,4,5,0,-33.772,-20.270,2.291
2012-05-06-01_42_04.971,497,5,5,0,-42.786,-20.332,2.791
2012-05-06-01_42_04.971,497,6,5,0,-51.785,-20.336,2.691
2012-05-06-01_42_04.972,497,7,5,0,-60.707,-20.254,3.391
2012-05-06-01_42_04.973,497,0,5,1,-2.185,-20.288,3.700
2012-05-06-01_42_04.974,497,1,5,1,-11.206,-20.297,3.100
2012-05-06-01_42_04.975,497,2,5,1,-20.182,-20.208,2.700
2012-05-06-01_42_04.977,497,3,5,1,-29.237,-20.303,2.900
2012-05-06-01_42_04.978,497,4,5,1,-38.224,-20.278,2.200
2012-05-06-01_42_04.979,497,5,5,1,-47.239,-20.340,2.600
2012-05-06-01_42_04.980,497,6,5,1,-56.237,-20.344,2.800
2012-05-06-01_42_04.982,497,7,5,1,-65.159,-20.262,3.500
2012-05-06-01_42_04.982,497,0,6,0,2.269,-24.780,3.610
2012-05-06-01_42_04.983,497,1,6,0,-6.739,-24.792,3.110
2012-05-06-01_42_04.984,497,2,6,0,-15.728,-24.700,2.610
2012-05-06-01_42_04.985,497,3,6,0,-24.783,-24.795,2.910
2012-05-06-01_42_04.987,497,4,6,0,-33.770,-24.770,2.110
2012-05-06-01_42_04.988,497,5,6,0,-42.784,-24.832,2.610
2012-05-06-01_42_04.989,497,6,6,0,-51.783,-24.836,2.710
2012-05-06-01_42_04.990,497,7,6,0,-60.705,-24.754,3.610
2012-05-06-01_42_04.991,497,0,6,1,-2.181,-24.789,3.622
2012-05-06-01_42_04.991,497,1,6,1,-11.206,-24.791,3.222
2012-05-06-01_42_04.992,497,2,6,1,-20.178,-24.709,2.622
2012-05-06-01_42_04.993,497,3,6,1,-29.233,-24.804,3.022
2012-05-06-01_42_04.994,497,4,6,1,-38.220,-24.779,2.122
2012-05-06-01_42_04.995,497,5,6,1,-47.234,-24.842,2.722
2012-05-06-01_42_04.996,497,6,6,1,-56.233,-24.845,2.822
2012-05-06-01_42_04.997,497,7,6,1,-65.155,-24.763,3.522
2012-05-06-01_42_04.998,497,0,7,0,2.269,-29.284,3.635
2012-05-06-01_42_04.999,497,1,7,0,-6.742,-29.288,3.135
2012-05-06-01_42_05.000,497,2,7,0,-15.728,-29.204,2.735
2012-05-06-01_42_05.001,497,3,7,0,-24.783,-29.299,2.935
2012-05-06-01_42_05.002,497,4,7,0,-33.770,-29.274,2.435
2012-05-06-01_42_05.004,497,5,7,0,-42.785,-29.337,2.735
2012-05-06-01_42_05.004,497,6,7,0,-51.784,-29.340,2.835
2012-05-06-01_42_05.006,497,7,7,0,-60.705,-29.258,3.535
2012-05-06-01_42_05.007,497,0,7,1,-2.181,-29.291,3.745
2012-05-06-01_42_05.007,497,1,7,1,-11.209,-29.287,3.145
2012-05-06-01_42_05.009,497,2,7,1,-20.178,-29.211,2.745
2012-05-06-01_42_05.009,497,3,7,1,-29.233,-29.306,2.945
2012-05-06-01_42_05.010,497,4,7,1,-38.220,-29.281,2.345
2012-05-06-01_42_05.011,497,5,7,1,-47.235,-29.344,2.745
2012-05-06-01_42_05.012,497,6,7,1,-56.233,-29.347,2.945
2012-05-06-01_42_05.013,497,7,7,1,-65.155,-29.265,3.545
2012-05-06-01_42_05.016,497,0,8,0,2.271,-33.783,3.654
2012-05-06-01_42_05.017,497,1,8,0,-6.743,-33.785,3.254
2012-05-06-01_42_05.018,497,2,8,0,-15.726,-33.703,2.654
2012-05-06-01_42_05.019,497,3,8,0,-24.781,-33.798,2.954
2012-05-06-01_42_05.020,497,4,8,0,-33.768,-33.773,2.454
2012-05-06-01_42_05.022,497,5,8,0,-42.783,-33.835,2.754
2012-05-06-01_42_05.024,497,6,8,0,-51.782,-33.839,2.954
2012-05-06-01_42_05.026,497,7,8,0,-60.703,-33.757,3.754
2012-05-06-01_42_05.027,497,0,8,1,-2.182,-33.788,3.663
2012-05-06-01_42_05.027,497,1,8,1,-11.212,-33.785,3.263
2012-05-06-01_42_05.029,497,2,8,1,-20.179,-33.708,2.763
2012-05-06-01_42_05.030,497,3,8,1,-29.233,-33.803,2.963
2012-05-06-01_42_05.031,497,4,8,1,-38.221,-33.778,2.463
2012-05-06-01_42_05.034,497,5,8,1,-47.235,-33.840,2.963
2012-05-06-01_42_05.034,497,6,8,1,-56.234,-33.844,2.863
2012-05-06-01_42_05.035,497,7,8,1,-65.156,-33.762,3.563
2012-05-06-01_42_05.037,497,0,9,0,2.275,-38.282,3.672
2012-05-06-01_42_05.038,497,1,9,0,-6.746,-38.294,3.272
2012-05-06-01_42_05.040,497,2,9,0,-15.722,-38.201,2.772
2012-05-06-01_42_05.042,497,3,9,0,-24.777,-38.297,2.972
2012-05-06-01_42_05.043,497,4,9,0,-33.764,-38.272,2.372
2012-05-06-01_42_05.044,497,5,9,0,-42.778,-38.334,2.772
2012-05-06-01_42_05.045,497,6,9,0,-51.777,-38.338,2.872
2012-05-06-01_42_05.046,497,7,9,0,-60.699,-38.255,3.472
2012-05-06-01_42_05.047,497,0,9,1,-2.185,-38.288,3.685
2012-05-06-01_42_05.048,497,1,9,1,-11.213,-38.293,3.185
2012-05-06-01_42_05.049,497,2,9,1,-20.182,-38.208,2.785
2012-05-06-01_42_05.050,497,3,9,1,-29.236,-38.304,2.985
2012-05-06-01_42_05.051,497,4,9,1,-38.223,-38.279,2.285
2012-05-06-01_42_05.052,497,5,9,1,-47.238,-38.341,2.685
2012-05-06-01_42_05.053,497,6,9,1,-56.237,-38.344,2.885
2012-05-06-01_42_05.054,497,7,9,1,-65.159,-38.262,3.585
2012-05-06-01_42_05.055,497,0,10,0,2.275,-42.779,3.698
2012-05-06-01_42_05.055,497,1,10,0,-6.751,-42.796,3.298
2012-05-06-01_42_05.056,497,2,10,0,-15.722,-42.699,2.798
2012-05-06-01_42_05.057,497,3,10,0,-24.777,-42.795,2.998
2012-05-06-01_42_05.058,497,4,10,0,-33.764,-42.770,2.298
2012-05-06-01_42_05.059,497,5,10,0,-42.779,-42.832,2.798
2012-05-06-01_42_05.060,497,6,10,0,-51.777,-42.835,2.998
2012-05-06-01_42_05.061,497,7,10,0,-60.699,-42.753,3.698
2012-05-06-01_42_05.062,497,0,10,1,-2.187,-42.788,3.808
2012-05-06-01_42_05.063,497,1,10,1,-11.211,-42.796,3.208
2012-05-06-01_42_05.064,497,2,10,1,-20.185,-42.708,2.708
2012-05-06-01_42_05.065,497,3,10,1,-29.239,-42.803,3.108
2012-05-06-01_42_05.066,497,4,10,1,-38.226,-42.778,2.508
2012-05-06-01_42_05.067,497,5,10,1,-47.241,-42.840,2.808
2012-05-06-01_42_05.068,497,6,10,1,-56.240,-42.844,2.908
2012-05-06-01_42_05.069,497,7,10,1,-65.162,-42.762,3.608
2012-05-06-01_42_05.070,497,0,11,0,2.277,-47.279,3.617
2012-05-06-01_42_05.072,497,1,11,0,-6.749,-47.291,3.317
2012-05-06-01_42_05.073,497,2,11,0,-15.720,-47.199,2.817
2012-05-06-01_42_05.074,497,3,11,0,-24.775,-47.295,3.117
2012-05-06-01_42_05.075,497,4,11,0,-33.762,-47.270,2.417
2012-05-06-01_42_05.076,497,5,11,0,-42.777,-47.332,2.817
2012-05-06-01_42_05.077,497,6,11,0,-51.775,-47.336,2.917
2012-05-06-01_42_05.078,497,7,11,0,-60.697,-47.253,3.517
2012-05-06-01_42_05.079,497,0,11,1,-2.190,-47.289,3.826
2012-05-06-01_42_05.080,497,1,11,1,-11.213,-47.290,3.326
2012-05-06-01_42_05.080,497,2,11,1,-20.187,-47.209,2.726
2012-05-06-01_42_05.081,497,3,11,1,-29.242,-47.305,2.926
2012-05-06-01_42_05.083,497,4,11,1,-38.229,-47.280,2.526
2012-05-06-01_42_05.083,497,5,11,1,-47.244,-47.342,2.826
2012-05-06-01_42_05.085,497,6,11,1,-56.242,-47.346,3.026
2012-05-06-01_42_05.086,497,7,11,1,-65.164,-47.263,3.626
2012-05-06-01_42_05.087,497,0,12,0,2.279,-51.785,3.636
2012-05-06-01_42_05.088,497,1,12,0,-6.749,-51.788,3.236
2012-05-06-01_42_05.089,497,2,12,0,-15.718,-51.705,2.736
2012-05-06-01_42_05.091,497,3,12,0,-24.773,-51.800,3.036
2012-05-06-01_42_05.092,497,4,12,0,-33.760,-51.775,2.236
2012-05-06-01_42_05.093,497,5,12,0,-42.775,-51.837,2.836
2012-05-06-01_42_05.094,497,6,12,0,-51.773,-51.841,2.936
2012-05-06-01_42_05.095,497,7,12,0,-60.695,-51.759,3.736
2012-05-06-01_42_05.097,497,0,12,1,-2.188,-51.792,3.850
2012-05-06-01_42_05.098,497,1,12,1,-11.211,-51.788,3.349
2012-05-06-01_42_05.100,497,2,12,1,-20.185,-51.712,2.850
2012-05-06-01_42_05.100,497,3,12,1,-29.240,-51.807,3.050
2012-05-06-01_42_05.101,497,4,12,1,-38.227,-51.782,2.650
2012-05-06-01_42_05.102,497,5,12,1,-47.242,-51.845,2.850
2012-05-06-01_42_05.103,497,6,12,1,-56.240,-51.848,3.050
2012-05-06-01_42_05.104,497,7,12,1,-65.162,-51.766,3.650
2012-05-06-01_42_05.106,497,0,13,0,2.276,-56.282,3.762
2012-05-06-01_42_05.107,497,1,13,0,-6.752,-56.286,3.362
2012-05-06-01_42_05.108,497,2,13,0,-15.721,-56.202,2.762
2012-05-06-01_42_05.109,497,3,13,0,-24.776,-56.297,2.962
2012-05-06-01_42_05.110,497,4,13,0,-33.763,-56.272,2.462
2012-05-06-01_42_05.111,497,5,13,0,-42.778,-56.335,2.762
2012-05-06-01_42_05.112,497,6,13,0,-51.776,-56.338,2.962
2012-05-06-01_42_05.113,497,7,13,0,-60.698,-56.256,3.562
2012-05-06-01_42_05.114,497,0,13,1,-2.191,-56.287,3.872
2012-05-06-01_42_05.115,497,1,13,1,-11.209,-56.286,3.271
2012-05-06-01_42_05.116,497,2,13,1,-20.188,-56.207,2.872
2012-05-06-01_42_05.118,497,3,13,1,-29.243,-56.303,2.872
2012-05-06-01_42_05.119,497,4,13,1,-38.230,-56.278,2.372
2012-05-06-01_42_05.121,497,5,13,1,-47.245,-56.340,2.872
2012-05-06-01_42_05.122,497,6,13,1,-56.243,-56.343,2.872
2012-05-06-01_42_05.123,497,7,13,1,-65.165,-56.261,3.672
2012-05-06-01_42_05.125,497,0,14,0,2.275,-60.782,3.779
2012-05-06-01_42_05.126,497,1,14,0,-6.753,-60.794,3.279
2012-05-06-01_42_05.127,497,2,14,0,-15.722,-60.702,2.779
2012-05-06-01_42_05.128,497,3,14,0,-24.776,-60.798,3.079
2012-05-06-01_42_05.129,497,4,14,0,-33.763,-60.772,2.579
2012-05-06-01_42_05.130,497,5,14,0,-42.778,-60.835,2.779
2012-05-06-01_42_05.132,497,6,14,0,-51.777,-60.838,2.979
2012-05-06-01_42_05.133,497,7,14,0,-60.699,-60.756,3.879
2012-05-06-01_42_05.134,497,0,14,1,-2.194,-60.788,3.788
2012-05-06-01_42_05.135,497,1,14,1,-11.210,-60.794,3.388
2012-05-06-01_42_05.137,497,2,14,1,-20.191,-60.708,2.788
2012-05-06-01_42_05.138,497,3,14,1,-29.246,-60.803,3.088
2012-05-06-01_42_05.139,497,4,14,1,-38.233,-60.778,2.588
2012-05-06-01_42_05.140,497,5,14,1,-47.247,-60.840,2.888
2012-05-06-01_42_05.142,497,6,14,1,-56.246,-60.844,2.988
2012-05-06-01_42_05.143,497,7,14,1,-65.168,-60.762,3.688
2012-05-06-01_42_05.144,497,0,15,0,2.273,-65.280,3.897
2012-05-06-01_42_05.146,497,1,15,0,-6.753,-65.297,3.397
2012-05-06-01_42_05.147,497,2,15,0,-15.725,-65.199,2.797
2012-05-06-01_42_05.148,497,3,15,0,-24.779,-65.295,3.097
2012-05-06-01_42_05.150,497,4,15,0,-33.766,-65.270,2.497
2012-05-06-01_42_05.151,497,5,15,0,-42.781,-65.332,2.797
2012-05-06-01_42_05.152,497,6,15,0,-51.780,-65.336,2.997
2012-05-06-01_42_05.153,497,7,15,0,-60.702,-65.253,3.497
2012-05-06-01_42_05.157,497,0,15,1,-2.194,-65.288,3.810
2012-05-06-01_42_05.158,497,1,15,1,-11.205,-65.296,3.310
2012-05-06-01_42_05.159,497,2,15,1,-20.191,-65.207,2.810
2012-05-06-01_42_05.160,497,3,15,1,-29.246,-65.303,2.910
2012-05-06-01_42_05.161,497,4,15,1,-38.233,-65.278,2.510
2012-05-06-01_42_05.162,497,5,15,1,-47.248,-65.340,2.910
2012-05-06-01_42_05.163,497,6,15,1,-56.247,-65.344,2.910
2012-05-06-01_42_05.164,497,7,15,1,-65.168,-65.261,3.710
2012-05-06-01_42_05.165,497,0,16,0,2.270,-69.779,3.822
2012-05-06-01_42_05.166,497,1,16,0,-6.751,-69.790,3.323
2012-05-06-01_42_05.166,497,2,16,0,-15.727,-69.699,2.822
2012-05-06-01_42_05.167,497,3,16,0,-24.782,-69.795,3.122
2012-05-06-01_42_05.169,497,4,16,0,-33.769,-69.770,2.322
2012-05-06-01_42_05.170,497,5,16,0,-42.784,-69.832,2.922
2012-05-06-01_42_05.171,497,6,16,0,-51.782,-69.836,2.922
2012-05-06-01_42_05.172,497,7,16,0,-60.704,-69.753,3.722
2012-05-06-01_42_05.173,497,0,16,1,-2.195,-69.789,3.934
2012-05-06-01_42_05.174,497,1,16,1,-11.208,-69.790,3.334
2012-05-06-01_42_05.175,497,2,16,1,-20.192,-69.709,2.834
2012-05-06-01_42_05.175,497,3,16,1,-29.247,-69.804,3.134
2012-05-06-01_42_05.176,497,4,16,1,-38.234,-69.779,2.534
2012-05-06-01_42_05.177,497,5,16,1,-47.248,-69.841,2.734
2012-05-06-01_42_05.178,497,6,16,1,-56.247,-69.845,2.934
2012-05-06-01_42_05.179,497,7,16,1,-65.169,-69.763,3.634
2012-05-06-01_42_05.180,497,0,17,0,2.267,-74.284,3.842
2012-05-06-01_42_05.181,497,1,17,0,-6.749,-74.288,3.342
2012-05-06-01_42_05.182,497,2,17,0,-15.730,-74.204,2.842
2012-05-06-01_42_05.183,497,3,17,0,-24.785,-74.300,3.042
2012-05-06-01_42_05.184,497,4,17,0,-33.772,-74.275,2.442
2012-05-06-01_42_05.184,497,5,17,0,-42.787,-74.337,2.842
2012-05-06-01_42_05.187,497,6,17,0,-51.785,-74.341,2.942
2012-05-06-01_42_05.188,497,7,17,0,-60.707,-74.258,3.742
2012-05-06-01_42_05.189,497,0,17,1,-2.193,-74.291,3.852
2012-05-06-01_42_05.190,497,1,17,1,-11.209,-74.288,3.352
2012-05-06-01_42_05.191,497,2,17,1,-20.190,-74.211,2.852
2012-05-06-01_42_05.192,497,3,17,1,-29.245,-74.307,3.052
2012-05-06-01_42_05.193,497,4,17,1,-38.232,-74.282,2.452
2012-05-06-01_42_05.194,497,5,17,1,-47.246,-74.344,2.852
2012-05-06-01_42_05.195,497,6,17,1,-56.245,-74.348,2.952
2012-05-06-01_42_05.196,497,7,17,1,-65.167,-74.265,3.752
2012-05-06-01_42_05.197,497,0,18,0,2.264,-78.782,3.762
2012-05-06-01_42_05.198,497,1,18,0,-6.747,-78.786,3.362
2012-05-06-01_42_05.199,497,2,18,0,-15.733,-78.702,2.862
2012-05-06-01_42_05.200,497,3,18,0,-24.788,-78.797,3.062
2012-05-06-01_42_05.201,497,4,18,0,-33.775,-78.772,2.562
2012-05-06-01_42_05.202,497,5,18,0,-42.789,-78.834,2.762
2012-05-06-01_42_05.203,497,6,18,0,-51.788,-78.838,2.862
2012-05-06-01_42_05.204,497,7,18,0,-60.710,-78.756,3.762
2012-05-06-01_42_05.205,497,0,18,1,-2.193,-78.788,3.875
2012-05-06-01_42_05.206,497,1,18,1,-11.211,-78.785,3.375
2012-05-06-01_42_05.207,497,2,18,1,-20.190,-78.708,2.875
2012-05-06-01_42_05.208,497,3,18,1,-29.245,-78.803,3.175
2012-05-06-01_42_05.209,497,4,18,1,-38.232,-78.778,2.375
2012-05-06-01_42_05.210,497,5,18,1,-47.247,-78.840,2.875
2012-05-06-01_42_05.211,497,6,18,1,-56.245,-78.844,2.975
2012-05-06-01_42_05.212,497,7,18,1,-65.167,-78.762,3.775
2012-05-06-01_42_05.213,497,0,19,0,2.261,-83.282,3.886
2012-05-06-01_42_05.214,497,1,19,0,-6.747,-83.293,3.386
2012-05-06-01_42_05.215,497,2,19,0,-15.736,-83.202,2.886
2012-05-06-01_42_05.216,497,3,19,0,-24.791,-83.297,3.186
2012-05-06-01_42_05.217,497,4,19,0,-33.778,-83.272,2.286
2012-05-06-01_42_05.219,497,5,19,0,-42.792,-83.334,2.886
2012-05-06-01_42_05.220,497,6,19,0,-51.791,-83.338,2.986
2012-05-06-01_42_05.221,497,7,19,0,-60.713,-83.256,3.586
2012-05-06-01_42_05.222,497,0,19,1,-2.191,-83.289,3.897
2012-05-06-01_42_05.223,497,1,19,1,-11.214,-83.294,3.397
2012-05-06-01_42_05.224,497,2,19,1,-20.188,-83.208,2.897
2012-05-06-01_42_05.225,497,3,19,1,-29.243,-83.304,3.097
2012-05-06-01_42_05.226,497,4,19,1,-38.230,-83.279,2.697
2012-05-06-01_42_05.227,497,5,19,1,-47.245,-83.341,2.997
2012-05-06-01_42_05.228,497,6,19,1,-56.243,-83.345,2.997
2012-05-06-01_42_05.228,497,7,19,1,-65.165,-83.262,3.797
2012-05-06-01_42_05.231,497,0,20,0,2.263,-87.780,3.905
2012-05-06-01_42_05.232,497,1,20,0,-6.748,-87.796,3.405
2012-05-06-01_42_05.232,497,2,20,0,-15.734,-87.700,2.905
2012-05-06-01_42_05.233,497,3,20,0,-24.789,-87.795,3.205
2012-05-06-01_42_05.234,497,4,20,0,-33.776,-87.770,2.605
2012-05-06-01_42_05.235,497,5,20,0,-42.790,-87.832,3.005
2012-05-06-01_42_05.236,497,6,20,0,-51.789,-87.836,3.005
2012-05-06-01_42_05.237,497,7,20,0,-60.711,-87.754,3.805
2012-05-06-01_42_05.238,497,0,20,1,-2.192,-87.788,3.914
2012-05-06-01_42_05.241,497,1,20,1,-11.212,-87.796,3.414
2012-05-06-01_42_05.242,497,2,20,1,-20.189,-87.708,2.914
2012-05-06-01_42_05.242,497,3,20,1,-29.243,-87.803,3.214
2012-05-06-01_42_05.244,497,4,20,1,-38.230,-87.778,2.714
2012-05-06-01_42_05.245,497,5,20,1,-47.245,-87.841,2.914
2012-05-06-01_42_05.246,497,6,20,1,-56.244,-87.844,3.014
2012-05-06-01_42_05.247,497,7,20,1,-65.166,-87.762,3.914
2012-05-06-01_42_05.248,497,0,21,0,2.268,-92.279,4.024
2012-05-06-01_42_05.250,497,1,21,0,-6.753,-92.291,3.424
2012-05-06-01_42_05.251,497,2,21,0,-15.729,-92.199,2.924
2012-05-06-01_42_05.252,497,3,21,0,-24.784,-92.294,3.124
2012-05-06-01_42_05.254,497,4,21,0,-33.771,-92.269,2.624
2012-05-06-01_42_05.254,497,5,21,0,-42.786,-92.332,2.924
2012-05-06-01_42_05.256,497,6,21,0,-51.785,-92.335,3.024
2012-05-06-01_42_05.256,497,7,21,0,-60.706,-92.253,3.624
2012-05-06-01_42_05.258,497,0,21,1,-2.192,-92.290,3.937
2012-05-06-01_42_05.259,497,1,21,1,-11.213,-92.291,3.437
2012-05-06-01_42_05.260,497,2,21,1,-20.189,-92.210,2.937
2012-05-06-01_42_05.262,497,3,21,1,-29.244,-92.305,2.937
2012-05-06-01_42_05.263,497,4,21,1,-38.231,-92.280,2.537
2012-05-06-01_42_05.266,497,5,21,1,-47.246,-92.342,3.037
2012-05-06-01_42_05.267,497,6,21,1,-56.244,-92.346,3.037
2012-05-06-01_42_05.267,497,7,21,1,-65.166,-92.264,3.837
2012-05-06-01_42_05.268,497,0,22,0,2.267,-96.784,3.949
2012-05-06-01_42_05.269,497,1,22,0,-6.756,-96.789,3.450
2012-05-06-01_42_05.270,497,2,22,0,-15.730,-96.704,2.949
2012-05-06-01_42_05.271,497,3,22,0,-24.785,-96.799,3.249
2012-05-06-01_42_05.272,497,4,22,0,-33.772,-96.774,2.649
2012-05-06-01_42_05.273,497,5,22,0,-42.786,-96.836,2.949
2012-05-06-01_42_05.275,497,6,22,0,-51.785,-96.840,3.049
2012-05-06-01_42_05.276,497,7,22,0,-60.707,-96.758,3.849
2012-05-06-01_42_05.276,497,0,22,1,-2.192,-96.792,3.958
2012-05-06-01_42_05.278,497,1,22,1,-11.213,-96.790,3.458
2012-05-06-01_42_05.279,497,2,22,1,-20.190,-96.712,2.958
2012-05-06-01_42_05.279,497,3,22,1,-29.244,-96.808,3.058
2012-05-06-01_42_05.280,497,4,22,1,-38.231,-96.783,2.758
2012-05-06-01_42_05.281,497,5,22,1,-47.246,-96.845,3.058
2012-05-06-01_42_05.282,497,6,22,1,-56.245,-96.848,3.158
2012-05-06-01_42_05.283,497,7,22,1,-65.167,-96.766,3.858
2012-05-06-01_42_05.284,497,0,23,0,2.269,-101.282,4.068
2012-05-06-01_42_05.285,497,1,23,0,-6.754,-101.287,3.468
2012-05-06-01_42_05.286,497,2,23,0,-15.728,-101.202,2.968
2012-05-06-01_42_05.287,497,3,23,0,-24.783,-101.298,3.268
2012-05-06-01_42_05.288,497,4,23,0,-33.770,-101.273,2.668
2012-05-06-01_42_05.289,497,5,23,0,-42.784,-101.335,2.968
2012-05-06-01_42_05.290,497,6,23,0,-51.783,-101.339,2.868
2012-05-06-01_42_05.291,497,7,23,0,-60.705,-101.256,3.668
2012-05-06-01_42_05.293,497,0,23,1,-2.181,-101.280,3.968
2012-05-06-01_42_05.294,497,1,23,1,-11.209,-101.287,3.468
2012-05-06-01_42_05.297,497,2,23,1,-20.178,-101.200,2.968
2012-05-06-01_42_05.300,497,3,23,1,-29.232,-101.295,3.068
2012-05-06-01_42_05.301,497,4,23,1,-38.219,-101.270,2.668
2012-05-06-01_42_05.302,497,5,23,1,-47.234,-101.332,3.068
2012-05-06-01_42_05.303,497,6,23,1,-56.233,-101.336,3.068
2012-05-06-01_42_05.304,497,7,23,1,-65.155,-101.254,3.768
