2012-05-06-01_46_02.142,501,0,0,0,2.259,2.220,3.397
2012-05-06-01_46_02.143,501,1,0,0,-6.749,2.204,2.796
2012-05-06-01_46_02.145,501,2,0,0,-15.738,2.300,2.497
2012-05-06-01_46_02.146,501,3,0,0,-24.792,2.205,2.797
2012-05-06-01_46_02.146,501,4,0,0,-33.779,2.230,1.997
2012-05-06-01_46_02.147,501,5,0,0,-42.794,2.167,2.697
2012-05-06-01_46_02.148,501,6,0,0,-51.793,2.164,2.597
2012-05-06-01_46_02.149,501,7,0,0,-60.715,2.246,3.297
2012-05-06-01_46_02.150,501,0,0,1,-2.183,2.213,3.596
2012-05-06-01_46_02.151,501,1,0,1,-11.201,2.205,2.996
2012-05-06-01_46_02.151,501,2,0,1,-20.180,2.293,2.596
2012-05-06-01_46_02.152,501,3,0,1,-29.235,2.197,2.596
2012-05-06-01_46_02.153,501,4,0,1,-38.222,2.223,2.296
2012-05-06-01_46_02.154,501,5,0,1,-47.237,2.160,2.596
2012-05-06-01_46_02.154,501,6,0,1,-56.235,2.157,2.696
2012-05-06-01_46_02.155,501,7,0,1,-65.157,2.239,3.496
2012-05-06-01_46_02.155,501,0,1,0,2.271,-2.280,3.512
2012-05-06-01_46_02.156,501,1,1,0,-6.747,-2.291,3.012
2012-05-06-01_46_02.156,501,2,1,0,-15.726,-2.200,2.512
2012-05-06-01_46_02.157,501,3,1,0,-24.781,-2.295,2.812
2012-05-06-01_46_02.157,501,4,1,0,-33.768,-2.270,2.112
2012-05-06-01_46_02.158,501,5,1,0,-42.782,-2.332,2.612
2012-05-06-01_46_02.159,501,6,1,0,-51.781,-2.336,2.612
2012-05-06-01_46_02.159,501,7,1,0,-60.703,-2.254,3.412
2012-05-06-01_46_02.160,501,0,1,1,-2.186,-2.289,3.619
2012-05-06-01_46_02.161,501,1,1,1,-11.199,-2.290,3.119
2012-05-06-01_46_02.161,501,2,1,1,-20.183,-2.209,2.619
2012-05-06-01_46_02.162,501,3,1,1,-29.238,-2.304,2.619
2012-05-06-01_46_02.162,501,4,1,1,-38.225,-2.279,2.019
2012-05-06-01_46_02.163,501,5,1,1,-47.239,-2.342,2.519
2012-05-06-01_46_02.164,501,6,1,1,-56.238,-2.345,2.619
2012-05-06-01_46_02.165,501,7,1,1,-65.160,-2.263,3.419
2012-05-06-01_46_02.167,501,0,2,0,2.271,-6.784,3.628
2012-05-06-01_46_02.168,501,1,2,0,-6.745,-6.788,3.128
2012-05-06-01_46_02.169,501,2,2,0,-15.726,-6.704,2.628
2012-05-06-01_46_02.170,501,3,2,0,-24.781,-6.800,2.928
2012-05-06-01_46_02.170,501,4,2,0,-33.768,-6.775,2.228
2012-05-06-01_46_02.171,501,5,2,0,-42.783,-6.837,2.928
2012-05-06-01_46_02.172,501,6,2,0,-51.781,-6.841,2.828
2012-05-06-01_46_02.173,501,7,2,0,-60.703,-6.758,3.528
2012-05-06-01_46_02.173,501,0,2,1,-2.186,-6.793,3.637
2012-05-06-01_46_02.174,501,1,2,1,-11.200,-6.787,3.137
2012-05-06-01_46_02.175,501,2,2,1,-20.184,-6.713,2.537
2012-05-06-01_46_02.176,501,3,2,1,-29.238,-6.808,2.937
2012-05-06-01_46_02.177,501,4,2,1,-38.225,-6.783,2.337
2012-05-06-01_46_02.177,501,5,2,1,-47.240,-6.845,2.637
2012-05-06-01_46_02.178,501,6,2,1,-56.239,-6.849,2.737
2012-05-06-01_46_02.182,501,7,2,1,-65.161,-6.766,3.437
2012-05-06-01_46_02.183,501,0,3,0,2.270,-11.282,3.647
2012-05-06-01_46_02.184,501,1,3,0,-6.743,-11.287,3.247
2012-05-06-01_46_02.184,501,2,3,0,-15.727,-11.202,2.547
2012-05-06-01_46_02.185,501,3,3,0,-24.781,-11.297,2.847
2012-05-06-01_46_02.187,501,4,3,0,-33.769,-11.272,2.347
2012-05-06-01_46_02.188,501,5,3,0,-42.783,-11.334,2.747
2012-05-06-01_46_02.189,501,6,3,0,-51.782,-11.338,2.747
2012-05-06-01_46_02.190,501,7,3,0,-60.704,-11.256,3.547
2012-05-06-01_46_02.191,501,0,3,1,-2.187,-11.289,3.759
2012-05-06-01_46_02.191,501,1,3,1,-11.200,-11.287,3.159
2012-05-06-01_46_02.192,501,2,3,1,-20.184,-11.208,2.559
2012-05-06-01_46_02.193,501,3,3,1,-29.239,-11.304,2.859
2012-05-06-01_46_02.194,501,4,3,1,-38.226,-11.279,2.459
2012-05-06-01_46_02.195,501,5,3,1,-47.240,-11.341,2.659
2012-05-06-01_46_02.196,501,6,3,1,-56.239,-11.345,2.859
2012-05-06-01_46_02.198,501,7,3,1,-65.161,-11.262,3.359
2012-05-06-01_46_02.198,501,0,4,0,2.267,-15.782,3.573
2012-05-06-01_46_02.199,501,1,4,0,-6.741,-15.794,3.173
2012-05-06-01_46_02.200,501,2,4,0,-15.730,-15.701,2.573
2012-05-06-01_46_02.201,501,3,4,0,-24.784,-15.797,2.973
2012-05-06-01_46_02.203,501,4,4,0,-33.771,-15.772,2.073
2012-05-06-01_46_02.204,501,5,4,0,-42.786,-15.834,2.573
2012-05-06-01_46_02.205,501,6,4,0,-51.785,-15.838,2.673
2012-05-06-01_46_02.206,501,7,4,0,-60.707,-15.755,3.473
2012-05-06-01_46_02.207,501,0,4,1,-2.185,-15.788,3.583
2012-05-06-01_46_02.208,501,1,4,1,-11.203,-15.794,3.083
2012-05-06-01_46_02.209,501,2,4,1,-20.182,-15.708,2.683
2012-05-06-01_46_02.209,501,3,4,1,-29.237,-15.804,2.883
2012-05-06-01_46_02.210,501,4,4,1,-38.224,-15.779,2.183
2012-05-06-01_46_02.211,501,5,4,1,-47.238,-15.841,2.683
2012-05-06-01_46_02.212,501,6,4,1,-56.237,-15.844,2.683
2012-05-06-01_46_02.213,501,7,4,1,-65.159,-15.762,3.383
2012-05-06-01_46_02.214,501,0,5,0,2.270,-20.279,3.591
2012-05-06-01_46_02.215,501,1,5,0,-6.742,-20.298,5.691
2012-05-06-01_46_02.216,501,2,5,0,-15.728,-20.199,2.691
2012-05-06-01_46_02.217,501,3,5,0,-24.782,-20.295,2.891
2012-05-06-01_46_02.218,501,4,5,0,-33.769,-20.270,2.191
2012-05-06-01_46_02.220,501,5,5,0,-42.784,-20.332,2.691
2012-05-06-01_46_02.221,501,6,5,0,-51.783,-20.335,2.791
2012-05-06-01_46_02.222,501,7,5,0,-60.705,-20.253,3.391
2012-05-06-01_46_02.223,501,0,5,1,-2.185,-20.288,3.701
2012-05-06-01_46_02.224,501,1,5,1,-11.204,-20.297,3.100
2012-05-06-01_46_02.225,501,2,5,1,-20.182,-20.208,2.601
2012-05-06-01_46_02.226,501,3,5,1,-29.237,-20.303,2.901
2012-05-06-01_46_02.227,501,4,5,1,-38.224,-20.278,2.201
2012-05-06-01_46_02.228,501,5,5,1,-47.239,-20.340,2.701
2012-05-06-01_46_02.229,501,6,5,1,-56.237,-20.344,2.701
2012-05-06-01_46_02.230,501,7,5,1,-65.159,-20.262,3.501
2012-05-06-01_46_02.231,501,0,6,0,2.269,-24.780,3.710
2012-05-06-01_46_02.232,501,1,6,0,-6.739,-24.792,3.210
2012-05-06-01_46_02.233,501,2,6,0,-15.728,-24.700,2.710
2012-05-06-01_46_02.234,501,3,6,0,-24.783,-24.795,3.010
2012-05-06-01_46_02.235,501,4,6,0,-33.770,-24.770,2.110
2012-05-06-01_46_02.236,501,5,6,0,-42.784,-24.832,2.610
2012-05-06-01_46_02.237,501,6,6,0,-51.783,-24.836,2.710
2012-05-06-01_46_02.238,501,7,6,0,-60.705,-24.754,3.510
2012-05-06-01_46_02.239,501,0,6,1,-2.183,-24.789,3.622
2012-05-06-01_46_02.240,501,1,6,1,-11.206,-24.790,3.122
2012-05-06-01_46_02.241,501,2,6,1,-20.180,-24.709,2.622
2012-05-06-01_46_02.245,501,3,6,1,-29.235,-24.804,3.022
2012-05-06-01_46_02.246,501,4,6,1,-38.222,-24.779,2.122
2012-05-06-01_46_02.247,501,5,6,1,-47.237,-24.842,2.622
2012-05-06-01_46_02.248,501,6,6,1,-56.235,-24.845,2.822
2012-05-06-01_46_02.249,501,7,6,1,-65.157,-24.763,3.522
2012-05-06-01_46_02.250,501,0,7,0,2.269,-29.284,3.635
2012-05-06-01_46_02.250,501,1,7,0,-6.742,-29.288,3.135
2012-05-06-01_46_02.251,501,2,7,0,-15.728,-29.204,2.735
2012-05-06-01_46_02.252,501,3,7,0,-24.783,-29.299,2.935
2012-05-06-01_46_02.253,501,4,7,0,-33.770,-29.274,2.535
2012-05-06-01_46_02.254,501,5,7,0,-42.785,-29.336,2.735
2012-05-06-01_46_02.255,501,6,7,0,-51.784,-29.340,2.935
2012-05-06-01_46_02.256,501,7,7,0,-60.705,-29.258,3.435
2012-05-06-01_46_02.257,501,0,7,1,-2.184,-29.291,3.745
2012-05-06-01_46_02.258,501,1,7,1,-11.212,-29.287,3.145
2012-05-06-01_46_02.259,501,2,7,1,-20.181,-29.211,2.745
2012-05-06-01_46_02.260,501,3,7,1,-29.235,-29.306,2.945
2012-05-06-01_46_02.261,501,4,7,1,-38.223,-29.281,2.345
2012-05-06-01_46_02.262,501,5,7,1,-47.237,-29.343,2.745
2012-05-06-01_46_02.263,501,6,7,1,-56.236,-29.347,2.845
2012-05-06-01_46_02.264,501,7,7,1,-65.158,-29.265,3.645
2012-05-06-01_46_02.265,501,0,8,0,2.273,-33.782,3.754
2012-05-06-01_46_02.266,501,1,8,0,-6.745,-33.785,3.254
2012-05-06-01_46_02.267,501,2,8,0,-15.724,-33.702,2.654
2012-05-06-01_46_02.268,501,3,8,0,-24.779,-33.797,2.954
2012-05-06-01_46_02.269,501,4,8,0,-33.766,-33.772,2.454
2012-05-06-01_46_02.272,501,5,8,0,-42.780,-33.835,2.754
2012-05-06-01_46_02.272,501,6,8,0,-51.779,-33.838,2.954
2012-05-06-01_46_02.273,501,7,8,0,-60.701,-33.756,3.754
2012-05-06-01_46_02.274,501,0,8,1,-2.184,-33.787,3.763
2012-05-06-01_46_02.274,501,1,8,1,-11.212,-33.785,3.162
2012-05-06-01_46_02.275,501,2,8,1,-20.181,-33.707,2.663
2012-05-06-01_46_02.278,501,3,8,1,-29.236,-33.803,2.963
2012-05-06-01_46_02.279,501,4,8,1,-38.223,-33.778,2.463
2012-05-06-01_46_02.280,501,5,8,1,-47.238,-33.840,2.863
2012-05-06-01_46_02.280,501,6,8,1,-56.236,-33.843,2.863
2012-05-06-01_46_02.281,501,7,8,1,-65.158,-33.761,3.563
2012-05-06-01_46_02.282,501,0,9,0,2.273,-38.282,3.772
2012-05-06-01_46_02.283,501,1,9,0,-6.748,-38.293,3.272
2012-05-06-01_46_02.284,501,2,9,0,-15.724,-38.201,2.772
2012-05-06-01_46_02.285,501,3,9,0,-24.779,-38.297,2.972
2012-05-06-01_46_02.286,501,4,9,0,-33.766,-38.272,2.272
2012-05-06-01_46_02.288,501,5,9,0,-42.781,-38.334,2.672
2012-05-06-01_46_02.289,501,6,9,0,-51.779,-38.338,2.872
2012-05-06-01_46_02.290,501,7,9,0,-60.701,-38.255,3.372
2012-05-06-01_46_02.290,501,0,9,1,-2.182,-38.289,3.685
2012-05-06-01_46_02.291,501,1,9,1,-11.210,-38.293,3.185
2012-05-06-01_46_02.292,501,2,9,1,-20.179,-38.208,2.685
2012-05-06-01_46_02.293,501,3,9,1,-29.234,-38.304,2.985
2012-05-06-01_46_02.294,501,4,9,1,-38.221,-38.279,2.285
2012-05-06-01_46_02.296,501,5,9,1,-47.236,-38.341,2.685
2012-05-06-01_46_02.297,501,6,9,1,-56.234,-38.345,2.785
2012-05-06-01_46_02.297,501,7,9,1,-65.156,-38.262,3.585
2012-05-06-01_46_02.298,501,0,10,0,2.277,-42.780,3.698
2012-05-06-01_46_02.299,501,1,10,0,-6.751,-42.796,3.298
2012-05-06-01_46_02.301,501,2,10,0,-15.720,-42.700,2.798
2012-05-06-01_46_02.302,501,3,10,0,-24.775,-42.795,2.998
2012-05-06-01_46_02.303,501,4,10,0,-33.762,-42.770,2.298
2012-05-06-01_46_02.304,501,5,10,0,-42.776,-42.832,2.798
2012-05-06-01_46_02.307,501,6,10,0,-51.775,-42.836,2.998
2012-05-06-01_46_02.308,501,7,10,0,-60.697,-42.754,3.698
2012-05-06-01_46_02.309,501,0,10,1,-2.185,-42.788,3.808
2012-05-06-01_46_02.310,501,1,10,1,-11.211,-42.795,3.208
2012-05-06-01_46_02.310,501,2,10,1,-20.182,-42.708,2.708
2012-05-06-01_46_02.312,501,3,10,1,-29.237,-42.803,3.108
2012-05-06-01_46_02.313,501,4,10,1,-38.224,-42.778,2.408
2012-05-06-01_46_02.313,501,5,10,1,-47.238,-42.840,2.808
2012-05-06-01_46_02.316,501,6,10,1,-56.237,-42.844,3.008
2012-05-06-01_46_02.317,501,7,10,1,-65.159,-42.762,3.508
2012-05-06-01_46_02.317,501,0,11,0,2.277,-47.280,3.617
2012-05-06-01_46_02.318,501,1,11,0,-6.751,-47.291,3.317
2012-05-06-01_46_02.319,501,2,11,0,-15.720,-47.200,2.717
2012-05-06-01_46_02.320,501,3,11,0,-24.775,-47.295,3.117
2012-05-06-01_46_02.321,501,4,11,0,-33.762,-47.270,2.417
2012-05-06-01_46_02.322,501,5,11,0,-42.777,-47.332,2.717
2012-05-06-01_46_02.323,501,6,11,0,-51.775,-47.336,2.917
2012-05-06-01_46_02.324,501,7,11,0,-60.697,-47.254,3.517
2012-05-06-01_46_02.325,501,0,11,1,-2.188,-47.289,3.726
2012-05-06-01_46_02.326,501,1,11,1,-11.211,-47.290,3.326
2012-05-06-01_46_02.327,501,2,11,1,-20.185,-47.209,2.726
2012-05-06-01_46_02.328,501,3,11,1,-29.240,-47.305,2.826
2012-05-06-01_46_02.329,501,4,11,1,-38.227,-47.280,2.526
2012-05-06-01_46_02.330,501,5,11,1,-47.241,-47.342,2.826
2012-05-06-01_46_02.331,501,6,11,1,-56.240,-47.346,2.926
2012-05-06-01_46_02.332,501,7,11,1,-65.162,-47.263,3.626
2012-05-06-01_46_02.334,501,0,12,0,2.276,-51.784,3.636
2012-05-06-01_46_02.335,501,1,12,0,-6.754,-51.788,3.336
2012-05-06-01_46_02.336,501,2,12,0,-15.721,-51.704,2.736
2012-05-06-01_46_02.337,501,3,12,0,-24.776,-51.800,3.036
2012-05-06-01_46_02.339,501,4,12,0,-33.763,-51.775,2.236
2012-05-06-01_46_02.340,501,5,12,0,-42.777,-51.837,2.736
2012-05-06-01_46_02.341,501,6,12,0,-51.776,-51.841,2.936
2012-05-06-01_46_02.341,501,7,12,0,-60.698,-51.758,3.736
2012-05-06-01_46_02.342,501,0,12,1,-2.188,-51.792,3.750
2012-05-06-01_46_02.343,501,1,12,1,-11.211,-51.788,3.249
2012-05-06-01_46_02.344,501,2,12,1,-20.185,-51.712,2.850
2012-05-06-01_46_02.345,501,3,12,1,-29.240,-51.807,3.050
2012-05-06-01_46_02.346,501,4,12,1,-38.227,-51.782,2.550
2012-05-06-01_46_02.347,501,5,12,1,-47.242,-51.845,2.750
2012-05-06-01_46_02.348,501,6,12,1,-56.240,-51.848,2.950
2012-05-06-01_46_02.349,501,7,12,1,-65.162,-51.766,3.650
2012-05-06-01_46_02.350,501,0,13,0,2.276,-56.282,3.762
2012-05-06-01_46_02.351,501,1,13,0,-6.755,-56.286,3.362
2012-05-06-01_46_02.352,501,2,13,0,-15.721,-56.202,2.762
2012-05-06-01_46_02.353,501,3,13,0,-24.776,-56.297,3.062
2012-05-06-01_46_02.354,501,4,13,0,-33.763,-56.272,2.362
2012-05-06-01_46_02.354,501,5,13,0,-42.778,-56.335,2.762
2012-05-06-01_46_02.356,501,6,13,0,-51.776,-56.338,2.962
2012-05-06-01_46_02.357,501,7,13,0,-60.698,-56.256,3.562
2012-05-06-01_46_02.358,501,0,13,1,-2.191,-56.288,3.772
2012-05-06-01_46_02.359,501,1,13,1,-11.209,-56.287,3.271
2012-05-06-01_46_02.359,501,2,13,1,-20.188,-56.208,2.772
2012-05-06-01_46_02.360,501,3,13,1,-29.243,-56.303,2.972
2012-05-06-01_46_02.361,501,4,13,1,-38.230,-56.278,2.372
2012-05-06-01_46_02.362,501,5,13,1,-47.245,-56.341,2.772
2012-05-06-01_46_02.363,501,6,13,1,-56.243,-56.344,2.872
2012-05-06-01_46_02.364,501,7,13,1,-65.165,-56.262,3.672
2012-05-06-01_46_02.365,501,0,14,0,2.275,-60.782,3.779
2012-05-06-01_46_02.366,501,1,14,0,-6.755,-60.794,3.279
2012-05-06-01_46_02.366,501,2,14,0,-15.722,-60.702,2.779
2012-05-06-01_46_02.369,501,3,14,0,-24.776,-60.797,3.079
2012-05-06-01_46_02.370,501,4,14,0,-33.763,-60.772,2.579
2012-05-06-01_46_02.371,501,5,14,0,-42.778,-60.834,2.779
2012-05-06-01_46_02.373,501,6,14,0,-51.777,-60.838,2.879
2012-05-06-01_46_02.374,501,7,14,0,-60.699,-60.756,3.779
2012-05-06-01_46_02.375,501,0,14,1,-2.194,-60.788,3.788
2012-05-06-01_46_02.376,501,1,14,1,-11.210,-60.794,3.288
2012-05-06-01_46_02.378,501,2,14,1,-20.191,-60.708,2.788
2012-05-06-01_46_02.379,501,3,14,1,-29.246,-60.803,3.088
2012-05-06-01_46_02.380,501,4,14,1,-38.233,-60.778,2.588
2012-05-06-01_46_02.380,501,5,14,1,-47.247,-60.841,2.888
2012-05-06-01_46_02.381,501,6,14,1,-56.246,-60.844,2.988
2012-05-06-01_46_02.382,501,7,14,1,-65.168,-60.762,3.688
2012-05-06-01_46_02.383,501,0,15,0,2.273,-65.280,3.797
2012-05-06-01_46_02.384,501,1,15,0,-6.753,-65.297,3.297
2012-05-06-01_46_02.385,501,2,15,0,-15.725,-65.200,2.897
2012-05-06-01_46_02.385,501,3,15,0,-24.779,-65.295,3.097
2012-05-06-01_46_02.386,501,4,15,0,-33.766,-65.270,2.597
2012-05-06-01_46_02.389,501,5,15,0,-42.781,-65.333,2.697
2012-05-06-01_46_02.389,501,6,15,0,-51.780,-65.336,2.897
2012-05-06-01_46_02.390,501,7,15,0,-60.702,-65.254,3.497
2012-05-06-01_46_02.391,501,0,15,1,-2.194,-65.288,3.810
2012-05-06-01_46_02.391,501,1,15,1,-11.205,-65.296,3.310
2012-05-06-01_46_02.392,501,2,15,1,-20.191,-65.207,2.810
2012-05-06-01_46_02.393,501,3,15,1,-29.246,-65.303,2.910
2012-05-06-01_46_02.394,501,4,15,1,-38.233,-65.278,2.510
2012-05-06-01_46_02.395,501,5,15,1,-47.248,-65.340,2.810
2012-05-06-01_46_02.396,501,6,15,1,-56.247,-65.344,2.910
2012-05-06-01_46_02.397,501,7,15,1,-65.168,-65.261,3.710
2012-05-06-01_46_02.398,501,0,16,0,2.270,-69.779,3.822
2012-05-06-01_46_02.399,501,1,16,0,-6.751,-69.790,3.322
2012-05-06-01_46_02.400,501,2,16,0,-15.727,-69.699,2.822
2012-05-06-01_46_02.401,501,3,16,0,-24.782,-69.795,3.122
2012-05-06-01_46_02.402,501,4,16,0,-33.769,-69.770,2.322
2012-05-06-01_46_02.403,501,5,16,0,-42.784,-69.832,2.822
2012-05-06-01_46_02.404,501,6,16,0,-51.782,-69.836,2.922
2012-05-06-01_46_02.405,501,7,16,0,-60.704,-69.753,3.622
2012-05-06-01_46_02.406,501,0,16,1,-2.195,-69.789,3.834
2012-05-06-01_46_02.406,501,1,16,1,-11.208,-69.790,3.334
2012-05-06-01_46_02.407,501,2,16,1,-20.192,-69.709,2.834
2012-05-06-01_46_02.408,501,3,16,1,-29.247,-69.804,3.134
2012-05-06-01_46_02.409,501,4,16,1,-38.234,-69.779,2.534
2012-05-06-01_46_02.412,501,5,16,1,-47.248,-69.841,2.734
2012-05-06-01_46_02.412,501,6,16,1,-56.247,-69.845,2.934
2012-05-06-01_46_02.413,501,7,16,1,-65.169,-69.763,3.634
2012-05-06-01_46_02.414,501,0,17,0,2.264,-74.284,3.842
2012-05-06-01_46_02.415,501,1,17,0,-6.749,-74.288,3.342
2012-05-06-01_46_02.416,501,2,17,0,-15.733,-74.204,2.842
2012-05-06-01_46_02.417,501,3,17,0,-24.787,-74.300,3.042
2012-05-06-01_46_02.418,501,4,17,0,-33.774,-74.275,2.442
2012-05-06-01_46_02.419,501,5,17,0,-42.789,-74.337,2.842
2012-05-06-01_46_02.420,501,6,17,0,-51.788,-74.341,2.942
2012-05-06-01_46_02.421,501,7,17,0,-60.710,-74.258,3.742
2012-05-06-01_46_02.422,501,0,17,1,-2.193,-74.291,3.852
2012-05-06-01_46_02.423,501,1,17,1,-11.211,-74.287,3.351
2012-05-06-01_46_02.424,501,2,17,1,-20.190,-74.211,2.852
2012-05-06-01_46_02.425,501,3,17,1,-29.245,-74.307,3.052
2012-05-06-01_46_02.428,501,4,17,1,-38.232,-74.282,2.352
2012-05-06-01_46_02.428,501,5,17,1,-47.246,-74.344,2.752
2012-05-06-01_46_02.430,501,6,17,1,-56.245,-74.348,2.952
2012-05-06-01_46_02.431,501,7,17,1,-65.167,-74.265,3.652
2012-05-06-01_46_02.433,501,0,18,0,2.264,-78.782,3.762
2012-05-06-01_46_02.433,501,1,18,0,-6.749,-78.786,3.362
2012-05-06-01_46_02.434,501,2,18,0,-15.733,-78.702,2.862
2012-05-06-01_46_02.435,501,3,18,0,-24.788,-78.798,3.162
2012-05-06-01_46_02.436,501,4,18,0,-33.775,-78.773,2.562
2012-05-06-01_46_02.437,501,5,18,0,-42.789,-78.835,2.762
2012-05-06-01_46_02.438,501,6,18,0,-51.788,-78.839,2.962
2012-05-06-01_46_02.439,501,7,18,0,-60.710,-78.756,3.762
2012-05-06-01_46_02.441,501,0,18,1,-2.193,-78.788,3.774
2012-05-06-01_46_02.441,501,1,18,1,-11.211,-78.786,3.374
2012-05-06-01_46_02.442,501,2,18,1,-20.190,-78.708,2.874
2012-05-06-01_46_02.443,501,3,18,1,-29.245,-78.803,3.174
2012-05-06-01_46_02.444,501,4,18,1,-38.232,-78.778,2.374
2012-05-06-01_46_02.445,501,5,18,1,-47.247,-78.841,2.874
2012-05-06-01_46_02.446,501,6,18,1,-56.245,-78.844,2.974
2012-05-06-01_46_02.447,501,7,18,1,-65.167,-78.762,3.774
2012-05-06-01_46_02.449,501,0,19,0,2.264,-83.282,3.886
2012-05-06-01_46_02.449,501,1,19,0,-6.750,-83.294,3.386
2012-05-06-01_46_02.450,501,2,19,0,-15.734,-83.201,2.886
2012-05-06-01_46_02.451,501,3,19,0,-24.788,-83.297,3.186
2012-05-06-01_46_02.452,501,4,19,0,-33.775,-83.272,2.286
2012-05-06-01_46_02.453,501,5,19,0,-42.790,-83.334,2.886
2012-05-06-01_46_02.454,501,6,19,0,-51.789,-83.338,2.986
2012-05-06-01_46_02.455,501,7,19,0,-60.711,-83.255,3.686
2012-05-06-01_46_02.456,501,0,19,1,-2.189,-83.289,3.797
2012-05-06-01_46_02.457,501,1,19,1,-11.214,-83.293,3.397
2012-05-06-01_46_02.458,501,2,19,1,-20.186,-83.208,2.897
2012-05-06-01_46_02.459,501,3,19,1,-29.241,-83.304,2.997
2012-05-06-01_46_02.460,501,4,19,1,-38.228,-83.279,2.597
2012-05-06-01_46_02.461,501,5,19,1,-47.242,-83.341,2.897
2012-05-06-01_46_02.462,501,6,19,1,-56.241,-83.345,2.997
2012-05-06-01_46_02.463,501,7,19,1,-65.163,-83.262,3.797
2012-05-06-01_46_02.464,501,0,20,0,2.266,-87.780,4.005
2012-05-06-01_46_02.465,501,1,20,0,-6.750,-87.796,3.305
2012-05-06-01_46_02.466,501,2,20,0,-15.732,-87.700,2.905
2012-05-06-01_46_02.467,501,3,20,0,-24.786,-87.795,3.205
2012-05-06-01_46_02.468,501,4,20,0,-33.773,-87.770,2.605
2012-05-06-01_46_02.469,501,5,20,0,-42.788,-87.832,2.905
2012-05-06-01_46_02.470,501,6,20,0,-51.787,-87.836,2.905
2012-05-06-01_46_02.471,501,7,20,0,-60.709,-87.754,3.805
2012-05-06-01_46_02.472,501,0,20,1,-2.189,-87.788,3.914
2012-05-06-01_46_02.473,501,1,20,1,-11.212,-87.796,3.414
2012-05-06-01_46_02.475,501,2,20,1,-20.186,-87.708,2.914
2012-05-06-01_46_02.476,501,3,20,1,-29.241,-87.803,3.214
2012-05-06-01_46_02.477,501,4,20,1,-38.228,-87.778,2.614
2012-05-06-01_46_02.478,501,5,20,1,-47.243,-87.840,2.914
2012-05-06-01_46_02.479,501,6,20,1,-56.241,-87.844,3.014
2012-05-06-01_46_02.482,501,7,20,1,-65.163,-87.762,3.814
2012-05-06-01_46_02.483,501,0,21,0,2.268,-92.279,3.924
2012-05-06-01_46_02.484,501,1,21,0,-6.751,-92.291,3.424
2012-05-06-01_46_02.485,501,2,21,0,-15.729,-92.199,2.924
2012-05-06-01_46_02.486,501,3,21,0,-24.784,-92.294,3.124
2012-05-06-01_46_02.487,501,4,21,0,-33.771,-92.269,2.524
2012-05-06-01_46_02.488,501,5,21,0,-42.786,-92.332,2.924
2012-05-06-01_46_02.488,501,6,21,0,-51.785,-92.335,3.024
2012-05-06-01_46_02.489,501,7,21,0,-60.706,-92.253,3.724
2012-05-06-01_46_02.490,501,0,21,1,-2.190,-92.289,3.937
2012-05-06-01_46_02.491,501,1,21,1,-11.213,-92.291,3.437
2012-05-06-01_46_02.493,501,2,21,1,-20.187,-92.209,2.937
2012-05-06-01_46_02.494,501,3,21,1,-29.241,-92.305,2.937
2012-05-06-01_46_02.495,501,4,21,1,-38.228,-92.280,2.537
2012-05-06-01_46_02.496,501,5,21,1,-47.243,-92.342,2.937
2012-05-06-01_46_02.497,501,6,21,1,-56.242,-92.346,3.037
2012-05-06-01_46_02.498,501,7,21,1,-65.164,-92.263,3.737
2012-05-06-01_46_02.499,501,0,22,0,2.267,-96.783,3.950
2012-05-06-01_46_02.500,501,1,22,0,-6.754,-96.789,3.450
2012-05-06-01_46_02.501,501,2,22,0,-15.730,-96.703,2.950
2012-05-06-01_46_02.502,501,3,22,0,-24.785,-96.799,3.250
2012-05-06-01_46_02.503,501,4,22,0,-33.772,-96.774,2.650
2012-05-06-01_46_02.504,501,5,22,0,-42.786,-96.836,2.850
2012-05-06-01_46_02.505,501,6,22,0,-51.785,-96.840,3.050
2012-05-06-01_46_02.506,501,7,22,0,-60.707,-96.757,3.850
2012-05-06-01_46_02.507,501,0,22,1,-2.188,-96.792,3.958
2012-05-06-01_46_02.508,501,1,22,1,-11.213,-96.790,3.458
2012-05-06-01_46_02.509,501,2,22,1,-20.185,-96.712,2.858
2012-05-06-01_46_02.510,501,3,22,1,-29.239,-96.808,3.058
2012-05-06-01_46_02.511,501,4,22,1,-38.226,-96.783,2.758
2012-05-06-01_46_02.511,501,5,22,1,-47.241,-96.845,3.058
2012-05-06-01_46_02.513,501,6,22,1,-56.240,-96.848,3.058
2012-05-06-01_46_02.513,501,7,22,1,-65.162,-96.766,3.858
2012-05-06-01_46_02.514,501,0,23,0,2.269,-101.281,3.968
2012-05-06-01_46_02.515,501,1,23,0,-6.754,-101.287,3.468
2012-05-06-01_46_02.516,501,2,23,0,-15.728,-101.201,2.868
2012-05-06-01_46_02.517,501,3,23,0,-24.783,-101.297,3.268
2012-05-06-01_46_02.518,501,4,23,0,-33.770,-101.272,2.668
2012-05-06-01_46_02.519,501,5,23,0,-42.784,-101.334,2.868
2012-05-06-01_46_02.520,501,6,23,0,-51.783,-101.338,2.868
2012-05-06-01_46_02.521,501,7,23,0,-60.705,-101.255,3.668
2012-05-06-01_46_02.522,501,0,23,1,-2.181,-101.280,3.968
2012-05-06-01_46_02.523,501,1,23,1,-11.209,-101.287,3.468
2012-05-06-01_46_02.524,501,2,23,1,-20.178,-101.200,2.968
2012-05-06-01_46_02.525,501,3,23,1,-29.232,-101.295,2.968
2012-05-06-01_46_02.526,501,4,23,1,-38.219,-101.270,2.668
2012-05-06-01_46_02.527,501,5,23,1,-47.234,-101.332,2.968
2012-05-06-01_46_02.528,501,6,23,1,-56.233,-101.336,3.068
2012-05-06-01_46_02.529,501,7,23,1,-65.155,-101.253,3.868
