2012-05-05-23_47_32.575,378,0,0,0,2.259,2.219,3.496
2012-05-05-23_47_32.576,378,1,0,0,-6.747,2.204,2.896
2012-05-05-23_47_32.577,378,2,0,0,-15.738,2.300,2.496
2012-05-05-23_47_32.578,378,3,0,0,-24.792,2.204,2.796
2012-05-05-23_47_32.578,378,4,0,0,-33.779,2.229,1.996
2012-05-05-23_47_32.579,378,5,0,0,-42.794,2.167,2.696
2012-05-05-23_47_32.580,378,6,0,0,-51.793,2.163,2.596
2012-05-05-23_47_32.581,378,7,0,0,-60.715,2.246,3.296
2012-05-05-23_47_32.582,378,0,0,1,-2.186,2.212,3.696
2012-05-05-23_47_32.582,378,1,0,1,-11.204,2.205,3.096
2012-05-05-23_47_32.583,378,2,0,1,-20.183,2.293,2.696
2012-05-05-23_47_32.584,378,3,0,1,-29.237,2.197,2.596
2012-05-05-23_47_32.587,378,4,0,1,-38.224,2.222,2.296
2012-05-05-23_47_32.588,378,5,0,1,-47.239,2.160,2.596
2012-05-05-23_47_32.589,378,6,0,1,-56.238,2.156,2.696
2012-05-05-23_47_32.590,378,7,0,1,-65.160,2.239,3.396
2012-05-05-23_47_32.591,378,0,1,0,2.271,-2.280,3.612
2012-05-05-23_47_32.592,378,1,1,0,-6.745,-2.290,3.112
2012-05-05-23_47_32.593,378,2,1,0,-15.726,-2.200,2.612
2012-05-05-23_47_32.593,378,3,1,0,-24.781,-2.295,2.912
2012-05-05-23_47_32.594,378,4,1,0,-33.768,-2.270,2.112
2012-05-05-23_47_32.594,378,5,1,0,-42.782,-2.333,2.712
2012-05-05-23_47_32.595,378,6,1,0,-51.781,-2.336,2.712
2012-05-05-23_47_32.596,378,7,1,0,-60.703,-2.254,3.212
2012-05-05-23_47_32.598,378,0,1,1,-2.188,-2.289,3.719
2012-05-05-23_47_32.599,378,1,1,1,-11.204,-2.290,3.119
2012-05-05-23_47_32.600,378,2,1,1,-20.186,-2.209,2.619
2012-05-05-23_47_32.601,378,3,1,1,-29.240,-2.304,2.619
2012-05-05-23_47_32.603,378,4,1,1,-38.227,-2.279,2.019
2012-05-05-23_47_32.605,378,5,1,1,-47.242,-2.342,2.519
2012-05-05-23_47_32.605,378,6,1,1,-56.241,-2.345,2.619
2012-05-05-23_47_32.606,378,7,1,1,-65.163,-2.263,3.319
2012-05-05-23_47_32.607,378,0,2,0,2.271,-6.784,3.628
2012-05-05-23_47_32.608,378,1,2,0,-6.743,-6.788,3.228
2012-05-05-23_47_32.609,378,2,2,0,-15.726,-6.704,2.628
2012-05-05-23_47_32.609,378,3,2,0,-24.781,-6.799,2.828
2012-05-05-23_47_32.611,378,4,2,0,-33.768,-6.774,2.228
2012-05-05-23_47_32.611,378,5,2,0,-42.783,-6.836,2.928
2012-05-05-23_47_32.612,378,6,2,0,-51.781,-6.840,2.728
2012-05-05-23_47_32.613,378,7,2,0,-60.703,-6.758,3.628
2012-05-05-23_47_32.614,378,0,2,1,-2.186,-6.792,3.637
2012-05-05-23_47_32.615,378,1,2,1,-11.202,-6.787,3.137
2012-05-05-23_47_32.616,378,2,2,1,-20.184,-6.712,2.637
2012-05-05-23_47_32.617,378,3,2,1,-29.238,-6.808,2.837
2012-05-05-23_47_32.618,378,4,2,1,-38.225,-6.783,2.337
2012-05-05-23_47_32.619,378,5,2,1,-47.240,-6.845,2.637
2012-05-05-23_47_32.620,378,6,2,1,-56.239,-6.848,2.837
2012-05-05-23_47_32.621,378,7,2,1,-65.161,-6.766,3.437
2012-05-05-23_47_32.622,378,0,3,0,2.273,-11.282,3.647
2012-05-05-23_47_32.622,378,1,3,0,-6.741,-11.286,3.147
2012-05-05-23_47_32.623,378,2,3,0,-15.724,-11.202,2.647
2012-05-05-23_47_32.624,378,3,3,0,-24.779,-11.298,2.947
2012-05-05-23_47_32.625,378,4,3,0,-33.766,-11.273,2.347
2012-05-05-23_47_32.626,378,5,3,0,-42.781,-11.335,2.847
2012-05-05-23_47_32.627,378,6,3,0,-51.779,-11.339,2.747
2012-05-05-23_47_32.628,378,7,3,0,-60.701,-11.256,3.247
2012-05-05-23_47_32.628,378,0,3,1,-2.187,-11.289,3.659
2012-05-05-23_47_32.629,378,1,3,1,-11.200,-11.286,3.159
2012-05-05-23_47_32.631,378,2,3,1,-20.184,-11.208,2.659
2012-05-05-23_47_32.632,378,3,3,1,-29.239,-11.304,2.859
2012-05-05-23_47_32.642,378,4,3,1,-38.226,-11.279,2.459
2012-05-05-23_47_32.643,378,5,3,1,-47.240,-11.341,2.659
2012-05-05-23_47_32.644,378,6,3,1,-56.239,-11.345,2.759
2012-05-05-23_47_32.645,378,7,3,1,-65.161,-11.262,3.259
2012-05-05-23_47_32.646,378,0,4,0,2.270,-15.782,3.672
2012-05-05-23_47_32.647,378,1,4,0,-6.739,-15.794,3.172
2012-05-05-23_47_32.648,378,2,4,0,-15.727,-15.702,2.672
2012-05-05-23_47_32.648,378,3,4,0,-24.782,-15.797,2.872
2012-05-05-23_47_32.649,378,4,4,0,-33.769,-15.772,2.072
2012-05-05-23_47_32.650,378,5,4,0,-42.784,-15.834,2.672
2012-05-05-23_47_32.651,378,6,4,0,-51.782,-15.838,2.672
2012-05-05-23_47_32.652,378,7,4,0,-60.704,-15.756,3.472
2012-05-05-23_47_32.653,378,0,4,1,-2.187,-15.789,3.683
2012-05-05-23_47_32.654,378,1,4,1,-11.203,-15.794,3.182
2012-05-05-23_47_32.656,378,2,4,1,-20.184,-15.708,2.683
2012-05-05-23_47_32.656,378,3,4,1,-29.239,-15.804,2.883
2012-05-05-23_47_32.657,378,4,4,1,-38.226,-15.779,2.083
2012-05-05-23_47_32.659,378,5,4,1,-47.241,-15.841,2.483
2012-05-05-23_47_32.660,378,6,4,1,-56.239,-15.845,2.683
2012-05-05-23_47_32.663,378,7,4,1,-65.161,-15.762,3.383
2012-05-05-23_47_32.664,378,0,5,0,2.270,-20.280,3.691
2012-05-05-23_47_32.665,378,1,5,0,-6.739,-20.297,3.192
2012-05-05-23_47_32.666,378,2,5,0,-15.728,-20.200,2.691
2012-05-05-23_47_32.667,378,3,5,0,-24.782,-20.295,2.891
2012-05-05-23_47_32.668,378,4,5,0,-33.769,-20.270,2.191
2012-05-05-23_47_32.669,378,5,5,0,-42.784,-20.333,2.791
2012-05-05-23_47_32.670,378,6,5,0,-51.783,-20.336,2.791
2012-05-05-23_47_32.670,378,7,5,0,-60.705,-20.254,3.191
2012-05-05-23_47_32.671,378,0,5,1,-2.185,-20.288,3.700
2012-05-05-23_47_32.672,378,1,5,1,-11.206,-20.297,3.100
2012-05-05-23_47_32.673,378,2,5,1,-20.182,-20.208,2.600
2012-05-05-23_47_32.674,378,3,5,1,-29.237,-20.303,2.900
2012-05-05-23_47_32.675,378,4,5,1,-38.224,-20.278,2.200
2012-05-05-23_47_32.677,378,5,5,1,-47.239,-20.341,2.600
2012-05-05-23_47_32.678,378,6,5,1,-56.237,-20.344,2.700
2012-05-05-23_47_32.679,378,7,5,1,-65.159,-20.262,3.500
2012-05-05-23_47_32.682,378,0,6,0,2.269,-24.779,3.710
2012-05-05-23_47_32.683,378,1,6,0,-6.739,-24.791,3.210
2012-05-05-23_47_32.684,378,2,6,0,-15.728,-24.699,2.710
2012-05-05-23_47_32.685,378,3,6,0,-24.783,-24.795,2.910
2012-05-05-23_47_32.686,378,4,6,0,-33.770,-24.770,2.010
2012-05-05-23_47_32.687,378,5,6,0,-42.784,-24.832,2.610
2012-05-05-23_47_32.688,378,6,6,0,-51.783,-24.836,2.710
2012-05-05-23_47_32.689,378,7,6,0,-60.705,-24.753,3.510
2012-05-05-23_47_32.690,378,0,6,1,-2.183,-24.789,3.722
2012-05-05-23_47_32.691,378,1,6,1,-11.206,-24.790,3.222
2012-05-05-23_47_32.691,378,2,6,1,-20.180,-24.709,2.622
2012-05-05-23_47_32.693,378,3,6,1,-29.235,-24.804,3.022
2012-05-05-23_47_32.694,378,4,6,1,-38.222,-24.779,2.122
2012-05-05-23_47_32.695,378,5,6,1,-47.237,-24.842,2.722
2012-05-05-23_47_32.696,378,6,6,1,-56.235,-24.845,2.922
2012-05-05-23_47_32.697,378,7,6,1,-65.157,-24.763,3.422
2012-05-05-23_47_32.697,378,0,7,0,2.271,-29.284,3.735
2012-05-05-23_47_32.698,378,1,7,0,-6.740,-29.288,3.135
2012-05-05-23_47_32.699,378,2,7,0,-15.726,-29.204,2.735
2012-05-05-23_47_32.700,378,3,7,0,-24.781,-29.299,2.935
2012-05-05-23_47_32.702,378,4,7,0,-33.768,-29.274,2.535
2012-05-05-23_47_32.703,378,5,7,0,-42.782,-29.336,2.735
2012-05-05-23_47_32.704,378,6,7,0,-51.781,-29.340,2.835
2012-05-05-23_47_32.708,378,7,7,0,-60.703,-29.258,3.435
2012-05-05-23_47_32.709,378,0,7,1,-2.184,-29.291,3.745
2012-05-05-23_47_32.709,378,1,7,1,-11.212,-29.287,3.245
2012-05-05-23_47_32.710,378,2,7,1,-20.181,-29.211,2.745
2012-05-05-23_47_32.711,378,3,7,1,-29.235,-29.306,2.945
2012-05-05-23_47_32.711,378,4,7,1,-38.223,-29.281,2.445
2012-05-05-23_47_32.712,378,5,7,1,-47.237,-29.344,2.745
2012-05-05-23_47_32.713,378,6,7,1,-56.236,-29.347,2.945
2012-05-05-23_47_32.714,378,7,7,1,-65.158,-29.265,3.545
2012-05-05-23_47_32.715,378,0,8,0,2.273,-33.781,3.754
2012-05-05-23_47_32.716,378,1,8,0,-6.743,-33.785,3.254
2012-05-05-23_47_32.717,378,2,8,0,-15.724,-33.701,2.654
2012-05-05-23_47_32.719,378,3,8,0,-24.779,-33.797,2.954
2012-05-05-23_47_32.721,378,4,8,0,-33.766,-33.772,2.454
2012-05-05-23_47_32.722,378,5,8,0,-42.780,-33.834,2.754
2012-05-05-23_47_32.723,378,6,8,0,-51.779,-33.838,2.854
2012-05-05-23_47_32.724,378,7,8,0,-60.701,-33.755,3.454
2012-05-05-23_47_32.725,378,0,8,1,-2.184,-33.788,3.763
2012-05-05-23_47_32.727,378,1,8,1,-11.214,-33.785,3.262
2012-05-05-23_47_32.727,378,2,8,1,-20.181,-33.707,2.763
2012-05-05-23_47_32.728,378,3,8,1,-29.236,-33.803,2.963
2012-05-05-23_47_32.729,378,4,8,1,-38.223,-33.778,2.463
2012-05-05-23_47_32.731,378,5,8,1,-47.238,-33.840,2.763
2012-05-05-23_47_32.733,378,6,8,1,-56.236,-33.844,2.863
2012-05-05-23_47_32.734,378,7,8,1,-65.158,-33.761,3.463
2012-05-05-23_47_32.735,378,0,9,0,2.275,-38.281,3.772
2012-05-05-23_47_32.736,378,1,9,0,-6.746,-38.293,3.273
2012-05-05-23_47_32.737,378,2,9,0,-15.722,-38.201,2.772
2012-05-05-23_47_32.738,378,3,9,0,-24.777,-38.297,2.972
2012-05-05-23_47_32.739,378,4,9,0,-33.764,-38.272,2.372
2012-05-05-23_47_32.740,378,5,9,0,-42.778,-38.334,2.672
2012-05-05-23_47_32.741,378,6,9,0,-51.777,-38.337,2.772
2012-05-05-23_47_32.742,378,7,9,0,-60.699,-38.255,3.472
2012-05-05-23_47_32.743,378,0,9,1,-2.185,-38.288,3.685
2012-05-05-23_47_32.743,378,1,9,1,-11.210,-38.293,3.185
2012-05-05-23_47_32.745,378,2,9,1,-20.182,-38.208,2.785
2012-05-05-23_47_32.746,378,3,9,1,-29.236,-38.304,2.985
2012-05-05-23_47_32.746,378,4,9,1,-38.223,-38.279,2.185
2012-05-05-23_47_32.747,378,5,9,1,-47.238,-38.341,2.685
2012-05-05-23_47_32.748,378,6,9,1,-56.237,-38.344,2.885
2012-05-05-23_47_32.749,378,7,9,1,-65.159,-38.262,3.585
2012-05-05-23_47_32.750,378,0,10,0,2.277,-42.780,3.698
2012-05-05-23_47_32.751,378,1,10,0,-6.748,-42.796,3.298
2012-05-05-23_47_32.752,378,2,10,0,-15.720,-42.700,2.798
2012-05-05-23_47_32.753,378,3,10,0,-24.775,-42.795,2.998
2012-05-05-23_47_32.754,378,4,10,0,-33.762,-42.770,2.298
2012-05-05-23_47_32.755,378,5,10,0,-42.776,-42.832,2.798
2012-05-05-23_47_32.756,378,6,10,0,-51.775,-42.836,2.998
2012-05-05-23_47_32.757,378,7,10,0,-60.697,-42.754,3.398
2012-05-05-23_47_32.758,378,0,10,1,-2.187,-42.788,3.808
2012-05-05-23_47_32.759,378,1,10,1,-11.213,-42.795,3.308
2012-05-05-23_47_32.760,378,2,10,1,-20.185,-42.708,2.708
2012-05-05-23_47_32.760,378,3,10,1,-29.239,-42.803,3.108
2012-05-05-23_47_32.761,378,4,10,1,-38.226,-42.778,2.508
2012-05-05-23_47_32.762,378,5,10,1,-47.241,-42.840,2.808
2012-05-05-23_47_32.763,378,6,10,1,-56.240,-42.844,2.908
2012-05-05-23_47_32.763,378,7,10,1,-65.162,-42.762,3.508
2012-05-05-23_47_32.764,378,0,11,0,2.277,-47.280,3.717
2012-05-05-23_47_32.765,378,1,11,0,-6.751,-47.291,3.417
2012-05-05-23_47_32.766,378,2,11,0,-15.720,-47.200,2.817
2012-05-05-23_47_32.767,378,3,11,0,-24.775,-47.295,3.017
2012-05-05-23_47_32.771,378,4,11,0,-33.762,-47.270,2.417
2012-05-05-23_47_32.772,378,5,11,0,-42.777,-47.332,2.717
2012-05-05-23_47_32.773,378,6,11,0,-51.775,-47.336,3.017
2012-05-05-23_47_32.774,378,7,11,0,-60.697,-47.254,3.517
2012-05-05-23_47_32.775,378,0,11,1,-2.190,-47.290,3.826
2012-05-05-23_47_32.775,378,1,11,1,-11.211,-47.290,3.326
2012-05-05-23_47_32.776,378,2,11,1,-20.187,-47.210,2.726
2012-05-05-23_47_32.777,378,3,11,1,-29.242,-47.305,2.826
2012-05-05-23_47_32.778,378,4,11,1,-38.229,-47.280,2.526
2012-05-05-23_47_32.778,378,5,11,1,-47.244,-47.342,2.826
2012-05-05-23_47_32.779,378,6,11,1,-56.242,-47.346,3.026
2012-05-05-23_47_32.780,378,7,11,1,-65.164,-47.264,3.526
2012-05-05-23_47_32.781,378,0,12,0,2.276,-51.785,3.736
2012-05-05-23_47_32.782,378,1,12,0,-6.752,-51.788,3.336
2012-05-05-23_47_32.782,378,2,12,0,-15.721,-51.705,2.836
2012-05-05-23_47_32.783,378,3,12,0,-24.776,-51.800,3.036
2012-05-05-23_47_32.785,378,4,12,0,-33.763,-51.775,2.236
2012-05-05-23_47_32.785,378,5,12,0,-42.777,-51.837,2.836
2012-05-05-23_47_32.786,378,6,12,0,-51.776,-51.841,2.936
2012-05-05-23_47_32.787,378,7,12,0,-60.698,-51.759,3.536
2012-05-05-23_47_32.788,378,0,12,1,-2.191,-51.792,3.849
2012-05-05-23_47_32.789,378,1,12,1,-11.211,-51.788,3.349
2012-05-05-23_47_32.790,378,2,12,1,-20.188,-51.712,2.849
2012-05-05-23_47_32.790,378,3,12,1,-29.242,-51.808,2.849
2012-05-05-23_47_32.791,378,4,12,1,-38.230,-51.783,2.549
2012-05-05-23_47_32.792,378,5,12,1,-47.244,-51.845,2.849
2012-05-05-23_47_32.793,378,6,12,1,-56.243,-51.848,2.949
2012-05-05-23_47_32.794,378,7,12,1,-65.165,-51.766,3.649
2012-05-05-23_47_32.795,378,0,13,0,2.273,-56.282,3.762
2012-05-05-23_47_32.795,378,1,13,0,-6.752,-56.286,3.362
2012-05-05-23_47_32.796,378,2,13,0,-15.724,-56.202,2.762
2012-05-05-23_47_32.797,378,3,13,0,-24.778,-56.297,2.962
2012-05-05-23_47_32.798,378,4,13,0,-33.765,-56.272,2.362
2012-05-05-23_47_32.799,378,5,13,0,-42.780,-56.334,2.862
2012-05-05-23_47_32.800,378,6,13,0,-51.779,-56.338,2.862
2012-05-05-23_47_32.801,378,7,13,0,-60.701,-56.256,3.462
2012-05-05-23_47_32.802,378,0,13,1,-2.194,-56.288,3.872
2012-05-05-23_47_32.803,378,1,13,1,-11.209,-56.286,3.371
2012-05-05-23_47_32.804,378,2,13,1,-20.191,-56.208,2.772
2012-05-05-23_47_32.805,378,3,13,1,-29.245,-56.303,2.772
2012-05-05-23_47_32.806,378,4,13,1,-38.232,-56.278,2.272
2012-05-05-23_47_32.808,378,5,13,1,-47.247,-56.340,2.872
2012-05-05-23_47_32.809,378,6,13,1,-56.246,-56.344,2.972
2012-05-05-23_47_32.810,378,7,13,1,-65.168,-56.262,3.672
2012-05-05-23_47_32.811,378,0,14,0,2.275,-60.782,3.879
2012-05-05-23_47_32.812,378,1,14,0,-6.753,-60.793,3.379
2012-05-05-23_47_32.813,378,2,14,0,-15.722,-60.701,2.879
2012-05-05-23_47_32.814,378,3,14,0,-24.776,-60.797,3.079
2012-05-05-23_47_32.815,378,4,14,0,-33.763,-60.772,2.579
2012-05-05-23_47_32.816,378,5,14,0,-42.778,-60.834,2.779
2012-05-05-23_47_32.817,378,6,14,0,-51.777,-60.838,2.879
2012-05-05-23_47_32.817,378,7,14,0,-60.699,-60.755,3.779
2012-05-05-23_47_32.818,378,0,14,1,-2.196,-60.788,3.888
2012-05-05-23_47_32.819,378,1,14,1,-11.210,-60.794,3.388
2012-05-05-23_47_32.820,378,2,14,1,-20.194,-60.708,2.888
2012-05-05-23_47_32.822,378,3,14,1,-29.248,-60.804,2.888
2012-05-05-23_47_32.823,378,4,14,1,-38.235,-60.779,2.588
2012-05-05-23_47_32.824,378,5,14,1,-47.250,-60.841,2.888
2012-05-05-23_47_32.826,378,6,14,1,-56.249,-60.844,2.988
2012-05-05-23_47_32.827,378,7,14,1,-65.171,-60.762,3.688
2012-05-05-23_47_32.829,378,0,15,0,2.273,-65.280,3.897
2012-05-05-23_47_32.830,378,1,15,0,-6.753,-65.296,3.397
2012-05-05-23_47_32.831,378,2,15,0,-15.725,-65.200,2.897
2012-05-05-23_47_32.832,378,3,15,0,-24.779,-65.295,3.097
2012-05-05-23_47_32.832,378,4,15,0,-33.766,-65.270,2.497
2012-05-05-23_47_32.833,378,5,15,0,-42.781,-65.333,2.797
2012-05-05-23_47_32.834,378,6,15,0,-51.780,-65.336,2.897
2012-05-05-23_47_32.835,378,7,15,0,-60.702,-65.254,3.397
2012-05-05-23_47_32.836,378,0,15,1,-2.197,-65.288,3.910
2012-05-05-23_47_32.837,378,1,15,1,-11.208,-65.296,3.410
2012-05-05-23_47_32.838,378,2,15,1,-20.194,-65.207,2.910
2012-05-05-23_47_32.839,378,3,15,1,-29.249,-65.303,2.910
2012-05-05-23_47_32.840,378,4,15,1,-38.236,-65.278,2.410
2012-05-05-23_47_32.841,378,5,15,1,-47.250,-65.340,2.910
2012-05-05-23_47_32.842,378,6,15,1,-56.249,-65.344,3.010
2012-05-05-23_47_32.844,378,7,15,1,-65.171,-65.261,3.610
2012-05-05-23_47_32.845,378,0,16,0,2.270,-69.779,3.923
2012-05-05-23_47_32.846,378,1,16,0,-6.751,-69.790,3.423
2012-05-05-23_47_32.846,378,2,16,0,-15.727,-69.699,2.923
2012-05-05-23_47_32.848,378,3,16,0,-24.782,-69.795,3.123
2012-05-05-23_47_32.849,378,4,16,0,-33.769,-69.770,2.323
2012-05-05-23_47_32.850,378,5,16,0,-42.784,-69.832,2.823
2012-05-05-23_47_32.851,378,6,16,0,-51.782,-69.836,2.923
2012-05-05-23_47_32.852,378,7,16,0,-60.704,-69.753,3.623
2012-05-05-23_47_32.853,378,0,16,1,-2.195,-69.789,3.834
2012-05-05-23_47_32.856,378,1,16,1,-11.208,-69.789,3.433
2012-05-05-23_47_32.857,378,2,16,1,-20.192,-69.709,2.834
2012-05-05-23_47_32.858,378,3,16,1,-29.247,-69.804,2.934
2012-05-05-23_47_32.859,378,4,16,1,-38.234,-69.779,2.534
2012-05-05-23_47_32.860,378,5,16,1,-47.248,-69.841,2.734
2012-05-05-23_47_32.861,378,6,16,1,-56.247,-69.845,2.934
2012-05-05-23_47_32.862,378,7,16,1,-65.169,-69.763,3.634
2012-05-05-23_47_32.863,378,0,17,0,2.267,-74.284,3.842
2012-05-05-23_47_32.864,378,1,17,0,-6.747,-74.288,3.442
2012-05-05-23_47_32.865,378,2,17,0,-15.730,-74.204,2.842
2012-05-05-23_47_32.866,378,3,17,0,-24.785,-74.299,3.042
2012-05-05-23_47_32.866,378,4,17,0,-33.772,-74.274,2.342
2012-05-05-23_47_32.867,378,5,17,0,-42.787,-74.336,2.842
2012-05-05-23_47_32.869,378,6,17,0,-51.785,-74.340,2.942
2012-05-05-23_47_32.870,378,7,17,0,-60.707,-74.258,3.542
2012-05-05-23_47_32.871,378,0,17,1,-2.193,-74.291,3.952
2012-05-05-23_47_32.873,378,1,17,1,-11.209,-74.287,3.451
2012-05-05-23_47_32.874,378,2,17,1,-20.190,-74.211,2.852
2012-05-05-23_47_32.875,378,3,17,1,-29.245,-74.306,2.852
2012-05-05-23_47_32.875,378,4,17,1,-38.232,-74.281,2.252
2012-05-05-23_47_32.876,378,5,17,1,-47.246,-74.344,2.852
2012-05-05-23_47_32.877,378,6,17,1,-56.245,-74.347,2.952
2012-05-05-23_47_32.878,378,7,17,1,-65.167,-74.265,3.652
2012-05-05-23_47_32.880,378,0,18,0,2.266,-78.781,3.862
2012-05-05-23_47_32.881,378,1,18,0,-6.747,-78.785,3.462
2012-05-05-23_47_32.882,378,2,18,0,-15.731,-78.701,2.862
2012-05-05-23_47_32.882,378,3,18,0,-24.785,-78.797,3.162
2012-05-05-23_47_32.883,378,4,18,0,-33.772,-78.772,2.562
2012-05-05-23_47_32.884,378,5,18,0,-42.787,-78.834,2.862
2012-05-05-23_47_32.885,378,6,18,0,-51.786,-78.838,2.962
2012-05-05-23_47_32.886,378,7,18,0,-60.708,-78.755,3.762
2012-05-05-23_47_32.886,378,0,18,1,-2.193,-78.788,3.875
2012-05-05-23_47_32.887,378,1,18,1,-11.211,-78.785,3.474
2012-05-05-23_47_32.888,378,2,18,1,-20.190,-78.708,2.975
2012-05-05-23_47_32.889,378,3,18,1,-29.245,-78.803,3.175
2012-05-05-23_47_32.892,378,4,18,1,-38.232,-78.778,2.275
2012-05-05-23_47_32.893,378,5,18,1,-47.247,-78.841,2.875
2012-05-05-23_47_32.894,378,6,18,1,-56.245,-78.844,2.975
2012-05-05-23_47_32.894,378,7,18,1,-65.167,-78.762,3.775
2012-05-05-23_47_32.895,378,0,19,0,2.264,-83.282,3.886
2012-05-05-23_47_32.896,378,1,19,0,-6.750,-83.293,3.486
2012-05-05-23_47_32.897,378,2,19,0,-15.734,-83.201,2.886
2012-05-05-23_47_32.898,378,3,19,0,-24.788,-83.297,3.186
2012-05-05-23_47_32.899,378,4,19,0,-33.775,-83.272,2.286
2012-05-05-23_47_32.900,378,5,19,0,-42.790,-83.334,2.886
2012-05-05-23_47_32.900,378,6,19,0,-51.789,-83.338,2.986
2012-05-05-23_47_32.901,378,7,19,0,-60.711,-83.255,3.586
2012-05-05-23_47_32.902,378,0,19,1,-2.194,-83.288,3.997
2012-05-05-23_47_32.903,378,1,19,1,-11.214,-83.293,3.397
2012-05-05-23_47_32.904,378,2,19,1,-20.191,-83.208,2.897
2012-05-05-23_47_32.905,378,3,19,1,-29.245,-83.304,2.897
2012-05-05-23_47_32.905,378,4,19,1,-38.233,-83.279,2.597
2012-05-05-23_47_32.906,378,5,19,1,-47.247,-83.341,2.997
2012-05-05-23_47_32.907,378,6,19,1,-56.246,-83.344,3.097
2012-05-05-23_47_32.908,378,7,19,1,-65.168,-83.262,3.697
2012-05-05-23_47_32.909,378,0,20,0,2.266,-87.780,4.005
2012-05-05-23_47_32.910,378,1,20,0,-6.748,-87.796,17.205
2012-05-05-23_47_32.911,378,2,20,0,-15.732,-87.699,2.905
2012-05-05-23_47_32.912,378,3,20,0,-24.786,-87.795,3.205
2012-05-05-23_47_32.913,378,4,20,0,-33.773,-87.770,2.505
2012-05-05-23_47_32.916,378,5,20,0,-42.788,-87.832,2.905
2012-05-05-23_47_32.917,378,6,20,0,-51.787,-87.836,3.005
2012-05-05-23_47_32.918,378,7,20,0,-60.709,-87.753,3.805
2012-05-05-23_47_32.918,378,0,20,1,-2.192,-87.788,4.014
2012-05-05-23_47_32.919,378,1,20,1,-11.212,-87.796,3.414
2012-05-05-23_47_32.920,378,2,20,1,-20.189,-87.708,2.914
2012-05-05-23_47_32.921,378,3,20,1,-29.243,-87.803,3.214
2012-05-05-23_47_32.922,378,4,20,1,-38.230,-87.778,2.614
2012-05-05-23_47_32.923,378,5,20,1,-47.245,-87.841,2.914
2012-05-05-23_47_32.924,378,6,20,1,-56.244,-87.844,3.014
2012-05-05-23_47_32.926,378,7,20,1,-65.166,-87.762,3.814
2012-05-05-23_47_32.927,378,0,21,0,2.265,-92.280,4.024
2012-05-05-23_47_32.928,378,1,21,0,-6.751,-92.291,3.524
2012-05-05-23_47_32.929,378,2,21,0,-15.732,-92.200,3.024
2012-05-05-23_47_32.930,378,3,21,0,-24.787,-92.295,3.224
2012-05-05-23_47_32.931,378,4,21,0,-33.774,-92.270,2.524
2012-05-05-23_47_32.932,378,5,21,0,-42.788,-92.332,2.924
2012-05-05-23_47_32.932,378,6,21,0,-51.787,-92.336,3.024
2012-05-05-23_47_32.933,378,7,21,0,-60.709,-92.254,3.624
2012-05-05-23_47_32.934,378,0,21,1,-2.192,-92.290,4.037
2012-05-05-23_47_32.935,378,1,21,1,-11.213,-92.291,3.437
2012-05-05-23_47_32.936,378,2,21,1,-20.189,-92.210,2.937
2012-05-05-23_47_32.937,378,3,21,1,-29.244,-92.305,2.937
2012-05-05-23_47_32.938,378,4,21,1,-38.231,-92.280,2.437
2012-05-05-23_47_32.939,378,5,21,1,-47.246,-92.342,3.037
2012-05-05-23_47_32.940,378,6,21,1,-56.244,-92.346,3.037
2012-05-05-23_47_32.941,378,7,21,1,-65.166,-92.264,3.737
2012-05-05-23_47_32.942,378,0,22,0,2.267,-96.784,3.949
2012-05-05-23_47_32.943,378,1,22,0,-6.754,-96.788,3.550
2012-05-05-23_47_32.943,378,2,22,0,-15.730,-96.704,3.049
2012-05-05-23_47_32.944,378,3,22,0,-24.785,-96.799,3.249
2012-05-05-23_47_32.945,378,4,22,0,-33.772,-96.774,2.649
2012-05-05-23_47_32.947,378,5,22,0,-42.786,-96.836,2.949
2012-05-05-23_47_32.948,378,6,22,0,-51.785,-96.840,3.049
2012-05-05-23_47_32.949,378,7,22,0,-60.707,-96.758,3.749
2012-05-05-23_47_32.951,378,0,22,1,-2.195,-96.792,4.058
2012-05-05-23_47_32.952,378,1,22,1,-11.213,-96.789,3.558
2012-05-05-23_47_32.953,378,2,22,1,-20.192,-96.712,2.958
2012-05-05-23_47_32.954,378,3,22,1,-29.247,-96.808,2.958
2012-05-05-23_47_32.955,378,4,22,1,-38.234,-96.783,2.758
2012-05-05-23_47_32.955,378,5,22,1,-47.248,-96.845,2.958
2012-05-05-23_47_32.956,378,6,22,1,-56.247,-96.848,3.158
2012-05-05-23_47_32.957,378,7,22,1,-65.169,-96.766,3.758
2012-05-05-23_47_32.958,378,0,23,0,2.267,-101.282,4.068
2012-05-05-23_47_32.959,378,1,23,0,-6.754,-101.286,3.568
2012-05-05-23_47_32.960,378,2,23,0,-15.730,-101.202,2.968
2012-05-05-23_47_32.961,378,3,23,0,-24.785,-101.297,3.268
2012-05-05-23_47_32.962,378,4,23,0,-33.772,-101.272,2.668
2012-05-05-23_47_32.963,378,5,23,0,-42.787,-101.334,2.968
2012-05-05-23_47_32.964,378,6,23,0,-51.785,-101.338,2.968
2012-05-05-23_47_32.965,378,7,23,0,-60.707,-101.256,3.568
2012-05-05-23_47_32.966,378,0,23,1,-2.181,-101.280,4.068
2012-05-05-23_47_32.967,378,1,23,1,-11.211,-101.286,3.568
2012-05-05-23_47_32.967,378,2,23,1,-20.178,-101.200,2.968
2012-05-05-23_47_32.969,378,3,23,1,-29.232,-101.295,2.968
2012-05-05-23_47_32.969,378,4,23,1,-38.219,-101.270,2.668
2012-05-05-23_47_32.970,378,5,23,1,-47.234,-101.332,2.968
2012-05-05-23_47_32.972,378,6,23,1,-56.233,-101.336,3.068
2012-05-05-23_47_32.975,378,7,23,1,-65.155,-101.254,3.668
