2012-05-05-13_46_06.022,365,0,0,0,2.256,2.217,1.665
2012-05-05-13_46_06.023,365,0,0,0,2.296,2.304,1.765
2012-05-05-13_46_06.023,365,0,0,0,2.195,2.246,1.665
2012-05-05-13_46_06.040,365,1,0,0,-6.755,2.208,2.165
2012-05-05-13_46_06.041,365,1,0,0,-6.830,2.233,2.165
2012-05-05-13_46_06.042,365,1,0,0,-6.769,2.285,2.165
2012-05-05-13_46_06.043,365,2,0,0,-15.709,2.287,1.565
2012-05-05-13_46_06.044,365,2,0,0,-15.770,2.316,1.665
2012-05-05-13_46_06.044,365,2,0,0,-15.713,2.361,1.665
2012-05-05-13_46_06.045,365,3,0,0,-24.731,2.204,2.565
2012-05-05-13_46_06.046,365,3,0,0,-24.691,2.292,2.565
2012-05-05-13_46_06.046,365,3,0,0,-24.792,2.233,2.565
2012-05-05-13_46_06.047,365,4,0,0,-33.728,2.203,1.565
2012-05-05-13_46_06.047,365,4,0,0,-33.688,2.290,1.565
2012-05-05-13_46_06.048,365,4,0,0,-33.788,2.232,1.565
2012-05-05-13_46_06.049,365,5,0,0,-42.732,2.205,1.765
2012-05-05-13_46_06.049,365,5,0,0,-42.683,2.165,1.765
2012-05-05-13_46_06.050,365,5,0,0,-42.776,2.191,1.765
2012-05-05-13_46_06.050,365,6,0,0,-51.773,2.142,1.165
2012-05-05-13_46_06.051,365,6,0,0,-51.733,2.230,1.165
2012-05-05-13_46_06.052,365,6,0,0,-51.834,2.171,1.165
2012-05-05-13_46_06.053,365,7,0,0,-60.668,2.206,2.365
2012-05-05-13_46_06.053,365,7,0,0,-60.729,2.235,2.365
2012-05-05-13_46_06.054,365,7,0,0,-60.672,2.280,2.365
2012-05-05-13_46_06.055,365,0,0,1,-2.189,2.208,1.965
2012-05-05-13_46_06.055,365,0,0,1,-2.167,2.305,1.965
2012-05-05-13_46_06.056,365,0,0,1,-2.260,2.231,1.965
2012-05-05-13_46_06.057,365,1,0,1,-11.205,2.208,2.265
2012-05-05-13_46_06.058,365,1,0,1,-11.341,2.273,2.265
2012-05-05-13_46_06.059,365,1,0,1,-11.229,2.286,2.265
2012-05-05-13_46_06.060,365,2,0,1,-20.154,2.278,1.765
2012-05-05-13_46_06.060,365,2,0,1,-20.225,2.301,1.765
2012-05-05-13_46_06.061,365,2,0,1,-20.230,2.302,1.765
2012-05-05-13_46_06.062,365,3,0,1,-29.176,2.196,2.765
2012-05-05-13_46_06.063,365,3,0,1,-29.153,2.293,2.865
2012-05-05-13_46_06.064,365,3,0,1,-29.247,2.219,2.765
2012-05-05-13_46_06.064,365,4,0,1,-38.173,2.194,2.465
2012-05-05-13_46_06.065,365,4,0,1,-38.150,2.291,2.465
2012-05-05-13_46_06.066,365,4,0,1,-38.243,2.217,2.465
2012-05-05-13_46_06.066,365,5,0,1,-47.194,2.205,0.865
2012-05-05-13_46_06.067,365,5,0,1,-47.274,2.226,0.965
2012-05-05-13_46_06.068,365,5,0,1,-47.247,2.203,0.965
2012-05-05-13_46_06.069,365,6,0,1,-56.195,2.230,2.065
2012-05-05-13_46_06.070,365,6,0,1,-56.289,2.156,1.965
2012-05-05-13_46_06.071,365,6,0,1,-56.294,2.157,1.965
2012-05-05-13_46_06.072,365,7,0,1,-65.183,2.220,1.565
2012-05-05-13_46_06.073,365,7,0,1,-65.188,2.221,1.765
2012-05-05-13_46_06.073,365,7,0,1,-65.171,2.315,1.765
2012-05-05-13_46_06.074,365,0,1,0,2.270,-2.283,1.878
2012-05-05-13_46_06.075,365,0,1,0,2.298,-2.189,1.878
2012-05-05-13_46_06.076,365,0,1,0,2.197,-2.258,1.878
2012-05-05-13_46_06.077,365,1,1,0,-6.748,-2.295,1.578
2012-05-05-13_46_06.078,365,1,1,0,-6.828,-2.268,1.678
2012-05-05-13_46_06.079,365,1,1,0,-6.769,-2.209,1.678
2012-05-05-13_46_06.080,365,2,1,0,-15.695,-2.213,0.878
2012-05-05-13_46_06.081,365,2,1,0,-15.768,-2.188,0.878
2012-05-05-13_46_06.082,365,2,1,0,-15.746,-2.198,0.878
2012-05-05-13_46_06.082,365,3,1,0,-24.717,-2.295,1.278
2012-05-05-13_46_06.083,365,3,1,0,-24.689,-2.201,1.278
2012-05-05-13_46_06.085,365,3,1,0,-24.790,-2.271,1.278
2012-05-05-13_46_06.086,365,4,1,0,-33.713,-2.297,0.678
2012-05-05-13_46_06.087,365,4,1,0,-33.686,-2.203,0.678
2012-05-05-13_46_06.087,365,4,1,0,-33.787,-2.272,0.578
2012-05-05-13_46_06.088,365,5,1,0,-42.730,-2.289,1.078
2012-05-05-13_46_06.089,365,5,1,0,-42.681,-2.336,1.178
2012-05-05-13_46_06.090,365,5,1,0,-42.776,-2.303,1.178
2012-05-05-13_46_06.091,365,6,1,0,-51.759,-2.357,0.978
2012-05-05-13_46_06.091,365,6,1,0,-51.731,-2.264,0.978
2012-05-05-13_46_06.092,365,6,1,0,-51.832,-2.333,0.978
2012-05-05-13_46_06.093,365,7,1,0,-60.654,-2.293,1.678
2012-05-05-13_46_06.095,365,7,1,0,-60.727,-2.269,1.678
2012-05-05-13_46_06.096,365,7,1,0,-60.672,-2.214,1.678
2012-05-05-13_46_06.097,365,0,1,1,-2.192,-2.289,1.488
2012-05-05-13_46_06.098,365,0,1,1,-2.164,-2.189,1.488
2012-05-05-13_46_06.099,365,0,1,1,-2.263,-2.271,1.488
2012-05-05-13_46_06.099,365,1,1,1,-11.203,-2.295,1.088
2012-05-05-13_46_06.100,365,1,1,1,-11.339,-2.221,1.188
2012-05-05-13_46_06.101,365,1,1,1,-11.229,-2.209,1.188
2012-05-05-13_46_06.102,365,2,1,1,-20.157,-2.219,0.788
2012-05-05-13_46_06.103,365,2,1,1,-20.228,-2.201,0.788
2012-05-05-13_46_06.104,365,2,1,1,-20.232,-2.200,0.788
2012-05-05-13_46_06.105,365,3,1,1,-29.179,-2.301,0.988
2012-05-05-13_46_06.106,365,3,1,1,-29.151,-2.201,0.988
2012-05-05-13_46_06.106,365,3,1,1,-29.250,-2.283,0.988
2012-05-05-13_46_06.107,365,4,1,1,-38.176,-2.303,0.888
2012-05-05-13_46_06.108,365,4,1,1,-38.148,-2.203,0.888
2012-05-05-13_46_06.109,365,4,1,1,-38.246,-2.285,0.788
2012-05-05-13_46_06.110,365,5,1,1,-47.192,-2.289,1.088
2012-05-05-13_46_06.111,365,5,1,1,-47.277,-2.269,1.088
2012-05-05-13_46_06.111,365,5,1,1,-47.248,-2.292,1.088
2012-05-05-13_46_06.112,365,6,1,1,-56.221,-2.364,1.088
2012-05-05-13_46_06.120,365,6,1,1,-56.193,-2.264,1.188
2012-05-05-13_46_06.121,365,6,1,1,-56.292,-2.345,1.088
2012-05-05-13_46_06.122,365,7,1,1,-65.186,-2.282,1.588
2012-05-05-13_46_06.122,365,7,1,1,-65.191,-2.281,1.588
2012-05-05-13_46_06.123,365,7,1,1,-65.173,-2.180,1.688
2012-05-05-13_46_06.124,365,0,2,0,2.260,-6.780,1.802
2012-05-05-13_46_06.125,365,0,2,0,2.295,-6.689,1.801
2012-05-05-13_46_06.126,365,0,2,0,2.197,-6.759,1.802
2012-05-05-13_46_06.127,365,1,2,0,-6.746,-6.793,1.702
2012-05-05-13_46_06.128,365,1,2,0,-6.829,-6.772,1.702
2012-05-05-13_46_06.129,365,1,2,0,-6.767,-6.706,1.602
2012-05-05-13_46_06.130,365,2,2,0,-15.705,-6.710,1.002
2012-05-05-13_46_06.131,365,2,2,0,-15.768,-6.689,1.002
2012-05-05-13_46_06.132,365,2,2,0,-15.712,-6.637,1.002
2012-05-05-13_46_06.133,365,3,2,0,-24.727,-6.792,1.402
2012-05-05-13_46_06.134,365,3,2,0,-24.692,-6.701,1.401
2012-05-05-13_46_06.135,365,3,2,0,-24.790,-6.771,1.502
2012-05-05-13_46_06.136,365,4,2,0,-33.724,-6.794,0.802
2012-05-05-13_46_06.137,365,4,2,0,-33.689,-6.703,0.901
2012-05-05-13_46_06.137,365,4,2,0,-33.787,-6.773,0.802
2012-05-05-13_46_06.138,365,5,2,0,-42.733,-6.789,1.101
2012-05-05-13_46_06.139,365,5,2,0,-42.682,-6.840,1.102
2012-05-05-13_46_06.140,365,5,2,0,-42.774,-6.807,1.102
2012-05-05-13_46_06.141,365,6,2,0,-51.769,-6.855,1.102
2012-05-05-13_46_06.142,365,6,2,0,-51.734,-6.763,1.201
2012-05-05-13_46_06.143,365,6,2,0,-51.832,-6.833,1.202
2012-05-05-13_46_06.143,365,7,2,0,-60.664,-6.791,1.702
2012-05-05-13_46_06.144,365,7,2,0,-60.727,-6.769,1.702
2012-05-05-13_46_06.145,365,7,2,0,-60.671,-6.718,1.702
2012-05-05-13_46_06.146,365,0,2,1,-2.192,-6.786,1.910
2012-05-05-13_46_06.147,365,0,2,1,-2.162,-6.689,1.910
2012-05-05-13_46_06.148,365,0,2,1,-2.266,-6.770,1.810
2012-05-05-13_46_06.148,365,1,2,1,-11.203,-6.792,1.610
2012-05-05-13_46_06.149,365,1,2,1,-11.337,-6.721,1.610
2012-05-05-13_46_06.150,365,1,2,1,-11.229,-6.706,1.610
2012-05-05-13_46_06.151,365,2,2,1,-20.157,-6.716,1.010
2012-05-05-13_46_06.152,365,2,2,1,-20.230,-6.700,1.010
2012-05-05-13_46_06.152,365,2,2,1,-20.235,-6.697,1.010
2012-05-05-13_46_06.153,365,3,2,1,-29.179,-6.799,1.110
2012-05-05-13_46_06.154,365,3,2,1,-29.149,-6.701,1.010
2012-05-05-13_46_06.155,365,3,2,1,-29.252,-6.782,1.110
2012-05-05-13_46_06.155,365,4,2,1,-38.176,-6.800,0.810
2012-05-05-13_46_06.156,365,4,2,1,-38.146,-6.703,0.810
2012-05-05-13_46_06.157,365,4,2,1,-38.249,-6.784,0.810
2012-05-05-13_46_06.158,365,5,2,1,-47.190,-6.789,1.110
2012-05-05-13_46_06.159,365,5,2,1,-47.277,-6.766,1.110
2012-05-05-13_46_06.160,365,5,2,1,-47.248,-6.792,1.110
2012-05-05-13_46_06.161,365,6,2,1,-56.221,-6.861,1.210
2012-05-05-13_46_06.162,365,6,2,1,-56.191,-6.764,1.210
2012-05-05-13_46_06.162,365,6,2,1,-56.295,-6.844,1.210
2012-05-05-13_46_06.163,365,7,2,1,-65.189,-6.780,1.710
2012-05-05-13_46_06.164,365,7,2,1,-65.194,-6.778,1.710
2012-05-05-13_46_06.165,365,7,2,1,-65.174,-6.677,1.810
2012-05-05-13_46_06.166,365,0,3,0,2.272,-11.279,1.920
2012-05-05-13_46_06.167,365,0,3,0,2.294,-11.190,1.920
2012-05-05-13_46_06.167,365,0,3,0,2.196,-11.255,1.920
2012-05-05-13_46_06.168,365,1,3,0,-6.744,-11.289,1.820
2012-05-05-13_46_06.169,365,1,3,0,-6.827,-11.269,1.820
2012-05-05-13_46_06.170,365,1,3,0,-6.763,-11.205,1.820
2012-05-05-13_46_06.171,365,2,3,0,-15.693,-11.209,1.120
2012-05-05-13_46_06.181,365,2,3,0,-15.769,-11.185,1.120
2012-05-05-13_46_06.182,365,2,3,0,-15.715,-11.139,1.120
2012-05-05-13_46_06.183,365,3,3,0,-24.715,-11.291,1.520
2012-05-05-13_46_06.184,365,3,3,0,-24.693,-11.203,1.520
2012-05-05-13_46_06.185,365,3,3,0,-24.791,-11.267,1.520
2012-05-05-13_46_06.186,365,4,3,0,-33.712,-11.293,0.920
2012-05-05-13_46_06.187,365,4,3,0,-33.689,-11.204,0.820
2012-05-05-13_46_06.187,365,4,3,0,-33.787,-11.269,0.820
2012-05-05-13_46_06.188,365,5,3,0,-42.733,-11.290,1.120
2012-05-05-13_46_06.189,365,5,3,0,-42.680,-11.338,1.120
2012-05-05-13_46_06.190,365,5,3,0,-42.777,-11.309,1.120
2012-05-05-13_46_06.191,365,6,3,0,-51.757,-11.354,1.220
2012-05-05-13_46_06.192,365,6,3,0,-51.735,-11.265,1.220
2012-05-05-13_46_06.193,365,6,3,0,-51.833,-11.329,1.120
2012-05-05-13_46_06.194,365,7,3,0,-60.652,-11.290,1.820
2012-05-05-13_46_06.195,365,7,3,0,-60.727,-11.266,1.820
2012-05-05-13_46_06.195,365,7,3,0,-60.673,-11.220,1.820
2012-05-05-13_46_06.196,365,0,3,1,-2.190,-11.288,2.028
2012-05-05-13_46_06.197,365,0,3,1,-2.163,-11.190,2.027
2012-05-05-13_46_06.199,365,0,3,1,-2.266,-11.266,1.827
2012-05-05-13_46_06.201,365,1,3,1,-11.206,-11.289,1.728
2012-05-05-13_46_06.202,365,1,3,1,-11.337,-11.222,1.727
2012-05-05-13_46_06.202,365,1,3,1,-11.227,-11.204,1.727
2012-05-05-13_46_06.203,365,2,3,1,-20.155,-11.218,1.028
2012-05-05-13_46_06.204,365,2,3,1,-20.231,-11.196,1.027
2012-05-05-13_46_06.205,365,2,3,1,-20.238,-11.193,1.027
2012-05-05-13_46_06.206,365,3,3,1,-29.177,-11.300,1.128
2012-05-05-13_46_06.207,365,3,3,1,-29.150,-11.202,1.227
2012-05-05-13_46_06.207,365,3,3,1,-29.253,-11.278,1.227
2012-05-05-13_46_06.208,365,4,3,1,-38.174,-11.302,0.928
2012-05-05-13_46_06.209,365,4,3,1,-38.146,-11.204,0.827
2012-05-05-13_46_06.210,365,4,3,1,-38.249,-11.280,0.927
2012-05-05-13_46_06.211,365,5,3,1,-47.190,-11.290,1.127
2012-05-05-13_46_06.212,365,5,3,1,-47.280,-11.265,1.127
2012-05-05-13_46_06.213,365,5,3,1,-47.249,-11.292,1.127
2012-05-05-13_46_06.214,365,6,3,1,-56.219,-11.363,1.228
2012-05-05-13_46_06.215,365,6,3,1,-56.192,-11.265,1.227
2012-05-05-13_46_06.216,365,6,3,1,-56.295,-11.340,1.227
2012-05-05-13_46_06.217,365,7,3,1,-65.190,-11.277,1.827
2012-05-05-13_46_06.217,365,7,3,1,-65.197,-11.274,1.827
2012-05-05-13_46_06.218,365,7,3,1,-65.177,-11.176,1.827
2012-05-05-13_46_06.219,365,0,4,0,2.269,-15.782,2.039
2012-05-05-13_46_06.220,365,0,4,0,2.294,-15.697,2.039
2012-05-05-13_46_06.221,365,0,4,0,2.193,-15.754,2.039
2012-05-05-13_46_06.221,365,1,4,0,-6.739,-15.790,1.739
2012-05-05-13_46_06.222,365,1,4,0,-6.827,-15.769,1.839
2012-05-05-13_46_06.223,365,1,4,0,-6.763,-15.712,1.839
2012-05-05-13_46_06.226,365,2,4,0,-15.696,-15.712,1.139
2012-05-05-13_46_06.226,365,2,4,0,-15.772,-15.684,1.139
2012-05-05-13_46_06.227,365,2,4,0,-15.718,-15.642,1.139
2012-05-05-13_46_06.227,365,3,4,0,-24.718,-15.794,1.639
2012-05-05-13_46_06.228,365,3,4,0,-24.693,-15.709,1.639
2012-05-05-13_46_06.229,365,3,4,0,-24.794,-15.766,1.539
2012-05-05-13_46_06.231,365,4,4,0,-33.715,-15.796,0.839
2012-05-05-13_46_06.232,365,4,4,0,-33.690,-15.711,0.939
2012-05-05-13_46_06.233,365,4,4,0,-33.790,-15.768,0.939
2012-05-05-13_46_06.234,365,5,4,0,-42.733,-15.796,1.139
2012-05-05-13_46_06.235,365,5,4,0,-42.680,-15.837,1.139
2012-05-05-13_46_06.235,365,5,4,0,-42.780,-15.812,1.139
2012-05-05-13_46_06.236,365,6,4,0,-51.760,-15.856,1.239
2012-05-05-13_46_06.237,365,6,4,0,-51.735,-15.771,1.239
2012-05-05-13_46_06.238,365,6,4,0,-51.836,-15.829,1.139
2012-05-05-13_46_06.239,365,7,4,0,-60.655,-15.793,1.839
2012-05-05-13_46_06.241,365,7,4,0,-60.730,-15.765,1.839
2012-05-05-13_46_06.242,365,7,4,0,-60.676,-15.723,1.839
2012-05-05-13_46_06.243,365,0,4,1,-2.186,-15.793,1.951
2012-05-05-13_46_06.244,365,0,4,1,-2.161,-15.696,1.951
2012-05-05-13_46_06.244,365,0,4,1,-2.266,-15.767,1.950
2012-05-05-13_46_06.245,365,1,4,1,-11.206,-15.790,1.751
2012-05-05-13_46_06.246,365,1,4,1,-11.335,-15.728,1.851
2012-05-05-13_46_06.247,365,1,4,1,-11.228,-15.710,1.850
2012-05-05-13_46_06.247,365,2,4,1,-20.151,-15.723,1.151
2012-05-05-13_46_06.248,365,2,4,1,-20.231,-15.697,1.150
2012-05-05-13_46_06.249,365,2,4,1,-20.239,-15.696,1.150
2012-05-05-13_46_06.250,365,3,4,1,-29.173,-15.805,1.251
2012-05-05-13_46_06.251,365,3,4,1,-29.148,-15.708,1.251
2012-05-05-13_46_06.252,365,3,4,1,-29.253,-15.779,1.250
2012-05-05-13_46_06.253,365,4,4,1,-38.170,-15.807,0.951
2012-05-05-13_46_06.254,365,4,4,1,-38.144,-15.710,0.951
2012-05-05-13_46_06.255,365,4,4,1,-38.250,-15.781,0.950
2012-05-05-13_46_06.256,365,5,4,1,-47.188,-15.796,1.251
2012-05-05-13_46_06.257,365,5,4,1,-47.281,-15.770,1.150
2012-05-05-13_46_06.257,365,5,4,1,-47.249,-15.798,1.150
2012-05-05-13_46_06.258,365,6,4,1,-56.190,-15.771,1.351
2012-05-05-13_46_06.259,365,6,4,1,-56.295,-15.841,1.350
2012-05-05-13_46_06.260,365,6,4,1,-56.303,-15.841,1.350
2012-05-05-13_46_06.261,365,7,4,1,-65.190,-15.778,1.850
2012-05-05-13_46_06.262,365,7,4,1,-65.197,-15.777,1.850
2012-05-05-13_46_06.263,365,7,4,1,-65.177,-15.681,1.950
2012-05-05-13_46_06.264,365,0,5,0,2.268,-20.283,1.964
2012-05-05-13_46_06.264,365,0,5,0,2.293,-20.197,1.964
2012-05-05-13_46_06.265,365,0,5,0,2.190,-20.254,1.964
2012-05-05-13_46_06.267,365,1,5,0,-6.742,-20.294,1.864
2012-05-05-13_46_06.267,365,1,5,0,-6.823,-20.268,1.864
2012-05-05-13_46_06.268,365,1,5,0,-6.761,-20.216,1.864
2012-05-05-13_46_06.269,365,2,5,0,-15.697,-20.213,1.164
2012-05-05-13_46_06.270,365,2,5,0,-15.774,-20.184,1.164
2012-05-05-13_46_06.271,365,2,5,0,-15.718,-20.140,1.164
2012-05-05-13_46_06.271,365,3,5,0,-24.719,-20.295,1.564
2012-05-05-13_46_06.272,365,3,5,0,-24.694,-20.209,1.564
2012-05-05-13_46_06.273,365,3,5,0,-24.796,-20.267,1.564
2012-05-05-13_46_06.273,365,4,5,0,-33.715,-20.297,0.964
2012-05-05-13_46_06.274,365,4,5,0,-33.690,-20.211,0.964
2012-05-05-13_46_06.275,365,4,5,0,-33.793,-20.268,0.964
2012-05-05-13_46_06.276,365,5,5,0,-42.734,-20.297,1.164
2012-05-05-13_46_06.277,365,5,5,0,-42.676,-20.336,1.164
2012-05-05-13_46_06.277,365,5,5,0,-42.780,-20.310,1.164
2012-05-05-13_46_06.278,365,6,5,0,-51.761,-20.357,1.164
2012-05-05-13_46_06.279,365,6,5,0,-51.736,-20.271,1.264
2012-05-05-13_46_06.280,365,6,5,0,-51.839,-20.329,1.164
2012-05-05-13_46_06.281,365,7,5,0,-60.655,-20.294,1.964
2012-05-05-13_46_06.282,365,7,5,0,-60.733,-20.265,1.864
2012-05-05-13_46_06.283,365,7,5,0,-60.677,-20.221,1.864
2012-05-05-13_46_06.284,365,0,5,1,-2.186,-20.292,1.972
2012-05-05-13_46_06.285,365,0,5,1,-2.161,-20.196,1.972
2012-05-05-13_46_06.286,365,0,5,1,-2.262,-20.268,1.972
2012-05-05-13_46_06.287,365,1,5,1,-11.209,-20.294,1.872
2012-05-05-13_46_06.287,365,1,5,1,-11.336,-20.228,1.872
2012-05-05-13_46_06.288,365,1,5,1,-11.231,-20.215,1.872
2012-05-05-13_46_06.289,365,2,5,1,-20.151,-20.222,1.172
2012-05-05-13_46_06.290,365,2,5,1,-20.227,-20.198,1.172
2012-05-05-13_46_06.292,365,2,5,1,-20.234,-20.197,1.172
2012-05-05-13_46_06.293,365,3,5,1,-29.173,-20.304,1.272
2012-05-05-13_46_06.294,365,3,5,1,-29.148,-20.208,1.272
2012-05-05-13_46_06.295,365,3,5,1,-29.249,-20.280,1.272
2012-05-05-13_46_06.297,365,4,5,1,-38.170,-20.306,0.972
2012-05-05-13_46_06.298,365,4,5,1,-38.145,-20.210,0.972
2012-05-05-13_46_06.298,365,4,5,1,-38.245,-20.282,0.972
2012-05-05-13_46_06.299,365,5,5,1,-47.189,-20.296,1.272
2012-05-05-13_46_06.301,365,5,5,1,-47.279,-20.274,1.272
2012-05-05-13_46_06.302,365,5,5,1,-47.247,-20.297,1.172
2012-05-05-13_46_06.302,365,6,5,1,-56.190,-20.271,1.372
2012-05-05-13_46_06.303,365,6,5,1,-56.291,-20.343,1.372
2012-05-05-13_46_06.304,365,6,5,1,-56.298,-20.342,1.372
2012-05-05-13_46_06.305,365,7,5,1,-65.186,-20.279,1.872
2012-05-05-13_46_06.306,365,7,5,1,-65.193,-20.278,1.872
2012-05-05-13_46_06.307,365,7,5,1,-65.175,-20.185,1.972
2012-05-05-13_46_06.308,365,0,6,0,2.270,-24.783,1.981
2012-05-05-13_46_06.308,365,0,6,0,2.303,-24.690,1.881
2012-05-05-13_46_06.309,365,0,6,0,2.192,-24.758,1.881
2012-05-05-13_46_06.310,365,1,6,0,-6.740,-24.796,1.681
2012-05-05-13_46_06.311,365,1,6,0,-6.818,-24.770,1.681
2012-05-05-13_46_06.312,365,1,6,0,-6.759,-24.710,1.681
2012-05-05-13_46_06.313,365,2,6,0,-15.695,-24.713,1.181
2012-05-05-13_46_06.314,365,2,6,0,-15.772,-24.688,1.181
2012-05-05-13_46_06.314,365,2,6,0,-15.751,-24.697,1.081
2012-05-05-13_46_06.315,365,3,6,0,-24.717,-24.795,1.481
2012-05-05-13_46_06.316,365,3,6,0,-24.684,-24.703,1.581
2012-05-05-13_46_06.317,365,3,6,0,-24.794,-24.770,1.581
2012-05-05-13_46_06.318,365,4,6,0,-33.713,-24.797,0.981
2012-05-05-13_46_06.318,365,4,6,0,-33.681,-24.704,0.981
2012-05-05-13_46_06.319,365,4,6,0,-33.791,-24.772,0.981
2012-05-05-13_46_06.320,365,5,6,0,-42.724,-24.790,1.481
2012-05-05-13_46_06.321,365,5,6,0,-42.671,-24.838,1.481
2012-05-05-13_46_06.322,365,5,6,0,-42.776,-24.805,1.381
2012-05-05-13_46_06.323,365,6,6,0,-51.759,-24.857,1.481
2012-05-05-13_46_06.324,365,6,6,0,-51.726,-24.765,1.481
2012-05-05-13_46_06.325,365,6,6,0,-51.837,-24.833,1.381
2012-05-05-13_46_06.326,365,7,6,0,-60.653,-24.793,3.281
2012-05-05-13_46_06.326,365,7,6,0,-60.731,-24.769,2.181
2012-05-05-13_46_06.327,365,7,6,0,-60.672,-24.716,2.081
2012-05-05-13_46_06.328,365,0,6,1,-2.187,-24.789,1.990
2012-05-05-13_46_06.329,365,0,6,1,-2.162,-24.690,1.890
2012-05-05-13_46_06.330,365,0,6,1,-2.260,-24.770,1.890
2012-05-05-13_46_06.331,365,1,6,1,-11.212,-24.796,1.690
2012-05-05-13_46_06.332,365,1,6,1,-11.336,-24.721,1.690
2012-05-05-13_46_06.333,365,1,6,1,-11.234,-24.710,1.690
2012-05-05-13_46_06.333,365,2,6,1,-20.152,-24.719,1.090
2012-05-05-13_46_06.334,365,2,6,1,-20.225,-24.700,1.090
2012-05-05-13_46_06.335,365,2,6,1,-20.235,-24.700,1.090
2012-05-05-13_46_06.336,365,3,6,1,-29.174,-24.801,1.290
2012-05-05-13_46_06.337,365,3,6,1,-29.149,-24.702,1.490
2012-05-05-13_46_06.338,365,3,6,1,-29.247,-24.783,1.290
2012-05-05-13_46_06.339,365,4,6,1,-38.170,-24.803,1.090
2012-05-05-13_46_06.340,365,4,6,1,-38.145,-24.704,0.990
2012-05-05-13_46_06.340,365,4,6,1,-38.243,-24.784,0.990
2012-05-05-13_46_06.341,365,5,6,1,-47.189,-24.789,1.490
2012-05-05-13_46_06.342,365,5,6,1,-47.274,-24.770,1.490
2012-05-05-13_46_06.343,365,5,6,1,-47.243,-24.792,1.390
2012-05-05-13_46_06.345,365,6,6,1,-56.216,-24.863,1.390
2012-05-05-13_46_06.346,365,6,6,1,-56.191,-24.764,1.490
2012-05-05-13_46_06.347,365,6,6,1,-56.289,-24.845,1.490
2012-05-05-13_46_06.348,365,7,6,1,-65.184,-24.781,1.990
2012-05-05-13_46_06.349,365,7,6,1,-65.193,-24.781,1.990
2012-05-05-13_46_06.349,365,7,6,1,-65.171,-24.680,2.190
2012-05-05-13_46_06.350,365,0,7,0,2.263,-29.280,1.902
2012-05-05-13_46_06.351,365,0,7,0,2.300,-29.190,1.902
2012-05-05-13_46_06.352,365,0,7,0,2.190,-29.259,1.902
2012-05-05-13_46_06.354,365,1,7,0,-6.743,-29.293,1.702
2012-05-05-13_46_06.355,365,1,7,0,-6.819,-29.272,1.702
2012-05-05-13_46_06.356,365,1,7,0,-6.762,-29.206,1.702
2012-05-05-13_46_06.357,365,2,7,0,-15.702,-29.210,1.102
2012-05-05-13_46_06.358,365,2,7,0,-15.775,-29.189,1.202
2012-05-05-13_46_06.359,365,2,7,0,-15.716,-29.137,1.102
2012-05-05-13_46_06.359,365,3,7,0,-24.724,-29.292,1.502
2012-05-05-13_46_06.360,365,3,7,0,-24.687,-29.202,1.502
2012-05-05-13_46_06.361,365,3,7,0,-24.797,-29.271,1.502
2012-05-05-13_46_06.362,365,4,7,0,-33.721,-29.294,1.102
2012-05-05-13_46_06.363,365,4,7,0,-33.684,-29.204,1.102
2012-05-05-13_46_06.364,365,4,7,0,-33.794,-29.273,1.102
2012-05-05-13_46_06.365,365,5,7,0,-42.727,-29.290,1.502
2012-05-05-13_46_06.366,365,5,7,0,-42.672,-29.340,1.402
2012-05-05-13_46_06.367,365,5,7,0,-42.779,-29.307,1.502
2012-05-05-13_46_06.368,365,6,7,0,-51.766,-29.355,1.402
2012-05-05-13_46_06.369,365,6,7,0,-51.729,-29.264,1.402
2012-05-05-13_46_06.369,365,6,7,0,-51.673,-29.315,1.402
2012-05-05-13_46_06.370,365,7,7,0,-60.661,-29.291,2.202
2012-05-05-13_46_06.371,365,7,7,0,-60.734,-29.270,2.202
2012-05-05-13_46_06.372,365,7,7,0,-60.675,-29.218,2.202
2012-05-05-13_46_06.373,365,0,7,1,-2.187,-29.286,1.913
2012-05-05-13_46_06.374,365,0,7,1,-2.162,-29.188,1.913
2012-05-05-13_46_06.375,365,0,7,1,-2.260,-29.269,1.913
2012-05-05-13_46_06.375,365,1,7,1,-11.213,-29.292,1.713
2012-05-05-13_46_06.376,365,1,7,1,-11.337,-29.220,1.713
2012-05-05-13_46_06.377,365,1,7,1,-11.234,-29.205,1.713
2012-05-05-13_46_06.378,365,2,7,1,-20.152,-29.216,1.113
2012-05-05-13_46_06.379,365,2,7,1,-20.225,-29.199,1.113
2012-05-05-13_46_06.380,365,2,7,1,-20.233,-29.197,1.113
2012-05-05-13_46_06.381,365,3,7,1,-29.174,-29.299,1.313
2012-05-05-13_46_06.382,365,3,7,1,-29.149,-29.200,1.513
2012-05-05-13_46_06.382,365,3,7,1,-29.247,-29.281,1.313
2012-05-05-13_46_06.383,365,4,7,1,-38.171,-29.300,1.113
2012-05-05-13_46_06.386,365,4,7,1,-38.146,-29.202,1.113
2012-05-05-13_46_06.387,365,4,7,1,-38.244,-29.283,1.113
2012-05-05-13_46_06.387,365,5,7,1,-47.189,-29.288,1.513
2012-05-05-13_46_06.388,365,5,7,1,-47.275,-29.267,1.513
2012-05-05-13_46_06.389,365,5,7,1,-47.246,-29.292,1.513
2012-05-05-13_46_06.390,365,6,7,1,-56.216,-29.361,1.513
2012-05-05-13_46_06.391,365,6,7,1,-56.191,-29.263,1.513
2012-05-05-13_46_06.392,365,6,7,1,-56.289,-29.344,1.413
2012-05-05-13_46_06.393,365,7,7,1,-65.184,-29.280,2.013
2012-05-05-13_46_06.394,365,7,7,1,-65.191,-29.278,2.013
2012-05-05-13_46_06.395,365,7,7,1,-65.171,-29.178,2.113
2012-05-05-13_46_06.395,365,0,8,0,2.274,-33.778,1.927
2012-05-05-13_46_06.396,365,0,8,0,2.304,-33.688,1.927
2012-05-05-13_46_06.398,365,0,8,0,2.189,-33.756,1.927
2012-05-05-13_46_06.398,365,1,8,0,-6.746,-33.788,1.727
2012-05-05-13_46_06.399,365,1,8,0,-6.822,-33.769,1.727
2012-05-05-13_46_06.400,365,1,8,0,-6.765,-33.703,1.727
2012-05-05-13_46_06.401,365,2,8,0,-15.690,-33.708,1.127
2012-05-05-13_46_06.402,365,2,8,0,-15.776,-33.686,1.127
2012-05-05-13_46_06.403,365,2,8,0,-15.712,-33.638,1.227
2012-05-05-13_46_06.404,365,3,8,0,-24.712,-33.790,1.527
2012-05-05-13_46_06.405,365,3,8,0,-24.683,-33.700,1.527
2012-05-05-13_46_06.406,365,3,8,0,-24.798,-33.768,1.527
2012-05-05-13_46_06.407,365,4,8,0,-33.709,-33.792,1.127
2012-05-05-13_46_06.407,365,4,8,0,-33.679,-33.702,1.127
2012-05-05-13_46_06.408,365,4,8,0,-33.794,-33.770,1.127
2012-05-05-13_46_06.409,365,5,8,0,-42.723,-33.788,1.527
2012-05-05-13_46_06.410,365,5,8,0,-42.674,-33.837,1.527
2012-05-05-13_46_06.412,365,5,8,0,-42.774,-33.808,1.527
2012-05-05-13_46_06.413,365,6,8,0,-51.755,-33.853,1.427
2012-05-05-13_46_06.414,365,6,8,0,-51.725,-33.763,1.427
2012-05-05-13_46_06.415,365,6,8,0,-51.676,-33.811,1.527
2012-05-05-13_46_06.416,365,7,8,0,-60.649,-33.789,2.227
2012-05-05-13_46_06.417,365,7,8,0,-60.734,-33.766,2.227
2012-05-05-13_46_06.418,365,7,8,0,-60.671,-33.719,2.227
2012-05-05-13_46_06.419,365,0,8,1,-2.190,-33.787,1.936
2012-05-05-13_46_06.419,365,0,8,1,-2.165,-33.687,1.936
2012-05-05-13_46_06.420,365,0,8,1,-2.261,-33.765,1.936
2012-05-05-13_46_06.421,365,1,8,1,-11.213,-33.787,1.736
2012-05-05-13_46_06.422,365,1,8,1,-11.339,-33.719,1.736
2012-05-05-13_46_06.423,365,1,8,1,-11.237,-33.703,1.736
2012-05-05-13_46_06.424,365,2,8,1,-20.155,-33.717,1.136
2012-05-05-13_46_06.425,365,2,8,1,-20.226,-33.695,1.236
2012-05-05-13_46_06.425,365,2,8,1,-20.233,-33.693,1.136
2012-05-05-13_46_06.426,365,3,8,1,-29.177,-33.799,1.136
2012-05-05-13_46_06.427,365,3,8,1,-29.152,-33.699,1.136
2012-05-05-13_46_06.428,365,3,8,1,-29.248,-33.778,1.236
2012-05-05-13_46_06.429,365,4,8,1,-38.174,-33.801,1.136
2012-05-05-13_46_06.430,365,4,8,1,-38.148,-33.701,1.136
2012-05-05-13_46_06.431,365,4,8,1,-38.244,-33.779,1.136
2012-05-05-13_46_06.432,365,5,8,1,-47.192,-33.787,1.636
2012-05-05-13_46_06.433,365,5,8,1,-47.275,-33.763,1.536
2012-05-05-13_46_06.434,365,5,8,1,-47.246,-33.793,1.536
2012-05-05-13_46_06.434,365,6,8,1,-56.219,-33.862,1.536
2012-05-05-13_46_06.435,365,6,8,1,-56.194,-33.762,1.536
2012-05-05-13_46_06.436,365,6,8,1,-56.290,-33.840,1.436
2012-05-05-13_46_06.437,365,7,8,1,-65.184,-33.776,2.336
2012-05-05-13_46_06.438,365,7,8,1,-65.192,-33.774,2.236
2012-05-05-13_46_06.439,365,7,8,1,-65.171,-33.674,2.336
2012-05-05-13_46_06.440,365,0,9,0,2.274,-38.282,1.945
2012-05-05-13_46_06.440,365,0,9,0,2.301,-38.195,1.945
2012-05-05-13_46_06.441,365,0,9,0,2.191,-38.254,1.945
2012-05-05-13_46_06.442,365,1,9,0,-6.746,-38.289,1.845
2012-05-05-13_46_06.443,365,1,9,0,-6.820,-38.268,1.845
2012-05-05-13_46_06.443,365,1,9,0,-6.765,-38.211,1.845
2012-05-05-13_46_06.444,365,2,9,0,-15.691,-38.212,1.245
2012-05-05-13_46_06.445,365,2,9,0,-15.774,-38.184,1.245
2012-05-05-13_46_06.446,365,2,9,0,-15.710,-38.141,1.245
2012-05-05-13_46_06.447,365,3,9,0,-24.713,-38.294,1.645
2012-05-05-13_46_06.448,365,3,9,0,-24.685,-38.207,1.645
2012-05-05-13_46_06.448,365,3,9,0,-24.796,-38.266,1.645
2012-05-05-13_46_06.449,365,4,9,0,-33.710,-38.296,1.145
2012-05-05-13_46_06.450,365,4,9,0,-33.682,-38.209,1.045
2012-05-05-13_46_06.451,365,4,9,0,-33.792,-38.268,1.145
2012-05-05-13_46_06.452,365,5,9,0,-42.726,-38.295,1.545
2012-05-05-13_46_06.452,365,5,9,0,-42.672,-38.336,1.445
2012-05-05-13_46_06.453,365,5,9,0,-42.772,-38.311,1.545
2012-05-05-13_46_06.454,365,6,9,0,-51.755,-38.356,1.345
2012-05-05-13_46_06.455,365,6,9,0,-51.727,-38.270,1.445
2012-05-05-13_46_06.456,365,6,9,0,-51.838,-38.329,1.345
2012-05-05-13_46_06.457,365,7,9,0,-60.650,-38.293,2.145
2012-05-05-13_46_06.457,365,7,9,0,-60.732,-38.265,2.245
2012-05-05-13_46_06.458,365,7,9,0,-60.669,-38.222,2.245
2012-05-05-13_46_06.459,365,0,9,1,-2.188,-38.293,1.954
2012-05-05-13_46_06.460,365,0,9,1,-2.168,-38.195,1.854
2012-05-05-13_46_06.461,365,0,9,1,-2.261,-38.266,1.954
2012-05-05-13_46_06.462,365,1,9,1,-11.213,-38.289,1.854
2012-05-05-13_46_06.462,365,1,9,1,-11.342,-38.227,1.854
2012-05-05-13_46_06.463,365,1,9,1,-11.235,-38.209,1.854
2012-05-05-13_46_06.464,365,2,9,1,-20.153,-38.223,1.254
2012-05-05-13_46_06.465,365,2,9,1,-20.226,-38.196,1.254
2012-05-05-13_46_06.467,365,2,9,1,-20.231,-38.195,1.254
2012-05-05-13_46_06.468,365,3,9,1,-29.175,-38.305,1.354
2012-05-05-13_46_06.469,365,3,9,1,-29.155,-38.207,1.454
2012-05-05-13_46_06.470,365,3,9,1,-29.248,-38.279,1.454
2012-05-05-13_46_06.470,365,4,9,1,-38.172,-38.307,1.154
2012-05-05-13_46_06.471,365,4,9,1,-38.151,-38.209,1.154
2012-05-05-13_46_06.472,365,4,9,1,-38.245,-38.280,1.154
2012-05-05-13_46_06.473,365,5,9,1,-47.195,-38.295,1.554
2012-05-05-13_46_06.474,365,5,9,1,-47.276,-38.269,1.654
2012-05-05-13_46_06.475,365,5,9,1,-47.246,-38.299,1.554
2012-05-05-13_46_06.477,365,6,9,1,-56.197,-38.269,1.454
2012-05-05-13_46_06.478,365,6,9,1,-56.290,-38.341,1.454
2012-05-05-13_46_06.479,365,6,9,1,-56.295,-38.340,1.454
2012-05-05-13_46_06.480,365,7,9,1,-65.185,-38.277,2.054
2012-05-05-13_46_06.481,365,7,9,1,-65.190,-38.276,2.054
2012-05-05-13_46_06.482,365,7,9,1,-65.172,-38.180,2.254
2012-05-05-13_46_06.482,365,0,10,0,2.276,-42.783,1.966
2012-05-05-13_46_06.483,365,0,10,0,2.303,-42.696,1.966
2012-05-05-13_46_06.484,365,0,10,0,2.193,-42.755,1.966
2012-05-05-13_46_06.485,365,1,10,0,-6.749,-42.793,1.766
2012-05-05-13_46_06.486,365,1,10,0,-6.822,-42.767,1.866
2012-05-05-13_46_06.487,365,1,10,0,-6.768,-42.715,1.766
2012-05-05-13_46_06.488,365,2,10,0,-15.689,-42.713,1.266
2012-05-05-13_46_06.489,365,2,10,0,-15.772,-42.685,1.266
2012-05-05-13_46_06.490,365,2,10,0,-15.708,-42.639,1.266
2012-05-05-13_46_06.491,365,3,10,0,-24.711,-42.795,1.566
2012-05-05-13_46_06.491,365,3,10,0,-24.683,-42.708,1.666
2012-05-05-13_46_06.492,365,3,10,0,-24.794,-42.767,1.666
2012-05-05-13_46_06.493,365,4,10,0,-33.707,-42.797,1.166
2012-05-05-13_46_06.494,365,4,10,0,-33.680,-42.710,1.066
2012-05-05-13_46_06.495,365,4,10,0,-33.790,-42.769,1.066
2012-05-05-13_46_06.496,365,5,10,0,-42.724,-42.796,1.566
2012-05-05-13_46_06.497,365,5,10,0,-42.675,-42.835,1.466
2012-05-05-13_46_06.498,365,5,10,0,-42.770,-42.809,1.566
2012-05-05-13_46_06.498,365,6,10,0,-51.753,-42.857,1.366
2012-05-05-13_46_06.499,365,6,10,0,-51.725,-42.770,1.466
2012-05-05-13_46_06.500,365,6,10,0,-51.836,-42.829,1.366
2012-05-05-13_46_06.501,365,7,10,0,-60.648,-42.794,2.266
2012-05-05-13_46_06.502,365,7,10,0,-60.730,-42.766,2.266
2012-05-05-13_46_06.503,365,7,10,0,-60.667,-42.720,2.266
2012-05-05-13_46_06.504,365,0,10,1,-2.191,-42.792,1.978
2012-05-05-13_46_06.505,365,0,10,1,-2.166,-42.695,1.978
2012-05-05-13_46_06.506,365,0,10,1,-2.259,-42.769,1.978
2012-05-05-13_46_06.507,365,1,10,1,-11.214,-42.793,1.878
2012-05-05-13_46_06.508,365,1,10,1,-11.340,-42.727,1.878
2012-05-05-13_46_06.508,365,1,10,1,-11.235,-42.714,1.878
2012-05-05-13_46_06.509,365,2,10,1,-20.156,-42.722,1.378
2012-05-05-13_46_06.510,365,2,10,1,-20.224,-42.699,1.278
2012-05-05-13_46_06.511,365,2,10,1,-20.234,-42.698,1.378
2012-05-05-13_46_06.512,365,3,10,1,-29.178,-42.804,1.378
2012-05-05-13_46_06.512,365,3,10,1,-29.153,-42.707,1.378
2012-05-05-13_46_06.513,365,3,10,1,-29.246,-42.781,1.378
2012-05-05-13_46_06.514,365,4,10,1,-38.174,-42.806,1.178
2012-05-05-13_46_06.515,365,4,10,1,-38.149,-42.709,1.178
2012-05-05-13_46_06.515,365,4,10,1,-38.243,-42.783,1.178
2012-05-05-13_46_06.516,365,5,10,1,-47.193,-42.795,1.578
2012-05-05-13_46_06.517,365,5,10,1,-47.276,-42.774,1.578
2012-05-05-13_46_06.518,365,5,10,1,-47.249,-42.798,1.578
2012-05-05-13_46_06.519,365,6,10,1,-56.195,-42.770,1.478
2012-05-05-13_46_06.520,365,6,10,1,-56.288,-42.844,1.578
2012-05-05-13_46_06.521,365,6,10,1,-56.298,-42.842,1.478
2012-05-05-13_46_06.522,365,7,10,1,-65.183,-42.780,2.178
2012-05-05-13_46_06.525,365,7,10,1,-65.193,-42.779,2.278
2012-05-05-13_46_06.526,365,7,10,1,-65.172,-42.685,2.378
2012-05-05-13_46_06.526,365,0,11,0,2.278,-47.283,1.990
2012-05-05-13_46_06.527,365,0,11,0,2.303,-47.190,1.990
2012-05-05-13_46_06.527,365,0,11,0,2.195,-47.258,1.990
2012-05-05-13_46_06.528,365,1,11,0,-6.750,-47.295,1.890
2012-05-05-13_46_06.529,365,1,11,0,-6.825,-47.269,1.790
2012-05-05-13_46_06.529,365,1,11,0,-6.771,-47.209,1.890
2012-05-05-13_46_06.530,365,2,11,0,-15.687,-47.213,1.290
2012-05-05-13_46_06.530,365,2,11,0,-15.770,-47.188,1.290
2012-05-05-13_46_06.531,365,2,11,0,-15.743,-47.198,1.290
2012-05-05-13_46_06.531,365,3,11,0,-24.709,-47.295,1.690
2012-05-05-13_46_06.532,365,3,11,0,-24.684,-47.202,1.690
2012-05-05-13_46_06.533,365,3,11,0,-24.792,-47.270,1.690
2012-05-05-13_46_06.533,365,4,11,0,-33.705,-47.297,1.190
2012-05-05-13_46_06.534,365,4,11,0,-33.680,-47.204,1.190
2012-05-05-13_46_06.535,365,4,11,0,-33.788,-47.272,1.090
2012-05-05-13_46_06.535,365,5,11,0,-42.724,-47.290,1.490
2012-05-05-13_46_06.536,365,5,11,0,-42.678,-47.337,1.490
2012-05-05-13_46_06.536,365,5,11,0,-42.771,-47.304,1.490
2012-05-05-13_46_06.537,365,6,11,0,-51.751,-47.357,1.490
2012-05-05-13_46_06.537,365,6,11,0,-51.726,-47.264,1.490
2012-05-05-13_46_06.538,365,6,11,0,-51.834,-47.333,1.390
2012-05-05-13_46_06.539,365,7,11,0,-60.646,-47.293,2.290
2012-05-05-13_46_06.539,365,7,11,0,-60.728,-47.269,2.290
2012-05-05-13_46_06.541,365,7,11,0,-60.667,-47.215,2.290
2012-05-05-13_46_06.541,365,0,11,1,-2.191,-47.289,1.999
2012-05-05-13_46_06.542,365,0,11,1,-2.169,-47.190,1.999
2012-05-05-13_46_06.542,365,0,11,1,-2.262,-47.270,1.999
2012-05-05-13_46_06.543,365,1,11,1,-11.214,-47.296,1.899
2012-05-05-13_46_06.543,365,1,11,1,-11.343,-47.221,1.799
2012-05-05-13_46_06.544,365,1,11,1,-11.236,-47.209,1.899
2012-05-05-13_46_06.545,365,2,11,1,-20.156,-47.219,1.299
2012-05-05-13_46_06.546,365,2,11,1,-20.227,-47.200,1.299
2012-05-05-13_46_06.546,365,2,11,1,-20.232,-47.199,1.299
2012-05-05-13_46_06.547,365,3,11,1,-29.178,-47.301,1.299
2012-05-05-13_46_06.547,365,3,11,1,-29.156,-47.202,1.599
2012-05-05-13_46_06.548,365,3,11,1,-29.249,-47.283,1.399
2012-05-05-13_46_06.549,365,4,11,1,-38.175,-47.303,1.199
2012-05-05-13_46_06.550,365,4,11,1,-38.152,-47.204,1.199
2012-05-05-13_46_06.550,365,4,11,1,-38.246,-47.284,1.199
2012-05-05-13_46_06.551,365,5,11,1,-47.196,-47.289,1.599
2012-05-05-13_46_06.552,365,5,11,1,-47.276,-47.269,1.599
2012-05-05-13_46_06.552,365,5,11,1,-47.247,-47.291,1.599
2012-05-05-13_46_06.553,365,6,11,1,-56.220,-47.364,1.499
2012-05-05-13_46_06.553,365,6,11,1,-56.198,-47.264,1.599
2012-05-05-13_46_06.554,365,6,11,1,-56.291,-47.345,1.499
2012-05-05-13_46_06.555,365,7,11,1,-65.186,-47.281,2.399
2012-05-05-13_46_06.555,365,7,11,1,-65.191,-47.280,2.299
2012-05-05-13_46_06.557,365,7,11,1,-65.173,-47.180,2.399
2012-05-05-13_46_06.558,365,0,12,0,2.268,-51.780,2.207
2012-05-05-13_46_06.558,365,0,12,0,2.303,-51.691,2.207
2012-05-05-13_46_06.559,365,0,12,0,2.195,-51.759,2.207
2012-05-05-13_46_06.559,365,1,12,0,-6.753,-51.794,1.907
2012-05-05-13_46_06.560,365,1,12,0,-6.828,-51.774,1.907
2012-05-05-13_46_06.560,365,1,12,0,-6.772,-51.707,1.907
2012-05-05-13_46_06.561,365,2,12,0,-15.697,-51.710,1.307
2012-05-05-13_46_06.562,365,2,12,0,-15.770,-51.689,1.307
2012-05-05-13_46_06.562,365,2,12,0,-15.709,-51.639,1.307
2012-05-05-13_46_06.563,365,3,12,0,-24.719,-51.792,1.707
2012-05-05-13_46_06.563,365,3,12,0,-24.684,-51.703,1.707
2012-05-05-13_46_06.564,365,3,12,0,-24.792,-51.771,1.707
2012-05-05-13_46_06.565,365,4,12,0,-33.716,-51.794,1.207
2012-05-05-13_46_06.567,365,4,12,0,-33.681,-51.705,1.207
2012-05-05-13_46_06.568,365,4,12,0,-33.789,-51.773,1.207
2012-05-05-13_46_06.569,365,5,12,0,-42.725,-51.790,1.407
2012-05-05-13_46_06.570,365,5,12,0,-42.681,-51.842,1.407
2012-05-05-13_46_06.571,365,5,12,0,-42.771,-51.809,1.407
2012-05-05-13_46_06.571,365,6,12,0,-51.761,-51.855,1.407
2012-05-05-13_46_06.573,365,6,12,0,-51.726,-51.765,1.407
2012-05-05-13_46_06.574,365,6,12,0,-51.834,-51.834,1.407
2012-05-05-13_46_06.575,365,7,12,0,-60.656,-51.791,2.207
2012-05-05-13_46_06.576,365,7,12,0,-60.729,-51.770,2.207
2012-05-05-13_46_06.577,365,7,12,0,-60.667,-51.720,2.207
2012-05-05-13_46_06.579,365,0,12,1,-2.197,-51.787,2.116
2012-05-05-13_46_06.579,365,0,12,1,-2.169,-51.690,2.116
2012-05-05-13_46_06.580,365,0,12,1,-2.265,-51.768,2.116
2012-05-05-13_46_06.581,365,1,12,1,-11.212,-51.793,1.816
2012-05-05-13_46_06.582,365,1,12,1,-11.344,-51.722,1.916
2012-05-05-13_46_06.584,365,1,12,1,-11.234,-51.706,1.916
2012-05-05-13_46_06.585,365,2,12,1,-20.162,-51.717,1.316
2012-05-05-13_46_06.585,365,2,12,1,-20.230,-51.698,1.216
2012-05-05-13_46_06.586,365,2,12,1,-20.235,-51.697,1.316
2012-05-05-13_46_06.587,365,3,12,1,-29.184,-51.799,1.516
2012-05-05-13_46_06.589,365,3,12,1,-29.156,-51.702,1.616
2012-05-05-13_46_06.590,365,3,12,1,-29.252,-51.781,1.616
2012-05-05-13_46_06.590,365,4,12,1,-38.180,-51.801,1.216
2012-05-05-13_46_06.591,365,4,12,1,-38.153,-51.704,1.216
2012-05-05-13_46_06.592,365,4,12,1,-38.248,-51.782,1.216
2012-05-05-13_46_06.594,365,5,12,1,-47.196,-51.790,1.416
2012-05-05-13_46_06.595,365,5,12,1,-47.277,-51.767,1.416
2012-05-05-13_46_06.595,365,5,12,1,-47.250,-51.792,1.516
2012-05-05-13_46_06.596,365,6,12,1,-56.226,-51.861,1.516
2012-05-05-13_46_06.597,365,6,12,1,-56.198,-51.765,1.516
2012-05-05-13_46_06.598,365,6,12,1,-56.294,-51.843,1.616
2012-05-05-13_46_06.600,365,7,12,1,-65.188,-51.779,2.216
2012-05-05-13_46_06.600,365,7,12,1,-65.193,-51.778,2.216
2012-05-05-13_46_06.601,365,7,12,1,-65.173,-51.678,2.216
2012-05-05-13_46_06.603,365,0,13,0,2.275,-56.278,2.127
2012-05-05-13_46_06.604,365,0,13,0,2.302,-56.191,2.227
2012-05-05-13_46_06.604,365,0,13,0,2.199,-56.254,2.227
2012-05-05-13_46_06.605,365,1,13,0,-6.753,-56.289,1.927
2012-05-05-13_46_06.606,365,1,13,0,-6.829,-56.269,1.927
2012-05-05-13_46_06.607,365,1,13,0,-6.774,-56.205,1.927
2012-05-05-13_46_06.608,365,2,13,0,-15.690,-56.208,1.227
2012-05-05-13_46_06.609,365,2,13,0,-15.766,-56.184,1.327
2012-05-05-13_46_06.610,365,2,13,0,-15.712,-56.140,1.327
2012-05-05-13_46_06.610,365,3,13,0,-24.712,-56.290,1.727
2012-05-05-13_46_06.611,365,3,13,0,-24.685,-56.203,1.727
2012-05-05-13_46_06.612,365,3,13,0,-24.788,-56.266,1.727
2012-05-05-13_46_06.614,365,4,13,0,-33.709,-56.292,1.227
2012-05-05-13_46_06.614,365,4,13,0,-33.681,-56.205,1.227
2012-05-05-13_46_06.615,365,4,13,0,-33.784,-56.268,1.227
2012-05-05-13_46_06.616,365,5,13,0,-42.725,-56.291,1.527
2012-05-05-13_46_06.617,365,5,13,0,-42.681,-56.338,1.327
2012-05-05-13_46_06.617,365,5,13,0,-42.774,-56.310,1.627
2012-05-05-13_46_06.618,365,6,13,0,-51.754,-56.353,1.427
2012-05-05-13_46_06.619,365,6,13,0,-51.727,-56.265,1.527
2012-05-05-13_46_06.619,365,6,13,0,-51.830,-56.329,1.427
2012-05-05-13_46_06.620,365,7,13,0,-60.649,-56.289,2.127
2012-05-05-13_46_06.621,365,7,13,0,-60.724,-56.265,2.127
2012-05-05-13_46_06.622,365,7,13,0,-60.670,-56.221,2.227
2012-05-05-13_46_06.622,365,0,13,1,-2.197,-56.289,2.139
2012-05-05-13_46_06.623,365,0,13,1,-2.172,-56.190,2.139
2012-05-05-13_46_06.624,365,0,13,1,-2.268,-56.265,2.138
2012-05-05-13_46_06.626,365,1,13,1,-11.210,-56.289,1.939
2012-05-05-13_46_06.627,365,1,13,1,-11.346,-56.222,1.939
2012-05-05-13_46_06.628,365,1,13,1,-11.234,-56.204,1.938
2012-05-05-13_46_06.628,365,2,13,1,-20.162,-56.219,1.339
2012-05-05-13_46_06.629,365,2,13,1,-20.233,-56.195,1.338
2012-05-05-13_46_06.630,365,2,13,1,-20.237,-56.194,1.338
2012-05-05-13_46_06.632,365,3,13,1,-29.184,-56.301,1.439
2012-05-05-13_46_06.633,365,3,13,1,-29.159,-56.202,1.639
2012-05-05-13_46_06.634,365,3,13,1,-29.255,-56.277,1.638
2012-05-05-13_46_06.634,365,4,13,1,-38.181,-56.303,1.239
2012-05-05-13_46_06.635,365,4,13,1,-38.155,-56.204,1.139
2012-05-05-13_46_06.636,365,4,13,1,-38.251,-56.279,1.238
2012-05-05-13_46_06.637,365,5,13,1,-47.199,-56.290,1.639
2012-05-05-13_46_06.638,365,5,13,1,-47.280,-56.265,1.638
2012-05-05-13_46_06.638,365,5,13,1,-47.253,-56.291,1.638
2012-05-05-13_46_06.639,365,6,13,1,-56.226,-56.364,1.539
2012-05-05-13_46_06.640,365,6,13,1,-56.201,-56.264,1.539
2012-05-05-13_46_06.640,365,6,13,1,-56.297,-56.339,1.538
2012-05-05-13_46_06.641,365,7,13,1,-65.191,-56.276,2.238
2012-05-05-13_46_06.642,365,7,13,1,-65.196,-56.275,6.038
2012-05-05-13_46_06.644,365,7,13,1,-65.176,-56.176,2.238
2012-05-05-13_46_06.645,365,0,14,0,2.272,-60.781,2.151
2012-05-05-13_46_06.645,365,0,14,0,2.297,-60.696,2.151
2012-05-05-13_46_06.646,365,0,14,0,2.196,-60.754,2.151
2012-05-05-13_46_06.647,365,1,14,0,-6.753,-60.790,2.051
2012-05-05-13_46_06.649,365,1,14,0,-6.831,-60.768,1.951
2012-05-05-13_46_06.650,365,1,14,0,-6.775,-60.711,1.951
2012-05-05-13_46_06.651,365,2,14,0,-15.693,-60.711,1.351
2012-05-05-13_46_06.651,365,2,14,0,-15.768,-60.684,1.351
2012-05-05-13_46_06.652,365,2,14,0,-15.712,-60.641,1.351
2012-05-05-13_46_06.653,365,3,14,0,-24.715,-60.793,1.751
2012-05-05-13_46_06.653,365,3,14,0,-24.690,-60.708,1.751
2012-05-05-13_46_06.654,365,3,14,0,-24.791,-60.766,1.751
2012-05-05-13_46_06.655,365,4,14,0,-33.712,-60.795,1.151
2012-05-05-13_46_06.656,365,4,14,0,-33.687,-60.710,1.151
2012-05-05-13_46_06.656,365,4,14,0,-33.787,-60.768,1.151
2012-05-05-13_46_06.658,365,5,14,0,-42.730,-60.796,1.651
2012-05-05-13_46_06.659,365,5,14,0,-42.684,-60.836,1.351
2012-05-05-13_46_06.660,365,5,14,0,-42.774,-60.811,1.551
2012-05-05-13_46_06.661,365,6,14,0,-51.757,-60.856,1.451
2012-05-05-13_46_06.662,365,6,14,0,-51.732,-60.771,1.451
2012-05-05-13_46_06.662,365,6,14,0,-51.833,-60.828,1.451
2012-05-05-13_46_06.663,365,7,14,0,-60.652,-60.792,2.151
2012-05-05-13_46_06.664,365,7,14,0,-60.727,-60.764,2.151
2012-05-05-13_46_06.665,365,7,14,0,-60.671,-60.722,2.151
2012-05-05-13_46_06.667,365,0,14,1,-2.200,-60.793,2.161
2012-05-05-13_46_06.667,365,0,14,1,-2.175,-60.696,2.061
2012-05-05-13_46_06.668,365,0,14,1,-2.271,-60.766,2.161
2012-05-05-13_46_06.668,365,1,14,1,-11.211,-60.790,1.861
2012-05-05-13_46_06.669,365,1,14,1,-11.349,-60.728,1.961
2012-05-05-13_46_06.670,365,1,14,1,-11.234,-60.710,1.961
2012-05-05-13_46_06.671,365,2,14,1,-20.165,-60.723,1.261
2012-05-05-13_46_06.671,365,2,14,1,-20.235,-60.696,1.261
2012-05-05-13_46_06.672,365,2,14,1,-20.240,-60.695,1.261
2012-05-05-13_46_06.673,365,3,14,1,-29.187,-60.805,1.361
2012-05-05-13_46_06.674,365,3,14,1,-29.162,-60.708,1.561
2012-05-05-13_46_06.674,365,3,14,1,-29.258,-60.779,1.661
2012-05-05-13_46_06.675,365,4,14,1,-38.184,-60.807,1.161
2012-05-05-13_46_06.676,365,4,14,1,-38.158,-60.710,1.161
2012-05-05-13_46_06.677,365,4,14,1,-38.254,-60.780,1.261
2012-05-05-13_46_06.677,365,5,14,1,-47.202,-60.796,1.661
2012-05-05-13_46_06.679,365,5,14,1,-47.283,-60.769,1.661
2012-05-05-13_46_06.680,365,5,14,1,-47.253,-60.798,1.661
2012-05-05-13_46_06.681,365,6,14,1,-56.229,-60.868,1.561
2012-05-05-13_46_06.682,365,6,14,1,-56.204,-60.771,1.661
2012-05-05-13_46_06.682,365,6,14,1,-56.300,-60.841,1.661
2012-05-05-13_46_06.683,365,7,14,1,-65.194,-60.777,2.361
2012-05-05-13_46_06.684,365,7,14,1,-65.199,-60.776,2.261
2012-05-05-13_46_06.684,365,7,14,1,-65.179,-60.680,2.261
2012-05-05-13_46_06.685,365,0,15,0,2.269,-65.283,2.270
2012-05-05-13_46_06.686,365,0,15,0,2.294,-65.196,2.170
2012-05-05-13_46_06.687,365,0,15,0,2.196,-65.255,2.270
2012-05-05-13_46_06.687,365,1,15,0,-6.751,-65.293,1.970
2012-05-05-13_46_06.693,365,1,15,0,-6.832,-65.267,2.070
2012-05-05-13_46_06.694,365,1,15,0,-6.775,-65.215,2.070
2012-05-05-13_46_06.695,365,2,15,0,-15.696,-65.213,1.370
2012-05-05-13_46_06.696,365,2,15,0,-15.769,-65.185,1.370
2012-05-05-13_46_06.696,365,2,15,0,-15.715,-65.139,1.370
2012-05-05-13_46_06.697,365,3,15,0,-24.718,-65.295,1.770
2012-05-05-13_46_06.698,365,3,15,0,-24.693,-65.208,1.770
2012-05-05-13_46_06.699,365,3,15,0,-24.791,-65.267,1.770
2012-05-05-13_46_06.700,365,4,15,0,-33.714,-65.297,1.070
2012-05-05-13_46_06.701,365,4,15,0,-33.689,-65.210,1.170
2012-05-05-13_46_06.701,365,4,15,0,-33.788,-65.269,1.070
2012-05-05-13_46_06.703,365,5,15,0,-42.733,-65.296,1.670
2012-05-05-13_46_06.704,365,5,15,0,-42.685,-65.335,1.370
2012-05-05-13_46_06.704,365,5,15,0,-42.777,-65.309,1.670
2012-05-05-13_46_06.705,365,6,15,0,-51.760,-65.358,1.470
2012-05-05-13_46_06.706,365,6,15,0,-51.735,-65.270,1.470
2012-05-05-13_46_06.707,365,6,15,0,-51.833,-65.330,1.470
2012-05-05-13_46_06.709,365,7,15,0,-60.655,-65.294,2.170
2012-05-05-13_46_06.709,365,7,15,0,-60.728,-65.266,2.170
2012-05-05-13_46_06.710,365,7,15,0,-60.674,-65.220,2.170
2012-05-05-13_46_06.711,365,0,15,1,-2.198,-65.291,2.179
2012-05-05-13_46_06.712,365,0,15,1,-2.170,-65.196,2.179
2012-05-05-13_46_06.712,365,0,15,1,-2.271,-65.269,2.179
2012-05-05-13_46_06.713,365,1,15,1,-11.211,-65.293,1.979
2012-05-05-13_46_06.714,365,1,15,1,-11.345,-65.227,1.979
2012-05-05-13_46_06.716,365,1,15,1,-11.232,-65.214,1.979
2012-05-05-13_46_06.717,365,2,15,1,-20.163,-65.221,1.379
2012-05-05-13_46_06.717,365,2,15,1,-20.236,-65.199,1.379
2012-05-05-13_46_06.718,365,2,15,1,-20.243,-65.198,1.379
2012-05-05-13_46_06.719,365,3,15,1,-29.185,-65.303,1.479
2012-05-05-13_46_06.720,365,3,15,1,-29.157,-65.208,1.479
2012-05-05-13_46_06.721,365,3,15,1,-29.258,-65.281,1.479
2012-05-05-13_46_06.723,365,4,15,1,-38.181,-65.305,1.179
2012-05-05-13_46_06.723,365,4,15,1,-38.154,-65.210,1.179
2012-05-05-13_46_06.724,365,4,15,1,-38.255,-65.283,1.179
2012-05-05-13_46_06.725,365,5,15,1,-47.198,-65.295,1.479
2012-05-05-13_46_06.726,365,5,15,1,-47.285,-65.274,1.479
2012-05-05-13_46_06.728,365,5,15,1,-47.256,-65.298,1.479
2012-05-05-13_46_06.728,365,6,15,1,-56.227,-65.365,1.579
2012-05-05-13_46_06.729,365,6,15,1,-56.199,-65.270,1.579
2012-05-05-13_46_06.730,365,6,15,1,-56.300,-65.344,1.579
2012-05-05-13_46_06.731,365,7,15,1,-65.195,-65.280,2.179
2012-05-05-13_46_06.731,365,7,15,1,-65.202,-65.279,2.179
2012-05-05-13_46_06.732,365,7,15,1,-65.182,-65.185,2.179
2012-05-05-13_46_06.733,365,0,16,0,2.269,-69.783,2.291
2012-05-05-13_46_06.734,365,0,16,0,2.291,-69.689,2.191
2012-05-05-13_46_06.735,365,0,16,0,2.193,-69.759,2.291
2012-05-05-13_46_06.735,365,1,16,0,-6.752,-69.795,1.991
2012-05-05-13_46_06.736,365,1,16,0,-6.832,-69.768,1.991
2012-05-05-13_46_06.737,365,1,16,0,-6.771,-69.709,1.991
2012-05-05-13_46_06.740,365,2,16,0,-15.696,-69.713,1.391
2012-05-05-13_46_06.741,365,2,16,0,-15.772,-69.689,1.391
2012-05-05-13_46_06.741,365,2,16,0,-15.750,-69.698,1.391
2012-05-05-13_46_06.744,365,3,16,0,-24.718,-69.795,1.791
2012-05-05-13_46_06.745,365,3,16,0,-24.696,-69.701,1.791
2012-05-05-13_46_06.745,365,3,16,0,-24.794,-69.771,1.791
2012-05-05-13_46_06.746,365,4,16,0,-33.715,-69.797,1.091
2012-05-05-13_46_06.747,365,4,16,0,-33.692,-69.703,1.091
2012-05-05-13_46_06.749,365,4,16,0,-33.790,-69.773,1.091
2012-05-05-13_46_06.750,365,5,16,0,-42.736,-69.789,1.591
2012-05-05-13_46_06.751,365,5,16,0,-42.685,-69.836,1.491
2012-05-05-13_46_06.751,365,5,16,0,-42.780,-69.803,1.591
2012-05-05-13_46_06.752,365,6,16,0,-51.760,-69.858,1.491
2012-05-05-13_46_06.753,365,6,16,0,-51.738,-69.764,1.491
2012-05-05-13_46_06.754,365,6,16,0,-51.836,-69.833,1.391
2012-05-05-13_46_06.754,365,7,16,0,-60.655,-69.794,2.191
2012-05-05-13_46_06.755,365,7,16,0,-60.730,-69.770,2.191
2012-05-05-13_46_06.756,365,7,16,0,-60.676,-69.714,2.191
2012-05-05-13_46_06.757,365,0,16,1,-2.196,-69.789,2.203
2012-05-05-13_46_06.759,365,0,16,1,-2.168,-69.689,2.203
2012-05-05-13_46_06.759,365,0,16,1,-2.274,-69.771,2.203
2012-05-05-13_46_06.760,365,1,16,1,-11.211,-69.794,2.003
2012-05-05-13_46_06.761,365,1,16,1,-11.343,-69.720,2.003
2012-05-05-13_46_06.761,365,1,16,1,-11.235,-69.708,2.002
2012-05-05-13_46_06.762,365,2,16,1,-20.161,-69.719,1.303
2012-05-05-13_46_06.763,365,2,16,1,-20.239,-69.701,1.303
2012-05-05-13_46_06.764,365,2,16,1,-20.244,-69.699,1.303
2012-05-05-13_46_06.764,365,3,16,1,-29.183,-69.801,1.603
2012-05-05-13_46_06.765,365,3,16,1,-29.155,-69.701,1.603
2012-05-05-13_46_06.766,365,3,16,1,-29.261,-69.783,1.603
2012-05-05-13_46_06.767,365,4,16,1,-38.179,-69.803,1.203
2012-05-05-13_46_06.767,365,4,16,1,-38.152,-69.703,1.203
2012-05-05-13_46_06.768,365,4,16,1,-38.257,-69.785,1.203
2012-05-05-13_46_06.769,365,5,16,1,-47.196,-69.788,1.403
2012-05-05-13_46_06.769,365,5,16,1,-47.286,-69.769,1.502
2012-05-05-13_46_06.770,365,5,16,1,-47.257,-69.791,1.502
2012-05-05-13_46_06.771,365,6,16,1,-56.225,-69.863,1.603
2012-05-05-13_46_06.772,365,6,16,1,-56.197,-69.763,1.603
2012-05-05-13_46_06.773,365,6,16,1,-56.303,-69.845,1.603
2012-05-05-13_46_06.774,365,7,16,1,-65.198,-69.782,2.203
2012-05-05-13_46_06.774,365,7,16,1,-65.202,-69.780,3.603
2012-05-05-13_46_06.775,365,7,16,1,-65.182,-69.680,2.202
2012-05-05-13_46_06.777,365,0,17,0,2.256,-74.279,2.215
2012-05-05-13_46_06.778,365,0,17,0,2.291,-74.189,2.215
2012-05-05-13_46_06.778,365,0,17,0,2.190,-74.258,2.315
2012-05-05-13_46_06.779,365,1,17,0,-6.750,-74.293,2.015
2012-05-05-13_46_06.780,365,1,17,0,-6.833,-74.272,2.015
2012-05-05-13_46_06.781,365,1,17,0,-6.771,-74.206,2.015
2012-05-05-13_46_06.781,365,2,17,0,-15.709,-74.209,1.415
2012-05-05-13_46_06.782,365,2,17,0,-15.775,-74.188,1.415
2012-05-05-13_46_06.783,365,2,17,0,-15.721,-74.138,1.415
2012-05-05-13_46_06.784,365,3,17,0,-24.731,-74.292,1.815
2012-05-05-13_46_06.784,365,3,17,0,-24.696,-74.201,1.815
2012-05-05-13_46_06.785,365,3,17,0,-24.797,-74.270,1.815
2012-05-05-13_46_06.787,365,4,17,0,-33.728,-74.293,1.215
2012-05-05-13_46_06.787,365,4,17,0,-33.693,-74.203,1.215
2012-05-05-13_46_06.789,365,4,17,0,-33.793,-74.272,1.215
2012-05-05-13_46_06.790,365,5,17,0,-42.736,-74.289,1.715
2012-05-05-13_46_06.793,365,5,17,0,-42.686,-74.340,1.415
2012-05-05-13_46_06.793,365,5,17,0,-42.783,-74.308,1.615
2012-05-05-13_46_06.794,365,6,17,0,-51.773,-74.354,1.515
2012-05-05-13_46_06.794,365,6,17,0,-51.738,-74.264,1.515
2012-05-05-13_46_06.795,365,6,17,0,-51.687,-74.315,1.515
2012-05-05-13_46_06.798,365,7,17,0,-60.668,-74.290,2.215
2012-05-05-13_46_06.798,365,7,17,0,-60.733,-74.269,2.215
2012-05-05-13_46_06.799,365,7,17,0,-60.679,-74.219,2.215
2012-05-05-13_46_06.799,365,0,17,1,-2.196,-74.286,2.224
2012-05-05-13_46_06.800,365,0,17,1,-2.169,-74.188,2.224
2012-05-05-13_46_06.801,365,0,17,1,-2.269,-74.269,2.224
2012-05-05-13_46_06.802,365,1,17,1,-11.214,-74.292,2.024
2012-05-05-13_46_06.802,365,1,17,1,-11.343,-74.220,2.024
2012-05-05-13_46_06.803,365,1,17,1,-11.233,-74.206,2.024
2012-05-05-13_46_06.804,365,2,17,1,-20.161,-74.216,1.424
2012-05-05-13_46_06.805,365,2,17,1,-20.234,-74.199,1.424
2012-05-05-13_46_06.806,365,2,17,1,-20.244,-74.196,1.424
2012-05-05-13_46_06.806,365,3,17,1,-29.183,-74.298,1.524
2012-05-05-13_46_06.807,365,3,17,1,-29.156,-74.201,1.724
2012-05-05-13_46_06.808,365,3,17,1,-29.256,-74.281,1.524
2012-05-05-13_46_06.809,365,4,17,1,-38.180,-74.300,1.224
2012-05-05-13_46_06.810,365,4,17,1,-38.152,-74.202,1.224
2012-05-05-13_46_06.811,365,4,17,1,-38.253,-74.283,1.224
2012-05-05-13_46_06.812,365,5,17,1,-47.196,-74.288,1.724
2012-05-05-13_46_06.813,365,5,17,1,-47.284,-74.267,1.724
2012-05-05-13_46_06.814,365,5,17,1,-47.252,-74.292,1.724
2012-05-05-13_46_06.815,365,6,17,1,-56.225,-74.360,1.724
2012-05-05-13_46_06.816,365,6,17,1,-56.198,-74.263,1.624
2012-05-05-13_46_06.817,365,6,17,1,-56.298,-74.343,1.624
2012-05-05-13_46_06.817,365,7,17,1,-65.193,-74.279,2.324
2012-05-05-13_46_06.818,365,7,17,1,-65.203,-74.277,2.324
2012-05-05-13_46_06.819,365,7,17,1,-65.180,-74.178,2.324
2012-05-05-13_46_06.821,365,0,18,0,2.265,-78.778,2.133
2012-05-05-13_46_06.822,365,0,18,0,2.295,-78.690,2.033
2012-05-05-13_46_06.823,365,0,18,0,2.190,-78.755,2.133
2012-05-05-13_46_06.823,365,1,18,0,-6.748,-78.788,1.933
2012-05-05-13_46_06.824,365,1,18,0,-6.828,-78.769,1.933
2012-05-05-13_46_06.826,365,1,18,0,-6.769,-78.704,1.933
2012-05-05-13_46_06.827,365,2,18,0,-15.700,-78.708,1.433
2012-05-05-13_46_06.828,365,2,18,0,-15.775,-78.685,1.433
2012-05-05-13_46_06.828,365,2,18,0,-15.719,-78.639,1.433
2012-05-05-13_46_06.829,365,3,18,0,-24.722,-78.790,1.833
2012-05-05-13_46_06.830,365,3,18,0,-24.692,-78.702,1.933
2012-05-05-13_46_06.831,365,3,18,0,-24.797,-78.767,1.833
2012-05-05-13_46_06.832,365,4,18,0,-33.718,-78.792,1.233
2012-05-05-13_46_06.834,365,4,18,0,-33.688,-78.704,1.233
2012-05-05-13_46_06.835,365,4,18,0,-33.794,-78.769,1.233
2012-05-05-13_46_06.836,365,5,18,0,-42.732,-78.790,1.833
2012-05-05-13_46_06.837,365,5,18,0,-42.681,-78.837,1.633
2012-05-05-13_46_06.838,365,5,18,0,-42.781,-78.809,1.833
2012-05-05-13_46_06.839,365,6,18,0,-51.764,-78.853,1.733
2012-05-05-13_46_06.840,365,6,18,0,-51.734,-78.764,1.733
2012-05-05-13_46_06.840,365,6,18,0,-51.839,-78.829,1.733
2012-05-05-13_46_06.842,365,7,18,0,-60.658,-78.789,2.433
2012-05-05-13_46_06.843,365,7,18,0,-60.734,-78.766,2.433
2012-05-05-13_46_06.843,365,7,18,0,-60.677,-78.720,2.433
2012-05-05-13_46_06.844,365,0,18,1,-2.197,-78.787,2.042
2012-05-05-13_46_06.845,365,0,18,1,-2.169,-78.688,2.042
2012-05-05-13_46_06.846,365,0,18,1,-2.270,-78.765,2.041
2012-05-05-13_46_06.848,365,1,18,1,-11.212,-78.788,1.942
2012-05-05-13_46_06.849,365,1,18,1,-11.344,-78.720,1.942
2012-05-05-13_46_06.849,365,1,18,1,-11.236,-78.703,1.941
2012-05-05-13_46_06.850,365,2,18,1,-20.162,-78.717,1.442
2012-05-05-13_46_06.850,365,2,18,1,-20.235,-78.695,1.541
2012-05-05-13_46_06.851,365,2,18,1,-20.242,-78.693,1.441
2012-05-05-13_46_06.852,365,3,18,1,-29.184,-78.800,1.642
2012-05-05-13_46_06.853,365,3,18,1,-29.156,-78.700,1.842
2012-05-05-13_46_06.856,365,3,18,1,-29.257,-78.778,1.741
2012-05-05-13_46_06.856,365,4,18,1,-38.180,-78.801,1.342
2012-05-05-13_46_06.857,365,4,18,1,-38.153,-78.702,1.342
2012-05-05-13_46_06.858,365,4,18,1,-38.253,-78.779,1.341
2012-05-05-13_46_06.859,365,5,18,1,-47.196,-78.788,1.742
2012-05-05-13_46_06.861,365,5,18,1,-47.284,-78.764,1.741
2012-05-05-13_46_06.862,365,5,18,1,-47.253,-78.793,1.741
2012-05-05-13_46_06.862,365,6,18,1,-56.226,-78.862,1.742
2012-05-05-13_46_06.863,365,6,18,1,-56.198,-78.763,1.742
2012-05-05-13_46_06.864,365,6,18,1,-56.299,-78.840,1.741
2012-05-05-13_46_06.866,365,7,18,1,-65.193,-78.776,2.441
2012-05-05-13_46_06.867,365,7,18,1,-65.201,-78.774,2.441
2012-05-05-13_46_06.868,365,7,18,1,-65.181,-78.675,2.441
2012-05-05-13_46_06.869,365,0,19,0,2.267,-83.282,2.053
2012-05-05-13_46_06.869,365,0,19,0,2.295,-83.196,2.053
2012-05-05-13_46_06.871,365,0,19,0,2.189,-83.254,2.053
2012-05-05-13_46_06.872,365,1,19,0,-6.748,-83.290,1.953
2012-05-05-13_46_06.872,365,1,19,0,-6.829,-83.269,2.053
2012-05-05-13_46_06.873,365,1,19,0,-6.770,-83.211,1.953
2012-05-05-13_46_06.874,365,2,19,0,-15.698,-83.212,1.453
2012-05-05-13_46_06.875,365,2,19,0,-15.775,-83.184,1.453
2012-05-05-13_46_06.877,365,2,19,0,-15.721,-83.142,1.553
2012-05-05-13_46_06.877,365,3,19,0,-24.720,-83.294,1.953
2012-05-05-13_46_06.878,365,3,19,0,-24.692,-83.208,1.853
2012-05-05-13_46_06.879,365,3,19,0,-24.798,-83.266,1.853
2012-05-05-13_46_06.880,365,4,19,0,-33.716,-83.296,1.253
2012-05-05-13_46_06.881,365,4,19,0,-33.689,-83.210,1.253
2012-05-05-13_46_06.881,365,4,19,0,-33.794,-83.268,1.253
2012-05-05-13_46_06.882,365,5,19,0,-42.732,-83.296,1.853
2012-05-05-13_46_06.883,365,5,19,0,-42.681,-83.337,1.653
2012-05-05-13_46_06.883,365,5,19,0,-42.784,-83.312,1.853
2012-05-05-13_46_06.884,365,6,19,0,-51.762,-83.356,1.653
2012-05-05-13_46_06.885,365,6,19,0,-51.734,-83.270,1.653
2012-05-05-13_46_06.887,365,6,19,0,-51.840,-83.328,1.653
2012-05-05-13_46_06.887,365,7,19,0,-60.656,-83.293,2.453
2012-05-05-13_46_06.888,365,7,19,0,-60.734,-83.264,2.453
2012-05-05-13_46_06.889,365,7,19,0,-60.680,-83.223,2.453
2012-05-05-13_46_06.890,365,0,19,1,-2.195,-83.293,2.065
2012-05-05-13_46_06.891,365,0,19,1,-2.170,-83.196,2.065
2012-05-05-13_46_06.892,365,0,19,1,-2.270,-83.266,2.165
2012-05-05-13_46_06.892,365,1,19,1,-11.213,-83.290,1.865
2012-05-05-13_46_06.893,365,1,19,1,-11.344,-83.227,1.865
2012-05-05-13_46_06.894,365,1,19,1,-11.237,-83.210,1.865
2012-05-05-13_46_06.895,365,2,19,1,-20.160,-83.223,1.465
2012-05-05-13_46_06.895,365,2,19,1,-20.235,-83.196,1.465
2012-05-05-13_46_06.896,365,2,19,1,-20.245,-83.195,1.565
2012-05-05-13_46_06.897,365,3,19,1,-29.182,-83.305,1.765
2012-05-05-13_46_06.898,365,3,19,1,-29.157,-83.208,1.865
2012-05-05-13_46_06.899,365,3,19,1,-29.257,-83.278,1.865
2012-05-05-13_46_06.900,365,4,19,1,-38.178,-83.307,1.365
2012-05-05-13_46_06.900,365,4,19,1,-38.153,-83.210,1.365
2012-05-05-13_46_06.901,365,4,19,1,-38.254,-83.280,1.365
2012-05-05-13_46_06.902,365,5,19,1,-47.197,-83.296,1.765
2012-05-05-13_46_06.903,365,5,19,1,-47.285,-83.269,1.765
2012-05-05-13_46_06.903,365,5,19,1,-47.253,-83.299,1.765
2012-05-05-13_46_06.904,365,6,19,1,-56.199,-83.270,1.765
2012-05-05-13_46_06.905,365,6,19,1,-56.299,-83.341,1.765
2012-05-05-13_46_06.907,365,6,19,1,-56.309,-83.340,1.765
2012-05-05-13_46_06.908,365,7,19,1,-65.194,-83.277,2.465
2012-05-05-13_46_06.909,365,7,19,1,-65.204,-83.276,2.465
2012-05-05-13_46_06.910,365,7,19,1,-65.181,-83.180,2.465
2012-05-05-13_46_06.911,365,0,20,0,2.267,-87.783,2.078
2012-05-05-13_46_06.912,365,0,20,0,2.299,-87.696,2.078
2012-05-05-13_46_06.914,365,0,20,0,2.189,-87.754,2.078
2012-05-05-13_46_06.915,365,1,20,0,-6.749,-87.793,1.878
2012-05-05-13_46_06.916,365,1,20,0,-6.827,-87.768,1.878
2012-05-05-13_46_06.917,365,1,20,0,-6.768,-87.716,1.878
2012-05-05-13_46_06.919,365,2,20,0,-15.698,-87.713,1.478
2012-05-05-13_46_06.919,365,2,20,0,-15.776,-87.684,1.478
2012-05-05-13_46_06.920,365,2,20,0,-15.717,-87.640,1.478
2012-05-05-13_46_06.920,365,3,20,0,-24.720,-87.795,1.878
2012-05-05-13_46_06.921,365,3,20,0,-24.688,-87.708,1.878
2012-05-05-13_46_06.922,365,3,20,0,-24.798,-87.766,1.878
2012-05-05-13_46_06.923,365,4,20,0,-33.717,-87.797,1.278
2012-05-05-13_46_06.924,365,4,20,0,-33.684,-87.710,1.278
2012-05-05-13_46_06.924,365,4,20,0,-33.795,-87.768,1.178
2012-05-05-13_46_06.925,365,5,20,0,-42.728,-87.796,1.878
2012-05-05-13_46_06.926,365,5,20,0,-42.679,-87.836,1.678
2012-05-05-13_46_06.926,365,5,20,0,-42.779,-87.810,1.878
2012-05-05-13_46_06.928,365,6,20,0,-51.762,-87.858,1.678
2012-05-05-13_46_06.930,365,6,20,0,-51.730,-87.771,1.678
2012-05-05-13_46_06.931,365,6,20,0,-51.840,-87.829,1.678
2012-05-05-13_46_06.932,365,7,20,0,-60.657,-87.794,2.478
2012-05-05-13_46_06.933,365,7,20,0,-60.735,-87.765,2.478
2012-05-05-13_46_06.934,365,7,20,0,-60.676,-87.721,2.478
2012-05-05-13_46_06.936,365,0,20,1,-2.193,-87.791,2.087
2012-05-05-13_46_06.936,365,0,20,1,-2.278,-87.772,2.087
2012-05-05-13_46_06.937,365,0,20,1,-2.217,-87.710,1.987
2012-05-05-13_46_06.938,365,2,20,1,-20.158,-87.721,1.487
2012-05-05-13_46_06.939,365,2,20,1,-20.243,-87.702,1.587
2012-05-05-13_46_06.940,365,3,20,1,-29.180,-87.803,1.687
2012-05-05-13_46_06.940,365,3,20,1,-29.265,-87.785,1.887
2012-05-05-13_46_06.942,365,3,20,1,-29.204,-87.722,1.887
2012-05-05-13_46_06.943,365,4,20,1,-38.176,-87.805,1.387
2012-05-05-13_46_06.944,365,4,20,1,-38.262,-87.786,1.387
2012-05-05-13_46_06.945,365,4,20,1,-38.200,-87.724,1.387
2012-05-05-13_46_06.945,365,5,20,1,-47.244,-87.810,1.887
2012-05-05-13_46_06.946,365,6,20,1,-56.222,-87.866,1.687
2012-05-05-13_46_06.947,365,6,20,1,-56.307,-87.847,1.687
2012-05-05-13_46_06.947,365,6,20,1,-56.148,-87.811,1.787
2012-05-05-13_46_06.948,365,7,20,1,-65.202,-87.783,2.487
2012-05-05-13_46_06.949,365,7,20,1,-65.140,-87.721,2.487
2012-05-05-13_46_06.950,365,0,21,0,2.269,-92.283,2.096
2012-05-05-13_46_06.951,365,0,21,0,2.296,-92.190,1.996
2012-05-05-13_46_06.951,365,0,21,0,2.189,-92.257,1.996
2012-05-05-13_46_06.953,365,1,21,0,-6.752,-92.295,1.996
2012-05-05-13_46_06.954,365,1,21,0,-6.827,-92.269,1.996
2012-05-05-13_46_06.955,365,1,21,0,-6.770,-92.210,1.996
2012-05-05-13_46_06.956,365,2,21,0,-15.696,-92.213,1.496
2012-05-05-13_46_06.957,365,2,21,0,-15.776,-92.187,1.396
2012-05-05-13_46_06.958,365,2,21,0,-15.717,-92.135,1.396
2012-05-05-13_46_06.958,365,3,21,0,-24.718,-92.295,1.896
2012-05-05-13_46_06.959,365,3,21,0,-24.691,-92.202,1.896
2012-05-05-13_46_06.960,365,3,21,0,-24.798,-92.269,1.896
2012-05-05-13_46_06.962,365,4,21,0,-33.715,-92.297,1.296
2012-05-05-13_46_06.963,365,4,21,0,-33.687,-92.204,1.296
2012-05-05-13_46_06.963,365,4,21,0,-33.795,-92.271,1.296
2012-05-05-13_46_06.964,365,5,21,0,-42.731,-92.290,1.896
2012-05-05-13_46_06.965,365,5,21,0,-42.680,-92.337,1.696
2012-05-05-13_46_06.966,365,5,21,0,-42.780,-92.305,1.896
2012-05-05-13_46_06.966,365,6,21,0,-51.760,-92.357,1.596
2012-05-05-13_46_06.967,365,6,21,0,-51.733,-92.265,1.596
2012-05-05-13_46_06.968,365,6,21,0,-51.682,-92.312,1.596
2012-05-05-13_46_06.969,365,7,21,0,-60.655,-92.293,2.396
2012-05-05-13_46_06.969,365,7,21,0,-60.735,-92.268,2.496
2012-05-05-13_46_06.972,365,7,21,0,-60.676,-92.216,2.396
2012-05-05-13_46_06.973,365,0,21,1,-2.193,-92.289,2.105
2012-05-05-13_46_06.973,365,0,21,1,-2.166,-92.190,2.004
2012-05-05-13_46_06.974,365,0,21,1,-2.266,-92.270,2.104
2012-05-05-13_46_06.975,365,1,21,1,-11.214,-92.295,2.004
2012-05-05-13_46_06.976,365,1,21,1,-11.340,-92.222,2.104
2012-05-05-13_46_06.977,365,1,21,1,-11.235,-92.210,2.004
2012-05-05-13_46_06.978,365,2,21,1,-20.158,-92.219,1.505
2012-05-05-13_46_06.979,365,2,21,1,-20.231,-92.200,1.504
2012-05-05-13_46_06.979,365,2,21,1,-20.241,-92.199,1.504
2012-05-05-13_46_06.981,365,3,21,1,-29.180,-92.301,1.605
2012-05-05-13_46_06.982,365,3,21,1,-29.153,-92.202,1.904
2012-05-05-13_46_06.982,365,3,21,1,-29.253,-92.282,1.804
2012-05-05-13_46_06.983,365,4,21,1,-38.177,-92.303,1.305
2012-05-05-13_46_06.984,365,4,21,1,-38.149,-92.204,1.304
2012-05-05-13_46_06.985,365,4,21,1,-38.250,-92.284,1.304
2012-05-05-13_46_06.986,365,5,21,1,-47.193,-92.290,1.804
2012-05-05-13_46_06.987,365,5,21,1,-47.281,-92.270,1.804
2012-05-05-13_46_06.988,365,5,21,1,-47.251,-92.291,1.804
2012-05-05-13_46_06.989,365,6,21,1,-56.222,-92.363,1.705
2012-05-05-13_46_06.989,365,6,21,1,-56.195,-92.265,1.804
2012-05-05-13_46_06.990,365,6,21,1,-56.295,-92.344,1.704
2012-05-05-13_46_06.991,365,7,21,1,-65.190,-92.281,2.304
2012-05-05-13_46_06.992,365,7,21,1,-65.200,-92.280,2.304
2012-05-05-13_46_06.993,365,7,21,1,-65.177,-92.181,2.504
2012-05-05-13_46_06.994,365,0,22,0,2.271,-96.779,2.016
2012-05-05-13_46_06.995,365,0,22,0,2.298,-96.691,2.016
2012-05-05-13_46_06.996,365,0,22,0,2.188,-96.758,2.116
2012-05-05-13_46_06.997,365,1,22,0,-6.752,-96.794,1.916
2012-05-05-13_46_06.997,365,1,22,0,-6.828,-96.774,1.916
2012-05-05-13_46_06.998,365,1,22,0,-6.773,-96.707,1.916
2012-05-05-13_46_06.999,365,2,22,0,-15.694,-96.709,1.416
2012-05-05-13_46_07.000,365,2,22,0,-15.777,-96.688,1.316
2012-05-05-13_46_07.000,365,2,22,0,-15.715,-96.639,1.416
2012-05-05-13_46_07.001,365,3,22,0,-24.716,-96.792,1.916
2012-05-05-13_46_07.001,365,3,22,0,-24.689,-96.703,1.916
2012-05-05-13_46_07.002,365,3,22,0,-24.799,-96.770,1.916
2012-05-05-13_46_07.003,365,4,22,0,-33.713,-96.793,1.216
2012-05-05-13_46_07.004,365,4,22,0,-33.685,-96.705,1.216
2012-05-05-13_46_07.005,365,4,22,0,-33.795,-96.772,1.216
2012-05-05-13_46_07.006,365,5,22,0,-42.729,-96.791,1.916
2012-05-05-13_46_07.007,365,5,22,0,-42.680,-96.842,1.716
2012-05-05-13_46_07.008,365,5,22,0,-42.778,-96.809,1.916
2012-05-05-13_46_07.009,365,6,22,0,-51.758,-96.854,1.716
2012-05-05-13_46_07.009,365,6,22,0,-51.731,-96.766,1.616
2012-05-05-13_46_07.010,365,6,22,0,-51.682,-96.817,1.616
2012-05-05-13_46_07.011,365,7,22,0,-60.653,-96.790,2.416
2012-05-05-13_46_07.012,365,7,22,0,-60.735,-96.769,2.416
2012-05-05-13_46_07.013,365,7,22,0,-60.674,-96.720,2.416
2012-05-05-13_46_07.013,365,0,22,1,-2.191,-96.786,2.125
2012-05-05-13_46_07.014,365,0,22,1,-2.168,-96.690,2.025
2012-05-05-13_46_07.015,365,0,22,1,-2.262,-96.768,2.025
2012-05-05-13_46_07.015,365,1,22,1,-11.214,-96.794,2.025
2012-05-05-13_46_07.016,365,1,22,1,-11.343,-96.722,2.025
2012-05-05-13_46_07.017,365,1,22,1,-11.235,-96.707,2.025
2012-05-05-13_46_07.018,365,2,22,1,-20.156,-96.716,1.425
2012-05-05-13_46_07.021,365,2,22,1,-20.227,-96.698,1.525
2012-05-05-13_46_07.021,365,2,22,1,-20.234,-96.697,1.525
2012-05-05-13_46_07.022,365,3,22,1,-29.178,-96.798,1.625
2012-05-05-13_46_07.023,365,3,22,1,-29.155,-96.702,1.625
2012-05-05-13_46_07.024,365,3,22,1,-29.249,-96.780,1.625
2012-05-05-13_46_07.024,365,4,22,1,-38.175,-96.800,1.325
2012-05-05-13_46_07.025,365,4,22,1,-38.152,-96.704,1.325
2012-05-05-13_46_07.028,365,4,22,1,-38.245,-96.782,1.325
2012-05-05-13_46_07.029,365,5,22,1,-47.196,-96.790,1.725
2012-05-05-13_46_07.029,365,5,22,1,-47.279,-96.768,1.625
2012-05-05-13_46_07.030,365,5,22,1,-47.252,-96.790,1.725
2012-05-05-13_46_07.032,365,6,22,1,-56.220,-96.861,1.725
2012-05-05-13_46_07.033,365,6,22,1,-56.197,-96.765,1.725
2012-05-05-13_46_07.034,365,6,22,1,-56.291,-96.843,1.725
2012-05-05-13_46_07.035,365,7,22,1,-65.185,-96.779,2.225
2012-05-05-13_46_07.036,365,7,22,1,-65.193,-96.778,2.225
2012-05-05-13_46_07.037,365,7,22,1,-65.175,-96.679,2.425
2012-05-05-13_46_07.038,365,0,23,0,2.273,-101.278,1.940
2012-05-05-13_46_07.039,365,0,23,0,2.296,-101.190,2.040
2012-05-05-13_46_07.040,365,0,23,0,2.190,-101.254,2.040
2012-05-05-13_46_07.041,365,1,23,0,-6.755,-101.289,1.940
2012-05-05-13_46_07.042,365,1,23,0,-6.830,-101.269,1.940
2012-05-05-13_46_07.042,365,1,23,0,-6.776,-101.205,1.940
2012-05-05-13_46_07.043,365,2,23,0,-15.692,-101.208,1.240
2012-05-05-13_46_07.044,365,2,23,0,-15.775,-101.184,1.240
2012-05-05-13_46_07.045,365,2,23,0,-15.716,-101.140,1.340
2012-05-05-13_46_07.046,365,3,23,0,-24.714,-101.290,1.840
2012-05-05-13_46_07.049,365,3,23,0,-24.691,-101.203,1.840
2012-05-05-13_46_07.051,365,3,23,0,-24.797,-101.266,1.840
2012-05-05-13_46_07.052,365,4,23,0,-33.711,-101.292,1.240
2012-05-05-13_46_07.053,365,4,23,0,-33.688,-101.204,1.240
2012-05-05-13_46_07.054,365,4,23,0,-33.793,-101.268,1.240
2012-05-05-13_46_07.055,365,5,23,0,-42.732,-101.290,1.840
2012-05-05-13_46_07.057,365,5,23,0,-42.683,-101.338,1.640
2012-05-05-13_46_07.058,365,5,23,0,-42.778,-101.309,1.840
2012-05-05-13_46_07.059,365,6,23,0,-51.756,-101.353,1.640
2012-05-05-13_46_07.060,365,6,23,0,-51.733,-101.265,1.640
2012-05-05-13_46_07.061,365,6,23,0,-51.839,-101.329,1.540
2012-05-05-13_46_07.062,365,7,23,0,-60.651,-101.289,2.340
2012-05-05-13_46_07.062,365,7,23,0,-60.733,-101.265,2.340
2012-05-05-13_46_07.063,365,7,23,0,-60.675,-101.220,2.340
2012-05-05-13_46_07.064,365,0,23,1,-2.182,-101.276,2.040
2012-05-05-13_46_07.065,365,0,23,1,-2.166,-101.190,2.040
2012-05-05-13_46_07.065,365,0,23,1,-2.265,-101.265,2.040
2012-05-05-13_46_07.066,365,1,23,1,-11.210,-101.289,1.940
2012-05-05-13_46_07.067,365,1,23,1,-11.341,-101.222,1.940
2012-05-05-13_46_07.068,365,1,23,1,-11.236,-101.204,1.940
2012-05-05-13_46_07.069,365,2,23,1,-20.147,-101.206,1.440
2012-05-05-13_46_07.070,365,2,23,1,-20.230,-101.194,1.440
2012-05-05-13_46_07.071,365,2,23,1,-20.234,-101.194,1.440
2012-05-05-13_46_07.072,365,3,23,1,-29.169,-101.288,1.640
2012-05-05-13_46_07.073,365,3,23,1,-29.153,-101.203,1.740
2012-05-05-13_46_07.074,365,3,23,1,-29.252,-101.277,1.640
2012-05-05-13_46_07.076,365,4,23,1,-38.165,-101.290,1.340
2012-05-05-13_46_07.076,365,4,23,1,-38.150,-101.204,1.340
2012-05-05-13_46_07.077,365,4,23,1,-38.248,-101.279,1.240
2012-05-05-13_46_07.078,365,5,23,1,-47.194,-101.290,1.740
2012-05-05-13_46_07.079,365,5,23,1,-47.277,-101.266,1.640
2012-05-05-13_46_07.081,365,5,23,1,-47.250,-101.292,1.740
2012-05-05-13_46_07.082,365,6,23,1,-56.211,-101.351,1.640
2012-05-05-13_46_07.083,365,6,23,1,-56.195,-101.265,1.640
2012-05-05-13_46_07.084,365,6,23,1,-56.294,-101.339,1.640
2012-05-05-13_46_07.085,365,7,23,1,-65.188,-101.275,2.240
2012-05-05-13_46_07.087,365,7,23,1,-65.193,-101.275,2.240
2012-05-05-13_46_07.088,365,7,23,1,-65.173,-101.177,2.140
