2012-05-04-15_53_06.509,15,0,0,0,2.256,2.217,1.765
2012-05-04-15_53_06.511,15,0,0,0,2.293,2.305,1.764
2012-05-04-15_53_06.512,15,0,0,0,2.195,2.245,1.664
2012-05-04-15_53_06.514,15,1,0,0,-6.752,2.208,2.264
2012-05-04-15_53_06.516,15,1,0,0,-6.830,2.234,2.264
2012-05-04-15_53_06.518,15,1,0,0,-6.771,2.286,2.264
2012-05-04-15_53_06.520,15,2,0,0,-15.709,2.287,1.765
2012-05-04-15_53_06.522,15,2,0,0,-15.770,2.315,1.764
2012-05-04-15_53_06.524,15,2,0,0,-15.711,2.361,1.764
2012-05-04-15_53_06.525,15,3,0,0,-24.731,2.204,2.965
2012-05-04-15_53_06.527,15,3,0,0,-24.694,2.293,2.964
2012-05-04-15_53_06.528,15,3,0,0,-24.792,2.233,2.964
2012-05-04-15_53_06.531,15,4,0,0,-33.728,2.203,2.065
2012-05-04-15_53_06.533,15,4,0,0,-33.690,2.291,2.064
2012-05-04-15_53_06.534,15,4,0,0,-33.788,2.231,2.064
2012-05-04-15_53_06.535,15,5,0,0,-42.734,2.205,2.264
2012-05-04-15_53_06.535,15,5,0,0,-42.683,2.166,2.164
2012-05-04-15_53_06.553,15,5,0,0,-42.773,2.191,2.164
2012-05-04-15_53_06.554,15,6,0,0,-51.773,2.142,1.665
2012-05-04-15_53_06.555,15,6,0,0,-51.736,2.230,1.564
2012-05-04-15_53_06.556,15,6,0,0,-51.834,2.170,1.564
2012-05-04-15_53_06.557,15,7,0,0,-60.668,2.206,2.365
2012-05-04-15_53_06.558,15,7,0,0,-60.729,2.234,2.364
2012-05-04-15_53_06.558,15,7,0,0,-60.670,2.281,2.364
2012-05-04-15_53_06.561,15,0,0,1,-2.192,2.208,2.265
2012-05-04-15_53_06.562,15,0,0,1,-2.169,2.305,2.265
2012-05-04-15_53_06.562,15,0,0,1,-2.260,2.231,2.264
2012-05-04-15_53_06.564,15,1,0,1,-11.207,2.208,2.765
2012-05-04-15_53_06.565,15,1,0,1,-11.343,2.273,2.765
2012-05-04-15_53_06.566,15,1,0,1,-11.229,2.286,2.764
2012-05-04-15_53_06.567,15,2,0,1,-20.157,2.278,2.065
2012-05-04-15_53_06.568,15,2,0,1,-20.225,2.301,2.064
2012-05-04-15_53_06.569,15,2,0,1,-20.232,2.302,2.064
2012-05-04-15_53_06.570,15,3,0,1,-29.179,2.196,2.765
2012-05-04-15_53_06.571,15,3,0,1,-29.156,2.293,2.865
2012-05-04-15_53_06.572,15,3,0,1,-29.247,2.219,2.764
2012-05-04-15_53_06.573,15,4,0,1,-38.175,2.194,2.565
2012-05-04-15_53_06.574,15,4,0,1,-38.152,2.291,2.565
2012-05-04-15_53_06.575,15,4,0,1,-38.243,2.217,2.564
2012-05-04-15_53_06.576,15,5,0,1,-47.196,2.205,1.465
2012-05-04-15_53_06.577,15,5,0,1,-47.277,2.227,1.564
2012-05-04-15_53_06.578,15,5,0,1,-47.247,2.202,1.464
2012-05-04-15_53_06.579,15,6,0,1,-56.221,2.134,2.465
2012-05-04-15_53_06.580,15,6,0,1,-56.198,2.230,2.465
2012-05-04-15_53_06.581,15,6,0,1,-56.289,2.156,2.464
2012-05-04-15_53_06.582,15,7,0,1,-65.183,2.220,1.464
2012-05-04-15_53_06.583,15,7,0,1,-65.191,2.221,1.464
2012-05-04-15_53_06.584,15,7,0,1,-65.173,2.316,1.664
2012-05-04-15_53_06.585,15,0,1,0,2.270,-2.283,1.478
2012-05-04-15_53_06.586,15,0,1,0,2.295,-2.189,1.478
2012-05-04-15_53_06.587,15,0,1,0,2.195,-2.259,1.478
2012-05-04-15_53_06.588,15,1,1,0,-6.748,-2.294,1.578
2012-05-04-15_53_06.589,15,1,1,0,-6.828,-2.268,1.578
2012-05-04-15_53_06.590,15,1,1,0,-6.769,-2.209,1.578
2012-05-04-15_53_06.590,15,2,1,0,-15.695,-2.213,1.278
2012-05-04-15_53_06.591,15,2,1,0,-15.770,-2.189,1.278
2012-05-04-15_53_06.592,15,2,1,0,-15.746,-2.198,1.278
2012-05-04-15_53_06.593,15,3,1,0,-24.717,-2.295,1.678
2012-05-04-15_53_06.594,15,3,1,0,-24.692,-2.201,1.678
2012-05-04-15_53_06.595,15,3,1,0,-24.792,-2.271,1.678
2012-05-04-15_53_06.596,15,4,1,0,-33.713,-2.297,0.878
2012-05-04-15_53_06.598,15,4,1,0,-33.688,-2.203,0.978
2012-05-04-15_53_06.599,15,4,1,0,-33.789,-2.273,0.878
2012-05-04-15_53_06.599,15,5,1,0,-42.732,-2.289,1.778
2012-05-04-15_53_06.600,15,5,1,0,-42.681,-2.336,1.778
2012-05-04-15_53_06.601,15,5,1,0,-42.779,-2.303,1.778
2012-05-04-15_53_06.602,15,6,1,0,-51.759,-2.357,1.078
2012-05-04-15_53_06.603,15,6,1,0,-51.734,-2.264,0.978
2012-05-04-15_53_06.604,15,6,1,0,-51.834,-2.334,0.978
2012-05-04-15_53_06.604,15,7,1,0,-60.654,-2.293,1.478
2012-05-04-15_53_06.605,15,7,1,0,-60.729,-2.270,1.478
2012-05-04-15_53_06.606,15,7,1,0,-60.675,-2.214,1.478
2012-05-04-15_53_06.607,15,0,1,1,-2.192,-2.289,1.688
2012-05-04-15_53_06.608,15,0,1,1,-2.167,-2.189,1.688
2012-05-04-15_53_06.609,15,0,1,1,-2.263,-2.271,1.688
2012-05-04-15_53_06.610,15,1,1,1,-11.203,-2.294,1.088
2012-05-04-15_53_06.611,15,1,1,1,-11.341,-2.221,1.388
2012-05-04-15_53_06.611,15,1,1,1,-11.229,-2.209,1.388
2012-05-04-15_53_06.612,15,2,1,1,-20.157,-2.219,1.388
2012-05-04-15_53_06.613,15,2,1,1,-20.228,-2.201,1.488
2012-05-04-15_53_06.614,15,2,1,1,-20.235,-2.200,1.488
2012-05-04-15_53_06.615,15,3,1,1,-29.179,-2.301,0.988
2012-05-04-15_53_06.616,15,3,1,1,-29.154,-2.201,0.988
2012-05-04-15_53_06.617,15,3,1,1,-29.250,-2.283,0.988
2012-05-04-15_53_06.618,15,4,1,1,-38.176,-2.303,0.688
2012-05-04-15_53_06.618,15,4,1,1,-38.150,-2.203,0.688
2012-05-04-15_53_06.619,15,4,1,1,-38.246,-2.285,0.688
2012-05-04-15_53_06.620,15,5,1,1,-47.194,-2.289,0.888
2012-05-04-15_53_06.621,15,5,1,1,-47.279,-2.270,0.888
2012-05-04-15_53_06.622,15,5,1,1,-47.250,-2.292,0.888
2012-05-04-15_53_06.623,15,6,1,1,-56.221,-2.364,0.888
2012-05-04-15_53_06.630,15,6,1,1,-56.196,-2.264,0.888
2012-05-04-15_53_06.631,15,6,1,1,-56.292,-2.346,0.788
2012-05-04-15_53_06.631,15,7,1,1,-65.186,-2.282,1.388
2012-05-04-15_53_06.632,15,7,1,1,-65.194,-2.281,1.388
2012-05-04-15_53_06.633,15,7,1,1,-65.176,-2.180,1.288
2012-05-04-15_53_06.633,15,0,2,0,2.260,-6.780,1.902
2012-05-04-15_53_06.634,15,0,2,0,2.295,-6.689,1.902
2012-05-04-15_53_06.635,15,0,2,0,2.197,-6.759,1.902
2012-05-04-15_53_06.636,15,1,2,0,-6.748,-6.793,1.702
2012-05-04-15_53_06.637,15,1,2,0,-6.829,-6.772,1.702
2012-05-04-15_53_06.638,15,1,2,0,-6.770,-6.706,1.702
2012-05-04-15_53_06.639,15,2,2,0,-15.705,-6.710,0.902
2012-05-04-15_53_06.640,15,2,2,0,-15.768,-6.689,0.902
2012-05-04-15_53_06.641,15,2,2,0,-15.712,-6.637,0.902
2012-05-04-15_53_06.642,15,3,2,0,-24.727,-6.792,1.402
2012-05-04-15_53_06.643,15,3,2,0,-24.692,-6.701,1.402
2012-05-04-15_53_06.644,15,3,2,0,-24.790,-6.771,1.402
2012-05-04-15_53_06.645,15,4,2,0,-33.724,-6.794,0.802
2012-05-04-15_53_06.646,15,4,2,0,-33.689,-6.703,0.802
2012-05-04-15_53_06.647,15,4,2,0,-33.787,-6.773,0.702
2012-05-04-15_53_06.647,15,5,2,0,-42.733,-6.789,1.002
2012-05-04-15_53_06.648,15,5,2,0,-42.682,-6.840,1.002
2012-05-04-15_53_06.649,15,5,2,0,-42.774,-6.807,1.002
2012-05-04-15_53_06.650,15,6,2,0,-51.769,-6.855,1.102
2012-05-04-15_53_06.651,15,6,2,0,-51.734,-6.764,1.102
2012-05-04-15_53_06.652,15,6,2,0,-51.832,-6.834,1.102
2012-05-04-15_53_06.653,15,7,2,0,-60.664,-6.791,1.602
2012-05-04-15_53_06.654,15,7,2,0,-60.727,-6.770,1.602
2012-05-04-15_53_06.654,15,7,2,0,-60.671,-6.718,1.702
2012-05-04-15_53_06.655,15,0,2,1,-2.192,-6.786,1.810
2012-05-04-15_53_06.656,15,0,2,1,-2.167,-6.688,1.810
2012-05-04-15_53_06.657,15,0,2,1,-2.266,-6.770,1.910
2012-05-04-15_53_06.658,15,1,2,1,-11.206,-6.792,1.710
2012-05-04-15_53_06.658,15,1,2,1,-11.342,-6.720,1.710
2012-05-04-15_53_06.661,15,1,2,1,-11.229,-6.706,1.710
2012-05-04-15_53_06.661,15,2,2,1,-20.157,-6.716,0.910
2012-05-04-15_53_06.662,15,2,2,1,-20.230,-6.700,1.010
2012-05-04-15_53_06.663,15,2,2,1,-20.238,-6.696,0.910
2012-05-04-15_53_06.664,15,3,2,1,-29.179,-6.798,1.010
2012-05-04-15_53_06.665,15,3,2,1,-29.154,-6.700,1.110
2012-05-04-15_53_06.666,15,3,2,1,-29.252,-6.782,1.010
2012-05-04-15_53_06.667,15,4,2,1,-38.176,-6.800,0.710
2012-05-04-15_53_06.667,15,4,2,1,-38.151,-6.702,0.710
2012-05-04-15_53_06.668,15,4,2,1,-38.249,-6.784,0.710
2012-05-04-15_53_06.669,15,5,2,1,-47.195,-6.788,1.010
2012-05-04-15_53_06.670,15,5,2,1,-47.280,-6.766,1.010
2012-05-04-15_53_06.671,15,5,2,1,-47.251,-6.793,1.110
2012-05-04-15_53_06.672,15,6,2,1,-56.221,-6.861,1.110
2012-05-04-15_53_06.672,15,6,2,1,-56.196,-6.762,1.110
2012-05-04-15_53_06.674,15,6,2,1,-56.295,-6.845,1.110
2012-05-04-15_53_06.674,15,7,2,1,-65.189,-6.781,1.510
2012-05-04-15_53_06.675,15,7,2,1,-65.196,-6.777,1.510
2012-05-04-15_53_06.676,15,7,2,1,-65.176,-6.677,1.510
2012-05-04-15_53_06.677,15,0,3,0,2.269,-11.279,2.020
2012-05-04-15_53_06.678,15,0,3,0,2.294,-11.190,1.920
2012-05-04-15_53_06.678,15,0,3,0,2.194,-11.255,2.020
2012-05-04-15_53_06.679,15,1,3,0,-6.744,-11.289,1.820
2012-05-04-15_53_06.680,15,1,3,0,-6.829,-11.269,1.820
2012-05-04-15_53_06.681,15,1,3,0,-6.765,-11.204,1.820
2012-05-04-15_53_06.682,15,2,3,0,-15.696,-11.209,1.020
2012-05-04-15_53_06.683,15,2,3,0,-15.771,-11.185,1.120
2012-05-04-15_53_06.683,15,2,3,0,-15.715,-11.139,1.120
2012-05-04-15_53_06.684,15,3,3,0,-24.718,-11.291,1.520
2012-05-04-15_53_06.694,15,3,3,0,-24.693,-11.202,1.520
2012-05-04-15_53_06.695,15,3,3,0,-24.793,-11.268,1.420
2012-05-04-15_53_06.696,15,4,3,0,-33.714,-11.293,0.820
2012-05-04-15_53_06.697,15,4,3,0,-33.689,-11.204,0.820
2012-05-04-15_53_06.698,15,4,3,0,-33.790,-11.269,0.720
2012-05-04-15_53_06.698,15,5,3,0,-42.733,-11.290,1.120
2012-05-04-15_53_06.699,15,5,3,0,-42.682,-11.338,1.120
2012-05-04-15_53_06.700,15,5,3,0,-42.777,-11.309,1.120
2012-05-04-15_53_06.701,15,6,3,0,-51.760,-11.354,1.120
2012-05-04-15_53_06.702,15,6,3,0,-51.735,-11.264,1.220
2012-05-04-15_53_06.702,15,6,3,0,-51.835,-11.330,1.220
2012-05-04-15_53_06.703,15,7,3,0,-60.654,-11.290,1.720
2012-05-04-15_53_06.704,15,7,3,0,-60.730,-11.266,1.720
2012-05-04-15_53_06.704,15,7,3,0,-60.673,-11.220,1.720
2012-05-04-15_53_06.705,15,0,3,1,-2.190,-11.288,1.828
2012-05-04-15_53_06.706,15,0,3,1,-2.165,-11.189,1.827
2012-05-04-15_53_06.706,15,0,3,1,-2.268,-11.266,1.827
2012-05-04-15_53_06.707,15,1,3,1,-11.206,-11.288,1.727
2012-05-04-15_53_06.707,15,1,3,1,-11.340,-11.221,1.727
2012-05-04-15_53_06.708,15,1,3,1,-11.227,-11.204,1.827
2012-05-04-15_53_06.708,15,2,3,1,-20.155,-11.218,1.128
2012-05-04-15_53_06.709,15,2,3,1,-20.233,-11.196,1.127
2012-05-04-15_53_06.709,15,2,3,1,-20.238,-11.194,1.027
2012-05-04-15_53_06.710,15,3,3,1,-29.177,-11.300,1.128
2012-05-04-15_53_06.710,15,3,3,1,-29.152,-11.201,1.227
2012-05-04-15_53_06.711,15,3,3,1,-29.255,-11.278,1.127
2012-05-04-15_53_06.711,15,4,3,1,-38.174,-11.302,0.828
2012-05-04-15_53_06.712,15,4,3,1,-38.149,-11.203,0.827
2012-05-04-15_53_06.712,15,4,3,1,-38.252,-11.280,0.827
2012-05-04-15_53_06.713,15,5,3,1,-47.193,-11.289,1.027
2012-05-04-15_53_06.713,15,5,3,1,-47.280,-11.265,1.127
2012-05-04-15_53_06.714,15,5,3,1,-47.249,-11.293,1.127
2012-05-04-15_53_06.714,15,6,3,1,-56.219,-11.362,1.228
2012-05-04-15_53_06.714,15,6,3,1,-56.194,-11.264,1.127
2012-05-04-15_53_06.715,15,6,3,1,-56.297,-11.341,1.127
2012-05-04-15_53_06.715,15,7,3,1,-65.192,-11.277,1.527
2012-05-04-15_53_06.716,15,7,3,1,-65.197,-11.274,1.527
2012-05-04-15_53_06.716,15,7,3,1,-65.177,-11.176,1.527
2012-05-04-15_53_06.717,15,0,4,0,2.269,-15.782,1.939
2012-05-04-15_53_06.717,15,0,4,0,2.294,-15.696,2.039
2012-05-04-15_53_06.718,15,0,4,0,2.191,-15.754,2.139
2012-05-04-15_53_06.718,15,1,4,0,-6.739,-15.789,1.839
2012-05-04-15_53_06.719,15,1,4,0,-6.827,-15.768,1.839
2012-05-04-15_53_06.719,15,1,4,0,-6.763,-15.711,1.839
2012-05-04-15_53_06.720,15,2,4,0,-15.696,-15.712,1.139
2012-05-04-15_53_06.720,15,2,4,0,-15.774,-15.684,1.139
2012-05-04-15_53_06.721,15,2,4,0,-15.715,-15.641,1.139
2012-05-04-15_53_06.721,15,3,4,0,-24.718,-15.794,1.539
2012-05-04-15_53_06.722,15,3,4,0,-24.693,-15.708,1.539
2012-05-04-15_53_06.722,15,3,4,0,-24.796,-15.766,1.539
2012-05-04-15_53_06.723,15,4,4,0,-33.715,-15.796,0.839
2012-05-04-15_53_06.723,15,4,4,0,-33.690,-15.710,0.839
2012-05-04-15_53_06.724,15,4,4,0,-33.793,-15.768,0.839
2012-05-04-15_53_06.724,15,5,4,0,-42.733,-15.796,1.139
2012-05-04-15_53_06.724,15,5,4,0,-42.680,-15.836,1.139
2012-05-04-15_53_06.725,15,5,4,0,-42.777,-15.811,1.039
2012-05-04-15_53_06.725,15,6,4,0,-51.760,-15.856,1.239
2012-05-04-15_53_06.726,15,6,4,0,-51.735,-15.771,1.239
2012-05-04-15_53_06.726,15,6,4,0,-51.838,-15.828,1.139
2012-05-04-15_53_06.727,15,7,4,0,-60.655,-15.793,1.739
2012-05-04-15_53_06.727,15,7,4,0,-60.733,-15.764,1.739
2012-05-04-15_53_06.728,15,7,4,0,-60.674,-15.722,1.839
2012-05-04-15_53_06.728,15,0,4,1,-2.188,-15.794,1.950
2012-05-04-15_53_06.729,15,0,4,1,-2.163,-15.696,1.850
2012-05-04-15_53_06.730,15,0,4,1,-2.266,-15.767,1.950
2012-05-04-15_53_06.730,15,1,4,1,-11.206,-15.790,1.850
2012-05-04-15_53_06.731,15,1,4,1,-11.338,-15.727,1.850
2012-05-04-15_53_06.731,15,1,4,1,-11.230,-15.710,1.850
2012-05-04-15_53_06.732,15,2,4,1,-20.153,-15.724,1.150
2012-05-04-15_53_06.732,15,2,4,1,-20.231,-15.697,1.150
2012-05-04-15_53_06.733,15,2,4,1,-20.239,-15.696,1.150
2012-05-04-15_53_06.733,15,3,4,1,-29.175,-15.806,1.250
2012-05-04-15_53_06.735,15,3,4,1,-29.150,-15.708,1.250
2012-05-04-15_53_06.735,15,3,4,1,-29.253,-15.779,12.650
2012-05-04-15_53_06.736,15,4,4,1,-38.172,-15.808,0.850
2012-05-04-15_53_06.736,15,4,4,1,-38.147,-15.710,0.850
2012-05-04-15_53_06.737,15,4,4,1,-38.250,-15.781,0.750
2012-05-04-15_53_06.737,15,5,4,1,-47.191,-15.796,1.150
2012-05-04-15_53_06.738,15,5,4,1,-47.281,-15.769,1.150
2012-05-04-15_53_06.738,15,5,4,1,-47.249,-15.799,1.150
2012-05-04-15_53_06.739,15,6,4,1,-56.192,-15.770,1.250
2012-05-04-15_53_06.739,15,6,4,1,-56.295,-15.842,1.150
2012-05-04-15_53_06.740,15,6,4,1,-56.303,-15.841,1.250
2012-05-04-15_53_06.740,15,7,4,1,-65.190,-15.778,12.750
2012-05-04-15_53_06.741,15,7,4,1,-65.197,-15.777,1.650
2012-05-04-15_53_06.741,15,7,4,1,-65.177,-15.680,1.650
2012-05-04-15_53_06.742,15,0,5,0,2.268,-20.283,2.064
2012-05-04-15_53_06.742,15,0,5,0,2.293,-20.196,2.064
2012-05-04-15_53_06.742,15,0,5,0,2.190,-20.254,2.064
2012-05-04-15_53_06.743,15,1,5,0,-6.740,-20.293,1.864
2012-05-04-15_53_06.743,15,1,5,0,-6.825,-20.268,1.864
2012-05-04-15_53_06.744,15,1,5,0,-6.761,-20.216,1.864
2012-05-04-15_53_06.745,15,2,5,0,-15.697,-20.213,1.164
2012-05-04-15_53_06.745,15,2,5,0,-15.774,-20.184,1.164
2012-05-04-15_53_06.746,15,2,5,0,-15.720,-20.140,1.164
2012-05-04-15_53_06.746,15,3,5,0,-24.719,-20.295,1.564
2012-05-04-15_53_06.747,15,3,5,0,-24.694,-20.209,1.564
2012-05-04-15_53_06.747,15,3,5,0,-24.796,-20.267,1.564
2012-05-04-15_53_06.748,15,4,5,0,-33.715,-20.297,0.864
2012-05-04-15_53_06.749,15,4,5,0,-33.690,-20.210,0.864
2012-05-04-15_53_06.749,15,4,5,0,-33.793,-20.268,0.964
2012-05-04-15_53_06.750,15,5,5,0,-42.734,-20.296,1.164
2012-05-04-15_53_06.750,15,5,5,0,-42.678,-20.336,1.164
2012-05-04-15_53_06.751,15,5,5,0,-42.783,-20.310,1.164
2012-05-04-15_53_06.751,15,6,5,0,-51.761,-20.357,1.164
2012-05-04-15_53_06.752,15,6,5,0,-51.736,-20.271,1.164
2012-05-04-15_53_06.752,15,6,5,0,-51.839,-20.329,1.164
2012-05-04-15_53_06.753,15,7,5,0,-60.655,-20.294,1.764
2012-05-04-15_53_06.753,15,7,5,0,-60.733,-20.265,1.764
2012-05-04-15_53_06.754,15,7,5,0,-60.679,-20.221,1.764
2012-05-04-15_53_06.754,15,0,5,1,-2.186,-20.292,1.972
2012-05-04-15_53_06.755,15,0,5,1,-2.161,-20.196,1.872
2012-05-04-15_53_06.755,15,0,5,1,-2.262,-20.269,1.972
2012-05-04-15_53_06.756,15,1,5,1,-11.209,-20.293,1.872
2012-05-04-15_53_06.756,15,1,5,1,-11.336,-20.228,1.872
2012-05-04-15_53_06.757,15,1,5,1,-11.231,-20.215,1.872
2012-05-04-15_53_06.757,15,2,5,1,-20.151,-20.222,1.172
2012-05-04-15_53_06.758,15,2,5,1,-20.227,-20.199,1.172
2012-05-04-15_53_06.758,15,2,5,1,-20.237,-20.199,1.172
2012-05-04-15_53_06.759,15,3,5,1,-29.173,-20.304,1.272
2012-05-04-15_53_06.759,15,3,5,1,-29.148,-20.208,1.272
2012-05-04-15_53_06.759,15,3,5,1,-29.249,-20.281,1.272
2012-05-04-15_53_06.760,15,4,5,1,-38.170,-20.306,0.872
2012-05-04-15_53_06.760,15,4,5,1,-38.145,-20.210,0.872
2012-05-04-15_53_06.761,15,4,5,1,-38.245,-20.283,0.872
2012-05-04-15_53_06.761,15,5,5,1,-47.189,-20.296,1.172
2012-05-04-15_53_06.763,15,5,5,1,-47.279,-20.274,1.072
2012-05-04-15_53_06.763,15,5,5,1,-47.247,-20.298,1.172
2012-05-04-15_53_06.764,15,6,5,1,-56.190,-20.271,1.272
2012-05-04-15_53_06.764,15,6,5,1,-56.291,-20.344,1.272
2012-05-04-15_53_06.765,15,6,5,1,-56.301,-20.343,1.272
2012-05-04-15_53_06.765,15,7,5,1,-65.186,-20.280,1.572
2012-05-04-15_53_06.766,15,7,5,1,-65.195,-20.280,1.672
2012-05-04-15_53_06.766,15,7,5,1,-65.175,-20.185,1.772
2012-05-04-15_53_06.767,15,0,6,0,2.273,-24.784,1.981
2012-05-04-15_53_06.767,15,0,6,0,2.298,-24.690,1.981
2012-05-04-15_53_06.768,15,0,6,0,2.188,-24.758,1.981
2012-05-04-15_53_06.768,15,1,6,0,-6.743,-24.795,1.681
2012-05-04-15_53_06.769,15,1,6,0,-6.821,-24.769,6.981
2012-05-04-15_53_06.769,15,1,6,0,-6.762,-24.709,1.681
2012-05-04-15_53_06.770,15,2,6,0,-15.692,-24.713,1.081
2012-05-04-15_53_06.770,15,2,6,0,-15.777,-24.688,1.081
2012-05-04-15_53_06.771,15,2,6,0,-15.753,-24.698,1.181
2012-05-04-15_53_06.771,15,3,6,0,-24.714,-24.796,1.481
2012-05-04-15_53_06.772,15,3,6,0,-24.689,-24.702,1.581
2012-05-04-15_53_06.772,15,3,6,0,-24.799,-24.770,1.481
2012-05-04-15_53_06.773,15,4,6,0,-33.711,-24.798,0.881
2012-05-04-15_53_06.773,15,4,6,0,-33.686,-24.704,0.881
2012-05-04-15_53_06.774,15,4,6,0,-33.796,-24.772,0.881
2012-05-04-15_53_06.774,15,5,6,0,-42.729,-24.790,1.381
2012-05-04-15_53_06.775,15,5,6,0,-42.674,-24.837,8.281
2012-05-04-15_53_06.775,15,5,6,0,-42.781,-24.804,1.481
2012-05-04-15_53_06.776,15,6,6,0,-51.756,-24.858,1.281
2012-05-04-15_53_06.776,15,6,6,0,-51.731,-24.764,1.381
2012-05-04-15_53_06.777,15,6,6,0,-51.675,-24.812,2.781
2012-05-04-15_53_06.777,15,7,6,0,-60.651,-24.794,2.081
2012-05-04-15_53_06.778,15,7,6,0,-60.736,-24.769,2.081
2012-05-04-15_53_06.778,15,7,6,0,-60.677,-24.715,2.081
2012-05-04-15_53_06.779,15,0,6,1,-2.187,-24.789,1.990
2012-05-04-15_53_06.779,15,0,6,1,-2.162,-24.689,1.990
2012-05-04-15_53_06.780,15,0,6,1,-2.262,-24.771,1.990
2012-05-04-15_53_06.780,15,1,6,1,-11.212,-24.795,1.690
2012-05-04-15_53_06.781,15,1,6,1,-11.336,-24.721,1.690
2012-05-04-15_53_06.781,15,1,6,1,-11.234,-24.709,1.789
2012-05-04-15_53_06.782,15,2,6,1,-20.152,-24.719,1.090
2012-05-04-15_53_06.782,15,2,6,1,-20.227,-24.701,1.090
2012-05-04-15_53_06.783,15,2,6,1,-20.235,-24.700,1.090
2012-05-04-15_53_06.783,15,3,6,1,-29.174,-24.801,1.290
2012-05-04-15_53_06.784,15,3,6,1,-29.149,-24.701,1.490
2012-05-04-15_53_06.784,15,3,6,1,-29.249,-24.783,1.290
2012-05-04-15_53_06.785,15,4,6,1,-38.170,-24.803,0.890
2012-05-04-15_53_06.785,15,4,6,1,-38.145,-24.703,0.890
2012-05-04-15_53_06.786,15,4,6,1,-38.246,-24.785,0.990
2012-05-04-15_53_06.787,15,5,6,1,-47.189,-24.789,1.390
2012-05-04-15_53_06.788,15,5,6,1,-47.277,-24.770,1.390
2012-05-04-15_53_06.789,15,5,6,1,-47.245,-24.792,1.289
2012-05-04-15_53_06.789,15,6,6,1,-56.216,-24.863,1.290
2012-05-04-15_53_06.789,15,6,6,1,-56.191,-24.764,1.290
2012-05-04-15_53_06.790,15,6,6,1,-56.291,-24.846,1.290
2012-05-04-15_53_06.790,15,7,6,1,-65.186,-24.782,1.890
2012-05-04-15_53_06.791,15,7,6,1,-65.193,-24.781,1.990
2012-05-04-15_53_06.791,15,7,6,1,-65.173,-24.680,1.990
2012-05-04-15_53_06.792,15,0,7,0,2.263,-29.280,2.001
2012-05-04-15_53_06.792,15,0,7,0,2.300,-29.189,2.001
2012-05-04-15_53_06.793,15,0,7,0,2.187,-29.259,2.001
2012-05-04-15_53_06.793,15,1,7,0,-6.743,-29.293,1.701
2012-05-04-15_53_06.794,15,1,7,0,-6.821,-29.272,1.701
2012-05-04-15_53_06.794,15,1,7,0,-6.762,-29.206,1.701
2012-05-04-15_53_06.795,15,2,7,0,-15.702,-29.210,1.101
2012-05-04-15_53_06.796,15,2,7,0,-15.778,-29.189,1.101
2012-05-04-15_53_06.796,15,2,7,0,-15.714,-29.137,1.201
2012-05-04-15_53_06.797,15,3,7,0,-24.724,-29.292,1.501
2012-05-04-15_53_06.797,15,3,7,0,-24.687,-29.201,1.501
2012-05-04-15_53_06.798,15,3,7,0,-24.800,-29.271,1.501
2012-05-04-15_53_06.798,15,4,7,0,-33.721,-29.294,1.001
2012-05-04-15_53_06.799,15,4,7,0,-33.684,-29.203,1.001
2012-05-04-15_53_06.799,15,4,7,0,-33.796,-29.273,1.001
2012-05-04-15_53_06.800,15,5,7,0,-42.727,-29.289,1.401
2012-05-04-15_53_06.800,15,5,7,0,-42.674,-29.340,1.401
2012-05-04-15_53_06.801,15,5,7,0,-42.776,-29.307,1.501
2012-05-04-15_53_06.801,15,6,7,0,-51.766,-29.355,1.301
2012-05-04-15_53_06.802,15,6,7,0,-51.729,-29.263,1.301
2012-05-04-15_53_06.802,15,6,7,0,-51.676,-29.315,1.301
2012-05-04-15_53_06.803,15,7,7,0,-60.661,-29.291,2.101
2012-05-04-15_53_06.803,15,7,7,0,-60.736,-29.270,2.101
2012-05-04-15_53_06.804,15,7,7,0,-60.673,-29.218,4.201
2012-05-04-15_53_06.804,15,0,7,1,-2.187,-29.285,2.013
2012-05-04-15_53_06.804,15,0,7,1,-2.165,-29.188,2.013
2012-05-04-15_53_06.805,15,0,7,1,-2.263,-29.270,2.013
2012-05-04-15_53_06.805,15,1,7,1,-11.213,-29.291,1.713
2012-05-04-15_53_06.806,15,1,7,1,-11.339,-29.220,1.713
2012-05-04-15_53_06.806,15,1,7,1,-11.236,-29.205,1.712
2012-05-04-15_53_06.807,15,2,7,1,-20.152,-29.215,1.113
2012-05-04-15_53_06.807,15,2,7,1,-20.228,-29.200,1.113
2012-05-04-15_53_06.808,15,2,7,1,-20.233,-29.196,1.113
2012-05-04-15_53_06.808,15,3,7,1,-29.174,-29.298,1.213
2012-05-04-15_53_06.809,15,3,7,1,-29.151,-29.200,1.313
2012-05-04-15_53_06.810,15,3,7,1,-29.250,-29.282,1.313
2012-05-04-15_53_06.810,15,4,7,1,-38.171,-29.299,1.013
2012-05-04-15_53_06.811,15,4,7,1,-38.148,-29.202,1.013
2012-05-04-15_53_06.812,15,4,7,1,-38.246,-29.284,1.013
2012-05-04-15_53_06.812,15,5,7,1,-47.192,-29.288,1.413
2012-05-04-15_53_06.813,15,5,7,1,-47.275,-29.266,1.412
2012-05-04-15_53_06.814,15,5,7,1,-47.246,-29.293,1.412
2012-05-04-15_53_06.814,15,6,7,1,-56.216,-29.360,1.313
2012-05-04-15_53_06.815,15,6,7,1,-56.194,-29.263,1.313
2012-05-04-15_53_06.816,15,6,7,1,-56.292,-29.344,1.313
2012-05-04-15_53_06.816,15,7,7,1,-65.186,-29.280,1.913
2012-05-04-15_53_06.817,15,7,7,1,-65.191,-29.277,1.913
2012-05-04-15_53_06.818,15,7,7,1,-65.171,-29.177,1.912
2012-05-04-15_53_06.818,15,0,8,0,2.274,-33.778,1.927
2012-05-04-15_53_06.819,15,0,8,0,2.304,-33.688,1.927
2012-05-04-15_53_06.820,15,0,8,0,2.192,-33.755,1.927
2012-05-04-15_53_06.821,15,1,8,0,-6.746,-33.788,1.727
2012-05-04-15_53_06.821,15,1,8,0,-6.819,-33.768,1.727
2012-05-04-15_53_06.822,15,1,8,0,-6.765,-33.703,1.727
2012-05-04-15_53_06.823,15,2,8,0,-15.690,-33.708,1.127
2012-05-04-15_53_06.823,15,2,8,0,-15.773,-33.685,1.127
2012-05-04-15_53_06.824,15,2,8,0,-15.709,-33.638,1.127
2012-05-04-15_53_06.824,15,3,8,0,-24.712,-33.790,1.527
2012-05-04-15_53_06.825,15,3,8,0,-24.683,-33.700,1.527
2012-05-04-15_53_06.825,15,3,8,0,-24.795,-33.768,1.527
2012-05-04-15_53_06.826,15,4,8,0,-33.709,-33.792,1.027
2012-05-04-15_53_06.826,15,4,8,0,-33.679,-33.702,1.027
2012-05-04-15_53_06.827,15,4,8,0,-33.792,-33.769,1.027
2012-05-04-15_53_06.827,15,5,8,0,-42.723,-33.788,1.427
2012-05-04-15_53_06.828,15,5,8,0,-42.672,-33.836,1.427
2012-05-04-15_53_06.828,15,5,8,0,-42.772,-33.808,1.427
2012-05-04-15_53_06.829,15,6,8,0,-51.755,-33.853,1.327
2012-05-04-15_53_06.829,15,6,8,0,-51.725,-33.763,1.327
2012-05-04-15_53_06.831,15,6,8,0,-51.837,-33.830,1.327
2012-05-04-15_53_06.832,15,7,8,0,-60.649,-33.789,2.227
2012-05-04-15_53_06.833,15,7,8,0,-60.732,-33.766,2.227
2012-05-04-15_53_06.833,15,7,8,0,-60.668,-33.719,2.127
2012-05-04-15_53_06.834,15,0,8,1,-2.190,-33.786,2.036
2012-05-04-15_53_06.834,15,0,8,1,-2.165,-33.687,2.035
2012-05-04-15_53_06.835,15,0,8,1,-2.261,-33.766,2.035
2012-05-04-15_53_06.836,15,1,8,1,-11.213,-33.787,1.736
2012-05-04-15_53_06.836,15,1,8,1,-11.339,-33.718,1.735
2012-05-04-15_53_06.837,15,1,8,1,-11.237,-33.702,1.735
2012-05-04-15_53_06.837,15,2,8,1,-20.155,-33.716,1.136
2012-05-04-15_53_06.838,15,2,8,1,-20.226,-33.696,1.135
2012-05-04-15_53_06.838,15,2,8,1,-20.233,-33.693,1.235
2012-05-04-15_53_06.839,15,3,8,1,-29.177,-33.798,1.136
2012-05-04-15_53_06.839,15,3,8,1,-29.152,-33.699,1.235
2012-05-04-15_53_06.840,15,3,8,1,-29.248,-33.778,1.135
2012-05-04-15_53_06.840,15,4,8,1,-38.174,-33.800,0.936
2012-05-04-15_53_06.841,15,4,8,1,-38.148,-33.701,1.035
2012-05-04-15_53_06.841,15,4,8,1,-38.244,-33.780,0.935
2012-05-04-15_53_06.842,15,5,8,1,-47.192,-33.787,1.435
2012-05-04-15_53_06.842,15,5,8,1,-47.275,-33.763,1.435
2012-05-04-15_53_06.843,15,5,8,1,-47.246,-33.793,1.535
2012-05-04-15_53_06.843,15,6,8,1,-56.219,-33.861,1.336
2012-05-04-15_53_06.844,15,6,8,1,-56.194,-33.761,1.335
2012-05-04-15_53_06.845,15,6,8,1,-56.290,-33.840,1.335
2012-05-04-15_53_06.846,15,7,8,1,-65.184,-33.777,2.135
2012-05-04-15_53_06.846,15,7,8,1,-65.192,-33.774,2.235
2012-05-04-15_53_06.847,15,7,8,1,-65.171,-33.674,2.235
2012-05-04-15_53_06.848,15,0,9,0,2.276,-38.282,1.945
2012-05-04-15_53_06.848,15,0,9,0,2.304,-38.195,1.945
2012-05-04-15_53_06.849,15,0,9,0,2.191,-38.254,1.945
2012-05-04-15_53_06.849,15,1,9,0,-6.746,-38.289,1.845
2012-05-04-15_53_06.850,15,1,9,0,-6.820,-38.267,1.845
2012-05-04-15_53_06.850,15,1,9,0,-6.765,-38.210,1.745
2012-05-04-15_53_06.851,15,2,9,0,-15.688,-38.212,1.245
2012-05-04-15_53_06.851,15,2,9,0,-15.774,-38.184,1.245
2012-05-04-15_53_06.852,15,2,9,0,-15.710,-38.141,1.145
2012-05-04-15_53_06.852,15,3,9,0,-24.711,-38.294,1.545
2012-05-04-15_53_06.853,15,3,9,0,-24.683,-38.208,1.645
2012-05-04-15_53_06.853,15,3,9,0,-24.796,-38.266,1.645
2012-05-04-15_53_06.854,15,4,9,0,-33.707,-38.296,1.045
2012-05-04-15_53_06.854,15,4,9,0,-33.680,-38.209,1.045
2012-05-04-15_53_06.854,15,4,9,0,-33.792,-38.268,1.045
2012-05-04-15_53_06.855,15,5,9,0,-42.723,-38.295,1.445
2012-05-04-15_53_06.855,15,5,9,0,-42.672,-38.336,1.445
2012-05-04-15_53_06.856,15,5,9,0,-42.772,-38.311,1.445
2012-05-04-15_53_06.856,15,6,9,0,-51.753,-38.357,1.445
2012-05-04-15_53_06.857,15,6,9,0,-51.725,-38.270,1.345
2012-05-04-15_53_06.857,15,6,9,0,-51.838,-38.329,1.345
2012-05-04-15_53_06.858,15,7,9,0,-60.647,-38.293,2.145
2012-05-04-15_53_06.858,15,7,9,0,-60.732,-38.265,2.145
2012-05-04-15_53_06.859,15,7,9,0,-60.669,-38.222,2.145
2012-05-04-15_53_06.859,15,0,9,1,-2.188,-38.293,1.954
2012-05-04-15_53_06.860,15,0,9,1,-2.165,-38.194,1.954
2012-05-04-15_53_06.860,15,0,9,1,-2.261,-38.267,1.954
2012-05-04-15_53_06.861,15,1,9,1,-11.213,-38.289,1.854
2012-05-04-15_53_06.861,15,1,9,1,-11.340,-38.226,1.854
2012-05-04-15_53_06.862,15,1,9,1,-11.235,-38.209,1.754
2012-05-04-15_53_06.862,15,2,9,1,-20.153,-38.223,1.254
2012-05-04-15_53_06.863,15,2,9,1,-20.226,-38.197,1.254
2012-05-04-15_53_06.863,15,2,9,1,-20.233,-38.195,1.254
2012-05-04-15_53_06.864,15,3,9,1,-29.175,-38.305,1.354
2012-05-04-15_53_06.864,15,3,9,1,-29.152,-38.207,1.354
2012-05-04-15_53_06.866,15,3,9,1,-29.248,-38.279,1.354
2012-05-04-15_53_06.866,15,4,9,1,-38.172,-38.307,1.054
2012-05-04-15_53_06.867,15,4,9,1,-38.149,-38.208,0.954
2012-05-04-15_53_06.867,15,4,9,1,-38.245,-38.281,1.054
2012-05-04-15_53_06.868,15,5,9,1,-47.193,-38.294,1.554
2012-05-04-15_53_06.868,15,5,9,1,-47.275,-38.268,1.554
2012-05-04-15_53_06.869,15,5,9,1,-47.246,-38.300,1.454
2012-05-04-15_53_06.869,15,6,9,1,-56.194,-38.269,1.354
2012-05-04-15_53_06.870,15,6,9,1,-56.290,-38.342,1.354
2012-05-04-15_53_06.870,15,6,9,1,-56.297,-38.340,1.354
2012-05-04-15_53_06.870,15,7,9,1,-65.185,-38.278,1.954
2012-05-04-15_53_06.871,15,7,9,1,-65.192,-38.276,2.054
2012-05-04-15_53_06.871,15,7,9,1,-65.172,-38.179,1.954
2012-05-04-15_53_06.872,15,0,10,0,2.278,-42.783,2.066
2012-05-04-15_53_06.872,15,0,10,0,2.303,-42.695,1.966
2012-05-04-15_53_06.873,15,0,10,0,2.193,-42.755,1.966
2012-05-04-15_53_06.873,15,1,10,0,-6.749,-42.792,1.866
2012-05-04-15_53_06.874,15,1,10,0,-6.825,-42.766,1.866
2012-05-04-15_53_06.874,15,1,10,0,-6.768,-42.714,1.866
2012-05-04-15_53_06.875,15,2,10,0,-15.686,-42.713,1.266
2012-05-04-15_53_06.875,15,2,10,0,-15.772,-42.685,1.266
2012-05-04-15_53_06.875,15,2,10,0,-15.708,-42.639,1.266
2012-05-04-15_53_06.876,15,3,10,0,-24.708,-42.795,1.666
2012-05-04-15_53_06.876,15,3,10,0,-24.683,-42.707,1.566
2012-05-04-15_53_06.877,15,3,10,0,-24.794,-42.767,1.566
2012-05-04-15_53_06.877,15,4,10,0,-33.705,-42.797,1.066
2012-05-04-15_53_06.878,15,4,10,0,-33.680,-42.709,0.966
2012-05-04-15_53_06.878,15,4,10,0,-33.790,-42.769,1.066
2012-05-04-15_53_06.879,15,5,10,0,-42.724,-42.795,1.366
2012-05-04-15_53_06.879,15,5,10,0,-42.678,-42.834,1.466
2012-05-04-15_53_06.880,15,5,10,0,-42.770,-42.809,1.366
2012-05-04-15_53_06.880,15,6,10,0,-51.751,-42.858,1.366
2012-05-04-15_53_06.881,15,6,10,0,-51.725,-42.770,1.366
2012-05-04-15_53_06.881,15,6,10,0,-51.836,-42.830,1.366
2012-05-04-15_53_06.882,15,7,10,0,-60.645,-42.794,2.166
2012-05-04-15_53_06.882,15,7,10,0,-60.730,-42.766,2.166
2012-05-04-15_53_06.883,15,7,10,0,-60.667,-42.720,2.166
2012-05-04-15_53_06.883,15,0,10,1,-2.191,-42.791,1.978
2012-05-04-15_53_06.884,15,0,10,1,-2.168,-42.695,1.978
2012-05-04-15_53_06.884,15,0,10,1,-2.262,-42.769,2.078
2012-05-04-15_53_06.885,15,1,10,1,-11.214,-42.792,1.878
2012-05-04-15_53_06.885,15,1,10,1,-11.343,-42.726,1.878
2012-05-04-15_53_06.886,15,1,10,1,-11.235,-42.714,1.877
2012-05-04-15_53_06.886,15,2,10,1,-20.156,-42.721,1.278
2012-05-04-15_53_06.887,15,2,10,1,-20.226,-42.699,1.278
2012-05-04-15_53_06.887,15,2,10,1,-20.234,-42.698,1.278
2012-05-04-15_53_06.888,15,3,10,1,-29.178,-42.803,1.378
2012-05-04-15_53_06.888,15,3,10,1,-29.155,-42.707,1.378
2012-05-04-15_53_06.889,15,3,10,1,-29.249,-42.781,1.378
2012-05-04-15_53_06.889,15,4,10,1,-38.174,-42.805,0.978
2012-05-04-15_53_06.890,15,4,10,1,-38.152,-42.709,0.978
2012-05-04-15_53_06.890,15,4,10,1,-38.245,-42.783,1.078
2012-05-04-15_53_06.891,15,5,10,1,-47.196,-42.794,1.478
2012-05-04-15_53_06.891,15,5,10,1,-47.276,-42.773,1.478
2012-05-04-15_53_06.892,15,5,10,1,-47.249,-42.798,1.477
2012-05-04-15_53_06.892,15,6,10,1,-56.220,-42.866,1.378
2012-05-04-15_53_06.893,15,6,10,1,-56.197,-42.769,1.378
2012-05-04-15_53_06.893,15,6,10,1,-56.291,-42.844,1.378
2012-05-04-15_53_06.894,15,7,10,1,-65.185,-42.780,2.078
2012-05-04-15_53_06.894,15,7,10,1,-65.193,-42.779,2.078
2012-05-04-15_53_06.895,15,7,10,1,-65.172,-42.684,2.178
2012-05-04-15_53_06.895,15,0,11,0,2.278,-47.283,2.090
2012-05-04-15_53_06.897,15,0,11,0,2.303,-47.189,1.990
2012-05-04-15_53_06.898,15,0,11,0,2.193,-47.258,1.990
2012-05-04-15_53_06.898,15,1,11,0,-6.750,-47.295,1.890
2012-05-04-15_53_06.899,15,1,11,0,-6.825,-47.268,1.890
2012-05-04-15_53_06.899,15,1,11,0,-6.771,-47.209,1.890
2012-05-04-15_53_06.900,15,2,11,0,-15.687,-47.213,1.190
2012-05-04-15_53_06.901,15,2,11,0,-15.772,-47.188,1.290
2012-05-04-15_53_06.901,15,2,11,0,-15.743,-47.198,1.290
2012-05-04-15_53_06.902,15,3,11,0,-24.709,-47.295,1.690
2012-05-04-15_53_06.902,15,3,11,0,-24.684,-47.201,1.690
2012-05-04-15_53_06.903,15,3,11,0,-24.794,-47.271,1.690
2012-05-04-15_53_06.903,15,4,11,0,-33.705,-47.297,1.090
2012-05-04-15_53_06.904,15,4,11,0,-33.680,-47.203,1.090
2012-05-04-15_53_06.904,15,4,11,0,-33.791,-47.272,1.090
2012-05-04-15_53_06.905,15,5,11,0,-42.724,-47.289,1.390
2012-05-04-15_53_06.905,15,5,11,0,-42.678,-47.336,1.490
2012-05-04-15_53_06.906,15,5,11,0,-42.768,-47.304,1.390
2012-05-04-15_53_06.906,15,6,11,0,-51.751,-47.357,1.390
2012-05-04-15_53_06.907,15,6,11,0,-51.726,-47.264,1.390
2012-05-04-15_53_06.907,15,6,11,0,-51.836,-47.333,1.290
2012-05-04-15_53_06.908,15,7,11,0,-60.646,-47.293,2.190
2012-05-04-15_53_06.908,15,7,11,0,-60.731,-47.269,2.190
2012-05-04-15_53_06.909,15,7,11,0,-60.665,-47.215,2.190
2012-05-04-15_53_06.909,15,0,11,1,-2.194,-47.289,1.999
2012-05-04-15_53_06.910,15,0,11,1,-2.171,-47.189,2.099
2012-05-04-15_53_06.910,15,0,11,1,-2.262,-47.271,2.099
2012-05-04-15_53_06.911,15,1,11,1,-11.214,-47.295,1.899
2012-05-04-15_53_06.911,15,1,11,1,-11.346,-47.221,1.899
2012-05-04-15_53_06.912,15,1,11,1,-11.236,-47.209,1.898
2012-05-04-15_53_06.912,15,2,11,1,-20.159,-47.219,1.299
2012-05-04-15_53_06.913,15,2,11,1,-20.227,-47.201,1.299
2012-05-04-15_53_06.913,15,2,11,1,-20.234,-47.200,1.299
2012-05-04-15_53_06.914,15,3,11,1,-29.181,-47.301,1.399
2012-05-04-15_53_06.914,15,3,11,1,-29.158,-47.201,1.499
2012-05-04-15_53_06.914,15,3,11,1,-29.249,-47.283,1.399
2012-05-04-15_53_06.915,15,4,11,1,-38.177,-47.303,0.999
2012-05-04-15_53_06.915,15,4,11,1,-38.155,-47.203,0.999
2012-05-04-15_53_06.916,15,4,11,1,-38.246,-47.285,1.099
2012-05-04-15_53_06.916,15,5,11,1,-47.198,-47.289,1.499
2012-05-04-15_53_06.917,15,5,11,1,-47.279,-47.269,1.399
2012-05-04-15_53_06.917,15,5,11,1,-47.247,-47.292,1.498
2012-05-04-15_53_06.918,15,6,11,1,-56.223,-47.364,1.399
2012-05-04-15_53_06.918,15,6,11,1,-56.200,-47.264,1.399
2012-05-04-15_53_06.919,15,6,11,1,-56.291,-47.346,1.499
2012-05-04-15_53_06.919,15,7,11,1,-65.186,-47.282,2.099
2012-05-04-15_53_06.920,15,7,11,1,-65.193,-47.281,2.199
2012-05-04-15_53_06.920,15,7,11,1,-65.175,-47.180,2.199
2012-05-04-15_53_06.921,15,0,12,0,2.265,-51.780,2.308
2012-05-04-15_53_06.921,15,0,12,0,2.303,-51.690,2.208
2012-05-04-15_53_06.922,15,0,12,0,2.195,-51.759,2.308
2012-05-04-15_53_06.922,15,1,12,0,-6.753,-51.793,1.908
2012-05-04-15_53_06.923,15,1,12,0,-6.828,-51.772,2.008
2012-05-04-15_53_06.923,15,1,12,0,-6.774,-51.707,2.008
2012-05-04-15_53_06.924,15,2,12,0,-15.699,-51.710,1.308
2012-05-04-15_53_06.924,15,2,12,0,-15.770,-51.689,1.308
2012-05-04-15_53_06.925,15,2,12,0,-15.709,-51.638,1.308
2012-05-04-15_53_06.925,15,3,12,0,-24.722,-51.792,1.708
2012-05-04-15_53_06.926,15,3,12,0,-24.684,-51.702,1.708
2012-05-04-15_53_06.926,15,3,12,0,-24.792,-51.771,1.708
2012-05-04-15_53_06.927,15,4,12,0,-33.718,-51.794,1.108
2012-05-04-15_53_06.927,15,4,12,0,-33.681,-51.704,1.108
2012-05-04-15_53_06.927,15,4,12,0,-33.789,-51.773,1.108
2012-05-04-15_53_06.928,15,5,12,0,-42.725,-51.790,1.308
2012-05-04-15_53_06.929,15,5,12,0,-42.681,-51.840,1.308
2012-05-04-15_53_06.930,15,5,12,0,-42.771,-51.808,1.408
2012-05-04-15_53_06.930,15,6,12,0,-51.764,-51.855,1.408
2012-05-04-15_53_06.931,15,6,12,0,-51.726,-51.764,1.408
2012-05-04-15_53_06.931,15,6,12,0,-51.834,-51.834,1.408
2012-05-04-15_53_06.932,15,7,12,0,-60.658,-51.791,2.108
2012-05-04-15_53_06.932,15,7,12,0,-60.729,-51.770,2.108
2012-05-04-15_53_06.933,15,7,12,0,-60.667,-51.719,2.108
2012-05-04-15_53_06.933,15,0,12,1,-2.197,-51.786,2.216
2012-05-04-15_53_06.934,15,0,12,1,-2.172,-51.689,2.116
2012-05-04-15_53_06.934,15,0,12,1,-2.265,-51.769,2.216
2012-05-04-15_53_06.935,15,1,12,1,-11.212,-51.793,1.916
2012-05-04-15_53_06.935,15,1,12,1,-11.346,-51.721,1.816
2012-05-04-15_53_06.936,15,1,12,1,-11.236,-51.706,1.916
2012-05-04-15_53_06.936,15,2,12,1,-20.162,-51.716,1.216
2012-05-04-15_53_06.937,15,2,12,1,-20.230,-51.699,1.216
2012-05-04-15_53_06.937,15,2,12,1,-20.237,-51.697,1.316
2012-05-04-15_53_06.938,15,3,12,1,-29.184,-51.799,1.416
2012-05-04-15_53_06.938,15,3,12,1,-29.159,-51.701,1.616
2012-05-04-15_53_06.939,15,3,12,1,-29.252,-51.781,1.616
2012-05-04-15_53_06.939,15,4,12,1,-38.180,-51.800,1.116
2012-05-04-15_53_06.940,15,4,12,1,-38.155,-51.703,1.116
2012-05-04-15_53_06.940,15,4,12,1,-38.248,-51.783,1.116
2012-05-04-15_53_06.941,15,5,12,1,-47.199,-51.789,1.416
2012-05-04-15_53_06.941,15,5,12,1,-47.279,-51.767,1.316
2012-05-04-15_53_06.942,15,5,12,1,-47.253,-51.793,1.316
2012-05-04-15_53_06.942,15,6,12,1,-56.226,-51.861,1.416
2012-05-04-15_53_06.943,15,6,12,1,-56.201,-51.763,1.416
2012-05-04-15_53_06.943,15,6,12,1,-56.294,-51.844,1.416
2012-05-04-15_53_06.944,15,7,12,1,-65.188,-51.780,2.116
2012-05-04-15_53_06.944,15,7,12,1,-65.196,-51.778,2.216
2012-05-04-15_53_06.945,15,7,12,1,-65.176,-51.678,2.116
2012-05-04-15_53_06.945,15,0,13,0,2.275,-56.278,2.227
2012-05-04-15_53_06.946,15,0,13,0,2.300,-56.189,2.227
2012-05-04-15_53_06.946,15,0,13,0,2.197,-56.255,2.227
2012-05-04-15_53_06.947,15,1,13,0,-6.755,-56.289,2.027
2012-05-04-15_53_06.947,15,1,13,0,-6.831,-56.269,2.027
2012-05-04-15_53_06.948,15,1,13,0,-6.774,-56.204,1.927
2012-05-04-15_53_06.949,15,2,13,0,-15.690,-56.208,1.327
2012-05-04-15_53_06.950,15,2,13,0,-15.768,-56.185,1.327
2012-05-04-15_53_06.950,15,2,13,0,-15.712,-56.139,1.327
2012-05-04-15_53_06.951,15,3,13,0,-24.712,-56.290,1.727
2012-05-04-15_53_06.951,15,3,13,0,-24.687,-56.202,1.727
2012-05-04-15_53_06.952,15,3,13,0,-24.790,-56.268,1.727
2012-05-04-15_53_06.952,15,4,13,0,-33.709,-56.292,1.127
2012-05-04-15_53_06.953,15,4,13,0,-33.684,-56.203,1.127
2012-05-04-15_53_06.953,15,4,13,0,-33.787,-56.269,1.127
2012-05-04-15_53_06.953,15,5,13,0,-42.727,-56.289,1.527
2012-05-04-15_53_06.954,15,5,13,0,-42.684,-56.337,1.327
2012-05-04-15_53_06.954,15,5,13,0,-42.774,-56.309,1.627
2012-05-04-15_53_06.955,15,6,13,0,-51.754,-56.353,1.427
2012-05-04-15_53_06.955,15,6,13,0,-51.729,-56.264,1.427
2012-05-04-15_53_06.956,15,6,13,0,-51.832,-56.330,1.427
2012-05-04-15_53_06.956,15,7,13,0,-60.649,-56.289,2.027
2012-05-04-15_53_06.957,15,7,13,0,-60.727,-56.266,2.127
2012-05-04-15_53_06.957,15,7,13,0,-60.670,-56.219,2.127
2012-05-04-15_53_06.958,15,0,13,1,-2.197,-56.288,2.139
2012-05-04-15_53_06.958,15,0,13,1,-2.172,-56.189,2.139
2012-05-04-15_53_06.959,15,0,13,1,-2.268,-56.265,2.138
2012-05-04-15_53_06.959,15,1,13,1,-11.210,-56.288,1.939
2012-05-04-15_53_06.960,15,1,13,1,-11.346,-56.221,1.939
2012-05-04-15_53_06.960,15,1,13,1,-11.236,-56.204,1.938
2012-05-04-15_53_06.961,15,2,13,1,-20.162,-56.218,1.339
2012-05-04-15_53_06.961,15,2,13,1,-20.233,-56.195,1.338
2012-05-04-15_53_06.963,15,2,13,1,-20.237,-56.193,1.338
2012-05-04-15_53_06.963,15,3,13,1,-29.184,-56.300,1.439
2012-05-04-15_53_06.964,15,3,13,1,-29.159,-56.201,1.639
2012-05-04-15_53_06.964,15,3,13,1,-29.255,-56.278,1.638
2012-05-04-15_53_06.964,15,4,13,1,-38.181,-56.302,1.039
2012-05-04-15_53_06.965,15,4,13,1,-38.155,-56.203,1.039
2012-05-04-15_53_06.965,15,4,13,1,-38.251,-56.279,1.038
2012-05-04-15_53_06.966,15,5,13,1,-47.199,-56.289,1.639
2012-05-04-15_53_06.967,15,5,13,1,-47.282,-56.265,1.538
2012-05-04-15_53_06.967,15,5,13,1,-47.253,-56.293,1.538
2012-05-04-15_53_06.968,15,6,13,1,-56.226,-56.363,1.439
2012-05-04-15_53_06.968,15,6,13,1,-56.201,-56.264,1.439
2012-05-04-15_53_06.969,15,6,13,1,-56.297,-56.340,1.438
2012-05-04-15_53_06.969,15,7,13,1,-65.191,-56.276,2.138
2012-05-04-15_53_06.970,15,7,13,1,-65.196,-56.274,2.138
2012-05-04-15_53_06.970,15,7,13,1,-65.178,-56.176,2.138
2012-05-04-15_53_06.971,15,0,14,0,2.272,-60.782,2.252
2012-05-04-15_53_06.971,15,0,14,0,2.297,-60.696,2.352
2012-05-04-15_53_06.972,15,0,14,0,2.196,-60.754,2.252
2012-05-04-15_53_06.972,15,1,14,0,-6.753,-60.789,2.052
2012-05-04-15_53_06.972,15,1,14,0,-6.831,-60.768,2.052
2012-05-04-15_53_06.973,15,1,14,0,-6.775,-60.710,2.052
2012-05-04-15_53_06.973,15,2,14,0,-15.693,-60.712,1.252
2012-05-04-15_53_06.974,15,2,14,0,-15.768,-60.684,1.352
2012-05-04-15_53_06.974,15,2,14,0,-15.712,-60.641,1.352
2012-05-04-15_53_06.975,15,3,14,0,-24.715,-60.794,1.652
2012-05-04-15_53_06.975,15,3,14,0,-24.690,-60.708,1.752
2012-05-04-15_53_06.976,15,3,14,0,-24.791,-60.766,1.752
2012-05-04-15_53_06.976,15,4,14,0,-33.712,-60.796,1.052
2012-05-04-15_53_06.977,15,4,14,0,-33.687,-60.710,1.052
2012-05-04-15_53_06.977,15,4,14,0,-33.787,-60.768,1.052
2012-05-04-15_53_06.978,15,5,14,0,-42.730,-60.796,1.552
2012-05-04-15_53_06.978,15,5,14,0,-42.684,-60.836,1.352
2012-05-04-15_53_06.978,15,5,14,0,-42.774,-60.811,1.652
2012-05-04-15_53_06.979,15,6,14,0,-51.757,-60.856,1.452
2012-05-04-15_53_06.979,15,6,14,0,-51.732,-60.770,1.452
2012-05-04-15_53_06.980,15,6,14,0,-51.833,-60.829,1.452
2012-05-04-15_53_06.980,15,7,14,0,-60.652,-60.793,2.052
2012-05-04-15_53_06.981,15,7,14,0,-60.727,-60.765,2.052
2012-05-04-15_53_06.981,15,7,14,0,-60.671,-60.722,2.052
2012-05-04-15_53_06.982,15,0,14,1,-2.200,-60.793,2.261
2012-05-04-15_53_06.982,15,0,14,1,-2.172,-60.695,2.161
2012-05-04-15_53_06.983,15,0,14,1,-2.268,-60.767,2.161
2012-05-04-15_53_06.983,15,1,14,1,-11.208,-60.790,1.961
2012-05-04-15_53_06.983,15,1,14,1,-11.347,-60.727,1.961
2012-05-04-15_53_06.984,15,1,14,1,-11.237,-60.709,1.961
2012-05-04-15_53_06.984,15,2,14,1,-20.165,-60.723,1.361
2012-05-04-15_53_06.985,15,2,14,1,-20.233,-60.697,1.261
2012-05-04-15_53_06.985,15,2,14,1,-20.240,-60.695,1.261
2012-05-04-15_53_06.986,15,3,14,1,-29.187,-60.805,1.261
2012-05-04-15_53_06.986,15,3,14,1,-29.159,-60.707,1.461
2012-05-04-15_53_06.987,15,3,14,1,-29.255,-60.779,1.461
2012-05-04-15_53_06.987,15,4,14,1,-38.184,-60.807,1.061
2012-05-04-15_53_06.988,15,4,14,1,-38.156,-60.709,1.061
2012-05-04-15_53_06.988,15,4,14,1,-38.252,-60.781,1.061
2012-05-04-15_53_06.989,15,5,14,1,-47.200,-60.795,1.561
2012-05-04-15_53_06.989,15,5,14,1,-47.283,-60.770,1.561
2012-05-04-15_53_06.990,15,5,14,1,-47.253,-60.799,1.561
2012-05-04-15_53_06.990,15,6,14,1,-56.229,-60.868,1.461
2012-05-04-15_53_06.991,15,6,14,1,-56.201,-60.770,1.461
2012-05-04-15_53_06.991,15,6,14,1,-56.297,-60.841,1.461
2012-05-04-15_53_06.992,15,7,14,1,-65.192,-60.778,2.261
2012-05-04-15_53_06.992,15,7,14,1,-65.199,-60.776,2.261
2012-05-04-15_53_06.994,15,7,14,1,-65.179,-60.681,2.261
2012-05-04-15_53_06.994,15,0,15,0,2.269,-65.283,2.270
2012-05-04-15_53_06.995,15,0,15,0,2.294,-65.196,2.270
2012-05-04-15_53_06.995,15,0,15,0,2.196,-65.256,2.270
2012-05-04-15_53_06.996,15,1,15,0,-6.751,-65.292,2.070
2012-05-04-15_53_06.996,15,1,15,0,-6.834,-65.267,2.070
2012-05-04-15_53_06.997,15,1,15,0,-6.773,-65.215,2.070
2012-05-04-15_53_06.997,15,2,15,0,-15.696,-65.213,1.370
2012-05-04-15_53_06.998,15,2,15,0,-15.769,-65.186,1.370
2012-05-04-15_53_06.998,15,2,15,0,-15.715,-65.139,1.370
2012-05-04-15_53_06.999,15,3,15,0,-24.718,-65.296,1.770
2012-05-04-15_53_06.999,15,3,15,0,-24.693,-65.208,1.770
2012-05-04-15_53_07.000,15,3,15,0,-24.791,-65.268,1.770
2012-05-04-15_53_07.001,15,4,15,0,-33.714,-65.297,1.070
2012-05-04-15_53_07.001,15,4,15,0,-33.689,-65.210,0.970
2012-05-04-15_53_07.002,15,4,15,0,-33.788,-65.270,1.070
2012-05-04-15_53_07.003,15,5,15,0,-42.733,-65.296,1.570
2012-05-04-15_53_07.003,15,5,15,0,-42.687,-65.335,1.370
2012-05-04-15_53_07.004,15,5,15,0,-42.777,-65.309,1.670
2012-05-04-15_53_07.004,15,6,15,0,-51.760,-65.358,1.470
2012-05-04-15_53_07.005,15,6,15,0,-51.735,-65.270,1.470
2012-05-04-15_53_07.005,15,6,15,0,-51.833,-65.330,1.470
2012-05-04-15_53_07.006,15,7,15,0,-60.655,-65.294,2.070
2012-05-04-15_53_07.006,15,7,15,0,-60.728,-65.266,2.070
2012-05-04-15_53_07.007,15,7,15,0,-60.674,-65.220,2.070
2012-05-04-15_53_07.007,15,0,15,1,-2.198,-65.291,2.279
2012-05-04-15_53_07.008,15,0,15,1,-2.170,-65.195,2.179
2012-05-04-15_53_07.008,15,0,15,1,-2.271,-65.270,2.179
2012-05-04-15_53_07.009,15,1,15,1,-11.211,-65.292,1.979
2012-05-04-15_53_07.009,15,1,15,1,-11.345,-65.227,1.979
2012-05-04-15_53_07.010,15,1,15,1,-11.232,-65.214,1.979
2012-05-04-15_53_07.010,15,2,15,1,-20.163,-65.221,1.379
2012-05-04-15_53_07.011,15,2,15,1,-20.236,-65.200,1.379
2012-05-04-15_53_07.011,15,2,15,1,-20.243,-65.198,1.379
2012-05-04-15_53_07.012,15,3,15,1,-29.185,-65.303,1.479
2012-05-04-15_53_07.012,15,3,15,1,-29.157,-65.207,1.379
2012-05-04-15_53_07.012,15,3,15,1,-29.258,-65.282,1.479
2012-05-04-15_53_07.013,15,4,15,1,-38.181,-65.305,1.079
2012-05-04-15_53_07.013,15,4,15,1,-38.154,-65.209,0.979
2012-05-04-15_53_07.014,15,4,15,1,-38.255,-65.284,1.079
2012-05-04-15_53_07.014,15,5,15,1,-47.198,-65.295,1.379
2012-05-04-15_53_07.015,15,5,15,1,-47.285,-65.273,1.479
2012-05-04-15_53_07.016,15,5,15,1,-47.256,-65.298,1.479
2012-05-04-15_53_07.016,15,6,15,1,-56.227,-65.366,1.479
2012-05-04-15_53_07.016,15,6,15,1,-56.199,-65.270,1.479
2012-05-04-15_53_07.017,15,6,15,1,-56.300,-65.345,1.479
2012-05-04-15_53_07.017,15,7,15,1,-65.195,-65.281,2.079
2012-05-04-15_53_07.018,15,7,15,1,-65.202,-65.279,2.079
2012-05-04-15_53_07.018,15,7,15,1,-65.182,-65.184,2.079
2012-05-04-15_53_07.019,15,0,16,0,2.266,-69.783,2.291
2012-05-04-15_53_07.019,15,0,16,0,2.294,-69.689,2.291
2012-05-04-15_53_07.020,15,0,16,0,2.196,-69.759,2.291
2012-05-04-15_53_07.020,15,1,16,0,-6.749,-69.794,2.091
2012-05-04-15_53_07.021,15,1,16,0,-6.832,-69.767,2.091
2012-05-04-15_53_07.021,15,1,16,0,-6.773,-69.708,2.091
2012-05-04-15_53_07.022,15,2,16,0,-15.699,-69.713,1.391
2012-05-04-15_53_07.022,15,2,16,0,-15.769,-69.689,1.391
2012-05-04-15_53_07.023,15,2,16,0,-15.750,-69.699,1.391
2012-05-04-15_53_07.023,15,3,16,0,-24.721,-69.795,1.791
2012-05-04-15_53_07.024,15,3,16,0,-24.693,-69.701,1.791
2012-05-04-15_53_07.024,15,3,16,0,-24.791,-69.771,1.791
2012-05-04-15_53_07.025,15,4,16,0,-33.717,-69.797,0.991
2012-05-04-15_53_07.025,15,4,16,0,-33.690,-69.703,0.991
2012-05-04-15_53_07.027,15,4,16,0,-33.788,-69.773,0.991
2012-05-04-15_53_07.027,15,5,16,0,-42.734,-69.788,1.391
2012-05-04-15_53_07.028,15,5,16,0,-42.685,-69.835,1.391
2012-05-04-15_53_07.028,15,5,16,0,-42.778,-69.803,1.491
2012-05-04-15_53_07.029,15,6,16,0,-51.763,-69.858,1.391
2012-05-04-15_53_07.029,15,6,16,0,-51.735,-69.763,1.491
2012-05-04-15_53_07.030,15,6,16,0,-51.833,-69.834,1.391
2012-05-04-15_53_07.030,15,7,16,0,-60.657,-69.794,2.091
2012-05-04-15_53_07.030,15,7,16,0,-60.728,-69.770,2.091
2012-05-04-15_53_07.031,15,7,16,0,-60.674,-69.714,2.091
2012-05-04-15_53_07.031,15,0,16,1,-2.198,-69.788,2.203
2012-05-04-15_53_07.032,15,0,16,1,-2.171,-69.687,2.303
2012-05-04-15_53_07.033,15,0,16,1,-2.274,-69.771,2.203
2012-05-04-15_53_07.033,15,1,16,1,-11.211,-69.794,2.003
2012-05-04-15_53_07.034,15,1,16,1,-11.345,-69.719,7.103
2012-05-04-15_53_07.034,15,1,16,1,-11.233,-69.708,2.003
2012-05-04-15_53_07.035,15,2,16,1,-20.163,-69.718,1.403
2012-05-04-15_53_07.035,15,2,16,1,-20.239,-69.701,1.403
2012-05-04-15_53_07.035,15,2,16,1,-20.246,-69.699,1.403
2012-05-04-15_53_07.036,15,3,16,1,-29.185,-69.801,1.503
2012-05-04-15_53_07.036,15,3,16,1,-29.158,-69.699,1.703
2012-05-04-15_53_07.037,15,3,16,1,-29.261,-69.783,1.503
2012-05-04-15_53_07.037,15,4,16,1,-38.182,-69.802,1.103
2012-05-04-15_53_07.038,15,4,16,1,-38.154,-69.701,1.003
2012-05-04-15_53_07.038,15,4,16,1,-38.257,-69.785,1.103
2012-05-04-15_53_07.039,15,5,16,1,-47.198,-69.787,1.503
2012-05-04-15_53_07.039,15,5,16,1,-47.288,-69.769,1.503
2012-05-04-15_53_07.040,15,5,16,1,-47.257,-69.792,1.503
2012-05-04-15_53_07.040,15,6,16,1,-56.227,-69.863,1.503
2012-05-04-15_53_07.040,15,6,16,1,-56.200,-69.762,1.303
2012-05-04-15_53_07.041,15,6,16,1,-56.303,-69.846,1.503
2012-05-04-15_53_07.041,15,7,16,1,-65.198,-69.782,2.103
2012-05-04-15_53_07.042,15,7,16,1,-65.205,-69.780,2.103
2012-05-04-15_53_07.042,15,7,16,1,-65.185,-69.680,2.103
2012-05-04-15_53_07.043,15,0,17,0,2.256,-74.280,2.215
2012-05-04-15_53_07.043,15,0,17,0,2.291,-74.189,2.315
2012-05-04-15_53_07.044,15,0,17,0,2.193,-74.259,2.315
2012-05-04-15_53_07.044,15,1,17,0,-6.747,-74.293,2.115
2012-05-04-15_53_07.045,15,1,17,0,-6.830,-74.272,2.115
2012-05-04-15_53_07.045,15,1,17,0,-6.771,-74.206,2.015
2012-05-04-15_53_07.046,15,2,17,0,-15.709,-74.210,1.315
2012-05-04-15_53_07.046,15,2,17,0,-15.772,-74.189,1.415
2012-05-04-15_53_07.046,15,2,17,0,-15.718,-74.137,1.415
2012-05-04-15_53_07.047,15,3,17,0,-24.731,-74.292,1.815
2012-05-04-15_53_07.047,15,3,17,0,-24.696,-74.201,1.815
2012-05-04-15_53_07.048,15,3,17,0,-24.794,-74.271,1.815
2012-05-04-15_53_07.048,15,4,17,0,-33.728,-74.294,1.115
2012-05-04-15_53_07.049,15,4,17,0,-33.693,-74.203,1.115
2012-05-04-15_53_07.049,15,4,17,0,-33.791,-74.273,1.115
2012-05-04-15_53_07.050,15,5,17,0,-42.736,-74.289,1.715
2012-05-04-15_53_07.051,15,5,17,0,-42.683,-74.340,1.415
2012-05-04-15_53_07.052,15,5,17,0,-42.781,-74.307,1.615
2012-05-04-15_53_07.052,15,6,17,0,-51.773,-74.355,1.515
2012-05-04-15_53_07.053,15,6,17,0,-51.738,-74.264,1.415
2012-05-04-15_53_07.053,15,6,17,0,-51.685,-74.315,1.515
2012-05-04-15_53_07.054,15,7,17,0,-60.668,-74.291,2.115
2012-05-04-15_53_07.054,15,7,17,0,-60.731,-74.270,2.115
2012-05-04-15_53_07.055,15,7,17,0,-60.677,-74.218,2.115
2012-05-04-15_53_07.055,15,0,17,1,-2.196,-74.286,2.224
2012-05-04-15_53_07.056,15,0,17,1,-2.169,-74.188,2.224
2012-05-04-15_53_07.056,15,0,17,1,-2.269,-74.268,2.224
2012-05-04-15_53_07.057,15,1,17,1,-11.212,-74.291,2.024
2012-05-04-15_53_07.057,15,1,17,1,-11.343,-74.220,2.024
2012-05-04-15_53_07.058,15,1,17,1,-11.236,-74.206,2.024
2012-05-04-15_53_07.059,15,2,17,1,-20.161,-74.216,1.424
2012-05-04-15_53_07.059,15,2,17,1,-20.234,-74.198,1.424
2012-05-04-15_53_07.060,15,2,17,1,-20.244,-74.196,1.324
2012-05-04-15_53_07.060,15,3,17,1,-29.183,-74.299,1.524
2012-05-04-15_53_07.061,15,3,17,1,-29.156,-74.200,1.524
2012-05-04-15_53_07.062,15,3,17,1,-29.256,-74.281,1.624
2012-05-04-15_53_07.063,15,4,17,1,-38.180,-74.300,1.024
2012-05-04-15_53_07.063,15,4,17,1,-38.152,-74.202,1.124
2012-05-04-15_53_07.064,15,4,17,1,-38.253,-74.282,1.124
2012-05-04-15_53_07.064,15,5,17,1,-47.196,-74.288,1.724
2012-05-04-15_53_07.065,15,5,17,1,-47.284,-74.266,1.624
2012-05-04-15_53_07.065,15,5,17,1,-47.252,-74.292,1.724
2012-05-04-15_53_07.066,15,6,17,1,-56.225,-74.361,1.624
2012-05-04-15_53_07.066,15,6,17,1,-56.198,-74.262,1.624
2012-05-04-15_53_07.067,15,6,17,1,-56.298,-74.343,1.624
2012-05-04-15_53_07.067,15,7,17,1,-65.193,-74.279,2.224
2012-05-04-15_53_07.068,15,7,17,1,-65.203,-74.277,2.224
2012-05-04-15_53_07.068,15,7,17,1,-65.180,-74.177,2.224
2012-05-04-15_53_07.068,15,0,18,0,2.268,-78.779,2.133
2012-05-04-15_53_07.069,15,0,18,0,2.293,-78.689,2.133
2012-05-04-15_53_07.069,15,0,18,0,2.190,-78.755,2.133
2012-05-04-15_53_07.070,15,1,18,0,-6.748,-78.788,2.033
2012-05-04-15_53_07.070,15,1,18,0,-6.831,-78.769,2.033
2012-05-04-15_53_07.071,15,1,18,0,-6.769,-78.703,1.933
2012-05-04-15_53_07.071,15,2,18,0,-15.697,-78.708,1.333
2012-05-04-15_53_07.072,15,2,18,0,-15.775,-78.685,1.433
2012-05-04-15_53_07.072,15,2,18,0,-15.721,-78.638,1.433
2012-05-04-15_53_07.073,15,3,18,0,-24.719,-78.791,1.833
2012-05-04-15_53_07.073,15,3,18,0,-24.694,-78.701,1.833
2012-05-04-15_53_07.074,15,3,18,0,-24.797,-78.768,1.833
2012-05-04-15_53_07.074,15,4,18,0,-33.716,-78.793,1.133
2012-05-04-15_53_07.075,15,4,18,0,-33.691,-78.703,1.133
2012-05-04-15_53_07.075,15,4,18,0,-33.794,-78.769,1.133
2012-05-04-15_53_07.076,15,5,18,0,-42.734,-78.788,1.833
2012-05-04-15_53_07.076,15,5,18,0,-42.683,-78.837,1.633
2012-05-04-15_53_07.077,15,5,18,0,-42.783,-78.808,1.933
2012-05-04-15_53_07.078,15,6,18,0,-51.761,-78.853,1.533
2012-05-04-15_53_07.078,15,6,18,0,-51.736,-78.763,1.633
2012-05-04-15_53_07.079,15,6,18,0,-51.839,-78.830,1.633
2012-05-04-15_53_07.079,15,7,18,0,-60.656,-78.789,2.333
2012-05-04-15_53_07.080,15,7,18,0,-60.734,-78.766,2.333
2012-05-04-15_53_07.080,15,7,18,0,-60.680,-78.719,2.333
2012-05-04-15_53_07.081,15,0,18,1,-2.194,-78.787,2.142
2012-05-04-15_53_07.081,15,0,18,1,-2.167,-78.688,2.142
2012-05-04-15_53_07.082,15,0,18,1,-2.270,-78.766,2.141
2012-05-04-15_53_07.082,15,1,18,1,-11.212,-78.788,1.942
2012-05-04-15_53_07.083,15,1,18,1,-11.341,-78.720,1.942
2012-05-04-15_53_07.083,15,1,18,1,-11.236,-78.703,1.941
2012-05-04-15_53_07.084,15,2,18,1,-20.159,-78.717,1.542
2012-05-04-15_53_07.084,15,2,18,1,-20.235,-78.696,1.441
2012-05-04-15_53_07.085,15,2,18,1,-20.244,-78.694,1.541
2012-05-04-15_53_07.085,15,3,18,1,-29.181,-78.800,1.542
2012-05-04-15_53_07.086,15,3,18,1,-29.154,-78.700,1.842
2012-05-04-15_53_07.086,15,3,18,1,-29.257,-78.778,1.741
2012-05-04-15_53_07.087,15,4,18,1,-38.178,-78.801,1.142
2012-05-04-15_53_07.087,15,4,18,1,-38.150,-78.702,1.142
2012-05-04-15_53_07.088,15,4,18,1,-38.253,-78.780,1.241
2012-05-04-15_53_07.088,15,5,18,1,-47.194,-78.788,1.742
2012-05-04-15_53_07.089,15,5,18,1,-47.284,-78.764,1.841
2012-05-04-15_53_07.089,15,5,18,1,-47.253,-78.794,1.841
2012-05-04-15_53_07.090,15,6,18,1,-56.223,-78.862,1.542
2012-05-04-15_53_07.091,15,6,18,1,-56.196,-78.763,1.642
2012-05-04-15_53_07.092,15,6,18,1,-56.299,-78.840,1.641
2012-05-04-15_53_07.093,15,7,18,1,-65.193,-78.777,2.341
2012-05-04-15_53_07.093,15,7,18,1,-65.203,-78.774,2.341
2012-05-04-15_53_07.094,15,7,18,1,-65.181,-78.675,2.341
2012-05-04-15_53_07.094,15,0,19,0,2.265,-83.282,2.153
2012-05-04-15_53_07.095,15,0,19,0,2.295,-83.195,2.153
2012-05-04-15_53_07.095,15,0,19,0,2.189,-83.254,2.153
2012-05-04-15_53_07.096,15,1,19,0,-6.748,-83.289,2.053
2012-05-04-15_53_07.096,15,1,19,0,-6.829,-83.268,2.053
2012-05-04-15_53_07.096,15,1,19,0,-6.767,-83.210,1.953
2012-05-04-15_53_07.097,15,2,19,0,-15.700,-83.212,1.453
2012-05-04-15_53_07.097,15,2,19,0,-15.775,-83.184,1.453
2012-05-04-15_53_07.098,15,2,19,0,-15.719,-83.141,1.453
2012-05-04-15_53_07.098,15,3,19,0,-24.722,-83.294,1.853
2012-05-04-15_53_07.099,15,3,19,0,-24.692,-83.208,1.853
2012-05-04-15_53_07.099,15,3,19,0,-24.798,-83.266,1.853
2012-05-04-15_53_07.100,15,4,19,0,-33.719,-83.296,1.153
2012-05-04-15_53_07.100,15,4,19,0,-33.689,-83.209,1.153
2012-05-04-15_53_07.101,15,4,19,0,-33.794,-83.268,1.153
2012-05-04-15_53_07.101,15,5,19,0,-42.732,-83.295,1.753
2012-05-04-15_53_07.102,15,5,19,0,-42.681,-83.336,1.553
2012-05-04-15_53_07.102,15,5,19,0,-42.781,-83.311,1.853
2012-05-04-15_53_07.103,15,6,19,0,-51.764,-83.356,1.553
2012-05-04-15_53_07.103,15,6,19,0,-51.734,-83.270,1.553
2012-05-04-15_53_07.104,15,6,19,0,-51.840,-83.329,1.553
2012-05-04-15_53_07.105,15,7,19,0,-60.659,-83.293,2.353
2012-05-04-15_53_07.106,15,7,19,0,-60.734,-83.265,2.353
2012-05-04-15_53_07.106,15,7,19,0,-60.678,-83.222,2.353
2012-05-04-15_53_07.107,15,0,19,1,-2.195,-83.293,2.165
2012-05-04-15_53_07.107,15,0,19,1,-2.170,-83.195,2.165
2012-05-04-15_53_07.108,15,0,19,1,-2.270,-83.267,2.165
2012-05-04-15_53_07.108,15,1,19,1,-11.213,-83.289,1.965
2012-05-04-15_53_07.109,15,1,19,1,-11.344,-83.227,1.965
2012-05-04-15_53_07.109,15,1,19,1,-11.237,-83.209,1.965
2012-05-04-15_53_07.110,15,2,19,1,-20.160,-83.223,1.465
2012-05-04-15_53_07.110,15,2,19,1,-20.235,-83.197,1.465
2012-05-04-15_53_07.111,15,2,19,1,-20.242,-83.195,1.465
2012-05-04-15_53_07.111,15,3,19,1,-29.182,-83.305,1.565
2012-05-04-15_53_07.112,15,3,19,1,-29.157,-83.207,1.865
2012-05-04-15_53_07.112,15,3,19,1,-29.257,-83.279,1.865
2012-05-04-15_53_07.113,15,4,19,1,-38.178,-83.307,1.165
2012-05-04-15_53_07.113,15,4,19,1,-38.153,-83.209,1.165
2012-05-04-15_53_07.114,15,4,19,1,-38.254,-83.281,1.165
2012-05-04-15_53_07.114,15,5,19,1,-47.197,-83.295,1.765
2012-05-04-15_53_07.115,15,5,19,1,-47.282,-83.268,1.765
2012-05-04-15_53_07.115,15,5,19,1,-47.251,-83.299,1.665
2012-05-04-15_53_07.116,15,6,19,1,-56.199,-83.269,1.565
2012-05-04-15_53_07.116,15,6,19,1,-56.299,-83.341,1.565
2012-05-04-15_53_07.117,15,6,19,1,-56.307,-83.340,1.565
2012-05-04-15_53_07.117,15,7,19,1,-65.194,-83.278,2.465
2012-05-04-15_53_07.117,15,7,19,1,-65.201,-83.276,2.365
2012-05-04-15_53_07.118,15,7,19,1,-65.179,-83.179,2.465
2012-05-04-15_53_07.119,15,0,20,0,2.267,-87.783,2.178
2012-05-04-15_53_07.119,15,0,20,0,2.297,-87.696,6.278
2012-05-04-15_53_07.119,15,0,20,0,2.187,-87.755,2.078
2012-05-04-15_53_07.120,15,1,20,0,-6.749,-87.793,1.978
2012-05-04-15_53_07.120,15,1,20,0,-6.829,-87.767,1.978
2012-05-04-15_53_07.121,15,1,20,0,-6.770,-87.715,1.978
2012-05-04-15_53_07.121,15,2,20,0,-15.698,-87.713,1.478
2012-05-04-15_53_07.122,15,2,20,0,-15.778,-87.685,1.478
2012-05-04-15_53_07.123,15,2,20,0,-15.719,-87.639,1.478
2012-05-04-15_53_07.123,15,3,20,0,-24.720,-87.795,1.878
2012-05-04-15_53_07.124,15,3,20,0,-24.690,-87.708,7.078
2012-05-04-15_53_07.125,15,3,20,0,-24.800,-87.767,1.878
2012-05-04-15_53_07.125,15,4,20,0,-33.717,-87.797,1.078
2012-05-04-15_53_07.126,15,4,20,0,-33.687,-87.710,5.178
2012-05-04-15_53_07.126,15,4,20,0,-33.797,-87.769,1.078
2012-05-04-15_53_07.127,15,5,20,0,-42.730,-87.796,8.578
2012-05-04-15_53_07.127,15,5,20,0,-42.682,-87.835,1.678
2012-05-04-15_53_07.128,15,5,20,0,-42.782,-87.809,1.778
2012-05-04-15_53_07.128,15,6,20,0,-51.762,-87.857,1.578
2012-05-04-15_53_07.129,15,6,20,0,-51.732,-87.770,5.678
2012-05-04-15_53_07.129,15,6,20,0,-51.684,-87.810,1.578
2012-05-04-15_53_07.129,15,7,20,0,-60.657,-87.794,2.378
2012-05-04-15_53_07.130,15,7,20,0,-60.737,-87.766,2.378
2012-05-04-15_53_07.130,15,7,20,0,-60.678,-87.720,2.378
2012-05-04-15_53_07.131,15,0,20,1,-2.193,-87.792,2.187
2012-05-04-15_53_07.131,15,0,20,1,-2.278,-87.771,2.087
2012-05-04-15_53_07.132,15,0,20,1,-2.217,-87.710,2.087
2012-05-04-15_53_07.132,15,1,20,1,-11.294,-87.768,12.887
2012-05-04-15_53_07.133,15,2,20,1,-20.158,-87.722,1.487
2012-05-04-15_53_07.133,15,2,20,1,-20.243,-87.701,1.487
2012-05-04-15_53_07.134,15,3,20,1,-29.180,-87.804,1.587
2012-05-04-15_53_07.134,15,3,20,1,-29.265,-87.784,1.787
2012-05-04-15_53_07.135,15,3,20,1,-29.204,-87.722,1.887
2012-05-04-15_53_07.135,15,4,20,1,-38.176,-87.806,1.187
2012-05-04-15_53_07.136,15,4,20,1,-38.262,-87.785,1.187
2012-05-04-15_53_07.136,15,4,20,1,-38.200,-87.724,1.187
2012-05-04-15_53_07.137,15,5,20,1,-47.244,-87.809,1.887
2012-05-04-15_53_07.137,15,6,20,1,-56.222,-87.866,1.587
2012-05-04-15_53_07.138,15,6,20,1,-56.307,-87.846,1.587
2012-05-04-15_53_07.138,15,6,20,1,-56.148,-87.810,1.687
2012-05-04-15_53_07.138,15,7,20,1,-65.202,-87.782,2.387
2012-05-04-15_53_07.139,15,7,20,1,-65.140,-87.720,2.187
2012-05-04-15_53_07.140,15,0,21,0,2.269,-92.283,2.096
2012-05-04-15_53_07.140,15,0,21,0,2.296,-92.190,2.096
2012-05-04-15_53_07.141,15,0,21,0,2.186,-92.258,2.096
2012-05-04-15_53_07.141,15,1,21,0,-6.752,-92.295,1.996
2012-05-04-15_53_07.142,15,1,21,0,-6.829,-92.269,1.996
2012-05-04-15_53_07.142,15,1,21,0,-6.773,-92.209,1.996
2012-05-04-15_53_07.143,15,2,21,0,-15.696,-92.213,1.396
2012-05-04-15_53_07.143,15,2,21,0,-15.779,-92.188,1.396
2012-05-04-15_53_07.144,15,2,21,0,-15.752,-92.198,1.396
2012-05-04-15_53_07.144,15,3,21,0,-24.718,-92.295,1.896
2012-05-04-15_53_07.145,15,3,21,0,-24.691,-92.202,1.896
2012-05-04-15_53_07.145,15,3,21,0,-24.801,-92.270,1.896
2012-05-04-15_53_07.146,15,4,21,0,-33.715,-92.297,1.096
2012-05-04-15_53_07.146,15,4,21,0,-33.687,-92.204,1.096
2012-05-04-15_53_07.146,15,4,21,0,-33.797,-92.272,1.096
2012-05-04-15_53_07.147,15,5,21,0,-42.731,-92.290,1.896
2012-05-04-15_53_07.147,15,5,21,0,-42.682,-92.337,1.696
2012-05-04-15_53_07.148,15,5,21,0,-42.780,-92.304,1.896
2012-05-04-15_53_07.148,15,6,21,0,-51.760,-92.358,1.596
2012-05-04-15_53_07.149,15,6,21,0,-51.733,-92.264,1.596
2012-05-04-15_53_07.149,15,6,21,0,-51.684,-92.311,1.596
2012-05-04-15_53_07.150,15,7,21,0,-60.655,-92.294,2.396
2012-05-04-15_53_07.150,15,7,21,0,-60.737,-92.269,2.396
2012-05-04-15_53_07.151,15,7,21,0,-60.676,-92.215,2.296
2012-05-04-15_53_07.151,15,0,21,1,-2.193,-92.290,2.105
2012-05-04-15_53_07.152,15,0,21,1,-2.168,-92.190,2.105
2012-05-04-15_53_07.152,15,0,21,1,-2.266,-92.270,2.105
2012-05-04-15_53_07.153,15,1,21,1,-11.214,-92.295,2.005
2012-05-04-15_53_07.153,15,1,21,1,-11.342,-92.221,2.105
2012-05-04-15_53_07.154,15,1,21,1,-11.235,-92.209,2.105
2012-05-04-15_53_07.154,15,2,21,1,-20.158,-92.220,1.505
2012-05-04-15_53_07.156,15,2,21,1,-20.231,-92.200,1.505
2012-05-04-15_53_07.157,15,2,21,1,-20.241,-92.199,1.505
2012-05-04-15_53_07.158,15,3,21,1,-29.180,-92.302,1.605
2012-05-04-15_53_07.158,15,3,21,1,-29.155,-92.202,1.805
2012-05-04-15_53_07.159,15,3,21,1,-29.253,-92.283,1.605
2012-05-04-15_53_07.159,15,4,21,1,-38.177,-92.304,1.205
2012-05-04-15_53_07.160,15,4,21,1,-38.152,-92.204,1.205
2012-05-04-15_53_07.160,15,4,21,1,-38.250,-92.284,1.105
2012-05-04-15_53_07.161,15,5,21,1,-47.195,-92.289,1.705
2012-05-04-15_53_07.161,15,5,21,1,-47.283,-92.270,1.705
2012-05-04-15_53_07.162,15,5,21,1,-47.251,-92.292,1.705
2012-05-04-15_53_07.162,15,6,21,1,-56.222,-92.364,1.605
2012-05-04-15_53_07.163,15,6,21,1,-56.197,-92.264,1.605
2012-05-04-15_53_07.163,15,6,21,1,-56.295,-92.345,1.605
2012-05-04-15_53_07.164,15,7,21,1,-65.190,-92.281,2.205
2012-05-04-15_53_07.164,15,7,21,1,-65.200,-92.280,2.105
2012-05-04-15_53_07.165,15,7,21,1,-65.179,-92.181,2.205
2012-05-04-15_53_07.165,15,0,22,0,2.259,-96.780,2.116
2012-05-04-15_53_07.165,15,0,22,0,2.298,-96.690,2.116
2012-05-04-15_53_07.166,15,0,22,0,2.188,-96.758,2.116
2012-05-04-15_53_07.166,15,1,22,0,-6.754,-96.794,2.016
2012-05-04-15_53_07.167,15,1,22,0,-6.830,-96.773,2.016
2012-05-04-15_53_07.167,15,1,22,0,-6.773,-96.707,2.016
2012-05-04-15_53_07.168,15,2,22,0,-15.706,-96.710,1.416
2012-05-04-15_53_07.168,15,2,22,0,-15.777,-96.688,1.316
2012-05-04-15_53_07.169,15,2,22,0,-15.715,-96.638,1.316
2012-05-04-15_53_07.169,15,3,22,0,-24.728,-96.792,1.816
2012-05-04-15_53_07.170,15,3,22,0,-24.688,-96.702,1.816
2012-05-04-15_53_07.170,15,3,22,0,-24.799,-96.770,1.916
2012-05-04-15_53_07.171,15,4,22,0,-33.725,-96.794,1.116
2012-05-04-15_53_07.171,15,4,22,0,-33.685,-96.704,1.116
2012-05-04-15_53_07.172,15,4,22,0,-33.795,-96.772,1.116
2012-05-04-15_53_07.172,15,5,22,0,-42.729,-96.790,1.816
2012-05-04-15_53_07.173,15,5,22,0,-42.683,-96.841,1.616
2012-05-04-15_53_07.173,15,5,22,0,-42.778,-96.808,1.816
2012-05-04-15_53_07.174,15,6,22,0,-51.770,-96.854,1.516
2012-05-04-15_53_07.174,15,6,22,0,-51.731,-96.765,1.616
2012-05-04-15_53_07.175,15,6,22,0,-51.685,-96.816,1.616
2012-05-04-15_53_07.175,15,7,22,0,-60.665,-96.790,2.316
2012-05-04-15_53_07.176,15,7,22,0,-60.735,-96.769,2.316
2012-05-04-15_53_07.176,15,7,22,0,-60.674,-96.719,2.316
2012-05-04-15_53_07.176,15,0,22,1,-2.194,-96.786,2.126
2012-05-04-15_53_07.177,15,0,22,1,-2.168,-96.690,2.125
2012-05-04-15_53_07.177,15,0,22,1,-2.264,-96.768,2.125
2012-05-04-15_53_07.178,15,1,22,1,-11.214,-96.793,2.025
2012-05-04-15_53_07.178,15,1,22,1,-11.343,-96.721,2.025
2012-05-04-15_53_07.179,15,1,22,1,-11.235,-96.706,2.025
2012-05-04-15_53_07.179,15,2,22,1,-20.158,-96.716,1.526
2012-05-04-15_53_07.180,15,2,22,1,-20.229,-96.698,1.525
2012-05-04-15_53_07.180,15,2,22,1,-20.236,-96.697,1.425
2012-05-04-15_53_07.181,15,3,22,1,-29.181,-96.799,1.626
2012-05-04-15_53_07.181,15,3,22,1,-29.155,-96.702,1.625
2012-05-04-15_53_07.182,15,3,22,1,-29.251,-96.780,1.625
2012-05-04-15_53_07.182,15,4,22,1,-38.177,-96.800,1.226
2012-05-04-15_53_07.183,15,4,22,1,-38.152,-96.704,1.125
2012-05-04-15_53_07.183,15,4,22,1,-38.248,-96.782,1.225
2012-05-04-15_53_07.184,15,5,22,1,-47.196,-96.790,1.725
2012-05-04-15_53_07.184,15,5,22,1,-47.281,-96.767,1.725
2012-05-04-15_53_07.185,15,5,22,1,-47.252,-96.792,1.725
2012-05-04-15_53_07.185,15,6,22,1,-56.223,-96.861,1.626
2012-05-04-15_53_07.186,15,6,22,1,-56.197,-96.764,1.625
2012-05-04-15_53_07.186,15,6,22,1,-56.293,-96.843,1.625
2012-05-04-15_53_07.187,15,7,22,1,-65.188,-96.779,2.125
2012-05-04-15_53_07.187,15,7,22,1,-65.195,-96.778,2.125
2012-05-04-15_53_07.188,15,7,22,1,-65.177,-96.678,2.125
2012-05-04-15_53_07.189,15,0,23,0,2.273,-101.278,2.140
2012-05-04-15_53_07.190,15,0,23,0,2.296,-101.189,2.040
2012-05-04-15_53_07.190,15,0,23,0,2.188,-101.254,2.040
2012-05-04-15_53_07.191,15,1,23,0,-6.755,-101.289,2.040
2012-05-04-15_53_07.191,15,1,23,0,-6.828,-101.269,1.940
2012-05-04-15_53_07.192,15,1,23,0,-6.774,-101.204,1.940
2012-05-04-15_53_07.192,15,2,23,0,-15.692,-101.208,1.340
2012-05-04-15_53_07.193,15,2,23,0,-15.777,-101.184,1.340
2012-05-04-15_53_07.193,15,2,23,0,-15.716,-101.138,1.340
2012-05-04-15_53_07.194,15,3,23,0,-24.714,-101.290,1.840
2012-05-04-15_53_07.194,15,3,23,0,-24.691,-101.202,1.740
2012-05-04-15_53_07.194,15,3,23,0,-24.799,-101.267,1.840
2012-05-04-15_53_07.195,15,4,23,0,-33.711,-101.292,1.040
2012-05-04-15_53_07.195,15,4,23,0,-33.688,-101.203,1.140
2012-05-04-15_53_07.196,15,4,23,0,-33.796,-101.268,1.040
2012-05-04-15_53_07.196,15,5,23,0,-42.732,-101.289,1.840
2012-05-04-15_53_07.197,15,5,23,0,-42.681,-101.337,1.640
2012-05-04-15_53_07.197,15,5,23,0,-42.778,-101.308,1.840
2012-05-04-15_53_07.198,15,6,23,0,-51.756,-101.353,1.540
2012-05-04-15_53_07.198,15,6,23,0,-51.733,-101.264,1.540
2012-05-04-15_53_07.199,15,6,23,0,-51.682,-101.312,1.540
2012-05-04-15_53_07.199,15,7,23,0,-60.651,-101.289,2.240
2012-05-04-15_53_07.200,15,7,23,0,-60.736,-101.265,2.240
2012-05-04-15_53_07.200,15,7,23,0,-60.675,-101.219,2.240
2012-05-04-15_53_07.201,15,0,23,1,-2.182,-101.276,2.140
2012-05-04-15_53_07.201,15,0,23,1,-2.164,-101.189,2.140
2012-05-04-15_53_07.202,15,0,23,1,-2.262,-101.265,2.140
2012-05-04-15_53_07.202,15,1,23,1,-11.207,-101.288,2.040
2012-05-04-15_53_07.203,15,1,23,1,-11.338,-101.221,2.040
2012-05-04-15_53_07.203,15,1,23,1,-11.236,-101.204,2.040
2012-05-04-15_53_07.204,15,2,23,1,-20.147,-101.206,1.440
2012-05-04-15_53_07.204,15,2,23,1,-20.227,-101.195,1.440
2012-05-04-15_53_07.205,15,2,23,1,-20.237,-101.193,1.440
2012-05-04-15_53_07.205,15,3,23,1,-29.169,-101.289,1.640
2012-05-04-15_53_07.206,15,3,23,1,-29.151,-101.201,1.740
2012-05-04-15_53_07.206,15,3,23,1,-29.249,-101.277,1.640
2012-05-04-15_53_07.207,15,4,23,1,-38.165,-101.290,1.140
2012-05-04-15_53_07.208,15,4,23,1,-38.148,-101.203,1.140
2012-05-04-15_53_07.209,15,4,23,1,-38.246,-101.279,1.140
2012-05-04-15_53_07.209,15,5,23,1,-47.191,-101.289,1.640
2012-05-04-15_53_07.210,15,5,23,1,-47.279,-101.265,1.640
2012-05-04-15_53_07.210,15,5,23,1,-47.250,-101.293,1.640
2012-05-04-15_53_07.211,15,6,23,1,-56.211,-101.351,1.540
2012-05-04-15_53_07.211,15,6,23,1,-56.193,-101.264,1.640
2012-05-04-15_53_07.212,15,6,23,1,-56.291,-101.340,1.540
2012-05-04-15_53_07.212,15,7,23,1,-65.186,-101.276,2.140
2012-05-04-15_53_07.213,15,7,23,1,-65.196,-101.274,2.140
2012-05-04-15_53_07.213,15,7,23,1,-65.175,-101.176,2.140
