2012-05-05-21_41_39.757,245,0,0,0,2.259,2.220,3.396
2012-05-05-21_41_39.758,245,1,0,0,-6.747,2.205,2.896
2012-05-05-21_41_39.758,245,2,0,0,-15.738,2.300,2.496
2012-05-05-21_41_39.759,245,3,0,0,-24.792,2.205,2.796
2012-05-05-21_41_39.760,245,4,0,0,-33.779,2.230,1.996
2012-05-05-21_41_39.760,245,5,0,0,-42.794,2.167,2.696
2012-05-05-21_41_39.761,245,6,0,0,-51.793,2.164,2.596
2012-05-05-21_41_39.762,245,7,0,0,-60.715,2.246,3.296
2012-05-05-21_41_39.763,245,0,0,1,-2.186,2.213,3.696
2012-05-05-21_41_39.764,245,1,0,1,-11.204,2.205,3.096
2012-05-05-21_41_39.765,245,2,0,1,-20.183,2.293,2.696
2012-05-05-21_41_39.766,245,3,0,1,-29.237,2.198,2.696
2012-05-05-21_41_39.767,245,4,0,1,-38.224,2.223,2.296
2012-05-05-21_41_39.769,245,5,0,1,-47.239,2.161,2.596
2012-05-05-21_41_39.770,245,6,0,1,-56.238,2.157,2.696
2012-05-05-21_41_39.771,245,7,0,1,-65.160,2.239,3.496
2012-05-05-21_41_39.773,245,0,1,0,2.271,-2.280,3.612
2012-05-05-21_41_39.775,245,1,1,0,-6.745,-2.290,3.112
2012-05-05-21_41_39.776,245,2,1,0,-15.726,-2.200,2.512
2012-05-05-21_41_39.777,245,3,1,0,-24.781,-2.295,2.912
2012-05-05-21_41_39.778,245,4,1,0,-33.768,-2.270,2.112
2012-05-05-21_41_39.781,245,5,1,0,-42.782,-2.332,2.712
2012-05-05-21_41_39.782,245,6,1,0,-51.781,-2.336,2.712
2012-05-05-21_41_39.783,245,7,1,0,-60.703,-2.254,3.312
2012-05-05-21_41_39.784,245,0,1,1,-2.188,-2.289,3.719
2012-05-05-21_41_39.785,245,1,1,1,-11.204,-2.290,3.119
2012-05-05-21_41_39.786,245,2,1,1,-20.186,-2.209,2.619
2012-05-05-21_41_39.786,245,3,1,1,-29.240,-2.304,2.619
2012-05-05-21_41_39.787,245,4,1,1,-38.227,-2.279,2.019
2012-05-05-21_41_39.788,245,5,1,1,-47.242,-2.342,2.619
2012-05-05-21_41_39.789,245,6,1,1,-56.241,-2.345,2.719
2012-05-05-21_41_39.789,245,7,1,1,-65.163,-2.263,3.319
2012-05-05-21_41_39.790,245,0,2,0,2.271,-6.784,3.628
2012-05-05-21_41_39.790,245,1,2,0,-6.745,-6.787,3.228
2012-05-05-21_41_39.791,245,2,2,0,-15.726,-6.704,2.628
2012-05-05-21_41_39.792,245,3,2,0,-24.781,-6.799,2.928
2012-05-05-21_41_39.792,245,4,2,0,-33.768,-6.774,2.228
2012-05-05-21_41_39.793,245,5,2,0,-42.783,-6.836,2.928
2012-05-05-21_41_39.794,245,6,2,0,-51.781,-6.840,2.728
2012-05-05-21_41_39.795,245,7,2,0,-60.703,-6.758,3.628
2012-05-05-21_41_39.796,245,0,2,1,-2.189,-6.792,3.637
2012-05-05-21_41_39.797,245,1,2,1,-11.202,-6.787,3.137
2012-05-05-21_41_39.798,245,2,2,1,-20.186,-6.712,2.637
2012-05-05-21_41_39.799,245,3,2,1,-29.241,-6.808,2.837
2012-05-05-21_41_39.800,245,4,2,1,-38.228,-6.783,2.337
2012-05-05-21_41_39.801,245,5,2,1,-47.242,-6.845,2.737
2012-05-05-21_41_39.802,245,6,2,1,-56.241,-6.848,2.737
2012-05-05-21_41_39.803,245,7,2,1,-65.163,-6.766,3.437
2012-05-05-21_41_39.804,245,0,3,0,2.270,-11.282,3.647
2012-05-05-21_41_39.805,245,1,3,0,-6.741,-11.286,3.147
2012-05-05-21_41_39.807,245,2,3,0,-15.727,-11.202,2.647
2012-05-05-21_41_39.808,245,3,3,0,-24.781,-11.297,2.947
2012-05-05-21_41_39.809,245,4,3,0,-33.769,-11.272,2.347
2012-05-05-21_41_39.810,245,5,3,0,-42.783,-11.335,2.847
2012-05-05-21_41_39.811,245,6,3,0,-51.782,-11.338,2.747
2012-05-05-21_41_39.812,245,7,3,0,-60.704,-11.256,3.347
2012-05-05-21_41_39.813,245,0,3,1,-2.187,-11.288,3.659
2012-05-05-21_41_39.814,245,1,3,1,-11.200,-11.286,3.159
2012-05-05-21_41_39.815,245,2,3,1,-20.184,-11.208,2.659
2012-05-05-21_41_39.816,245,3,3,1,-29.239,-11.303,2.959
2012-05-05-21_41_39.817,245,4,3,1,-38.226,-11.278,2.359
2012-05-05-21_41_39.818,245,5,3,1,-47.240,-11.341,2.659
2012-05-05-21_41_39.820,245,6,3,1,-56.239,-11.344,2.759
2012-05-05-21_41_39.821,245,7,3,1,-65.161,-11.262,3.359
2012-05-05-21_41_39.822,245,0,4,0,2.270,-15.782,3.572
2012-05-05-21_41_39.823,245,1,4,0,-6.741,-15.793,3.172
2012-05-05-21_41_39.824,245,2,4,0,-15.727,-15.702,2.672
2012-05-05-21_41_39.825,245,3,4,0,-24.782,-15.797,2.972
2012-05-05-21_41_39.828,245,4,4,0,-33.769,-15.772,1.972
2012-05-05-21_41_39.829,245,5,4,0,-42.784,-15.834,2.672
2012-05-05-21_41_39.830,245,6,4,0,-51.782,-15.838,2.672
2012-05-05-21_41_39.831,245,7,4,0,-60.704,-15.756,3.472
2012-05-05-21_41_39.832,245,0,4,1,-2.187,-15.789,3.683
2012-05-05-21_41_39.833,245,1,4,1,-11.203,-15.794,3.182
2012-05-05-21_41_39.834,245,2,4,1,-20.184,-15.708,2.683
2012-05-05-21_41_39.835,245,3,4,1,-29.239,-15.804,2.883
2012-05-05-21_41_39.837,245,4,4,1,-38.226,-15.779,2.083
2012-05-05-21_41_39.837,245,5,4,1,-47.241,-15.841,2.583
2012-05-05-21_41_39.839,245,6,4,1,-56.239,-15.845,2.683
2012-05-05-21_41_39.841,245,7,4,1,-65.161,-15.762,3.383
2012-05-05-21_41_39.842,245,0,5,0,2.270,-20.280,3.691
2012-05-05-21_41_39.843,245,1,5,0,-6.741,-20.297,3.191
2012-05-05-21_41_39.844,245,2,5,0,-15.728,-20.199,2.691
2012-05-05-21_41_39.845,245,3,5,0,-24.782,-20.295,2.891
2012-05-05-21_41_39.846,245,4,5,0,-33.769,-20.270,2.191
2012-05-05-21_41_39.847,245,5,5,0,-42.784,-20.332,2.691
2012-05-05-21_41_39.848,245,6,5,0,-51.783,-20.336,2.691
2012-05-05-21_41_39.849,245,7,5,0,-60.705,-20.253,3.291
2012-05-05-21_41_39.850,245,0,5,1,-2.185,-20.288,3.700
2012-05-05-21_41_39.851,245,1,5,1,-11.206,-20.296,3.200
2012-05-05-21_41_39.852,245,2,5,1,-20.182,-20.208,2.600
2012-05-05-21_41_39.853,245,3,5,1,-29.237,-20.303,2.900
2012-05-05-21_41_39.854,245,4,5,1,-38.224,-20.278,2.100
2012-05-05-21_41_39.855,245,5,5,1,-47.239,-20.340,2.600
2012-05-05-21_41_39.856,245,6,5,1,-56.237,-20.344,2.800
2012-05-05-21_41_39.859,245,7,5,1,-65.159,-20.262,3.500
2012-05-05-21_41_39.860,245,0,6,0,2.269,-24.780,3.610
2012-05-05-21_41_39.861,245,1,6,0,-6.737,-24.791,3.210
2012-05-05-21_41_39.862,245,2,6,0,-15.728,-24.700,2.610
2012-05-05-21_41_39.863,245,3,6,0,-24.783,-24.795,3.010
2012-05-05-21_41_39.864,245,4,6,0,-33.770,-24.770,2.010
2012-05-05-21_41_39.865,245,5,6,0,-42.784,-24.832,2.710
2012-05-05-21_41_39.866,245,6,6,0,-51.783,-24.836,2.710
2012-05-05-21_41_39.866,245,7,6,0,-60.705,-24.754,3.610
2012-05-05-21_41_39.867,245,0,6,1,-2.183,-24.789,3.722
2012-05-05-21_41_39.868,245,1,6,1,-11.209,-24.790,3.222
2012-05-05-21_41_39.869,245,2,6,1,-20.180,-24.709,2.722
2012-05-05-21_41_39.870,245,3,6,1,-29.235,-24.804,3.022
2012-05-05-21_41_39.871,245,4,6,1,-38.222,-24.779,2.122
2012-05-05-21_41_39.872,245,5,6,1,-47.237,-24.841,2.722
2012-05-05-21_41_39.873,245,6,6,1,-56.235,-24.845,2.822
2012-05-05-21_41_39.875,245,7,6,1,-65.157,-24.763,3.522
2012-05-05-21_41_39.876,245,0,7,0,2.269,-29.284,3.635
2012-05-05-21_41_39.877,245,1,7,0,-6.740,-29.287,3.135
2012-05-05-21_41_39.877,245,2,7,0,-15.728,-29.204,2.735
2012-05-05-21_41_39.878,245,3,7,0,-24.783,-29.299,3.035
2012-05-05-21_41_39.879,245,4,7,0,-33.770,-29.274,2.435
2012-05-05-21_41_39.881,245,5,7,0,-42.785,-29.337,2.735
2012-05-05-21_41_39.881,245,6,7,0,-51.784,-29.340,2.835
2012-05-05-21_41_39.883,245,7,7,0,-60.705,-29.258,3.535
2012-05-05-21_41_39.884,245,0,7,1,-2.184,-29.291,3.745
2012-05-05-21_41_39.885,245,1,7,1,-11.212,-29.287,3.245
2012-05-05-21_41_39.886,245,2,7,1,-20.181,-29.210,2.745
2012-05-05-21_41_39.889,245,3,7,1,-29.235,-29.306,2.945
2012-05-05-21_41_39.890,245,4,7,1,-38.223,-29.281,2.345
2012-05-05-21_41_39.891,245,5,7,1,-47.237,-29.343,2.845
2012-05-05-21_41_39.893,245,6,7,1,-56.236,-29.347,2.845
2012-05-05-21_41_39.894,245,7,7,1,-65.158,-29.264,3.545
2012-05-05-21_41_39.895,245,0,8,0,2.273,-33.782,3.753
2012-05-05-21_41_39.897,245,1,8,0,-6.743,-33.785,3.354
2012-05-05-21_41_39.899,245,2,8,0,-15.724,-33.702,2.653
2012-05-05-21_41_39.900,245,3,8,0,-24.779,-33.797,2.953
2012-05-05-21_41_39.900,245,4,8,0,-33.766,-33.772,2.453
2012-05-05-21_41_39.901,245,5,8,0,-42.780,-33.834,2.753
2012-05-05-21_41_39.902,245,6,8,0,-51.779,-33.838,2.853
2012-05-05-21_41_39.903,245,7,8,0,-60.701,-33.756,3.553
2012-05-05-21_41_39.904,245,0,8,1,-2.184,-33.787,3.763
2012-05-05-21_41_39.904,245,1,8,1,-11.214,-33.785,3.262
2012-05-05-21_41_39.905,245,2,8,1,-20.181,-33.707,2.763
2012-05-05-21_41_39.906,245,3,8,1,-29.236,-33.803,3.063
2012-05-05-21_41_39.907,245,4,8,1,-38.223,-33.778,2.463
2012-05-05-21_41_39.908,245,5,8,1,-47.238,-33.840,2.763
2012-05-05-21_41_39.908,245,6,8,1,-56.236,-33.843,2.863
2012-05-05-21_41_39.909,245,7,8,1,-65.158,-33.761,3.563
2012-05-05-21_41_39.911,245,0,9,0,2.275,-38.282,3.772
2012-05-05-21_41_39.914,245,1,9,0,-6.746,-38.293,3.272
2012-05-05-21_41_39.915,245,2,9,0,-15.722,-38.201,2.772
2012-05-05-21_41_39.916,245,3,9,0,-24.777,-38.297,3.072
2012-05-05-21_41_39.917,245,4,9,0,-33.764,-38.272,2.272
2012-05-05-21_41_39.918,245,5,9,0,-42.778,-38.334,2.772
2012-05-05-21_41_39.918,245,6,9,0,-51.777,-38.338,2.772
2012-05-05-21_41_39.919,245,7,9,0,-60.699,-38.255,3.472
2012-05-05-21_41_39.920,245,0,9,1,-2.187,-38.288,3.685
2012-05-05-21_41_39.921,245,1,9,1,-11.213,-38.292,3.085
2012-05-05-21_41_39.922,245,2,9,1,-20.184,-38.208,2.785
2012-05-05-21_41_39.923,245,3,9,1,-29.239,-38.303,2.885
2012-05-05-21_41_39.924,245,4,9,1,-38.226,-38.278,2.185
2012-05-05-21_41_39.925,245,5,9,1,-47.240,-38.340,2.785
2012-05-05-21_41_39.926,245,6,9,1,-56.239,-38.344,2.885
2012-05-05-21_41_39.926,245,7,9,1,-65.161,-38.262,3.585
2012-05-05-21_41_39.927,245,0,10,0,2.275,-42.780,3.698
2012-05-05-21_41_39.928,245,1,10,0,-6.748,-42.796,3.298
2012-05-05-21_41_39.930,245,2,10,0,-15.722,-42.700,2.798
2012-05-05-21_41_39.930,245,3,10,0,-24.777,-42.795,2.998
2012-05-05-21_41_39.932,245,4,10,0,-33.764,-42.770,2.198
2012-05-05-21_41_39.933,245,5,10,0,-42.779,-42.832,2.798
2012-05-05-21_41_39.934,245,6,10,0,-51.777,-42.836,2.898
2012-05-05-21_41_39.935,245,7,10,0,-60.699,-42.754,3.498
2012-05-05-21_41_39.936,245,0,10,1,-2.187,-42.787,3.808
2012-05-05-21_41_39.937,245,1,10,1,-11.213,-42.795,3.308
2012-05-05-21_41_39.939,245,2,10,1,-20.184,-42.707,2.708
2012-05-05-21_41_39.940,245,3,10,1,-29.239,-42.803,3.108
2012-05-05-21_41_39.941,245,4,10,1,-38.226,-42.777,2.408
2012-05-05-21_41_39.943,245,5,10,1,-47.241,-42.840,2.908
2012-05-05-21_41_39.944,245,6,10,1,-56.240,-42.843,2.908
2012-05-05-21_41_39.945,245,7,10,1,-65.162,-42.761,3.508
2012-05-05-21_41_39.946,245,0,11,0,2.277,-47.279,3.717
2012-05-05-21_41_39.947,245,1,11,0,-6.749,-47.291,3.317
2012-05-05-21_41_39.948,245,2,11,0,-15.720,-47.199,2.717
2012-05-05-21_41_39.949,245,3,11,0,-24.775,-47.295,3.117
2012-05-05-21_41_39.952,245,4,11,0,-33.762,-47.270,2.417
2012-05-05-21_41_39.953,245,5,11,0,-42.777,-47.332,2.817
2012-05-05-21_41_39.954,245,6,11,0,-51.775,-47.336,2.917
2012-05-05-21_41_39.956,245,7,11,0,-60.697,-47.253,3.517
2012-05-05-21_41_39.957,245,0,11,1,-2.190,-47.289,3.826
2012-05-05-21_41_39.968,245,1,11,1,-11.213,-47.290,3.326
2012-05-05-21_41_39.969,245,2,11,1,-20.187,-47.209,2.826
2012-05-05-21_41_39.970,245,3,11,1,-29.242,-47.304,2.826
2012-05-05-21_41_39.971,245,4,11,1,-38.229,-47.279,2.526
2012-05-05-21_41_39.972,245,5,11,1,-47.244,-47.342,2.826
2012-05-05-21_41_39.973,245,6,11,1,-56.242,-47.345,2.926
2012-05-05-21_41_39.974,245,7,11,1,-65.164,-47.263,3.626
2012-05-05-21_41_39.974,245,0,12,0,2.276,-51.785,3.636
2012-05-05-21_41_39.975,245,1,12,0,-6.752,-51.788,3.336
2012-05-05-21_41_39.975,245,2,12,0,-15.721,-51.705,2.836
2012-05-05-21_41_39.976,245,3,12,0,-24.776,-51.800,3.036
2012-05-05-21_41_39.977,245,4,12,0,-33.763,-51.775,2.236
2012-05-05-21_41_39.977,245,5,12,0,-42.777,-51.837,2.836
2012-05-05-21_41_39.978,245,6,12,0,-51.776,-51.841,2.936
2012-05-05-21_41_39.979,245,7,12,0,-60.698,-51.759,3.536
2012-05-05-21_41_39.979,245,0,12,1,-2.191,-51.792,3.849
2012-05-05-21_41_39.980,245,1,12,1,-11.211,-51.788,3.449
2012-05-05-21_41_39.981,245,2,12,1,-20.188,-51.712,2.849
2012-05-05-21_41_39.981,245,3,12,1,-29.242,-51.807,3.049
2012-05-05-21_41_39.982,245,4,12,1,-38.230,-51.782,2.449
2012-05-05-21_41_39.982,245,5,12,1,-47.244,-51.844,2.849
2012-05-05-21_41_39.983,245,6,12,1,-56.243,-51.848,3.049
2012-05-05-21_41_39.984,245,7,12,1,-65.165,-51.766,3.649
2012-05-05-21_41_39.984,245,0,13,0,2.276,-56.282,3.762
2012-05-05-21_41_39.985,245,1,13,0,-6.752,-56.285,3.362
2012-05-05-21_41_39.986,245,2,13,0,-15.721,-56.202,2.862
2012-05-05-21_41_39.987,245,3,13,0,-24.776,-56.298,3.062
2012-05-05-21_41_39.988,245,4,13,0,-33.763,-56.273,2.262
2012-05-05-21_41_39.988,245,5,13,0,-42.778,-56.335,2.862
2012-05-05-21_41_39.989,245,6,13,0,-51.776,-56.339,2.862
2012-05-05-21_41_39.989,245,7,13,0,-60.698,-56.256,3.562
2012-05-05-21_41_39.990,245,0,13,1,-2.194,-56.288,3.871
2012-05-05-21_41_39.991,245,1,13,1,-11.209,-56.286,3.371
2012-05-05-21_41_39.991,245,2,13,1,-20.191,-56.208,2.771
2012-05-05-21_41_39.992,245,3,13,1,-29.245,-56.303,2.871
2012-05-05-21_41_39.992,245,4,13,1,-38.232,-56.278,2.371
2012-05-05-21_41_39.993,245,5,13,1,-47.247,-56.340,2.871
2012-05-05-21_41_39.993,245,6,13,1,-56.246,-56.344,2.871
2012-05-05-21_41_39.994,245,7,13,1,-65.168,-56.262,3.671
2012-05-05-21_41_39.994,245,0,14,0,2.278,-60.783,3.779
2012-05-05-21_41_39.995,245,1,14,0,-6.750,-60.793,3.279
2012-05-05-21_41_39.996,245,2,14,0,-15.719,-60.702,2.779
2012-05-05-21_41_39.996,245,3,14,0,-24.774,-60.798,3.079
2012-05-05-21_41_39.997,245,4,14,0,-33.761,-60.773,2.579
2012-05-05-21_41_39.998,245,5,14,0,-42.776,-60.835,2.879
2012-05-05-21_41_39.998,245,6,14,0,-51.774,-60.839,2.979
2012-05-05-21_41_39.999,245,7,14,0,-60.696,-60.756,3.779
2012-05-05-21_41_40.000,245,0,14,1,-2.194,-60.788,3.888
2012-05-05-21_41_40.000,245,1,14,1,-11.210,-60.793,3.388
2012-05-05-21_41_40.001,245,2,14,1,-20.191,-60.708,2.888
2012-05-05-21_41_40.001,245,3,14,1,-29.246,-60.804,2.888
2012-05-05-21_41_40.002,245,4,14,1,-38.233,-60.779,2.588
2012-05-05-21_41_40.003,245,5,14,1,-47.247,-60.841,2.888
2012-05-05-21_41_40.003,245,6,14,1,-56.246,-60.844,2.988
2012-05-05-21_41_40.004,245,7,14,1,-65.168,-60.762,3.688
2012-05-05-21_41_40.004,245,0,15,0,2.273,-65.281,3.897
2012-05-05-21_41_40.005,245,1,15,0,-6.751,-65.296,3.397
2012-05-05-21_41_40.005,245,2,15,0,-15.725,-65.200,2.797
2012-05-05-21_41_40.006,245,3,15,0,-24.779,-65.296,3.097
2012-05-05-21_41_40.006,245,4,15,0,-33.766,-65.271,2.497
2012-05-05-21_41_40.007,245,5,15,0,-42.781,-65.333,2.797
2012-05-05-21_41_40.009,245,6,15,0,-51.780,-65.337,2.897
2012-05-05-21_41_40.009,245,7,15,0,-60.702,-65.254,3.497
2012-05-05-21_41_40.010,245,0,15,1,-2.194,-65.288,3.910
2012-05-05-21_41_40.010,245,1,15,1,-11.208,-65.296,3.410
2012-05-05-21_41_40.011,245,2,15,1,-20.191,-65.207,2.810
2012-05-05-21_41_40.012,245,3,15,1,-29.246,-65.303,2.910
2012-05-05-21_41_40.012,245,4,15,1,-38.233,-65.278,2.410
2012-05-05-21_41_40.013,245,5,15,1,-47.248,-65.340,2.910
2012-05-05-21_41_40.013,245,6,15,1,-56.247,-65.344,2.910
2012-05-05-21_41_40.014,245,7,15,1,-65.168,-65.261,3.610
2012-05-05-21_41_40.015,245,0,16,0,2.270,-69.779,3.922
2012-05-05-21_41_40.015,245,1,16,0,-6.751,-69.790,3.422
2012-05-05-21_41_40.016,245,2,16,0,-15.727,-69.699,2.822
2012-05-05-21_41_40.017,245,3,16,0,-24.782,-69.795,3.122
2012-05-05-21_41_40.018,245,4,16,0,-33.769,-69.770,2.322
2012-05-05-21_41_40.018,245,5,16,0,-42.784,-69.832,2.922
2012-05-05-21_41_40.019,245,6,16,0,-51.782,-69.836,2.922
2012-05-05-21_41_40.020,245,7,16,0,-60.704,-69.753,3.722
2012-05-05-21_41_40.020,245,0,16,1,-2.197,-69.789,3.834
2012-05-05-21_41_40.021,245,1,16,1,-11.208,-69.789,3.434
2012-05-05-21_41_40.021,245,2,16,1,-20.194,-69.709,2.834
2012-05-05-21_41_40.022,245,3,16,1,-29.249,-69.804,2.934
2012-05-05-21_41_40.022,245,4,16,1,-38.236,-69.779,2.534
2012-05-05-21_41_40.023,245,5,16,1,-47.251,-69.841,2.734
2012-05-05-21_41_40.024,245,6,16,1,-56.249,-69.845,2.934
2012-05-05-21_41_40.024,245,7,16,1,-65.171,-69.763,3.634
2012-05-05-21_41_40.025,245,0,17,0,2.267,-74.284,3.942
2012-05-05-21_41_40.025,245,1,17,0,-6.749,-74.287,3.442
2012-05-05-21_41_40.026,245,2,17,0,-15.730,-74.204,2.942
2012-05-05-21_41_40.026,245,3,17,0,-24.785,-74.299,3.042
2012-05-05-21_41_40.027,245,4,17,0,-33.772,-74.274,2.342
2012-05-05-21_41_40.028,245,5,17,0,-42.787,-74.336,2.942
2012-05-05-21_41_40.028,245,6,17,0,-51.785,-74.340,2.942
2012-05-05-21_41_40.029,245,7,17,0,-60.707,-74.258,3.642
2012-05-05-21_41_40.029,245,0,17,1,-2.193,-74.291,3.852
2012-05-05-21_41_40.031,245,1,17,1,-11.209,-74.287,3.451
2012-05-05-21_41_40.032,245,2,17,1,-20.190,-74.211,2.752
2012-05-05-21_41_40.033,245,3,17,1,-29.245,-74.306,2.952
2012-05-05-21_41_40.034,245,4,17,1,-38.232,-74.281,2.252
2012-05-05-21_41_40.034,245,5,17,1,-47.246,-74.344,2.852
2012-05-05-21_41_40.035,245,6,17,1,-56.245,-74.347,2.952
2012-05-05-21_41_40.035,245,7,17,1,-65.167,-74.265,3.652
2012-05-05-21_41_40.036,245,0,18,0,2.266,-78.782,3.862
2012-05-05-21_41_40.036,245,1,18,0,-6.747,-78.785,3.462
2012-05-05-21_41_40.037,245,2,18,0,-15.731,-78.702,2.862
2012-05-05-21_41_40.038,245,3,18,0,-24.785,-78.797,3.162
2012-05-05-21_41_40.038,245,4,18,0,-33.772,-78.772,2.462
2012-05-05-21_41_40.039,245,5,18,0,-42.787,-78.835,2.862
2012-05-05-21_41_40.039,245,6,18,0,-51.786,-78.838,2.962
2012-05-05-21_41_40.040,245,7,18,0,-60.708,-78.756,3.762
2012-05-05-21_41_40.040,245,0,18,1,-2.193,-78.788,3.875
2012-05-05-21_41_40.041,245,1,18,1,-11.214,-78.785,3.475
2012-05-05-21_41_40.041,245,2,18,1,-20.190,-78.708,2.875
2012-05-05-21_41_40.042,245,3,18,1,-29.245,-78.803,3.175
2012-05-05-21_41_40.043,245,4,18,1,-38.232,-78.778,2.275
2012-05-05-21_41_40.043,245,5,18,1,-47.247,-78.841,2.975
2012-05-05-21_41_40.044,245,6,18,1,-56.245,-78.844,2.975
2012-05-05-21_41_40.044,245,7,18,1,-65.167,-78.762,3.775
2012-05-05-21_41_40.045,245,0,19,0,2.264,-83.282,3.886
2012-05-05-21_41_40.045,245,1,19,0,-6.747,-83.292,3.486
2012-05-05-21_41_40.046,245,2,19,0,-15.734,-83.201,2.886
2012-05-05-21_41_40.048,245,3,19,0,-24.788,-83.297,3.186
2012-05-05-21_41_40.049,245,4,19,0,-33.775,-83.272,2.186
2012-05-05-21_41_40.049,245,5,19,0,-42.790,-83.334,2.986
2012-05-05-21_41_40.050,245,6,19,0,-51.789,-83.338,2.986
2012-05-05-21_41_40.051,245,7,19,0,-60.711,-83.255,3.586
2012-05-05-21_41_40.051,245,0,19,1,-2.194,-83.288,3.897
2012-05-05-21_41_40.052,245,1,19,1,-11.214,-83.292,3.397
2012-05-05-21_41_40.053,245,2,19,1,-20.191,-83.208,2.897
2012-05-05-21_41_40.053,245,3,19,1,-29.245,-83.303,2.997
2012-05-05-21_41_40.054,245,4,19,1,-38.233,-83.278,2.597
2012-05-05-21_41_40.055,245,5,19,1,-47.247,-83.341,2.997
2012-05-05-21_41_40.055,245,6,19,1,-56.246,-83.344,2.997
2012-05-05-21_41_40.056,245,7,19,1,-65.168,-83.262,3.797
2012-05-05-21_41_40.056,245,0,20,0,2.266,-87.781,3.905
2012-05-05-21_41_40.057,245,1,20,0,-6.748,-87.795,3.405
2012-05-05-21_41_40.057,245,2,20,0,-15.732,-87.700,2.905
2012-05-05-21_41_40.058,245,3,20,0,-24.786,-87.796,3.205
2012-05-05-21_41_40.059,245,4,20,0,-33.773,-87.771,2.505
2012-05-05-21_41_40.059,245,5,20,0,-42.788,-87.833,2.905
2012-05-05-21_41_40.060,245,6,20,0,-51.787,-87.837,3.005
2012-05-05-21_41_40.060,245,7,20,0,-60.709,-87.754,3.805
2012-05-05-21_41_40.061,245,0,20,1,-2.192,-87.788,4.014
2012-05-05-21_41_40.061,245,1,20,1,-11.212,-87.795,3.414
2012-05-05-21_41_40.062,245,2,20,1,-20.189,-87.707,2.914
2012-05-05-21_41_40.063,245,3,20,1,-29.243,-87.803,3.214
2012-05-05-21_41_40.064,245,4,20,1,-38.230,-87.778,2.614
2012-05-05-21_41_40.064,245,5,20,1,-47.245,-87.840,2.914
2012-05-05-21_41_40.065,245,6,20,1,-56.244,-87.844,3.014
2012-05-05-21_41_40.065,245,7,20,1,-65.166,-87.761,3.814
2012-05-05-21_41_40.066,245,0,21,0,2.268,-92.279,4.024
2012-05-05-21_41_40.066,245,1,21,0,-6.748,-92.291,3.524
2012-05-05-21_41_40.067,245,2,21,0,-15.729,-92.199,2.924
2012-05-05-21_41_40.068,245,3,21,0,-24.784,-92.294,3.224
2012-05-05-21_41_40.068,245,4,21,0,-33.771,-92.269,2.524
2012-05-05-21_41_40.069,245,5,21,0,-42.786,-92.332,2.924
2012-05-05-21_41_40.069,245,6,21,0,-51.785,-92.335,3.024
2012-05-05-21_41_40.070,245,7,21,0,-60.706,-92.253,3.624
2012-05-05-21_41_40.070,245,0,21,1,-2.192,-92.289,4.037
2012-05-05-21_41_40.071,245,1,21,1,-11.213,-92.290,3.437
2012-05-05-21_41_40.072,245,2,21,1,-20.189,-92.209,2.937
2012-05-05-21_41_40.072,245,3,21,1,-29.244,-92.305,2.937
2012-05-05-21_41_40.073,245,4,21,1,-38.231,-92.280,2.437
2012-05-05-21_41_40.074,245,5,21,1,-47.246,-92.342,3.037
2012-05-05-21_41_40.074,245,6,21,1,-56.244,-92.346,3.037
2012-05-05-21_41_40.075,245,7,21,1,-65.166,-92.263,3.737
2012-05-05-21_41_40.075,245,0,22,0,2.270,-96.783,3.950
2012-05-05-21_41_40.076,245,1,22,0,-6.751,-96.789,3.550
2012-05-05-21_41_40.077,245,2,22,0,-15.728,-96.703,3.050
2012-05-05-21_41_40.077,245,3,22,0,-24.782,-96.799,3.250
2012-05-05-21_41_40.078,245,4,22,0,-33.769,-96.774,2.550
2012-05-05-21_41_40.078,245,5,22,0,-42.784,-96.836,2.950
2012-05-05-21_41_40.079,245,6,22,0,-51.783,-96.840,3.050
2012-05-05-21_41_40.080,245,7,22,0,-60.705,-96.757,3.750
2012-05-05-21_41_40.080,245,0,22,1,-2.192,-96.792,4.058
2012-05-05-21_41_40.081,245,1,22,1,-11.213,-96.789,3.558
2012-05-05-21_41_40.081,245,2,22,1,-20.190,-96.712,2.958
2012-05-05-21_41_40.082,245,3,22,1,-29.244,-96.808,3.058
2012-05-05-21_41_40.083,245,4,22,1,-38.231,-96.783,2.658
2012-05-05-21_41_40.083,245,5,22,1,-47.246,-96.845,2.958
2012-05-05-21_41_40.084,245,6,22,1,-56.245,-96.848,3.058
2012-05-05-21_41_40.084,245,7,22,1,-65.167,-96.766,3.758
2012-05-05-21_41_40.086,245,0,23,0,2.267,-101.281,4.068
2012-05-05-21_41_40.087,245,1,23,0,-6.754,-101.286,3.568
2012-05-05-21_41_40.087,245,2,23,0,-15.730,-101.201,2.868
2012-05-05-21_41_40.088,245,3,23,0,-24.785,-101.297,3.368
2012-05-05-21_41_40.088,245,4,23,0,-33.772,-101.272,2.668
2012-05-05-21_41_40.089,245,5,23,0,-42.787,-101.334,2.968
2012-05-05-21_41_40.089,245,6,23,0,-51.785,-101.338,2.868
2012-05-05-21_41_40.090,245,7,23,0,-60.707,-101.255,3.568
2012-05-05-21_41_40.091,245,0,23,1,-2.190,-101.280,3.968
2012-05-05-21_41_40.091,245,1,23,1,-11.214,-101.286,3.568
2012-05-05-21_41_40.092,245,2,23,1,-20.188,-101.200,2.968
2012-05-05-21_41_40.092,245,3,23,1,-29.242,-101.296,3.068
2012-05-05-21_41_40.093,245,4,23,1,-38.229,-101.271,2.568
2012-05-05-21_41_40.093,245,5,23,1,-47.244,-101.333,3.068
2012-05-05-21_41_40.095,245,6,23,1,-56.243,-101.336,3.068
2012-05-05-21_41_40.096,245,7,23,1,-65.165,-101.254,3.768
