2012-05-05-08_00_18.582,276,0,0,0,2.256,2.217,1.564
2012-05-05-08_00_18.584,276,0,0,0,2.293,2.304,1.564
2012-05-05-08_00_18.628,276,0,0,0,2.193,2.247,1.464
2012-05-05-08_00_18.630,276,1,0,0,-6.755,2.206,2.064
2012-05-05-08_00_18.631,276,1,0,0,-6.828,2.232,2.064
2012-05-05-08_00_18.633,276,1,0,0,-6.774,2.285,2.064
2012-05-05-08_00_18.634,276,2,0,0,-15.709,2.287,1.764
2012-05-05-08_00_18.634,276,2,0,0,-15.772,2.317,1.664
2012-05-05-08_00_18.635,276,2,0,0,-15.716,2.360,1.764
2012-05-05-08_00_18.636,276,3,0,0,-24.731,2.204,2.564
2012-05-05-08_00_18.636,276,3,0,0,-24.694,2.292,2.564
2012-05-05-08_00_18.637,276,3,0,0,-24.794,2.234,2.564
2012-05-05-08_00_18.637,276,4,0,0,-33.728,2.203,1.564
2012-05-05-08_00_18.638,276,4,0,0,-33.690,2.290,1.564
2012-05-05-08_00_18.638,276,4,0,0,-33.791,2.233,1.564
2012-05-05-08_00_18.639,276,5,0,0,-42.734,2.204,1.864
2012-05-05-08_00_18.639,276,5,0,0,-42.681,2.164,1.864
2012-05-05-08_00_18.640,276,5,0,0,-42.778,2.190,1.864
2012-05-05-08_00_18.640,276,6,0,0,-51.773,2.142,1.364
2012-05-05-08_00_18.641,276,6,0,0,-51.736,2.229,1.264
2012-05-05-08_00_18.642,276,6,0,0,-51.836,2.172,1.164
2012-05-05-08_00_18.642,276,7,0,0,-60.668,2.206,3.264
2012-05-05-08_00_18.643,276,7,0,0,-60.822,2.207,9.664
2012-05-05-08_00_18.643,276,7,0,0,-60.675,2.279,3.164
2012-05-05-08_00_18.644,276,0,0,1,-2.189,2.209,2.165
2012-05-05-08_00_18.644,276,0,0,1,-2.164,2.304,2.065
2012-05-05-08_00_18.646,276,0,0,1,-2.257,2.232,2.165
2012-05-05-08_00_18.646,276,1,0,1,-11.205,2.207,2.265
2012-05-05-08_00_18.647,276,1,0,1,-11.339,2.272,2.265
2012-05-05-08_00_18.647,276,1,0,1,-11.226,2.285,2.265
2012-05-05-08_00_18.648,276,2,0,1,-20.154,2.279,1.765
2012-05-05-08_00_18.649,276,2,0,1,-20.222,2.302,1.765
2012-05-05-08_00_18.650,276,2,0,1,-20.227,2.303,1.765
2012-05-05-08_00_18.650,276,3,0,1,-29.176,2.197,2.865
2012-05-05-08_00_18.651,276,3,0,1,-29.151,2.292,2.865
2012-05-05-08_00_18.651,276,3,0,1,-29.244,2.220,2.865
2012-05-05-08_00_18.652,276,4,0,1,-38.173,2.195,2.465
2012-05-05-08_00_18.653,276,4,0,1,-38.148,2.290,2.465
2012-05-05-08_00_18.653,276,4,0,1,-38.241,2.218,2.365
2012-05-05-08_00_18.654,276,5,0,1,-47.191,2.204,0.965
2012-05-05-08_00_18.655,276,5,0,1,-47.272,2.225,0.965
2012-05-05-08_00_18.656,276,5,0,1,-47.245,2.203,0.965
2012-05-05-08_00_18.656,276,6,0,1,-56.218,2.135,1.965
2012-05-05-08_00_18.658,276,6,0,1,-56.193,2.230,2.065
2012-05-05-08_00_18.659,276,6,0,1,-56.286,2.158,1.965
2012-05-05-08_00_18.660,276,7,0,1,-65.181,2.221,1.765
2012-05-05-08_00_18.660,276,7,0,1,-65.186,2.222,1.765
2012-05-05-08_00_18.661,276,7,0,1,-65.168,2.314,1.765
2012-05-05-08_00_18.662,276,0,1,0,2.270,-2.283,1.778
2012-05-05-08_00_18.662,276,0,1,0,2.295,-2.190,1.778
2012-05-05-08_00_18.663,276,0,1,0,2.195,-2.258,1.778
2012-05-05-08_00_18.664,276,1,1,0,-6.750,-2.295,1.478
2012-05-05-08_00_18.665,276,1,1,0,-6.831,-2.268,1.478
2012-05-05-08_00_18.665,276,1,1,0,-6.772,-2.209,1.578
2012-05-05-08_00_18.666,276,2,1,0,-15.695,-2.213,1.078
2012-05-05-08_00_18.666,276,2,1,0,-15.770,-2.188,0.978
2012-05-05-08_00_18.667,276,2,1,0,-15.746,-2.197,0.978
2012-05-05-08_00_18.668,276,3,1,0,-24.717,-2.295,1.178
2012-05-05-08_00_18.669,276,3,1,0,-24.692,-2.202,1.178
2012-05-05-08_00_18.670,276,3,1,0,-24.792,-2.270,1.178
2012-05-05-08_00_18.670,276,4,1,0,-33.713,-2.297,0.478
2012-05-05-08_00_18.671,276,4,1,0,-33.688,-2.204,0.478
2012-05-05-08_00_18.672,276,4,1,0,-33.789,-2.272,0.378
2012-05-05-08_00_18.673,276,5,1,0,-42.732,-2.289,1.178
2012-05-05-08_00_18.674,276,5,1,0,-42.684,-2.336,1.178
2012-05-05-08_00_18.674,276,5,1,0,-42.779,-2.304,1.178
2012-05-05-08_00_18.675,276,6,1,0,-51.759,-2.358,0.778
2012-05-05-08_00_18.676,276,6,1,0,-51.734,-2.264,0.778
2012-05-05-08_00_18.677,276,6,1,0,-51.834,-2.333,0.778
2012-05-05-08_00_18.678,276,7,1,0,-60.654,-2.294,1.578
2012-05-05-08_00_18.679,276,7,1,0,-60.729,-2.269,1.578
2012-05-05-08_00_18.679,276,7,1,0,-60.675,-2.215,1.578
2012-05-05-08_00_18.680,276,0,1,1,-2.190,-2.289,1.088
2012-05-05-08_00_18.681,276,0,1,1,-2.164,-2.190,1.088
2012-05-05-08_00_18.682,276,0,1,1,-2.260,-2.270,1.088
2012-05-05-08_00_18.683,276,1,1,1,-11.200,-2.295,1.188
2012-05-05-08_00_18.684,276,1,1,1,-11.339,-2.221,1.188
2012-05-05-08_00_18.684,276,1,1,1,-11.227,-2.209,1.188
2012-05-05-08_00_18.685,276,2,1,1,-20.154,-2.219,0.688
2012-05-05-08_00_18.686,276,2,1,1,-20.225,-2.200,0.688
2012-05-05-08_00_18.687,276,2,1,1,-20.232,-2.200,0.688
2012-05-05-08_00_18.687,276,3,1,1,-29.177,-2.301,0.988
2012-05-05-08_00_18.688,276,3,1,1,-29.151,-2.202,0.988
2012-05-05-08_00_18.689,276,3,1,1,-29.247,-2.283,0.988
2012-05-05-08_00_18.690,276,4,1,1,-38.173,-2.303,0.688
2012-05-05-08_00_18.690,276,4,1,1,-38.148,-2.204,0.688
2012-05-05-08_00_18.691,276,4,1,1,-38.244,-2.284,0.688
2012-05-05-08_00_18.692,276,5,1,1,-47.192,-2.289,1.088
2012-05-05-08_00_18.692,276,5,1,1,-47.275,-2.269,0.988
2012-05-05-08_00_18.693,276,5,1,1,-47.248,-2.292,0.988
2012-05-05-08_00_18.694,276,6,1,1,-56.219,-2.363,0.888
2012-05-05-08_00_18.695,276,6,1,1,-56.193,-2.264,0.988
2012-05-05-08_00_18.695,276,6,1,1,-56.289,-2.345,0.988
2012-05-05-08_00_18.696,276,7,1,1,-65.184,-2.281,1.688
2012-05-05-08_00_18.697,276,7,1,1,-65.191,-2.281,1.688
2012-05-05-08_00_18.698,276,7,1,1,-65.171,-2.180,1.788
2012-05-05-08_00_18.699,276,0,2,0,2.260,-6.781,1.802
2012-05-05-08_00_18.699,276,0,2,0,2.295,-6.690,1.802
2012-05-05-08_00_18.700,276,0,2,0,2.197,-6.758,1.802
2012-05-05-08_00_18.701,276,1,2,0,-6.748,-6.793,1.702
2012-05-05-08_00_18.702,276,1,2,0,-6.829,-6.773,1.702
2012-05-05-08_00_18.703,276,1,2,0,-6.770,-6.706,1.702
2012-05-05-08_00_18.703,276,2,2,0,-15.705,-6.710,0.902
2012-05-05-08_00_18.704,276,2,2,0,-15.768,-6.688,0.902
2012-05-05-08_00_18.705,276,2,2,0,-15.712,-6.638,0.902
2012-05-05-08_00_18.718,276,3,2,0,-24.727,-6.793,1.402
2012-05-05-08_00_18.719,276,3,2,0,-24.692,-6.702,1.502
2012-05-05-08_00_18.719,276,3,2,0,-24.790,-6.770,1.402
2012-05-05-08_00_18.720,276,4,2,0,-33.724,-6.795,0.702
2012-05-05-08_00_18.721,276,4,2,0,-33.689,-6.704,0.702
2012-05-05-08_00_18.722,276,4,2,0,-33.787,-6.772,0.702
2012-05-05-08_00_18.722,276,5,2,0,-42.733,-6.790,1.002
2012-05-05-08_00_18.723,276,5,2,0,-42.682,-6.841,1.002
2012-05-05-08_00_18.723,276,5,2,0,-42.774,-6.808,1.002
2012-05-05-08_00_18.724,276,6,2,0,-51.769,-6.855,1.002
2012-05-05-08_00_18.725,276,6,2,0,-51.734,-6.764,1.102
2012-05-05-08_00_18.725,276,6,2,0,-51.832,-6.833,1.002
2012-05-05-08_00_18.726,276,7,2,0,-60.664,-6.791,1.702
2012-05-05-08_00_18.726,276,7,2,0,-60.727,-6.769,1.602
2012-05-05-08_00_18.726,276,7,2,0,-60.671,-6.718,1.602
2012-05-05-08_00_18.727,276,0,2,1,-2.190,-6.786,1.810
2012-05-05-08_00_18.727,276,0,2,1,-2.162,-6.689,1.710
2012-05-05-08_00_18.728,276,0,2,1,-2.263,-6.768,1.710
2012-05-05-08_00_18.728,276,1,2,1,-11.203,-6.793,1.610
2012-05-05-08_00_18.729,276,1,2,1,-11.337,-6.721,1.610
2012-05-05-08_00_18.729,276,1,2,1,-11.227,-6.706,1.610
2012-05-05-08_00_18.730,276,2,2,1,-20.155,-6.716,0.910
2012-05-05-08_00_18.730,276,2,2,1,-20.228,-6.698,1.010
2012-05-05-08_00_18.731,276,2,2,1,-20.233,-6.697,0.910
2012-05-05-08_00_18.731,276,3,2,1,-29.177,-6.798,1.110
2012-05-05-08_00_18.732,276,3,2,1,-29.149,-6.701,1.110
2012-05-05-08_00_18.732,276,3,2,1,-29.250,-6.781,1.110
2012-05-05-08_00_18.732,276,4,2,1,-38.173,-6.800,0.710
2012-05-05-08_00_18.733,276,4,2,1,-38.146,-6.703,0.710
2012-05-05-08_00_18.734,276,4,2,1,-38.247,-6.782,0.710
2012-05-05-08_00_18.734,276,5,2,1,-47.190,-6.789,1.010
2012-05-05-08_00_18.735,276,5,2,1,-47.277,-6.767,0.910
2012-05-05-08_00_18.735,276,5,2,1,-47.248,-6.792,1.010
2012-05-05-08_00_18.735,276,6,2,1,-56.219,-6.861,1.010
2012-05-05-08_00_18.736,276,6,2,1,-56.191,-6.764,1.110
2012-05-05-08_00_18.736,276,6,2,1,-56.292,-6.843,1.110
2012-05-05-08_00_18.737,276,7,2,1,-65.187,-6.779,1.710
2012-05-05-08_00_18.737,276,7,2,1,-65.192,-6.778,1.710
2012-05-05-08_00_18.738,276,7,2,1,-65.174,-6.678,1.810
2012-05-05-08_00_18.739,276,0,3,0,2.269,-11.279,1.920
2012-05-05-08_00_18.740,276,0,3,0,2.294,-11.191,1.920
2012-05-05-08_00_18.740,276,0,3,0,2.196,-11.254,1.920
2012-05-05-08_00_18.741,276,1,3,0,-6.746,-11.290,1.720
2012-05-05-08_00_18.741,276,1,3,0,-6.829,-11.271,1.720
2012-05-05-08_00_18.742,276,1,3,0,-6.768,-11.206,1.820
2012-05-05-08_00_18.742,276,2,3,0,-15.696,-11.208,1.020
2012-05-05-08_00_18.743,276,2,3,0,-15.769,-11.184,1.020
2012-05-05-08_00_18.743,276,2,3,0,-15.715,-11.140,1.020
2012-05-05-08_00_18.744,276,3,3,0,-24.718,-11.291,1.420
2012-05-05-08_00_18.744,276,3,3,0,-24.693,-11.203,1.520
2012-05-05-08_00_18.744,276,3,3,0,-24.791,-11.266,1.520
2012-05-05-08_00_18.745,276,4,3,0,-33.714,-11.293,0.720
2012-05-05-08_00_18.745,276,4,3,0,-33.689,-11.205,0.720
2012-05-05-08_00_18.746,276,4,3,0,-33.787,-11.268,0.720
2012-05-05-08_00_18.746,276,5,3,0,-42.733,-11.291,1.020
2012-05-05-08_00_18.747,276,5,3,0,-42.682,-11.339,1.020
2012-05-05-08_00_18.748,276,5,3,0,-42.777,-11.310,1.020
2012-05-05-08_00_18.748,276,6,3,0,-51.760,-11.353,1.020
2012-05-05-08_00_18.749,276,6,3,0,-51.735,-11.266,1.020
2012-05-05-08_00_18.749,276,6,3,0,-51.833,-11.329,1.020
2012-05-05-08_00_18.750,276,7,3,0,-60.654,-11.289,1.820
2012-05-05-08_00_18.750,276,7,3,0,-60.727,-11.265,1.820
2012-05-05-08_00_18.751,276,7,3,0,-60.673,-11.221,1.720
2012-05-05-08_00_18.752,276,0,3,1,-2.186,-11.288,1.928
2012-05-05-08_00_18.752,276,0,3,1,-2.163,-11.191,2.027
2012-05-05-08_00_18.753,276,0,3,1,-2.263,-11.265,1.927
2012-05-05-08_00_18.753,276,1,3,1,-11.204,-11.289,1.728
2012-05-05-08_00_18.754,276,1,3,1,-11.337,-11.222,1.727
2012-05-05-08_00_18.754,276,1,3,1,-11.225,-11.205,1.727
2012-05-05-08_00_18.755,276,2,3,1,-20.150,-11.218,0.928
2012-05-05-08_00_18.755,276,2,3,1,-20.228,-11.195,1.027
2012-05-05-08_00_18.756,276,2,3,1,-20.236,-11.194,1.027
2012-05-05-08_00_18.756,276,3,3,1,-29.172,-11.300,1.128
2012-05-05-08_00_18.757,276,3,3,1,-29.150,-11.203,1.127
2012-05-05-08_00_18.757,276,3,3,1,-29.250,-11.277,1.127
2012-05-05-08_00_18.758,276,4,3,1,-38.169,-11.302,0.728
2012-05-05-08_00_18.758,276,4,3,1,-38.146,-11.205,0.727
2012-05-05-08_00_18.759,276,4,3,1,-38.247,-11.279,0.727
2012-05-05-08_00_18.759,276,5,3,1,-47.190,-11.291,1.027
2012-05-05-08_00_18.760,276,5,3,1,-47.278,-11.266,1.027
2012-05-05-08_00_18.760,276,5,3,1,-47.249,-11.292,1.027
2012-05-05-08_00_18.761,276,6,3,1,-56.215,-11.362,1.028
2012-05-05-08_00_18.761,276,6,3,1,-56.192,-11.265,1.127
2012-05-05-08_00_18.762,276,6,3,1,-56.292,-11.339,1.127
2012-05-05-08_00_18.762,276,7,3,1,-65.187,-11.276,1.827
2012-05-05-08_00_18.763,276,7,3,1,-65.194,-11.274,1.727
2012-05-05-08_00_18.763,276,7,3,1,-65.174,-11.177,1.827
2012-05-05-08_00_18.763,276,0,4,0,2.269,-15.782,2.039
2012-05-05-08_00_18.764,276,0,4,0,2.294,-15.697,1.939
2012-05-05-08_00_18.764,276,0,4,0,2.191,-15.753,1.939
2012-05-05-08_00_18.765,276,1,4,0,-6.742,-15.791,1.739
2012-05-05-08_00_18.765,276,1,4,0,-6.827,-15.769,1.739
2012-05-05-08_00_18.766,276,1,4,0,-6.766,-15.712,1.839
2012-05-05-08_00_18.766,276,2,4,0,-15.696,-15.712,1.139
2012-05-05-08_00_18.767,276,2,4,0,-15.774,-15.683,1.039
2012-05-05-08_00_18.767,276,2,4,0,-15.718,-15.642,1.039
2012-05-05-08_00_18.768,276,3,4,0,-24.718,-15.794,1.539
2012-05-05-08_00_18.768,276,3,4,0,-24.693,-15.709,1.539
2012-05-05-08_00_18.769,276,3,4,0,-24.796,-15.765,1.539
2012-05-05-08_00_18.769,276,4,4,0,-33.715,-15.796,0.739
2012-05-05-08_00_18.770,276,4,4,0,-33.690,-15.711,0.739
2012-05-05-08_00_18.770,276,4,4,0,-33.793,-15.767,0.739
2012-05-05-08_00_18.770,276,5,4,0,-42.733,-15.796,1.039
2012-05-05-08_00_18.771,276,5,4,0,-42.680,-15.837,1.039
2012-05-05-08_00_18.771,276,5,4,0,-42.780,-15.812,1.039
2012-05-05-08_00_18.772,276,6,4,0,-51.760,-15.856,1.039
2012-05-05-08_00_18.772,276,6,4,0,-51.735,-15.771,1.039
2012-05-05-08_00_18.773,276,6,4,0,-51.838,-15.828,1.039
2012-05-05-08_00_18.774,276,7,4,0,-60.655,-15.793,1.839
2012-05-05-08_00_18.774,276,7,4,0,-60.733,-15.764,1.839
2012-05-05-08_00_18.775,276,7,4,0,-60.676,-15.723,1.839
2012-05-05-08_00_18.775,276,0,4,1,-2.184,-15.793,1.950
2012-05-05-08_00_18.776,276,0,4,1,-2.158,-15.697,1.950
2012-05-05-08_00_18.776,276,0,4,1,-2.264,-15.765,1.950
2012-05-05-08_00_18.776,276,1,4,1,-11.204,-15.791,1.650
2012-05-05-08_00_18.777,276,1,4,1,-11.333,-15.728,1.750
2012-05-05-08_00_18.777,276,1,4,1,-11.228,-15.711,1.750
2012-05-05-08_00_18.778,276,2,4,1,-20.148,-15.723,1.050
2012-05-05-08_00_18.778,276,2,4,1,-20.229,-15.695,1.050
2012-05-05-08_00_18.779,276,2,4,1,-20.234,-15.694,1.150
2012-05-05-08_00_18.779,276,3,4,1,-29.171,-15.805,1.150
2012-05-05-08_00_18.780,276,3,4,1,-29.145,-15.709,1.250
2012-05-05-08_00_18.780,276,3,4,1,-29.251,-15.777,1.250
2012-05-05-08_00_18.781,276,4,4,1,-38.167,-15.807,0.750
2012-05-05-08_00_18.781,276,4,4,1,-38.142,-15.711,0.850
2012-05-05-08_00_18.782,276,4,4,1,-38.247,-15.779,0.750
2012-05-05-08_00_18.783,276,5,4,1,-47.186,-15.796,1.150
2012-05-05-08_00_18.784,276,5,4,1,-47.276,-15.771,1.150
2012-05-05-08_00_18.784,276,5,4,1,-47.247,-15.798,1.050
2012-05-05-08_00_18.785,276,6,4,1,-56.187,-15.771,1.050
2012-05-05-08_00_18.785,276,6,4,1,-56.293,-15.840,1.050
2012-05-05-08_00_18.786,276,6,4,1,-56.298,-15.839,1.150
2012-05-05-08_00_18.786,276,7,4,1,-65.188,-15.776,1.850
2012-05-05-08_00_18.787,276,7,4,1,-65.192,-15.775,1.850
2012-05-05-08_00_18.787,276,7,4,1,-65.172,-15.682,1.850
2012-05-05-08_00_18.788,276,0,5,0,2.266,-20.282,1.964
2012-05-05-08_00_18.788,276,0,5,0,2.296,-20.197,4.264
2012-05-05-08_00_18.789,276,0,5,0,2.188,-20.253,1.964
2012-05-05-08_00_18.789,276,1,5,0,-6.742,-20.294,1.764
2012-05-05-08_00_18.789,276,1,5,0,-6.828,-20.269,1.764
2012-05-05-08_00_18.791,276,1,5,0,-6.764,-20.216,1.764
2012-05-05-08_00_18.792,276,2,5,0,-15.699,-20.212,1.064
2012-05-05-08_00_18.792,276,2,5,0,-15.777,-20.183,1.064
2012-05-05-08_00_18.793,276,2,5,0,-15.718,-20.141,1.064
2012-05-05-08_00_18.794,276,3,5,0,-24.721,-20.295,1.564
2012-05-05-08_00_18.794,276,3,5,0,-24.691,-20.209,1.464
2012-05-05-08_00_18.795,276,3,5,0,-24.799,-20.266,1.564
2012-05-05-08_00_18.795,276,4,5,0,-33.718,-20.296,0.864
2012-05-05-08_00_18.796,276,4,5,0,-33.688,-20.211,0.864
2012-05-05-08_00_18.796,276,4,5,0,-33.795,-20.267,0.764
2012-05-05-08_00_18.797,276,5,5,0,-42.731,-20.297,2.664
2012-05-05-08_00_18.797,276,5,5,0,-42.680,-20.337,1.064
2012-05-05-08_00_18.798,276,5,5,0,-42.780,-20.311,0.964
2012-05-05-08_00_18.798,276,6,5,0,-51.763,-20.357,1.064
2012-05-05-08_00_18.799,276,6,5,0,-51.733,-20.272,1.164
2012-05-05-08_00_18.799,276,6,5,0,-51.841,-20.328,1.064
2012-05-05-08_00_18.799,276,7,5,0,-60.658,-20.293,1.964
2012-05-05-08_00_18.800,276,7,5,0,-60.736,-20.264,1.864
2012-05-05-08_00_18.800,276,7,5,0,-60.677,-20.222,1.864
2012-05-05-08_00_18.801,276,0,5,1,-2.184,-20.291,1.972
2012-05-05-08_00_18.801,276,0,5,1,-2.159,-20.197,1.972
2012-05-05-08_00_18.802,276,0,5,1,-2.259,-20.268,1.972
2012-05-05-08_00_18.802,276,1,5,1,-11.207,-20.294,1.772
2012-05-05-08_00_18.803,276,1,5,1,-11.333,-20.229,1.772
2012-05-05-08_00_18.803,276,1,5,1,-11.228,-20.216,1.772
2012-05-05-08_00_18.804,276,2,5,1,-20.149,-20.221,1.072
2012-05-05-08_00_18.804,276,2,5,1,-20.224,-20.197,1.072
2012-05-05-08_00_18.805,276,2,5,1,-20.232,-20.197,1.072
2012-05-05-08_00_18.805,276,3,5,1,-29.171,-20.303,1.172
2012-05-05-08_00_18.806,276,3,5,1,-29.146,-20.209,1.172
2012-05-05-08_00_18.806,276,3,5,1,-29.246,-20.280,1.272
2012-05-05-08_00_18.806,276,4,5,1,-38.167,-20.305,0.872
2012-05-05-08_00_18.807,276,4,5,1,-38.142,-20.211,0.872
2012-05-05-08_00_18.807,276,4,5,1,-38.243,-20.282,0.872
2012-05-05-08_00_18.808,276,5,5,1,-47.186,-20.297,1.072
2012-05-05-08_00_18.808,276,5,5,1,-47.276,-20.275,1.072
2012-05-05-08_00_18.809,276,5,5,1,-47.245,-20.297,1.072
2012-05-05-08_00_18.809,276,6,5,1,-56.188,-20.271,1.172
2012-05-05-08_00_18.810,276,6,5,1,-56.288,-20.342,1.172
2012-05-05-08_00_18.810,276,6,5,1,-56.296,-20.342,1.172
2012-05-05-08_00_18.811,276,7,5,1,-65.183,-20.278,1.872
2012-05-05-08_00_18.812,276,7,5,1,-65.190,-20.278,1.872
2012-05-05-08_00_18.812,276,7,5,1,-65.173,-20.186,1.872
2012-05-05-08_00_18.813,276,0,6,0,2.270,-24.783,1.781
2012-05-05-08_00_18.813,276,0,6,0,2.298,-24.691,1.781
2012-05-05-08_00_18.813,276,0,6,0,2.190,-24.756,1.781
2012-05-05-08_00_18.814,276,1,6,0,-6.745,-24.796,1.581
2012-05-05-08_00_18.814,276,1,6,0,-6.823,-24.770,1.581
2012-05-05-08_00_18.815,276,1,6,0,-6.762,-24.710,1.581
2012-05-05-08_00_18.816,276,2,6,0,-15.695,-24.713,1.081
2012-05-05-08_00_18.817,276,2,6,0,-15.775,-24.686,0.981
2012-05-05-08_00_18.817,276,2,6,0,-15.716,-24.635,0.981
2012-05-05-08_00_18.818,276,3,6,0,-24.717,-24.795,1.481
2012-05-05-08_00_18.818,276,3,6,0,-24.689,-24.703,1.481
2012-05-05-08_00_18.819,276,3,6,0,-24.797,-24.768,1.481
2012-05-05-08_00_18.819,276,4,6,0,-33.713,-24.797,0.881
2012-05-05-08_00_18.820,276,4,6,0,-33.686,-24.705,0.881
2012-05-05-08_00_18.820,276,4,6,0,-33.793,-24.770,0.881
2012-05-05-08_00_18.821,276,5,6,0,-42.729,-24.791,1.281
2012-05-05-08_00_18.821,276,5,6,0,-42.676,-24.838,1.281
2012-05-05-08_00_18.822,276,5,6,0,-42.778,-24.805,1.281
2012-05-05-08_00_18.822,276,6,6,0,-51.759,-24.858,1.281
2012-05-05-08_00_18.823,276,6,6,0,-51.731,-24.765,1.281
2012-05-05-08_00_18.823,276,6,6,0,-51.678,-24.812,1.281
2012-05-05-08_00_18.824,276,7,6,0,-60.653,-24.794,2.081
2012-05-05-08_00_18.824,276,7,6,0,-60.734,-24.767,2.181
2012-05-05-08_00_18.825,276,7,6,0,-60.675,-24.716,2.081
2012-05-05-08_00_18.825,276,0,6,1,-2.184,-24.788,1.790
2012-05-05-08_00_18.826,276,0,6,1,-2.162,-24.690,1.790
2012-05-05-08_00_18.826,276,0,6,1,-2.260,-24.770,1.790
2012-05-05-08_00_18.827,276,1,6,1,-11.212,-24.796,1.690
2012-05-05-08_00_18.827,276,1,6,1,-11.336,-24.722,1.590
2012-05-05-08_00_18.828,276,1,6,1,-11.231,-24.710,1.690
2012-05-05-08_00_18.828,276,2,6,1,-20.149,-24.718,0.990
2012-05-05-08_00_18.829,276,2,6,1,-20.225,-24.700,0.990
2012-05-05-08_00_18.829,276,2,6,1,-20.232,-24.699,1.090
2012-05-05-08_00_18.830,276,3,6,1,-29.171,-24.800,1.190
2012-05-05-08_00_18.830,276,3,6,1,-29.149,-24.703,1.290
2012-05-05-08_00_18.831,276,3,6,1,-29.247,-24.782,1.290
2012-05-05-08_00_18.831,276,4,6,1,-38.168,-24.802,0.890
2012-05-05-08_00_18.832,276,4,6,1,-38.145,-24.704,0.890
2012-05-05-08_00_18.832,276,4,6,1,-38.243,-24.784,0.990
2012-05-05-08_00_18.833,276,5,6,1,-47.189,-24.790,1.290
2012-05-05-08_00_18.833,276,5,6,1,-47.274,-24.770,1.290
2012-05-05-08_00_18.833,276,5,6,1,-47.243,-24.791,1.290
2012-05-05-08_00_18.834,276,6,6,1,-56.213,-24.863,1.290
2012-05-05-08_00_18.834,276,6,6,1,-56.191,-24.765,1.290
2012-05-05-08_00_18.835,276,6,6,1,-56.289,-24.844,1.290
2012-05-05-08_00_18.836,276,7,6,1,-65.184,-24.781,1.990
2012-05-05-08_00_18.836,276,7,6,1,-65.191,-24.780,1.990
2012-05-05-08_00_18.837,276,7,6,1,-65.171,-24.681,2.090
2012-05-05-08_00_18.837,276,0,7,0,2.272,-29.280,1.902
2012-05-05-08_00_18.837,276,0,7,0,2.300,-29.190,1.802
2012-05-05-08_00_18.838,276,0,7,0,2.190,-29.258,1.802
2012-05-05-08_00_18.838,276,1,7,0,-6.746,-29.293,1.702
2012-05-05-08_00_18.839,276,1,7,0,-6.821,-29.273,1.602
2012-05-05-08_00_18.839,276,1,7,0,-6.765,-29.207,1.602
2012-05-05-08_00_18.840,276,2,7,0,-15.692,-29.210,1.002
2012-05-05-08_00_18.840,276,2,7,0,-15.775,-29.188,1.002
2012-05-05-08_00_18.841,276,2,7,0,-15.716,-29.138,1.002
2012-05-05-08_00_18.841,276,3,7,0,-24.715,-29.292,1.502
2012-05-05-08_00_18.843,276,3,7,0,-24.687,-29.202,1.502
2012-05-05-08_00_18.843,276,3,7,0,-24.797,-29.270,1.502
2012-05-05-08_00_18.844,276,4,7,0,-33.711,-29.294,1.002
2012-05-05-08_00_18.844,276,4,7,0,-33.684,-29.204,1.002
2012-05-05-08_00_18.845,276,4,7,0,-33.794,-29.272,0.902
2012-05-05-08_00_18.845,276,5,7,0,-42.727,-29.290,1.302
2012-05-05-08_00_18.846,276,5,7,0,-42.674,-29.341,1.302
2012-05-05-08_00_18.846,276,5,7,0,-42.779,-29.308,1.302
2012-05-05-08_00_18.847,276,6,7,0,-51.757,-29.355,1.302
2012-05-05-08_00_18.847,276,6,7,0,-51.729,-29.265,1.302
2012-05-05-08_00_18.848,276,6,7,0,-51.676,-29.316,1.302
2012-05-05-08_00_18.849,276,7,7,0,-60.651,-29.291,2.102
2012-05-05-08_00_18.849,276,7,7,0,-60.734,-29.269,2.202
2012-05-05-08_00_18.850,276,7,7,0,-60.675,-29.219,2.202
2012-05-05-08_00_18.850,276,0,7,1,-2.185,-29.285,1.813
2012-05-05-08_00_18.851,276,0,7,1,-2.162,-29.188,1.813
2012-05-05-08_00_18.851,276,0,7,1,-2.260,-29.268,1.813
2012-05-05-08_00_18.852,276,1,7,1,-11.213,-29.292,1.713
2012-05-05-08_00_18.852,276,1,7,1,-11.337,-29.220,1.613
2012-05-05-08_00_18.853,276,1,7,1,-11.234,-29.206,1.613
2012-05-05-08_00_18.853,276,2,7,1,-20.150,-29.215,1.113
2012-05-05-08_00_18.854,276,2,7,1,-20.225,-29.198,1.113
2012-05-05-08_00_18.854,276,2,7,1,-20.233,-29.197,1.013
2012-05-05-08_00_18.855,276,3,7,1,-29.172,-29.297,1.213
2012-05-05-08_00_18.855,276,3,7,1,-29.149,-29.201,1.213
2012-05-05-08_00_18.856,276,3,7,1,-29.247,-29.281,1.213
2012-05-05-08_00_18.856,276,4,7,1,-38.168,-29.299,1.013
2012-05-05-08_00_18.857,276,4,7,1,-38.146,-29.202,0.913
2012-05-05-08_00_18.857,276,4,7,1,-38.244,-29.282,0.913
2012-05-05-08_00_18.858,276,5,7,1,-47.189,-29.288,1.413
2012-05-05-08_00_18.858,276,5,7,1,-47.275,-29.267,1.313
2012-05-05-08_00_18.859,276,5,7,1,-47.243,-29.292,1.413
2012-05-05-08_00_18.859,276,6,7,1,-56.214,-29.360,1.313
2012-05-05-08_00_18.860,276,6,7,1,-56.191,-29.263,1.313
2012-05-05-08_00_18.860,276,6,7,1,-56.289,-29.343,1.313
2012-05-05-08_00_18.861,276,7,7,1,-65.184,-29.279,2.013
2012-05-05-08_00_18.861,276,7,7,1,-65.191,-29.278,2.013
2012-05-05-08_00_18.862,276,7,7,1,-65.171,-29.178,2.113
2012-05-05-08_00_18.862,276,0,8,0,2.274,-33.779,1.827
2012-05-05-08_00_18.863,276,0,8,0,2.302,-33.689,1.827
2012-05-05-08_00_18.863,276,0,8,0,2.189,-33.755,1.827
2012-05-05-08_00_18.864,276,1,8,0,-6.748,-33.789,1.727
2012-05-05-08_00_18.864,276,1,8,0,-6.822,-33.769,1.627
2012-05-05-08_00_18.865,276,1,8,0,-6.767,-33.704,1.727
2012-05-05-08_00_18.865,276,2,8,0,-15.690,-33.709,1.127
2012-05-05-08_00_18.866,276,2,8,0,-15.776,-33.685,1.027
2012-05-05-08_00_18.866,276,2,8,0,-15.709,-33.639,1.127
2012-05-05-08_00_18.867,276,3,8,0,-24.712,-33.791,1.527
2012-05-05-08_00_18.867,276,3,8,0,-24.685,-33.701,1.527
2012-05-05-08_00_18.868,276,3,8,0,-24.798,-33.767,1.527
2012-05-05-08_00_18.868,276,4,8,0,-33.709,-33.793,1.027
2012-05-05-08_00_18.869,276,4,8,0,-33.682,-33.703,1.027
2012-05-05-08_00_18.869,276,4,8,0,-33.794,-33.769,0.927
2012-05-05-08_00_18.870,276,5,8,0,-42.725,-33.789,1.327
2012-05-05-08_00_18.870,276,5,8,0,-42.674,-33.838,1.327
2012-05-05-08_00_18.871,276,5,8,0,-42.772,-33.809,1.327
2012-05-05-08_00_18.871,276,6,8,0,-51.755,-33.854,1.327
2012-05-05-08_00_18.872,276,6,8,0,-51.727,-33.764,1.327
2012-05-05-08_00_18.872,276,6,8,0,-51.840,-33.829,1.227
2012-05-05-08_00_18.873,276,7,8,0,-60.649,-33.790,2.127
2012-05-05-08_00_18.873,276,7,8,0,-60.734,-33.766,2.227
2012-05-05-08_00_18.874,276,7,8,0,-60.668,-33.719,2.127
2012-05-05-08_00_18.874,276,0,8,1,-2.188,-33.787,1.836
2012-05-05-08_00_18.875,276,0,8,1,-2.165,-33.688,1.835
2012-05-05-08_00_18.875,276,0,8,1,-2.258,-33.765,1.935
2012-05-05-08_00_18.876,276,1,8,1,-11.213,-33.788,1.736
2012-05-05-08_00_18.876,276,1,8,1,-11.339,-33.720,1.735
2012-05-05-08_00_18.876,276,1,8,1,-11.237,-33.703,1.735
2012-05-05-08_00_18.877,276,2,8,1,-20.153,-33.717,1.136
2012-05-05-08_00_18.877,276,2,8,1,-20.223,-33.695,1.135
2012-05-05-08_00_18.878,276,2,8,1,-20.233,-33.694,1.135
2012-05-05-08_00_18.879,276,3,8,1,-29.175,-33.799,1.236
2012-05-05-08_00_18.879,276,3,8,1,-29.152,-33.700,1.335
2012-05-05-08_00_18.880,276,3,8,1,-29.245,-33.777,1.135
2012-05-05-08_00_18.881,276,4,8,1,-38.171,-33.801,0.936
2012-05-05-08_00_18.882,276,4,8,1,-38.148,-33.702,0.935
2012-05-05-08_00_18.882,276,4,8,1,-38.242,-33.779,1.035
2012-05-05-08_00_18.882,276,5,8,1,-47.192,-33.788,1.335
2012-05-05-08_00_18.883,276,5,8,1,-47.273,-33.764,1.435
2012-05-05-08_00_18.883,276,5,8,1,-47.244,-33.792,1.435
2012-05-05-08_00_18.884,276,6,8,1,-56.217,-33.861,1.336
2012-05-05-08_00_18.884,276,6,8,1,-56.194,-33.763,1.435
2012-05-05-08_00_18.885,276,6,8,1,-56.287,-33.839,1.335
2012-05-05-08_00_18.885,276,7,8,1,-65.182,-33.776,2.235
2012-05-05-08_00_18.886,276,7,8,1,-65.192,-33.775,2.235
2012-05-05-08_00_18.887,276,7,8,1,-65.169,-33.675,2.335
2012-05-05-08_00_18.887,276,0,9,0,2.274,-38.282,1.845
2012-05-05-08_00_18.888,276,0,9,0,2.301,-38.196,1.845
2012-05-05-08_00_18.888,276,0,9,0,2.189,-38.254,1.845
2012-05-05-08_00_18.888,276,1,9,0,-6.749,-38.290,1.745
2012-05-05-08_00_18.889,276,1,9,0,-6.822,-38.268,1.745
2012-05-05-08_00_18.889,276,1,9,0,-6.770,-38.212,1.745
2012-05-05-08_00_18.890,276,2,9,0,-15.691,-38.212,1.245
2012-05-05-08_00_18.890,276,2,9,0,-15.776,-38.184,1.245
2012-05-05-08_00_18.891,276,2,9,0,-15.710,-38.142,1.145
2012-05-05-08_00_18.891,276,3,9,0,-24.713,-38.294,1.645
2012-05-05-08_00_18.892,276,3,9,0,-24.685,-38.208,1.645
2012-05-05-08_00_18.892,276,3,9,0,-24.798,-38.266,1.645
2012-05-05-08_00_18.893,276,4,9,0,-33.710,-38.296,0.945
2012-05-05-08_00_18.893,276,4,9,0,-33.682,-38.210,0.945
2012-05-05-08_00_18.894,276,4,9,0,-33.795,-38.268,0.945
2012-05-05-08_00_18.895,276,5,9,0,-42.726,-38.296,1.345
2012-05-05-08_00_18.896,276,5,9,0,-42.675,-38.336,1.445
2012-05-05-08_00_18.897,276,5,9,0,-42.772,-38.312,1.345
2012-05-05-08_00_18.897,276,6,9,0,-51.755,-38.357,1.245
2012-05-05-08_00_18.898,276,6,9,0,-51.728,-38.271,1.345
2012-05-05-08_00_18.898,276,6,9,0,-51.840,-38.329,1.245
2012-05-05-08_00_18.899,276,7,9,0,-60.650,-38.293,2.245
2012-05-05-08_00_18.899,276,7,9,0,-60.735,-38.265,13.145
2012-05-05-08_00_18.900,276,7,9,0,-60.669,-38.223,2.245
2012-05-05-08_00_18.900,276,0,9,1,-2.188,-38.292,1.854
2012-05-05-08_00_18.900,276,0,9,1,-2.163,-38.196,1.854
2012-05-05-08_00_18.901,276,0,9,1,-2.259,-38.266,1.854
2012-05-05-08_00_18.901,276,1,9,1,-11.213,-38.290,1.754
2012-05-05-08_00_18.902,276,1,9,1,-11.337,-38.227,1.754
2012-05-05-08_00_18.902,276,1,9,1,-11.235,-38.210,1.754
2012-05-05-08_00_18.903,276,2,9,1,-20.153,-38.222,1.254
2012-05-05-08_00_18.903,276,2,9,1,-20.224,-38.196,1.254
2012-05-05-08_00_18.904,276,2,9,1,-20.231,-38.195,1.254
2012-05-05-08_00_18.904,276,3,9,1,-29.175,-38.305,1.354
2012-05-05-08_00_18.905,276,3,9,1,-29.150,-38.208,1.454
2012-05-05-08_00_18.905,276,3,9,1,-29.246,-38.279,1.454
2012-05-05-08_00_18.906,276,4,9,1,-38.172,-38.306,0.954
2012-05-05-08_00_18.906,276,4,9,1,-38.147,-38.210,0.954
2012-05-05-08_00_18.907,276,4,9,1,-38.242,-38.280,0.954
2012-05-05-08_00_18.907,276,5,9,1,-47.190,-38.296,1.454
2012-05-05-08_00_18.908,276,5,9,1,-47.273,-38.270,1.454
2012-05-05-08_00_18.908,276,5,9,1,-47.244,-38.299,1.454
2012-05-05-08_00_18.909,276,6,9,1,-56.192,-38.270,1.354
2012-05-05-08_00_18.909,276,6,9,1,-56.288,-38.341,1.254
2012-05-05-08_00_18.910,276,6,9,1,-56.295,-38.340,1.354
2012-05-05-08_00_18.910,276,7,9,1,-65.182,-38.277,2.254
2012-05-05-08_00_18.911,276,7,9,1,-65.190,-38.276,2.254
2012-05-05-08_00_18.911,276,7,9,1,-65.169,-38.181,2.254
2012-05-05-08_00_18.912,276,0,10,0,2.274,-42.783,1.966
2012-05-05-08_00_18.912,276,0,10,0,2.301,-42.696,1.966
2012-05-05-08_00_18.913,276,0,10,0,2.193,-42.753,1.966
2012-05-05-08_00_18.914,276,1,10,0,-6.752,-42.794,1.766
2012-05-05-08_00_18.915,276,1,10,0,-6.825,-42.768,1.766
2012-05-05-08_00_18.915,276,1,10,0,-6.773,-42.715,1.766
2012-05-05-08_00_18.916,276,2,10,0,-15.691,-42.713,1.166
2012-05-05-08_00_18.916,276,2,10,0,-15.772,-42.683,1.166
2012-05-05-08_00_18.917,276,2,10,0,-15.710,-42.639,1.166
2012-05-05-08_00_18.917,276,3,10,0,-24.713,-42.796,1.666
2012-05-05-08_00_18.918,276,3,10,0,-24.686,-42.708,1.666
2012-05-05-08_00_18.918,276,3,10,0,-24.794,-42.766,1.666
2012-05-05-08_00_18.919,276,4,10,0,-33.710,-42.797,0.966
2012-05-05-08_00_18.919,276,4,10,0,-33.682,-42.710,0.966
2012-05-05-08_00_18.920,276,4,10,0,-33.790,-42.767,0.966
2012-05-05-08_00_18.920,276,5,10,0,-42.726,-42.796,1.366
2012-05-05-08_00_18.920,276,5,10,0,-42.678,-42.836,1.366
2012-05-05-08_00_18.921,276,5,10,0,-42.773,-42.809,1.366
2012-05-05-08_00_18.921,276,6,10,0,-51.755,-42.858,1.266
2012-05-05-08_00_18.922,276,6,10,0,-51.728,-42.771,1.366
2012-05-05-08_00_18.922,276,6,10,0,-51.836,-42.828,1.266
2012-05-05-08_00_18.923,276,7,10,0,-60.650,-42.794,2.266
2012-05-05-08_00_18.923,276,7,10,0,-60.730,-42.764,2.266
2012-05-05-08_00_18.924,276,7,10,0,-60.669,-42.720,2.266
2012-05-05-08_00_18.924,276,0,10,1,-2.189,-42.791,1.878
2012-05-05-08_00_18.925,276,0,10,1,-2.163,-42.696,1.878
2012-05-05-08_00_18.925,276,0,10,1,-2.262,-42.768,1.878
2012-05-05-08_00_18.925,276,1,10,1,-11.214,-42.794,1.878
2012-05-05-08_00_18.926,276,1,10,1,-11.338,-42.728,1.878
2012-05-05-08_00_18.926,276,1,10,1,-11.235,-42.714,1.778
2012-05-05-08_00_18.927,276,2,10,1,-20.153,-42.721,1.278
2012-05-05-08_00_18.927,276,2,10,1,-20.226,-42.698,1.278
2012-05-05-08_00_18.928,276,2,10,1,-20.231,-42.697,1.278
2012-05-05-08_00_18.928,276,3,10,1,-29.175,-42.803,1.378
2012-05-05-08_00_18.929,276,3,10,1,-29.150,-42.708,1.378
2012-05-05-08_00_18.930,276,3,10,1,-29.249,-42.780,1.478
2012-05-05-08_00_18.930,276,4,10,1,-38.172,-42.805,0.978
2012-05-05-08_00_18.931,276,4,10,1,-38.147,-42.710,1.078
2012-05-05-08_00_18.931,276,4,10,1,-38.245,-42.782,0.978
2012-05-05-08_00_18.932,276,5,10,1,-47.191,-42.796,1.478
2012-05-05-08_00_18.932,276,5,10,1,-47.274,-42.774,1.478
2012-05-05-08_00_18.933,276,5,10,1,-47.247,-42.797,1.478
2012-05-05-08_00_18.933,276,6,10,1,-56.217,-42.865,1.378
2012-05-05-08_00_18.933,276,6,10,1,-56.192,-42.770,1.378
2012-05-05-08_00_18.934,276,6,10,1,-56.291,-42.842,1.378
2012-05-05-08_00_18.934,276,7,10,1,-65.185,-42.779,2.278
2012-05-05-08_00_18.935,276,7,10,1,-65.190,-42.778,2.278
2012-05-05-08_00_18.935,276,7,10,1,-65.170,-42.685,2.278
2012-05-05-08_00_18.936,276,0,11,0,2.278,-47.283,1.890
2012-05-05-08_00_18.936,276,0,11,0,2.301,-47.190,1.890
2012-05-05-08_00_18.937,276,0,11,0,2.193,-47.257,1.890
2012-05-05-08_00_18.937,276,1,11,0,-6.755,-47.296,1.790
2012-05-05-08_00_18.938,276,1,11,0,-6.828,-47.270,1.790
2012-05-05-08_00_18.938,276,1,11,0,-6.774,-47.210,1.790
2012-05-05-08_00_18.939,276,2,11,0,-15.687,-47.213,1.190
2012-05-05-08_00_18.939,276,2,11,0,-15.772,-47.187,1.190
2012-05-05-08_00_18.939,276,2,11,0,-15.745,-47.197,1.190
2012-05-05-08_00_18.940,276,3,11,0,-24.709,-47.295,1.690
2012-05-05-08_00_18.940,276,3,11,0,-24.686,-47.203,1.690
2012-05-05-08_00_18.941,276,3,11,0,-24.794,-47.269,1.690
2012-05-05-08_00_18.941,276,4,11,0,-33.705,-47.297,0.990
2012-05-05-08_00_18.942,276,4,11,0,-33.683,-47.204,0.990
2012-05-05-08_00_18.942,276,4,11,0,-33.791,-47.271,0.990
2012-05-05-08_00_18.943,276,5,11,0,-42.727,-47.290,1.390
2012-05-05-08_00_18.943,276,5,11,0,-42.681,-47.338,1.390
2012-05-05-08_00_18.944,276,5,11,0,-42.771,-47.305,1.390
2012-05-05-08_00_18.945,276,6,11,0,-51.751,-47.357,1.290
2012-05-05-08_00_18.946,276,6,11,0,-51.728,-47.265,1.390
2012-05-05-08_00_18.947,276,6,11,0,-51.836,-47.332,1.290
2012-05-05-08_00_18.948,276,7,11,0,-60.646,-47.293,2.190
2012-05-05-08_00_18.949,276,7,11,0,-60.731,-47.268,2.290
2012-05-05-08_00_18.949,276,7,11,0,-60.667,-47.216,2.290
2012-05-05-08_00_18.950,276,0,11,1,-2.191,-47.289,1.999
2012-05-05-08_00_18.950,276,0,11,1,-2.169,-47.190,1.899
2012-05-05-08_00_18.951,276,0,11,1,-2.262,-47.269,1.899
2012-05-05-08_00_18.952,276,1,11,1,-11.214,-47.295,1.799
2012-05-05-08_00_18.952,276,1,11,1,-11.343,-47.222,1.799
2012-05-05-08_00_18.953,276,1,11,1,-11.236,-47.210,1.798
2012-05-05-08_00_18.953,276,2,11,1,-20.156,-47.219,1.199
2012-05-05-08_00_18.954,276,2,11,1,-20.227,-47.199,1.299
2012-05-05-08_00_18.954,276,2,11,1,-20.232,-47.199,1.299
2012-05-05-08_00_18.955,276,3,11,1,-29.178,-47.301,1.299
2012-05-05-08_00_18.955,276,3,11,1,-29.156,-47.202,1.599
2012-05-05-08_00_18.956,276,3,11,1,-29.249,-47.282,1.399
2012-05-05-08_00_18.956,276,4,11,1,-38.175,-47.303,0.999
2012-05-05-08_00_18.957,276,4,11,1,-38.152,-47.204,0.999
2012-05-05-08_00_18.957,276,4,11,1,-38.246,-47.283,0.999
2012-05-05-08_00_18.958,276,5,11,1,-47.196,-47.290,1.399
2012-05-05-08_00_18.958,276,5,11,1,-47.276,-47.270,1.399
2012-05-05-08_00_18.959,276,5,11,1,-47.247,-47.291,1.499
2012-05-05-08_00_18.959,276,6,11,1,-56.220,-47.363,1.399
2012-05-05-08_00_18.960,276,6,11,1,-56.198,-47.265,1.399
2012-05-05-08_00_18.961,276,6,11,1,-56.291,-47.344,1.399
2012-05-05-08_00_18.961,276,7,11,1,-65.186,-47.280,2.299
2012-05-05-08_00_18.962,276,7,11,1,-65.190,-47.280,2.299
2012-05-05-08_00_18.962,276,7,11,1,-65.173,-47.181,2.299
2012-05-05-08_00_18.963,276,0,12,0,2.265,-51.780,2.108
2012-05-05-08_00_18.963,276,0,12,0,2.300,-51.691,2.108
2012-05-05-08_00_18.963,276,0,12,0,2.195,-51.758,2.108
2012-05-05-08_00_18.964,276,1,12,0,-6.755,-51.794,1.808
2012-05-05-08_00_18.964,276,1,12,0,-6.828,-51.775,1.908
2012-05-05-08_00_18.965,276,1,12,0,-6.774,-51.708,1.808
2012-05-05-08_00_18.965,276,2,12,0,-15.699,-51.710,1.208
2012-05-05-08_00_18.966,276,2,12,0,-15.770,-51.688,1.208
2012-05-05-08_00_18.966,276,2,12,0,-15.709,-51.640,1.208
2012-05-05-08_00_18.967,276,3,12,0,-24.722,-51.792,1.708
2012-05-05-08_00_18.967,276,3,12,0,-24.687,-51.703,1.708
2012-05-05-08_00_18.968,276,3,12,0,-24.792,-51.770,1.708
2012-05-05-08_00_18.968,276,4,12,0,-33.718,-51.794,1.108
2012-05-05-08_00_18.969,276,4,12,0,-33.683,-51.705,1.008
2012-05-05-08_00_18.969,276,4,12,0,-33.789,-51.772,1.008
2012-05-05-08_00_18.970,276,5,12,0,-42.727,-51.791,1.408
2012-05-05-08_00_18.970,276,5,12,0,-42.681,-51.843,1.308
2012-05-05-08_00_18.971,276,5,12,0,-42.771,-51.810,1.408
2012-05-05-08_00_18.971,276,6,12,0,-51.764,-51.855,1.208
2012-05-05-08_00_18.972,276,6,12,0,-51.729,-51.766,1.308
2012-05-05-08_00_18.972,276,6,12,0,-51.834,-51.832,1.208
2012-05-05-08_00_18.973,276,7,12,0,-60.658,-51.791,2.208
2012-05-05-08_00_18.973,276,7,12,0,-60.729,-51.769,13.008
2012-05-05-08_00_18.973,276,7,12,0,-60.667,-51.721,3.308
2012-05-05-08_00_18.974,276,0,12,1,-2.194,-51.786,2.116
2012-05-05-08_00_18.974,276,0,12,1,-2.172,-51.690,2.116
2012-05-05-08_00_18.975,276,0,12,1,-2.262,-51.768,2.116
2012-05-05-08_00_18.975,276,1,12,1,-11.212,-51.794,1.716
2012-05-05-08_00_18.976,276,1,12,1,-11.346,-51.722,1.816
2012-05-05-08_00_18.976,276,1,12,1,-11.236,-51.708,1.816
2012-05-05-08_00_18.977,276,2,12,1,-20.159,-51.716,1.116
2012-05-05-08_00_18.977,276,2,12,1,-20.227,-51.698,1.216
2012-05-05-08_00_18.978,276,2,12,1,-20.235,-51.697,1.216
2012-05-05-08_00_18.979,276,3,12,1,-29.181,-51.799,1.316
2012-05-05-08_00_18.980,276,3,12,1,-29.159,-51.702,1.616
2012-05-05-08_00_18.980,276,3,12,1,-29.249,-51.781,1.516
2012-05-05-08_00_18.981,276,4,12,1,-38.178,-51.800,1.016
2012-05-05-08_00_18.981,276,4,12,1,-38.155,-51.704,1.016
2012-05-05-08_00_18.982,276,4,12,1,-38.246,-51.782,0.916
2012-05-05-08_00_18.982,276,5,12,1,-47.199,-51.790,1.216
2012-05-05-08_00_18.983,276,5,12,1,-47.279,-51.768,1.216
2012-05-05-08_00_18.983,276,5,12,1,-47.250,-51.791,1.216
2012-05-05-08_00_18.984,276,6,12,1,-56.223,-51.861,1.316
2012-05-05-08_00_18.985,276,6,12,1,-56.201,-51.765,1.316
2012-05-05-08_00_18.985,276,6,12,1,-56.291,-51.843,1.316
2012-05-05-08_00_18.986,276,7,12,1,-65.186,-51.779,2.216
2012-05-05-08_00_18.986,276,7,12,1,-65.193,-51.778,2.216
2012-05-05-08_00_18.987,276,7,12,1,-65.176,-51.679,2.216
2012-05-05-08_00_18.987,276,0,13,0,2.275,-56.279,2.127
2012-05-05-08_00_18.987,276,0,13,0,2.300,-56.191,2.127
2012-05-05-08_00_18.988,276,0,13,0,2.197,-56.254,2.127
2012-05-05-08_00_18.988,276,1,13,0,-6.755,-56.290,1.927
2012-05-05-08_00_18.989,276,1,13,0,-6.831,-56.270,1.927
2012-05-05-08_00_18.989,276,1,13,0,-6.774,-56.191,1.927
2012-05-05-08_00_18.990,276,2,13,0,-15.690,-56.208,1.227
2012-05-05-08_00_18.991,276,2,13,0,-15.768,-56.184,1.227
2012-05-05-08_00_18.991,276,2,13,0,-15.712,-56.140,1.227
2012-05-05-08_00_18.992,276,3,13,0,-24.712,-56.291,1.727
2012-05-05-08_00_18.992,276,3,13,0,-24.687,-56.203,1.727
2012-05-05-08_00_18.993,276,3,13,0,-24.790,-56.266,1.627
2012-05-05-08_00_18.993,276,4,13,0,-33.709,-56.293,1.027
2012-05-05-08_00_18.994,276,4,13,0,-33.684,-56.205,1.127
2012-05-05-08_00_18.994,276,4,13,0,-33.787,-56.268,1.127
2012-05-05-08_00_18.994,276,5,13,0,-42.727,-56.291,1.427
2012-05-05-08_00_18.995,276,5,13,0,-42.684,-56.338,1.227
2012-05-05-08_00_18.995,276,5,13,0,-42.774,-56.310,1.427
2012-05-05-08_00_18.996,276,6,13,0,-51.754,-56.353,1.327
2012-05-05-08_00_18.996,276,6,13,0,-51.729,-56.266,1.327
2012-05-05-08_00_18.997,276,6,13,0,-51.832,-56.329,1.227
2012-05-05-08_00_18.997,276,7,13,0,-60.649,-56.289,6.627
2012-05-05-08_00_18.998,276,7,13,0,-60.727,-56.265,10.127
2012-05-05-08_00_18.998,276,0,13,1,-2.197,-56.288,2.039
2012-05-05-08_00_18.999,276,0,13,1,-2.172,-56.191,2.038
2012-05-05-08_00_19.000,276,0,13,1,-2.265,-56.265,2.038
2012-05-05-08_00_19.001,276,1,13,1,-11.213,-56.290,1.839
2012-05-05-08_00_19.001,276,1,13,1,-11.346,-56.223,1.938
2012-05-05-08_00_19.002,276,1,13,1,-11.234,-56.205,1.838
2012-05-05-08_00_19.002,276,2,13,1,-20.162,-56.218,1.239
2012-05-05-08_00_19.003,276,2,13,1,-20.230,-56.194,1.238
2012-05-05-08_00_19.003,276,2,13,1,-20.237,-56.194,1.238
2012-05-05-08_00_19.004,276,3,13,1,-29.184,-56.300,1.439
2012-05-05-08_00_19.004,276,3,13,1,-29.159,-56.203,1.538
2012-05-05-08_00_19.005,276,3,13,1,-29.252,-56.277,1.438
2012-05-05-08_00_19.005,276,4,13,1,-38.181,-56.302,0.939
2012-05-05-08_00_19.006,276,4,13,1,-38.156,-56.205,0.938
2012-05-05-08_00_19.006,276,4,13,1,-38.249,-56.279,1.038
2012-05-05-08_00_19.007,276,5,13,1,-47.199,-56.291,1.438
2012-05-05-08_00_19.007,276,5,13,1,-47.280,-56.266,1.438
2012-05-05-08_00_19.008,276,5,13,1,-47.251,-56.291,1.438
2012-05-05-08_00_19.008,276,6,13,1,-56.226,-56.363,1.339
2012-05-05-08_00_19.009,276,6,13,1,-56.201,-56.266,1.338
2012-05-05-08_00_19.009,276,6,13,1,-56.294,-56.339,1.338
2012-05-05-08_00_19.010,276,7,13,1,-65.189,-56.275,2.238
2012-05-05-08_00_19.010,276,7,13,1,-65.196,-56.275,2.138
2012-05-05-08_00_19.011,276,7,13,1,-65.176,-56.177,2.138
2012-05-05-08_00_19.011,276,0,14,0,2.260,-60.782,2.151
2012-05-05-08_00_19.012,276,0,14,0,2.297,-60.696,2.151
2012-05-05-08_00_19.013,276,0,14,0,2.199,-60.753,2.051
2012-05-05-08_00_19.014,276,1,14,0,-6.756,-60.790,1.951
2012-05-05-08_00_19.014,276,1,14,0,-6.834,-60.769,1.951
2012-05-05-08_00_19.015,276,1,14,0,-6.777,-60.712,1.951
2012-05-05-08_00_19.015,276,2,14,0,-15.705,-60.712,1.251
2012-05-05-08_00_19.015,276,2,14,0,-15.766,-60.683,1.251
2012-05-05-08_00_19.016,276,2,14,0,-15.712,-60.642,1.251
2012-05-05-08_00_19.016,276,3,14,0,-24.727,-60.794,1.651
2012-05-05-08_00_19.017,276,3,14,0,-24.690,-60.708,1.751
2012-05-05-08_00_19.017,276,3,14,0,-24.788,-60.765,1.751
2012-05-05-08_00_19.018,276,4,14,0,-33.724,-60.796,0.951
2012-05-05-08_00_19.018,276,4,14,0,-33.687,-60.710,0.951
2012-05-05-08_00_19.019,276,4,14,0,-33.785,-60.767,0.951
2012-05-05-08_00_19.019,276,5,14,0,-42.730,-60.796,1.451
2012-05-05-08_00_19.020,276,5,14,0,-42.687,-60.837,1.251
2012-05-05-08_00_19.020,276,5,14,0,-42.774,-60.812,1.451
2012-05-05-08_00_19.021,276,6,14,0,-51.769,-60.857,1.251
2012-05-05-08_00_19.021,276,6,14,0,-51.732,-60.771,1.351
2012-05-05-08_00_19.022,276,6,14,0,-51.830,-60.828,1.251
2012-05-05-08_00_19.022,276,7,14,0,-60.664,-60.793,2.151
2012-05-05-08_00_19.023,276,7,14,0,-60.725,-60.764,3.351
2012-05-05-08_00_19.023,276,7,14,0,-60.671,-60.723,3.351
2012-05-05-08_00_19.024,276,0,14,1,-2.200,-60.792,2.061
2012-05-05-08_00_19.024,276,0,14,1,-2.172,-60.697,2.061
2012-05-05-08_00_19.025,276,0,14,1,-2.268,-60.765,2.061
2012-05-05-08_00_19.025,276,1,14,1,-11.211,-60.791,1.861
2012-05-05-08_00_19.025,276,1,14,1,-11.347,-60.728,1.861
2012-05-05-08_00_19.026,276,1,14,1,-11.234,-60.711,1.861
2012-05-05-08_00_19.026,276,2,14,1,-20.165,-60.722,1.261
2012-05-05-08_00_19.027,276,2,14,1,-20.233,-60.695,1.261
2012-05-05-08_00_19.027,276,2,14,1,-20.238,-60.695,1.261
2012-05-05-08_00_19.028,276,3,14,1,-29.187,-60.805,1.261
2012-05-05-08_00_19.028,276,3,14,1,-29.159,-60.709,1.461
2012-05-05-08_00_19.029,276,3,14,1,-29.255,-60.777,1.261
2012-05-05-08_00_19.029,276,4,14,1,-38.183,-60.806,1.061
2012-05-05-08_00_19.030,276,4,14,1,-38.156,-60.711,1.061
2012-05-05-08_00_19.030,276,4,14,1,-38.252,-60.779,1.061
2012-05-05-08_00_19.031,276,5,14,1,-47.200,-60.796,1.461
2012-05-05-08_00_19.031,276,5,14,1,-47.283,-60.770,1.461
2012-05-05-08_00_19.032,276,5,14,1,-47.253,-60.798,1.461
2012-05-05-08_00_19.033,276,6,14,1,-56.229,-60.867,1.361
2012-05-05-08_00_19.033,276,6,14,1,-56.201,-60.771,1.361
2012-05-05-08_00_19.034,276,6,14,1,-56.297,-60.840,1.361
2012-05-05-08_00_19.034,276,7,14,1,-65.192,-60.776,2.261
2012-05-05-08_00_19.035,276,7,14,1,-65.197,-60.775,2.261
2012-05-05-08_00_19.035,276,7,14,1,-65.179,-60.681,2.261
2012-05-05-08_00_19.036,276,0,15,0,2.267,-65.283,2.170
2012-05-05-08_00_19.036,276,0,15,0,2.294,-65.196,2.170
2012-05-05-08_00_19.037,276,0,15,0,2.196,-65.254,2.270
2012-05-05-08_00_19.037,276,1,15,0,-6.751,-65.293,1.970
2012-05-05-08_00_19.038,276,1,15,0,-6.834,-65.268,1.970
2012-05-05-08_00_19.038,276,1,15,0,-6.775,-65.215,1.970
2012-05-05-08_00_19.039,276,2,15,0,-15.698,-65.213,1.370
2012-05-05-08_00_19.039,276,2,15,0,-15.769,-65.184,1.270
2012-05-05-08_00_19.039,276,2,15,0,-15.715,-65.140,1.270
2012-05-05-08_00_19.040,276,3,15,0,-24.720,-65.295,1.770
2012-05-05-08_00_19.040,276,3,15,0,-24.693,-65.208,1.770
2012-05-05-08_00_19.041,276,3,15,0,-24.791,-65.266,1.770
2012-05-05-08_00_19.041,276,4,15,0,-33.717,-65.297,0.970
2012-05-05-08_00_19.042,276,4,15,0,-33.689,-65.210,0.970
2012-05-05-08_00_19.043,276,4,15,0,-33.788,-65.268,0.970
2012-05-05-08_00_19.043,276,5,15,0,-42.733,-65.296,1.470
2012-05-05-08_00_19.045,276,5,15,0,-42.687,-65.336,1.270
2012-05-05-08_00_19.045,276,5,15,0,-42.777,-65.310,1.470
2012-05-05-08_00_19.046,276,6,15,0,-51.762,-65.358,1.270
2012-05-05-08_00_19.046,276,6,15,0,-51.735,-65.271,1.270
2012-05-05-08_00_19.046,276,6,15,0,-51.833,-65.329,1.270
2012-05-05-08_00_19.047,276,7,15,0,-60.657,-65.294,2.070
2012-05-05-08_00_19.047,276,7,15,0,-60.728,-65.265,5.370
2012-05-05-08_00_19.048,276,7,15,0,-60.674,-65.221,8.870
2012-05-05-08_00_19.048,276,0,15,1,-2.196,-65.291,2.279
2012-05-05-08_00_19.049,276,0,15,1,-2.168,-65.196,2.179
2012-05-05-08_00_19.049,276,0,15,1,-2.271,-65.268,2.179
2012-05-05-08_00_19.050,276,1,15,1,-11.211,-65.294,1.879
2012-05-05-08_00_19.050,276,1,15,1,-11.342,-65.227,1.979
2012-05-05-08_00_19.051,276,1,15,1,-11.232,-65.214,1.979
2012-05-05-08_00_19.051,276,2,15,1,-20.160,-65.221,1.279
2012-05-05-08_00_19.052,276,2,15,1,-20.236,-65.198,1.279
2012-05-05-08_00_19.053,276,2,15,1,-20.243,-65.197,1.279
2012-05-05-08_00_19.054,276,3,15,1,-29.182,-65.303,1.479
2012-05-05-08_00_19.054,276,3,15,1,-29.155,-65.208,1.479
2012-05-05-08_00_19.055,276,3,15,1,-29.258,-65.281,1.479
2012-05-05-08_00_19.055,276,4,15,1,-38.179,-65.305,1.079
2012-05-05-08_00_19.056,276,4,15,1,-38.151,-65.210,0.979
2012-05-05-08_00_19.056,276,4,15,1,-38.255,-65.282,1.079
2012-05-05-08_00_19.056,276,5,15,1,-47.195,-65.295,1.279
2012-05-05-08_00_19.057,276,5,15,1,-47.285,-65.274,1.279
2012-05-05-08_00_19.057,276,5,15,1,-47.256,-65.298,1.279
2012-05-05-08_00_19.058,276,6,15,1,-56.224,-65.366,1.379
2012-05-05-08_00_19.058,276,6,15,1,-56.197,-65.270,1.379
2012-05-05-08_00_19.059,276,6,15,1,-56.300,-65.343,1.379
2012-05-05-08_00_19.059,276,7,15,1,-65.195,-65.279,2.179
2012-05-05-08_00_19.060,276,7,15,1,-65.202,-65.278,2.179
2012-05-05-08_00_19.060,276,7,15,1,-65.182,-65.185,2.179
2012-05-05-08_00_19.061,276,0,16,0,2.264,-69.784,2.291
2012-05-05-08_00_19.061,276,0,16,0,2.291,-69.690,2.191
2012-05-05-08_00_19.062,276,0,16,0,2.193,-69.758,2.191
2012-05-05-08_00_19.062,276,1,16,0,-6.752,-69.796,1.891
2012-05-05-08_00_19.063,276,1,16,0,-6.835,-69.769,12.291
2012-05-05-08_00_19.063,276,1,16,0,-6.776,-69.709,1.891
2012-05-05-08_00_19.064,276,2,16,0,-15.701,-69.713,1.391
2012-05-05-08_00_19.064,276,2,16,0,-15.772,-69.688,1.391
2012-05-05-08_00_19.065,276,2,16,0,-15.750,-69.697,1.391
2012-05-05-08_00_19.065,276,3,16,0,-24.723,-69.796,1.791
2012-05-05-08_00_19.066,276,3,16,0,-24.696,-69.702,1.791
2012-05-05-08_00_19.066,276,3,16,0,-24.794,-69.770,1.791
2012-05-05-08_00_19.067,276,4,16,0,-33.720,-69.798,0.991
2012-05-05-08_00_19.067,276,4,16,0,-33.692,-69.704,0.991
2012-05-05-08_00_19.068,276,4,16,0,-33.790,-69.772,0.991
2012-05-05-08_00_19.069,276,5,16,0,-42.736,-69.790,1.391
2012-05-05-08_00_19.069,276,5,16,0,-42.688,-69.837,1.391
2012-05-05-08_00_19.070,276,5,16,0,-42.780,-69.804,1.491
2012-05-05-08_00_19.070,276,6,16,0,-51.765,-69.858,1.291
2012-05-05-08_00_19.071,276,6,16,0,-51.738,-69.764,1.291
2012-05-05-08_00_19.071,276,6,16,0,-51.836,-69.833,1.191
2012-05-05-08_00_19.072,276,7,16,0,-60.660,-69.794,2.091
2012-05-05-08_00_19.073,276,7,16,0,-60.730,-69.769,3.291
2012-05-05-08_00_19.073,276,7,16,0,-60.676,-69.715,6.491
2012-05-05-08_00_19.074,276,0,16,1,-2.196,-69.788,2.203
2012-05-05-08_00_19.074,276,0,16,1,-2.168,-69.689,2.203
2012-05-05-08_00_19.075,276,0,16,1,-2.271,-69.770,2.202
2012-05-05-08_00_19.075,276,1,16,1,-11.211,-69.795,1.903
2012-05-05-08_00_19.076,276,1,16,1,-11.343,-69.720,1.903
2012-05-05-08_00_19.077,276,1,16,1,-11.230,-69.709,1.902
2012-05-05-08_00_19.078,276,2,16,1,-20.161,-69.718,1.303
2012-05-05-08_00_19.078,276,2,16,1,-20.236,-69.700,1.302
2012-05-05-08_00_19.079,276,2,16,1,-20.244,-69.699,1.302
2012-05-05-08_00_19.079,276,3,16,1,-29.183,-69.801,1.603
2012-05-05-08_00_19.080,276,3,16,1,-29.155,-69.701,1.503
2012-05-05-08_00_19.080,276,3,16,1,-29.258,-69.782,1.502
2012-05-05-08_00_19.080,276,4,16,1,-38.179,-69.802,1.103
2012-05-05-08_00_19.081,276,4,16,1,-38.152,-69.703,1.003
2012-05-05-08_00_19.081,276,4,16,1,-38.255,-69.784,1.002
2012-05-05-08_00_19.082,276,5,16,1,-47.196,-69.788,1.303
2012-05-05-08_00_19.082,276,5,16,1,-47.286,-69.769,1.302
2012-05-05-08_00_19.083,276,5,16,1,-47.254,-69.792,1.302
2012-05-05-08_00_19.083,276,6,16,1,-56.225,-69.863,1.303
2012-05-05-08_00_19.084,276,6,16,1,-56.197,-69.763,1.303
2012-05-05-08_00_19.084,276,6,16,1,-56.300,-69.845,1.302
2012-05-05-08_00_19.085,276,7,16,1,-65.195,-69.781,2.202
2012-05-05-08_00_19.085,276,7,16,1,-65.202,-69.780,2.202
2012-05-05-08_00_19.086,276,7,16,1,-65.182,-69.680,2.202
2012-05-05-08_00_19.086,276,0,17,0,2.254,-74.281,2.215
2012-05-05-08_00_19.086,276,0,17,0,2.291,-74.190,2.215
2012-05-05-08_00_19.087,276,0,17,0,2.190,-74.257,2.215
2012-05-05-08_00_19.087,276,1,17,0,-6.752,-74.293,2.015
2012-05-05-08_00_19.088,276,1,17,0,-6.833,-74.273,2.015
2012-05-05-08_00_19.088,276,1,17,0,-6.774,-74.207,2.015
2012-05-05-08_00_19.089,276,2,17,0,-15.711,-74.210,1.315
2012-05-05-08_00_19.089,276,2,17,0,-15.775,-74.187,1.315
2012-05-05-08_00_19.090,276,2,17,0,-15.721,-74.138,1.315
2012-05-05-08_00_19.090,276,3,17,0,-24.733,-74.293,1.815
2012-05-05-08_00_19.091,276,3,17,0,-24.696,-74.202,1.815
2012-05-05-08_00_19.091,276,3,17,0,-24.797,-74.270,1.815
2012-05-05-08_00_19.092,276,4,17,0,-33.730,-74.295,1.115
2012-05-05-08_00_19.092,276,4,17,0,-33.693,-74.204,1.015
2012-05-05-08_00_19.093,276,4,17,0,-33.793,-74.271,1.015
2012-05-05-08_00_19.093,276,5,17,0,-42.736,-74.290,1.415
2012-05-05-08_00_19.094,276,5,17,0,-42.686,-74.341,1.315
2012-05-05-08_00_19.094,276,5,17,0,-42.783,-74.308,1.415
2012-05-05-08_00_19.095,276,6,17,0,-51.775,-74.355,1.315
2012-05-05-08_00_19.095,276,6,17,0,-51.738,-74.264,1.315
2012-05-05-08_00_19.095,276,6,17,0,-51.687,-74.316,1.315
2012-05-05-08_00_19.096,276,7,17,0,-60.670,-74.291,2.215
2012-05-05-08_00_19.096,276,7,17,0,-60.733,-74.268,5.415
2012-05-05-08_00_19.097,276,7,17,0,-60.679,-74.219,4.215
2012-05-05-08_00_19.097,276,0,17,1,-2.196,-74.285,2.224
2012-05-05-08_00_19.098,276,0,17,1,-2.169,-74.188,2.224
2012-05-05-08_00_19.098,276,0,17,1,-2.269,-74.268,2.224
2012-05-05-08_00_19.099,276,1,17,1,-11.214,-74.292,1.924
2012-05-05-08_00_19.099,276,1,17,1,-11.343,-74.220,1.924
2012-05-05-08_00_19.100,276,1,17,1,-11.236,-74.206,1.924
2012-05-05-08_00_19.100,276,2,17,1,-20.161,-74.215,1.324
2012-05-05-08_00_19.100,276,2,17,1,-20.234,-74.198,1.424
2012-05-05-08_00_19.101,276,2,17,1,-20.242,-74.197,1.324
2012-05-05-08_00_19.101,276,3,17,1,-29.183,-74.297,1.524
2012-05-05-08_00_19.102,276,3,17,1,-29.156,-74.201,1.524
2012-05-05-08_00_19.102,276,3,17,1,-29.256,-74.281,1.524
2012-05-05-08_00_19.104,276,4,17,1,-38.180,-74.299,1.024
2012-05-05-08_00_19.104,276,4,17,1,-38.152,-74.202,1.024
2012-05-05-08_00_19.105,276,4,17,1,-38.253,-74.282,1.024
2012-05-05-08_00_19.105,276,5,17,1,-47.196,-74.288,1.424
2012-05-05-08_00_19.106,276,5,17,1,-47.284,-74.267,1.524
2012-05-05-08_00_19.106,276,5,17,1,-47.252,-74.292,1.524
2012-05-05-08_00_19.107,276,6,17,1,-56.225,-74.360,1.424
2012-05-05-08_00_19.107,276,6,17,1,-56.198,-74.263,1.424
2012-05-05-08_00_19.109,276,6,17,1,-56.298,-74.343,1.424
2012-05-05-08_00_19.109,276,7,17,1,-65.193,-74.279,2.224
2012-05-05-08_00_19.110,276,7,17,1,-65.200,-74.278,2.224
2012-05-05-08_00_19.110,276,7,17,1,-65.180,-74.178,2.224
2012-05-05-08_00_19.111,276,0,18,0,2.265,-78.779,2.033
2012-05-05-08_00_19.112,276,0,18,0,2.293,-78.690,2.033
2012-05-05-08_00_19.112,276,0,18,0,2.187,-78.755,2.033
2012-05-05-08_00_19.113,276,1,18,0,-6.750,-78.789,1.933
2012-05-05-08_00_19.113,276,1,18,0,-6.833,-78.770,1.933
2012-05-05-08_00_19.113,276,1,18,0,-6.772,-78.704,1.833
2012-05-05-08_00_19.114,276,2,18,0,-15.700,-78.709,1.333
2012-05-05-08_00_19.114,276,2,18,0,-15.777,-78.685,1.433
2012-05-05-08_00_19.115,276,2,18,0,-15.721,-78.640,1.433
2012-05-05-08_00_19.115,276,3,18,0,-24.722,-78.791,1.833
2012-05-05-08_00_19.116,276,3,18,0,-24.694,-78.702,1.833
2012-05-05-08_00_19.117,276,3,18,0,-24.800,-78.767,1.833
2012-05-05-08_00_19.117,276,4,18,0,-33.718,-78.793,1.133
2012-05-05-08_00_19.118,276,4,18,0,-33.691,-78.704,1.133
2012-05-05-08_00_19.118,276,4,18,0,-33.796,-78.769,1.133
2012-05-05-08_00_19.119,276,5,18,0,-42.734,-78.790,1.833
2012-05-05-08_00_19.119,276,5,18,0,-42.686,-78.838,1.533
2012-05-05-08_00_19.120,276,5,18,0,-42.783,-78.809,1.733
2012-05-05-08_00_19.120,276,6,18,0,-51.764,-78.854,1.533
2012-05-05-08_00_19.120,276,6,18,0,-51.736,-78.764,1.533
2012-05-05-08_00_19.121,276,6,18,0,-51.688,-78.813,1.533
2012-05-05-08_00_19.121,276,7,18,0,-60.658,-78.790,2.333
2012-05-05-08_00_19.122,276,7,18,0,-60.736,-78.766,2.333
2012-05-05-08_00_19.122,276,7,18,0,-60.680,-78.720,2.333
2012-05-05-08_00_19.123,276,0,18,1,-2.194,-78.788,2.042
2012-05-05-08_00_19.123,276,0,18,1,-2.167,-78.689,2.041
2012-05-05-08_00_19.124,276,0,18,1,-2.267,-78.765,2.041
2012-05-05-08_00_19.124,276,1,18,1,-11.212,-78.789,1.842
2012-05-05-08_00_19.125,276,1,18,1,-11.341,-78.721,1.941
2012-05-05-08_00_19.125,276,1,18,1,-11.236,-78.704,1.941
2012-05-05-08_00_19.126,276,2,18,1,-20.159,-78.718,1.442
2012-05-05-08_00_19.126,276,2,18,1,-20.232,-78.695,1.341
2012-05-05-08_00_19.126,276,2,18,1,-20.242,-78.693,1.441
2012-05-05-08_00_19.127,276,3,18,1,-29.181,-78.800,1.542
2012-05-05-08_00_19.127,276,3,18,1,-29.154,-78.701,1.841
2012-05-05-08_00_19.128,276,3,18,1,-29.254,-78.778,1.741
2012-05-05-08_00_19.128,276,4,18,1,-38.178,-78.802,1.142
2012-05-05-08_00_19.129,276,4,18,1,-38.150,-78.703,1.241
2012-05-05-08_00_19.129,276,4,18,1,-38.251,-78.779,1.141
2012-05-05-08_00_19.130,276,5,18,1,-47.194,-78.789,1.541
2012-05-05-08_00_19.130,276,5,18,1,-47.284,-78.764,1.541
2012-05-05-08_00_19.131,276,5,18,1,-47.253,-78.792,1.541
2012-05-05-08_00_19.131,276,6,18,1,-56.223,-78.862,1.542
2012-05-05-08_00_19.132,276,6,18,1,-56.196,-78.764,1.541
2012-05-05-08_00_19.132,276,6,18,1,-56.296,-78.840,1.541
2012-05-05-08_00_19.133,276,7,18,1,-65.191,-78.776,2.341
2012-05-05-08_00_19.133,276,7,18,1,-65.201,-78.774,2.341
2012-05-05-08_00_19.134,276,7,18,1,-65.181,-78.675,2.341
2012-05-05-08_00_19.134,276,0,19,0,2.265,-83.282,1.953
2012-05-05-08_00_19.135,276,0,19,0,2.295,-83.196,1.953
2012-05-05-08_00_19.135,276,0,19,0,2.189,-83.253,1.953
2012-05-05-08_00_19.136,276,1,19,0,-6.751,-83.290,1.953
2012-05-05-08_00_19.136,276,1,19,0,-6.831,-83.269,1.953
2012-05-05-08_00_19.137,276,1,19,0,-6.772,-83.212,1.953
2012-05-05-08_00_19.137,276,2,19,0,-15.700,-83.212,1.453
2012-05-05-08_00_19.138,276,2,19,0,-15.775,-83.183,1.453
2012-05-05-08_00_19.138,276,2,19,0,-15.721,-83.142,1.453
2012-05-05-08_00_19.139,276,3,19,0,-24.722,-83.294,1.853
2012-05-05-08_00_19.139,276,3,19,0,-24.692,-83.208,1.853
2012-05-05-08_00_19.141,276,3,19,0,-24.798,-83.266,1.753
2012-05-05-08_00_19.141,276,4,19,0,-33.719,-83.296,1.153
2012-05-05-08_00_19.142,276,4,19,0,-33.689,-83.210,1.153
2012-05-05-08_00_19.142,276,4,19,0,-33.794,-83.267,1.053
2012-05-05-08_00_19.143,276,5,19,0,-42.732,-83.296,1.553
2012-05-05-08_00_19.144,276,5,19,0,-42.684,-83.337,1.553
2012-05-05-08_00_19.144,276,5,19,0,-42.784,-83.312,1.653
2012-05-05-08_00_19.144,276,6,19,0,-51.764,-83.356,1.553
2012-05-05-08_00_19.145,276,6,19,0,-51.734,-83.271,1.553
2012-05-05-08_00_19.145,276,6,19,0,-51.840,-83.328,1.553
2012-05-05-08_00_19.146,276,7,19,0,-60.659,-83.293,2.453
2012-05-05-08_00_19.147,276,7,19,0,-60.734,-83.264,2.353
2012-05-05-08_00_19.147,276,7,19,0,-60.680,-83.223,2.353
2012-05-05-08_00_19.148,276,0,19,1,-2.192,-83.292,2.065
2012-05-05-08_00_19.148,276,0,19,1,-2.165,-83.196,2.065
2012-05-05-08_00_19.149,276,0,19,1,-2.268,-83.266,2.065
2012-05-05-08_00_19.149,276,1,19,1,-11.213,-83.290,1.865
2012-05-05-08_00_19.150,276,1,19,1,-11.339,-83.228,1.865
2012-05-05-08_00_19.150,276,1,19,1,-11.237,-83.211,1.865
2012-05-05-08_00_19.151,276,2,19,1,-20.157,-83.222,1.465
2012-05-05-08_00_19.151,276,2,19,1,-20.233,-83.195,1.465
2012-05-05-08_00_19.151,276,2,19,1,-20.240,-83.195,1.465
2012-05-05-08_00_19.152,276,3,19,1,-29.179,-83.304,1.565
2012-05-05-08_00_19.152,276,3,19,1,-29.152,-83.208,1.765
2012-05-05-08_00_19.153,276,3,19,1,-29.255,-83.278,1.765
2012-05-05-08_00_19.153,276,4,19,1,-38.176,-83.306,1.265
2012-05-05-08_00_19.154,276,4,19,1,-38.148,-83.210,1.165
2012-05-05-08_00_19.154,276,4,19,1,-38.251,-83.280,1.165
2012-05-05-08_00_19.155,276,5,19,1,-47.192,-83.296,1.565
2012-05-05-08_00_19.155,276,5,19,1,-47.282,-83.270,1.565
2012-05-05-08_00_19.157,276,5,19,1,-47.248,-83.298,1.565
2012-05-05-08_00_19.157,276,6,19,1,-56.194,-83.271,1.565
2012-05-05-08_00_19.158,276,6,19,1,-56.297,-83.340,1.565
2012-05-05-08_00_19.158,276,6,19,1,-56.304,-83.340,1.565
2012-05-05-08_00_19.159,276,7,19,1,-65.191,-83.276,2.365
2012-05-05-08_00_19.159,276,7,19,1,-65.199,-83.276,2.365
2012-05-05-08_00_19.160,276,7,19,1,-65.179,-83.181,2.365
2012-05-05-08_00_19.160,276,0,20,0,2.267,-87.783,1.978
2012-05-05-08_00_19.161,276,0,20,0,2.294,-87.696,1.978
2012-05-05-08_00_19.161,276,0,20,0,2.184,-87.754,1.978
2012-05-05-08_00_19.162,276,1,20,0,-6.751,-87.794,1.878
2012-05-05-08_00_19.162,276,1,20,0,-6.829,-87.768,1.778
2012-05-05-08_00_19.163,276,1,20,0,-6.773,-87.716,1.778
2012-05-05-08_00_19.163,276,2,20,0,-15.698,-87.713,1.478
2012-05-05-08_00_19.164,276,2,20,0,-15.781,-87.684,1.478
2012-05-05-08_00_19.164,276,2,20,0,-15.719,-87.640,1.478
2012-05-05-08_00_19.165,276,3,20,0,-24.720,-87.796,1.878
2012-05-05-08_00_19.165,276,3,20,0,-24.693,-87.708,1.878
2012-05-05-08_00_19.166,276,3,20,0,-24.803,-87.766,1.878
2012-05-05-08_00_19.166,276,4,20,0,-33.717,-87.797,1.078
2012-05-05-08_00_19.167,276,4,20,0,-33.689,-87.710,1.078
2012-05-05-08_00_19.167,276,4,20,0,-33.799,-87.768,1.078
2012-05-05-08_00_19.168,276,5,20,0,-42.733,-87.796,1.578
2012-05-05-08_00_19.168,276,5,20,0,-42.682,-87.836,1.478
2012-05-05-08_00_19.169,276,5,20,0,-42.782,-87.810,1.678
2012-05-05-08_00_19.169,276,6,20,0,-51.762,-87.858,1.578
2012-05-05-08_00_19.170,276,6,20,0,-51.735,-87.771,1.578
2012-05-05-08_00_19.170,276,6,20,0,-51.684,-87.811,1.578
2012-05-05-08_00_19.170,276,7,20,0,-60.657,-87.794,2.378
2012-05-05-08_00_19.171,276,7,20,0,-60.739,-87.765,2.378
2012-05-05-08_00_19.171,276,7,20,0,-60.678,-87.721,2.378
2012-05-05-08_00_19.172,276,0,20,1,-2.190,-87.791,1.987
2012-05-05-08_00_19.172,276,0,20,1,-2.273,-87.773,1.987
2012-05-05-08_00_19.174,276,0,20,1,-2.214,-87.710,1.987
2012-05-05-08_00_19.174,276,2,20,1,-20.155,-87.721,1.487
2012-05-05-08_00_19.175,276,2,20,1,-20.238,-87.703,1.487
2012-05-05-08_00_19.175,276,3,20,1,-29.177,-87.803,1.587
2012-05-05-08_00_19.176,276,3,20,1,-29.260,-87.785,1.787
2012-05-05-08_00_19.176,276,3,20,1,-29.201,-87.723,1.787
2012-05-05-08_00_19.177,276,4,20,1,-38.174,-87.805,1.287
2012-05-05-08_00_19.177,276,4,20,1,-38.257,-87.787,1.287
2012-05-05-08_00_19.178,276,4,20,1,-38.198,-87.724,1.287
2012-05-05-08_00_19.179,276,5,20,1,-47.241,-87.810,1.587
2012-05-05-08_00_19.180,276,6,20,1,-56.219,-87.866,1.587
2012-05-05-08_00_19.180,276,6,20,1,-56.302,-87.848,1.587
2012-05-05-08_00_19.181,276,6,20,1,-56.243,-87.785,1.587
2012-05-05-08_00_19.181,276,7,20,1,-65.197,-87.784,2.387
2012-05-05-08_00_19.182,276,7,20,1,-65.138,-87.721,2.387
2012-05-05-08_00_19.182,276,0,21,0,2.266,-92.283,1.996
2012-05-05-08_00_19.183,276,0,21,0,2.294,-92.190,2.096
2012-05-05-08_00_19.183,276,0,21,0,2.186,-92.257,1.996
2012-05-05-08_00_19.184,276,1,21,0,-6.754,-92.295,1.896
2012-05-05-08_00_19.184,276,1,21,0,-6.832,-92.269,1.896
2012-05-05-08_00_19.185,276,1,21,0,-6.773,-92.210,1.896
2012-05-05-08_00_19.185,276,2,21,0,-15.698,-92.213,1.396
2012-05-05-08_00_19.186,276,2,21,0,-15.779,-92.187,1.396
2012-05-05-08_00_19.186,276,2,21,0,-15.720,-92.134,1.396
2012-05-05-08_00_19.187,276,3,21,0,-24.720,-92.295,1.796
2012-05-05-08_00_19.187,276,3,21,0,-24.693,-92.203,1.896
2012-05-05-08_00_19.188,276,3,21,0,-24.801,-92.269,1.796
2012-05-05-08_00_19.188,276,4,21,0,-33.717,-92.297,1.096
2012-05-05-08_00_19.189,276,4,21,0,-33.690,-92.204,1.096
2012-05-05-08_00_19.189,276,4,21,0,-33.797,-92.271,1.096
2012-05-05-08_00_19.190,276,5,21,0,-42.733,-92.290,1.596
2012-05-05-08_00_19.190,276,5,21,0,-42.685,-92.337,1.496
2012-05-05-08_00_19.191,276,5,21,0,-42.782,-92.304,1.696
2012-05-05-08_00_19.191,276,6,21,0,-51.762,-92.357,1.496
2012-05-05-08_00_19.192,276,6,21,0,-51.735,-92.265,1.496
2012-05-05-08_00_19.192,276,6,21,0,-51.686,-92.312,1.496
2012-05-05-08_00_19.193,276,7,21,0,-60.657,-92.293,2.396
2012-05-05-08_00_19.193,276,7,21,0,-60.737,-92.268,2.296
2012-05-05-08_00_19.194,276,7,21,0,-60.679,-92.215,2.396
2012-05-05-08_00_19.194,276,0,21,1,-2.193,-92.289,2.104
2012-05-05-08_00_19.194,276,0,21,1,-2.168,-92.190,2.004
2012-05-05-08_00_19.195,276,0,21,1,-2.266,-92.270,2.104
2012-05-05-08_00_19.195,276,1,21,1,-11.214,-92.296,2.004
2012-05-05-08_00_19.196,276,1,21,1,-11.342,-92.222,2.004
2012-05-05-08_00_19.196,276,1,21,1,-11.235,-92.210,1.904
2012-05-05-08_00_19.197,276,2,21,1,-20.158,-92.219,1.404
2012-05-05-08_00_19.197,276,2,21,1,-20.231,-92.200,1.404
2012-05-05-08_00_19.198,276,2,21,1,-20.241,-92.199,1.404
2012-05-05-08_00_19.198,276,3,21,1,-29.180,-92.301,1.504
2012-05-05-08_00_19.199,276,3,21,1,-29.155,-92.202,1.804
2012-05-05-08_00_19.199,276,3,21,1,-29.253,-92.282,1.804
2012-05-05-08_00_19.200,276,4,21,1,-38.177,-92.303,1.104
2012-05-05-08_00_19.200,276,4,21,1,-38.152,-92.204,1.104
2012-05-05-08_00_19.201,276,4,21,1,-38.250,-92.284,1.204
2012-05-05-08_00_19.201,276,5,21,1,-47.195,-92.290,1.604
2012-05-05-08_00_19.202,276,5,21,1,-47.281,-92.270,1.604
2012-05-05-08_00_19.202,276,5,21,1,-47.251,-92.291,1.504
2012-05-05-08_00_19.203,276,6,21,1,-56.222,-92.364,1.504
2012-05-05-08_00_19.203,276,6,21,1,-56.197,-92.265,1.604
2012-05-05-08_00_19.204,276,6,21,1,-56.295,-92.344,1.604
2012-05-05-08_00_19.204,276,7,21,1,-65.190,-92.281,2.304
2012-05-05-08_00_19.205,276,7,21,1,-65.200,-92.280,2.304
2012-05-05-08_00_19.205,276,7,21,1,-65.177,-92.181,2.304
2012-05-05-08_00_19.207,276,0,22,0,2.269,-96.779,2.016
2012-05-05-08_00_19.207,276,0,22,0,2.296,-96.691,2.016
2012-05-05-08_00_19.208,276,0,22,0,2.186,-96.757,2.016
2012-05-05-08_00_19.208,276,1,22,0,-6.757,-96.794,1.916
2012-05-05-08_00_19.209,276,1,22,0,-6.832,-96.775,1.816
2012-05-05-08_00_19.210,276,1,22,0,-6.776,-96.708,1.816
2012-05-05-08_00_19.211,276,2,22,0,-15.696,-96.709,1.316
2012-05-05-08_00_19.211,276,2,22,0,-15.779,-96.687,1.316
2012-05-05-08_00_19.212,276,2,22,0,-15.718,-96.640,1.316
2012-05-05-08_00_19.212,276,3,22,0,-24.718,-96.792,1.816
2012-05-05-08_00_19.213,276,3,22,0,-24.691,-96.703,1.816
2012-05-05-08_00_19.213,276,3,22,0,-24.801,-96.770,1.816
2012-05-05-08_00_19.214,276,4,22,0,-33.715,-96.793,1.116
2012-05-05-08_00_19.214,276,4,22,0,-33.688,-96.705,1.116
2012-05-05-08_00_19.215,276,4,22,0,-33.798,-96.771,1.116
2012-05-05-08_00_19.215,276,5,22,0,-42.731,-96.791,1.516
2012-05-05-08_00_19.216,276,5,22,0,-42.685,-96.843,1.516
2012-05-05-08_00_19.216,276,5,22,0,-42.780,-96.810,1.516
2012-05-05-08_00_19.217,276,6,22,0,-51.760,-96.854,1.516
2012-05-05-08_00_19.217,276,6,22,0,-51.733,-96.766,1.516
2012-05-05-08_00_19.218,276,6,22,0,-51.687,-96.817,1.516
2012-05-05-08_00_19.218,276,7,22,0,-60.655,-96.790,2.316
2012-05-05-08_00_19.219,276,7,22,0,-60.738,-96.768,2.316
2012-05-05-08_00_19.219,276,7,22,0,-60.677,-96.721,2.316
2012-05-05-08_00_19.220,276,0,22,1,-2.191,-96.786,2.025
2012-05-05-08_00_19.220,276,0,22,1,-2.168,-96.691,2.025
2012-05-05-08_00_19.221,276,0,22,1,-2.264,-96.768,2.025
2012-05-05-08_00_19.221,276,1,22,1,-11.214,-96.794,1.925
2012-05-05-08_00_19.222,276,1,22,1,-11.343,-96.723,1.925
2012-05-05-08_00_19.222,276,1,22,1,-11.235,-96.708,1.925
2012-05-05-08_00_19.223,276,2,22,1,-20.156,-96.716,1.425
2012-05-05-08_00_19.223,276,2,22,1,-20.229,-96.698,1.425
2012-05-05-08_00_19.224,276,2,22,1,-20.234,-96.697,1.425
2012-05-05-08_00_19.224,276,3,22,1,-29.178,-96.798,1.525
2012-05-05-08_00_19.225,276,3,22,1,-29.155,-96.703,1.725
2012-05-05-08_00_19.225,276,3,22,1,-29.251,-96.780,1.525
2012-05-05-08_00_19.226,276,4,22,1,-38.175,-96.800,1.125
2012-05-05-08_00_19.226,276,4,22,1,-38.152,-96.705,1.125
2012-05-05-08_00_19.227,276,4,22,1,-38.248,-96.782,1.125
2012-05-05-08_00_19.227,276,5,22,1,-47.196,-96.791,1.525
2012-05-05-08_00_19.228,276,5,22,1,-47.279,-96.768,1.525
2012-05-05-08_00_19.228,276,5,22,1,-47.249,-96.791,1.525
2012-05-05-08_00_19.229,276,6,22,1,-56.220,-96.861,1.525
2012-05-05-08_00_19.229,276,6,22,1,-56.197,-96.766,1.625
2012-05-05-08_00_19.230,276,6,22,1,-56.293,-96.842,1.525
2012-05-05-08_00_19.230,276,7,22,1,-65.188,-96.779,2.225
2012-05-05-08_00_19.231,276,7,22,1,-65.193,-96.778,2.325
2012-05-05-08_00_19.231,276,7,22,1,-65.175,-96.679,2.325
2012-05-05-08_00_19.232,276,0,23,0,2.268,-101.279,2.040
2012-05-05-08_00_19.232,276,0,23,0,2.296,-101.191,1.940
2012-05-05-08_00_19.233,276,0,23,0,2.188,-101.254,1.940
2012-05-05-08_00_19.233,276,1,23,0,-6.760,-101.289,1.840
2012-05-05-08_00_19.233,276,1,23,0,-6.830,-101.270,1.940
2012-05-05-08_00_19.234,276,1,23,0,-6.776,-101.205,1.840
2012-05-05-08_00_19.234,276,2,23,0,-15.697,-101.208,1.240
2012-05-05-08_00_19.235,276,2,23,0,-15.777,-101.184,1.240
2012-05-05-08_00_19.235,276,2,23,0,-15.718,-101.140,1.240
2012-05-05-08_00_19.236,276,3,23,0,-24.719,-101.291,1.840
2012-05-05-08_00_19.236,276,3,23,0,-24.691,-101.203,1.740
2012-05-05-08_00_19.237,276,3,23,0,-24.799,-101.266,1.740
2012-05-05-08_00_19.237,276,4,23,0,-33.715,-101.293,1.040
2012-05-05-08_00_19.238,276,4,23,0,-33.688,-101.205,1.140
2012-05-05-08_00_19.238,276,4,23,0,-33.796,-101.268,1.140
2012-05-05-08_00_19.239,276,5,23,0,-42.732,-101.291,1.440
2012-05-05-08_00_19.239,276,5,23,0,-42.683,-101.338,1.440
2012-05-05-08_00_19.241,276,5,23,0,-42.781,-101.310,1.340
2012-05-05-08_00_19.241,276,6,23,0,-51.761,-101.353,1.540
2012-05-05-08_00_19.242,276,6,23,0,-51.733,-101.265,1.540
2012-05-05-08_00_19.242,276,6,23,0,-51.685,-101.313,1.540
2012-05-05-08_00_19.243,276,7,23,0,-60.655,-101.289,2.240
2012-05-05-08_00_19.243,276,7,23,0,-60.736,-101.265,2.240
2012-05-05-08_00_19.244,276,7,23,0,-60.677,-101.221,2.240
2012-05-05-08_00_19.244,276,0,23,1,-2.179,-101.276,2.040
2012-05-05-08_00_19.245,276,0,23,1,-2.169,-101.190,2.040
2012-05-05-08_00_19.245,276,0,23,1,-2.260,-101.265,2.040
2012-05-05-08_00_19.246,276,1,23,1,-11.354,-101.308,1.940
2012-05-05-08_00_19.246,276,1,23,1,-11.343,-101.222,1.840
2012-05-05-08_00_19.246,276,1,23,1,-11.236,-101.205,1.940
2012-05-05-08_00_19.247,276,2,23,1,-20.144,-101.206,1.440
2012-05-05-08_00_19.247,276,2,23,1,-20.225,-101.194,1.440
2012-05-05-08_00_19.248,276,2,23,1,-20.232,-101.194,1.340
2012-05-05-08_00_19.248,276,3,23,1,-29.166,-101.288,1.640
2012-05-05-08_00_19.249,276,3,23,1,-29.156,-101.203,1.740
2012-05-05-08_00_19.249,276,3,23,1,-29.247,-101.277,1.840
2012-05-05-08_00_19.250,276,4,23,1,-38.163,-101.290,1.140
2012-05-05-08_00_19.250,276,4,23,1,-38.152,-101.204,1.140
2012-05-05-08_00_19.251,276,4,23,1,-38.243,-101.279,1.140
2012-05-05-08_00_19.251,276,5,23,1,-47.196,-101.290,1.540
2012-05-05-08_00_19.252,276,5,23,1,-47.277,-101.266,1.540
2012-05-05-08_00_19.252,276,5,23,1,-47.247,-101.291,1.540
2012-05-05-08_00_19.253,276,6,23,1,-56.208,-101.350,1.540
2012-05-05-08_00_19.253,276,6,23,1,-56.198,-101.265,1.540
2012-05-05-08_00_19.253,276,6,23,1,-56.289,-101.339,1.540
2012-05-05-08_00_19.254,276,7,23,1,-65.183,-101.275,2.040
2012-05-05-08_00_19.254,276,7,23,1,-65.191,-101.274,2.040
2012-05-05-08_00_19.255,276,7,23,1,-65.173,-101.176,2.140
