2012-05-05-00_18_05.512,157,0,0,0,2.256,2.217,1.665
2012-05-05-00_18_05.514,157,0,0,0,2.293,2.304,1.665
2012-05-05-00_18_05.516,157,0,0,0,2.195,2.246,1.565
2012-05-05-00_18_05.518,157,1,0,0,-6.755,2.207,2.165
2012-05-05-00_18_05.521,157,1,0,0,-6.830,2.233,2.165
2012-05-05-00_18_05.523,157,1,0,0,-6.771,2.285,2.165
2012-05-05-00_18_05.525,157,2,0,0,-15.709,2.287,1.765
2012-05-05-00_18_05.526,157,2,0,0,-15.770,2.316,1.765
2012-05-05-00_18_05.528,157,2,0,0,-15.716,2.361,1.765
2012-05-05-00_18_05.529,157,3,0,0,-24.731,2.204,2.765
2012-05-05-00_18_05.531,157,3,0,0,-24.694,2.292,2.765
2012-05-05-00_18_05.532,157,3,0,0,-24.792,2.234,2.765
2012-05-05-00_18_05.534,157,4,0,0,-33.728,2.203,1.765
2012-05-05-00_18_05.535,157,4,0,0,-33.690,2.290,1.765
2012-05-05-00_18_05.535,157,4,0,0,-33.788,2.232,1.765
2012-05-05-00_18_05.536,157,5,0,0,-42.734,2.204,2.065
2012-05-05-00_18_05.537,157,5,0,0,-42.683,2.165,2.065
2012-05-05-00_18_05.538,157,5,0,0,-42.778,2.191,2.065
2012-05-05-00_18_05.538,157,6,0,0,-51.773,2.142,1.565
2012-05-05-00_18_05.539,157,6,0,0,-51.736,2.229,1.565
2012-05-05-00_18_05.546,157,6,0,0,-51.834,2.172,1.465
2012-05-05-00_18_05.546,157,7,0,0,-60.668,2.206,2.365
2012-05-05-00_18_05.547,157,7,0,0,-60.729,2.235,2.365
2012-05-05-00_18_05.548,157,7,0,0,-60.675,2.280,2.365
2012-05-05-00_18_05.548,157,0,0,1,-2.189,2.209,2.365
2012-05-05-00_18_05.549,157,0,0,1,-2.164,2.304,2.365
2012-05-05-00_18_05.549,157,0,0,1,-2.257,2.232,2.365
2012-05-05-00_18_05.550,157,1,0,1,-11.205,2.207,2.365
2012-05-05-00_18_05.551,157,1,0,1,-11.339,2.273,2.465
2012-05-05-00_18_05.551,157,1,0,1,-11.229,2.286,2.465
2012-05-05-00_18_05.552,157,2,0,1,-20.154,2.279,1.865
2012-05-05-00_18_05.552,157,2,0,1,-20.222,2.302,1.865
2012-05-05-00_18_05.553,157,2,0,1,-20.230,2.303,1.765
2012-05-05-00_18_05.553,157,3,0,1,-29.176,2.197,2.665
2012-05-05-00_18_05.554,157,3,0,1,-29.151,2.292,2.865
2012-05-05-00_18_05.554,157,3,0,1,-29.244,2.220,2.765
2012-05-05-00_18_05.554,157,4,0,1,-38.173,2.195,2.465
2012-05-05-00_18_05.555,157,4,0,1,-38.148,2.290,2.365
2012-05-05-00_18_05.555,157,4,0,1,-38.241,2.218,2.365
2012-05-05-00_18_05.556,157,5,0,1,-47.191,2.205,1.165
2012-05-05-00_18_05.556,157,5,0,1,-47.274,2.226,1.165
2012-05-05-00_18_05.557,157,5,0,1,-47.245,2.203,1.165
2012-05-05-00_18_05.557,157,6,0,1,-56.218,2.134,2.265
2012-05-05-00_18_05.558,157,6,0,1,-56.193,2.230,2.265
2012-05-05-00_18_05.558,157,6,0,1,-56.286,2.157,2.265
2012-05-05-00_18_05.559,157,7,0,1,-65.181,2.221,1.465
2012-05-05-00_18_05.559,157,7,0,1,-65.188,2.222,1.365
2012-05-05-00_18_05.559,157,7,0,1,-65.171,2.315,1.465
2012-05-05-00_18_05.560,157,0,1,0,2.270,-2.283,1.678
2012-05-05-00_18_05.561,157,0,1,0,2.295,-2.190,1.678
2012-05-05-00_18_05.562,157,0,1,0,2.197,-2.258,1.678
2012-05-05-00_18_05.563,157,1,1,0,-6.750,-2.295,1.578
2012-05-05-00_18_05.563,157,1,1,0,-6.828,-2.268,1.478
2012-05-05-00_18_05.564,157,1,1,0,-6.772,-2.209,1.478
2012-05-05-00_18_05.565,157,2,1,0,-15.695,-2.213,1.178
2012-05-05-00_18_05.566,157,2,1,0,-15.768,-2.188,1.178
2012-05-05-00_18_05.566,157,2,1,0,-15.748,-2.198,1.178
2012-05-05-00_18_05.567,157,3,1,0,-24.717,-2.295,1.278
2012-05-05-00_18_05.567,157,3,1,0,-24.692,-2.202,1.278
2012-05-05-00_18_05.568,157,3,1,0,-24.790,-2.270,1.278
2012-05-05-00_18_05.568,157,4,1,0,-33.713,-2.297,0.678
2012-05-05-00_18_05.568,157,4,1,0,-33.688,-2.204,0.578
2012-05-05-00_18_05.569,157,4,1,0,-33.786,-2.272,0.478
2012-05-05-00_18_05.569,157,5,1,0,-42.732,-2.289,1.478
2012-05-05-00_18_05.570,157,5,1,0,-42.681,-2.336,1.478
2012-05-05-00_18_05.571,157,5,1,0,-42.774,-2.304,1.378
2012-05-05-00_18_05.571,157,6,1,0,-51.759,-2.358,0.878
2012-05-05-00_18_05.572,157,6,1,0,-51.734,-2.264,0.778
2012-05-05-00_18_05.572,157,6,1,0,-51.832,-2.333,0.878
2012-05-05-00_18_05.572,157,7,1,0,-60.654,-2.294,1.578
2012-05-05-00_18_05.573,157,7,1,0,-60.727,-2.269,1.578
2012-05-05-00_18_05.573,157,7,1,0,-60.670,-2.215,1.578
2012-05-05-00_18_05.574,157,0,1,1,-2.192,-2.289,1.888
2012-05-05-00_18_05.574,157,0,1,1,-2.164,-2.189,1.888
2012-05-05-00_18_05.575,157,0,1,1,-2.260,-2.271,1.788
2012-05-05-00_18_05.575,157,1,1,1,-11.203,-2.295,1.288
2012-05-05-00_18_05.576,157,1,1,1,-11.339,-2.221,1.288
2012-05-05-00_18_05.576,157,1,1,1,-11.229,-2.209,1.288
2012-05-05-00_18_05.577,157,2,1,1,-20.157,-2.219,1.088
2012-05-05-00_18_05.577,157,2,1,1,-20.225,-2.201,1.088
2012-05-05-00_18_05.578,157,2,1,1,-20.232,-2.200,4.988
2012-05-05-00_18_05.578,157,3,1,1,-29.179,-2.301,0.988
2012-05-05-00_18_05.579,157,3,1,1,-29.151,-2.201,0.988
2012-05-05-00_18_05.589,157,3,1,1,-29.247,-2.283,0.988
2012-05-05-00_18_05.589,157,4,1,1,-38.176,-2.303,0.588
2012-05-05-00_18_05.590,157,4,1,1,-38.148,-2.203,0.588
2012-05-05-00_18_05.591,157,4,1,1,-38.244,-2.285,0.588
2012-05-05-00_18_05.591,157,5,1,1,-47.192,-2.289,0.888
2012-05-05-00_18_05.591,157,5,1,1,-47.277,-2.269,0.788
2012-05-05-00_18_05.592,157,5,1,1,-47.248,-2.292,0.788
2012-05-05-00_18_05.592,157,6,1,1,-56.221,-2.364,1.088
2012-05-05-00_18_05.593,157,6,1,1,-56.193,-2.264,1.088
2012-05-05-00_18_05.593,157,6,1,1,-56.289,-2.346,0.988
2012-05-05-00_18_05.594,157,7,1,1,-65.184,-2.282,1.488
2012-05-05-00_18_05.594,157,7,1,1,-65.191,-2.281,5.588
2012-05-05-00_18_05.595,157,7,1,1,-65.173,-2.180,1.688
2012-05-05-00_18_05.595,157,0,2,0,2.260,-6.780,1.802
2012-05-05-00_18_05.596,157,0,2,0,2.295,-6.689,1.802
2012-05-05-00_18_05.596,157,0,2,0,2.197,-6.758,1.802
2012-05-05-00_18_05.597,157,1,2,0,-6.748,-6.793,1.702
2012-05-05-00_18_05.597,157,1,2,0,-6.829,-6.772,1.702
2012-05-05-00_18_05.598,157,1,2,0,-6.770,-6.706,1.702
2012-05-05-00_18_05.598,157,2,2,0,-15.705,-6.710,0.902
2012-05-05-00_18_05.599,157,2,2,0,-15.768,-6.688,0.902
2012-05-05-00_18_05.599,157,2,2,0,-15.712,-6.637,0.902
2012-05-05-00_18_05.601,157,3,2,0,-24.727,-6.792,1.402
2012-05-05-00_18_05.601,157,3,2,0,-24.692,-6.701,1.402
2012-05-05-00_18_05.602,157,3,2,0,-24.790,-6.770,1.402
2012-05-05-00_18_05.602,157,4,2,0,-33.724,-6.794,0.702
2012-05-05-00_18_05.603,157,4,2,0,-33.689,-6.703,0.702
2012-05-05-00_18_05.603,157,4,2,0,-33.787,-6.772,0.702
2012-05-05-00_18_05.604,157,5,2,0,-42.733,-6.789,1.002
2012-05-05-00_18_05.604,157,5,2,0,-42.682,-6.840,1.002
2012-05-05-00_18_05.605,157,5,2,0,-42.774,-6.807,1.002
2012-05-05-00_18_05.605,157,6,2,0,-51.769,-6.855,1.102
2012-05-05-00_18_05.606,157,6,2,0,-51.734,-6.764,1.002
2012-05-05-00_18_05.606,157,6,2,0,-51.832,-6.833,1.002
2012-05-05-00_18_05.607,157,7,2,0,-60.664,-6.791,1.702
2012-05-05-00_18_05.607,157,7,2,0,-60.727,-6.769,1.602
2012-05-05-00_18_05.608,157,7,2,0,-60.671,-6.718,1.702
2012-05-05-00_18_05.608,157,0,2,1,-2.192,-6.786,1.810
2012-05-05-00_18_05.609,157,0,2,1,-2.165,-6.689,1.810
2012-05-05-00_18_05.609,157,0,2,1,-2.266,-6.769,1.810
2012-05-05-00_18_05.610,157,1,2,1,-11.206,-6.793,1.610
2012-05-05-00_18_05.610,157,1,2,1,-11.339,-6.721,1.610
2012-05-05-00_18_05.610,157,1,2,1,-11.227,-6.706,1.610
2012-05-05-00_18_05.611,157,2,2,1,-20.157,-6.716,0.910
2012-05-05-00_18_05.611,157,2,2,1,-20.230,-6.699,0.910
2012-05-05-00_18_05.612,157,2,2,1,-20.235,-6.697,0.910
2012-05-05-00_18_05.612,157,3,2,1,-29.179,-6.799,1.210
2012-05-05-00_18_05.613,157,3,2,1,-29.152,-6.701,1.110
2012-05-05-00_18_05.613,157,3,2,1,-29.252,-6.781,1.110
2012-05-05-00_18_05.614,157,4,2,1,-38.176,-6.800,0.710
2012-05-05-00_18_05.614,157,4,2,1,-38.148,-6.703,0.710
2012-05-05-00_18_05.615,157,4,2,1,-38.249,-6.783,0.710
2012-05-05-00_18_05.615,157,5,2,1,-47.192,-6.789,1.010
2012-05-05-00_18_05.615,157,5,2,1,-47.277,-6.767,1.010
2012-05-05-00_18_05.616,157,5,2,1,-47.248,-6.792,1.010
2012-05-05-00_18_05.616,157,6,2,1,-56.221,-6.861,1.110
2012-05-05-00_18_05.617,157,6,2,1,-56.194,-6.764,1.110
2012-05-05-00_18_05.617,157,6,2,1,-56.295,-6.844,1.110
2012-05-05-00_18_05.618,157,7,2,1,-65.189,-6.780,1.510
2012-05-05-00_18_05.618,157,7,2,1,-65.194,-6.778,1.510
2012-05-05-00_18_05.619,157,7,2,1,-65.174,-6.678,1.710
2012-05-05-00_18_05.619,157,0,3,0,2.269,-11.278,1.920
2012-05-05-00_18_05.620,157,0,3,0,2.294,-11.191,1.920
2012-05-05-00_18_05.621,157,0,3,0,2.196,-11.255,1.920
2012-05-05-00_18_05.622,157,1,3,0,-6.746,-11.290,1.820
2012-05-05-00_18_05.622,157,1,3,0,-6.827,-11.270,1.820
2012-05-05-00_18_05.623,157,1,3,0,-6.765,-11.205,1.720
2012-05-05-00_18_05.623,157,2,3,0,-15.696,-11.208,1.120
2012-05-05-00_18_05.624,157,2,3,0,-15.769,-11.185,1.120
2012-05-05-00_18_05.624,157,2,3,0,-15.715,-11.140,1.120
2012-05-05-00_18_05.625,157,3,3,0,-24.718,-11.290,1.520
2012-05-05-00_18_05.625,157,3,3,0,-24.693,-11.203,1.520
2012-05-05-00_18_05.626,157,3,3,0,-24.791,-11.268,1.520
2012-05-05-00_18_05.626,157,4,3,0,-33.714,-11.292,0.720
2012-05-05-00_18_05.627,157,4,3,0,-33.689,-11.205,0.820
2012-05-05-00_18_05.627,157,4,3,0,-33.787,-11.269,0.720
2012-05-05-00_18_05.628,157,5,3,0,-42.733,-11.291,1.120
2012-05-05-00_18_05.628,157,5,3,0,-42.680,-11.338,1.120
2012-05-05-00_18_05.628,157,5,3,0,-42.777,-11.310,1.120
2012-05-05-00_18_05.629,157,6,3,0,-51.760,-11.353,1.120
2012-05-05-00_18_05.629,157,6,3,0,-51.735,-11.266,1.120
2012-05-05-00_18_05.630,157,6,3,0,-51.833,-11.330,1.020
2012-05-05-00_18_05.630,157,7,3,0,-60.654,-11.289,1.720
2012-05-05-00_18_05.631,157,7,3,0,-60.727,-11.266,1.820
2012-05-05-00_18_05.631,157,7,3,0,-60.673,-11.221,1.720
2012-05-05-00_18_05.632,157,0,3,1,-2.188,-11.289,1.928
2012-05-05-00_18_05.632,157,0,3,1,-2.163,-11.190,7.227
2012-05-05-00_18_05.633,157,0,3,1,-2.266,-11.265,1.827
2012-05-05-00_18_05.633,157,1,3,1,-11.204,-11.289,1.728
2012-05-05-00_18_05.634,157,1,3,1,-11.337,-11.222,4.027
2012-05-05-00_18_05.634,157,1,3,1,-11.227,-11.205,1.727
2012-05-05-00_18_05.635,157,2,3,1,-20.153,-11.219,1.028
2012-05-05-00_18_05.635,157,2,3,1,-20.231,-11.195,1.127
2012-05-05-00_18_05.636,157,2,3,1,-20.238,-11.194,1.127
2012-05-05-00_18_05.636,157,3,3,1,-29.175,-11.301,1.228
2012-05-05-00_18_05.637,157,3,3,1,-29.150,-11.202,8.127
2012-05-05-00_18_05.637,157,3,3,1,-29.253,-11.278,1.227
2012-05-05-00_18_05.638,157,4,3,1,-38.171,-11.303,0.828
2012-05-05-00_18_05.638,157,4,3,1,-38.146,-11.204,2.027
2012-05-05-00_18_05.639,157,4,3,1,-38.249,-11.279,0.727
2012-05-05-00_18_05.639,157,5,3,1,-47.190,-11.290,5.127
2012-05-05-00_18_05.640,157,5,3,1,-47.280,-11.266,1.027
2012-05-05-00_18_05.640,157,5,3,1,-47.249,-11.292,1.027
2012-05-05-00_18_05.641,157,6,3,1,-56.217,-11.363,1.128
2012-05-05-00_18_05.641,157,6,3,1,-56.192,-11.265,2.527
2012-05-05-00_18_05.641,157,6,3,1,-56.295,-11.340,1.127
2012-05-05-00_18_05.642,157,7,3,1,-65.190,-11.276,1.727
2012-05-05-00_18_05.642,157,7,3,1,-65.197,-11.275,1.727
2012-05-05-00_18_05.643,157,7,3,1,-65.177,-11.176,1.727
2012-05-05-00_18_05.643,157,0,4,0,2.269,-15.781,2.039
2012-05-05-00_18_05.644,157,0,4,0,2.296,-15.696,2.039
2012-05-05-00_18_05.644,157,0,4,0,2.193,-15.753,4.239
2012-05-05-00_18_05.645,157,1,4,0,-6.739,-15.790,1.839
2012-05-05-00_18_05.645,157,1,4,0,-6.825,-15.769,1.839
2012-05-05-00_18_05.646,157,1,4,0,-6.766,-15.712,1.839
2012-05-05-00_18_05.646,157,2,4,0,-15.696,-15.711,1.139
2012-05-05-00_18_05.647,157,2,4,0,-15.772,-15.683,1.239
2012-05-05-00_18_05.647,157,2,4,0,-15.715,-15.642,1.139
2012-05-05-00_18_05.648,157,3,4,0,-24.718,-15.793,1.539
2012-05-05-00_18_05.648,157,3,4,0,-24.691,-15.708,1.639
2012-05-05-00_18_05.649,157,3,4,0,-24.794,-15.765,1.439
2012-05-05-00_18_05.649,157,4,4,0,-33.715,-15.795,0.839
2012-05-05-00_18_05.650,157,4,4,0,-33.687,-15.710,0.839
2012-05-05-00_18_05.651,157,4,4,0,-33.790,-15.767,0.839
2012-05-05-00_18_05.652,157,5,4,0,-42.731,-15.796,1.039
2012-05-05-00_18_05.653,157,5,4,0,-42.678,-15.837,1.039
2012-05-05-00_18_05.654,157,5,4,0,-42.777,-15.812,1.139
2012-05-05-00_18_05.654,157,6,4,0,-51.760,-15.856,1.139
2012-05-05-00_18_05.655,157,6,4,0,-51.733,-15.771,1.139
2012-05-05-00_18_05.655,157,6,4,0,-51.836,-15.828,1.139
2012-05-05-00_18_05.656,157,7,4,0,-60.655,-15.792,1.839
2012-05-05-00_18_05.656,157,7,4,0,-60.730,-15.764,13.239
2012-05-05-00_18_05.656,157,7,4,0,-60.674,-15.723,1.839
2012-05-05-00_18_05.657,157,0,4,1,-2.186,-15.793,1.950
2012-05-05-00_18_05.657,157,0,4,1,-2.158,-15.697,1.950
2012-05-05-00_18_05.658,157,0,4,1,-2.264,-15.765,1.950
2012-05-05-00_18_05.658,157,1,4,1,-11.206,-15.791,1.750
2012-05-05-00_18_05.659,157,1,4,1,-11.333,-15.728,1.750
2012-05-05-00_18_05.659,157,1,4,1,-11.228,-15.711,1.750
2012-05-05-00_18_05.660,157,2,4,1,-20.151,-15.723,1.150
2012-05-05-00_18_05.660,157,2,4,1,-20.229,-15.695,1.150
2012-05-05-00_18_05.661,157,2,4,1,-20.236,-15.695,1.150
2012-05-05-00_18_05.661,157,3,4,1,-29.173,-15.805,1.250
2012-05-05-00_18_05.662,157,3,4,1,-29.145,-15.709,1.250
2012-05-05-00_18_05.662,157,3,4,1,-29.251,-15.777,1.250
2012-05-05-00_18_05.663,157,4,4,1,-38.170,-15.807,0.850
2012-05-05-00_18_05.664,157,4,4,1,-38.142,-15.711,0.750
2012-05-05-00_18_05.664,157,4,4,1,-38.247,-15.779,0.850
2012-05-05-00_18_05.664,157,5,4,1,-47.186,-15.796,1.150
2012-05-05-00_18_05.665,157,5,4,1,-47.278,-15.771,1.150
2012-05-05-00_18_05.665,157,5,4,1,-47.247,-15.798,1.150
2012-05-05-00_18_05.666,157,6,4,1,-56.187,-15.771,1.150
2012-05-05-00_18_05.666,157,6,4,1,-56.293,-15.840,1.150
2012-05-05-00_18_05.667,157,6,4,1,-56.300,-15.840,1.150
2012-05-05-00_18_05.667,157,7,4,1,-65.188,-15.776,1.750
2012-05-05-00_18_05.668,157,7,4,1,-65.195,-15.776,1.750
2012-05-05-00_18_05.668,157,7,4,1,-65.175,-15.681,1.850
2012-05-05-00_18_05.669,157,0,5,0,2.266,-20.283,2.064
2012-05-05-00_18_05.669,157,0,5,0,2.293,-20.197,2.064
2012-05-05-00_18_05.670,157,0,5,0,2.190,-20.253,1.964
2012-05-05-00_18_05.670,157,1,5,0,-6.742,-20.294,1.864
2012-05-05-00_18_05.671,157,1,5,0,-6.823,-20.268,1.864
2012-05-05-00_18_05.671,157,1,5,0,-6.764,-20.216,1.764
2012-05-05-00_18_05.672,157,2,5,0,-15.699,-20.213,1.164
2012-05-05-00_18_05.672,157,2,5,0,-15.774,-20.183,1.164
2012-05-05-00_18_05.673,157,2,5,0,-15.718,-20.140,1.164
2012-05-05-00_18_05.673,157,3,5,0,-24.721,-20.295,1.564
2012-05-05-00_18_05.674,157,3,5,0,-24.694,-20.209,1.564
2012-05-05-00_18_05.674,157,3,5,0,-24.796,-20.265,1.564
2012-05-05-00_18_05.675,157,4,5,0,-33.718,-20.297,0.864
2012-05-05-00_18_05.675,157,4,5,0,-33.690,-20.211,0.864
2012-05-05-00_18_05.676,157,4,5,0,-33.793,-20.267,0.864
2012-05-05-00_18_05.676,157,5,5,0,-42.734,-20.297,1.064
2012-05-05-00_18_05.676,157,5,5,0,-42.676,-20.336,1.064
2012-05-05-00_18_05.677,157,5,5,0,-42.780,-20.310,1.064
2012-05-05-00_18_05.677,157,6,5,0,-51.763,-20.358,1.064
2012-05-05-00_18_05.678,157,6,5,0,-51.736,-20.272,1.064
2012-05-05-00_18_05.678,157,6,5,0,-51.839,-20.328,1.064
2012-05-05-00_18_05.679,157,7,5,0,-60.658,-20.294,1.864
2012-05-05-00_18_05.679,157,7,5,0,-60.733,-20.264,1.864
2012-05-05-00_18_05.680,157,7,5,0,-60.677,-20.221,1.864
2012-05-05-00_18_05.680,157,0,5,1,-2.186,-20.291,1.972
2012-05-05-00_18_05.681,157,0,5,1,-2.159,-20.196,1.972
2012-05-05-00_18_05.681,157,0,5,1,-2.259,-20.268,1.972
2012-05-05-00_18_05.682,157,1,5,1,-11.209,-20.294,1.872
2012-05-05-00_18_05.682,157,1,5,1,-11.333,-20.228,1.772
2012-05-05-00_18_05.683,157,1,5,1,-11.231,-20.215,1.872
2012-05-05-00_18_05.683,157,2,5,1,-20.151,-20.221,1.172
2012-05-05-00_18_05.684,157,2,5,1,-20.224,-20.197,1.172
2012-05-05-00_18_05.685,157,2,5,1,-20.234,-20.197,1.172
2012-05-05-00_18_05.686,157,3,5,1,-29.173,-20.303,1.272
2012-05-05-00_18_05.686,157,3,5,1,-29.146,-20.208,1.272
2012-05-05-00_18_05.687,157,3,5,1,-29.246,-20.280,1.272
2012-05-05-00_18_05.687,157,4,5,1,-38.170,-20.305,0.872
2012-05-05-00_18_05.688,157,4,5,1,-38.142,-20.210,0.872
2012-05-05-00_18_05.688,157,4,5,1,-38.243,-20.282,0.872
2012-05-05-00_18_05.689,157,5,5,1,-47.186,-20.296,1.172
2012-05-05-00_18_05.689,157,5,5,1,-47.276,-20.275,1.172
2012-05-05-00_18_05.690,157,5,5,1,-47.247,-20.297,1.172
2012-05-05-00_18_05.690,157,6,5,1,-56.188,-20.271,1.272
2012-05-05-00_18_05.691,157,6,5,1,-56.288,-20.342,1.172
2012-05-05-00_18_05.691,157,6,5,1,-56.298,-20.342,1.272
2012-05-05-00_18_05.692,157,7,5,1,-65.183,-20.278,1.872
2012-05-05-00_18_05.692,157,7,5,1,-65.193,-20.278,1.772
2012-05-05-00_18_05.692,157,7,5,1,-65.173,-20.186,1.872
2012-05-05-00_18_05.693,157,0,6,0,2.273,-24.783,1.882
2012-05-05-00_18_05.693,157,0,6,0,2.300,-24.690,1.882
2012-05-05-00_18_05.694,157,0,6,0,2.190,-24.757,1.882
2012-05-05-00_18_05.694,157,1,6,0,-6.743,-24.797,1.682
2012-05-05-00_18_05.695,157,1,6,0,-6.821,-24.770,1.582
2012-05-05-00_18_05.695,157,1,6,0,-6.762,-24.710,1.582
2012-05-05-00_18_05.696,157,2,6,0,-15.692,-24.713,1.082
2012-05-05-00_18_05.696,157,2,6,0,-15.775,-24.687,1.082
2012-05-05-00_18_05.697,157,2,6,0,-15.716,-24.635,1.082
2012-05-05-00_18_05.697,157,3,6,0,-24.714,-24.795,1.582
2012-05-05-00_18_05.698,157,3,6,0,-24.687,-24.703,1.582
2012-05-05-00_18_05.698,157,3,6,0,-24.797,-24.769,1.482
2012-05-05-00_18_05.699,157,4,6,0,-33.711,-24.797,0.882
2012-05-05-00_18_05.699,157,4,6,0,-33.683,-24.704,0.882
2012-05-05-00_18_05.700,157,4,6,0,-33.793,-24.771,0.882
2012-05-05-00_18_05.700,157,5,6,0,-42.727,-24.790,1.482
2012-05-05-00_18_05.701,157,5,6,0,-42.674,-24.838,1.382
2012-05-05-00_18_05.701,157,5,6,0,-42.778,-24.805,1.382
2012-05-05-00_18_05.702,157,6,6,0,-51.756,-24.858,1.282
2012-05-05-00_18_05.703,157,6,6,0,-51.729,-24.765,1.282
2012-05-05-00_18_05.703,157,6,6,0,-51.675,-24.813,1.382
2012-05-05-00_18_05.704,157,7,6,0,-60.651,-24.794,2.082
2012-05-05-00_18_05.704,157,7,6,0,-60.734,-24.768,2.082
2012-05-05-00_18_05.705,157,7,6,0,-60.675,-24.716,2.082
2012-05-05-00_18_05.706,157,0,6,1,-2.187,-24.789,1.890
2012-05-05-00_18_05.706,157,0,6,1,-2.159,-24.690,1.790
2012-05-05-00_18_05.706,157,0,6,1,-2.262,-24.770,1.890
2012-05-05-00_18_05.707,157,1,6,1,-11.212,-24.796,1.690
2012-05-05-00_18_05.707,157,1,6,1,-11.334,-24.721,1.690
2012-05-05-00_18_05.708,157,1,6,1,-11.231,-24.710,1.690
2012-05-05-00_18_05.709,157,2,6,1,-20.152,-24.719,1.090
2012-05-05-00_18_05.709,157,2,6,1,-20.227,-24.700,1.090
2012-05-05-00_18_05.710,157,2,6,1,-20.235,-24.699,1.090
2012-05-05-00_18_05.710,157,3,6,1,-29.174,-24.801,1.290
2012-05-05-00_18_05.711,157,3,6,1,-29.146,-24.702,1.490
2012-05-05-00_18_05.711,157,3,6,1,-29.249,-24.782,1.290
2012-05-05-00_18_05.712,157,4,6,1,-38.170,-24.803,0.990
2012-05-05-00_18_05.712,157,4,6,1,-38.143,-24.704,0.890
2012-05-05-00_18_05.713,157,4,6,1,-38.246,-24.784,0.990
2012-05-05-00_18_05.713,157,5,6,1,-47.187,-24.789,1.490
2012-05-05-00_18_05.714,157,5,6,1,-47.274,-24.770,1.390
2012-05-05-00_18_05.714,157,5,6,1,-47.243,-24.792,1.390
2012-05-05-00_18_05.715,157,6,6,1,-56.216,-24.863,1.290
2012-05-05-00_18_05.715,157,6,6,1,-56.188,-24.764,1.390
2012-05-05-00_18_05.716,157,6,6,1,-56.291,-24.845,1.290
2012-05-05-00_18_05.716,157,7,6,1,-65.186,-24.781,1.990
2012-05-05-00_18_05.717,157,7,6,1,-65.193,-24.780,1.890
2012-05-05-00_18_05.718,157,7,6,1,-65.171,-24.681,1.990
2012-05-05-00_18_05.718,157,0,7,0,2.270,-29.280,1.901
2012-05-05-00_18_05.719,157,0,7,0,2.300,-29.189,1.901
2012-05-05-00_18_05.719,157,0,7,0,2.190,-29.259,1.901
2012-05-05-00_18_05.720,157,1,7,0,-6.743,-29.293,1.701
2012-05-05-00_18_05.720,157,1,7,0,-6.819,-29.272,1.701
2012-05-05-00_18_05.721,157,1,7,0,-6.762,-29.206,1.702
2012-05-05-00_18_05.721,157,2,7,0,-15.695,-29.210,1.101
2012-05-05-00_18_05.722,157,2,7,0,-15.775,-29.189,1.101
2012-05-05-00_18_05.722,157,2,7,0,-15.714,-29.138,1.101
2012-05-05-00_18_05.723,157,3,7,0,-24.717,-29.292,1.501
2012-05-05-00_18_05.723,157,3,7,0,-24.687,-29.201,1.501
2012-05-05-00_18_05.724,157,3,7,0,-24.797,-29.271,1.501
2012-05-05-00_18_05.724,157,4,7,0,-33.714,-29.294,1.001
2012-05-05-00_18_05.725,157,4,7,0,-33.684,-29.203,1.001
2012-05-05-00_18_05.725,157,4,7,0,-33.794,-29.273,1.001
2012-05-05-00_18_05.726,157,5,7,0,-42.727,-29.289,1.401
2012-05-05-00_18_05.726,157,5,7,0,-42.672,-29.340,1.501
2012-05-05-00_18_05.727,157,5,7,0,-42.776,-29.308,1.601
2012-05-05-00_18_05.727,157,6,7,0,-51.759,-29.354,1.301
2012-05-05-00_18_05.728,157,6,7,0,-51.729,-29.264,1.301
2012-05-05-00_18_05.728,157,6,7,0,-51.673,-29.315,1.301
2012-05-05-00_18_05.729,157,7,7,0,-60.654,-29.290,2.101
2012-05-05-00_18_05.729,157,7,7,0,-60.734,-29.269,2.201
2012-05-05-00_18_05.730,157,7,7,0,-60.673,-29.218,5.601
2012-05-05-00_18_05.730,157,0,7,1,-2.187,-29.286,1.913
2012-05-05-00_18_05.731,157,0,7,1,-2.162,-29.189,1.913
2012-05-05-00_18_05.731,157,0,7,1,-2.260,-29.269,1.913
2012-05-05-00_18_05.732,157,1,7,1,-11.213,-29.292,1.713
2012-05-05-00_18_05.732,157,1,7,1,-11.337,-29.221,1.713
2012-05-05-00_18_05.733,157,1,7,1,-11.236,-29.206,1.713
2012-05-05-00_18_05.733,157,2,7,1,-20.152,-29.216,1.113
2012-05-05-00_18_05.734,157,2,7,1,-20.225,-29.199,1.113
2012-05-05-00_18_05.734,157,2,7,1,-20.233,-29.197,1.113
2012-05-05-00_18_05.735,157,3,7,1,-29.174,-29.298,1.313
2012-05-05-00_18_05.735,157,3,7,1,-29.149,-29.201,1.513
2012-05-05-00_18_05.735,157,3,7,1,-29.247,-29.281,1.313
2012-05-05-00_18_05.736,157,4,7,1,-38.171,-29.300,1.013
2012-05-05-00_18_05.736,157,4,7,1,-38.146,-29.203,1.013
2012-05-05-00_18_05.737,157,4,7,1,-38.244,-29.283,1.013
2012-05-05-00_18_05.737,157,5,7,1,-47.189,-29.289,1.513
2012-05-05-00_18_05.738,157,5,7,1,-47.275,-29.267,1.513
2012-05-05-00_18_05.738,157,5,7,1,-47.243,-29.293,1.513
2012-05-05-00_18_05.739,157,6,7,1,-56.216,-29.361,1.413
2012-05-05-00_18_05.739,157,6,7,1,-56.191,-29.263,1.413
2012-05-05-00_18_05.740,157,6,7,1,-56.289,-29.344,1.313
2012-05-05-00_18_05.740,157,7,7,1,-65.184,-29.280,2.013
2012-05-05-00_18_05.740,157,7,7,1,-65.191,-29.278,2.013
2012-05-05-00_18_05.741,157,7,7,1,-65.171,-29.178,2.113
2012-05-05-00_18_05.741,157,0,8,0,2.274,-33.779,1.827
2012-05-05-00_18_05.742,157,0,8,0,2.304,-33.689,1.927
2012-05-05-00_18_05.742,157,0,8,0,2.192,-33.755,1.927
2012-05-05-00_18_05.743,157,1,8,0,-6.746,-33.788,1.727
2012-05-05-00_18_05.743,157,1,8,0,-6.819,-33.769,1.727
2012-05-05-00_18_05.744,157,1,8,0,-6.765,-33.703,1.627
2012-05-05-00_18_05.744,157,2,8,0,-15.690,-33.708,1.227
2012-05-05-00_18_05.745,157,2,8,0,-15.773,-33.685,1.127
2012-05-05-00_18_05.745,157,2,8,0,-15.709,-33.638,1.027
2012-05-05-00_18_05.746,157,3,8,0,-24.712,-33.791,1.527
2012-05-05-00_18_05.746,157,3,8,0,-24.683,-33.701,1.527
2012-05-05-00_18_05.747,157,3,8,0,-24.795,-33.767,1.527
2012-05-05-00_18_05.747,157,4,8,0,-33.709,-33.793,1.027
2012-05-05-00_18_05.749,157,4,8,0,-33.679,-33.703,1.027
2012-05-05-00_18_05.749,157,4,8,0,-33.792,-33.769,1.027
2012-05-05-00_18_05.750,157,5,8,0,-42.723,-33.788,1.427
2012-05-05-00_18_05.750,157,5,8,0,-42.672,-33.837,1.427
2012-05-05-00_18_05.751,157,5,8,0,-42.772,-33.808,1.327
2012-05-05-00_18_05.751,157,6,8,0,-51.755,-33.853,1.327
2012-05-05-00_18_05.752,157,6,8,0,-51.725,-33.763,1.327
2012-05-05-00_18_05.752,157,6,8,0,-51.837,-33.830,1.227
2012-05-05-00_18_05.753,157,7,8,0,-60.649,-33.789,2.227
2012-05-05-00_18_05.753,157,7,8,0,-60.732,-33.766,2.227
2012-05-05-00_18_05.754,157,7,8,0,-60.668,-33.719,2.127
2012-05-05-00_18_05.756,157,0,8,1,-2.190,-33.787,1.936
2012-05-05-00_18_05.757,157,0,8,1,-2.163,-33.688,1.935
2012-05-05-00_18_05.757,157,0,8,1,-2.261,-33.765,1.935
2012-05-05-00_18_05.758,157,1,8,1,-11.213,-33.787,1.736
2012-05-05-00_18_05.758,157,1,8,1,-11.337,-33.719,1.735
2012-05-05-00_18_05.759,157,1,8,1,-11.237,-33.703,1.735
2012-05-05-00_18_05.759,157,2,8,1,-20.155,-33.717,1.136
2012-05-05-00_18_05.760,157,2,8,1,-20.226,-33.695,1.135
2012-05-05-00_18_05.760,157,2,8,1,-20.233,-33.695,1.135
2012-05-05-00_18_05.761,157,3,8,1,-29.177,-33.799,1.236
2012-05-05-00_18_05.761,157,3,8,1,-29.149,-33.700,1.335
2012-05-05-00_18_05.761,157,3,8,1,-29.248,-33.778,1.235
2012-05-05-00_18_05.762,157,4,8,1,-38.174,-33.801,0.936
2012-05-05-00_18_05.762,157,4,8,1,-38.146,-33.702,0.935
2012-05-05-00_18_05.763,157,4,8,1,-38.244,-33.779,1.035
2012-05-05-00_18_05.763,157,5,8,1,-47.190,-33.788,1.535
2012-05-05-00_18_05.764,157,5,8,1,-47.275,-33.764,1.435
2012-05-05-00_18_05.764,157,5,8,1,-47.244,-33.793,1.535
2012-05-05-00_18_05.765,157,6,8,1,-56.219,-33.862,1.336
2012-05-05-00_18_05.765,157,6,8,1,-56.192,-33.762,1.435
2012-05-05-00_18_05.766,157,6,8,1,-56.290,-33.840,1.435
2012-05-05-00_18_05.766,157,7,8,1,-65.184,-33.776,2.235
2012-05-05-00_18_05.767,157,7,8,1,-65.192,-33.776,2.235
2012-05-05-00_18_05.767,157,7,8,1,-65.171,-33.675,2.235
2012-05-05-00_18_05.767,157,0,9,0,2.274,-38.282,1.945
2012-05-05-00_18_05.768,157,0,9,0,2.301,-38.196,1.945
2012-05-05-00_18_05.768,157,0,9,0,2.191,-38.254,1.945
2012-05-05-00_18_05.769,157,1,9,0,-6.746,-38.290,1.845
2012-05-05-00_18_05.769,157,1,9,0,-6.822,-38.268,1.845
2012-05-05-00_18_05.770,157,1,9,0,-6.768,-38.211,1.745
2012-05-05-00_18_05.770,157,2,9,0,-15.691,-38.212,1.245
2012-05-05-00_18_05.771,157,2,9,0,-15.774,-38.184,1.245
2012-05-05-00_18_05.771,157,2,9,0,-15.710,-38.141,1.245
2012-05-05-00_18_05.772,157,3,9,0,-24.713,-38.294,1.645
2012-05-05-00_18_05.772,157,3,9,0,-24.685,-38.208,1.645
2012-05-05-00_18_05.772,157,3,9,0,-24.796,-38.266,1.645
2012-05-05-00_18_05.773,157,4,9,0,-33.710,-38.296,0.945
2012-05-05-00_18_05.773,157,4,9,0,-33.682,-38.210,0.945
2012-05-05-00_18_05.774,157,4,9,0,-33.792,-38.268,0.945
2012-05-05-00_18_05.774,157,5,9,0,-42.726,-38.296,1.445
2012-05-05-00_18_05.775,157,5,9,0,-42.675,-38.336,1.545
2012-05-05-00_18_05.775,157,5,9,0,-42.772,-38.311,1.545
2012-05-05-00_18_05.776,157,6,9,0,-51.755,-38.356,1.245
2012-05-05-00_18_05.776,157,6,9,0,-51.728,-38.270,1.345
2012-05-05-00_18_05.777,157,6,9,0,-51.838,-38.328,1.245
2012-05-05-00_18_05.777,157,7,9,0,-60.650,-38.293,2.145
2012-05-05-00_18_05.778,157,7,9,0,-60.732,-38.264,2.145
2012-05-05-00_18_05.778,157,7,9,0,-60.669,-38.222,2.245
2012-05-05-00_18_05.779,157,0,9,1,-2.188,-38.293,1.954
2012-05-05-00_18_05.779,157,0,9,1,-2.165,-38.195,1.954
2012-05-05-00_18_05.780,157,0,9,1,-2.259,-38.266,1.854
2012-05-05-00_18_05.782,157,1,9,1,-11.216,-38.290,1.854
2012-05-05-00_18_05.782,157,1,9,1,-11.340,-38.227,1.754
2012-05-05-00_18_05.783,157,1,9,1,-11.235,-38.210,1.854
2012-05-05-00_18_05.783,157,2,9,1,-20.153,-38.223,1.254
2012-05-05-00_18_05.784,157,2,9,1,-20.224,-38.196,1.354
2012-05-05-00_18_05.784,157,2,9,1,-20.233,-38.195,1.254
2012-05-05-00_18_05.785,157,3,9,1,-29.175,-38.305,1.454
2012-05-05-00_18_05.785,157,3,9,1,-29.152,-38.208,1.654
2012-05-05-00_18_05.786,157,3,9,1,-29.246,-38.279,1.454
2012-05-05-00_18_05.786,157,4,9,1,-38.172,-38.307,1.054
2012-05-05-00_18_05.787,157,4,9,1,-38.149,-38.209,1.054
2012-05-05-00_18_05.787,157,4,9,1,-38.242,-38.280,1.054
2012-05-05-00_18_05.788,157,5,9,1,-47.193,-38.295,1.554
2012-05-05-00_18_05.788,157,5,9,1,-47.273,-38.269,1.554
2012-05-05-00_18_05.789,157,5,9,1,-47.246,-38.299,1.554
2012-05-05-00_18_05.789,157,6,9,1,-56.194,-38.270,1.354
2012-05-05-00_18_05.790,157,6,9,1,-56.288,-38.341,1.354
2012-05-05-00_18_05.790,157,6,9,1,-56.297,-38.340,1.354
2012-05-05-00_18_05.790,157,7,9,1,-65.182,-38.277,2.154
2012-05-05-00_18_05.791,157,7,9,1,-65.192,-38.276,2.254
2012-05-05-00_18_05.791,157,7,9,1,-65.169,-38.180,2.254
2012-05-05-00_18_05.792,157,0,10,0,2.276,-42.783,1.966
2012-05-05-00_18_05.792,157,0,10,0,2.301,-42.696,1.966
2012-05-05-00_18_05.793,157,0,10,0,2.193,-42.754,1.966
2012-05-05-00_18_05.793,157,1,10,0,-6.752,-42.793,1.766
2012-05-05-00_18_05.794,157,1,10,0,-6.822,-42.767,1.766
2012-05-05-00_18_05.794,157,1,10,0,-6.771,-42.715,1.766
2012-05-05-00_18_05.795,157,2,10,0,-15.689,-42.713,1.266
2012-05-05-00_18_05.795,157,2,10,0,-15.772,-42.684,1.166
2012-05-05-00_18_05.796,157,2,10,0,-15.710,-42.639,1.266
2012-05-05-00_18_05.796,157,3,10,0,-24.711,-42.795,1.666
2012-05-05-00_18_05.797,157,3,10,0,-24.686,-42.708,1.666
2012-05-05-00_18_05.797,157,3,10,0,-24.794,-42.766,1.666
2012-05-05-00_18_05.798,157,4,10,0,-33.707,-42.797,1.066
2012-05-05-00_18_05.798,157,4,10,0,-33.682,-42.710,1.066
2012-05-05-00_18_05.799,157,4,10,0,-33.790,-42.768,0.966
2012-05-05-00_18_05.799,157,5,10,0,-42.726,-42.796,1.466
2012-05-05-00_18_05.800,157,5,10,0,-42.675,-42.835,1.466
2012-05-05-00_18_05.800,157,5,10,0,-42.773,-42.809,1.466
2012-05-05-00_18_05.801,157,6,10,0,-51.753,-42.857,1.266
2012-05-05-00_18_05.801,157,6,10,0,-51.728,-42.771,1.266
2012-05-05-00_18_05.802,157,6,10,0,-51.836,-42.829,1.266
2012-05-05-00_18_05.802,157,7,10,0,-60.648,-42.794,2.266
2012-05-05-00_18_05.803,157,7,10,0,-60.730,-42.765,2.266
2012-05-05-00_18_05.803,157,7,10,0,-60.669,-42.720,2.266
2012-05-05-00_18_05.804,157,0,10,1,-2.189,-42.792,1.878
2012-05-05-00_18_05.804,157,0,10,1,-2.166,-42.695,1.978
2012-05-05-00_18_05.805,157,0,10,1,-2.262,-42.769,1.878
2012-05-05-00_18_05.805,157,1,10,1,-11.214,-42.793,1.878
2012-05-05-00_18_05.806,157,1,10,1,-11.340,-42.727,1.778
2012-05-05-00_18_05.807,157,1,10,1,-11.235,-42.714,1.778
2012-05-05-00_18_05.808,157,2,10,1,-20.153,-42.722,1.278
2012-05-05-00_18_05.808,157,2,10,1,-20.226,-42.699,1.278
2012-05-05-00_18_05.809,157,2,10,1,-20.234,-42.698,1.378
2012-05-05-00_18_05.809,157,3,10,1,-29.175,-42.804,1.378
2012-05-05-00_18_05.810,157,3,10,1,-29.153,-42.707,1.478
2012-05-05-00_18_05.810,157,3,10,1,-29.249,-42.781,1.478
2012-05-05-00_18_05.811,157,4,10,1,-38.172,-42.806,1.078
2012-05-05-00_18_05.811,157,4,10,1,-38.149,-42.709,1.078
2012-05-05-00_18_05.812,157,4,10,1,-38.245,-42.783,1.078
2012-05-05-00_18_05.812,157,5,10,1,-47.193,-42.795,1.578
2012-05-05-00_18_05.813,157,5,10,1,-47.276,-42.773,1.678
2012-05-05-00_18_05.813,157,5,10,1,-47.247,-42.797,1.578
2012-05-05-00_18_05.815,157,6,10,1,-56.195,-42.770,1.378
2012-05-05-00_18_05.815,157,6,10,1,-56.291,-42.843,1.378
2012-05-05-00_18_05.816,157,6,10,1,-56.298,-42.842,1.478
2012-05-05-00_18_05.816,157,7,10,1,-65.185,-42.780,2.278
2012-05-05-00_18_05.816,157,7,10,1,-65.193,-42.779,2.278
2012-05-05-00_18_05.817,157,7,10,1,-65.172,-42.684,3.578
2012-05-05-00_18_05.818,157,0,11,0,2.278,-47.283,1.990
2012-05-05-00_18_05.819,157,0,11,0,2.301,-47.191,1.990
2012-05-05-00_18_05.820,157,0,11,0,2.193,-47.257,1.890
2012-05-05-00_18_05.820,157,1,11,0,-6.755,-47.296,1.790
2012-05-05-00_18_05.821,157,1,11,0,-6.825,-47.269,1.790
2012-05-05-00_18_05.821,157,1,11,0,-6.774,-47.210,1.790
2012-05-05-00_18_05.822,157,2,11,0,-15.687,-47.213,1.190
2012-05-05-00_18_05.822,157,2,11,0,-15.772,-47.187,1.190
2012-05-05-00_18_05.823,157,2,11,0,-15.743,-47.197,1.190
2012-05-05-00_18_05.823,157,3,11,0,-24.709,-47.295,1.690
2012-05-05-00_18_05.824,157,3,11,0,-24.686,-47.203,1.790
2012-05-05-00_18_05.824,157,3,11,0,-24.794,-47.269,1.690
2012-05-05-00_18_05.825,157,4,11,0,-33.705,-47.297,1.090
2012-05-05-00_18_05.825,157,4,11,0,-33.683,-47.205,1.090
2012-05-05-00_18_05.826,157,4,11,0,-33.791,-47.271,1.090
2012-05-05-00_18_05.826,157,5,11,0,-42.727,-47.291,1.490
2012-05-05-00_18_05.827,157,5,11,0,-42.678,-47.337,1.490
2012-05-05-00_18_05.827,157,5,11,0,-42.771,-47.304,1.490
2012-05-05-00_18_05.828,157,6,11,0,-51.751,-47.357,1.290
2012-05-05-00_18_05.828,157,6,11,0,-51.728,-47.265,1.290
2012-05-05-00_18_05.829,157,6,11,0,-51.836,-47.332,1.290
2012-05-05-00_18_05.829,157,7,11,0,-60.646,-47.293,2.290
2012-05-05-00_18_05.830,157,7,11,0,-60.731,-47.268,2.190
2012-05-05-00_18_05.830,157,7,11,0,-60.667,-47.215,2.290
2012-05-05-00_18_05.831,157,0,11,1,-2.191,-47.289,1.999
2012-05-05-00_18_05.831,157,0,11,1,-2.169,-47.190,1.999
2012-05-05-00_18_05.831,157,0,11,1,-2.262,-47.270,1.999
2012-05-05-00_18_05.832,157,1,11,1,-11.214,-47.295,1.799
2012-05-05-00_18_05.832,157,1,11,1,-11.343,-47.221,1.799
2012-05-05-00_18_05.833,157,1,11,1,-11.233,-47.209,1.799
2012-05-05-00_18_05.833,157,2,11,1,-20.156,-47.219,1.299
2012-05-05-00_18_05.834,157,2,11,1,-20.227,-47.200,1.399
2012-05-05-00_18_05.834,157,2,11,1,-20.234,-47.199,1.299
2012-05-05-00_18_05.835,157,3,11,1,-29.178,-47.301,1.399
2012-05-05-00_18_05.835,157,3,11,1,-29.156,-47.202,1.599
2012-05-05-00_18_05.836,157,3,11,1,-29.249,-47.282,1.499
2012-05-05-00_18_05.836,157,4,11,1,-38.175,-47.303,1.099
2012-05-05-00_18_05.837,157,4,11,1,-38.152,-47.204,1.099
2012-05-05-00_18_05.837,157,4,11,1,-38.246,-47.284,1.099
2012-05-05-00_18_05.838,157,5,11,1,-47.196,-47.289,1.599
2012-05-05-00_18_05.838,157,5,11,1,-47.279,-47.270,1.499
2012-05-05-00_18_05.839,157,5,11,1,-47.247,-47.291,1.599
2012-05-05-00_18_05.839,157,6,11,1,-56.220,-47.364,1.399
2012-05-05-00_18_05.840,157,6,11,1,-56.198,-47.264,1.499
2012-05-05-00_18_05.840,157,6,11,1,-56.291,-47.345,1.399
2012-05-05-00_18_05.840,157,7,11,1,-65.186,-47.281,2.299
2012-05-05-00_18_05.841,157,7,11,1,-65.193,-47.280,2.299
2012-05-05-00_18_05.841,157,7,11,1,-65.175,-47.181,2.299
2012-05-05-00_18_05.842,157,0,12,0,2.265,-51.780,2.207
2012-05-05-00_18_05.842,157,0,12,0,2.303,-51.691,2.107
2012-05-05-00_18_05.843,157,0,12,0,2.195,-51.758,2.207
2012-05-05-00_18_05.843,157,1,12,0,-6.753,-51.794,1.807
2012-05-05-00_18_05.844,157,1,12,0,-6.831,-51.774,1.907
2012-05-05-00_18_05.844,157,1,12,0,-6.774,-51.708,1.907
2012-05-05-00_18_05.845,157,2,12,0,-15.699,-51.710,1.307
2012-05-05-00_18_05.845,157,2,12,0,-15.770,-51.688,1.207
2012-05-05-00_18_05.846,157,2,12,0,-15.709,-51.639,1.307
2012-05-05-00_18_05.847,157,3,12,0,-24.722,-51.792,1.707
2012-05-05-00_18_05.847,157,3,12,0,-24.684,-51.703,1.707
2012-05-05-00_18_05.848,157,3,12,0,-24.792,-51.770,1.707
2012-05-05-00_18_05.848,157,4,12,0,-33.718,-51.794,1.107
2012-05-05-00_18_05.849,157,4,12,0,-33.681,-51.705,1.107
2012-05-05-00_18_05.849,157,4,12,0,-33.789,-51.772,1.107
2012-05-05-00_18_05.850,157,5,12,0,-42.725,-51.791,1.507
2012-05-05-00_18_05.850,157,5,12,0,-42.683,-51.842,1.307
2012-05-05-00_18_05.851,157,5,12,0,-42.771,-51.809,1.507
2012-05-05-00_18_05.851,157,6,12,0,-51.764,-51.855,1.307
2012-05-05-00_18_05.852,157,6,12,0,-51.726,-51.766,1.307
2012-05-05-00_18_05.852,157,6,12,0,-51.834,-51.833,1.307
2012-05-05-00_18_05.853,157,7,12,0,-60.658,-51.791,2.207
2012-05-05-00_18_05.853,157,7,12,0,-60.729,-51.769,2.207
2012-05-05-00_18_05.854,157,7,12,0,-60.667,-51.720,2.207
2012-05-05-00_18_05.854,157,0,12,1,-2.194,-51.786,2.116
2012-05-05-00_18_05.855,157,0,12,1,-2.169,-51.690,2.116
2012-05-05-00_18_05.855,157,0,12,1,-2.262,-51.768,2.116
2012-05-05-00_18_05.856,157,1,12,1,-11.212,-51.793,1.816
2012-05-05-00_18_05.856,157,1,12,1,-11.344,-51.722,1.816
2012-05-05-00_18_05.857,157,1,12,1,-11.236,-51.707,1.816
2012-05-05-00_18_05.857,157,2,12,1,-20.159,-51.716,1.216
2012-05-05-00_18_05.858,157,2,12,1,-20.227,-51.698,1.316
2012-05-05-00_18_05.858,157,2,12,1,-20.235,-51.697,1.216
2012-05-05-00_18_05.859,157,3,12,1,-29.181,-51.798,1.416
2012-05-05-00_18_05.860,157,3,12,1,-29.156,-51.702,1.616
2012-05-05-00_18_05.860,157,3,12,1,-29.249,-51.781,1.616
2012-05-05-00_18_05.861,157,4,12,1,-38.178,-51.800,1.116
2012-05-05-00_18_05.862,157,4,12,1,-38.153,-51.704,1.116
2012-05-05-00_18_05.862,157,4,12,1,-38.246,-51.782,1.116
2012-05-05-00_18_05.863,157,5,12,1,-47.196,-51.790,1.316
2012-05-05-00_18_05.863,157,5,12,1,-47.277,-51.768,1.316
2012-05-05-00_18_05.863,157,5,12,1,-47.250,-51.791,1.316
2012-05-05-00_18_05.864,157,6,12,1,-56.223,-51.861,1.416
2012-05-05-00_18_05.864,157,6,12,1,-56.198,-51.765,1.416
2012-05-05-00_18_05.865,157,6,12,1,-56.291,-51.843,1.416
2012-05-05-00_18_05.865,157,7,12,1,-65.186,-51.779,2.216
2012-05-05-00_18_05.866,157,7,12,1,-65.193,-51.778,2.216
2012-05-05-00_18_05.866,157,7,12,1,-65.173,-51.679,2.216
2012-05-05-00_18_05.867,157,0,13,0,2.272,-56.278,2.127
2012-05-05-00_18_05.867,157,0,13,0,2.300,-56.191,2.127
2012-05-05-00_18_05.868,157,0,13,0,2.197,-56.254,2.127
2012-05-05-00_18_05.868,157,1,13,0,-6.755,-56.289,1.927
2012-05-05-00_18_05.869,157,1,13,0,-6.831,-56.270,1.927
2012-05-05-00_18_05.869,157,1,13,0,-6.777,-56.205,1.927
2012-05-05-00_18_05.869,157,2,13,0,-15.693,-56.208,1.327
2012-05-05-00_18_05.870,157,2,13,0,-15.768,-56.184,1.327
2012-05-05-00_18_05.870,157,2,13,0,-15.714,-56.140,1.327
2012-05-05-00_18_05.871,157,3,13,0,-24.715,-56.290,1.727
2012-05-05-00_18_05.871,157,3,13,0,-24.687,-56.203,1.727
2012-05-05-00_18_05.872,157,3,13,0,-24.790,-56.266,1.727
2012-05-05-00_18_05.872,157,4,13,0,-33.711,-56.292,1.127
2012-05-05-00_18_05.873,157,4,13,0,-33.684,-56.205,1.127
2012-05-05-00_18_05.873,157,4,13,0,-33.787,-56.268,1.127
2012-05-05-00_18_05.874,157,5,13,0,-42.727,-56.291,1.527
2012-05-05-00_18_05.874,157,5,13,0,-42.684,-56.338,1.327
2012-05-05-00_18_05.875,157,5,13,0,-42.776,-56.310,1.527
2012-05-05-00_18_05.875,157,6,13,0,-51.757,-56.353,1.327
2012-05-05-00_18_05.876,157,6,13,0,-51.729,-56.265,1.327
2012-05-05-00_18_05.876,157,6,13,0,-51.832,-56.329,1.327
2012-05-05-00_18_05.877,157,7,13,0,-60.651,-56.289,2.127
2012-05-05-00_18_05.877,157,7,13,0,-60.727,-56.265,4.227
2012-05-05-00_18_05.877,157,7,13,0,-60.673,-56.221,4.227
2012-05-05-00_18_05.879,157,0,13,1,-2.197,-56.288,2.139
2012-05-05-00_18_05.879,157,0,13,1,-2.170,-56.190,2.139
2012-05-05-00_18_05.880,157,0,13,1,-2.265,-56.265,2.139
2012-05-05-00_18_05.880,157,1,13,1,-11.210,-56.289,1.939
2012-05-05-00_18_05.881,157,1,13,1,-11.344,-56.222,1.839
2012-05-05-00_18_05.881,157,1,13,1,-11.236,-56.205,1.938
2012-05-05-00_18_05.882,157,2,13,1,-20.162,-56.218,1.339
2012-05-05-00_18_05.882,157,2,13,1,-20.230,-56.194,1.339
2012-05-05-00_18_05.883,157,2,13,1,-20.237,-56.194,1.239
2012-05-05-00_18_05.883,157,3,13,1,-29.184,-56.300,1.439
2012-05-05-00_18_05.884,157,3,13,1,-29.156,-56.202,1.639
2012-05-05-00_18_05.884,157,3,13,1,-29.252,-56.277,1.739
2012-05-05-00_18_05.885,157,4,13,1,-38.181,-56.302,1.139
2012-05-05-00_18_05.885,157,4,13,1,-38.153,-56.204,1.039
2012-05-05-00_18_05.886,157,4,13,1,-38.249,-56.279,1.139
2012-05-05-00_18_05.886,157,5,13,1,-47.197,-56.290,1.539
2012-05-05-00_18_05.887,157,5,13,1,-47.280,-56.266,1.638
2012-05-05-00_18_05.887,157,5,13,1,-47.253,-56.292,1.638
2012-05-05-00_18_05.888,157,6,13,1,-56.226,-56.363,1.439
2012-05-05-00_18_05.888,157,6,13,1,-56.199,-56.265,1.439
2012-05-05-00_18_05.889,157,6,13,1,-56.294,-56.339,1.439
2012-05-05-00_18_05.889,157,7,13,1,-65.189,-56.275,2.239
2012-05-05-00_18_05.890,157,7,13,1,-65.196,-56.275,2.239
2012-05-05-00_18_05.890,157,7,13,1,-65.176,-56.177,2.238
2012-05-05-00_18_05.891,157,0,14,0,2.269,-60.782,2.151
2012-05-05-00_18_05.891,157,0,14,0,2.297,-60.696,2.151
2012-05-05-00_18_05.891,157,0,14,0,2.196,-60.753,2.151
2012-05-05-00_18_05.892,157,1,14,0,-6.756,-60.790,1.951
2012-05-05-00_18_05.892,157,1,14,0,-6.831,-60.768,1.951
2012-05-05-00_18_05.893,157,1,14,0,-6.775,-60.711,1.851
2012-05-05-00_18_05.893,157,2,14,0,-15.695,-60.712,1.351
2012-05-05-00_18_05.894,157,2,14,0,-15.768,-60.683,1.351
2012-05-05-00_18_05.894,157,2,14,0,-15.712,-60.641,1.351
2012-05-05-00_18_05.895,157,3,14,0,-24.717,-60.794,1.751
2012-05-05-00_18_05.895,157,3,14,0,-24.690,-60.708,1.751
2012-05-05-00_18_05.896,157,3,14,0,-24.791,-60.766,1.751
2012-05-05-00_18_05.896,157,4,14,0,-33.714,-60.796,1.051
2012-05-05-00_18_05.897,157,4,14,0,-33.687,-60.710,1.051
2012-05-05-00_18_05.897,157,4,14,0,-33.787,-60.767,1.051
2012-05-05-00_18_05.898,157,5,14,0,-42.730,-60.796,1.551
2012-05-05-00_18_05.898,157,5,14,0,-42.684,-60.836,1.451
2012-05-05-00_18_05.899,157,5,14,0,-42.774,-60.811,1.551
2012-05-05-00_18_05.899,157,6,14,0,-51.760,-60.856,1.351
2012-05-05-00_18_05.900,157,6,14,0,-51.732,-60.771,1.351
2012-05-05-00_18_05.900,157,6,14,0,-51.833,-60.828,1.351
2012-05-05-00_18_05.900,157,7,14,0,-60.654,-60.793,2.151
2012-05-05-00_18_05.901,157,7,14,0,-60.727,-60.764,2.151
2012-05-05-00_18_05.901,157,7,14,0,-60.671,-60.722,2.151
2012-05-05-00_18_05.902,157,0,14,1,-2.198,-60.793,2.161
2012-05-05-00_18_05.902,157,0,14,1,-2.172,-60.696,2.061
2012-05-05-00_18_05.903,157,0,14,1,-2.268,-60.766,2.061
2012-05-05-00_18_05.903,157,1,14,1,-11.211,-60.790,1.861
2012-05-05-00_18_05.904,157,1,14,1,-11.347,-60.728,1.861
2012-05-05-00_18_05.904,157,1,14,1,-11.237,-60.710,1.961
2012-05-05-00_18_05.905,157,2,14,1,-20.162,-60.723,1.261
2012-05-05-00_18_05.905,157,2,14,1,-20.233,-60.695,1.261
2012-05-05-00_18_05.906,157,2,14,1,-20.240,-60.695,1.361
2012-05-05-00_18_05.906,157,3,14,1,-29.185,-60.805,1.361
2012-05-05-00_18_05.907,157,3,14,1,-29.159,-60.708,1.561
2012-05-05-00_18_05.907,157,3,14,1,-29.255,-60.778,1.561
2012-05-05-00_18_05.908,157,4,14,1,-38.181,-60.807,1.061
2012-05-05-00_18_05.908,157,4,14,1,-38.156,-60.710,1.061
2012-05-05-00_18_05.909,157,4,14,1,-38.252,-60.780,1.161
2012-05-05-00_18_05.911,157,5,14,1,-47.200,-60.796,1.561
2012-05-05-00_18_05.912,157,5,14,1,-47.283,-60.770,1.561
2012-05-05-00_18_05.912,157,5,14,1,-47.253,-60.798,1.561
2012-05-05-00_18_05.913,157,6,14,1,-56.201,-60.771,1.561
2012-05-05-00_18_05.913,157,6,14,1,-56.297,-60.840,1.461
2012-05-05-00_18_05.914,157,6,14,1,-56.304,-60.839,1.461
2012-05-05-00_18_05.914,157,7,14,1,-65.192,-60.776,2.261
2012-05-05-00_18_05.915,157,7,14,1,-65.199,-60.775,2.261
2012-05-05-00_18_05.915,157,7,14,1,-65.179,-60.681,2.261
2012-05-05-00_18_05.916,157,0,15,0,2.267,-65.284,2.270
2012-05-05-00_18_05.916,157,0,15,0,2.294,-65.196,2.170
2012-05-05-00_18_05.917,157,0,15,0,2.196,-65.254,2.170
2012-05-05-00_18_05.917,157,1,15,0,-6.751,-65.294,2.070
2012-05-05-00_18_05.918,157,1,15,0,-6.834,-65.268,1.970
2012-05-05-00_18_05.918,157,1,15,0,-6.775,-65.215,1.970
2012-05-05-00_18_05.919,157,2,15,0,-15.698,-65.214,1.370
2012-05-05-00_18_05.919,157,2,15,0,-15.769,-65.184,1.370
2012-05-05-00_18_05.920,157,2,15,0,-15.715,-65.140,1.370
2012-05-05-00_18_05.920,157,3,15,0,-24.720,-65.296,1.770
2012-05-05-00_18_05.921,157,3,15,0,-24.693,-65.208,1.770
2012-05-05-00_18_05.921,157,3,15,0,-24.791,-65.267,1.770
2012-05-05-00_18_05.922,157,4,15,0,-33.717,-65.298,1.070
2012-05-05-00_18_05.922,157,4,15,0,-33.689,-65.210,1.070
2012-05-05-00_18_05.923,157,4,15,0,-33.788,-65.268,1.070
2012-05-05-00_18_05.923,157,5,15,0,-42.733,-65.296,1.570
2012-05-05-00_18_05.924,157,5,15,0,-42.687,-65.336,1.570
2012-05-05-00_18_05.924,157,5,15,0,-42.777,-65.310,1.570
2012-05-05-00_18_05.925,157,6,15,0,-51.762,-65.358,1.370
2012-05-05-00_18_05.925,157,6,15,0,-51.735,-65.270,1.370
2012-05-05-00_18_05.926,157,6,15,0,-51.833,-65.329,1.270
2012-05-05-00_18_05.926,157,7,15,0,-60.657,-65.295,2.170
2012-05-05-00_18_05.926,157,7,15,0,-60.728,-65.265,2.170
2012-05-05-00_18_05.927,157,7,15,0,-60.674,-65.221,2.170
2012-05-05-00_18_05.927,157,0,15,1,-2.198,-65.291,2.179
2012-05-05-00_18_05.928,157,0,15,1,-2.170,-65.196,2.179
2012-05-05-00_18_05.928,157,0,15,1,-2.271,-65.269,2.179
2012-05-05-00_18_05.929,157,1,15,1,-11.211,-65.293,1.979
2012-05-05-00_18_05.929,157,1,15,1,-11.345,-65.228,1.979
2012-05-05-00_18_05.930,157,1,15,1,-11.232,-65.215,1.879
2012-05-05-00_18_05.930,157,2,15,1,-20.163,-65.221,1.379
2012-05-05-00_18_05.931,157,2,15,1,-20.236,-65.199,1.379
2012-05-05-00_18_05.931,157,2,15,1,-20.243,-65.198,1.379
2012-05-05-00_18_05.932,157,3,15,1,-29.185,-65.303,1.479
2012-05-05-00_18_05.932,157,3,15,1,-29.157,-65.208,1.479
2012-05-05-00_18_05.933,157,3,15,1,-29.258,-65.281,1.479
2012-05-05-00_18_05.933,157,4,15,1,-38.181,-65.305,1.079
2012-05-05-00_18_05.934,157,4,15,1,-38.154,-65.210,1.079
2012-05-05-00_18_05.934,157,4,15,1,-38.255,-65.283,1.079
2012-05-05-00_18_05.935,157,5,15,1,-47.198,-65.296,1.479
2012-05-05-00_18_05.935,157,5,15,1,-47.285,-65.274,1.479
2012-05-05-00_18_05.936,157,5,15,1,-47.256,-65.298,1.479
2012-05-05-00_18_05.936,157,6,15,1,-56.227,-65.366,1.379
2012-05-05-00_18_05.937,157,6,15,1,-56.199,-65.271,1.379
2012-05-05-00_18_05.937,157,6,15,1,-56.300,-65.343,1.479
2012-05-05-00_18_05.937,157,7,15,1,-65.195,-65.280,2.179
2012-05-05-00_18_05.938,157,7,15,1,-65.202,-65.279,2.179
2012-05-05-00_18_05.939,157,7,15,1,-65.182,-65.185,2.179
2012-05-05-00_18_05.939,157,0,16,0,2.266,-69.783,2.291
2012-05-05-00_18_05.940,157,0,16,0,2.291,-69.689,2.291
2012-05-05-00_18_05.940,157,0,16,0,2.193,-69.758,2.291
2012-05-05-00_18_05.941,157,1,16,0,-6.752,-69.795,1.991
2012-05-05-00_18_05.941,157,1,16,0,-6.835,-69.768,1.991
2012-05-05-00_18_05.941,157,1,16,0,-6.773,-69.708,1.991
2012-05-05-00_18_05.942,157,2,16,0,-15.699,-69.713,1.391
2012-05-05-00_18_05.942,157,2,16,0,-15.772,-69.688,1.391
2012-05-05-00_18_05.943,157,2,16,0,-15.750,-69.698,1.391
2012-05-05-00_18_05.944,157,3,16,0,-24.721,-69.795,1.791
2012-05-05-00_18_05.945,157,3,16,0,-24.696,-69.701,1.791
2012-05-05-00_18_05.945,157,3,16,0,-24.794,-69.770,1.791
2012-05-05-00_18_05.946,157,4,16,0,-33.717,-69.797,0.991
2012-05-05-00_18_05.946,157,4,16,0,-33.692,-69.703,0.991
2012-05-05-00_18_05.947,157,4,16,0,-33.790,-69.772,0.991
2012-05-05-00_18_05.947,157,5,16,0,-42.736,-69.789,1.591
2012-05-05-00_18_05.948,157,5,16,0,-42.688,-69.836,1.391
2012-05-05-00_18_05.948,157,5,16,0,-42.780,-69.804,1.591
2012-05-05-00_18_05.949,157,6,16,0,-51.763,-69.857,1.291
2012-05-05-00_18_05.949,157,6,16,0,-51.738,-69.764,1.391
2012-05-05-00_18_05.950,157,6,16,0,-51.836,-69.833,1.291
2012-05-05-00_18_05.950,157,7,16,0,-60.657,-69.793,2.191
2012-05-05-00_18_05.951,157,7,16,0,-60.730,-69.769,13.191
2012-05-05-00_18_05.951,157,7,16,0,-60.676,-69.715,3.291
2012-05-05-00_18_05.952,157,0,16,1,-2.198,-69.789,2.203
2012-05-05-00_18_05.952,157,0,16,1,-2.171,-69.689,2.203
2012-05-05-00_18_05.953,157,0,16,1,-2.274,-69.770,2.203
2012-05-05-00_18_05.953,157,1,16,1,-11.211,-69.794,2.003
2012-05-05-00_18_05.954,157,1,16,1,-11.345,-69.720,1.903
2012-05-05-00_18_05.954,157,1,16,1,-11.233,-69.708,2.003
2012-05-05-00_18_05.955,157,2,16,1,-20.163,-69.719,1.303
2012-05-05-00_18_05.955,157,2,16,1,-20.239,-69.700,1.403
2012-05-05-00_18_05.955,157,2,16,1,-20.244,-69.699,1.403
2012-05-05-00_18_05.956,157,3,16,1,-29.185,-69.801,1.503
2012-05-05-00_18_05.956,157,3,16,1,-29.158,-69.701,1.603
2012-05-05-00_18_05.957,157,3,16,1,-29.261,-69.783,1.603
2012-05-05-00_18_05.957,157,4,16,1,-38.182,-69.803,1.103
2012-05-05-00_18_05.958,157,4,16,1,-38.154,-69.703,1.103
2012-05-05-00_18_05.958,157,4,16,1,-38.257,-69.784,1.103
2012-05-05-00_18_05.959,157,5,16,1,-47.198,-69.788,1.403
2012-05-05-00_18_05.959,157,5,16,1,-47.286,-69.769,1.503
2012-05-05-00_18_05.960,157,5,16,1,-47.257,-69.792,1.403
2012-05-05-00_18_05.960,157,6,16,1,-56.227,-69.863,1.503
2012-05-05-00_18_05.961,157,6,16,1,-56.200,-69.763,1.503
2012-05-05-00_18_05.962,157,6,16,1,-56.303,-69.845,1.503
2012-05-05-00_18_05.963,157,7,16,1,-65.198,-69.781,2.203
2012-05-05-00_18_05.963,157,7,16,1,-65.202,-69.780,2.203
2012-05-05-00_18_05.964,157,7,16,1,-65.182,-69.680,2.203
2012-05-05-00_18_05.964,157,0,17,0,2.256,-74.279,2.215
2012-05-05-00_18_05.965,157,0,17,0,2.291,-74.190,2.215
2012-05-05-00_18_05.965,157,0,17,0,2.190,-74.258,2.215
2012-05-05-00_18_05.966,157,1,17,0,-6.750,-74.293,2.015
2012-05-05-00_18_05.966,157,1,17,0,-6.833,-74.273,2.015
2012-05-05-00_18_05.967,157,1,17,0,-6.774,-74.206,2.015
2012-05-05-00_18_05.967,157,2,17,0,-15.709,-74.209,1.415
2012-05-05-00_18_05.968,157,2,17,0,-15.775,-74.188,1.415
2012-05-05-00_18_05.968,157,2,17,0,-15.718,-74.138,1.315
2012-05-05-00_18_05.968,157,3,17,0,-24.731,-74.292,1.815
2012-05-05-00_18_05.969,157,3,17,0,-24.696,-74.202,1.915
2012-05-05-00_18_05.969,157,3,17,0,-24.797,-74.270,1.715
2012-05-05-00_18_05.970,157,4,17,0,-33.728,-74.293,1.115
2012-05-05-00_18_05.970,157,4,17,0,-33.693,-74.204,1.115
2012-05-05-00_18_05.971,157,4,17,0,-33.793,-74.272,1.115
2012-05-05-00_18_05.971,157,5,17,0,-42.736,-74.290,1.615
2012-05-05-00_18_05.972,157,5,17,0,-42.686,-74.341,1.415
2012-05-05-00_18_05.972,157,5,17,0,-42.781,-74.308,1.515
2012-05-05-00_18_05.973,157,6,17,0,-51.773,-74.354,1.315
2012-05-05-00_18_05.973,157,6,17,0,-51.738,-74.264,1.415
2012-05-05-00_18_05.974,157,6,17,0,-51.687,-74.316,1.415
2012-05-05-00_18_05.974,157,7,17,0,-60.668,-74.290,2.115
2012-05-05-00_18_05.974,157,7,17,0,-60.733,-74.269,2.215
2012-05-05-00_18_05.975,157,7,17,0,-60.677,-74.219,2.215
2012-05-05-00_18_05.976,157,0,17,1,-2.196,-74.285,2.224
2012-05-05-00_18_05.977,157,0,17,1,-2.169,-74.188,2.224
2012-05-05-00_18_05.977,157,0,17,1,-2.269,-74.268,2.124
2012-05-05-00_18_05.978,157,1,17,1,-11.214,-74.292,2.024
2012-05-05-00_18_05.978,157,1,17,1,-11.343,-74.220,1.924
2012-05-05-00_18_05.979,157,1,17,1,-11.236,-74.206,2.024
2012-05-05-00_18_05.979,157,2,17,1,-20.161,-74.215,1.424
2012-05-05-00_18_05.980,157,2,17,1,-20.234,-74.198,1.424
2012-05-05-00_18_05.980,157,2,17,1,-20.242,-74.196,1.424
2012-05-05-00_18_05.981,157,3,17,1,-29.183,-74.298,1.624
2012-05-05-00_18_05.981,157,3,17,1,-29.156,-74.201,1.724
2012-05-05-00_18_05.982,157,3,17,1,-29.256,-74.281,1.524
2012-05-05-00_18_05.982,157,4,17,1,-38.180,-74.299,1.024
2012-05-05-00_18_05.983,157,4,17,1,-38.152,-74.202,1.124
2012-05-05-00_18_05.983,157,4,17,1,-38.253,-74.282,1.124
2012-05-05-00_18_05.984,157,5,17,1,-47.196,-74.288,1.624
2012-05-05-00_18_05.984,157,5,17,1,-47.284,-74.267,1.724
2012-05-05-00_18_05.985,157,5,17,1,-47.252,-74.292,1.624
2012-05-05-00_18_05.985,157,6,17,1,-56.225,-74.360,1.524
2012-05-05-00_18_05.985,157,6,17,1,-56.198,-74.263,1.524
2012-05-05-00_18_05.986,157,6,17,1,-56.298,-74.343,1.524
2012-05-05-00_18_05.986,157,7,17,1,-65.193,-74.279,2.224
2012-05-05-00_18_05.987,157,7,17,1,-65.200,-74.277,2.224
2012-05-05-00_18_05.987,157,7,17,1,-65.180,-74.178,2.224
2012-05-05-00_18_05.988,157,0,18,0,2.265,-78.778,2.033
2012-05-05-00_18_05.988,157,0,18,0,2.295,-78.689,2.033
2012-05-05-00_18_05.989,157,0,18,0,2.190,-78.755,1.933
2012-05-05-00_18_05.989,157,1,18,0,-6.748,-78.789,1.933
2012-05-05-00_18_05.990,157,1,18,0,-6.831,-78.769,1.933
2012-05-05-00_18_05.990,157,1,18,0,-6.769,-78.704,1.933
2012-05-05-00_18_05.991,157,2,18,0,-15.700,-78.708,1.433
2012-05-05-00_18_05.991,157,2,18,0,-15.775,-78.685,1.433
2012-05-05-00_18_05.992,157,2,18,0,-15.719,-78.639,1.433
2012-05-05-00_18_05.992,157,3,18,0,-24.722,-78.790,1.833
2012-05-05-00_18_05.993,157,3,18,0,-24.692,-78.702,1.833
2012-05-05-00_18_05.993,157,3,18,0,-24.797,-78.767,1.833
2012-05-05-00_18_05.994,157,4,18,0,-33.718,-78.792,1.233
2012-05-05-00_18_05.994,157,4,18,0,-33.688,-78.703,1.133
2012-05-05-00_18_05.995,157,4,18,0,-33.794,-78.769,1.133
2012-05-05-00_18_05.995,157,5,18,0,-42.732,-78.789,1.833
2012-05-05-00_18_05.996,157,5,18,0,-42.684,-78.838,1.633
2012-05-05-00_18_05.996,157,5,18,0,-42.781,-78.809,1.833
2012-05-05-00_18_05.997,157,6,18,0,-51.764,-78.853,1.633
2012-05-05-00_18_05.997,157,6,18,0,-51.734,-78.764,1.633
2012-05-05-00_18_05.998,157,6,18,0,-51.839,-78.830,1.533
2012-05-05-00_18_05.998,157,7,18,0,-60.658,-78.789,2.333
2012-05-05-00_18_05.998,157,7,18,0,-60.734,-78.766,2.433
2012-05-05-00_18_05.999,157,7,18,0,-60.677,-78.720,2.433
2012-05-05-00_18_05.999,157,0,18,1,-2.194,-78.788,2.042
2012-05-05-00_18_06.000,157,0,18,1,-2.169,-78.688,2.042
2012-05-05-00_18_06.000,157,0,18,1,-2.272,-78.765,2.042
2012-05-05-00_18_06.001,157,1,18,1,-11.212,-78.788,1.842
2012-05-05-00_18_06.001,157,1,18,1,-11.344,-78.720,1.842
2012-05-05-00_18_06.002,157,1,18,1,-11.236,-78.703,1.941
2012-05-05-00_18_06.002,157,2,18,1,-20.159,-78.718,1.442
2012-05-05-00_18_06.003,157,2,18,1,-20.237,-78.695,1.442
2012-05-05-00_18_06.003,157,2,18,1,-20.244,-78.693,1.542
2012-05-05-00_18_06.003,157,3,18,1,-29.181,-78.800,1.642
2012-05-05-00_18_06.004,157,3,18,1,-29.156,-78.700,1.842
2012-05-05-00_18_06.004,157,3,18,1,-29.259,-78.778,1.842
2012-05-05-00_18_06.005,157,4,18,1,-38.178,-78.802,1.242
2012-05-05-00_18_06.005,157,4,18,1,-38.153,-78.702,1.242
2012-05-05-00_18_06.006,157,4,18,1,-38.256,-78.779,1.242
2012-05-05-00_18_06.006,157,5,18,1,-47.196,-78.788,1.642
2012-05-05-00_18_06.008,157,5,18,1,-47.284,-78.764,1.741
2012-05-05-00_18_06.008,157,5,18,1,-47.253,-78.793,1.641
2012-05-05-00_18_06.009,157,6,18,1,-56.223,-78.862,1.642
2012-05-05-00_18_06.009,157,6,18,1,-56.198,-78.763,1.642
2012-05-05-00_18_06.010,157,6,18,1,-56.301,-78.840,1.642
2012-05-05-00_18_06.010,157,7,18,1,-65.196,-78.776,2.342
2012-05-05-00_18_06.011,157,7,18,1,-65.203,-78.774,2.442
2012-05-05-00_18_06.011,157,7,18,1,-65.181,-78.675,2.441
2012-05-05-00_18_06.012,157,0,19,0,2.267,-83.281,2.053
2012-05-05-00_18_06.013,157,0,19,0,2.297,-83.196,2.053
2012-05-05-00_18_06.013,157,0,19,0,2.189,-83.253,2.053
2012-05-05-00_18_06.014,157,1,19,0,-6.748,-83.290,1.953
2012-05-05-00_18_06.015,157,1,19,0,-6.826,-83.269,1.953
2012-05-05-00_18_06.015,157,1,19,0,-6.767,-83.211,1.953
2012-05-05-00_18_06.016,157,2,19,0,-15.698,-83.211,1.453
2012-05-05-00_18_06.016,157,2,19,0,-15.775,-83.183,1.453
2012-05-05-00_18_06.017,157,2,19,0,-15.719,-83.142,1.453
2012-05-05-00_18_06.017,157,3,19,0,-24.720,-83.294,1.853
2012-05-05-00_18_06.017,157,3,19,0,-24.690,-83.208,1.853
2012-05-05-00_18_06.018,157,3,19,0,-24.798,-83.266,1.853
2012-05-05-00_18_06.018,157,4,19,0,-33.716,-83.295,1.153
2012-05-05-00_18_06.019,157,4,19,0,-33.686,-83.210,1.153
2012-05-05-00_18_06.019,157,4,19,0,-33.794,-83.267,1.153
2012-05-05-00_18_06.020,157,5,19,0,-42.730,-83.296,1.853
2012-05-05-00_18_06.020,157,5,19,0,-42.679,-83.337,1.653
2012-05-05-00_18_06.021,157,5,19,0,-42.781,-83.312,1.853
2012-05-05-00_18_06.021,157,6,19,0,-51.762,-83.356,1.553
2012-05-05-00_18_06.022,157,6,19,0,-51.732,-83.271,1.553
2012-05-05-00_18_06.022,157,6,19,0,-51.840,-83.328,1.553
2012-05-05-00_18_06.023,157,7,19,0,-60.656,-83.292,2.353
2012-05-05-00_18_06.023,157,7,19,0,-60.734,-83.264,2.453
2012-05-05-00_18_06.024,157,7,19,0,-60.678,-83.223,2.453
2012-05-05-00_18_06.024,157,0,19,1,-2.195,-83.293,2.065
2012-05-05-00_18_06.025,157,0,19,1,-2.167,-83.196,2.065
2012-05-05-00_18_06.025,157,0,19,1,-2.270,-83.266,2.065
2012-05-05-00_18_06.026,157,1,19,1,-11.213,-83.290,1.865
2012-05-05-00_18_06.026,157,1,19,1,-11.342,-83.228,1.865
2012-05-05-00_18_06.026,157,1,19,1,-11.237,-83.210,1.865
2012-05-05-00_18_06.027,157,2,19,1,-20.160,-83.223,1.465
2012-05-05-00_18_06.027,157,2,19,1,-20.235,-83.196,1.565
2012-05-05-00_18_06.028,157,2,19,1,-20.242,-83.195,1.565
2012-05-05-00_18_06.028,157,3,19,1,-29.182,-83.305,1.765
2012-05-05-00_18_06.029,157,3,19,1,-29.154,-83.208,1.865
2012-05-05-00_18_06.029,157,3,19,1,-29.257,-83.278,1.865
2012-05-05-00_18_06.030,157,4,19,1,-38.178,-83.307,1.265
2012-05-05-00_18_06.030,157,4,19,1,-38.151,-83.210,1.265
2012-05-05-00_18_06.031,157,4,19,1,-38.254,-83.280,1.265
2012-05-05-00_18_06.031,157,5,19,1,-47.194,-83.296,1.665
2012-05-05-00_18_06.031,157,5,19,1,-47.282,-83.269,1.765
2012-05-05-00_18_06.032,157,5,19,1,-47.251,-83.298,1.665
2012-05-05-00_18_06.032,157,6,19,1,-56.196,-83.271,1.665
2012-05-05-00_18_06.033,157,6,19,1,-56.299,-83.341,1.665
2012-05-05-00_18_06.033,157,6,19,1,-56.307,-83.340,1.665
2012-05-05-00_18_06.034,157,7,19,1,-65.194,-83.277,2.365
2012-05-05-00_18_06.034,157,7,19,1,-65.201,-83.276,2.365
2012-05-05-00_18_06.035,157,7,19,1,-65.179,-83.180,13.365
2012-05-05-00_18_06.035,157,0,20,0,2.267,-87.783,1.978
2012-05-05-00_18_06.036,157,0,20,0,2.297,-87.696,1.978
2012-05-05-00_18_06.036,157,0,20,0,2.189,-87.754,2.078
2012-05-05-00_18_06.037,157,1,20,0,-6.751,-87.794,1.878
2012-05-05-00_18_06.037,157,1,20,0,-6.829,-87.768,1.878
2012-05-05-00_18_06.038,157,1,20,0,-6.770,-87.716,1.878
2012-05-05-00_18_06.038,157,2,20,0,-15.698,-87.713,1.478
2012-05-05-00_18_06.040,157,2,20,0,-15.776,-87.684,1.578
2012-05-05-00_18_06.041,157,2,20,0,-15.719,-87.640,1.478
2012-05-05-00_18_06.041,157,3,20,0,-24.720,-87.796,1.878
2012-05-05-00_18_06.056,157,3,20,0,-24.690,-87.709,1.878
2012-05-05-00_18_06.057,157,3,20,0,-24.798,-87.766,1.878
2012-05-05-00_18_06.058,157,4,20,0,-33.717,-87.797,1.178
2012-05-05-00_18_06.058,157,4,20,0,-33.687,-87.710,1.178
2012-05-05-00_18_06.059,157,4,20,0,-33.795,-87.768,1.178
2012-05-05-00_18_06.060,157,5,20,0,-42.730,-87.796,1.878
2012-05-05-00_18_06.060,157,5,20,0,-42.682,-87.836,1.578
2012-05-05-00_18_06.061,157,5,20,0,-42.782,-87.810,1.778
2012-05-05-00_18_06.062,157,6,20,0,-51.762,-87.858,1.578
2012-05-05-00_18_06.062,157,6,20,0,-51.732,-87.771,1.578
2012-05-05-00_18_06.063,157,6,20,0,-51.840,-87.829,1.578
2012-05-05-00_18_06.063,157,7,20,0,-60.657,-87.794,2.378
2012-05-05-00_18_06.064,157,7,20,0,-60.735,-87.765,2.378
2012-05-05-00_18_06.064,157,7,20,0,-60.678,-87.721,2.378
2012-05-05-00_18_06.065,157,0,20,1,-2.193,-87.791,1.987
2012-05-05-00_18_06.065,157,0,20,1,-2.170,-87.696,1.987
2012-05-05-00_18_06.066,157,0,20,1,-2.268,-87.783,1.987
2012-05-05-00_18_06.066,157,1,20,1,-11.213,-87.793,13.087
2012-05-05-00_18_06.067,157,2,20,1,-20.158,-87.721,1.587
2012-05-05-00_18_06.067,157,2,20,1,-20.233,-87.713,1.587
2012-05-05-00_18_06.068,157,2,20,1,-20.243,-87.703,1.587
2012-05-05-00_18_06.069,157,3,20,1,-29.180,-87.803,1.687
2012-05-05-00_18_06.069,157,3,20,1,-29.157,-87.708,1.887
2012-05-05-00_18_06.070,157,3,20,1,-29.255,-87.795,1.887
2012-05-05-00_18_06.071,157,4,20,1,-38.176,-87.805,1.287
2012-05-05-00_18_06.071,157,4,20,1,-38.154,-87.710,1.287
2012-05-05-00_18_06.072,157,4,20,1,-38.252,-87.797,1.287
2012-05-05-00_18_06.072,157,5,20,1,-47.197,-87.795,1.787
2012-05-05-00_18_06.073,157,5,20,1,-47.246,-87.810,1.687
2012-05-05-00_18_06.074,157,6,20,1,-56.222,-87.866,1.587
2012-05-05-00_18_06.074,157,6,20,1,-56.199,-87.770,1.587
2012-05-05-00_18_06.075,157,6,20,1,-56.297,-87.857,1.587
2012-05-05-00_18_06.076,157,7,20,1,-65.192,-87.794,2.487
2012-05-05-00_18_06.077,157,7,20,1,-65.202,-87.784,2.387
2012-05-05-00_18_06.078,157,7,20,1,-65.143,-87.721,2.387
2012-05-05-00_18_06.078,157,0,21,0,2.269,-92.282,2.096
2012-05-05-00_18_06.079,157,0,21,0,2.299,-92.190,1.996
2012-05-05-00_18_06.080,157,0,21,0,2.189,-92.257,2.096
2012-05-05-00_18_06.080,157,1,21,0,-6.752,-92.295,1.896
2012-05-05-00_18_06.081,157,1,21,0,-6.827,-92.269,1.996
2012-05-05-00_18_06.082,157,1,21,0,-6.770,-92.210,1.996
2012-05-05-00_18_06.085,157,2,21,0,-15.696,-92.212,5.496
2012-05-05-00_18_06.086,157,2,21,0,-15.776,-92.187,1.396
2012-05-05-00_18_06.087,157,2,21,0,-15.717,-92.135,1.396
2012-05-05-00_18_06.089,157,3,21,0,-24.718,-92.294,3.096
2012-05-05-00_18_06.090,157,3,21,0,-24.688,-92.202,1.896
2012-05-05-00_18_06.091,157,3,21,0,-24.798,-92.269,1.896
2012-05-05-00_18_06.091,157,4,21,0,-33.715,-92.296,1.096
2012-05-05-00_18_06.092,157,4,21,0,-33.685,-92.204,1.096
2012-05-05-00_18_06.092,157,4,21,0,-33.795,-92.271,1.096
2012-05-05-00_18_06.093,157,5,21,0,-42.728,-92.290,1.896
2012-05-05-00_18_06.094,157,5,21,0,-42.680,-92.337,1.696
2012-05-05-00_18_06.094,157,5,21,0,-42.780,-92.305,1.896
2012-05-05-00_18_06.095,157,6,21,0,-51.760,-92.357,1.496
2012-05-05-00_18_06.096,157,6,21,0,-51.730,-92.265,1.496
2012-05-05-00_18_06.096,157,6,21,0,-51.682,-92.312,1.496
2012-05-05-00_18_06.097,157,7,21,0,-60.655,-92.293,6.196
2012-05-05-00_18_06.098,157,7,21,0,-60.735,-92.268,2.396
2012-05-05-00_18_06.099,157,7,21,0,-60.676,-92.216,2.396
2012-05-05-00_18_06.101,157,0,21,1,-2.193,-92.290,2.105
2012-05-05-00_18_06.102,157,0,21,1,-2.168,-92.190,2.105
2012-05-05-00_18_06.102,157,0,21,1,-2.269,-92.270,2.104
2012-05-05-00_18_06.103,157,1,21,1,-11.214,-92.296,2.005
2012-05-05-00_18_06.103,157,1,21,1,-11.342,-92.222,2.005
2012-05-05-00_18_06.104,157,1,21,1,-11.235,-92.210,2.004
2012-05-05-00_18_06.105,157,2,21,1,-20.158,-92.220,1.405
2012-05-05-00_18_06.106,157,2,21,1,-20.234,-92.200,1.504
2012-05-05-00_18_06.107,157,2,21,1,-20.241,-92.199,1.504
2012-05-05-00_18_06.108,157,3,21,1,-29.180,-92.302,1.605
2012-05-05-00_18_06.109,157,3,21,1,-29.155,-92.202,1.805
2012-05-05-00_18_06.109,157,3,21,1,-29.256,-92.282,1.804
2012-05-05-00_18_06.110,157,4,21,1,-38.177,-92.304,1.205
2012-05-05-00_18_06.111,157,4,21,1,-38.152,-92.204,1.205
2012-05-05-00_18_06.112,157,4,21,1,-38.252,-92.284,1.204
2012-05-05-00_18_06.112,157,5,21,1,-47.195,-92.290,1.605
2012-05-05-00_18_06.113,157,5,21,1,-47.281,-92.270,1.704
2012-05-05-00_18_06.114,157,5,21,1,-47.251,-92.291,1.704
2012-05-05-00_18_06.115,157,6,21,1,-56.222,-92.364,1.605
2012-05-05-00_18_06.116,157,6,21,1,-56.197,-92.264,1.605
2012-05-05-00_18_06.116,157,6,21,1,-56.298,-92.344,1.604
2012-05-05-00_18_06.117,157,7,21,1,-65.192,-92.281,2.204
2012-05-05-00_18_06.118,157,7,21,1,-65.200,-92.280,2.204
2012-05-05-00_18_06.119,157,7,21,1,-65.177,-92.181,2.304
2012-05-05-00_18_06.120,157,0,22,0,2.269,-96.779,2.116
2012-05-05-00_18_06.120,157,0,22,0,2.296,-96.691,2.016
2012-05-05-00_18_06.121,157,0,22,0,2.188,-96.757,2.016
2012-05-05-00_18_06.122,157,1,22,0,-6.754,-96.794,1.916
2012-05-05-00_18_06.123,157,1,22,0,-6.828,-96.774,1.916
2012-05-05-00_18_06.124,157,1,22,0,-6.773,-96.707,1.916
2012-05-05-00_18_06.125,157,2,22,0,-15.696,-96.709,1.416
2012-05-05-00_18_06.125,157,2,22,0,-15.777,-96.687,1.316
2012-05-05-00_18_06.126,157,2,22,0,-15.715,-96.639,1.316
2012-05-05-00_18_06.127,157,3,22,0,-24.718,-96.791,1.816
2012-05-05-00_18_06.128,157,3,22,0,-24.691,-96.703,1.816
2012-05-05-00_18_06.129,157,3,22,0,-24.799,-96.769,1.816
2012-05-05-00_18_06.130,157,4,22,0,-33.715,-96.793,1.116
2012-05-05-00_18_06.131,157,4,22,0,-33.688,-96.705,1.116
2012-05-05-00_18_06.131,157,4,22,0,-33.795,-96.771,1.116
2012-05-05-00_18_06.132,157,5,22,0,-42.731,-96.791,1.916
2012-05-05-00_18_06.133,157,5,22,0,-42.680,-96.842,1.616
2012-05-05-00_18_06.134,157,5,22,0,-42.778,-96.809,1.816
2012-05-05-00_18_06.135,157,6,22,0,-51.760,-96.854,1.516
2012-05-05-00_18_06.136,157,6,22,0,-51.733,-96.766,1.516
2012-05-05-00_18_06.136,157,6,22,0,-51.682,-96.817,1.616
2012-05-05-00_18_06.137,157,7,22,0,-60.655,-96.790,2.316
2012-05-05-00_18_06.138,157,7,22,0,-60.735,-96.768,2.316
2012-05-05-00_18_06.139,157,7,22,0,-60.674,-96.720,2.316
2012-05-05-00_18_06.140,157,0,22,1,-2.191,-96.786,2.025
2012-05-05-00_18_06.142,157,0,22,1,-2.168,-96.691,2.025
2012-05-05-00_18_06.142,157,0,22,1,-2.262,-96.768,2.125
2012-05-05-00_18_06.143,157,1,22,1,-11.214,-96.794,1.925
2012-05-05-00_18_06.144,157,1,22,1,-11.343,-96.723,2.025
2012-05-05-00_18_06.145,157,1,22,1,-11.235,-96.708,1.925
2012-05-05-00_18_06.146,157,2,22,1,-20.156,-96.716,1.525
2012-05-05-00_18_06.147,157,2,22,1,-20.227,-96.698,1.425
2012-05-05-00_18_06.148,157,2,22,1,-20.236,-96.697,1.525
2012-05-05-00_18_06.149,157,3,22,1,-29.178,-96.799,1.625
2012-05-05-00_18_06.149,157,3,22,1,-29.155,-96.703,1.725
2012-05-05-00_18_06.150,157,3,22,1,-29.249,-96.780,1.625
2012-05-05-00_18_06.151,157,4,22,1,-38.175,-96.800,1.225
2012-05-05-00_18_06.152,157,4,22,1,-38.152,-96.705,1.225
2012-05-05-00_18_06.154,157,4,22,1,-38.245,-96.782,1.225
2012-05-05-00_18_06.155,157,5,22,1,-47.196,-96.791,1.725
2012-05-05-00_18_06.156,157,5,22,1,-47.279,-96.768,1.725
2012-05-05-00_18_06.157,157,5,22,1,-47.252,-96.790,1.725
2012-05-05-00_18_06.158,157,6,22,1,-56.220,-96.861,1.625
2012-05-05-00_18_06.159,157,6,22,1,-56.197,-96.766,1.625
2012-05-05-00_18_06.159,157,6,22,1,-56.291,-96.843,1.625
2012-05-05-00_18_06.160,157,7,22,1,-65.185,-96.779,2.225
2012-05-05-00_18_06.161,157,7,22,1,-65.195,-96.778,2.125
2012-05-05-00_18_06.162,157,7,22,1,-65.175,-96.679,2.325
2012-05-05-00_18_06.163,157,0,23,0,2.273,-101.278,2.040
2012-05-05-00_18_06.164,157,0,23,0,2.296,-101.190,2.040
2012-05-05-00_18_06.165,157,0,23,0,2.188,-101.254,2.040
2012-05-05-00_18_06.165,157,1,23,0,-6.757,-101.289,1.840
2012-05-05-00_18_06.166,157,1,23,0,-6.828,-101.269,1.940
2012-05-05-00_18_06.167,157,1,23,0,-6.776,-101.204,1.940
2012-05-05-00_18_06.168,157,2,23,0,-15.692,-101.208,1.240
2012-05-05-00_18_06.169,157,2,23,0,-15.777,-101.184,1.340
2012-05-05-00_18_06.170,157,2,23,0,-15.716,-101.139,1.240
2012-05-05-00_18_06.171,157,3,23,0,-24.714,-101.290,1.840
2012-05-05-00_18_06.171,157,3,23,0,-24.691,-101.202,1.840
2012-05-05-00_18_06.172,157,3,23,0,-24.799,-101.266,1.840
2012-05-05-00_18_06.173,157,4,23,0,-33.711,-101.292,1.140
2012-05-05-00_18_06.174,157,4,23,0,-33.688,-101.204,1.140
2012-05-05-00_18_06.176,157,4,23,0,-33.796,-101.268,1.140
2012-05-05-00_18_06.177,157,5,23,0,-42.732,-101.290,1.740
2012-05-05-00_18_06.177,157,5,23,0,-42.681,-101.338,1.540
2012-05-05-00_18_06.179,157,5,23,0,-42.778,-101.309,1.840
2012-05-05-00_18_06.179,157,6,23,0,-51.756,-101.353,1.540
2012-05-05-00_18_06.180,157,6,23,0,-51.733,-101.264,1.540
2012-05-05-00_18_06.181,157,6,23,0,-51.682,-101.312,1.540
2012-05-05-00_18_06.182,157,7,23,0,-60.651,-101.289,2.340
2012-05-05-00_18_06.183,157,7,23,0,-60.736,-101.265,2.340
2012-05-05-00_18_06.183,157,7,23,0,-60.675,-101.220,2.240
2012-05-05-00_18_06.184,157,0,23,1,-2.179,-101.276,2.040
2012-05-05-00_18_06.185,157,0,23,1,-2.166,-101.190,2.040
2012-05-05-00_18_06.186,157,0,23,1,-2.262,-101.265,2.040
2012-05-05-00_18_06.187,157,1,23,1,-11.354,-101.308,1.940
2012-05-05-00_18_06.188,157,1,23,1,-11.341,-101.222,1.940
2012-05-05-00_18_06.188,157,1,23,1,-11.236,-101.204,1.940
2012-05-05-00_18_06.189,157,2,23,1,-20.144,-101.206,1.440
2012-05-05-00_18_06.190,157,2,23,1,-20.227,-101.194,1.440
2012-05-05-00_18_06.191,157,2,23,1,-20.234,-101.194,1.440
2012-05-05-00_18_06.192,157,3,23,1,-29.166,-101.289,1.640
2012-05-05-00_18_06.193,157,3,23,1,-29.153,-101.202,1.840
2012-05-05-00_18_06.193,157,3,23,1,-29.249,-101.277,1.840
2012-05-05-00_18_06.194,157,4,23,1,-38.163,-101.290,1.140
2012-05-05-00_18_06.195,157,4,23,1,-38.150,-101.204,1.240
2012-05-05-00_18_06.197,157,4,23,1,-38.246,-101.279,1.240
2012-05-05-00_18_06.198,157,5,23,1,-47.194,-101.290,1.640
2012-05-05-00_18_06.199,157,5,23,1,-47.277,-101.266,1.640
2012-05-05-00_18_06.200,157,5,23,1,-47.250,-101.292,1.640
2012-05-05-00_18_06.201,157,6,23,1,-56.208,-101.351,1.540
2012-05-05-00_18_06.202,157,6,23,1,-56.195,-101.264,1.640
2012-05-05-00_18_06.202,157,6,23,1,-56.291,-101.339,1.540
2012-05-05-00_18_06.203,157,7,23,1,-65.186,-101.275,2.140
2012-05-05-00_18_06.204,157,7,23,1,-65.193,-101.275,2.140
2012-05-05-00_18_06.205,157,7,23,1,-65.173,-101.177,2.140
