2012-05-05-20_38_21.490,178,0,0,0,2.259,2.220,3.496
2012-05-05-20_38_21.492,178,1,0,0,-6.747,2.205,2.896
2012-05-05-20_38_21.493,178,2,0,0,-15.738,2.300,2.496
2012-05-05-20_38_21.496,178,3,0,0,-24.792,2.205,2.496
2012-05-05-20_38_21.496,178,4,0,0,-33.779,2.230,1.996
2012-05-05-20_38_21.497,178,5,0,0,-42.794,2.167,2.796
2012-05-05-20_38_21.498,178,6,0,0,-51.793,2.164,2.596
2012-05-05-20_38_21.499,178,7,0,0,-60.715,2.246,3.296
2012-05-05-20_38_21.499,178,0,0,1,-2.186,2.213,3.696
2012-05-05-20_38_21.500,178,1,0,1,-11.201,2.205,3.096
2012-05-05-20_38_21.501,178,2,0,1,-20.183,2.294,2.596
2012-05-05-20_38_21.501,178,3,0,1,-29.237,2.198,2.596
2012-05-05-20_38_21.502,178,4,0,1,-38.224,2.223,2.296
2012-05-05-20_38_21.502,178,5,0,1,-47.239,2.161,2.596
2012-05-05-20_38_21.503,178,6,0,1,-56.238,2.157,2.696
2012-05-05-20_38_21.503,178,7,0,1,-65.160,2.240,3.496
2012-05-05-20_38_21.504,178,0,1,0,2.271,-2.280,3.612
2012-05-05-20_38_21.505,178,1,1,0,-6.745,-2.290,3.112
2012-05-05-20_38_21.506,178,2,1,0,-15.726,-2.200,2.512
2012-05-05-20_38_21.506,178,3,1,0,-24.781,-2.295,2.812
2012-05-05-20_38_21.507,178,4,1,0,-33.768,-2.270,2.112
2012-05-05-20_38_21.508,178,5,1,0,-42.782,-2.333,2.612
2012-05-05-20_38_21.508,178,6,1,0,-51.781,-2.336,2.712
2012-05-05-20_38_21.509,178,7,1,0,-60.703,-2.254,3.212
2012-05-05-20_38_21.510,178,0,1,1,-2.186,-2.289,3.719
2012-05-05-20_38_21.510,178,1,1,1,-11.202,-2.289,3.219
2012-05-05-20_38_21.511,178,2,1,1,-20.183,-2.209,2.619
2012-05-05-20_38_21.511,178,3,1,1,-29.238,-2.304,2.619
2012-05-05-20_38_21.512,178,4,1,1,-38.225,-2.279,2.019
2012-05-05-20_38_21.513,178,5,1,1,-47.239,-2.341,2.619
2012-05-05-20_38_21.513,178,6,1,1,-56.238,-2.345,2.719
2012-05-05-20_38_21.514,178,7,1,1,-65.160,-2.263,3.319
2012-05-05-20_38_21.514,178,0,2,0,2.271,-6.784,3.628
2012-05-05-20_38_21.516,178,1,2,0,-6.743,-6.787,3.228
2012-05-05-20_38_21.517,178,2,2,0,-15.726,-6.704,2.628
2012-05-05-20_38_21.518,178,3,2,0,-24.781,-6.799,2.828
2012-05-05-20_38_21.519,178,4,2,0,-33.768,-6.774,2.228
2012-05-05-20_38_21.520,178,5,2,0,-42.783,-6.837,2.928
2012-05-05-20_38_21.520,178,6,2,0,-51.781,-6.840,2.728
2012-05-05-20_38_21.522,178,7,2,0,-60.703,-6.758,3.628
2012-05-05-20_38_21.524,178,0,2,1,-2.189,-6.792,3.637
2012-05-05-20_38_21.525,178,1,2,1,-11.200,-6.787,3.137
2012-05-05-20_38_21.526,178,2,2,1,-20.186,-6.712,2.537
2012-05-05-20_38_21.527,178,3,2,1,-29.241,-6.807,2.637
2012-05-05-20_38_21.528,178,4,2,1,-38.228,-6.782,2.337
2012-05-05-20_38_21.536,178,5,2,1,-47.242,-6.845,2.637
2012-05-05-20_38_21.537,178,6,2,1,-56.241,-6.848,2.837
2012-05-05-20_38_21.538,178,7,2,1,-65.163,-6.766,3.437
2012-05-05-20_38_21.539,178,0,3,0,2.273,-11.282,3.747
2012-05-05-20_38_21.540,178,1,3,0,-6.741,-11.286,3.247
2012-05-05-20_38_21.540,178,2,3,0,-15.724,-11.202,2.547
2012-05-05-20_38_21.541,178,3,3,0,-24.779,-11.297,2.847
2012-05-05-20_38_21.542,178,4,3,0,-33.766,-11.272,2.347
2012-05-05-20_38_21.543,178,5,3,0,-42.781,-11.335,2.747
2012-05-05-20_38_21.544,178,6,3,0,-51.779,-11.338,2.747
2012-05-05-20_38_21.545,178,7,3,0,-60.701,-11.256,3.347
2012-05-05-20_38_21.545,178,0,3,1,-2.187,-11.289,3.759
2012-05-05-20_38_21.546,178,1,3,1,-11.200,-11.285,3.159
2012-05-05-20_38_21.547,178,2,3,1,-20.184,-11.208,2.659
2012-05-05-20_38_21.548,178,3,3,1,-29.239,-11.304,2.659
2012-05-05-20_38_21.548,178,4,3,1,-38.226,-11.279,2.359
2012-05-05-20_38_21.549,178,5,3,1,-47.240,-11.341,2.659
2012-05-05-20_38_21.550,178,6,3,1,-56.239,-11.345,2.859
2012-05-05-20_38_21.550,178,7,3,1,-65.161,-11.262,3.359
2012-05-05-20_38_21.551,178,0,4,0,2.272,-15.782,3.672
2012-05-05-20_38_21.552,178,1,4,0,-6.741,-15.793,3.172
2012-05-05-20_38_21.552,178,2,4,0,-15.725,-15.702,2.572
2012-05-05-20_38_21.553,178,3,4,0,-24.779,-15.797,2.972
2012-05-05-20_38_21.554,178,4,4,0,-33.767,-15.772,2.072
2012-05-05-20_38_21.554,178,5,4,0,-42.781,-15.834,2.672
2012-05-05-20_38_21.555,178,6,4,0,-51.780,-15.838,2.672
2012-05-05-20_38_21.556,178,7,4,0,-60.702,-15.756,3.472
2012-05-05-20_38_21.556,178,0,4,1,-2.187,-15.789,3.683
2012-05-05-20_38_21.557,178,1,4,1,-11.203,-15.793,3.182
2012-05-05-20_38_21.558,178,2,4,1,-20.184,-15.708,2.683
2012-05-05-20_38_21.558,178,3,4,1,-29.239,-15.804,2.883
2012-05-05-20_38_21.559,178,4,4,1,-38.226,-15.779,2.183
2012-05-05-20_38_21.560,178,5,4,1,-47.241,-15.841,2.483
2012-05-05-20_38_21.560,178,6,4,1,-56.239,-15.845,2.683
2012-05-05-20_38_21.562,178,7,4,1,-65.161,-15.762,3.383
2012-05-05-20_38_21.563,178,0,5,0,2.270,-20.279,3.691
2012-05-05-20_38_21.564,178,1,5,0,-6.741,-20.297,3.191
2012-05-05-20_38_21.566,178,2,5,0,-15.728,-20.199,2.691
2012-05-05-20_38_21.567,178,3,5,0,-24.782,-20.295,2.891
2012-05-05-20_38_21.567,178,4,5,0,-33.769,-20.270,2.191
2012-05-05-20_38_21.568,178,5,5,0,-42.784,-20.332,2.791
2012-05-05-20_38_21.569,178,6,5,0,-51.783,-20.335,2.791
2012-05-05-20_38_21.570,178,7,5,0,-60.705,-20.253,3.291
2012-05-05-20_38_21.570,178,0,5,1,-2.188,-20.288,3.700
2012-05-05-20_38_21.571,178,1,5,1,-11.206,-20.296,3.200
2012-05-05-20_38_21.572,178,2,5,1,-20.185,-20.208,2.600
2012-05-05-20_38_21.572,178,3,5,1,-29.240,-20.303,2.700
2012-05-05-20_38_21.573,178,4,5,1,-38.227,-20.278,2.100
2012-05-05-20_38_21.574,178,5,5,1,-47.241,-20.340,2.600
2012-05-05-20_38_21.574,178,6,5,1,-56.240,-20.344,2.800
2012-05-05-20_38_21.575,178,7,5,1,-65.162,-20.262,3.500
2012-05-05-20_38_21.575,178,0,6,0,2.269,-24.780,3.710
2012-05-05-20_38_21.576,178,1,6,0,-6.737,-24.791,3.210
2012-05-05-20_38_21.577,178,2,6,0,-15.728,-24.700,2.610
2012-05-05-20_38_21.577,178,3,6,0,-24.783,-24.795,2.910
2012-05-05-20_38_21.578,178,4,6,0,-33.770,-24.770,2.010
2012-05-05-20_38_21.578,178,5,6,0,-42.784,-24.832,2.610
2012-05-05-20_38_21.579,178,6,6,0,-51.783,-24.836,2.810
2012-05-05-20_38_21.580,178,7,6,0,-60.705,-24.754,3.510
2012-05-05-20_38_21.580,178,0,6,1,-2.183,-24.789,3.722
2012-05-05-20_38_21.582,178,1,6,1,-11.209,-24.790,3.222
2012-05-05-20_38_21.583,178,2,6,1,-20.180,-24.709,2.622
2012-05-05-20_38_21.583,178,3,6,1,-29.235,-24.804,2.922
2012-05-05-20_38_21.584,178,4,6,1,-38.222,-24.779,2.122
2012-05-05-20_38_21.585,178,5,6,1,-47.237,-24.842,2.722
2012-05-05-20_38_21.585,178,6,6,1,-56.235,-24.845,2.822
2012-05-05-20_38_21.586,178,7,6,1,-65.157,-24.763,3.422
2012-05-05-20_38_21.586,178,0,7,0,2.269,-29.284,3.735
2012-05-05-20_38_21.587,178,1,7,0,-6.740,-29.287,3.235
2012-05-05-20_38_21.588,178,2,7,0,-15.728,-29.204,2.635
2012-05-05-20_38_21.588,178,3,7,0,-24.783,-29.299,2.935
2012-05-05-20_38_21.589,178,4,7,0,-33.770,-29.274,2.435
2012-05-05-20_38_21.589,178,5,7,0,-42.785,-29.336,2.735
2012-05-05-20_38_21.590,178,6,7,0,-51.784,-29.340,2.935
2012-05-05-20_38_21.591,178,7,7,0,-60.705,-29.258,3.435
2012-05-05-20_38_21.591,178,0,7,1,-2.181,-29.291,3.845
2012-05-05-20_38_21.592,178,1,7,1,-11.212,-29.287,3.245
2012-05-05-20_38_21.592,178,2,7,1,-20.178,-29.211,2.745
2012-05-05-20_38_21.593,178,3,7,1,-29.233,-29.306,2.945
2012-05-05-20_38_21.594,178,4,7,1,-38.220,-29.281,2.345
2012-05-05-20_38_21.594,178,5,7,1,-47.235,-29.343,2.845
2012-05-05-20_38_21.595,178,6,7,1,-56.233,-29.347,2.845
2012-05-05-20_38_21.596,178,7,7,1,-65.155,-29.265,3.545
2012-05-05-20_38_21.596,178,0,8,0,2.273,-33.782,3.754
2012-05-05-20_38_21.597,178,1,8,0,-6.743,-33.785,3.254
2012-05-05-20_38_21.598,178,2,8,0,-15.724,-33.702,2.654
2012-05-05-20_38_21.598,178,3,8,0,-24.779,-33.798,2.954
2012-05-05-20_38_21.599,178,4,8,0,-33.766,-33.773,2.354
2012-05-05-20_38_21.600,178,5,8,0,-42.780,-33.835,2.754
2012-05-05-20_38_21.600,178,6,8,0,-51.779,-33.839,2.954
2012-05-05-20_38_21.601,178,7,8,0,-60.701,-33.756,3.554
2012-05-05-20_38_21.601,178,0,8,1,-2.184,-33.788,3.763
2012-05-05-20_38_21.602,178,1,8,1,-11.212,-33.784,3.262
2012-05-05-20_38_21.603,178,2,8,1,-20.181,-33.707,2.663
2012-05-05-20_38_21.604,178,3,8,1,-29.236,-33.803,2.963
2012-05-05-20_38_21.604,178,4,8,1,-38.223,-33.778,2.463
2012-05-05-20_38_21.605,178,5,8,1,-47.238,-33.840,2.763
2012-05-05-20_38_21.606,178,6,8,1,-56.236,-33.844,2.963
2012-05-05-20_38_21.606,178,7,8,1,-65.158,-33.761,3.563
2012-05-05-20_38_21.607,178,0,9,0,2.275,-38.282,3.672
2012-05-05-20_38_21.607,178,1,9,0,-6.746,-38.292,3.272
2012-05-05-20_38_21.608,178,2,9,0,-15.722,-38.202,2.772
2012-05-05-20_38_21.609,178,3,9,0,-24.777,-38.297,2.972
2012-05-05-20_38_21.610,178,4,9,0,-33.764,-38.272,2.272
2012-05-05-20_38_21.610,178,5,9,0,-42.778,-38.334,2.772
2012-05-05-20_38_21.611,178,6,9,0,-51.777,-38.338,2.872
2012-05-05-20_38_21.612,178,7,9,0,-60.699,-38.256,3.472
2012-05-05-20_38_21.612,178,0,9,1,-2.185,-38.288,3.685
2012-05-05-20_38_21.613,178,1,9,1,-11.210,-38.292,3.185
2012-05-05-20_38_21.614,178,2,9,1,-20.182,-38.208,2.685
2012-05-05-20_38_21.614,178,3,9,1,-29.236,-38.303,2.785
2012-05-05-20_38_21.615,178,4,9,1,-38.223,-38.278,2.185
2012-05-05-20_38_21.616,178,5,9,1,-47.238,-38.340,2.785
2012-05-05-20_38_21.616,178,6,9,1,-56.237,-38.344,2.985
2012-05-05-20_38_21.617,178,7,9,1,-65.159,-38.262,3.585
2012-05-05-20_38_21.618,178,0,10,0,2.277,-42.780,3.698
2012-05-05-20_38_21.619,178,1,10,0,-6.751,-42.795,3.398
2012-05-05-20_38_21.619,178,2,10,0,-15.720,-42.700,2.798
2012-05-05-20_38_21.620,178,3,10,0,-24.775,-42.795,2.998
2012-05-05-20_38_21.621,178,4,10,0,-33.762,-42.770,2.198
2012-05-05-20_38_21.621,178,5,10,0,-42.776,-42.832,2.798
2012-05-05-20_38_21.622,178,6,10,0,-51.775,-42.836,2.998
2012-05-05-20_38_21.623,178,7,10,0,-60.697,-42.754,3.498
2012-05-05-20_38_21.624,178,0,10,1,-2.187,-42.787,3.808
2012-05-05-20_38_21.625,178,1,10,1,-11.211,-42.795,3.308
2012-05-05-20_38_21.625,178,2,10,1,-20.184,-42.707,2.708
2012-05-05-20_38_21.626,178,3,10,1,-29.239,-42.803,3.108
2012-05-05-20_38_21.627,178,4,10,1,-38.226,-42.777,2.408
2012-05-05-20_38_21.627,178,5,10,1,-47.241,-42.840,2.808
2012-05-05-20_38_21.628,178,6,10,1,-56.240,-42.843,2.908
2012-05-05-20_38_21.629,178,7,10,1,-65.162,-42.761,3.508
2012-05-05-20_38_21.629,178,0,11,0,2.277,-47.280,3.717
2012-05-05-20_38_21.630,178,1,11,0,-6.749,-47.291,3.317
2012-05-05-20_38_21.631,178,2,11,0,-15.720,-47.200,2.717
2012-05-05-20_38_21.631,178,3,11,0,-24.775,-47.295,3.117
2012-05-05-20_38_21.633,178,4,11,0,-33.762,-47.270,2.317
2012-05-05-20_38_21.634,178,5,11,0,-42.777,-47.332,2.817
2012-05-05-20_38_21.634,178,6,11,0,-51.775,-47.336,2.917
2012-05-05-20_38_21.635,178,7,11,0,-60.697,-47.254,3.517
2012-05-05-20_38_21.636,178,0,11,1,-2.190,-47.289,3.826
2012-05-05-20_38_21.636,178,1,11,1,-11.213,-47.290,3.326
2012-05-05-20_38_21.637,178,2,11,1,-20.187,-47.209,2.726
2012-05-05-20_38_21.637,178,3,11,1,-29.242,-47.305,2.826
2012-05-05-20_38_21.638,178,4,11,1,-38.229,-47.280,2.526
2012-05-05-20_38_21.638,178,5,11,1,-47.244,-47.342,2.826
2012-05-05-20_38_21.639,178,6,11,1,-56.242,-47.346,2.926
2012-05-05-20_38_21.640,178,7,11,1,-65.164,-47.263,3.626
2012-05-05-20_38_21.640,178,0,12,0,2.276,-51.785,3.736
2012-05-05-20_38_21.641,178,1,12,0,-6.752,-51.787,3.336
2012-05-05-20_38_21.641,178,2,12,0,-15.721,-51.705,2.736
2012-05-05-20_38_21.642,178,3,12,0,-24.776,-51.800,2.936
2012-05-05-20_38_21.643,178,4,12,0,-33.763,-51.775,2.236
2012-05-05-20_38_21.643,178,5,12,0,-42.777,-51.837,2.836
2012-05-05-20_38_21.644,178,6,12,0,-51.776,-51.841,2.836
2012-05-05-20_38_21.644,178,7,12,0,-60.698,-51.759,3.536
2012-05-05-20_38_21.645,178,0,12,1,-2.191,-51.791,3.849
2012-05-05-20_38_21.646,178,1,12,1,-11.211,-51.787,3.349
2012-05-05-20_38_21.647,178,2,12,1,-20.188,-51.711,2.749
2012-05-05-20_38_21.647,178,3,12,1,-29.242,-51.807,2.949
2012-05-05-20_38_21.648,178,4,12,1,-38.230,-51.782,2.549
2012-05-05-20_38_21.649,178,5,12,1,-47.244,-51.844,2.849
2012-05-05-20_38_21.650,178,6,12,1,-56.243,-51.848,2.949
2012-05-05-20_38_21.650,178,7,12,1,-65.165,-51.765,3.649
2012-05-05-20_38_21.651,178,0,13,0,2.276,-56.282,3.762
2012-05-05-20_38_21.652,178,1,13,0,-6.752,-56.285,3.362
2012-05-05-20_38_21.652,178,2,13,0,-15.721,-56.202,2.762
2012-05-05-20_38_21.653,178,3,13,0,-24.776,-56.298,2.962
2012-05-05-20_38_21.654,178,4,13,0,-33.763,-56.273,2.262
2012-05-05-20_38_21.654,178,5,13,0,-42.778,-56.335,2.762
2012-05-05-20_38_21.655,178,6,13,0,-51.776,-56.339,2.862
2012-05-05-20_38_21.656,178,7,13,0,-60.698,-56.256,3.562
2012-05-05-20_38_21.657,178,0,13,1,-2.194,-56.288,3.871
2012-05-05-20_38_21.658,178,1,13,1,-11.212,-56.286,3.371
2012-05-05-20_38_21.658,178,2,13,1,-20.191,-56.208,2.771
2012-05-05-20_38_21.659,178,3,13,1,-29.245,-56.303,2.771
2012-05-05-20_38_21.659,178,4,13,1,-38.232,-56.278,2.371
2012-05-05-20_38_21.660,178,5,13,1,-47.247,-56.341,2.871
2012-05-05-20_38_21.661,178,6,13,1,-56.246,-56.344,2.871
2012-05-05-20_38_21.661,178,7,13,1,-65.168,-56.262,3.671
2012-05-05-20_38_21.662,178,0,14,0,2.275,-60.782,3.879
2012-05-05-20_38_21.662,178,1,14,0,-6.753,-60.792,3.379
2012-05-05-20_38_21.663,178,2,14,0,-15.722,-60.702,2.779
2012-05-05-20_38_21.664,178,3,14,0,-24.776,-60.797,3.079
2012-05-05-20_38_21.665,178,4,14,0,-33.763,-60.772,2.479
2012-05-05-20_38_21.666,178,5,14,0,-42.778,-60.834,2.879
2012-05-05-20_38_21.667,178,6,14,0,-51.777,-60.838,2.979
2012-05-05-20_38_21.668,178,7,14,0,-60.699,-60.756,3.679
2012-05-05-20_38_21.668,178,0,14,1,-2.194,-60.788,3.888
2012-05-05-20_38_21.669,178,1,14,1,-11.210,-60.793,3.388
2012-05-05-20_38_21.670,178,2,14,1,-20.191,-60.708,2.788
2012-05-05-20_38_21.671,178,3,14,1,-29.246,-60.804,2.888
2012-05-05-20_38_21.672,178,4,14,1,-38.233,-60.779,2.588
2012-05-05-20_38_21.672,178,5,14,1,-47.247,-60.841,2.888
2012-05-05-20_38_21.673,178,6,14,1,-56.246,-60.844,2.988
2012-05-05-20_38_21.674,178,7,14,1,-65.168,-60.762,3.688
2012-05-05-20_38_21.675,178,0,15,0,2.273,-65.280,3.897
2012-05-05-20_38_21.675,178,1,15,0,-6.751,-65.296,3.397
2012-05-05-20_38_21.676,178,2,15,0,-15.725,-65.200,2.797
2012-05-05-20_38_21.677,178,3,15,0,-24.779,-65.295,3.097
2012-05-05-20_38_21.677,178,4,15,0,-33.766,-65.270,2.497
2012-05-05-20_38_21.678,178,5,15,0,-42.781,-65.332,2.797
2012-05-05-20_38_21.678,178,6,15,0,-51.780,-65.336,2.897
2012-05-05-20_38_21.679,178,7,15,0,-60.702,-65.254,3.497
2012-05-05-20_38_21.680,178,0,15,1,-2.197,-65.287,3.910
2012-05-05-20_38_21.681,178,1,15,1,-11.205,-65.295,3.410
2012-05-05-20_38_21.681,178,2,15,1,-20.194,-65.207,2.810
2012-05-05-20_38_21.682,178,3,15,1,-29.249,-65.303,2.810
2012-05-05-20_38_21.682,178,4,15,1,-38.236,-65.277,2.510
2012-05-05-20_38_21.683,178,5,15,1,-47.250,-65.340,2.910
2012-05-05-20_38_21.684,178,6,15,1,-56.249,-65.343,2.910
2012-05-05-20_38_21.684,178,7,15,1,-65.171,-65.261,3.710
2012-05-05-20_38_21.685,178,0,16,0,2.270,-69.780,3.922
2012-05-05-20_38_21.686,178,1,16,0,-6.749,-69.790,3.422
2012-05-05-20_38_21.687,178,2,16,0,-15.727,-69.700,2.822
2012-05-05-20_38_21.687,178,3,16,0,-24.782,-69.795,3.122
2012-05-05-20_38_21.688,178,4,16,0,-33.769,-69.770,2.322
2012-05-05-20_38_21.689,178,5,16,0,-42.784,-69.833,2.922
2012-05-05-20_38_21.689,178,6,16,0,-51.782,-69.836,3.022
2012-05-05-20_38_21.690,178,7,16,0,-60.704,-69.754,3.622
2012-05-05-20_38_21.690,178,0,16,1,-2.195,-69.789,3.934
2012-05-05-20_38_21.691,178,1,16,1,-11.208,-69.789,3.433
2012-05-05-20_38_21.692,178,2,16,1,-20.192,-69.708,2.834
2012-05-05-20_38_21.692,178,3,16,1,-29.247,-69.804,2.934
2012-05-05-20_38_21.693,178,4,16,1,-38.234,-69.779,2.534
2012-05-05-20_38_21.694,178,5,16,1,-47.248,-69.841,2.734
2012-05-05-20_38_21.695,178,6,16,1,-56.247,-69.845,3.034
2012-05-05-20_38_21.695,178,7,16,1,-65.169,-69.762,3.634
2012-05-05-20_38_21.696,178,0,17,0,2.267,-74.284,3.942
2012-05-05-20_38_21.697,178,1,17,0,-6.747,-74.287,3.442
2012-05-05-20_38_21.697,178,2,17,0,-15.730,-74.204,2.842
2012-05-05-20_38_21.698,178,3,17,0,-24.785,-74.299,3.042
2012-05-05-20_38_21.698,178,4,17,0,-33.772,-74.274,2.342
2012-05-05-20_38_21.699,178,5,17,0,-42.787,-74.336,2.842
2012-05-05-20_38_21.700,178,6,17,0,-51.785,-74.340,2.942
2012-05-05-20_38_21.700,178,7,17,0,-60.707,-74.258,3.642
2012-05-05-20_38_21.701,178,0,17,1,-2.193,-74.291,3.952
2012-05-05-20_38_21.703,178,1,17,1,-11.209,-74.286,3.451
2012-05-05-20_38_21.704,178,2,17,1,-20.190,-74.211,2.852
2012-05-05-20_38_21.705,178,3,17,1,-29.245,-74.306,2.852
2012-05-05-20_38_21.706,178,4,17,1,-38.232,-74.281,2.352
2012-05-05-20_38_21.707,178,5,17,1,-47.246,-74.344,2.852
2012-05-05-20_38_21.708,178,6,17,1,-56.245,-74.347,2.952
2012-05-05-20_38_21.709,178,7,17,1,-65.167,-74.265,3.752
2012-05-05-20_38_21.711,178,0,18,0,2.266,-78.782,3.862
2012-05-05-20_38_21.712,178,1,18,0,-6.747,-78.785,3.462
2012-05-05-20_38_21.713,178,2,18,0,-15.731,-78.702,2.862
2012-05-05-20_38_21.713,178,3,18,0,-24.785,-78.797,3.062
2012-05-05-20_38_21.714,178,4,18,0,-33.772,-78.772,2.462
2012-05-05-20_38_21.714,178,5,18,0,-42.787,-78.835,2.762
2012-05-05-20_38_21.715,178,6,18,0,-51.786,-78.838,2.962
2012-05-05-20_38_21.716,178,7,18,0,-60.708,-78.756,3.662
2012-05-05-20_38_21.716,178,0,18,1,-2.193,-78.788,3.875
2012-05-05-20_38_21.717,178,1,18,1,-11.214,-78.785,3.474
2012-05-05-20_38_21.718,178,2,18,1,-20.190,-78.707,2.875
2012-05-05-20_38_21.718,178,3,18,1,-29.245,-78.803,3.075
2012-05-05-20_38_21.719,178,4,18,1,-38.232,-78.778,2.275
2012-05-05-20_38_21.720,178,5,18,1,-47.247,-78.840,2.875
2012-05-05-20_38_21.720,178,6,18,1,-56.245,-78.844,2.975
2012-05-05-20_38_21.721,178,7,18,1,-65.167,-78.761,3.775
2012-05-05-20_38_21.722,178,0,19,0,2.264,-83.282,3.886
2012-05-05-20_38_21.722,178,1,19,0,-6.747,-83.292,3.487
2012-05-05-20_38_21.723,178,2,19,0,-15.734,-83.202,2.886
2012-05-05-20_38_21.724,178,3,19,0,-24.788,-83.298,3.186
2012-05-05-20_38_21.724,178,4,19,0,-33.775,-83.272,2.186
2012-05-05-20_38_21.725,178,5,19,0,-42.790,-83.335,2.886
2012-05-05-20_38_21.726,178,6,19,0,-51.789,-83.338,2.986
2012-05-05-20_38_21.726,178,7,19,0,-60.711,-83.256,3.686
2012-05-05-20_38_21.727,178,0,19,1,-2.191,-83.288,3.997
2012-05-05-20_38_21.727,178,1,19,1,-11.214,-83.292,3.497
2012-05-05-20_38_21.728,178,2,19,1,-20.188,-83.208,2.897
2012-05-05-20_38_21.729,178,3,19,1,-29.243,-83.303,2.897
2012-05-05-20_38_21.729,178,4,19,1,-38.230,-83.278,2.597
2012-05-05-20_38_21.730,178,5,19,1,-47.245,-83.340,2.997
2012-05-05-20_38_21.730,178,6,19,1,-56.243,-83.344,2.997
2012-05-05-20_38_21.731,178,7,19,1,-65.165,-83.262,3.797
2012-05-05-20_38_21.731,178,0,20,0,2.266,-87.780,4.005
2012-05-05-20_38_21.732,178,1,20,0,-6.748,-87.796,3.405
2012-05-05-20_38_21.732,178,2,20,0,-15.732,-87.699,2.905
2012-05-05-20_38_21.733,178,3,20,0,-24.786,-87.795,3.105
2012-05-05-20_38_21.733,178,4,20,0,-33.773,-87.770,2.605
2012-05-05-20_38_21.734,178,5,20,0,-42.788,-87.832,3.005
2012-05-05-20_38_21.735,178,6,20,0,-51.787,-87.836,2.905
2012-05-05-20_38_21.736,178,7,20,0,-60.709,-87.753,3.905
2012-05-05-20_38_21.736,178,0,20,1,-2.192,-87.788,3.914
2012-05-05-20_38_21.737,178,1,20,1,-11.212,-87.795,3.514
2012-05-05-20_38_21.738,178,2,20,1,-20.189,-87.707,2.914
2012-05-05-20_38_21.738,178,3,20,1,-29.243,-87.803,3.014
2012-05-05-20_38_21.739,178,4,20,1,-38.230,-87.778,2.614
2012-05-05-20_38_21.740,178,5,20,1,-47.245,-87.840,2.914
2012-05-05-20_38_21.740,178,6,20,1,-56.244,-87.844,3.114
2012-05-05-20_38_21.741,178,7,20,1,-65.166,-87.761,3.814
2012-05-05-20_38_21.741,178,0,21,0,2.268,-92.279,4.024
2012-05-05-20_38_21.742,178,1,21,0,-6.751,-92.291,3.524
2012-05-05-20_38_21.743,178,2,21,0,-15.729,-92.199,2.924
2012-05-05-20_38_21.743,178,3,21,0,-24.784,-92.295,3.124
2012-05-05-20_38_21.744,178,4,21,0,-33.771,-92.270,2.524
2012-05-05-20_38_21.745,178,5,21,0,-42.786,-92.332,2.924
2012-05-05-20_38_21.745,178,6,21,0,-51.785,-92.336,3.024
2012-05-05-20_38_21.746,178,7,21,0,-60.706,-92.253,3.624
2012-05-05-20_38_21.747,178,0,21,1,-2.192,-92.289,4.037
2012-05-05-20_38_21.747,178,1,21,1,-11.213,-92.290,3.437
2012-05-05-20_38_21.748,178,2,21,1,-20.189,-92.209,2.937
2012-05-05-20_38_21.748,178,3,21,1,-29.244,-92.305,2.937
2012-05-05-20_38_21.749,178,4,21,1,-38.231,-92.280,2.437
2012-05-05-20_38_21.750,178,5,21,1,-47.246,-92.342,3.037
2012-05-05-20_38_21.751,178,6,21,1,-56.244,-92.346,3.037
2012-05-05-20_38_21.752,178,7,21,1,-65.166,-92.263,3.837
2012-05-05-20_38_21.753,178,0,22,0,2.267,-96.783,3.950
2012-05-05-20_38_21.754,178,1,22,0,-6.754,-96.788,3.550
2012-05-05-20_38_21.755,178,2,22,0,-15.730,-96.703,2.950
2012-05-05-20_38_21.755,178,3,22,0,-24.785,-96.798,3.250
2012-05-05-20_38_21.756,178,4,22,0,-33.772,-96.773,2.550
2012-05-05-20_38_21.757,178,5,22,0,-42.786,-96.836,2.850
2012-05-05-20_38_21.757,178,6,22,0,-51.785,-96.839,3.050
2012-05-05-20_38_21.758,178,7,22,0,-60.707,-96.757,3.750
2012-05-05-20_38_21.759,178,0,22,1,-2.192,-96.792,3.958
2012-05-05-20_38_21.760,178,1,22,1,-11.213,-96.788,3.558
2012-05-05-20_38_21.760,178,2,22,1,-20.190,-96.712,2.958
2012-05-05-20_38_21.761,178,3,22,1,-29.244,-96.807,3.058
2012-05-05-20_38_21.762,178,4,22,1,-38.231,-96.782,2.758
2012-05-05-20_38_21.762,178,5,22,1,-47.246,-96.844,3.058
2012-05-05-20_38_21.763,178,6,22,1,-56.245,-96.848,3.158
2012-05-05-20_38_21.763,178,7,22,1,-65.167,-96.766,3.858
2012-05-05-20_38_21.764,178,0,23,0,2.267,-101.282,4.068
2012-05-05-20_38_21.765,178,1,23,0,-6.754,-101.286,3.568
2012-05-05-20_38_21.766,178,2,23,0,-15.730,-101.202,2.968
2012-05-05-20_38_21.767,178,3,23,0,-24.785,-101.297,3.268
2012-05-05-20_38_21.767,178,4,23,0,-33.772,-101.272,2.668
2012-05-05-20_38_21.768,178,5,23,0,-42.787,-101.334,2.968
2012-05-05-20_38_21.768,178,6,23,0,-51.785,-101.338,2.868
2012-05-05-20_38_21.769,178,7,23,0,-60.707,-101.256,3.668
2012-05-05-20_38_21.769,178,0,23,1,-2.190,-101.281,4.068
2012-05-05-20_38_21.770,178,1,23,1,-11.214,-101.286,3.568
2012-05-05-20_38_21.771,178,2,23,1,-20.188,-101.201,2.968
2012-05-05-20_38_21.771,178,3,23,1,-29.242,-101.296,3.068
2012-05-05-20_38_21.772,178,4,23,1,-38.229,-101.271,2.568
2012-05-05-20_38_21.772,178,5,23,1,-47.244,-101.333,2.968
2012-05-05-20_38_21.774,178,6,23,1,-56.243,-101.337,3.068
2012-05-05-20_38_21.775,178,7,23,1,-65.165,-101.255,3.768
