2012-05-06-02_03_36.411,519,0,0,0,2.259,2.220,3.396
2012-05-06-02_03_36.412,519,1,0,0,-6.749,2.204,2.896
2012-05-06-02_03_36.433,519,2,0,0,-15.738,2.300,2.496
2012-05-06-02_03_36.434,519,3,0,0,-24.792,2.205,2.796
2012-05-06-02_03_36.435,519,4,0,0,-33.779,2.230,1.996
2012-05-06-02_03_36.435,519,5,0,0,-42.794,2.168,2.696
2012-05-06-02_03_36.436,519,6,0,0,-51.793,2.164,2.596
2012-05-06-02_03_36.436,519,7,0,0,-60.715,2.246,3.296
2012-05-06-02_03_36.437,519,0,0,1,-2.186,2.212,3.596
2012-05-06-02_03_36.437,519,1,0,1,-11.201,2.204,5.396
2012-05-06-02_03_36.438,519,2,0,1,-20.183,2.293,2.596
2012-05-06-02_03_36.439,519,3,0,1,-29.237,2.197,2.696
2012-05-06-02_03_36.440,519,4,0,1,-38.224,2.222,2.296
2012-05-06-02_03_36.440,519,5,0,1,-47.239,2.160,2.496
2012-05-06-02_03_36.441,519,6,0,1,-56.238,2.156,2.696
2012-05-06-02_03_36.442,519,7,0,1,-65.160,2.239,3.496
2012-05-06-02_03_36.442,519,0,1,0,2.271,-2.280,3.612
2012-05-06-02_03_36.443,519,1,1,0,-6.745,-2.290,3.112
2012-05-06-02_03_36.443,519,2,1,0,-15.726,-2.200,2.512
2012-05-06-02_03_36.444,519,3,1,0,-24.781,-2.295,2.912
2012-05-06-02_03_36.444,519,4,1,0,-33.768,-2.270,2.112
2012-05-06-02_03_36.445,519,5,1,0,-42.782,-2.333,2.712
2012-05-06-02_03_36.446,519,6,1,0,-51.781,-2.336,2.712
2012-05-06-02_03_36.447,519,7,1,0,-60.703,-2.254,3.512
2012-05-06-02_03_36.447,519,0,1,1,-2.186,-2.289,3.619
2012-05-06-02_03_36.448,519,1,1,1,-11.202,-2.290,3.119
2012-05-06-02_03_36.449,519,2,1,1,-20.183,-2.209,2.619
2012-05-06-02_03_36.449,519,3,1,1,-29.238,-2.304,2.619
2012-05-06-02_03_36.450,519,4,1,1,-38.225,-2.279,2.019
2012-05-06-02_03_36.451,519,5,1,1,-47.239,-2.342,2.519
2012-05-06-02_03_36.452,519,6,1,1,-56.238,-2.345,2.719
2012-05-06-02_03_36.453,519,7,1,1,-65.160,-2.263,3.319
2012-05-06-02_03_36.453,519,0,2,0,2.271,-6.784,3.528
2012-05-06-02_03_36.454,519,1,2,0,-6.745,-6.787,3.128
2012-05-06-02_03_36.455,519,2,2,0,-15.726,-6.704,2.528
2012-05-06-02_03_36.455,519,3,2,0,-24.781,-6.799,2.928
2012-05-06-02_03_36.456,519,4,2,0,-33.768,-6.774,2.228
2012-05-06-02_03_36.457,519,5,2,0,-42.783,-6.837,2.828
2012-05-06-02_03_36.458,519,6,2,0,-51.781,-6.840,2.628
2012-05-06-02_03_36.458,519,7,2,0,-60.703,-6.758,3.528
2012-05-06-02_03_36.459,519,0,2,1,-2.186,-6.792,3.637
2012-05-06-02_03_36.460,519,1,2,1,-11.200,-6.788,3.137
2012-05-06-02_03_36.460,519,2,2,1,-20.184,-6.712,2.537
2012-05-06-02_03_36.463,519,3,2,1,-29.238,-6.808,2.937
2012-05-06-02_03_36.464,519,4,2,1,-38.225,-6.783,2.337
2012-05-06-02_03_36.465,519,5,2,1,-47.240,-6.845,2.637
2012-05-06-02_03_36.466,519,6,2,1,-56.239,-6.848,2.737
2012-05-06-02_03_36.467,519,7,2,1,-65.161,-6.766,3.437
2012-05-06-02_03_36.468,519,0,3,0,2.270,-11.282,3.547
2012-05-06-02_03_36.469,519,1,3,0,-6.743,-11.287,3.147
2012-05-06-02_03_36.470,519,2,3,0,-15.727,-11.202,2.547
2012-05-06-02_03_36.471,519,3,3,0,-24.781,-11.297,2.947
2012-05-06-02_03_36.472,519,4,3,0,-33.769,-11.272,2.347
2012-05-06-02_03_36.472,519,5,3,0,-42.783,-11.334,2.747
2012-05-06-02_03_36.473,519,6,3,0,-51.782,-11.338,2.847
2012-05-06-02_03_36.474,519,7,3,0,-60.704,-11.256,3.447
2012-05-06-02_03_36.475,519,0,3,1,-2.187,-11.289,3.659
2012-05-06-02_03_36.477,519,1,3,1,-11.200,-11.286,3.159
2012-05-06-02_03_36.486,519,2,3,1,-20.184,-11.208,2.559
2012-05-06-02_03_36.487,519,3,3,1,-29.239,-11.304,2.959
2012-05-06-02_03_36.488,519,4,3,1,-38.226,-11.279,2.459
2012-05-06-02_03_36.489,519,5,3,1,-47.240,-11.341,2.659
2012-05-06-02_03_36.490,519,6,3,1,-56.239,-11.345,2.659
2012-05-06-02_03_36.491,519,7,3,1,-65.161,-11.262,3.259
2012-05-06-02_03_36.492,519,0,4,0,2.270,-15.782,3.673
2012-05-06-02_03_36.493,519,1,4,0,-6.741,-15.794,3.173
2012-05-06-02_03_36.494,519,2,4,0,-15.727,-15.701,2.573
2012-05-06-02_03_36.495,519,3,4,0,-24.782,-15.797,2.973
2012-05-06-02_03_36.497,519,4,4,0,-33.769,-15.772,2.073
2012-05-06-02_03_36.498,519,5,4,0,-42.784,-15.834,2.573
2012-05-06-02_03_36.499,519,6,4,0,-51.782,-15.838,2.673
2012-05-06-02_03_36.500,519,7,4,0,-60.704,-15.755,3.473
2012-05-06-02_03_36.501,519,0,4,1,-2.185,-15.788,3.683
2012-05-06-02_03_36.502,519,1,4,1,-11.203,-15.794,3.082
2012-05-06-02_03_36.503,519,2,4,1,-20.182,-15.708,2.583
2012-05-06-02_03_36.504,519,3,4,1,-29.237,-15.804,2.983
2012-05-06-02_03_36.505,519,4,4,1,-38.224,-15.779,2.083
2012-05-06-02_03_36.506,519,5,4,1,-47.238,-15.841,2.383
2012-05-06-02_03_36.508,519,6,4,1,-56.237,-15.844,2.683
2012-05-06-02_03_36.509,519,7,4,1,-65.159,-15.762,3.383
2012-05-06-02_03_36.510,519,0,5,0,2.267,-20.280,3.591
2012-05-06-02_03_36.511,519,1,5,0,-6.742,-20.297,3.191
2012-05-06-02_03_36.512,519,2,5,0,-15.730,-20.200,2.591
2012-05-06-02_03_36.513,519,3,5,0,-24.785,-20.295,2.891
2012-05-06-02_03_36.515,519,4,5,0,-33.772,-20.270,2.291
2012-05-06-02_03_36.516,519,5,5,0,-42.786,-20.332,2.691
2012-05-06-02_03_36.517,519,6,5,0,-51.785,-20.336,2.691
2012-05-06-02_03_36.518,519,7,5,0,-60.707,-20.254,3.391
2012-05-06-02_03_36.519,519,0,5,1,-2.185,-20.288,3.700
2012-05-06-02_03_36.519,519,1,5,1,-11.206,-20.297,3.100
2012-05-06-02_03_36.520,519,2,5,1,-20.182,-20.207,2.600
2012-05-06-02_03_36.521,519,3,5,1,-29.237,-20.303,3.000
2012-05-06-02_03_36.522,519,4,5,1,-38.224,-20.278,2.200
2012-05-06-02_03_36.563,519,5,5,1,-47.239,-20.340,2.500
2012-05-06-02_03_36.565,519,6,5,1,-56.237,-20.344,2.700
2012-05-06-02_03_36.566,519,7,5,1,-65.159,-20.261,3.500
2012-05-06-02_03_36.567,519,0,6,0,2.267,-24.780,3.610
2012-05-06-02_03_36.568,519,1,6,0,-6.739,-24.791,3.210
2012-05-06-02_03_36.569,519,2,6,0,-15.730,-24.700,2.610
2012-05-06-02_03_36.571,519,3,6,0,-24.785,-24.795,3.010
2012-05-06-02_03_36.572,519,4,6,0,-33.772,-24.770,2.110
2012-05-06-02_03_36.573,519,5,6,0,-42.787,-24.832,2.610
2012-05-06-02_03_36.574,519,6,6,0,-51.786,-24.836,2.710
2012-05-06-02_03_36.575,519,7,6,0,-60.707,-24.754,3.510
2012-05-06-02_03_36.577,519,0,6,1,-2.181,-24.789,3.622
2012-05-06-02_03_36.577,519,1,6,1,-11.209,-24.790,3.222
2012-05-06-02_03_36.579,519,2,6,1,-20.178,-24.709,2.622
2012-05-06-02_03_36.579,519,3,6,1,-29.233,-24.804,3.022
2012-05-06-02_03_36.580,519,4,6,1,-38.220,-24.779,2.122
2012-05-06-02_03_36.581,519,5,6,1,-47.234,-24.842,2.722
2012-05-06-02_03_36.582,519,6,6,1,-56.233,-24.845,2.722
2012-05-06-02_03_36.583,519,7,6,1,-65.155,-24.763,3.522
2012-05-06-02_03_36.584,519,0,7,0,2.269,-29.284,3.635
2012-05-06-02_03_36.586,519,1,7,0,-6.742,-29.288,3.135
2012-05-06-02_03_36.587,519,2,7,0,-15.728,-29.204,2.735
2012-05-06-02_03_36.588,519,3,7,0,-24.783,-29.299,3.035
2012-05-06-02_03_36.590,519,4,7,0,-33.770,-29.274,2.435
2012-05-06-02_03_36.591,519,5,7,0,-42.785,-29.336,2.635
2012-05-06-02_03_36.592,519,6,7,0,-51.784,-29.340,2.735
2012-05-06-02_03_36.593,519,7,7,0,-60.705,-29.258,3.435
2012-05-06-02_03_36.594,519,0,7,1,-2.181,-29.291,3.745
2012-05-06-02_03_36.595,519,1,7,1,-11.209,-29.287,3.145
2012-05-06-02_03_36.596,519,2,7,1,-20.178,-29.211,2.645
2012-05-06-02_03_36.597,519,3,7,1,-29.233,-29.306,3.045
2012-05-06-02_03_36.598,519,4,7,1,-38.220,-29.281,2.345
2012-05-06-02_03_36.599,519,5,7,1,-47.235,-29.344,2.745
2012-05-06-02_03_36.600,519,6,7,1,-56.233,-29.347,2.845
2012-05-06-02_03_36.600,519,7,7,1,-65.155,-29.265,3.545
2012-05-06-02_03_36.602,519,0,8,0,2.273,-33.782,3.654
2012-05-06-02_03_36.603,519,1,8,0,-6.743,-33.785,3.154
2012-05-06-02_03_36.604,519,2,8,0,-15.724,-33.702,2.654
2012-05-06-02_03_36.605,519,3,8,0,-24.779,-33.798,3.054
2012-05-06-02_03_36.606,519,4,8,0,-33.766,-33.773,2.454
2012-05-06-02_03_36.608,519,5,8,0,-42.780,-33.835,2.754
2012-05-06-02_03_36.609,519,6,8,0,-51.779,-33.839,2.854
2012-05-06-02_03_36.610,519,7,8,0,-60.701,-33.756,3.654
2012-05-06-02_03_36.611,519,0,8,1,-2.182,-33.787,3.663
2012-05-06-02_03_36.611,519,1,8,1,-11.212,-33.785,3.162
2012-05-06-02_03_36.613,519,2,8,1,-20.179,-33.707,2.663
2012-05-06-02_03_36.614,519,3,8,1,-29.233,-33.803,3.063
2012-05-06-02_03_36.615,519,4,8,1,-38.221,-33.778,2.463
2012-05-06-02_03_36.616,519,5,8,1,-47.235,-33.840,2.763
2012-05-06-02_03_36.617,519,6,8,1,-56.234,-33.843,2.863
2012-05-06-02_03_36.618,519,7,8,1,-65.156,-33.761,3.563
2012-05-06-02_03_36.620,519,0,9,0,2.275,-38.283,3.672
2012-05-06-02_03_36.621,519,1,9,0,-6.746,-38.294,3.272
2012-05-06-02_03_36.622,519,2,9,0,-15.722,-38.202,2.672
2012-05-06-02_03_36.623,519,3,9,0,-24.777,-38.298,3.072
2012-05-06-02_03_36.624,519,4,9,0,-33.764,-38.273,2.372
2012-05-06-02_03_36.625,519,5,9,0,-42.778,-38.335,2.672
2012-05-06-02_03_36.626,519,6,9,0,-51.777,-38.339,2.772
2012-05-06-02_03_36.627,519,7,9,0,-60.699,-38.256,3.372
2012-05-06-02_03_36.628,519,0,9,1,-2.185,-38.288,3.685
2012-05-06-02_03_36.629,519,1,9,1,-11.210,-38.293,3.185
2012-05-06-02_03_36.630,519,2,9,1,-20.182,-38.208,2.785
2012-05-06-02_03_36.631,519,3,9,1,-29.236,-38.304,3.085
2012-05-06-02_03_36.632,519,4,9,1,-38.223,-38.279,2.285
2012-05-06-02_03_36.632,519,5,9,1,-47.238,-38.341,2.685
2012-05-06-02_03_36.633,519,6,9,1,-56.237,-38.344,2.885
2012-05-06-02_03_36.634,519,7,9,1,-65.159,-38.262,3.585
2012-05-06-02_03_36.635,519,0,10,0,2.277,-42.780,3.698
2012-05-06-02_03_36.636,519,1,10,0,-6.751,-42.796,3.298
2012-05-06-02_03_36.637,519,2,10,0,-15.720,-42.699,2.798
2012-05-06-02_03_36.638,519,3,10,0,-24.775,-42.795,3.098
2012-05-06-02_03_36.639,519,4,10,0,-33.762,-42.770,2.298
2012-05-06-02_03_36.640,519,5,10,0,-42.776,-42.832,2.698
2012-05-06-02_03_36.643,519,6,10,0,-51.775,-42.836,2.898
2012-05-06-02_03_36.644,519,7,10,0,-60.697,-42.753,3.598
2012-05-06-02_03_36.645,519,0,10,1,-2.185,-42.788,3.708
2012-05-06-02_03_36.646,519,1,10,1,-11.213,-42.795,3.208
2012-05-06-02_03_36.648,519,2,10,1,-20.182,-42.708,2.708
2012-05-06-02_03_36.649,519,3,10,1,-29.237,-42.803,3.108
2012-05-06-02_03_36.650,519,4,10,1,-38.224,-42.778,2.508
2012-05-06-02_03_36.651,519,5,10,1,-47.238,-42.840,2.808
2012-05-06-02_03_36.652,519,6,10,1,-56.237,-42.844,2.908
2012-05-06-02_03_36.654,519,7,10,1,-65.159,-42.762,3.508
2012-05-06-02_03_36.655,519,0,11,0,2.277,-47.280,3.617
2012-05-06-02_03_36.656,519,1,11,0,-6.751,-47.291,3.317
2012-05-06-02_03_36.657,519,2,11,0,-15.720,-47.200,2.717
2012-05-06-02_03_36.658,519,3,11,0,-24.775,-47.295,3.117
2012-05-06-02_03_36.658,519,4,11,0,-33.762,-47.270,2.417
2012-05-06-02_03_36.659,519,5,11,0,-42.777,-47.332,2.717
2012-05-06-02_03_36.660,519,6,11,0,-51.775,-47.336,2.917
2012-05-06-02_03_36.661,519,7,11,0,-60.697,-47.254,3.617
2012-05-06-02_03_36.662,519,0,11,1,-2.190,-47.290,3.726
2012-05-06-02_03_36.663,519,1,11,1,-11.213,-47.290,3.226
2012-05-06-02_03_36.663,519,2,11,1,-20.187,-47.210,2.726
2012-05-06-02_03_36.664,519,3,11,1,-29.242,-47.305,2.926
2012-05-06-02_03_36.665,519,4,11,1,-38.229,-47.280,2.526
2012-05-06-02_03_36.666,519,5,11,1,-47.244,-47.342,2.826
2012-05-06-02_03_36.667,519,6,11,1,-56.242,-47.346,2.926
2012-05-06-02_03_36.668,519,7,11,1,-65.164,-47.264,3.626
2012-05-06-02_03_36.669,519,0,12,0,2.276,-51.784,3.636
2012-05-06-02_03_36.670,519,1,12,0,-6.752,-51.789,3.336
2012-05-06-02_03_36.671,519,2,12,0,-15.721,-51.704,2.836
2012-05-06-02_03_36.672,519,3,12,0,-24.776,-51.800,3.036
2012-05-06-02_03_36.672,519,4,12,0,-33.763,-51.775,2.336
2012-05-06-02_03_36.673,519,5,12,0,-42.777,-51.837,2.836
2012-05-06-02_03_36.674,519,6,12,0,-51.776,-51.841,2.936
2012-05-06-02_03_36.675,519,7,12,0,-60.698,-51.758,3.636
2012-05-06-02_03_36.676,519,0,12,1,-2.188,-51.792,3.749
2012-05-06-02_03_36.677,519,1,12,1,-11.211,-51.788,3.349
2012-05-06-02_03_36.678,519,2,12,1,-20.185,-51.712,2.749
2012-05-06-02_03_36.679,519,3,12,1,-29.240,-51.808,3.049
2012-05-06-02_03_36.682,519,4,12,1,-38.227,-51.783,2.549
2012-05-06-02_03_36.683,519,5,12,1,-47.242,-51.845,2.749
2012-05-06-02_03_36.684,519,6,12,1,-56.240,-51.848,2.949
2012-05-06-02_03_36.684,519,7,12,1,-65.162,-51.766,3.649
2012-05-06-02_03_36.685,519,0,13,0,2.276,-56.282,3.762
2012-05-06-02_03_36.686,519,1,13,0,-6.755,-56.286,3.262
2012-05-06-02_03_36.687,519,2,13,0,-15.721,-56.202,2.762
2012-05-06-02_03_36.689,519,3,13,0,-24.776,-56.297,3.062
2012-05-06-02_03_36.690,519,4,13,0,-33.763,-56.272,2.362
2012-05-06-02_03_36.691,519,5,13,0,-42.778,-56.335,2.762
2012-05-06-02_03_36.692,519,6,13,0,-51.776,-56.338,2.862
2012-05-06-02_03_36.693,519,7,13,0,-60.698,-56.256,3.662
2012-05-06-02_03_36.694,519,0,13,1,-2.191,-56.288,3.872
2012-05-06-02_03_36.694,519,1,13,1,-11.209,-56.286,3.371
2012-05-06-02_03_36.695,519,2,13,1,-20.188,-56.208,2.772
2012-05-06-02_03_36.696,519,3,13,1,-29.243,-56.303,2.872
2012-05-06-02_03_36.697,519,4,13,1,-38.230,-56.278,2.372
2012-05-06-02_03_36.698,519,5,13,1,-47.245,-56.340,2.772
2012-05-06-02_03_36.699,519,6,13,1,-56.243,-56.344,2.872
2012-05-06-02_03_36.700,519,7,13,1,-65.165,-56.262,3.672
2012-05-06-02_03_36.701,519,0,14,0,2.273,-60.782,3.779
2012-05-06-02_03_36.702,519,1,14,0,-6.753,-60.794,3.279
2012-05-06-02_03_36.703,519,2,14,0,-15.724,-60.701,2.779
2012-05-06-02_03_36.703,519,3,14,0,-24.779,-60.797,3.079
2012-05-06-02_03_36.704,519,4,14,0,-33.766,-60.772,2.579
2012-05-06-02_03_36.705,519,5,14,0,-42.780,-60.834,2.779
2012-05-06-02_03_36.707,519,6,14,0,-51.779,-60.838,2.979
2012-05-06-02_03_36.707,519,7,14,0,-60.701,-60.755,3.779
2012-05-06-02_03_36.708,519,0,14,1,-2.194,-60.788,3.788
2012-05-06-02_03_36.709,519,1,14,1,-11.210,-60.794,3.288
2012-05-06-02_03_36.710,519,2,14,1,-20.191,-60.708,2.788
2012-05-06-02_03_36.712,519,3,14,1,-29.246,-60.803,2.988
2012-05-06-02_03_36.713,519,4,14,1,-38.233,-60.778,2.588
2012-05-06-02_03_36.714,519,5,14,1,-47.247,-60.841,2.888
2012-05-06-02_03_36.715,519,6,14,1,-56.246,-60.844,2.988
2012-05-06-02_03_36.716,519,7,14,1,-65.168,-60.762,3.688
2012-05-06-02_03_36.716,519,0,15,0,2.270,-65.280,3.797
2012-05-06-02_03_36.717,519,1,15,0,-6.753,-65.297,3.297
2012-05-06-02_03_36.719,519,2,15,0,-15.727,-65.200,2.797
2012-05-06-02_03_36.720,519,3,15,0,-24.782,-65.295,3.097
2012-05-06-02_03_36.721,519,4,15,0,-33.769,-65.270,2.597
2012-05-06-02_03_36.723,519,5,15,0,-42.783,-65.332,2.797
2012-05-06-02_03_36.724,519,6,15,0,-51.782,-65.336,2.897
2012-05-06-02_03_36.725,519,7,15,0,-60.704,-65.254,3.497
2012-05-06-02_03_36.726,519,0,15,1,-2.194,-65.288,3.810
2012-05-06-02_03_36.727,519,1,15,1,-11.208,-65.296,3.310
2012-05-06-02_03_36.728,519,2,15,1,-20.191,-65.207,2.810
2012-05-06-02_03_36.729,519,3,15,1,-29.246,-65.303,3.010
2012-05-06-02_03_36.730,519,4,15,1,-38.233,-65.278,2.510
2012-05-06-02_03_36.731,519,5,15,1,-47.248,-65.340,2.810
2012-05-06-02_03_36.732,519,6,15,1,-56.247,-65.344,2.910
2012-05-06-02_03_36.732,519,7,15,1,-65.168,-65.261,3.610
2012-05-06-02_03_36.733,519,0,16,0,2.270,-69.780,3.823
2012-05-06-02_03_36.734,519,1,16,0,-6.753,-69.791,3.323
2012-05-06-02_03_36.735,519,2,16,0,-15.727,-69.700,2.823
2012-05-06-02_03_36.736,519,3,16,0,-24.782,-69.795,3.123
2012-05-06-02_03_36.737,519,4,16,0,-33.769,-69.770,2.323
2012-05-06-02_03_36.738,519,5,16,0,-42.784,-69.832,2.823
2012-05-06-02_03_36.739,519,6,16,0,-51.782,-69.836,2.923
2012-05-06-02_03_36.740,519,7,16,0,-60.704,-69.754,3.623
2012-05-06-02_03_36.741,519,0,16,1,-2.197,-69.789,3.834
2012-05-06-02_03_36.742,519,1,16,1,-11.208,-69.790,3.334
2012-05-06-02_03_36.743,519,2,16,1,-20.194,-69.708,2.834
2012-05-06-02_03_36.744,519,3,16,1,-29.249,-69.804,3.134
2012-05-06-02_03_36.745,519,4,16,1,-38.236,-69.779,2.534
2012-05-06-02_03_36.746,519,5,16,1,-47.251,-69.841,2.734
2012-05-06-02_03_36.747,519,6,16,1,-56.249,-69.845,2.934
2012-05-06-02_03_36.748,519,7,16,1,-65.171,-69.762,3.634
2012-05-06-02_03_36.749,519,0,17,0,2.267,-74.284,3.842
2012-05-06-02_03_36.750,519,1,17,0,-6.749,-74.288,3.442
2012-05-06-02_03_36.751,519,2,17,0,-15.730,-74.204,2.842
2012-05-06-02_03_36.752,519,3,17,0,-24.785,-74.300,3.142
2012-05-06-02_03_36.753,519,4,17,0,-33.772,-74.275,2.442
2012-05-06-02_03_36.754,519,5,17,0,-42.787,-74.337,2.842
2012-05-06-02_03_36.755,519,6,17,0,-51.785,-74.341,2.942
2012-05-06-02_03_36.756,519,7,17,0,-60.707,-74.258,3.742
2012-05-06-02_03_36.757,519,0,17,1,-2.193,-74.291,3.852
2012-05-06-02_03_36.758,519,1,17,1,-11.211,-74.288,3.352
2012-05-06-02_03_36.759,519,2,17,1,-20.190,-74.211,2.852
2012-05-06-02_03_36.759,519,3,17,1,-29.245,-74.306,3.152
2012-05-06-02_03_36.760,519,4,17,1,-38.232,-74.281,2.352
2012-05-06-02_03_36.763,519,5,17,1,-47.246,-74.344,2.752
2012-05-06-02_03_36.764,519,6,17,1,-56.245,-74.347,2.852
2012-05-06-02_03_36.765,519,7,17,1,-65.167,-74.265,3.652
2012-05-06-02_03_36.766,519,0,18,0,2.264,-78.782,3.762
2012-05-06-02_03_36.767,519,1,18,0,-6.747,-78.786,3.362
2012-05-06-02_03_36.767,519,2,18,0,-15.733,-78.702,2.762
2012-05-06-02_03_36.768,519,3,18,0,-24.788,-78.798,3.162
2012-05-06-02_03_36.769,519,4,18,0,-33.775,-78.773,2.562
2012-05-06-02_03_36.770,519,5,18,0,-42.789,-78.835,2.762
2012-05-06-02_03_36.771,519,6,18,0,-51.788,-78.839,2.962
2012-05-06-02_03_36.773,519,7,18,0,-60.710,-78.756,3.762
2012-05-06-02_03_36.774,519,0,18,1,-2.193,-78.788,3.775
2012-05-06-02_03_36.775,519,1,18,1,-11.211,-78.786,3.374
2012-05-06-02_03_36.777,519,2,18,1,-20.190,-78.708,2.875
2012-05-06-02_03_36.778,519,3,18,1,-29.245,-78.803,3.175
2012-05-06-02_03_36.779,519,4,18,1,-38.232,-78.778,2.375
2012-05-06-02_03_36.780,519,5,18,1,-47.247,-78.841,2.875
2012-05-06-02_03_36.781,519,6,18,1,-56.245,-78.844,2.975
2012-05-06-02_03_36.783,519,7,18,1,-65.167,-78.762,3.775
2012-05-06-02_03_36.784,519,0,19,0,2.261,-83.282,3.786
2012-05-06-02_03_36.785,519,1,19,0,-6.747,-83.293,3.486
2012-05-06-02_03_36.786,519,2,19,0,-15.736,-83.201,2.886
2012-05-06-02_03_36.787,519,3,19,0,-24.791,-83.297,3.186
2012-05-06-02_03_36.788,519,4,19,0,-33.778,-83.272,2.286
2012-05-06-02_03_36.790,519,5,19,0,-42.792,-83.334,2.886
2012-05-06-02_03_36.791,519,6,19,0,-51.791,-83.338,2.986
2012-05-06-02_03_36.792,519,7,19,0,-60.713,-83.255,3.586
2012-05-06-02_03_36.793,519,0,19,1,-2.189,-83.288,3.897
2012-05-06-02_03_36.794,519,1,19,1,-11.212,-83.294,3.397
2012-05-06-02_03_36.795,519,2,19,1,-20.186,-83.208,2.897
2012-05-06-02_03_36.796,519,3,19,1,-29.241,-83.304,2.997
2012-05-06-02_03_36.798,519,4,19,1,-38.228,-83.279,2.597
2012-05-06-02_03_36.799,519,5,19,1,-47.242,-83.341,2.897
2012-05-06-02_03_36.800,519,6,19,1,-56.241,-83.344,2.997
2012-05-06-02_03_36.801,519,7,19,1,-65.163,-83.262,3.797
2012-05-06-02_03_36.802,519,0,20,0,2.268,-87.781,3.905
2012-05-06-02_03_36.803,519,1,20,0,-6.748,-87.796,3.405
2012-05-06-02_03_36.804,519,2,20,0,-15.729,-87.700,2.905
2012-05-06-02_03_36.807,519,3,20,0,-24.784,-87.796,3.205
2012-05-06-02_03_36.808,519,4,20,0,-33.771,-87.771,2.605
2012-05-06-02_03_36.808,519,5,20,0,-42.785,-87.833,2.905
2012-05-06-02_03_36.810,519,6,20,0,-51.784,-87.837,2.905
2012-05-06-02_03_36.811,519,7,20,0,-60.706,-87.754,3.805
2012-05-06-02_03_36.811,519,0,20,1,-2.189,-87.788,3.914
2012-05-06-02_03_36.812,519,1,20,1,-11.212,-87.796,3.414
2012-05-06-02_03_36.813,519,2,20,1,-20.186,-87.708,2.914
2012-05-06-02_03_36.814,519,3,20,1,-29.241,-87.803,3.214
2012-05-06-02_03_36.815,519,4,20,1,-38.228,-87.778,2.714
2012-05-06-02_03_36.816,519,5,20,1,-47.243,-87.841,2.814
2012-05-06-02_03_36.817,519,6,20,1,-56.241,-87.844,3.014
2012-05-06-02_03_36.818,519,7,20,1,-65.163,-87.762,3.814
2012-05-06-02_03_36.819,519,0,21,0,2.268,-92.279,4.024
2012-05-06-02_03_36.820,519,1,21,0,-6.751,-92.291,3.524
2012-05-06-02_03_36.821,519,2,21,0,-15.729,-92.199,2.924
2012-05-06-02_03_36.822,519,3,21,0,-24.784,-92.294,3.224
2012-05-06-02_03_36.823,519,4,21,0,-33.771,-92.269,2.624
2012-05-06-02_03_36.824,519,5,21,0,-42.786,-92.332,2.924
2012-05-06-02_03_36.825,519,6,21,0,-51.785,-92.335,3.024
2012-05-06-02_03_36.826,519,7,21,0,-60.706,-92.253,3.724
2012-05-06-02_03_36.827,519,0,21,1,-2.187,-92.290,3.937
2012-05-06-02_03_36.829,519,1,21,1,-11.213,-92.290,3.437
2012-05-06-02_03_36.832,519,2,21,1,-20.184,-92.210,2.937
2012-05-06-02_03_36.833,519,3,21,1,-29.239,-92.305,2.937
2012-05-06-02_03_36.834,519,4,21,1,-38.226,-92.280,2.537
2012-05-06-02_03_36.835,519,5,21,1,-47.241,-92.342,2.937
2012-05-06-02_03_36.836,519,6,21,1,-56.239,-92.346,3.037
2012-05-06-02_03_36.837,519,7,21,1,-65.161,-92.264,3.837
2012-05-06-02_03_36.838,519,0,22,0,2.267,-96.783,3.850
2012-05-06-02_03_36.839,519,1,22,0,-6.754,-96.789,3.450
2012-05-06-02_03_36.840,519,2,22,0,-15.730,-96.703,2.950
2012-05-06-02_03_36.843,519,3,22,0,-24.785,-96.798,3.250
2012-05-06-02_03_36.844,519,4,22,0,-33.772,-96.773,2.650
2012-05-06-02_03_36.846,519,5,22,0,-42.786,-96.836,2.950
2012-05-06-02_03_36.847,519,6,22,0,-51.785,-96.839,3.150
2012-05-06-02_03_36.848,519,7,22,0,-60.707,-96.757,3.750
2012-05-06-02_03_36.849,519,0,22,1,-2.188,-96.793,3.958
2012-05-06-02_03_36.851,519,1,22,1,-11.213,-96.789,3.458
2012-05-06-02_03_36.853,519,2,22,1,-20.185,-96.713,2.958
2012-05-06-02_03_36.854,519,3,22,1,-29.239,-96.808,3.058
2012-05-06-02_03_36.855,519,4,22,1,-38.226,-96.783,2.658
2012-05-06-02_03_36.856,519,5,22,1,-47.241,-96.845,2.958
2012-05-06-02_03_36.857,519,6,22,1,-56.240,-96.849,3.058
2012-05-06-02_03_36.858,519,7,22,1,-65.162,-96.766,3.758
2012-05-06-02_03_36.859,519,0,23,0,2.267,-101.281,3.968
2012-05-06-02_03_36.860,519,1,23,0,-6.756,-101.287,3.468
2012-05-06-02_03_36.861,519,2,23,0,-15.730,-101.201,2.968
2012-05-06-02_03_36.862,519,3,23,0,-24.785,-101.297,3.368
2012-05-06-02_03_36.863,519,4,23,0,-33.772,-101.272,2.668
2012-05-06-02_03_36.864,519,5,23,0,-42.787,-101.334,2.968
2012-05-06-02_03_36.866,519,6,23,0,-51.785,-101.338,2.968
2012-05-06-02_03_36.867,519,7,23,0,-60.707,-101.255,3.768
2012-05-06-02_03_36.868,519,0,23,1,-2.181,-101.280,3.968
2012-05-06-02_03_36.869,519,1,23,1,-11.209,-101.287,3.468
2012-05-06-02_03_36.870,519,2,23,1,-20.178,-101.200,2.968
2012-05-06-02_03_36.871,519,3,23,1,-29.232,-101.295,3.068
2012-05-06-02_03_36.872,519,4,23,1,-38.219,-101.270,2.668
2012-05-06-02_03_36.873,519,5,23,1,-47.234,-101.332,2.968
2012-05-06-02_03_36.874,519,6,23,1,-56.233,-101.336,3.068
2012-05-06-02_03_36.875,519,7,23,1,-65.155,-101.253,3.768
