2012-05-05-00_40_33.418,163,0,0,0,2.256,2.217,1.565
2012-05-05-00_40_33.420,163,0,0,0,2.293,2.304,1.665
2012-05-05-00_40_33.451,163,0,0,0,2.193,2.246,1.464
2012-05-05-00_40_33.452,163,1,0,0,-6.755,2.207,2.165
2012-05-05-00_40_33.453,163,1,0,0,-6.830,2.233,2.164
2012-05-05-00_40_33.453,163,1,0,0,-6.771,2.285,2.164
2012-05-05-00_40_33.454,163,2,0,0,-15.709,2.287,1.765
2012-05-05-00_40_33.455,163,2,0,0,-15.772,2.316,1.664
2012-05-05-00_40_33.456,163,2,0,0,-15.713,2.361,1.764
2012-05-05-00_40_33.456,163,3,0,0,-24.731,2.205,2.765
2012-05-05-00_40_33.457,163,3,0,0,-24.694,2.292,2.665
2012-05-05-00_40_33.458,163,3,0,0,-24.794,2.234,2.664
2012-05-05-00_40_33.459,163,4,0,0,-33.728,2.203,1.765
2012-05-05-00_40_33.459,163,4,0,0,-33.690,2.290,1.765
2012-05-05-00_40_33.460,163,4,0,0,-33.791,2.232,1.764
2012-05-05-00_40_33.461,163,5,0,0,-42.734,2.204,2.065
2012-05-05-00_40_33.461,163,5,0,0,-42.683,2.165,2.064
2012-05-05-00_40_33.463,163,5,0,0,-42.776,2.191,2.064
2012-05-05-00_40_33.463,163,6,0,0,-51.773,2.143,1.465
2012-05-05-00_40_33.464,163,6,0,0,-51.736,2.230,1.465
2012-05-05-00_40_33.465,163,6,0,0,-51.836,2.172,1.364
2012-05-05-00_40_33.466,163,7,0,0,-60.668,2.206,2.365
2012-05-05-00_40_33.467,163,7,0,0,-60.731,2.235,2.464
2012-05-05-00_40_33.467,163,7,0,0,-60.672,2.280,2.364
2012-05-05-00_40_33.468,163,0,0,1,-2.192,2.209,7.065
2012-05-05-00_40_33.469,163,0,0,1,-2.164,2.304,2.265
2012-05-05-00_40_33.470,163,0,0,1,-2.260,2.232,2.365
2012-05-05-00_40_33.471,163,1,0,1,-11.205,2.207,2.365
2012-05-05-00_40_33.471,163,1,0,1,-11.339,2.272,2.465
2012-05-05-00_40_33.472,163,1,0,1,-11.229,2.286,2.365
2012-05-05-00_40_33.473,163,2,0,1,-20.157,2.279,1.865
2012-05-05-00_40_33.474,163,2,0,1,-20.225,2.302,1.765
2012-05-05-00_40_33.475,163,2,0,1,-20.230,2.303,1.765
2012-05-05-00_40_33.475,163,3,0,1,-29.179,2.197,6.865
2012-05-05-00_40_33.476,163,3,0,1,-29.151,2.292,3.365
2012-05-05-00_40_33.479,163,3,0,1,-29.247,2.220,3.465
2012-05-05-00_40_33.480,163,4,0,1,-38.175,2.195,2.365
2012-05-05-00_40_33.480,163,4,0,1,-38.148,2.290,2.365
2012-05-05-00_40_33.481,163,4,0,1,-38.243,2.218,2.365
2012-05-05-00_40_33.481,163,5,0,1,-47.191,2.204,1.165
2012-05-05-00_40_33.482,163,5,0,1,-47.274,2.226,1.165
2012-05-05-00_40_33.483,163,5,0,1,-47.245,2.203,1.165
2012-05-05-00_40_33.484,163,6,0,1,-56.221,2.134,2.065
2012-05-05-00_40_33.485,163,6,0,1,-56.193,2.230,2.265
2012-05-05-00_40_33.486,163,6,0,1,-56.289,2.157,2.165
2012-05-05-00_40_33.486,163,7,0,1,-65.183,2.221,1.465
2012-05-05-00_40_33.487,163,7,0,1,-65.188,2.222,1.365
2012-05-05-00_40_33.487,163,7,0,1,-65.171,2.315,1.365
2012-05-05-00_40_33.488,163,0,1,0,2.270,-2.284,1.678
2012-05-05-00_40_33.489,163,0,1,0,2.298,-2.189,1.778
2012-05-05-00_40_33.490,163,0,1,0,2.197,-2.258,1.678
2012-05-05-00_40_33.491,163,1,1,0,-6.750,-2.295,1.478
2012-05-05-00_40_33.492,163,1,1,0,-6.828,-2.268,1.478
2012-05-05-00_40_33.493,163,1,1,0,-6.769,-2.209,1.478
2012-05-05-00_40_33.493,163,2,1,0,-15.695,-2.214,1.178
2012-05-05-00_40_33.506,163,2,1,0,-15.768,-2.188,1.178
2012-05-05-00_40_33.506,163,2,1,0,-15.746,-2.198,1.178
2012-05-05-00_40_33.507,163,3,1,0,-24.717,-2.296,1.178
2012-05-05-00_40_33.508,163,3,1,0,-24.689,-2.201,1.178
2012-05-05-00_40_33.509,163,3,1,0,-24.790,-2.270,1.178
2012-05-05-00_40_33.510,163,4,1,0,-33.713,-2.298,0.678
2012-05-05-00_40_33.510,163,4,1,0,-33.686,-2.203,0.678
2012-05-05-00_40_33.511,163,4,1,0,-33.786,-2.272,0.578
2012-05-05-00_40_33.512,163,5,1,0,-42.730,-2.289,1.378
2012-05-05-00_40_33.514,163,5,1,0,-42.681,-2.336,1.378
2012-05-05-00_40_33.515,163,5,1,0,-42.776,-2.304,1.378
2012-05-05-00_40_33.515,163,6,1,0,-51.759,-2.358,0.878
2012-05-05-00_40_33.516,163,6,1,0,-51.731,-2.264,0.778
2012-05-05-00_40_33.517,163,6,1,0,-51.832,-2.333,0.778
2012-05-05-00_40_33.518,163,7,1,0,-60.654,-2.295,1.578
2012-05-05-00_40_33.519,163,7,1,0,-60.727,-2.269,1.678
2012-05-05-00_40_33.519,163,7,1,0,-60.673,-2.215,1.578
2012-05-05-00_40_33.520,163,0,1,1,-2.192,-2.289,1.888
2012-05-05-00_40_33.520,163,0,1,1,-2.164,-2.189,1.788
2012-05-05-00_40_33.521,163,0,1,1,-2.263,-2.272,1.788
2012-05-05-00_40_33.522,163,1,1,1,-11.203,-2.295,1.188
2012-05-05-00_40_33.523,163,1,1,1,-11.339,-2.221,1.188
2012-05-05-00_40_33.523,163,1,1,1,-11.227,-2.209,1.188
2012-05-05-00_40_33.524,163,2,1,1,-20.157,-2.219,0.988
2012-05-05-00_40_33.525,163,2,1,1,-20.228,-2.202,1.088
2012-05-05-00_40_33.526,163,2,1,1,-20.235,-2.200,0.988
2012-05-05-00_40_33.526,163,3,1,1,-29.179,-2.301,0.988
2012-05-05-00_40_33.527,163,3,1,1,-29.151,-2.201,0.988
2012-05-05-00_40_33.528,163,3,1,1,-29.250,-2.284,0.988
2012-05-05-00_40_33.529,163,4,1,1,-38.176,-2.303,0.588
2012-05-05-00_40_33.529,163,4,1,1,-38.148,-2.203,0.588
2012-05-05-00_40_33.530,163,4,1,1,-38.246,-2.286,0.588
2012-05-05-00_40_33.531,163,5,1,1,-47.192,-2.289,0.788
2012-05-05-00_40_33.531,163,5,1,1,-47.277,-2.270,0.788
2012-05-05-00_40_33.532,163,5,1,1,-47.248,-2.292,0.788
2012-05-05-00_40_33.533,163,6,1,1,-56.221,-2.364,1.088
2012-05-05-00_40_33.534,163,6,1,1,-56.193,-2.264,0.988
2012-05-05-00_40_33.535,163,6,1,1,-56.292,-2.346,1.088
2012-05-05-00_40_33.535,163,7,1,1,-65.186,-2.282,1.488
2012-05-05-00_40_33.536,163,7,1,1,-65.194,-2.281,1.488
2012-05-05-00_40_33.537,163,7,1,1,-65.173,-2.181,1.688
2012-05-05-00_40_33.538,163,0,2,0,2.260,-6.780,1.802
2012-05-05-00_40_33.539,163,0,2,0,2.295,-6.689,1.802
2012-05-05-00_40_33.539,163,0,2,0,2.197,-6.759,1.802
2012-05-05-00_40_33.540,163,1,2,0,-6.746,-6.793,1.602
2012-05-05-00_40_33.540,163,1,2,0,-6.829,-6.773,1.702
2012-05-05-00_40_33.541,163,1,2,0,-6.770,-6.706,1.702
2012-05-05-00_40_33.542,163,2,2,0,-15.705,-6.710,0.902
2012-05-05-00_40_33.542,163,2,2,0,-15.768,-6.689,0.902
2012-05-05-00_40_33.543,163,2,2,0,-15.712,-6.638,0.902
2012-05-05-00_40_33.544,163,3,2,0,-24.727,-6.792,1.402
2012-05-05-00_40_33.545,163,3,2,0,-24.692,-6.701,1.402
2012-05-05-00_40_33.546,163,3,2,0,-24.790,-6.771,1.402
2012-05-05-00_40_33.546,163,4,2,0,-33.724,-6.794,0.702
2012-05-05-00_40_33.547,163,4,2,0,-33.689,-6.703,0.802
2012-05-05-00_40_33.548,163,4,2,0,-33.787,-6.773,0.702
2012-05-05-00_40_33.549,163,5,2,0,-42.733,-6.789,1.002
2012-05-05-00_40_33.550,163,5,2,0,-42.682,-6.841,1.002
2012-05-05-00_40_33.550,163,5,2,0,-42.774,-6.808,1.002
2012-05-05-00_40_33.551,163,6,2,0,-51.769,-6.855,1.102
2012-05-05-00_40_33.552,163,6,2,0,-51.734,-6.764,1.102
2012-05-05-00_40_33.553,163,6,2,0,-51.832,-6.833,1.002
2012-05-05-00_40_33.554,163,7,2,0,-60.664,-6.791,1.702
2012-05-05-00_40_33.554,163,7,2,0,-60.727,-6.769,1.702
2012-05-05-00_40_33.557,163,7,2,0,-60.671,-6.718,1.602
2012-05-05-00_40_33.557,163,0,2,1,-2.192,-6.786,1.810
2012-05-05-00_40_33.558,163,0,2,1,-2.165,-6.688,1.710
2012-05-05-00_40_33.559,163,0,2,1,-2.263,-6.769,1.810
2012-05-05-00_40_33.559,163,1,2,1,-11.203,-6.792,1.610
2012-05-05-00_40_33.560,163,1,2,1,-11.339,-6.720,1.610
2012-05-05-00_40_33.561,163,1,2,1,-11.227,-6.706,1.610
2012-05-05-00_40_33.562,163,2,2,1,-20.157,-6.716,0.910
2012-05-05-00_40_33.562,163,2,2,1,-20.228,-6.699,0.910
2012-05-05-00_40_33.563,163,2,2,1,-20.235,-6.697,0.910
2012-05-05-00_40_33.564,163,3,2,1,-29.179,-6.798,1.110
2012-05-05-00_40_33.565,163,3,2,1,-29.152,-6.700,1.110
2012-05-05-00_40_33.566,163,3,2,1,-29.250,-6.781,1.110
2012-05-05-00_40_33.566,163,4,2,1,-38.176,-6.800,0.710
2012-05-05-00_40_33.567,163,4,2,1,-38.148,-6.702,0.710
2012-05-05-00_40_33.569,163,4,2,1,-38.247,-6.783,0.710
2012-05-05-00_40_33.570,163,5,2,1,-47.192,-6.788,1.010
2012-05-05-00_40_33.572,163,5,2,1,-47.277,-6.767,1.010
2012-05-05-00_40_33.573,163,5,2,1,-47.248,-6.792,1.010
2012-05-05-00_40_33.573,163,6,2,1,-56.221,-6.861,1.110
2012-05-05-00_40_33.574,163,6,2,1,-56.194,-6.763,1.010
2012-05-05-00_40_33.575,163,6,2,1,-56.292,-6.844,1.110
2012-05-05-00_40_33.576,163,7,2,1,-65.187,-6.780,1.510
2012-05-05-00_40_33.576,163,7,2,1,-65.194,-6.778,1.510
2012-05-05-00_40_33.577,163,7,2,1,-65.174,-6.678,1.710
2012-05-05-00_40_33.577,163,0,3,0,2.269,-11.278,1.920
2012-05-05-00_40_33.578,163,0,3,0,2.294,-11.191,1.920
2012-05-05-00_40_33.579,163,0,3,0,2.194,-11.254,1.920
2012-05-05-00_40_33.579,163,1,3,0,-6.746,-11.290,1.720
2012-05-05-00_40_33.580,163,1,3,0,-6.829,-11.270,1.720
2012-05-05-00_40_33.581,163,1,3,0,-6.768,-11.205,1.720
2012-05-05-00_40_33.582,163,2,3,0,-15.696,-11.208,1.120
2012-05-05-00_40_33.582,163,2,3,0,-15.771,-11.184,1.120
2012-05-05-00_40_33.583,163,2,3,0,-15.715,-11.141,1.120
2012-05-05-00_40_33.584,163,3,3,0,-24.718,-11.290,1.420
2012-05-05-00_40_33.585,163,3,3,0,-24.693,-11.203,1.520
2012-05-05-00_40_33.587,163,3,3,0,-24.793,-11.267,1.520
2012-05-05-00_40_33.587,163,4,3,0,-33.714,-11.292,0.720
2012-05-05-00_40_33.588,163,4,3,0,-33.689,-11.205,0.820
2012-05-05-00_40_33.589,163,4,3,0,-33.790,-11.268,0.720
2012-05-05-00_40_33.589,163,5,3,0,-42.733,-11.291,1.120
2012-05-05-00_40_33.590,163,5,3,0,-42.682,-11.338,1.020
2012-05-05-00_40_33.590,163,5,3,0,-42.777,-11.311,1.120
2012-05-05-00_40_33.591,163,6,3,0,-51.760,-11.353,1.120
2012-05-05-00_40_33.592,163,6,3,0,-51.735,-11.266,1.120
2012-05-05-00_40_33.594,163,6,3,0,-51.835,-11.329,1.020
2012-05-05-00_40_33.594,163,7,3,0,-60.654,-11.289,1.820
2012-05-05-00_40_33.595,163,7,3,0,-60.730,-11.265,1.720
2012-05-05-00_40_33.595,163,7,3,0,-60.673,-11.222,1.820
2012-05-05-00_40_33.596,163,0,3,1,-2.188,-11.288,1.928
2012-05-05-00_40_33.597,163,0,3,1,-2.165,-11.190,1.827
2012-05-05-00_40_33.598,163,0,3,1,-2.266,-11.265,1.927
2012-05-05-00_40_33.598,163,1,3,1,-11.206,-11.289,1.728
2012-05-05-00_40_33.599,163,1,3,1,-11.340,-11.222,1.727
2012-05-05-00_40_33.600,163,1,3,1,-11.225,-11.204,1.727
2012-05-05-00_40_33.601,163,2,3,1,-20.153,-11.218,1.028
2012-05-05-00_40_33.601,163,2,3,1,-20.231,-11.195,1.027
2012-05-05-00_40_33.602,163,2,3,1,-20.236,-11.194,1.027
2012-05-05-00_40_33.603,163,3,3,1,-29.175,-11.300,1.128
2012-05-05-00_40_33.604,163,3,3,1,-29.152,-11.202,1.127
2012-05-05-00_40_33.605,163,3,3,1,-29.253,-11.277,1.227
2012-05-05-00_40_33.605,163,4,3,1,-38.171,-11.302,0.728
2012-05-05-00_40_33.608,163,4,3,1,-38.149,-11.204,0.827
2012-05-05-00_40_33.609,163,4,3,1,-38.249,-11.279,0.727
2012-05-05-00_40_33.609,163,5,3,1,-47.193,-11.290,1.027
2012-05-05-00_40_33.610,163,5,3,1,-47.278,-11.265,1.027
2012-05-05-00_40_33.611,163,5,3,1,-47.249,-11.291,1.027
2012-05-05-00_40_33.612,163,6,3,1,-56.217,-11.363,1.128
2012-05-05-00_40_33.612,163,6,3,1,-56.194,-11.265,1.127
2012-05-05-00_40_33.613,163,6,3,1,-56.295,-11.339,1.127
2012-05-05-00_40_33.614,163,7,3,1,-65.190,-11.276,1.727
2012-05-05-00_40_33.615,163,7,3,1,-65.194,-11.275,1.827
2012-05-05-00_40_33.616,163,7,3,1,-65.174,-11.176,1.827
2012-05-05-00_40_33.616,163,0,4,0,2.269,-15.781,1.939
2012-05-05-00_40_33.617,163,0,4,0,2.294,-15.697,1.939
2012-05-05-00_40_33.618,163,0,4,0,2.193,-15.753,2.039
2012-05-05-00_40_33.618,163,1,4,0,-6.742,-15.790,1.839
2012-05-05-00_40_33.619,163,1,4,0,-6.827,-15.769,1.739
2012-05-05-00_40_33.620,163,1,4,0,-6.766,-15.712,1.839
2012-05-05-00_40_33.620,163,2,4,0,-15.696,-15.711,1.139
2012-05-05-00_40_33.621,163,2,4,0,-15.772,-15.683,1.139
2012-05-05-00_40_33.621,163,2,4,0,-15.715,-15.642,1.039
2012-05-05-00_40_33.622,163,3,4,0,-24.718,-15.793,1.539
2012-05-05-00_40_33.623,163,3,4,0,-24.693,-15.709,1.539
2012-05-05-00_40_33.624,163,3,4,0,-24.794,-15.765,1.639
2012-05-05-00_40_33.625,163,4,4,0,-33.715,-15.795,0.739
2012-05-05-00_40_33.625,163,4,4,0,-33.690,-15.711,0.739
2012-05-05-00_40_33.626,163,4,4,0,-33.790,-15.767,0.739
2012-05-05-00_40_33.627,163,5,4,0,-42.733,-15.797,1.039
2012-05-05-00_40_33.628,163,5,4,0,-42.680,-15.837,1.039
2012-05-05-00_40_33.629,163,5,4,0,-42.777,-15.812,1.039
2012-05-05-00_40_33.630,163,6,4,0,-51.760,-15.855,1.139
2012-05-05-00_40_33.633,163,6,4,0,-51.735,-15.772,1.139
2012-05-05-00_40_33.633,163,6,4,0,-51.836,-15.827,1.039
2012-05-05-00_40_33.634,163,7,4,0,-60.655,-15.792,1.839
2012-05-05-00_40_33.635,163,7,4,0,-60.730,-15.764,1.839
2012-05-05-00_40_33.635,163,7,4,0,-60.674,-15.723,1.839
2012-05-05-00_40_33.636,163,0,4,1,-2.186,-15.793,1.950
2012-05-05-00_40_33.637,163,0,4,1,-2.161,-15.697,1.950
2012-05-05-00_40_33.638,163,0,4,1,-2.266,-15.766,1.850
2012-05-05-00_40_33.638,163,1,4,1,-11.206,-15.790,1.750
2012-05-05-00_40_33.639,163,1,4,1,-11.335,-15.728,1.750
2012-05-05-00_40_33.640,163,1,4,1,-11.228,-15.711,1.750
2012-05-05-00_40_33.641,163,2,4,1,-20.151,-15.723,1.150
2012-05-05-00_40_33.642,163,2,4,1,-20.231,-15.696,1.150
2012-05-05-00_40_33.642,163,2,4,1,-20.236,-15.695,1.150
2012-05-05-00_40_33.643,163,3,4,1,-29.173,-15.805,1.250
2012-05-05-00_40_33.644,163,3,4,1,-29.148,-15.709,1.250
2012-05-05-00_40_33.645,163,3,4,1,-29.253,-15.778,1.250
2012-05-05-00_40_33.645,163,4,4,1,-38.170,-15.807,0.750
2012-05-05-00_40_33.646,163,4,4,1,-38.144,-15.711,0.750
2012-05-05-00_40_33.647,163,4,4,1,-38.250,-15.780,0.750
2012-05-05-00_40_33.647,163,5,4,1,-47.188,-15.796,1.150
2012-05-05-00_40_33.648,163,5,4,1,-47.278,-15.770,1.150
2012-05-05-00_40_33.649,163,5,4,1,-47.247,-15.798,1.150
2012-05-05-00_40_33.649,163,6,4,1,-56.190,-15.771,1.150
2012-05-05-00_40_33.650,163,6,4,1,-56.295,-15.841,1.150
2012-05-05-00_40_33.652,163,6,4,1,-56.300,-15.840,1.150
2012-05-05-00_40_33.654,163,7,4,1,-65.190,-15.777,1.650
2012-05-05-00_40_33.655,163,7,4,1,-65.195,-15.776,1.750
2012-05-05-00_40_33.655,163,7,4,1,-65.175,-15.681,1.850
2012-05-05-00_40_33.656,163,0,5,0,2.266,-20.284,2.063
2012-05-05-00_40_33.657,163,0,5,0,2.293,-20.197,1.964
2012-05-05-00_40_33.658,163,0,5,0,2.188,-20.254,1.964
2012-05-05-00_40_33.659,163,1,5,0,-6.742,-20.294,1.764
2012-05-05-00_40_33.661,163,1,5,0,-6.823,-20.268,1.764
2012-05-05-00_40_33.662,163,1,5,0,-6.761,-20.216,1.764
2012-05-05-00_40_33.663,163,2,5,0,-15.699,-20.214,1.063
2012-05-05-00_40_33.663,163,2,5,0,-15.777,-20.184,1.064
2012-05-05-00_40_33.664,163,2,5,0,-15.718,-20.140,1.064
2012-05-05-00_40_33.665,163,3,5,0,-24.721,-20.296,1.563
2012-05-05-00_40_33.665,163,3,5,0,-24.694,-20.209,1.564
2012-05-05-00_40_33.666,163,3,5,0,-24.799,-20.266,1.664
2012-05-05-00_40_33.667,163,4,5,0,-33.718,-20.298,0.863
2012-05-05-00_40_33.667,163,4,5,0,-33.690,-20.211,0.864
2012-05-05-00_40_33.668,163,4,5,0,-33.795,-20.268,0.864
2012-05-05-00_40_33.669,163,5,5,0,-42.734,-20.297,1.164
2012-05-05-00_40_33.670,163,5,5,0,-42.676,-20.336,1.064
2012-05-05-00_40_33.670,163,5,5,0,-42.780,-20.310,1.064
2012-05-05-00_40_33.671,163,6,5,0,-51.763,-20.358,1.163
2012-05-05-00_40_33.672,163,6,5,0,-51.736,-20.272,1.164
2012-05-05-00_40_33.673,163,6,5,0,-51.677,-20.311,1.164
2012-05-05-00_40_33.674,163,7,5,0,-60.658,-20.295,1.863
2012-05-05-00_40_33.674,163,7,5,0,-60.736,-20.265,1.864
2012-05-05-00_40_33.675,163,7,5,0,-60.677,-20.221,1.864
2012-05-05-00_40_33.676,163,0,5,1,-2.186,-20.291,1.972
2012-05-05-00_40_33.677,163,0,5,1,-2.161,-20.196,1.972
2012-05-05-00_40_33.678,163,0,5,1,-2.262,-20.268,1.972
2012-05-05-00_40_33.678,163,1,5,1,-11.209,-20.294,1.772
2012-05-05-00_40_33.679,163,1,5,1,-11.336,-20.228,1.772
2012-05-05-00_40_33.680,163,1,5,1,-11.231,-20.215,1.772
2012-05-05-00_40_33.681,163,2,5,1,-20.151,-20.221,1.172
2012-05-05-00_40_33.681,163,2,5,1,-20.227,-20.197,1.172
2012-05-05-00_40_33.682,163,2,5,1,-20.234,-20.197,1.072
2012-05-05-00_40_33.683,163,3,5,1,-29.173,-20.303,1.272
2012-05-05-00_40_33.684,163,3,5,1,-29.148,-20.209,1.272
2012-05-05-00_40_33.684,163,3,5,1,-29.249,-20.280,1.272
2012-05-05-00_40_33.685,163,4,5,1,-38.170,-20.305,0.872
2012-05-05-00_40_33.686,163,4,5,1,-38.145,-20.210,0.872
2012-05-05-00_40_33.687,163,4,5,1,-38.245,-20.282,0.872
2012-05-05-00_40_33.687,163,5,5,1,-47.189,-20.296,1.172
2012-05-05-00_40_33.688,163,5,5,1,-47.279,-20.275,1.172
2012-05-05-00_40_33.689,163,5,5,1,-47.247,-20.297,1.172
2012-05-05-00_40_33.690,163,6,5,1,-56.190,-20.271,1.172
2012-05-05-00_40_33.690,163,6,5,1,-56.291,-20.342,1.172
2012-05-05-00_40_33.691,163,6,5,1,-56.298,-20.342,1.172
2012-05-05-00_40_33.692,163,7,5,1,-65.186,-20.278,1.672
2012-05-05-00_40_33.693,163,7,5,1,-65.193,-20.278,1.772
2012-05-05-00_40_33.694,163,7,5,1,-65.175,-20.186,1.872
2012-05-05-00_40_33.694,163,0,6,0,2.270,-24.783,1.881
2012-05-05-00_40_33.695,163,0,6,0,2.300,-24.690,1.881
2012-05-05-00_40_33.696,163,0,6,0,2.188,-24.757,1.881
2012-05-05-00_40_33.696,163,1,6,0,-6.743,-24.796,1.581
2012-05-05-00_40_33.697,163,1,6,0,-6.821,-24.770,1.581
2012-05-05-00_40_33.698,163,1,6,0,-6.762,-24.710,1.581
2012-05-05-00_40_33.699,163,2,6,0,-15.695,-24.713,1.081
2012-05-05-00_40_33.700,163,2,6,0,-15.777,-24.687,1.081
2012-05-05-00_40_33.700,163,2,6,0,-15.718,-24.635,1.081
2012-05-05-00_40_33.701,163,3,6,0,-24.717,-24.795,1.581
2012-05-05-00_40_33.702,163,3,6,0,-24.687,-24.703,1.481
2012-05-05-00_40_33.703,163,3,6,0,-24.799,-24.769,1.481
2012-05-05-00_40_33.704,163,4,6,0,-33.713,-24.797,0.881
2012-05-05-00_40_33.704,163,4,6,0,-33.683,-24.704,0.881
2012-05-05-00_40_33.705,163,4,6,0,-33.796,-24.771,0.881
2012-05-05-00_40_33.706,163,5,6,0,-42.727,-24.790,1.381
2012-05-05-00_40_33.706,163,5,6,0,-42.674,-24.838,1.481
2012-05-05-00_40_33.707,163,5,6,0,-42.781,-24.805,1.381
2012-05-05-00_40_33.709,163,6,6,0,-51.759,-24.858,1.281
2012-05-05-00_40_33.709,163,6,6,0,-51.729,-24.765,1.281
2012-05-05-00_40_33.710,163,6,6,0,-51.675,-24.812,1.281
2012-05-05-00_40_33.711,163,7,6,0,-60.653,-24.794,2.081
2012-05-05-00_40_33.712,163,7,6,0,-60.736,-24.768,2.081
2012-05-05-00_40_33.713,163,7,6,0,-60.677,-24.716,2.081
2012-05-05-00_40_33.713,163,0,6,1,-2.187,-24.788,1.790
2012-05-05-00_40_33.714,163,0,6,1,-2.162,-24.690,1.790
2012-05-05-00_40_33.715,163,0,6,1,-2.262,-24.770,1.890
2012-05-05-00_40_33.716,163,1,6,1,-11.212,-24.795,1.690
2012-05-05-00_40_33.717,163,1,6,1,-11.336,-24.722,1.690
2012-05-05-00_40_33.717,163,1,6,1,-11.231,-24.710,1.690
2012-05-05-00_40_33.718,163,2,6,1,-20.152,-24.718,1.090
2012-05-05-00_40_33.720,163,2,6,1,-20.227,-24.700,1.090
2012-05-05-00_40_33.721,163,2,6,1,-20.232,-24.699,1.090
2012-05-05-00_40_33.722,163,3,6,1,-29.174,-24.800,1.290
2012-05-05-00_40_33.722,163,3,6,1,-29.149,-24.702,1.490
2012-05-05-00_40_33.723,163,3,6,1,-29.249,-24.782,1.290
2012-05-05-00_40_33.724,163,4,6,1,-38.170,-24.802,0.890
2012-05-05-00_40_33.725,163,4,6,1,-38.145,-24.704,0.990
2012-05-05-00_40_33.725,163,4,6,1,-38.246,-24.784,0.890
2012-05-05-00_40_33.726,163,5,6,1,-47.189,-24.790,1.390
2012-05-05-00_40_33.727,163,5,6,1,-47.274,-24.770,1.390
2012-05-05-00_40_33.728,163,5,6,1,-47.243,-24.791,1.390
2012-05-05-00_40_33.729,163,6,6,1,-56.216,-24.863,1.390
2012-05-05-00_40_33.729,163,6,6,1,-56.191,-24.764,1.390
2012-05-05-00_40_33.730,163,6,6,1,-56.291,-24.844,1.290
2012-05-05-00_40_33.731,163,7,6,1,-65.186,-24.781,1.890
2012-05-05-00_40_33.732,163,7,6,1,-65.191,-24.780,1.890
2012-05-05-00_40_33.732,163,7,6,1,-65.171,-24.681,2.090
2012-05-05-00_40_33.733,163,0,7,0,2.272,-29.280,1.901
2012-05-05-00_40_33.734,163,0,7,0,2.300,-29.190,1.901
2012-05-05-00_40_33.736,163,0,7,0,2.190,-29.259,1.901
2012-05-05-00_40_33.737,163,1,7,0,-6.743,-29.293,1.601
2012-05-05-00_40_33.738,163,1,7,0,-6.821,-29.272,1.701
2012-05-05-00_40_33.738,163,1,7,0,-6.762,-29.206,1.701
2012-05-05-00_40_33.739,163,2,7,0,-15.692,-29.210,1.101
2012-05-05-00_40_33.740,163,2,7,0,-15.775,-29.189,1.101
2012-05-05-00_40_33.741,163,2,7,0,-15.716,-29.138,1.101
2012-05-05-00_40_33.742,163,3,7,0,-24.715,-29.292,1.501
2012-05-05-00_40_33.743,163,3,7,0,-24.687,-29.202,1.501
2012-05-05-00_40_33.744,163,3,7,0,-24.797,-29.271,1.501
2012-05-05-00_40_33.744,163,4,7,0,-33.711,-29.294,1.001
2012-05-05-00_40_33.745,163,4,7,0,-33.684,-29.204,1.001
2012-05-05-00_40_33.746,163,4,7,0,-33.794,-29.273,0.901
2012-05-05-00_40_33.746,163,5,7,0,-42.727,-29.290,1.401
2012-05-05-00_40_33.747,163,5,7,0,-42.674,-29.340,1.401
2012-05-05-00_40_33.748,163,5,7,0,-42.779,-29.308,1.401
2012-05-05-00_40_33.748,163,6,7,0,-51.757,-29.354,1.301
2012-05-05-00_40_33.749,163,6,7,0,-51.729,-29.264,1.301
2012-05-05-00_40_33.750,163,6,7,0,-51.676,-29.315,1.301
2012-05-05-00_40_33.750,163,7,7,0,-60.651,-29.290,2.201
2012-05-05-00_40_33.751,163,7,7,0,-60.734,-29.269,2.201
2012-05-05-00_40_33.752,163,7,7,0,-60.675,-29.218,2.201
2012-05-05-00_40_33.753,163,0,7,1,-2.187,-29.286,1.913
2012-05-05-00_40_33.755,163,0,7,1,-2.162,-29.189,1.913
2012-05-05-00_40_33.755,163,0,7,1,-2.260,-29.269,1.813
2012-05-05-00_40_33.756,163,1,7,1,-11.213,-29.292,1.713
2012-05-05-00_40_33.757,163,1,7,1,-11.337,-29.221,1.713
2012-05-05-00_40_33.757,163,1,7,1,-11.236,-29.206,1.713
2012-05-05-00_40_33.758,163,2,7,1,-20.152,-29.216,1.113
2012-05-05-00_40_33.759,163,2,7,1,-20.225,-29.199,1.113
2012-05-05-00_40_33.759,163,2,7,1,-20.233,-29.197,1.113
2012-05-05-00_40_33.761,163,3,7,1,-29.174,-29.298,1.313
2012-05-05-00_40_33.762,163,3,7,1,-29.149,-29.201,1.513
2012-05-05-00_40_33.763,163,3,7,1,-29.247,-29.281,1.313
2012-05-05-00_40_33.764,163,4,7,1,-38.171,-29.300,1.013
2012-05-05-00_40_33.765,163,4,7,1,-38.146,-29.203,1.013
2012-05-05-00_40_33.766,163,4,7,1,-38.244,-29.283,1.013
2012-05-05-00_40_33.767,163,5,7,1,-47.189,-29.289,1.513
2012-05-05-00_40_33.767,163,5,7,1,-47.275,-29.267,1.413
2012-05-05-00_40_33.768,163,5,7,1,-47.243,-29.293,1.513
2012-05-05-00_40_33.769,163,6,7,1,-56.216,-29.361,1.313
2012-05-05-00_40_33.770,163,6,7,1,-56.191,-29.263,1.313
2012-05-05-00_40_33.771,163,6,7,1,-56.289,-29.344,1.313
2012-05-05-00_40_33.772,163,7,7,1,-65.184,-29.280,2.013
2012-05-05-00_40_33.773,163,7,7,1,-65.191,-29.278,2.013
2012-05-05-00_40_33.774,163,7,7,1,-65.171,-29.178,2.113
2012-05-05-00_40_33.774,163,0,8,0,2.274,-33.778,1.927
2012-05-05-00_40_33.775,163,0,8,0,2.302,-33.689,1.927
2012-05-05-00_40_33.776,163,0,8,0,2.192,-33.755,1.827
2012-05-05-00_40_33.776,163,1,8,0,-6.746,-33.788,1.727
2012-05-05-00_40_33.777,163,1,8,0,-6.822,-33.769,1.727
2012-05-05-00_40_33.778,163,1,8,0,-6.765,-33.704,1.727
2012-05-05-00_40_33.778,163,2,8,0,-15.690,-33.708,1.127
2012-05-05-00_40_33.779,163,2,8,0,-15.773,-33.685,1.127
2012-05-05-00_40_33.780,163,2,8,0,-15.712,-33.638,1.027
2012-05-05-00_40_33.781,163,3,8,0,-24.712,-33.790,1.427
2012-05-05-00_40_33.781,163,3,8,0,-24.685,-33.701,1.527
2012-05-05-00_40_33.782,163,3,8,0,-24.795,-33.767,1.527
2012-05-05-00_40_33.783,163,4,8,0,-33.709,-33.792,1.027
2012-05-05-00_40_33.784,163,4,8,0,-33.682,-33.703,1.027
2012-05-05-00_40_33.784,163,4,8,0,-33.792,-33.769,1.027
2012-05-05-00_40_33.785,163,5,8,0,-42.725,-33.788,1.427
2012-05-05-00_40_33.786,163,5,8,0,-42.674,-33.837,1.427
2012-05-05-00_40_33.787,163,5,8,0,-42.774,-33.808,1.427
2012-05-05-00_40_33.787,163,6,8,0,-51.755,-33.853,1.327
2012-05-05-00_40_33.789,163,6,8,0,-51.727,-33.763,1.327
2012-05-05-00_40_33.789,163,6,8,0,-51.837,-33.830,1.227
2012-05-05-00_40_33.790,163,7,8,0,-60.649,-33.789,2.127
2012-05-05-00_40_33.791,163,7,8,0,-60.732,-33.766,2.127
2012-05-05-00_40_33.792,163,7,8,0,-60.671,-33.719,2.127
2012-05-05-00_40_33.792,163,0,8,1,-2.190,-33.787,1.936
2012-05-05-00_40_33.793,163,0,8,1,-2.165,-33.688,1.836
2012-05-05-00_40_33.794,163,0,8,1,-2.261,-33.766,1.935
2012-05-05-00_40_33.795,163,1,8,1,-11.213,-33.787,1.636
2012-05-05-00_40_33.795,163,1,8,1,-11.339,-33.719,1.736
2012-05-05-00_40_33.796,163,1,8,1,-11.237,-33.703,1.635
2012-05-05-00_40_33.797,163,2,8,1,-20.155,-33.717,1.136
2012-05-05-00_40_33.798,163,2,8,1,-20.226,-33.696,1.135
2012-05-05-00_40_33.799,163,2,8,1,-20.233,-33.693,1.235
2012-05-05-00_40_33.799,163,3,8,1,-29.177,-33.799,1.136
2012-05-05-00_40_33.800,163,3,8,1,-29.152,-33.700,1.436
2012-05-05-00_40_33.801,163,3,8,1,-29.248,-33.778,1.235
2012-05-05-00_40_33.802,163,4,8,1,-38.174,-33.801,1.036
2012-05-05-00_40_33.803,163,4,8,1,-38.148,-33.702,1.036
2012-05-05-00_40_33.803,163,4,8,1,-38.244,-33.780,1.035
2012-05-05-00_40_33.804,163,5,8,1,-47.192,-33.788,1.536
2012-05-05-00_40_33.805,163,5,8,1,-47.275,-33.764,1.535
2012-05-05-00_40_33.806,163,5,8,1,-47.244,-33.793,1.535
2012-05-05-00_40_33.807,163,6,8,1,-56.219,-33.862,1.436
2012-05-05-00_40_33.807,163,6,8,1,-56.194,-33.762,1.436
2012-05-05-00_40_33.808,163,6,8,1,-56.290,-33.840,1.435
2012-05-05-00_40_33.809,163,7,8,1,-65.184,-33.777,2.235
2012-05-05-00_40_33.812,163,7,8,1,-65.192,-33.774,2.235
2012-05-05-00_40_33.812,163,7,8,1,-65.171,-33.675,2.235
2012-05-05-00_40_33.813,163,0,9,0,2.274,-38.282,1.945
2012-05-05-00_40_33.814,163,0,9,0,2.304,-38.196,1.945
2012-05-05-00_40_33.815,163,0,9,0,2.191,-38.254,1.845
2012-05-05-00_40_33.815,163,1,9,0,-6.749,-38.290,1.745
2012-05-05-00_40_33.816,163,1,9,0,-6.822,-38.268,1.745
2012-05-05-00_40_33.817,163,1,9,0,-6.768,-38.211,1.845
2012-05-05-00_40_33.817,163,2,9,0,-15.691,-38.212,1.145
2012-05-05-00_40_33.819,163,2,9,0,-15.774,-38.184,1.245
2012-05-05-00_40_33.820,163,2,9,0,-15.710,-38.141,1.245
2012-05-05-00_40_33.821,163,3,9,0,-24.713,-38.294,1.645
2012-05-05-00_40_33.821,163,3,9,0,-24.683,-38.208,1.645
2012-05-05-00_40_33.822,163,3,9,0,-24.796,-38.266,1.645
2012-05-05-00_40_33.823,163,4,9,0,-33.710,-38.296,0.945
2012-05-05-00_40_33.824,163,4,9,0,-33.680,-38.210,0.945
2012-05-05-00_40_33.824,163,4,9,0,-33.792,-38.268,0.945
2012-05-05-00_40_33.825,163,5,9,0,-42.723,-38.296,1.545
2012-05-05-00_40_33.825,163,5,9,0,-42.675,-38.336,1.445
2012-05-05-00_40_33.826,163,5,9,0,-42.772,-38.311,1.445
2012-05-05-00_40_33.827,163,6,9,0,-51.755,-38.356,1.245
2012-05-05-00_40_33.828,163,6,9,0,-51.725,-38.271,1.345
2012-05-05-00_40_33.828,163,6,9,0,-51.838,-38.329,1.245
2012-05-05-00_40_33.829,163,7,9,0,-60.650,-38.293,2.145
2012-05-05-00_40_33.830,163,7,9,0,-60.732,-38.265,2.145
2012-05-05-00_40_33.831,163,7,9,0,-60.669,-38.222,2.245
2012-05-05-00_40_33.832,163,0,9,1,-2.188,-38.293,1.954
2012-05-05-00_40_33.832,163,0,9,1,-2.165,-38.195,1.854
2012-05-05-00_40_33.833,163,0,9,1,-2.259,-38.266,1.854
2012-05-05-00_40_33.834,163,1,9,1,-11.213,-38.290,1.754
2012-05-05-00_40_33.835,163,1,9,1,-11.340,-38.227,1.754
2012-05-05-00_40_33.835,163,1,9,1,-11.235,-38.209,1.854
2012-05-05-00_40_33.836,163,2,9,1,-20.153,-38.223,1.254
2012-05-05-00_40_33.837,163,2,9,1,-20.224,-38.196,1.254
2012-05-05-00_40_33.838,163,2,9,1,-20.233,-38.195,1.254
2012-05-05-00_40_33.839,163,3,9,1,-29.175,-38.305,1.354
2012-05-05-00_40_33.839,163,3,9,1,-29.152,-38.208,1.654
2012-05-05-00_40_33.840,163,3,9,1,-29.246,-38.279,1.354
2012-05-05-00_40_33.841,163,4,9,1,-38.172,-38.307,1.054
2012-05-05-00_40_33.842,163,4,9,1,-38.149,-38.209,1.054
2012-05-05-00_40_33.842,163,4,9,1,-38.242,-38.280,1.054
2012-05-05-00_40_33.843,163,5,9,1,-47.193,-38.295,1.554
2012-05-05-00_40_33.844,163,5,9,1,-47.273,-38.269,1.554
2012-05-05-00_40_33.844,163,5,9,1,-47.246,-38.298,1.554
2012-05-05-00_40_33.845,163,6,9,1,-56.194,-38.270,1.454
2012-05-05-00_40_33.846,163,6,9,1,-56.288,-38.341,1.354
2012-05-05-00_40_33.847,163,6,9,1,-56.297,-38.340,1.354
2012-05-05-00_40_33.847,163,7,9,1,-65.182,-38.277,2.154
2012-05-05-00_40_33.848,163,7,9,1,-65.192,-38.276,2.254
2012-05-05-00_40_33.849,163,7,9,1,-65.169,-38.180,2.254
2012-05-05-00_40_33.850,163,0,10,0,2.276,-42.783,1.966
2012-05-05-00_40_33.851,163,0,10,0,2.301,-42.696,1.966
2012-05-05-00_40_33.852,163,0,10,0,2.193,-42.754,1.966
2012-05-05-00_40_33.853,163,1,10,0,-6.752,-42.793,1.766
2012-05-05-00_40_33.854,163,1,10,0,-6.825,-42.767,1.666
2012-05-05-00_40_33.855,163,1,10,0,-6.771,-42.716,1.766
2012-05-05-00_40_33.855,163,2,10,0,-15.689,-42.713,1.266
2012-05-05-00_40_33.856,163,2,10,0,-15.772,-42.684,1.266
2012-05-05-00_40_33.857,163,2,10,0,-15.710,-42.639,1.266
2012-05-05-00_40_33.857,163,3,10,0,-24.711,-42.795,1.566
2012-05-05-00_40_33.859,163,3,10,0,-24.686,-42.708,1.666
2012-05-05-00_40_33.860,163,3,10,0,-24.794,-42.767,1.666
2012-05-05-00_40_33.861,163,4,10,0,-33.707,-42.797,0.966
2012-05-05-00_40_33.862,163,4,10,0,-33.682,-42.710,0.966
2012-05-05-00_40_33.863,163,4,10,0,-33.790,-42.768,0.966
2012-05-05-00_40_33.864,163,5,10,0,-42.726,-42.796,1.466
2012-05-05-00_40_33.865,163,5,10,0,-42.678,-42.835,1.466
2012-05-05-00_40_33.866,163,5,10,0,-42.773,-42.809,1.466
2012-05-05-00_40_33.866,163,6,10,0,-51.753,-42.858,1.266
2012-05-05-00_40_33.867,163,6,10,0,-51.728,-42.771,1.366
2012-05-05-00_40_33.868,163,6,10,0,-51.836,-42.829,1.266
2012-05-05-00_40_33.869,163,7,10,0,-60.648,-42.794,2.266
2012-05-05-00_40_33.869,163,7,10,0,-60.730,-42.765,2.266
2012-05-05-00_40_33.870,163,7,10,0,-60.669,-42.720,2.266
2012-05-05-00_40_33.871,163,0,10,1,-2.191,-42.791,1.878
2012-05-05-00_40_33.872,163,0,10,1,-2.168,-42.696,1.878
2012-05-05-00_40_33.873,163,0,10,1,-2.262,-42.769,1.978
2012-05-05-00_40_33.874,163,1,10,1,-11.214,-42.793,1.778
2012-05-05-00_40_33.874,163,1,10,1,-11.343,-42.727,1.778
2012-05-05-00_40_33.875,163,1,10,1,-11.235,-42.714,1.778
2012-05-05-00_40_33.876,163,2,10,1,-20.156,-42.721,1.278
2012-05-05-00_40_33.877,163,2,10,1,-20.226,-42.699,1.278
2012-05-05-00_40_33.877,163,2,10,1,-20.234,-42.698,1.378
2012-05-05-00_40_33.878,163,3,10,1,-29.178,-42.803,1.378
2012-05-05-00_40_33.879,163,3,10,1,-29.155,-42.708,1.378
2012-05-05-00_40_33.879,163,3,10,1,-29.249,-42.781,1.378
2012-05-05-00_40_33.880,163,4,10,1,-38.174,-42.805,0.978
2012-05-05-00_40_33.881,163,4,10,1,-38.152,-42.710,1.078
2012-05-05-00_40_33.882,163,4,10,1,-38.245,-42.783,0.978
2012-05-05-00_40_33.882,163,5,10,1,-47.196,-42.795,1.578
2012-05-05-00_40_33.884,163,5,10,1,-47.276,-42.774,1.578
2012-05-05-00_40_33.884,163,5,10,1,-47.249,-42.797,1.578
2012-05-05-00_40_33.885,163,6,10,1,-56.220,-42.866,1.378
2012-05-05-00_40_33.886,163,6,10,1,-56.197,-42.770,1.378
2012-05-05-00_40_33.886,163,6,10,1,-56.291,-42.843,1.378
2012-05-05-00_40_33.887,163,7,10,1,-65.185,-42.780,2.178
2012-05-05-00_40_33.888,163,7,10,1,-65.193,-42.779,2.278
2012-05-05-00_40_33.889,163,7,10,1,-65.172,-42.685,2.278
2012-05-05-00_40_33.890,163,0,11,0,2.278,-47.283,1.990
2012-05-05-00_40_33.890,163,0,11,0,2.301,-47.190,1.990
2012-05-05-00_40_33.892,163,0,11,0,2.193,-47.258,1.990
2012-05-05-00_40_33.892,163,1,11,0,-6.752,-47.296,1.790
2012-05-05-00_40_33.893,163,1,11,0,-6.825,-47.270,1.790
2012-05-05-00_40_33.894,163,1,11,0,-6.771,-47.210,1.790
2012-05-05-00_40_33.895,163,2,11,0,-15.687,-47.213,1.190
2012-05-05-00_40_33.896,163,2,11,0,-15.772,-47.187,1.290
2012-05-05-00_40_33.896,163,2,11,0,-15.743,-47.197,1.290
2012-05-05-00_40_33.897,163,3,11,0,-24.709,-47.295,1.690
2012-05-05-00_40_33.898,163,3,11,0,-24.686,-47.203,1.690
2012-05-05-00_40_33.899,163,3,11,0,-24.794,-47.270,1.690
2012-05-05-00_40_33.901,163,4,11,0,-33.705,-47.297,1.090
2012-05-05-00_40_33.901,163,4,11,0,-33.683,-47.204,1.090
2012-05-05-00_40_33.902,163,4,11,0,-33.791,-47.272,1.090
2012-05-05-00_40_33.903,163,5,11,0,-42.727,-47.290,1.490
2012-05-05-00_40_33.904,163,5,11,0,-42.678,-47.338,1.490
2012-05-05-00_40_33.905,163,5,11,0,-42.771,-47.304,1.490
2012-05-05-00_40_33.905,163,6,11,0,-51.751,-47.357,1.290
2012-05-05-00_40_33.906,163,6,11,0,-51.728,-47.265,1.290
2012-05-05-00_40_33.907,163,6,11,0,-51.836,-47.332,1.290
2012-05-05-00_40_33.908,163,7,11,0,-60.646,-47.293,2.190
2012-05-05-00_40_33.908,163,7,11,0,-60.731,-47.268,2.290
2012-05-05-00_40_33.909,163,7,11,0,-60.667,-47.215,2.290
2012-05-05-00_40_33.910,163,0,11,1,-2.194,-47.288,1.999
2012-05-05-00_40_33.911,163,0,11,1,-2.166,-47.190,1.899
2012-05-05-00_40_33.912,163,0,11,1,-2.262,-47.270,1.899
2012-05-05-00_40_33.913,163,1,11,1,-11.212,-47.295,1.799
2012-05-05-00_40_33.914,163,1,11,1,-11.341,-47.222,1.799
2012-05-05-00_40_33.915,163,1,11,1,-11.236,-47.210,1.799
2012-05-05-00_40_33.915,163,2,11,1,-20.159,-47.218,1.299
2012-05-05-00_40_33.916,163,2,11,1,-20.227,-47.200,1.299
2012-05-05-00_40_33.917,163,2,11,1,-20.232,-47.199,1.399
2012-05-05-00_40_33.918,163,3,11,1,-29.181,-47.301,1.399
2012-05-05-00_40_33.918,163,3,11,1,-29.153,-47.202,1.599
2012-05-05-00_40_33.919,163,3,11,1,-29.249,-47.282,1.399
2012-05-05-00_40_33.920,163,4,11,1,-38.177,-47.302,0.999
2012-05-05-00_40_33.921,163,4,11,1,-38.150,-47.204,0.999
2012-05-05-00_40_33.921,163,4,11,1,-38.246,-47.284,1.099
2012-05-05-00_40_33.922,163,5,11,1,-47.194,-47.290,1.499
2012-05-05-00_40_33.923,163,5,11,1,-47.276,-47.270,1.499
2012-05-05-00_40_33.923,163,5,11,1,-47.247,-47.291,1.499
2012-05-05-00_40_33.924,163,6,11,1,-56.223,-47.363,1.399
2012-05-05-00_40_33.925,163,6,11,1,-56.195,-47.264,1.399
2012-05-05-00_40_33.926,163,6,11,1,-56.291,-47.344,1.399
2012-05-05-00_40_33.926,163,7,11,1,-65.186,-47.281,2.299
2012-05-05-00_40_33.927,163,7,11,1,-65.191,-47.280,2.299
2012-05-05-00_40_33.928,163,7,11,1,-65.173,-47.181,2.299
2012-05-05-00_40_33.929,163,0,12,0,2.265,-51.780,2.207
2012-05-05-00_40_33.930,163,0,12,0,2.303,-51.691,2.108
2012-05-05-00_40_33.930,163,0,12,0,2.195,-51.758,2.108
2012-05-05-00_40_33.931,163,1,12,0,-6.755,-51.794,1.808
2012-05-05-00_40_33.932,163,1,12,0,-6.831,-51.774,1.908
2012-05-05-00_40_33.933,163,1,12,0,-6.774,-51.707,1.808
2012-05-05-00_40_33.934,163,2,12,0,-15.699,-51.710,1.207
2012-05-05-00_40_33.935,163,2,12,0,-15.770,-51.688,1.208
2012-05-05-00_40_33.935,163,2,12,0,-15.711,-51.639,1.208
2012-05-05-00_40_33.936,163,3,12,0,-24.722,-51.792,1.707
2012-05-05-00_40_33.937,163,3,12,0,-24.684,-51.703,1.708
2012-05-05-00_40_33.937,163,3,12,0,-24.792,-51.770,1.708
2012-05-05-00_40_33.938,163,4,12,0,-33.718,-51.794,1.107
2012-05-05-00_40_33.939,163,4,12,0,-33.681,-51.705,1.108
2012-05-05-00_40_33.940,163,4,12,0,-33.789,-51.772,1.108
2012-05-05-00_40_33.940,163,5,12,0,-42.725,-51.791,1.508
2012-05-05-00_40_33.941,163,5,12,0,-42.683,-51.842,1.208
2012-05-05-00_40_33.942,163,5,12,0,-42.774,-51.809,1.508
2012-05-05-00_40_33.942,163,6,12,0,-51.764,-51.855,1.207
2012-05-05-00_40_33.943,163,6,12,0,-51.726,-51.766,1.308
2012-05-05-00_40_33.944,163,6,12,0,-51.834,-51.833,1.208
2012-05-05-00_40_33.945,163,7,12,0,-60.658,-51.791,2.107
2012-05-05-00_40_33.945,163,7,12,0,-60.729,-51.769,2.108
2012-05-05-00_40_33.946,163,7,12,0,-60.670,-51.720,2.108
2012-05-05-00_40_33.947,163,0,12,1,-2.197,-51.786,2.116
2012-05-05-00_40_33.948,163,0,12,1,-2.172,-51.690,2.116
2012-05-05-00_40_33.948,163,0,12,1,-2.265,-51.769,2.116
2012-05-05-00_40_33.949,163,1,12,1,-11.215,-51.794,1.816
2012-05-05-00_40_33.950,163,1,12,1,-11.346,-51.722,1.816
2012-05-05-00_40_33.951,163,1,12,1,-11.236,-51.706,1.816
2012-05-05-00_40_33.951,163,2,12,1,-20.162,-51.716,1.216
2012-05-05-00_40_33.952,163,2,12,1,-20.230,-51.699,1.316
2012-05-05-00_40_33.953,163,2,12,1,-20.235,-51.697,1.216
2012-05-05-00_40_33.954,163,3,12,1,-29.184,-51.798,1.316
2012-05-05-00_40_33.954,163,3,12,1,-29.159,-51.702,1.616
2012-05-05-00_40_33.956,163,3,12,1,-29.252,-51.781,1.616
2012-05-05-00_40_33.956,163,4,12,1,-38.180,-51.800,1.016
2012-05-05-00_40_33.957,163,4,12,1,-38.155,-51.704,1.116
2012-05-05-00_40_33.957,163,4,12,1,-38.248,-51.783,1.016
2012-05-05-00_40_33.958,163,5,12,1,-47.199,-51.790,1.316
2012-05-05-00_40_33.959,163,5,12,1,-47.279,-51.768,1.316
2012-05-05-00_40_33.960,163,5,12,1,-47.250,-51.792,1.216
2012-05-05-00_40_33.962,163,6,12,1,-56.226,-51.861,1.316
2012-05-05-00_40_33.963,163,6,12,1,-56.201,-51.765,1.416
2012-05-05-00_40_33.963,163,6,12,1,-56.294,-51.843,1.316
2012-05-05-00_40_33.964,163,7,12,1,-65.188,-51.779,2.216
2012-05-05-00_40_33.965,163,7,12,1,-65.193,-51.778,2.216
2012-05-05-00_40_33.966,163,7,12,1,-65.176,-51.678,2.216
2012-05-05-00_40_33.967,163,0,13,0,2.275,-56.278,2.127
2012-05-05-00_40_33.968,163,0,13,0,2.300,-56.191,2.127
2012-05-05-00_40_33.968,163,0,13,0,2.197,-56.254,2.127
2012-05-05-00_40_33.969,163,1,13,0,-6.753,-56.290,1.927
2012-05-05-00_40_33.970,163,1,13,0,-6.831,-56.270,1.927
2012-05-05-00_40_33.971,163,1,13,0,-6.777,-56.205,1.927
2012-05-05-00_40_33.971,163,2,13,0,-15.690,-56.208,1.327
2012-05-05-00_40_33.972,163,2,13,0,-15.768,-56.184,1.327
2012-05-05-00_40_33.973,163,2,13,0,-15.712,-56.140,1.327
2012-05-05-00_40_33.974,163,3,13,0,-24.712,-56.290,1.727
2012-05-05-00_40_33.975,163,3,13,0,-24.687,-56.203,1.727
2012-05-05-00_40_33.975,163,3,13,0,-24.790,-56.267,1.727
2012-05-05-00_40_33.976,163,4,13,0,-33.709,-56.292,1.127
2012-05-05-00_40_33.977,163,4,13,0,-33.684,-56.205,1.127
2012-05-05-00_40_33.977,163,4,13,0,-33.787,-56.268,1.027
2012-05-05-00_40_33.978,163,5,13,0,-42.727,-56.291,1.527
2012-05-05-00_40_33.979,163,5,13,0,-42.684,-56.338,1.327
2012-05-05-00_40_33.981,163,5,13,0,-42.774,-56.310,1.527
2012-05-05-00_40_33.983,163,6,13,0,-51.754,-56.353,1.327
2012-05-05-00_40_33.984,163,6,13,0,-51.729,-56.266,1.327
2012-05-05-00_40_33.984,163,6,13,0,-51.832,-56.329,1.327
2012-05-05-00_40_33.985,163,7,13,0,-60.649,-56.289,3.327
2012-05-05-00_40_33.985,163,7,13,0,-60.727,-56.265,4.227
2012-05-05-00_40_33.986,163,7,13,0,-60.670,-56.221,5.527
2012-05-05-00_40_33.987,163,0,13,1,-2.197,-56.288,2.139
2012-05-05-00_40_33.988,163,0,13,1,-2.172,-56.190,2.039
2012-05-05-00_40_33.988,163,0,13,1,-2.265,-56.265,2.039
2012-05-05-00_40_33.989,163,1,13,1,-11.210,-56.289,1.839
2012-05-05-00_40_33.990,163,1,13,1,-11.346,-56.222,1.939
2012-05-05-00_40_33.991,163,1,13,1,-11.234,-56.205,1.939
2012-05-05-00_40_33.992,163,2,13,1,-20.162,-56.218,1.339
2012-05-05-00_40_33.992,163,2,13,1,-20.230,-56.194,1.239
2012-05-05-00_40_33.993,163,2,13,1,-20.237,-56.193,1.239
2012-05-05-00_40_33.994,163,3,13,1,-29.184,-56.300,1.439
2012-05-05-00_40_33.994,163,3,13,1,-29.159,-56.202,1.639
2012-05-05-00_40_33.995,163,3,13,1,-29.252,-56.277,1.639
2012-05-05-00_40_33.996,163,4,13,1,-38.181,-56.302,1.039
2012-05-05-00_40_33.997,163,4,13,1,-38.155,-56.204,1.039
2012-05-05-00_40_33.997,163,4,13,1,-38.249,-56.279,1.039
2012-05-05-00_40_33.998,163,5,13,1,-47.199,-56.290,1.539
2012-05-05-00_40_33.999,163,5,13,1,-47.282,-56.266,1.539
2012-05-05-00_40_34.000,163,5,13,1,-47.253,-56.291,1.539
2012-05-05-00_40_34.001,163,6,13,1,-56.226,-56.363,1.439
2012-05-05-00_40_34.002,163,6,13,1,-56.201,-56.264,1.439
2012-05-05-00_40_34.004,163,6,13,1,-56.294,-56.339,1.439
2012-05-05-00_40_34.004,163,7,13,1,-65.189,-56.275,2.139
2012-05-05-00_40_34.005,163,7,13,1,-65.196,-56.274,2.239
2012-05-05-00_40_34.006,163,7,13,1,-65.178,-56.177,2.139
2012-05-05-00_40_34.006,163,0,14,0,2.269,-60.781,2.151
2012-05-05-00_40_34.007,163,0,14,0,2.297,-60.697,2.151
2012-05-05-00_40_34.008,163,0,14,0,2.196,-60.753,2.151
2012-05-05-00_40_34.009,163,1,14,0,-6.756,-60.790,1.951
2012-05-05-00_40_34.010,163,1,14,0,-6.834,-60.769,1.951
2012-05-05-00_40_34.010,163,1,14,0,-6.777,-60.712,1.951
2012-05-05-00_40_34.012,163,2,14,0,-15.695,-60.711,1.351
2012-05-05-00_40_34.013,163,2,14,0,-15.768,-60.683,1.351
2012-05-05-00_40_34.015,163,2,14,0,-15.712,-60.642,1.351
2012-05-05-00_40_34.015,163,3,14,0,-24.717,-60.794,1.751
2012-05-05-00_40_34.016,163,3,14,0,-24.690,-60.709,1.751
2012-05-05-00_40_34.016,163,3,14,0,-24.791,-60.766,1.751
2012-05-05-00_40_34.017,163,4,14,0,-33.714,-60.795,1.051
2012-05-05-00_40_34.018,163,4,14,0,-33.687,-60.711,1.051
2012-05-05-00_40_34.019,163,4,14,0,-33.787,-60.767,0.951
2012-05-05-00_40_34.020,163,5,14,0,-42.730,-60.796,1.551
2012-05-05-00_40_34.020,163,5,14,0,-42.687,-60.837,1.351
2012-05-05-00_40_34.021,163,5,14,0,-42.774,-60.812,1.451
2012-05-05-00_40_34.022,163,6,14,0,-51.760,-60.856,1.351
2012-05-05-00_40_34.023,163,6,14,0,-51.732,-60.771,1.351
2012-05-05-00_40_34.023,163,6,14,0,-51.833,-60.828,1.351
2012-05-05-00_40_34.024,163,7,14,0,-60.654,-60.792,2.151
2012-05-05-00_40_34.026,163,7,14,0,-60.727,-60.764,3.451
2012-05-05-00_40_34.027,163,7,14,0,-60.671,-60.723,2.151
2012-05-05-00_40_34.028,163,0,14,1,-2.200,-60.793,2.061
2012-05-05-00_40_34.028,163,0,14,1,-2.172,-60.696,2.061
2012-05-05-00_40_34.029,163,0,14,1,-2.268,-60.766,2.061
2012-05-05-00_40_34.030,163,1,14,1,-11.211,-60.790,1.861
2012-05-05-00_40_34.031,163,1,14,1,-11.347,-60.728,1.861
2012-05-05-00_40_34.032,163,1,14,1,-11.237,-60.710,1.861
2012-05-05-00_40_34.032,163,2,14,1,-20.165,-60.723,1.261
2012-05-05-00_40_34.033,163,2,14,1,-20.233,-60.696,1.261
2012-05-05-00_40_34.034,163,2,14,1,-20.240,-60.695,1.261
2012-05-05-00_40_34.034,163,3,14,1,-29.187,-60.805,1.361
2012-05-05-00_40_34.036,163,3,14,1,-29.159,-60.708,1.461
2012-05-05-00_40_34.037,163,3,14,1,-29.255,-60.778,1.461
2012-05-05-00_40_34.038,163,4,14,1,-38.184,-60.807,1.061
2012-05-05-00_40_34.038,163,4,14,1,-38.156,-60.710,1.061
2012-05-05-00_40_34.039,163,4,14,1,-38.252,-60.780,1.061
2012-05-05-00_40_34.040,163,5,14,1,-47.200,-60.796,1.561
2012-05-05-00_40_34.040,163,5,14,1,-47.283,-60.770,1.561
2012-05-05-00_40_34.041,163,5,14,1,-47.253,-60.798,1.561
2012-05-05-00_40_34.042,163,6,14,1,-56.229,-60.867,1.461
2012-05-05-00_40_34.043,163,6,14,1,-56.201,-60.771,1.461
2012-05-05-00_40_34.044,163,6,14,1,-56.297,-60.841,1.461
2012-05-05-00_40_34.045,163,7,14,1,-65.192,-60.777,2.261
2012-05-05-00_40_34.046,163,7,14,1,-65.199,-60.776,2.261
2012-05-05-00_40_34.047,163,7,14,1,-65.179,-60.681,2.261
2012-05-05-00_40_34.047,163,0,15,0,2.269,-65.283,2.170
2012-05-05-00_40_34.048,163,0,15,0,2.294,-65.196,2.170
2012-05-05-00_40_34.049,163,0,15,0,2.196,-65.254,2.170
2012-05-05-00_40_34.050,163,1,15,0,-6.751,-65.294,1.970
2012-05-05-00_40_34.051,163,1,15,0,-6.834,-65.268,1.970
2012-05-05-00_40_34.051,163,1,15,0,-6.775,-65.215,1.970
2012-05-05-00_40_34.052,163,2,15,0,-15.696,-65.213,1.370
2012-05-05-00_40_34.053,163,2,15,0,-15.769,-65.184,1.370
2012-05-05-00_40_34.054,163,2,15,0,-15.715,-65.140,1.270
2012-05-05-00_40_34.055,163,3,15,0,-24.718,-65.295,1.770
2012-05-05-00_40_34.055,163,3,15,0,-24.693,-65.208,1.770
2012-05-05-00_40_34.056,163,3,15,0,-24.791,-65.267,1.770
2012-05-05-00_40_34.057,163,4,15,0,-33.714,-65.297,0.970
2012-05-05-00_40_34.058,163,4,15,0,-33.689,-65.210,0.970
2012-05-05-00_40_34.058,163,4,15,0,-33.788,-65.268,1.070
2012-05-05-00_40_34.059,163,5,15,0,-42.733,-65.296,1.570
2012-05-05-00_40_34.060,163,5,15,0,-42.687,-65.336,1.470
2012-05-05-00_40_34.061,163,5,15,0,-42.777,-65.310,1.570
2012-05-05-00_40_34.062,163,6,15,0,-51.760,-65.357,1.370
2012-05-05-00_40_34.062,163,6,15,0,-51.735,-65.271,1.370
2012-05-05-00_40_34.063,163,6,15,0,-51.833,-65.329,1.370
2012-05-05-00_40_34.064,163,7,15,0,-60.655,-65.294,2.070
2012-05-05-00_40_34.066,163,7,15,0,-60.728,-65.265,2.170
2012-05-05-00_40_34.067,163,7,15,0,-60.674,-65.221,2.170
2012-05-05-00_40_34.069,163,0,15,1,-2.196,-65.291,2.179
2012-05-05-00_40_34.070,163,0,15,1,-2.168,-65.196,2.179
2012-05-05-00_40_34.071,163,0,15,1,-2.269,-65.269,2.179
2012-05-05-00_40_34.071,163,1,15,1,-11.211,-65.293,1.979
2012-05-05-00_40_34.072,163,1,15,1,-11.342,-65.227,1.879
2012-05-05-00_40_34.073,163,1,15,1,-11.232,-65.215,1.879
2012-05-05-00_40_34.074,163,2,15,1,-20.160,-65.221,1.379
2012-05-05-00_40_34.074,163,2,15,1,-20.233,-65.199,1.279
2012-05-05-00_40_34.075,163,2,15,1,-20.241,-65.198,1.279
2012-05-05-00_40_34.076,163,3,15,1,-29.182,-65.303,1.479
2012-05-05-00_40_34.077,163,3,15,1,-29.155,-65.208,1.379
2012-05-05-00_40_34.077,163,3,15,1,-29.256,-65.281,1.479
2012-05-05-00_40_34.078,163,4,15,1,-38.179,-65.305,1.079
2012-05-05-00_40_34.079,163,4,15,1,-38.151,-65.210,1.079
2012-05-05-00_40_34.080,163,4,15,1,-38.252,-65.283,1.079
2012-05-05-00_40_34.081,163,5,15,1,-47.195,-65.295,1.379
2012-05-05-00_40_34.081,163,5,15,1,-47.285,-65.274,1.379
2012-05-05-00_40_34.082,163,5,15,1,-47.256,-65.298,1.379
2012-05-05-00_40_34.083,163,6,15,1,-56.224,-65.366,1.379
2012-05-05-00_40_34.084,163,6,15,1,-56.197,-65.270,1.379
2012-05-05-00_40_34.084,163,6,15,1,-56.298,-65.344,1.379
2012-05-05-00_40_34.085,163,7,15,1,-65.192,-65.280,2.179
2012-05-05-00_40_34.086,163,7,15,1,-65.200,-65.279,2.079
2012-05-05-00_40_34.087,163,7,15,1,-65.182,-65.185,2.179
2012-05-05-00_40_34.088,163,0,16,0,2.266,-69.783,2.291
2012-05-05-00_40_34.088,163,0,16,0,2.291,-69.689,2.191
2012-05-05-00_40_34.089,163,0,16,0,2.193,-69.758,2.291
2012-05-05-00_40_34.090,163,1,16,0,-6.752,-69.795,1.991
2012-05-05-00_40_34.091,163,1,16,0,-6.835,-69.768,1.991
2012-05-05-00_40_34.092,163,1,16,0,-6.773,-69.708,1.991
2012-05-05-00_40_34.093,163,2,16,0,-15.699,-69.713,1.391
2012-05-05-00_40_34.093,163,2,16,0,-15.772,-69.688,1.291
2012-05-05-00_40_34.094,163,2,16,0,-15.747,-69.697,1.391
2012-05-05-00_40_34.095,163,3,16,0,-24.721,-69.795,1.791
2012-05-05-00_40_34.096,163,3,16,0,-24.696,-69.701,1.791
2012-05-05-00_40_34.097,163,3,16,0,-24.794,-69.770,1.791
2012-05-05-00_40_34.097,163,4,16,0,-33.717,-69.797,0.991
2012-05-05-00_40_34.098,163,4,16,0,-33.692,-69.703,0.991
2012-05-05-00_40_34.099,163,4,16,0,-33.790,-69.772,0.991
2012-05-05-00_40_34.100,163,5,16,0,-42.736,-69.789,1.591
2012-05-05-00_40_34.100,163,5,16,0,-42.688,-69.836,1.291
2012-05-05-00_40_34.101,163,5,16,0,-42.780,-69.804,1.591
2012-05-05-00_40_34.102,163,6,16,0,-51.763,-69.858,1.391
2012-05-05-00_40_34.103,163,6,16,0,-51.738,-69.764,1.291
2012-05-05-00_40_34.104,163,6,16,0,-51.836,-69.833,1.291
2012-05-05-00_40_34.104,163,7,16,0,-60.657,-69.794,2.191
2012-05-05-00_40_34.105,163,7,16,0,-60.730,-69.769,2.091
2012-05-05-00_40_34.106,163,7,16,0,-60.676,-69.715,2.191
2012-05-05-00_40_34.106,163,0,16,1,-2.198,-69.789,2.203
2012-05-05-00_40_34.107,163,0,16,1,-2.171,-69.689,2.203
2012-05-05-00_40_34.109,163,0,16,1,-2.271,-69.771,2.203
2012-05-05-00_40_34.110,163,1,16,1,-11.214,-69.795,1.903
2012-05-05-00_40_34.111,163,1,16,1,-11.345,-69.721,1.903
2012-05-05-00_40_34.112,163,1,16,1,-11.233,-69.708,1.903
2012-05-05-00_40_34.112,163,2,16,1,-20.163,-69.719,1.303
2012-05-05-00_40_34.113,163,2,16,1,-20.236,-69.701,1.303
2012-05-05-00_40_34.114,163,2,16,1,-20.244,-69.699,1.303
2012-05-05-00_40_34.115,163,3,16,1,-29.185,-69.801,1.503
2012-05-05-00_40_34.116,163,3,16,1,-29.158,-69.701,1.503
2012-05-05-00_40_34.117,163,3,16,1,-29.258,-69.783,1.503
2012-05-05-00_40_34.117,163,4,16,1,-38.182,-69.803,1.103
2012-05-05-00_40_34.118,163,4,16,1,-38.154,-69.703,1.103
2012-05-05-00_40_34.120,163,4,16,1,-38.255,-69.785,1.103
2012-05-05-00_40_34.120,163,5,16,1,-47.198,-69.789,1.403
2012-05-05-00_40_34.121,163,5,16,1,-47.286,-69.769,1.303
2012-05-05-00_40_34.122,163,5,16,1,-47.257,-69.792,1.403
2012-05-05-00_40_34.123,163,6,16,1,-56.227,-69.863,1.403
2012-05-05-00_40_34.124,163,6,16,1,-56.200,-69.764,1.503
2012-05-05-00_40_34.124,163,6,16,1,-56.300,-69.845,1.403
2012-05-05-00_40_34.125,163,7,16,1,-65.195,-69.782,2.203
2012-05-05-00_40_34.126,163,7,16,1,-65.202,-69.780,2.203
2012-05-05-00_40_34.127,163,7,16,1,-65.182,-69.680,2.203
2012-05-05-00_40_34.128,163,0,17,0,2.256,-74.280,2.215
2012-05-05-00_40_34.128,163,0,17,0,2.291,-74.190,2.215
2012-05-05-00_40_34.129,163,0,17,0,2.193,-74.258,2.215
2012-05-05-00_40_34.130,163,1,17,0,-6.750,-74.293,2.015
2012-05-05-00_40_34.131,163,1,17,0,-6.830,-74.273,2.015
2012-05-05-00_40_34.132,163,1,17,0,-6.774,-74.206,2.015
2012-05-05-00_40_34.133,163,2,17,0,-15.709,-74.210,1.315
2012-05-05-00_40_34.133,163,2,17,0,-15.772,-74.188,1.415
2012-05-05-00_40_34.134,163,2,17,0,-15.718,-74.138,1.315
2012-05-05-00_40_34.135,163,3,17,0,-24.731,-74.292,1.815
2012-05-05-00_40_34.137,163,3,17,0,-24.696,-74.202,1.815
2012-05-05-00_40_34.138,163,3,17,0,-24.794,-74.270,1.815
2012-05-05-00_40_34.138,163,4,17,0,-33.728,-74.294,1.115
2012-05-05-00_40_34.139,163,4,17,0,-33.693,-74.204,1.115
2012-05-05-00_40_34.139,163,4,17,0,-33.791,-74.272,1.115
2012-05-05-00_40_34.140,163,5,17,0,-42.736,-74.290,1.615
2012-05-05-00_40_34.141,163,5,17,0,-42.683,-74.341,1.315
2012-05-05-00_40_34.142,163,5,17,0,-42.781,-74.308,1.615
2012-05-05-00_40_34.142,163,6,17,0,-51.773,-74.355,1.315
2012-05-05-00_40_34.143,163,6,17,0,-51.738,-74.264,1.415
2012-05-05-00_40_34.144,163,6,17,0,-51.836,-74.332,1.315
2012-05-05-00_40_34.145,163,7,17,0,-60.668,-74.291,2.215
2012-05-05-00_40_34.146,163,7,17,0,-60.731,-74.269,2.115
2012-05-05-00_40_34.147,163,7,17,0,-60.677,-74.219,2.115
2012-05-05-00_40_34.147,163,0,17,1,-2.196,-74.285,2.224
2012-05-05-00_40_34.148,163,0,17,1,-2.169,-74.189,2.224
2012-05-05-00_40_34.149,163,0,17,1,-2.269,-74.268,2.224
2012-05-05-00_40_34.151,163,1,17,1,-11.214,-74.292,1.924
2012-05-05-00_40_34.152,163,1,17,1,-11.343,-74.221,1.924
2012-05-05-00_40_34.152,163,1,17,1,-11.236,-74.206,10.024
2012-05-05-00_40_34.153,163,2,17,1,-20.161,-74.215,1.424
2012-05-05-00_40_34.153,163,2,17,1,-20.234,-74.198,1.324
2012-05-05-00_40_34.154,163,2,17,1,-20.242,-74.196,1.424
2012-05-05-00_40_34.155,163,3,17,1,-29.183,-74.298,1.524
2012-05-05-00_40_34.156,163,3,17,1,-29.156,-74.201,1.524
2012-05-05-00_40_34.157,163,3,17,1,-29.256,-74.281,1.524
2012-05-05-00_40_34.157,163,4,17,1,-38.180,-74.299,1.024
2012-05-05-00_40_34.158,163,4,17,1,-38.152,-74.203,1.024
2012-05-05-00_40_34.159,163,4,17,1,-38.253,-74.282,1.024
2012-05-05-00_40_34.159,163,5,17,1,-47.196,-74.289,1.624
2012-05-05-00_40_34.160,163,5,17,1,-47.284,-74.267,1.724
2012-05-05-00_40_34.161,163,5,17,1,-47.252,-74.292,1.624
2012-05-05-00_40_34.162,163,6,17,1,-56.225,-74.360,1.524
2012-05-05-00_40_34.163,163,6,17,1,-56.198,-74.263,1.424
2012-05-05-00_40_34.163,163,6,17,1,-56.298,-74.343,1.524
2012-05-05-00_40_34.164,163,7,17,1,-65.193,-74.279,2.224
2012-05-05-00_40_34.165,163,7,17,1,-65.200,-74.277,2.224
2012-05-05-00_40_34.166,163,7,17,1,-65.180,-74.178,2.224
2012-05-05-00_40_34.167,163,0,18,0,2.265,-78.779,2.033
2012-05-05-00_40_34.167,163,0,18,0,2.290,-78.689,2.033
2012-05-05-00_40_34.168,163,0,18,0,2.190,-78.755,2.033
2012-05-05-00_40_34.169,163,1,18,0,-6.750,-78.789,1.933
2012-05-05-00_40_34.170,163,1,18,0,-6.831,-78.770,1.933
2012-05-05-00_40_34.171,163,1,18,0,-6.772,-78.704,1.833
2012-05-05-00_40_34.172,163,2,18,0,-15.700,-78.708,1.433
2012-05-05-00_40_34.173,163,2,18,0,-15.775,-78.685,1.433
2012-05-05-00_40_34.173,163,2,18,0,-15.721,-78.640,1.533
2012-05-05-00_40_34.174,163,3,18,0,-24.722,-78.791,1.833
2012-05-05-00_40_34.175,163,3,18,0,-24.697,-78.701,1.833
2012-05-05-00_40_34.176,163,3,18,0,-24.797,-78.767,1.833
2012-05-05-00_40_34.177,163,4,18,0,-33.718,-78.793,1.233
2012-05-05-00_40_34.177,163,4,18,0,-33.693,-78.703,1.233
2012-05-05-00_40_34.178,163,4,18,0,-33.794,-78.769,1.133
2012-05-05-00_40_34.179,163,5,18,0,-42.737,-78.789,1.833
2012-05-05-00_40_34.180,163,5,18,0,-42.684,-78.838,1.633
2012-05-05-00_40_34.181,163,5,18,0,-42.783,-78.809,1.733
2012-05-05-00_40_34.181,163,6,18,0,-51.764,-78.853,1.533
2012-05-05-00_40_34.182,163,6,18,0,-51.739,-78.764,1.633
2012-05-05-00_40_34.183,163,6,18,0,-51.839,-78.830,1.633
2012-05-05-00_40_34.184,163,7,18,0,-60.658,-78.789,2.333
2012-05-05-00_40_34.184,163,7,18,0,-60.734,-78.766,2.433
2012-05-05-00_40_34.185,163,7,18,0,-60.680,-78.720,2.333
2012-05-05-00_40_34.185,163,0,18,1,-2.197,-78.788,2.042
2012-05-05-00_40_34.186,163,0,18,1,-2.167,-78.689,2.042
2012-05-05-00_40_34.187,163,0,18,1,-2.270,-78.766,2.041
2012-05-05-00_40_34.187,163,1,18,1,-11.212,-78.788,1.842
2012-05-05-00_40_34.188,163,1,18,1,-11.341,-78.721,1.942
2012-05-05-00_40_34.189,163,1,18,1,-11.236,-78.703,1.941
2012-05-05-00_40_34.189,163,2,18,1,-20.162,-78.718,1.442
2012-05-05-00_40_34.190,163,2,18,1,-20.235,-78.696,1.441
2012-05-05-00_40_34.191,163,2,18,1,-20.242,-78.693,1.441
2012-05-05-00_40_34.191,163,3,18,1,-29.184,-78.800,1.542
2012-05-05-00_40_34.192,163,3,18,1,-29.154,-78.701,1.742
2012-05-05-00_40_34.192,163,3,18,1,-29.257,-78.778,1.841
2012-05-05-00_40_34.193,163,4,18,1,-38.180,-78.802,1.242
2012-05-05-00_40_34.194,163,4,18,1,-38.150,-78.703,1.242
2012-05-05-00_40_34.195,163,4,18,1,-38.253,-78.780,1.241
2012-05-05-00_40_34.196,163,5,18,1,-47.194,-78.789,1.642
2012-05-05-00_40_34.196,163,5,18,1,-47.284,-78.764,1.641
2012-05-05-00_40_34.197,163,5,18,1,-47.253,-78.792,1.741
2012-05-05-00_40_34.198,163,6,18,1,-56.226,-78.862,1.642
2012-05-05-00_40_34.199,163,6,18,1,-56.196,-78.764,1.642
2012-05-05-00_40_34.200,163,6,18,1,-56.299,-78.840,1.641
2012-05-05-00_40_34.200,163,7,18,1,-65.193,-78.777,2.341
2012-05-05-00_40_34.201,163,7,18,1,-65.201,-78.774,2.341
2012-05-05-00_40_34.202,163,7,18,1,-65.181,-78.675,2.341
2012-05-05-00_40_34.203,163,0,19,0,2.265,-83.281,2.053
2012-05-05-00_40_34.204,163,0,19,0,2.295,-83.196,1.953
2012-05-05-00_40_34.205,163,0,19,0,2.187,-83.253,1.953
2012-05-05-00_40_34.206,163,1,19,0,-6.751,-83.290,1.953
2012-05-05-00_40_34.207,163,1,19,0,-6.829,-83.268,1.953
2012-05-05-00_40_34.207,163,1,19,0,-6.770,-83.212,1.953
2012-05-05-00_40_34.208,163,2,19,0,-15.700,-83.211,1.453
2012-05-05-00_40_34.209,163,2,19,0,-15.778,-83.183,1.453
2012-05-05-00_40_34.210,163,2,19,0,-15.721,-83.142,1.453
2012-05-05-00_40_34.211,163,3,19,0,-24.722,-83.294,1.853
2012-05-05-00_40_34.211,163,3,19,0,-24.692,-83.208,1.853
2012-05-05-00_40_34.212,163,3,19,0,-24.800,-83.266,1.853
2012-05-05-00_40_34.213,163,4,19,0,-33.719,-83.295,1.153
2012-05-05-00_40_34.214,163,4,19,0,-33.689,-83.210,1.153
2012-05-05-00_40_34.214,163,4,19,0,-33.797,-83.267,1.153
2012-05-05-00_40_34.215,163,5,19,0,-42.732,-83.296,1.853
2012-05-05-00_40_34.216,163,5,19,0,-42.681,-83.336,1.653
2012-05-05-00_40_34.217,163,5,19,0,-42.784,-83.312,1.853
2012-05-05-00_40_34.217,163,6,19,0,-51.764,-83.356,1.553
2012-05-05-00_40_34.219,163,6,19,0,-51.734,-83.270,1.553
2012-05-05-00_40_34.220,163,6,19,0,-51.683,-83.311,1.553
2012-05-05-00_40_34.221,163,7,19,0,-60.659,-83.292,2.453
2012-05-05-00_40_34.222,163,7,19,0,-60.737,-83.264,2.453
2012-05-05-00_40_34.223,163,7,19,0,-60.680,-83.223,2.353
2012-05-05-00_40_34.224,163,0,19,1,-2.197,-83.292,2.065
2012-05-05-00_40_34.225,163,0,19,1,-2.170,-83.196,2.065
2012-05-05-00_40_34.225,163,0,19,1,-2.270,-83.266,2.065
2012-05-05-00_40_34.227,163,1,19,1,-11.213,-83.291,1.865
2012-05-05-00_40_34.227,163,1,19,1,-11.344,-83.227,1.865
2012-05-05-00_40_34.228,163,1,19,1,-11.237,-83.210,1.865
2012-05-05-00_40_34.228,163,2,19,1,-20.162,-83.222,1.565
2012-05-05-00_40_34.229,163,2,19,1,-20.235,-83.196,1.465
2012-05-05-00_40_34.231,163,2,19,1,-20.242,-83.195,1.465
2012-05-05-00_40_34.232,163,3,19,1,-29.184,-83.305,1.765
2012-05-05-00_40_34.233,163,3,19,1,-29.157,-83.208,1.865
2012-05-05-00_40_34.233,163,3,19,1,-29.257,-83.278,1.865
2012-05-05-00_40_34.234,163,4,19,1,-38.181,-83.306,1.265
2012-05-05-00_40_34.235,163,4,19,1,-38.153,-83.210,1.265
2012-05-05-00_40_34.236,163,4,19,1,-38.254,-83.280,1.265
2012-05-05-00_40_34.236,163,5,19,1,-47.197,-83.296,1.665
2012-05-05-00_40_34.237,163,5,19,1,-47.285,-83.270,1.665
2012-05-05-00_40_34.238,163,5,19,1,-47.253,-83.298,1.665
2012-05-05-00_40_34.239,163,6,19,1,-56.226,-83.367,1.565
2012-05-05-00_40_34.240,163,6,19,1,-56.199,-83.270,1.665
2012-05-05-00_40_34.240,163,6,19,1,-56.299,-83.341,1.565
2012-05-05-00_40_34.241,163,7,19,1,-65.194,-83.277,2.365
2012-05-05-00_40_34.242,163,7,19,1,-65.201,-83.276,2.365
2012-05-05-00_40_34.243,163,7,19,1,-65.181,-83.181,2.365
2012-05-05-00_40_34.244,163,0,20,0,2.264,-87.783,2.078
2012-05-05-00_40_34.245,163,0,20,0,2.294,-87.696,2.078
2012-05-05-00_40_34.245,163,0,20,0,2.187,-87.753,1.978
2012-05-05-00_40_34.246,163,1,20,0,-6.754,-87.794,1.878
2012-05-05-00_40_34.247,163,1,20,0,-6.829,-87.768,1.978
2012-05-05-00_40_34.248,163,1,20,0,-6.770,-87.715,1.878
2012-05-05-00_40_34.249,163,2,20,0,-15.700,-87.713,1.578
2012-05-05-00_40_34.249,163,2,20,0,-15.778,-87.683,1.478
2012-05-05-00_40_34.250,163,2,20,0,-15.719,-87.640,1.478
2012-05-05-00_40_34.250,163,3,20,0,-24.722,-87.796,1.878
2012-05-05-00_40_34.251,163,3,20,0,-24.693,-87.708,1.978
2012-05-05-00_40_34.252,163,3,20,0,-24.800,-87.766,1.878
2012-05-05-00_40_34.253,163,4,20,0,-33.719,-87.797,1.178
2012-05-05-00_40_34.254,163,4,20,0,-33.689,-87.710,1.178
2012-05-05-00_40_34.254,163,4,20,0,-33.797,-87.767,1.078
2012-05-05-00_40_34.256,163,5,20,0,-42.733,-87.796,1.778
2012-05-05-00_40_34.257,163,5,20,0,-42.682,-87.836,1.578
2012-05-05-00_40_34.258,163,5,20,0,-42.782,-87.810,1.778
2012-05-05-00_40_34.259,163,6,20,0,-51.765,-87.858,1.578
2012-05-05-00_40_34.259,163,6,20,0,-51.735,-87.771,1.578
2012-05-05-00_40_34.261,163,6,20,0,-51.684,-87.810,1.578
2012-05-05-00_40_34.261,163,7,20,0,-60.659,-87.794,2.378
2012-05-05-00_40_34.262,163,7,20,0,-60.737,-87.764,2.378
2012-05-05-00_40_34.263,163,7,20,0,-60.678,-87.721,2.378
2012-05-05-00_40_34.263,163,0,20,1,-2.193,-87.791,1.987
2012-05-05-00_40_34.265,163,0,20,1,-2.170,-87.696,1.987
2012-05-05-00_40_34.265,163,0,20,1,-2.268,-87.782,1.987
2012-05-05-00_40_34.266,163,1,20,1,-11.213,-87.794,12.987
2012-05-05-00_40_34.266,163,2,20,1,-20.158,-87.721,1.487
2012-05-05-00_40_34.267,163,2,20,1,-20.233,-87.712,1.487
2012-05-05-00_40_34.268,163,2,20,1,-20.243,-87.703,1.587
2012-05-05-00_40_34.269,163,3,20,1,-29.180,-87.803,1.687
2012-05-05-00_40_34.269,163,3,20,1,-29.157,-87.708,1.887
2012-05-05-00_40_34.270,163,3,20,1,-29.255,-87.795,1.887
2012-05-05-00_40_34.272,163,4,20,1,-38.176,-87.805,1.287
2012-05-05-00_40_34.273,163,4,20,1,-38.154,-87.710,1.287
2012-05-05-00_40_34.274,163,4,20,1,-38.252,-87.796,1.287
2012-05-05-00_40_34.275,163,5,20,1,-47.197,-87.796,1.787
2012-05-05-00_40_34.275,163,5,20,1,-47.246,-87.810,1.787
2012-05-05-00_40_34.276,163,6,20,1,-56.222,-87.866,1.587
2012-05-05-00_40_34.277,163,6,20,1,-56.199,-87.770,1.687
2012-05-05-00_40_34.278,163,6,20,1,-56.297,-87.857,1.587
2012-05-05-00_40_34.279,163,7,20,1,-65.192,-87.793,2.387
2012-05-05-00_40_34.280,163,7,20,1,-65.202,-87.784,2.387
2012-05-05-00_40_34.281,163,7,20,1,-65.143,-87.721,2.387
2012-05-05-00_40_34.281,163,0,21,0,2.266,-92.283,2.096
2012-05-05-00_40_34.282,163,0,21,0,2.294,-92.190,2.096
2012-05-05-00_40_34.283,163,0,21,0,2.186,-92.257,2.096
2012-05-05-00_40_34.284,163,1,21,0,-6.754,-92.295,1.896
2012-05-05-00_40_34.285,163,1,21,0,-6.830,-92.269,1.896
2012-05-05-00_40_34.285,163,1,21,0,-6.773,-92.210,1.896
2012-05-05-00_40_34.286,163,2,21,0,-15.698,-92.213,1.396
2012-05-05-00_40_34.287,163,2,21,0,-15.779,-92.187,1.396
2012-05-05-00_40_34.287,163,2,21,0,-15.754,-92.197,1.396
2012-05-05-00_40_34.288,163,3,21,0,-24.720,-92.295,1.896
2012-05-05-00_40_34.288,163,3,21,0,-24.693,-92.203,1.896
2012-05-05-00_40_34.289,163,3,21,0,-24.801,-92.269,1.896
2012-05-05-00_40_34.290,163,4,21,0,-33.717,-92.297,1.196
2012-05-05-00_40_34.290,163,4,21,0,-33.690,-92.204,1.196
2012-05-05-00_40_34.291,163,4,21,0,-33.797,-92.271,1.196
2012-05-05-00_40_34.292,163,5,21,0,-42.733,-92.290,1.896
2012-05-05-00_40_34.292,163,5,21,0,-42.682,-92.337,1.596
2012-05-05-00_40_34.293,163,5,21,0,-42.780,-92.304,1.896
2012-05-05-00_40_34.294,163,6,21,0,-51.762,-92.357,1.496
2012-05-05-00_40_34.295,163,6,21,0,-51.735,-92.265,1.496
2012-05-05-00_40_34.295,163,6,21,0,-51.684,-92.312,1.596
2012-05-05-00_40_34.296,163,7,21,0,-60.657,-92.293,2.396
2012-05-05-00_40_34.297,163,7,21,0,-60.737,-92.268,2.296
2012-05-05-00_40_34.298,163,7,21,0,-60.676,-92.215,2.396
2012-05-05-00_40_34.299,163,0,21,1,-2.193,-92.289,2.105
2012-05-05-00_40_34.299,163,0,21,1,-2.168,-92.190,2.104
2012-05-05-00_40_34.301,163,0,21,1,-2.269,-92.270,2.004
2012-05-05-00_40_34.302,163,1,21,1,-11.214,-92.295,2.005
2012-05-05-00_40_34.303,163,1,21,1,-11.342,-92.222,5.804
2012-05-05-00_40_34.304,163,1,21,1,-11.235,-92.209,2.004
2012-05-05-00_40_34.304,163,2,21,1,-20.158,-92.219,1.405
2012-05-05-00_40_34.305,163,2,21,1,-20.234,-92.200,1.504
2012-05-05-00_40_34.306,163,2,21,1,-20.241,-92.199,1.504
2012-05-05-00_40_34.306,163,3,21,1,-29.180,-92.301,1.605
2012-05-05-00_40_34.307,163,3,21,1,-29.155,-92.202,1.704
2012-05-05-00_40_34.307,163,3,21,1,-29.256,-92.283,1.804
2012-05-05-00_40_34.308,163,4,21,1,-38.177,-92.303,1.205
2012-05-05-00_40_34.309,163,4,21,1,-38.152,-92.204,2.504
2012-05-05-00_40_34.310,163,4,21,1,-38.252,-92.284,1.204
2012-05-05-00_40_34.310,163,5,21,1,-47.195,-92.290,3.104
2012-05-05-00_40_34.312,163,5,21,1,-47.283,-92.270,1.604
2012-05-05-00_40_34.314,163,5,21,1,-47.251,-92.291,1.604
2012-05-05-00_40_34.315,163,6,21,1,-56.222,-92.364,1.505
2012-05-05-00_40_34.315,163,6,21,1,-56.197,-92.264,1.404
2012-05-05-00_40_34.316,163,6,21,1,-56.298,-92.345,1.604
2012-05-05-00_40_34.317,163,7,21,1,-65.192,-92.281,2.204
2012-05-05-00_40_34.317,163,7,21,1,-65.200,-92.280,2.304
2012-05-05-00_40_34.318,163,7,21,1,-65.179,-92.181,2.304
2012-05-05-00_40_34.319,163,0,22,0,2.256,-96.779,2.016
2012-05-05-00_40_34.320,163,0,22,0,2.296,-96.691,2.016
2012-05-05-00_40_34.322,163,0,22,0,2.186,-96.758,2.016
2012-05-05-00_40_34.323,163,1,22,0,-6.754,-96.794,1.916
2012-05-05-00_40_34.323,163,1,22,0,-6.830,-96.775,1.916
2012-05-05-00_40_34.324,163,1,22,0,-6.776,-96.708,1.916
2012-05-05-00_40_34.325,163,2,22,0,-15.709,-96.709,1.316
2012-05-05-00_40_34.325,163,2,22,0,-15.779,-96.688,1.416
2012-05-05-00_40_34.326,163,2,22,0,-15.718,-96.639,1.416
2012-05-05-00_40_34.326,163,3,22,0,-24.731,-96.791,1.816
2012-05-05-00_40_34.327,163,3,22,0,-24.691,-96.704,1.816
2012-05-05-00_40_34.328,163,3,22,0,-24.801,-96.770,1.816
2012-05-05-00_40_34.329,163,4,22,0,-33.727,-96.793,1.116
2012-05-05-00_40_34.329,163,4,22,0,-33.688,-96.705,1.116
2012-05-05-00_40_34.330,163,4,22,0,-33.798,-96.772,1.116
2012-05-05-00_40_34.331,163,5,22,0,-42.731,-96.791,1.816
2012-05-05-00_40_34.332,163,5,22,0,-42.683,-96.843,1.616
2012-05-05-00_40_34.332,163,5,22,0,-42.780,-96.809,1.916
2012-05-05-00_40_34.333,163,6,22,0,-51.773,-96.854,1.516
2012-05-05-00_40_34.334,163,6,22,0,-51.733,-96.766,1.516
2012-05-05-00_40_34.335,163,6,22,0,-51.685,-96.818,1.616
2012-05-05-00_40_34.335,163,7,22,0,-60.667,-96.790,2.316
2012-05-05-00_40_34.337,163,7,22,0,-60.738,-96.769,2.316
2012-05-05-00_40_34.337,163,7,22,0,-60.677,-96.720,2.316
2012-05-05-00_40_34.338,163,0,22,1,-2.194,-96.786,2.125
2012-05-05-00_40_34.339,163,0,22,1,-2.168,-96.691,2.025
2012-05-05-00_40_34.339,163,0,22,1,-2.264,-96.768,2.025
2012-05-05-00_40_34.340,163,1,22,1,-11.214,-96.794,1.925
2012-05-05-00_40_34.341,163,1,22,1,-11.343,-96.723,1.925
2012-05-05-00_40_34.342,163,1,22,1,-11.235,-96.708,1.925
2012-05-05-00_40_34.343,163,2,22,1,-20.158,-96.716,1.525
2012-05-05-00_40_34.343,163,2,22,1,-20.229,-96.698,1.525
2012-05-05-00_40_34.344,163,2,22,1,-20.236,-96.698,7.025
2012-05-05-00_40_34.345,163,3,22,1,-29.181,-96.798,1.625
2012-05-05-00_40_34.346,163,3,22,1,-29.155,-96.703,1.625
2012-05-05-00_40_34.346,163,3,22,1,-29.251,-96.781,1.625
2012-05-05-00_40_34.347,163,4,22,1,-38.177,-96.800,1.125
2012-05-05-00_40_34.348,163,4,22,1,-38.152,-96.705,1.225
2012-05-05-00_40_34.348,163,4,22,1,-38.248,-96.782,1.125
2012-05-05-00_40_34.349,163,5,22,1,-47.196,-96.791,1.625
2012-05-05-00_40_34.350,163,5,22,1,-47.281,-96.768,1.625
2012-05-05-00_40_34.351,163,5,22,1,-47.252,-96.790,1.725
2012-05-05-00_40_34.352,163,6,22,1,-56.223,-96.861,1.525
2012-05-05-00_40_34.353,163,6,22,1,-56.197,-96.766,1.625
2012-05-05-00_40_34.353,163,6,22,1,-56.293,-96.843,1.525
2012-05-05-00_40_34.354,163,7,22,1,-65.188,-96.779,2.125
2012-05-05-00_40_34.354,163,7,22,1,-65.195,-96.779,8.925
2012-05-05-00_40_34.355,163,7,22,1,-65.177,-96.679,2.325
2012-05-05-00_40_34.356,163,0,23,0,2.271,-101.279,1.940
2012-05-05-00_40_34.356,163,0,23,0,2.298,-101.191,2.040
2012-05-05-00_40_34.357,163,0,23,0,2.188,-101.255,2.040
2012-05-05-00_40_34.358,163,1,23,0,-6.757,-101.289,1.840
2012-05-05-00_40_34.358,163,1,23,0,-6.828,-101.270,1.840
2012-05-05-00_40_34.359,163,1,23,0,-6.774,-101.205,1.940
2012-05-05-00_40_34.360,163,2,23,0,-15.694,-101.208,1.340
2012-05-05-00_40_34.361,163,2,23,0,-15.777,-101.185,1.340
2012-05-05-00_40_34.361,163,2,23,0,-15.716,-101.140,1.240
2012-05-05-00_40_34.362,163,3,23,0,-24.716,-101.291,1.840
2012-05-05-00_40_34.363,163,3,23,0,-24.689,-101.203,1.840
2012-05-05-00_40_34.364,163,3,23,0,-24.799,-101.267,1.840
2012-05-05-00_40_34.365,163,4,23,0,-33.713,-101.293,1.140
2012-05-05-00_40_34.365,163,4,23,0,-33.685,-101.205,1.040
2012-05-05-00_40_34.366,163,4,23,0,-33.796,-101.269,1.140
2012-05-05-00_40_34.367,163,5,23,0,-42.729,-101.291,1.640
2012-05-05-00_40_34.368,163,5,23,0,-42.681,-101.338,1.540
2012-05-05-00_40_34.371,163,5,23,0,-42.778,-101.309,1.740
2012-05-05-00_40_34.372,163,6,23,0,-51.758,-101.353,1.540
2012-05-05-00_40_34.372,163,6,23,0,-51.731,-101.265,1.540
2012-05-05-00_40_34.373,163,6,23,0,-51.682,-101.313,1.540
2012-05-05-00_40_34.374,163,7,23,0,-60.653,-101.289,13.640
2012-05-05-00_40_34.375,163,7,23,0,-60.736,-101.266,2.240
2012-05-05-00_40_34.376,163,7,23,0,-60.675,-101.220,2.340
2012-05-05-00_40_34.377,163,0,23,1,-2.179,-101.276,2.040
2012-05-05-00_40_34.378,163,0,23,1,-2.169,-101.190,2.040
2012-05-05-00_40_34.379,163,0,23,1,-2.265,-101.265,2.040
2012-05-05-00_40_34.379,163,1,23,1,-11.354,-101.308,1.940
2012-05-05-00_40_34.380,163,1,23,1,-11.343,-101.222,1.940
2012-05-05-00_40_34.381,163,1,23,1,-11.236,-101.204,1.940
2012-05-05-00_40_34.382,163,2,23,1,-20.144,-101.206,1.440
2012-05-05-00_40_34.382,163,2,23,1,-20.230,-101.195,1.440
2012-05-05-00_40_34.383,163,2,23,1,-20.239,-101.194,1.340
2012-05-05-00_40_34.384,163,3,23,1,-29.166,-101.288,1.640
2012-05-05-00_40_34.385,163,3,23,1,-29.156,-101.202,1.740
2012-05-05-00_40_34.385,163,3,23,1,-29.252,-101.277,1.840
2012-05-05-00_40_34.386,163,4,23,1,-38.163,-101.290,1.140
2012-05-05-00_40_34.387,163,4,23,1,-38.152,-101.204,1.140
2012-05-05-00_40_34.387,163,4,23,1,-38.248,-101.279,1.140
2012-05-05-00_40_34.388,163,5,23,1,-47.196,-101.290,1.640
2012-05-05-00_40_34.389,163,5,23,1,-47.279,-101.266,1.640
2012-05-05-00_40_34.390,163,5,23,1,-47.252,-101.292,1.640
2012-05-05-00_40_34.390,163,6,23,1,-56.208,-101.351,1.640
2012-05-05-00_40_34.391,163,6,23,1,-56.198,-101.265,1.540
2012-05-05-00_40_34.392,163,6,23,1,-56.294,-101.339,1.540
2012-05-05-00_40_34.394,163,7,23,1,-65.188,-101.276,2.140
2012-05-05-00_40_34.395,163,7,23,1,-65.198,-101.275,2.140
2012-05-05-00_40_34.396,163,7,23,1,-65.175,-101.177,2.140
