2012-05-05-22_20_25.721,286,0,0,0,2.259,2.220,3.496
2012-05-05-22_20_25.722,286,1,0,0,-6.749,2.205,2.896
2012-05-05-22_20_25.723,286,2,0,0,-15.738,2.300,2.496
2012-05-05-22_20_25.724,286,3,0,0,-24.792,2.205,2.796
2012-05-05-22_20_25.725,286,4,0,0,-33.779,2.230,1.896
2012-05-05-22_20_25.725,286,5,0,0,-42.794,2.167,2.696
2012-05-05-22_20_25.726,286,6,0,0,-51.793,2.164,2.596
2012-05-05-22_20_25.727,286,7,0,0,-60.715,2.246,3.296
2012-05-05-22_20_25.728,286,0,0,1,-2.183,2.213,3.696
2012-05-05-22_20_25.755,286,1,0,1,-11.201,2.205,3.096
2012-05-05-22_20_25.757,286,2,0,1,-20.180,2.293,2.596
2012-05-05-22_20_25.758,286,3,0,1,-29.235,2.198,2.596
2012-05-05-22_20_25.759,286,4,0,1,-38.222,2.223,2.296
2012-05-05-22_20_25.760,286,5,0,1,-47.237,2.161,2.596
2012-05-05-22_20_25.763,286,6,0,1,-56.235,2.157,2.696
2012-05-05-22_20_25.764,286,7,0,1,-65.157,2.239,3.496
2012-05-05-22_20_25.765,286,0,1,0,2.274,-2.280,3.612
2012-05-05-22_20_25.766,286,1,1,0,-6.745,-2.290,3.112
2012-05-05-22_20_25.767,286,2,1,0,-15.723,-2.200,2.512
2012-05-05-22_20_25.768,286,3,1,0,-24.778,-2.295,2.812
2012-05-05-22_20_25.769,286,4,1,0,-33.765,-2.270,2.012
2012-05-05-22_20_25.770,286,5,1,0,-42.780,-2.333,2.512
2012-05-05-22_20_25.771,286,6,1,0,-51.779,-2.336,2.712
2012-05-05-22_20_25.772,286,7,1,0,-60.700,-2.254,3.212
2012-05-05-22_20_25.773,286,0,1,1,-2.186,-2.289,3.720
2012-05-05-22_20_25.773,286,1,1,1,-11.202,-2.289,3.119
2012-05-05-22_20_25.774,286,2,1,1,-20.183,-2.208,2.620
2012-05-05-22_20_25.775,286,3,1,1,-29.238,-2.304,2.520
2012-05-05-22_20_25.775,286,4,1,1,-38.225,-2.279,2.020
2012-05-05-22_20_25.776,286,5,1,1,-47.239,-2.341,2.520
2012-05-05-22_20_25.776,286,6,1,1,-56.238,-2.345,2.720
2012-05-05-22_20_25.777,286,7,1,1,-65.160,-2.262,3.320
2012-05-05-22_20_25.778,286,0,2,0,2.271,-6.784,3.628
2012-05-05-22_20_25.778,286,1,2,0,-6.745,-6.787,3.228
2012-05-05-22_20_25.779,286,2,2,0,-15.726,-6.704,2.628
2012-05-05-22_20_25.779,286,3,2,0,-24.781,-6.799,2.828
2012-05-05-22_20_25.780,286,4,2,0,-33.768,-6.774,2.228
2012-05-05-22_20_25.780,286,5,2,0,-42.783,-6.837,2.828
2012-05-05-22_20_25.781,286,6,2,0,-51.781,-6.840,2.728
2012-05-05-22_20_25.781,286,7,2,0,-60.703,-6.758,3.528
2012-05-05-22_20_25.782,286,0,2,1,-2.186,-6.792,3.637
2012-05-05-22_20_25.782,286,1,2,1,-11.200,-6.787,3.237
2012-05-05-22_20_25.783,286,2,2,1,-20.184,-6.712,2.637
2012-05-05-22_20_25.783,286,3,2,1,-29.238,-6.808,2.737
2012-05-05-22_20_25.784,286,4,2,1,-38.225,-6.783,2.337
2012-05-05-22_20_25.785,286,5,2,1,-47.240,-6.845,2.637
2012-05-05-22_20_25.786,286,6,2,1,-56.239,-6.848,2.837
2012-05-05-22_20_25.787,286,7,2,1,-65.161,-6.766,3.437
2012-05-05-22_20_25.796,286,0,3,0,2.270,-11.282,3.647
2012-05-05-22_20_25.799,286,1,3,0,-6.741,-11.286,3.247
2012-05-05-22_20_25.800,286,2,3,0,-15.727,-11.202,2.647
2012-05-05-22_20_25.801,286,3,3,0,-24.781,-11.297,2.847
2012-05-05-22_20_25.802,286,4,3,0,-33.769,-11.272,2.347
2012-05-05-22_20_25.803,286,5,3,0,-42.783,-11.334,2.747
2012-05-05-22_20_25.804,286,6,3,0,-51.782,-11.338,2.847
2012-05-05-22_20_25.804,286,7,3,0,-60.704,-11.256,3.347
2012-05-05-22_20_25.805,286,0,3,1,-2.187,-11.289,3.659
2012-05-05-22_20_25.807,286,1,3,1,-11.200,-11.286,3.159
2012-05-05-22_20_25.809,286,2,3,1,-20.184,-11.208,2.659
2012-05-05-22_20_25.810,286,3,3,1,-29.239,-11.304,2.759
2012-05-05-22_20_25.811,286,4,3,1,-38.226,-11.279,2.459
2012-05-05-22_20_25.812,286,5,3,1,-47.240,-11.341,2.559
2012-05-05-22_20_25.813,286,6,3,1,-56.239,-11.345,2.859
2012-05-05-22_20_25.815,286,7,3,1,-65.161,-11.262,3.359
2012-05-05-22_20_25.816,286,0,4,0,2.270,-15.782,3.673
2012-05-05-22_20_25.817,286,1,4,0,-6.741,-15.794,3.273
2012-05-05-22_20_25.819,286,2,4,0,-15.727,-15.701,2.673
2012-05-05-22_20_25.820,286,3,4,0,-24.782,-15.797,2.873
2012-05-05-22_20_25.821,286,4,4,0,-33.769,-15.772,2.073
2012-05-05-22_20_25.822,286,5,4,0,-42.784,-15.834,2.473
2012-05-05-22_20_25.823,286,6,4,0,-51.782,-15.838,2.673
2012-05-05-22_20_25.823,286,7,4,0,-60.704,-15.755,3.473
2012-05-05-22_20_25.824,286,0,4,1,-2.187,-15.789,3.683
2012-05-05-22_20_25.825,286,1,4,1,-11.203,-15.793,3.182
2012-05-05-22_20_25.826,286,2,4,1,-20.184,-15.708,2.683
2012-05-05-22_20_25.827,286,3,4,1,-29.239,-15.804,2.883
2012-05-05-22_20_25.828,286,4,4,1,-38.226,-15.779,2.083
2012-05-05-22_20_25.829,286,5,4,1,-47.241,-15.841,2.583
2012-05-05-22_20_25.830,286,6,4,1,-56.239,-15.845,2.683
2012-05-05-22_20_25.831,286,7,4,1,-65.161,-15.762,3.283
2012-05-05-22_20_25.832,286,0,5,0,2.270,-20.280,3.691
2012-05-05-22_20_25.833,286,1,5,0,-6.739,-20.297,3.191
2012-05-05-22_20_25.835,286,2,5,0,-15.728,-20.199,2.691
2012-05-05-22_20_25.836,286,3,5,0,-24.782,-20.295,2.791
2012-05-05-22_20_25.837,286,4,5,0,-33.769,-20.270,2.191
2012-05-05-22_20_25.838,286,5,5,0,-42.784,-20.332,2.691
2012-05-05-22_20_25.839,286,6,5,0,-51.783,-20.336,2.691
2012-05-05-22_20_25.840,286,7,5,0,-60.705,-20.253,3.291
2012-05-05-22_20_25.841,286,0,5,1,-2.185,-20.288,3.700
2012-05-05-22_20_25.842,286,1,5,1,-11.206,-20.296,3.200
2012-05-05-22_20_25.842,286,2,5,1,-20.182,-20.208,2.600
2012-05-05-22_20_25.843,286,3,5,1,-29.237,-20.303,2.800
2012-05-05-22_20_25.845,286,4,5,1,-38.224,-20.278,2.100
2012-05-05-22_20_25.846,286,5,5,1,-47.239,-20.340,2.500
2012-05-05-22_20_25.846,286,6,5,1,-56.237,-20.344,2.800
2012-05-05-22_20_25.847,286,7,5,1,-65.159,-20.262,3.500
2012-05-05-22_20_25.848,286,0,6,0,2.269,-24.780,3.710
2012-05-05-22_20_25.849,286,1,6,0,-6.739,-24.791,3.210
2012-05-05-22_20_25.850,286,2,6,0,-15.728,-24.700,2.710
2012-05-05-22_20_25.851,286,3,6,0,-24.783,-24.795,2.910
2012-05-05-22_20_25.852,286,4,6,0,-33.770,-24.770,2.010
2012-05-05-22_20_25.854,286,5,6,0,-42.784,-24.833,2.610
2012-05-05-22_20_25.855,286,6,6,0,-51.783,-24.836,2.710
2012-05-05-22_20_25.857,286,7,6,0,-60.705,-24.754,3.510
2012-05-05-22_20_25.858,286,0,6,1,-2.183,-24.789,3.722
2012-05-05-22_20_25.858,286,1,6,1,-11.209,-24.790,3.222
2012-05-05-22_20_25.859,286,2,6,1,-20.180,-24.709,2.722
2012-05-05-22_20_25.860,286,3,6,1,-29.235,-24.804,2.922
2012-05-05-22_20_25.864,286,4,6,1,-38.222,-24.779,2.122
2012-05-05-22_20_25.865,286,5,6,1,-47.237,-24.841,2.622
2012-05-05-22_20_25.865,286,6,6,1,-56.235,-24.845,2.922
2012-05-05-22_20_25.866,286,7,6,1,-65.157,-24.763,3.522
2012-05-05-22_20_25.867,286,0,7,0,2.271,-29.283,3.735
2012-05-05-22_20_25.868,286,1,7,0,-6.740,-29.287,3.135
2012-05-05-22_20_25.869,286,2,7,0,-15.726,-29.203,2.735
2012-05-05-22_20_25.871,286,3,7,0,-24.781,-29.299,2.935
2012-05-05-22_20_25.872,286,4,7,0,-33.768,-29.274,2.435
2012-05-05-22_20_25.873,286,5,7,0,-42.782,-29.336,2.635
2012-05-05-22_20_25.873,286,6,7,0,-51.781,-29.340,2.935
2012-05-05-22_20_25.874,286,7,7,0,-60.703,-29.257,3.535
2012-05-05-22_20_25.876,286,0,7,1,-2.181,-29.291,3.745
2012-05-05-22_20_25.877,286,1,7,1,-11.212,-29.287,3.345
2012-05-05-22_20_25.878,286,2,7,1,-20.178,-29.211,2.745
2012-05-05-22_20_25.878,286,3,7,1,-29.233,-29.306,2.945
2012-05-05-22_20_25.879,286,4,7,1,-38.220,-29.281,2.345
2012-05-05-22_20_25.880,286,5,7,1,-47.235,-29.344,2.745
2012-05-05-22_20_25.881,286,6,7,1,-56.233,-29.347,2.945
2012-05-05-22_20_25.882,286,7,7,1,-65.155,-29.265,3.645
2012-05-05-22_20_25.883,286,0,8,0,2.273,-33.782,3.754
2012-05-05-22_20_25.885,286,1,8,0,-6.743,-33.785,3.254
2012-05-05-22_20_25.886,286,2,8,0,-15.724,-33.702,2.654
2012-05-05-22_20_25.888,286,3,8,0,-24.779,-33.797,2.954
2012-05-05-22_20_25.889,286,4,8,0,-33.766,-33.772,2.454
2012-05-05-22_20_25.890,286,5,8,0,-42.780,-33.835,2.654
2012-05-05-22_20_25.892,286,6,8,0,-51.779,-33.838,2.854
2012-05-05-22_20_25.893,286,7,8,0,-60.701,-33.756,3.454
2012-05-05-22_20_25.894,286,0,8,1,-2.184,-33.788,3.763
2012-05-05-22_20_25.894,286,1,8,1,-11.212,-33.784,3.262
2012-05-05-22_20_25.895,286,2,8,1,-20.181,-33.707,2.763
2012-05-05-22_20_25.896,286,3,8,1,-29.236,-33.803,2.963
2012-05-05-22_20_25.897,286,4,8,1,-38.223,-33.778,2.463
2012-05-05-22_20_25.898,286,5,8,1,-47.238,-33.840,2.763
2012-05-05-22_20_25.899,286,6,8,1,-56.236,-33.844,2.863
2012-05-05-22_20_25.900,286,7,8,1,-65.158,-33.761,3.563
2012-05-05-22_20_25.901,286,0,9,0,2.275,-38.282,3.773
2012-05-05-22_20_25.902,286,1,9,0,-6.746,-38.293,3.373
2012-05-05-22_20_25.903,286,2,9,0,-15.722,-38.201,2.773
2012-05-05-22_20_25.905,286,3,9,0,-24.777,-38.297,2.973
2012-05-05-22_20_25.906,286,4,9,0,-33.764,-38.272,2.273
2012-05-05-22_20_25.907,286,5,9,0,-42.778,-38.334,2.673
2012-05-05-22_20_25.908,286,6,9,0,-51.777,-38.338,2.873
2012-05-05-22_20_25.909,286,7,9,0,-60.699,-38.255,3.373
2012-05-05-22_20_25.911,286,0,9,1,-2.185,-38.288,3.685
2012-05-05-22_20_25.912,286,1,9,1,-11.213,-38.292,3.185
2012-05-05-22_20_25.913,286,2,9,1,-20.182,-38.208,2.785
2012-05-05-22_20_25.915,286,3,9,1,-29.236,-38.303,2.785
2012-05-05-22_20_25.916,286,4,9,1,-38.223,-38.278,2.185
2012-05-05-22_20_25.917,286,5,9,1,-47.238,-38.340,2.785
2012-05-05-22_20_25.918,286,6,9,1,-56.237,-38.344,2.985
2012-05-05-22_20_25.919,286,7,9,1,-65.159,-38.262,3.585
2012-05-05-22_20_25.920,286,0,10,0,2.275,-42.780,3.798
2012-05-05-22_20_25.921,286,1,10,0,-6.748,-42.796,3.298
2012-05-05-22_20_25.922,286,2,10,0,-15.722,-42.699,2.798
2012-05-05-22_20_25.922,286,3,10,0,-24.777,-42.795,2.998
2012-05-05-22_20_25.924,286,4,10,0,-33.764,-42.770,2.198
2012-05-05-22_20_25.924,286,5,10,0,-42.779,-42.832,2.798
2012-05-05-22_20_25.927,286,6,10,0,-51.777,-42.836,2.998
2012-05-05-22_20_25.930,286,7,10,0,-60.699,-42.753,3.498
2012-05-05-22_20_25.930,286,0,10,1,-2.187,-42.788,3.808
2012-05-05-22_20_25.931,286,1,10,1,-11.213,-42.795,3.308
2012-05-05-22_20_25.933,286,2,10,1,-20.184,-42.707,2.708
2012-05-05-22_20_25.933,286,3,10,1,-29.239,-42.803,3.008
2012-05-05-22_20_25.934,286,4,10,1,-38.226,-42.778,2.408
2012-05-05-22_20_25.937,286,5,10,1,-47.241,-42.840,2.808
2012-05-05-22_20_25.938,286,6,10,1,-56.240,-42.844,2.908
2012-05-05-22_20_25.939,286,7,10,1,-65.162,-42.761,3.508
2012-05-05-22_20_25.939,286,0,11,0,2.277,-47.280,3.717
2012-05-05-22_20_25.941,286,1,11,0,-6.749,-47.290,3.317
2012-05-05-22_20_25.941,286,2,11,0,-15.720,-47.200,2.817
2012-05-05-22_20_25.942,286,3,11,0,-24.775,-47.295,3.017
2012-05-05-22_20_25.943,286,4,11,0,-33.762,-47.270,2.317
2012-05-05-22_20_25.944,286,5,11,0,-42.777,-47.332,2.717
2012-05-05-22_20_25.945,286,6,11,0,-51.775,-47.336,3.017
2012-05-05-22_20_25.947,286,7,11,0,-60.697,-47.254,3.417
2012-05-05-22_20_25.949,286,0,11,1,-2.190,-47.289,3.826
2012-05-05-22_20_25.949,286,1,11,1,-11.213,-47.290,3.326
2012-05-05-22_20_25.950,286,2,11,1,-20.187,-47.209,2.826
2012-05-05-22_20_25.953,286,3,11,1,-29.242,-47.305,2.826
2012-05-05-22_20_25.953,286,4,11,1,-38.229,-47.280,2.526
2012-05-05-22_20_25.954,286,5,11,1,-47.244,-47.342,2.826
2012-05-05-22_20_25.956,286,6,11,1,-56.242,-47.346,3.026
2012-05-05-22_20_25.956,286,7,11,1,-65.164,-47.263,3.626
2012-05-05-22_20_25.958,286,0,12,0,2.276,-51.784,3.736
2012-05-05-22_20_25.958,286,1,12,0,-6.752,-51.788,3.336
2012-05-05-22_20_25.960,286,2,12,0,-15.721,-51.704,2.836
2012-05-05-22_20_25.962,286,3,12,0,-24.776,-51.799,2.936
2012-05-05-22_20_25.963,286,4,12,0,-33.763,-51.774,2.236
2012-05-05-22_20_25.964,286,5,12,0,-42.777,-51.837,2.736
2012-05-05-22_20_25.965,286,6,12,0,-51.776,-51.840,2.936
2012-05-05-22_20_25.967,286,7,12,0,-60.698,-51.758,3.436
2012-05-05-22_20_25.968,286,0,12,1,-2.188,-51.792,3.849
2012-05-05-22_20_25.969,286,1,12,1,-11.211,-51.788,3.349
2012-05-05-22_20_25.970,286,2,12,1,-20.185,-51.712,2.849
2012-05-05-22_20_25.971,286,3,12,1,-29.240,-51.807,2.849
2012-05-05-22_20_25.973,286,4,12,1,-38.227,-51.782,2.549
2012-05-05-22_20_25.974,286,5,12,1,-47.242,-51.845,2.849
2012-05-05-22_20_25.975,286,6,12,1,-56.240,-51.848,3.049
2012-05-05-22_20_25.977,286,7,12,1,-65.162,-51.766,3.649
2012-05-05-22_20_25.978,286,0,13,0,2.276,-56.282,3.762
2012-05-05-22_20_25.980,286,1,13,0,-6.752,-56.286,3.362
2012-05-05-22_20_25.981,286,2,13,0,-15.721,-56.202,2.762
2012-05-05-22_20_25.981,286,3,13,0,-24.776,-56.297,2.962
2012-05-05-22_20_25.983,286,4,13,0,-33.763,-56.272,2.362
2012-05-05-22_20_25.984,286,5,13,0,-42.778,-56.335,2.762
2012-05-05-22_20_25.985,286,6,13,0,-51.776,-56.338,2.862
2012-05-05-22_20_25.986,286,7,13,0,-60.698,-56.256,3.462
2012-05-05-22_20_25.988,286,0,13,1,-2.191,-56.288,3.872
2012-05-05-22_20_25.989,286,1,13,1,-11.212,-56.286,3.371
2012-05-05-22_20_25.990,286,2,13,1,-20.188,-56.208,2.872
2012-05-05-22_20_25.992,286,3,13,1,-29.243,-56.303,2.772
2012-05-05-22_20_25.993,286,4,13,1,-38.230,-56.278,2.372
2012-05-05-22_20_25.994,286,5,13,1,-47.245,-56.341,2.872
2012-05-05-22_20_25.994,286,6,13,1,-56.243,-56.344,2.972
2012-05-05-22_20_25.995,286,7,13,1,-65.165,-56.262,3.672
2012-05-05-22_20_25.997,286,0,14,0,2.275,-60.782,3.779
2012-05-05-22_20_25.997,286,1,14,0,-6.753,-60.793,3.379
2012-05-05-22_20_25.999,286,2,14,0,-15.722,-60.702,2.779
2012-05-05-22_20_26.002,286,3,14,0,-24.776,-60.798,2.979
2012-05-05-22_20_26.003,286,4,14,0,-33.763,-60.772,2.579
2012-05-05-22_20_26.005,286,5,14,0,-42.778,-60.835,2.779
2012-05-05-22_20_26.007,286,6,14,0,-51.777,-60.838,2.879
2012-05-05-22_20_26.008,286,7,14,0,-60.699,-60.756,3.679
2012-05-05-22_20_26.009,286,0,14,1,-2.194,-60.788,3.888
2012-05-05-22_20_26.009,286,1,14,1,-11.210,-60.793,3.388
2012-05-05-22_20_26.010,286,2,14,1,-20.191,-60.708,2.888
2012-05-05-22_20_26.011,286,3,14,1,-29.246,-60.803,2.888
2012-05-05-22_20_26.012,286,4,14,1,-38.233,-60.778,2.588
2012-05-05-22_20_26.013,286,5,14,1,-47.247,-60.841,2.888
2012-05-05-22_20_26.014,286,6,14,1,-56.246,-60.844,2.988
2012-05-05-22_20_26.016,286,7,14,1,-65.168,-60.762,3.688
2012-05-05-22_20_26.017,286,0,15,0,2.270,-65.280,3.897
2012-05-05-22_20_26.018,286,1,15,0,-6.751,-65.296,3.397
2012-05-05-22_20_26.020,286,2,15,0,-15.727,-65.199,2.897
2012-05-05-22_20_26.021,286,3,15,0,-24.782,-65.295,2.997
2012-05-05-22_20_26.021,286,4,15,0,-33.769,-65.270,2.497
2012-05-05-22_20_26.022,286,5,15,0,-42.783,-65.332,2.697
2012-05-05-22_20_26.024,286,6,15,0,-51.782,-65.336,2.897
2012-05-05-22_20_26.025,286,7,15,0,-60.704,-65.253,3.397
2012-05-05-22_20_26.026,286,0,15,1,-2.197,-65.288,3.910
2012-05-05-22_20_26.027,286,1,15,1,-11.208,-65.296,3.310
2012-05-05-22_20_26.028,286,2,15,1,-20.194,-65.208,2.910
2012-05-05-22_20_26.029,286,3,15,1,-29.249,-65.303,2.810
2012-05-05-22_20_26.032,286,4,15,1,-38.236,-65.278,2.410
2012-05-05-22_20_26.032,286,5,15,1,-47.250,-65.340,2.810
2012-05-05-22_20_26.033,286,6,15,1,-56.249,-65.344,2.910
2012-05-05-22_20_26.034,286,7,15,1,-65.171,-65.262,3.610
2012-05-05-22_20_26.036,286,0,16,0,2.270,-69.779,3.923
2012-05-05-22_20_26.037,286,1,16,0,-6.751,-69.790,3.423
2012-05-05-22_20_26.038,286,2,16,0,-15.727,-69.699,2.923
2012-05-05-22_20_26.039,286,3,16,0,-24.782,-69.795,3.023
2012-05-05-22_20_26.041,286,4,16,0,-33.769,-69.770,2.323
2012-05-05-22_20_26.042,286,5,16,0,-42.784,-69.832,2.823
2012-05-05-22_20_26.043,286,6,16,0,-51.782,-69.836,2.923
2012-05-05-22_20_26.044,286,7,16,0,-60.704,-69.753,3.623
2012-05-05-22_20_26.045,286,0,16,1,-2.197,-69.789,3.834
2012-05-05-22_20_26.047,286,1,16,1,-11.211,-69.789,3.434
2012-05-05-22_20_26.048,286,2,16,1,-20.194,-69.709,2.834
2012-05-05-22_20_26.049,286,3,16,1,-29.249,-69.804,2.834
2012-05-05-22_20_26.051,286,4,16,1,-38.236,-69.779,2.534
2012-05-05-22_20_26.052,286,5,16,1,-47.251,-69.841,2.734
2012-05-05-22_20_26.053,286,6,16,1,-56.249,-69.845,2.934
2012-05-05-22_20_26.054,286,7,16,1,-65.171,-69.763,3.634
2012-05-05-22_20_26.055,286,0,17,0,2.267,-74.283,3.942
2012-05-05-22_20_26.056,286,1,17,0,-6.749,-74.287,3.442
2012-05-05-22_20_26.057,286,2,17,0,-15.730,-74.203,2.942
2012-05-05-22_20_26.057,286,3,17,0,-24.785,-74.299,2.942
2012-05-05-22_20_26.058,286,4,17,0,-33.772,-74.274,2.342
2012-05-05-22_20_26.059,286,5,17,0,-42.787,-74.336,2.842
2012-05-05-22_20_26.061,286,6,17,0,-51.785,-74.340,2.942
2012-05-05-22_20_26.064,286,7,17,0,-60.707,-74.257,3.542
2012-05-05-22_20_26.066,286,0,17,1,-2.195,-74.291,3.952
2012-05-05-22_20_26.067,286,1,17,1,-11.211,-74.287,3.451
2012-05-05-22_20_26.068,286,2,17,1,-20.192,-74.211,2.852
2012-05-05-22_20_26.069,286,3,17,1,-29.247,-74.307,2.852
2012-05-05-22_20_26.072,286,4,17,1,-38.234,-74.282,2.352
2012-05-05-22_20_26.073,286,5,17,1,-47.249,-74.344,2.752
2012-05-05-22_20_26.074,286,6,17,1,-56.247,-74.348,2.952
2012-05-05-22_20_26.076,286,7,17,1,-65.169,-74.265,3.652
2012-05-05-22_20_26.078,286,0,18,0,2.264,-78.781,3.862
2012-05-05-22_20_26.080,286,1,18,0,-6.747,-78.785,3.462
2012-05-05-22_20_26.081,286,2,18,0,-15.733,-78.701,2.862
2012-05-05-22_20_26.082,286,3,18,0,-24.788,-78.797,3.062
2012-05-05-22_20_26.085,286,4,18,0,-33.775,-78.772,2.462
2012-05-05-22_20_26.085,286,5,18,0,-42.789,-78.834,2.862
2012-05-05-22_20_26.086,286,6,18,0,-51.788,-78.838,2.962
2012-05-05-22_20_26.087,286,7,18,0,-60.710,-78.755,3.762
2012-05-05-22_20_26.088,286,0,18,1,-2.196,-78.788,3.874
2012-05-05-22_20_26.089,286,1,18,1,-11.214,-78.785,3.474
2012-05-05-22_20_26.090,286,2,18,1,-20.193,-78.708,2.974
2012-05-05-22_20_26.091,286,3,18,1,-29.247,-78.803,3.074
2012-05-05-22_20_26.091,286,4,18,1,-38.235,-78.778,2.274
2012-05-05-22_20_26.093,286,5,18,1,-47.249,-78.840,2.874
2012-05-05-22_20_26.094,286,6,18,1,-56.248,-78.844,2.974
2012-05-05-22_20_26.095,286,7,18,1,-65.170,-78.762,3.774
2012-05-05-22_20_26.096,286,0,19,0,2.264,-83.282,3.887
2012-05-05-22_20_26.097,286,1,19,0,-6.747,-83.292,3.487
2012-05-05-22_20_26.098,286,2,19,0,-15.734,-83.202,2.987
2012-05-05-22_20_26.099,286,3,19,0,-24.788,-83.297,3.087
2012-05-05-22_20_26.100,286,4,19,0,-33.775,-83.272,2.187
2012-05-05-22_20_26.101,286,5,19,0,-42.790,-83.334,2.887
2012-05-05-22_20_26.102,286,6,19,0,-51.789,-83.338,2.987
2012-05-05-22_20_26.103,286,7,19,0,-60.711,-83.256,3.587
2012-05-05-22_20_26.105,286,0,19,1,-2.191,-83.288,3.997
2012-05-05-22_20_26.106,286,1,19,1,-11.212,-83.292,3.397
2012-05-05-22_20_26.107,286,2,19,1,-20.188,-83.208,2.997
2012-05-05-22_20_26.109,286,3,19,1,-29.243,-83.303,2.897
2012-05-05-22_20_26.110,286,4,19,1,-38.230,-83.278,2.597
2012-05-05-22_20_26.111,286,5,19,1,-47.245,-83.341,2.897
2012-05-05-22_20_26.112,286,6,19,1,-56.243,-83.344,3.097
2012-05-05-22_20_26.114,286,7,19,1,-65.165,-83.262,3.697
2012-05-05-22_20_26.115,286,0,20,0,2.266,-87.780,4.005
2012-05-05-22_20_26.116,286,1,20,0,-6.748,-87.796,3.505
2012-05-05-22_20_26.118,286,2,20,0,-15.732,-87.700,2.905
2012-05-05-22_20_26.119,286,3,20,0,-24.786,-87.795,3.105
2012-05-05-22_20_26.120,286,4,20,0,-33.773,-87.770,2.605
2012-05-05-22_20_26.121,286,5,20,0,-42.788,-87.833,2.905
2012-05-05-22_20_26.122,286,6,20,0,-51.787,-87.836,2.905
2012-05-05-22_20_26.123,286,7,20,0,-60.709,-87.754,3.805
2012-05-05-22_20_26.124,286,0,20,1,-2.189,-87.788,4.014
2012-05-05-22_20_26.125,286,1,20,1,-11.212,-87.795,3.414
2012-05-05-22_20_26.126,286,2,20,1,-20.186,-87.708,2.914
2012-05-05-22_20_26.127,286,3,20,1,-29.241,-87.803,3.014
2012-05-05-22_20_26.128,286,4,20,1,-38.228,-87.778,2.614
2012-05-05-22_20_26.129,286,5,20,1,-47.243,-87.840,2.914
2012-05-05-22_20_26.130,286,6,20,1,-56.241,-87.844,3.114
2012-05-05-22_20_26.131,286,7,20,1,-65.163,-87.762,3.814
2012-05-05-22_20_26.132,286,0,21,0,2.265,-92.279,4.024
2012-05-05-22_20_26.133,286,1,21,0,-6.751,-92.291,3.524
2012-05-05-22_20_26.134,286,2,21,0,-15.732,-92.199,3.024
2012-05-05-22_20_26.135,286,3,21,0,-24.787,-92.295,3.124
2012-05-05-22_20_26.135,286,4,21,0,-33.774,-92.270,2.524
2012-05-05-22_20_26.136,286,5,21,0,-42.788,-92.332,2.824
2012-05-05-22_20_26.137,286,6,21,0,-51.787,-92.336,3.024
2012-05-05-22_20_26.138,286,7,21,0,-60.709,-92.253,3.624
2012-05-05-22_20_26.139,286,0,21,1,-2.190,-92.290,4.037
2012-05-05-22_20_26.139,286,1,21,1,-11.213,-92.290,3.437
2012-05-05-22_20_26.142,286,2,21,1,-20.187,-92.210,3.037
2012-05-05-22_20_26.143,286,3,21,1,-29.241,-92.305,2.937
2012-05-05-22_20_26.144,286,4,21,1,-38.228,-92.280,2.437
2012-05-05-22_20_26.145,286,5,21,1,-47.243,-92.342,2.937
2012-05-05-22_20_26.146,286,6,21,1,-56.242,-92.346,3.037
2012-05-05-22_20_26.147,286,7,21,1,-65.164,-92.264,3.737
2012-05-05-22_20_26.148,286,0,22,0,2.267,-96.783,4.050
2012-05-05-22_20_26.149,286,1,22,0,-6.754,-96.788,3.550
2012-05-05-22_20_26.150,286,2,22,0,-15.730,-96.703,3.050
2012-05-05-22_20_26.151,286,3,22,0,-24.785,-96.798,3.050
2012-05-05-22_20_26.152,286,4,22,0,-33.772,-96.773,2.550
2012-05-05-22_20_26.153,286,5,22,0,-42.786,-96.836,2.850
2012-05-05-22_20_26.154,286,6,22,0,-51.785,-96.839,3.150
2012-05-05-22_20_26.155,286,7,22,0,-60.707,-96.757,3.750
2012-05-05-22_20_26.156,286,0,22,1,-2.190,-96.792,4.058
2012-05-05-22_20_26.158,286,1,22,1,-11.213,-96.789,3.658
2012-05-05-22_20_26.159,286,2,22,1,-20.187,-96.712,2.958
2012-05-05-22_20_26.160,286,3,22,1,-29.242,-96.807,2.958
2012-05-05-22_20_26.160,286,4,22,1,-38.229,-96.782,2.658
2012-05-05-22_20_26.161,286,5,22,1,-47.244,-96.845,3.058
2012-05-05-22_20_26.163,286,6,22,1,-56.242,-96.848,3.058
2012-05-05-22_20_26.164,286,7,22,1,-65.164,-96.766,3.858
2012-05-05-22_20_26.165,286,0,23,0,2.267,-101.281,4.068
2012-05-05-22_20_26.166,286,1,23,0,-6.754,-101.286,3.568
2012-05-05-22_20_26.168,286,2,23,0,-15.730,-101.201,2.968
2012-05-05-22_20_26.168,286,3,23,0,-24.785,-101.297,3.168
2012-05-05-22_20_26.169,286,4,23,0,-33.772,-101.272,2.668
2012-05-05-22_20_26.170,286,5,23,0,-42.787,-101.334,2.868
2012-05-05-22_20_26.171,286,6,23,0,-51.785,-101.338,2.968
2012-05-05-22_20_26.172,286,7,23,0,-60.707,-101.255,3.568
2012-05-05-22_20_26.173,286,0,23,1,-2.181,-101.280,3.968
2012-05-05-22_20_26.174,286,1,23,1,-11.211,-101.286,3.568
2012-05-05-22_20_26.175,286,2,23,1,-20.178,-101.200,2.968
2012-05-05-22_20_26.177,286,3,23,1,-29.232,-101.295,2.968
2012-05-05-22_20_26.179,286,4,23,1,-38.219,-101.270,2.668
2012-05-05-22_20_26.180,286,5,23,1,-47.234,-101.332,2.968
2012-05-05-22_20_26.181,286,6,23,1,-56.233,-101.336,3.068
2012-05-05-22_20_26.182,286,7,23,1,-65.155,-101.254,3.768
