2012-05-06-02_43_31.599,560,0,0,0,2.259,2.220,3.396
2012-05-06-02_43_31.601,560,1,0,0,-6.749,2.204,2.796
2012-05-06-02_43_31.605,560,2,0,0,-15.738,2.301,2.496
2012-05-06-02_43_31.607,560,3,0,0,-24.792,2.205,2.896
2012-05-06-02_43_31.609,560,4,0,0,-33.779,2.230,1.996
2012-05-06-02_43_31.611,560,5,0,0,-42.794,2.168,2.696
2012-05-06-02_43_31.612,560,6,0,0,-51.793,2.164,2.596
2012-05-06-02_43_31.613,560,7,0,0,-60.715,2.247,3.296
2012-05-06-02_43_31.615,560,0,0,1,-2.183,2.212,3.596
2012-05-06-02_43_31.616,560,1,0,1,-11.201,2.204,3.096
2012-05-06-02_43_31.617,560,2,0,1,-20.180,2.293,2.596
2012-05-06-02_43_31.620,560,3,0,1,-29.235,2.197,2.696
2012-05-06-02_43_31.621,560,4,0,1,-38.222,2.222,2.296
2012-05-06-02_43_31.622,560,5,0,1,-47.237,2.160,2.596
2012-05-06-02_43_31.623,560,6,0,1,-56.235,2.156,2.696
2012-05-06-02_43_31.623,560,7,0,1,-65.157,2.239,3.496
2012-05-06-02_43_31.624,560,0,1,0,2.271,-2.280,3.512
2012-05-06-02_43_31.625,560,1,1,0,-6.745,-2.291,3.112
2012-05-06-02_43_31.626,560,2,1,0,-15.726,-2.200,2.612
2012-05-06-02_43_31.627,560,3,1,0,-24.781,-2.295,2.912
2012-05-06-02_43_31.628,560,4,1,0,-33.768,-2.270,2.112
2012-05-06-02_43_31.629,560,5,1,0,-42.782,-2.333,2.712
2012-05-06-02_43_31.630,560,6,1,0,-51.781,-2.336,2.612
2012-05-06-02_43_31.632,560,7,1,0,-60.703,-2.254,3.512
2012-05-06-02_43_31.633,560,0,1,1,-2.186,-2.289,3.619
2012-05-06-02_43_31.634,560,1,1,1,-11.199,-2.290,3.119
2012-05-06-02_43_31.635,560,2,1,1,-20.183,-2.209,2.619
2012-05-06-02_43_31.636,560,3,1,1,-29.238,-2.305,2.619
2012-05-06-02_43_31.639,560,4,1,1,-38.225,-2.280,2.019
2012-05-06-02_43_31.640,560,5,1,1,-47.239,-2.342,2.419
2012-05-06-02_43_31.641,560,6,1,1,-56.238,-2.346,2.719
2012-05-06-02_43_31.642,560,7,1,1,-65.160,-2.263,3.419
2012-05-06-02_43_31.644,560,0,2,0,2.271,-6.784,3.528
2012-05-06-02_43_31.645,560,1,2,0,-6.745,-6.788,3.128
2012-05-06-02_43_31.646,560,2,2,0,-15.726,-6.704,2.528
2012-05-06-02_43_31.647,560,3,2,0,-24.781,-6.799,2.928
2012-05-06-02_43_31.648,560,4,2,0,-33.768,-6.774,2.228
2012-05-06-02_43_31.649,560,5,2,0,-42.783,-6.837,2.828
2012-05-06-02_43_31.650,560,6,2,0,-51.781,-6.840,2.728
2012-05-06-02_43_31.651,560,7,2,0,-60.703,-6.758,3.628
2012-05-06-02_43_31.652,560,0,2,1,-2.184,-6.791,3.637
2012-05-06-02_43_31.653,560,1,2,1,-11.202,-6.788,3.137
2012-05-06-02_43_31.654,560,2,2,1,-20.181,-6.711,2.637
2012-05-06-02_43_31.654,560,3,2,1,-29.236,-6.807,2.837
2012-05-06-02_43_31.655,560,4,2,1,-38.189,-6.783,2.436
2012-05-06-02_43_31.658,560,5,2,1,-47.237,-6.844,2.537
2012-05-06-02_43_31.659,560,6,2,1,-56.236,-6.848,25.937
2012-05-06-02_43_31.660,560,7,2,1,-65.158,-6.765,3.337
2012-05-06-02_43_31.661,560,0,3,0,2.273,-11.283,3.647
2012-05-06-02_43_31.662,560,1,3,0,-6.743,-11.287,3.147
2012-05-06-02_43_31.663,560,2,3,0,-15.724,-11.203,2.547
2012-05-06-02_43_31.665,560,3,3,0,-24.779,-11.298,2.947
2012-05-06-02_43_31.667,560,4,3,0,-33.766,-11.273,2.447
2012-05-06-02_43_31.668,560,5,3,0,-42.781,-11.335,2.747
2012-05-06-02_43_31.670,560,6,3,0,-51.779,-11.339,2.747
2012-05-06-02_43_31.671,560,7,3,0,-60.701,-11.257,3.447
2012-05-06-02_43_31.672,560,0,3,1,-2.184,-11.288,3.659
2012-05-06-02_43_31.673,560,1,3,1,-11.200,-11.287,3.059
2012-05-06-02_43_31.674,560,2,3,1,-20.182,-11.208,2.659
2012-05-06-02_43_31.675,560,3,3,1,-29.236,-11.303,2.959
2012-05-06-02_43_31.676,560,4,3,1,-38.223,-11.278,2.459
2012-05-06-02_43_31.677,560,5,3,1,-47.238,-11.341,2.659
2012-05-06-02_43_31.678,560,6,3,1,-56.237,-11.344,2.759
2012-05-06-02_43_31.681,560,7,3,1,-65.159,-11.262,3.359
2012-05-06-02_43_31.682,560,0,4,0,2.270,-15.782,3.673
2012-05-06-02_43_31.683,560,1,4,0,-6.741,-15.794,3.173
2012-05-06-02_43_31.684,560,2,4,0,-15.727,-15.702,2.573
2012-05-06-02_43_31.685,560,3,4,0,-24.782,-15.798,2.973
2012-05-06-02_43_31.687,560,4,4,0,-33.769,-15.772,2.173
2012-05-06-02_43_31.688,560,5,4,0,-42.784,-15.835,2.673
2012-05-06-02_43_31.689,560,6,4,0,-51.782,-15.838,2.773
2012-05-06-02_43_31.690,560,7,4,0,-60.704,-15.756,3.473
2012-05-06-02_43_31.691,560,0,4,1,-2.185,-15.789,3.683
2012-05-06-02_43_31.692,560,1,4,1,-11.201,-15.794,3.082
2012-05-06-02_43_31.693,560,2,4,1,-20.182,-15.708,2.583
2012-05-06-02_43_31.695,560,3,4,1,-29.237,-15.804,2.883
2012-05-06-02_43_31.695,560,4,4,1,-38.224,-15.779,2.183
2012-05-06-02_43_31.697,560,5,4,1,-47.238,-15.841,2.483
2012-05-06-02_43_31.698,560,6,4,1,-56.237,-15.845,2.683
2012-05-06-02_43_31.700,560,7,4,1,-65.159,-15.762,3.483
2012-05-06-02_43_31.701,560,0,5,0,2.267,-20.279,3.591
2012-05-06-02_43_31.702,560,1,5,0,-6.742,-20.297,3.092
2012-05-06-02_43_31.703,560,2,5,0,-15.730,-20.199,2.591
2012-05-06-02_43_31.704,560,3,5,0,-24.785,-20.295,2.891
2012-05-06-02_43_31.705,560,4,5,0,-33.772,-20.270,2.291
2012-05-06-02_43_31.706,560,5,5,0,-42.786,-20.332,2.691
2012-05-06-02_43_31.707,560,6,5,0,-51.785,-20.335,2.691
2012-05-06-02_43_31.709,560,7,5,0,-60.707,-20.253,3.391
2012-05-06-02_43_31.712,560,0,5,1,-2.185,-20.288,3.700
2012-05-06-02_43_31.713,560,1,5,1,-11.206,-20.297,3.100
2012-05-06-02_43_31.715,560,2,5,1,-20.182,-20.208,2.700
2012-05-06-02_43_31.716,560,3,5,1,-29.237,-20.303,3.000
2012-05-06-02_43_31.717,560,4,5,1,-38.224,-20.278,2.200
2012-05-06-02_43_31.718,560,5,5,1,-47.239,-20.340,2.600
2012-05-06-02_43_31.719,560,6,5,1,-56.237,-20.344,2.800
2012-05-06-02_43_31.719,560,7,5,1,-65.159,-20.262,3.500
2012-05-06-02_43_31.720,560,0,6,0,2.269,-24.780,3.610
2012-05-06-02_43_31.723,560,1,6,0,-6.742,-24.791,3.110
2012-05-06-02_43_31.724,560,2,6,0,-15.728,-24.700,2.610
2012-05-06-02_43_31.725,560,3,6,0,-24.783,-24.796,2.910
2012-05-06-02_43_31.728,560,4,6,0,-33.770,-24.771,2.110
2012-05-06-02_43_31.729,560,5,6,0,-42.784,-24.833,2.610
2012-05-06-02_43_31.729,560,6,6,0,-51.783,-24.836,2.810
2012-05-06-02_43_31.730,560,7,6,0,-60.705,-24.754,3.610
2012-05-06-02_43_31.733,560,0,6,1,-2.181,-24.789,3.621
2012-05-06-02_43_31.734,560,1,6,1,-11.206,-24.790,3.221
2012-05-06-02_43_31.735,560,2,6,1,-20.178,-24.709,2.621
2012-05-06-02_43_31.736,560,3,6,1,-29.233,-24.804,3.021
2012-05-06-02_43_31.737,560,4,6,1,-38.220,-24.779,2.121
2012-05-06-02_43_31.739,560,5,6,1,-47.234,-24.841,2.621
2012-05-06-02_43_31.740,560,6,6,1,-56.233,-24.845,2.821
2012-05-06-02_43_31.741,560,7,6,1,-65.155,-24.763,3.521
2012-05-06-02_43_31.742,560,0,7,0,2.269,-29.284,3.635
2012-05-06-02_43_31.743,560,1,7,0,-6.742,-29.288,3.035
2012-05-06-02_43_31.745,560,2,7,0,-15.728,-29.204,2.735
2012-05-06-02_43_31.746,560,3,7,0,-24.783,-29.299,2.935
2012-05-06-02_43_31.747,560,4,7,0,-33.770,-29.274,2.535
2012-05-06-02_43_31.748,560,5,7,0,-42.785,-29.336,2.735
2012-05-06-02_43_31.749,560,6,7,0,-51.784,-29.340,2.935
2012-05-06-02_43_31.750,560,7,7,0,-60.705,-29.258,3.535
2012-05-06-02_43_31.751,560,0,7,1,-2.181,-29.291,3.645
2012-05-06-02_43_31.752,560,1,7,1,-11.209,-29.287,3.245
2012-05-06-02_43_31.752,560,2,7,1,-20.178,-29.211,2.645
2012-05-06-02_43_31.754,560,3,7,1,-29.233,-29.306,3.045
2012-05-06-02_43_31.754,560,4,7,1,-38.220,-29.281,2.345
2012-05-06-02_43_31.756,560,5,7,1,-47.235,-29.344,2.745
2012-05-06-02_43_31.757,560,6,7,1,-56.233,-29.347,2.945
2012-05-06-02_43_31.758,560,7,7,1,-65.155,-29.265,3.545
2012-05-06-02_43_31.759,560,0,8,0,2.271,-33.782,3.654
2012-05-06-02_43_31.760,560,1,8,0,-6.745,-33.785,3.154
2012-05-06-02_43_31.761,560,2,8,0,-15.726,-33.702,2.654
2012-05-06-02_43_31.762,560,3,8,0,-24.781,-33.798,2.954
2012-05-06-02_43_31.763,560,4,8,0,-33.768,-33.773,2.554
2012-05-06-02_43_31.764,560,5,8,0,-42.783,-33.835,2.954
2012-05-06-02_43_31.765,560,6,8,0,-51.781,-33.839,2.854
2012-05-06-02_43_31.766,560,7,8,0,-60.703,-33.756,3.754
2012-05-06-02_43_31.767,560,0,8,1,-2.182,-33.788,3.663
2012-05-06-02_43_31.768,560,1,8,1,-11.212,-33.785,3.162
2012-05-06-02_43_31.768,560,2,8,1,-20.179,-33.707,2.663
2012-05-06-02_43_31.769,560,3,8,1,-29.233,-33.803,3.063
2012-05-06-02_43_31.770,560,4,8,1,-38.221,-33.778,2.563
2012-05-06-02_43_31.771,560,5,8,1,-47.235,-33.840,2.963
2012-05-06-02_43_31.774,560,6,8,1,-56.234,-33.844,2.863
2012-05-06-02_43_31.775,560,7,8,1,-65.156,-33.761,3.563
2012-05-06-02_43_31.778,560,0,9,0,2.273,-38.282,3.672
2012-05-06-02_43_31.779,560,1,9,0,-6.746,-38.294,3.172
2012-05-06-02_43_31.780,560,2,9,0,-15.724,-38.202,2.672
2012-05-06-02_43_31.784,560,3,9,0,-24.779,-38.297,3.072
2012-05-06-02_43_31.784,560,4,9,0,-33.766,-38.272,2.372
2012-05-06-02_43_31.785,560,5,9,0,-42.781,-38.334,2.672
2012-05-06-02_43_31.786,560,6,9,0,-51.779,-38.338,2.872
2012-05-06-02_43_31.787,560,7,9,0,-60.701,-38.256,3.472
2012-05-06-02_43_31.789,560,0,9,1,-2.185,-38.288,3.685
2012-05-06-02_43_31.790,560,1,9,1,-11.210,-38.293,3.185
2012-05-06-02_43_31.791,560,2,9,1,-20.182,-38.208,2.785
2012-05-06-02_43_31.793,560,3,9,1,-29.236,-38.303,3.085
2012-05-06-02_43_31.794,560,4,9,1,-38.223,-38.278,2.285
2012-05-06-02_43_31.795,560,5,9,1,-47.238,-38.341,2.685
2012-05-06-02_43_31.796,560,6,9,1,-56.237,-38.344,2.885
2012-05-06-02_43_31.797,560,7,9,1,-65.159,-38.262,3.585
2012-05-06-02_43_31.798,560,0,10,0,2.275,-42.780,3.698
2012-05-06-02_43_31.800,560,1,10,0,-6.751,-42.796,3.198
2012-05-06-02_43_31.801,560,2,10,0,-15.722,-42.700,2.798
2012-05-06-02_43_31.802,560,3,10,0,-24.777,-42.795,3.098
2012-05-06-02_43_31.805,560,4,10,0,-33.764,-42.770,2.398
2012-05-06-02_43_31.805,560,5,10,0,-42.779,-42.832,2.698
2012-05-06-02_43_31.806,560,6,10,0,-51.777,-42.836,2.898
2012-05-06-02_43_31.807,560,7,10,0,-60.699,-42.754,3.698
2012-05-06-02_43_31.808,560,0,10,1,-2.185,-42.788,3.808
2012-05-06-02_43_31.809,560,1,10,1,-11.211,-42.796,3.208
2012-05-06-02_43_31.810,560,2,10,1,-20.182,-42.708,2.708
2012-05-06-02_43_31.811,560,3,10,1,-29.237,-42.803,3.108
2012-05-06-02_43_31.814,560,4,10,1,-38.224,-42.778,2.508
2012-05-06-02_43_31.815,560,5,10,1,-47.238,-42.841,2.808
2012-05-06-02_43_31.817,560,6,10,1,-56.237,-42.844,3.008
2012-05-06-02_43_31.818,560,7,10,1,-65.159,-42.762,3.608
2012-05-06-02_43_31.819,560,0,11,0,2.274,-47.279,3.617
2012-05-06-02_43_31.820,560,1,11,0,-6.749,-47.291,3.317
2012-05-06-02_43_31.821,560,2,11,0,-15.723,-47.199,2.717
2012-05-06-02_43_31.823,560,3,11,0,-24.777,-47.295,3.117
2012-05-06-02_43_31.824,560,4,11,0,-33.765,-47.270,2.417
2012-05-06-02_43_31.825,560,5,11,0,-42.779,-47.332,2.717
2012-05-06-02_43_31.826,560,6,11,0,-51.778,-47.336,2.917
2012-05-06-02_43_31.827,560,7,11,0,-60.700,-47.253,3.717
2012-05-06-02_43_31.828,560,0,11,1,-2.188,-47.289,3.726
2012-05-06-02_43_31.830,560,1,11,1,-11.211,-47.290,3.226
2012-05-06-02_43_31.831,560,2,11,1,-20.185,-47.209,2.726
2012-05-06-02_43_31.832,560,3,11,1,-29.240,-47.305,2.926
2012-05-06-02_43_31.833,560,4,11,1,-38.227,-47.280,2.626
2012-05-06-02_43_31.834,560,5,11,1,-47.241,-47.342,2.826
2012-05-06-02_43_31.836,560,6,11,1,-56.240,-47.346,2.926
2012-05-06-02_43_31.837,560,7,11,1,-65.162,-47.263,3.626
2012-05-06-02_43_31.838,560,0,12,0,2.279,-51.784,3.636
2012-05-06-02_43_31.840,560,1,12,0,-6.752,-51.789,3.236
2012-05-06-02_43_31.841,560,2,12,0,-15.718,-51.704,2.836
2012-05-06-02_43_31.842,560,3,12,0,-24.773,-51.799,3.036
2012-05-06-02_43_31.843,560,4,12,0,-33.760,-51.774,2.236
2012-05-06-02_43_31.844,560,5,12,0,-42.775,-51.837,2.836
2012-05-06-02_43_31.845,560,6,12,0,-51.773,-51.840,2.936
2012-05-06-02_43_31.846,560,7,12,0,-60.695,-51.758,3.736
2012-05-06-02_43_31.848,560,0,12,1,-2.191,-51.792,3.850
2012-05-06-02_43_31.849,560,1,12,1,-11.211,-51.789,3.349
2012-05-06-02_43_31.850,560,2,12,1,-20.188,-51.712,2.850
2012-05-06-02_43_31.851,560,3,12,1,-29.242,-51.807,3.150
2012-05-06-02_43_31.853,560,4,12,1,-38.230,-51.782,2.550
2012-05-06-02_43_31.854,560,5,12,1,-47.244,-51.844,2.750
2012-05-06-02_43_31.857,560,6,12,1,-56.243,-51.848,2.950
2012-05-06-02_43_31.858,560,7,12,1,-65.165,-51.766,3.750
2012-05-06-02_43_31.859,560,0,13,0,2.276,-56.282,3.762
2012-05-06-02_43_31.860,560,1,13,0,-6.752,-56.287,3.262
2012-05-06-02_43_31.861,560,2,13,0,-15.721,-56.202,2.762
2012-05-06-02_43_31.862,560,3,13,0,-24.776,-56.297,3.062
2012-05-06-02_43_31.863,560,4,13,0,-33.763,-56.272,2.462
2012-05-06-02_43_31.865,560,5,13,0,-42.778,-56.335,2.762
2012-05-06-02_43_31.866,560,6,13,0,-51.776,-56.338,2.862
2012-05-06-02_43_31.867,560,7,13,0,-60.698,-56.256,3.762
2012-05-06-02_43_31.868,560,0,13,1,-2.191,-56.288,3.772
2012-05-06-02_43_31.869,560,1,13,1,-11.209,-56.287,3.271
2012-05-06-02_43_31.870,560,2,13,1,-20.188,-56.208,2.772
2012-05-06-02_43_31.871,560,3,13,1,-29.243,-56.303,3.072
2012-05-06-02_43_31.872,560,4,13,1,-38.230,-56.278,2.472
2012-05-06-02_43_31.873,560,5,13,1,-47.245,-56.340,2.772
2012-05-06-02_43_31.876,560,6,13,1,-56.243,-56.344,2.872
2012-05-06-02_43_31.877,560,7,13,1,-65.165,-56.262,3.672
2012-05-06-02_43_31.878,560,0,14,0,2.275,-60.782,3.779
2012-05-06-02_43_31.880,560,1,14,0,-6.753,-60.794,3.279
2012-05-06-02_43_31.881,560,2,14,0,-15.722,-60.702,2.779
2012-05-06-02_43_31.882,560,3,14,0,-24.776,-60.797,3.079
2012-05-06-02_43_31.883,560,4,14,0,-33.763,-60.772,2.579
2012-05-06-02_43_31.884,560,5,14,0,-42.778,-60.834,2.779
2012-05-06-02_43_31.886,560,6,14,0,-51.777,-60.838,2.879
2012-05-06-02_43_31.887,560,7,14,0,-60.699,-60.756,3.779
2012-05-06-02_43_31.888,560,0,14,1,-2.194,-60.788,3.788
2012-05-06-02_43_31.889,560,1,14,1,-11.210,-60.794,3.288
2012-05-06-02_43_31.889,560,2,14,1,-20.191,-60.708,2.788
2012-05-06-02_43_31.891,560,3,14,1,-29.246,-60.803,3.188
2012-05-06-02_43_31.891,560,4,14,1,-38.233,-60.778,2.588
2012-05-06-02_43_31.892,560,5,14,1,-47.247,-60.841,2.888
2012-05-06-02_43_31.893,560,6,14,1,-56.246,-60.844,3.088
2012-05-06-02_43_31.894,560,7,14,1,-65.168,-60.762,3.688
2012-05-06-02_43_31.895,560,0,15,0,2.273,-65.281,3.797
2012-05-06-02_43_31.896,560,1,15,0,-6.753,-65.297,3.397
2012-05-06-02_43_31.898,560,2,15,0,-15.725,-65.200,2.897
2012-05-06-02_43_31.899,560,3,15,0,-24.779,-65.296,3.097
2012-05-06-02_43_31.900,560,4,15,0,-33.766,-65.271,2.597
2012-05-06-02_43_31.901,560,5,15,0,-42.781,-65.333,2.797
2012-05-06-02_43_31.902,560,6,15,0,-51.780,-65.337,2.897
2012-05-06-02_43_31.903,560,7,15,0,-60.702,-65.254,3.597
2012-05-06-02_43_31.904,560,0,15,1,-2.194,-65.288,3.810
2012-05-06-02_43_31.904,560,1,15,1,-11.208,-65.296,3.410
2012-05-06-02_43_31.905,560,2,15,1,-20.191,-65.208,2.810
2012-05-06-02_43_31.906,560,3,15,1,-29.246,-65.303,3.210
2012-05-06-02_43_31.908,560,4,15,1,-38.233,-65.278,2.510
2012-05-06-02_43_31.909,560,5,15,1,-47.248,-65.340,2.910
2012-05-06-02_43_31.910,560,6,15,1,-56.247,-65.344,2.910
2012-05-06-02_43_31.911,560,7,15,1,-65.169,-65.262,3.710
2012-05-06-02_43_31.911,560,0,16,0,2.270,-69.780,3.823
2012-05-06-02_43_31.914,560,1,16,0,-6.753,-69.790,3.323
2012-05-06-02_43_31.915,560,2,16,0,-15.727,-69.700,2.823
2012-05-06-02_43_31.916,560,3,16,0,-24.782,-69.795,3.123
2012-05-06-02_43_31.917,560,4,16,0,-33.769,-69.770,2.423
2012-05-06-02_43_31.918,560,5,16,0,-42.784,-69.832,2.823
2012-05-06-02_43_31.919,560,6,16,0,-51.782,-69.836,2.923
2012-05-06-02_43_31.920,560,7,16,0,-60.704,-69.754,3.723
2012-05-06-02_43_31.921,560,0,16,1,-2.197,-69.789,3.833
2012-05-06-02_43_31.923,560,1,16,1,-11.208,-69.790,3.333
2012-05-06-02_43_31.927,560,2,16,1,-20.194,-69.708,2.833
2012-05-06-02_43_31.928,560,3,16,1,-29.249,-69.804,3.133
2012-05-06-02_43_31.930,560,4,16,1,-38.236,-69.779,2.533
2012-05-06-02_43_31.931,560,5,16,1,-47.251,-69.841,2.733
2012-05-06-02_43_31.932,560,6,16,1,-56.249,-69.845,2.933
2012-05-06-02_43_31.933,560,7,16,1,-65.171,-69.762,3.733
2012-05-06-02_43_31.934,560,0,17,0,2.267,-74.284,3.842
2012-05-06-02_43_31.935,560,1,17,0,-6.749,-74.288,3.342
2012-05-06-02_43_31.937,560,2,17,0,-15.730,-74.204,2.842
2012-05-06-02_43_31.938,560,3,17,0,-24.785,-74.299,3.142
2012-05-06-02_43_31.939,560,4,17,0,-33.772,-74.274,2.442
2012-05-06-02_43_31.940,560,5,17,0,-42.787,-74.337,2.842
2012-05-06-02_43_31.941,560,6,17,0,-51.785,-74.340,2.942
2012-05-06-02_43_31.943,560,7,17,0,-60.707,-74.258,3.842
2012-05-06-02_43_31.944,560,0,17,1,-2.193,-74.291,3.852
2012-05-06-02_43_31.945,560,1,17,1,-11.209,-74.287,3.351
2012-05-06-02_43_31.946,560,2,17,1,-20.190,-74.211,2.852
2012-05-06-02_43_31.946,560,3,17,1,-29.245,-74.307,3.152
2012-05-06-02_43_31.947,560,4,17,1,-38.232,-74.282,2.452
2012-05-06-02_43_31.948,560,5,17,1,-47.246,-74.344,2.752
2012-05-06-02_43_31.951,560,6,17,1,-56.245,-74.348,2.952
2012-05-06-02_43_31.952,560,7,17,1,-65.167,-74.265,3.752
2012-05-06-02_43_31.953,560,0,18,0,2.264,-78.783,3.761
2012-05-06-02_43_31.954,560,1,18,0,-6.749,-78.786,3.362
2012-05-06-02_43_31.955,560,2,18,0,-15.733,-78.703,2.861
2012-05-06-02_43_31.956,560,3,18,0,-24.788,-78.798,3.161
2012-05-06-02_43_31.957,560,4,18,0,-33.775,-78.773,2.561
2012-05-06-02_43_31.958,560,5,18,0,-42.789,-78.835,2.761
2012-05-06-02_43_31.959,560,6,18,0,-51.788,-78.839,2.961
2012-05-06-02_43_31.960,560,7,18,0,-60.710,-78.757,3.761
2012-05-06-02_43_31.961,560,0,18,1,-2.193,-78.788,3.775
2012-05-06-02_43_31.962,560,1,18,1,-11.211,-78.786,3.374
2012-05-06-02_43_31.963,560,2,18,1,-20.190,-78.708,2.875
2012-05-06-02_43_31.964,560,3,18,1,-29.245,-78.803,3.175
2012-05-06-02_43_31.965,560,4,18,1,-38.232,-78.778,2.375
2012-05-06-02_43_31.966,560,5,18,1,-47.247,-78.841,2.875
2012-05-06-02_43_31.967,560,6,18,1,-56.245,-78.844,2.975
2012-05-06-02_43_31.967,560,7,18,1,-65.167,-78.762,3.775
2012-05-06-02_43_31.968,560,0,19,0,2.264,-83.282,3.787
2012-05-06-02_43_31.970,560,1,19,0,-6.750,-83.294,3.387
2012-05-06-02_43_31.972,560,2,19,0,-15.734,-83.202,2.887
2012-05-06-02_43_31.973,560,3,19,0,-24.788,-83.297,3.187
2012-05-06-02_43_31.974,560,4,19,0,-33.775,-83.272,2.287
2012-05-06-02_43_31.977,560,5,19,0,-42.790,-83.334,2.887
2012-05-06-02_43_31.978,560,6,19,0,-51.789,-83.338,2.987
2012-05-06-02_43_31.980,560,7,19,0,-60.711,-83.256,3.687
2012-05-06-02_43_31.981,560,0,19,1,-2.191,-83.289,3.897
2012-05-06-02_43_31.982,560,1,19,1,-11.212,-83.294,3.297
2012-05-06-02_43_31.984,560,2,19,1,-20.188,-83.208,2.897
2012-05-06-02_43_31.985,560,3,19,1,-29.243,-83.304,3.197
2012-05-06-02_43_31.986,560,4,19,1,-38.230,-83.279,2.697
2012-05-06-02_43_31.986,560,5,19,1,-47.245,-83.341,2.997
2012-05-06-02_43_31.988,560,6,19,1,-56.243,-83.345,2.997
2012-05-06-02_43_31.989,560,7,19,1,-65.165,-83.262,3.797
2012-05-06-02_43_31.990,560,0,20,0,2.266,-87.780,3.905
2012-05-06-02_43_31.991,560,1,20,0,-6.750,-87.797,3.305
2012-05-06-02_43_31.992,560,2,20,0,-15.732,-87.700,2.905
2012-05-06-02_43_31.993,560,3,20,0,-24.786,-87.795,3.205
2012-05-06-02_43_31.994,560,4,20,0,-33.773,-87.770,2.705
2012-05-06-02_43_31.995,560,5,20,0,-42.788,-87.833,2.905
2012-05-06-02_43_31.998,560,6,20,0,-51.787,-87.836,3.005
2012-05-06-02_43_31.999,560,7,20,0,-60.709,-87.754,3.805
2012-05-06-02_43_32.001,560,0,20,1,-2.192,-87.788,3.914
2012-05-06-02_43_32.002,560,1,20,1,-11.212,-87.796,3.414
2012-05-06-02_43_32.004,560,2,20,1,-20.189,-87.708,2.914
2012-05-06-02_43_32.005,560,3,20,1,-29.243,-87.803,3.214
2012-05-06-02_43_32.007,560,4,20,1,-38.230,-87.778,2.714
2012-05-06-02_43_32.008,560,5,20,1,-47.245,-87.840,2.914
2012-05-06-02_43_32.009,560,6,20,1,-56.244,-87.844,3.014
2012-05-06-02_43_32.010,560,7,20,1,-65.166,-87.762,3.814
2012-05-06-02_43_32.011,560,0,21,0,2.265,-92.280,3.924
2012-05-06-02_43_32.012,560,1,21,0,-6.753,-92.291,3.424
2012-05-06-02_43_32.013,560,2,21,0,-15.732,-92.200,3.024
2012-05-06-02_43_32.014,560,3,21,0,-24.787,-92.295,3.224
2012-05-06-02_43_32.015,560,4,21,0,-33.774,-92.270,2.624
2012-05-06-02_43_32.016,560,5,21,0,-42.788,-92.332,2.924
2012-05-06-02_43_32.017,560,6,21,0,-51.787,-92.336,3.024
2012-05-06-02_43_32.018,560,7,21,0,-60.709,-92.254,3.824
2012-05-06-02_43_32.019,560,0,21,1,-2.190,-92.290,3.937
2012-05-06-02_43_32.020,560,1,21,1,-11.213,-92.291,3.437
2012-05-06-02_43_32.021,560,2,21,1,-20.187,-92.210,2.937
2012-05-06-02_43_32.022,560,3,21,1,-29.241,-92.305,3.037
2012-05-06-02_43_32.023,560,4,21,1,-38.228,-92.280,2.537
2012-05-06-02_43_32.024,560,5,21,1,-47.243,-92.342,2.937
2012-05-06-02_43_32.025,560,6,21,1,-56.242,-92.346,3.037
2012-05-06-02_43_32.026,560,7,21,1,-65.164,-92.264,3.837
2012-05-06-02_43_32.028,560,0,22,0,2.267,-96.784,3.850
2012-05-06-02_43_32.028,560,1,22,0,-6.756,-96.789,3.450
2012-05-06-02_43_32.029,560,2,22,0,-15.730,-96.704,2.950
2012-05-06-02_43_32.030,560,3,22,0,-24.785,-96.799,3.250
2012-05-06-02_43_32.031,560,4,22,0,-33.772,-96.774,2.650
2012-05-06-02_43_32.032,560,5,22,0,-42.786,-96.837,2.950
2012-05-06-02_43_32.033,560,6,22,0,-51.785,-96.840,3.050
2012-05-06-02_43_32.034,560,7,22,0,-60.707,-96.758,3.850
2012-05-06-02_43_32.035,560,0,22,1,-2.188,-96.792,3.958
2012-05-06-02_43_32.036,560,1,22,1,-11.213,-96.789,3.458
2012-05-06-02_43_32.037,560,2,22,1,-20.185,-96.712,2.958
2012-05-06-02_43_32.038,560,3,22,1,-29.239,-96.808,3.058
2012-05-06-02_43_32.039,560,4,22,1,-38.226,-96.783,2.758
2012-05-06-02_43_32.040,560,5,22,1,-47.241,-96.845,2.958
2012-05-06-02_43_32.043,560,6,22,1,-56.240,-96.848,3.158
2012-05-06-02_43_32.044,560,7,22,1,-65.162,-96.766,3.858
2012-05-06-02_43_32.045,560,0,23,0,2.269,-101.281,3.968
2012-05-06-02_43_32.047,560,1,23,0,-6.756,-101.287,3.468
2012-05-06-02_43_32.048,560,2,23,0,-15.728,-101.201,2.968
2012-05-06-02_43_32.049,560,3,23,0,-24.783,-101.297,3.368
2012-05-06-02_43_32.050,560,4,23,0,-33.770,-101.272,2.768
2012-05-06-02_43_32.051,560,5,23,0,-42.784,-101.334,2.868
2012-05-06-02_43_32.051,560,6,23,0,-51.783,-101.338,2.968
2012-05-06-02_43_32.052,560,7,23,0,-60.705,-101.255,3.868
2012-05-06-02_43_32.054,560,0,23,1,-2.181,-101.279,3.868
2012-05-06-02_43_32.055,560,1,23,1,-11.211,-101.287,3.468
2012-05-06-02_43_32.056,560,2,23,1,-20.178,-101.199,2.968
2012-05-06-02_43_32.057,560,3,23,1,-29.232,-101.295,3.068
2012-05-06-02_43_32.058,560,4,23,1,-38.219,-101.270,2.668
2012-05-06-02_43_32.060,560,5,23,1,-47.234,-101.332,3.068
2012-05-06-02_43_32.061,560,6,23,1,-56.233,-101.335,3.068
2012-05-06-02_43_32.063,560,7,23,1,-65.155,-101.253,3.868
