2012-05-08-14_09_05.386,5,0,0,0,2.250,2.217,4.182
2012-05-08-14_09_05.387,5,0,0,0,2.197,2.280,4.081
2012-05-08-14_09_05.389,5,1,0,0,-6.752,2.291,3.780
2012-05-08-14_09_05.391,5,1,0,0,-6.805,2.353,3.680
2012-05-08-14_09_05.393,5,2,0,0,-15.730,2.232,3.883
2012-05-08-14_09_05.395,5,2,0,0,-15.784,2.295,3.883
2012-05-08-14_09_05.397,5,3,0,0,-24.754,2.240,3.952
2012-05-08-14_09_05.399,5,3,0,0,-24.807,2.303,3.951
2012-05-08-14_09_05.401,5,4,0,0,-33.744,2.259,3.467
2012-05-08-14_09_05.402,5,4,0,0,-33.798,2.322,3.268
2012-05-08-14_09_05.404,5,5,0,0,-42.792,2.233,3.961
2012-05-08-14_09_05.406,5,5,0,0,-42.845,2.296,3.960
2012-05-08-14_09_05.408,5,6,0,0,-51.771,2.167,3.929
2012-05-08-14_09_05.410,5,6,0,0,-51.824,2.230,3.929
2012-05-08-14_09_05.430,5,7,0,0,-60.825,2.243,4.155
2012-05-08-14_09_05.431,5,7,0,0,-60.820,2.288,4.055
2012-05-08-14_09_05.432,5,0,0,1,-2.192,2.211,3.981
2012-05-08-14_09_05.432,5,0,0,1,-2.255,2.280,3.981
2012-05-08-14_09_05.434,5,1,0,1,-11.195,2.284,3.880
2012-05-08-14_09_05.434,5,1,0,1,-11.258,2.353,3.879
2012-05-08-14_09_05.442,5,2,0,1,-20.173,2.226,3.982
2012-05-08-14_09_05.443,5,2,0,1,-20.236,2.295,3.982
2012-05-08-14_09_05.445,5,3,0,1,-29.197,2.234,3.951
2012-05-08-14_09_05.446,5,3,0,1,-29.260,2.303,3.852
2012-05-08-14_09_05.448,5,4,0,1,-38.187,2.252,3.566
2012-05-08-14_09_05.449,5,4,0,1,-38.250,2.322,3.566
2012-05-08-14_09_05.449,5,5,0,1,-47.235,2.227,3.861
2012-05-08-14_09_05.450,5,5,0,1,-47.298,2.296,3.663
2012-05-08-14_09_05.451,5,6,0,1,-56.214,2.160,4.028
2012-05-08-14_09_05.452,5,6,0,1,-56.277,2.230,4.028
2012-05-08-14_09_05.453,5,7,0,1,-65.268,2.236,4.255
2012-05-08-14_09_05.454,5,7,0,1,-65.330,2.306,4.355
2012-05-08-14_09_05.454,5,0,1,0,2.250,-2.279,4.194
2012-05-08-14_09_05.455,5,0,1,0,2.197,-2.226,4.194
2012-05-08-14_09_05.456,5,1,1,0,-6.753,-2.206,4.092
2012-05-08-14_09_05.457,5,1,1,0,-6.806,-2.152,3.992
2012-05-08-14_09_05.458,5,2,1,0,-15.731,-2.264,3.995
2012-05-08-14_09_05.459,5,2,1,0,-15.784,-2.211,3.995
2012-05-08-14_09_05.459,5,3,1,0,-24.755,-2.256,3.964
2012-05-08-14_09_05.460,5,3,1,0,-24.808,-2.203,3.865
2012-05-08-14_09_05.461,5,4,1,0,-33.745,-2.237,3.579
2012-05-08-14_09_05.462,5,4,1,0,-33.798,-2.184,3.579
2012-05-08-14_09_05.463,5,5,1,0,-42.793,-2.263,3.775
2012-05-08-14_09_05.463,5,5,1,0,-42.846,-2.210,3.676
2012-05-08-14_09_05.464,5,6,1,0,-51.772,-2.329,3.942
2012-05-08-14_09_05.465,5,6,1,0,-51.825,-2.276,3.942
2012-05-08-14_09_05.466,5,7,1,0,-60.825,-2.253,4.268
2012-05-08-14_09_05.467,5,7,1,0,-60.820,-2.213,4.268
2012-05-08-14_09_05.468,5,0,1,1,-2.193,-2.286,4.302
2012-05-08-14_09_05.470,5,0,1,1,-2.256,-2.225,4.301
2012-05-08-14_09_05.471,5,1,1,1,-11.195,-2.213,4.198
2012-05-08-14_09_05.471,5,1,1,1,-11.258,-2.152,4.098
2012-05-08-14_09_05.472,5,2,1,1,-20.173,-2.271,4.002
2012-05-08-14_09_05.472,5,2,1,1,-20.236,-2.210,4.001
2012-05-08-14_09_05.473,5,3,1,1,-29.197,-2.263,3.872
2012-05-08-14_09_05.474,5,3,1,1,-29.260,-2.203,3.773
2012-05-08-14_09_05.475,5,4,1,1,-38.187,-2.244,3.487
2012-05-08-14_09_05.476,5,4,1,1,-38.250,-2.184,3.486
2012-05-08-14_09_05.477,5,5,1,1,-47.235,-2.270,3.683
2012-05-08-14_09_05.478,5,5,1,1,-47.298,-2.210,3.683
2012-05-08-14_09_05.478,5,6,1,1,-56.214,-2.337,3.949
2012-05-08-14_09_05.479,5,6,1,1,-56.277,-2.276,3.948
2012-05-08-14_09_05.480,5,7,1,1,-65.268,-2.260,4.175
2012-05-08-14_09_05.481,5,7,1,1,-65.331,-2.200,4.174
2012-05-08-14_09_05.481,5,0,2,0,2.247,-6.779,4.214
2012-05-08-14_09_05.482,5,0,2,0,2.194,-6.720,4.214
2012-05-08-14_09_05.483,5,1,2,0,-6.755,-6.706,4.211
2012-05-08-14_09_05.484,5,1,2,0,-6.809,-6.647,4.211
2012-05-08-14_09_05.484,5,2,2,0,-15.734,-6.765,4.015
2012-05-08-14_09_05.486,5,2,2,0,-15.787,-6.705,4.015
2012-05-08-14_09_05.486,5,3,2,0,-24.757,-6.757,3.984
2012-05-08-14_09_05.487,5,3,2,0,-24.811,-6.697,3.984
2012-05-08-14_09_05.488,5,4,2,0,-33.748,-6.738,3.599
2012-05-08-14_09_05.488,5,4,2,0,-33.801,-6.678,3.599
2012-05-08-14_09_05.489,5,5,2,0,-42.796,-6.764,3.993
2012-05-08-14_09_05.490,5,5,2,0,-42.849,-6.704,4.092
2012-05-08-14_09_05.491,5,6,2,0,-51.774,-6.830,4.061
2012-05-08-14_09_05.492,5,6,2,0,-51.828,-6.771,3.962
2012-05-08-14_09_05.493,5,7,2,0,-60.828,-6.754,4.388
2012-05-08-14_09_05.494,5,7,2,0,-60.821,-6.707,4.388
2012-05-08-14_09_05.504,5,0,2,1,-2.188,-6.790,4.226
2012-05-08-14_09_05.505,5,0,2,1,-2.256,-6.719,4.226
2012-05-08-14_09_05.505,5,1,2,1,-11.191,-6.717,4.124
2012-05-08-14_09_05.506,5,1,2,1,-11.259,-6.646,4.123
2012-05-08-14_09_05.507,5,2,2,1,-20.169,-6.776,4.027
2012-05-08-14_09_05.507,5,2,2,1,-20.237,-6.705,4.027
2012-05-08-14_09_05.508,5,3,2,1,-29.193,-6.768,3.996
2012-05-08-14_09_05.509,5,3,2,1,-29.261,-6.697,3.996
2012-05-08-14_09_05.509,5,4,2,1,-38.183,-6.749,3.710
2012-05-08-14_09_05.510,5,4,2,1,-38.251,-6.678,3.611
2012-05-08-14_09_05.510,5,5,2,1,-47.231,-6.775,3.906
2012-05-08-14_09_05.511,5,5,2,1,-47.299,-6.704,3.708
2012-05-08-14_09_05.512,5,6,2,1,-56.210,-6.841,4.073
2012-05-08-14_09_05.512,5,6,2,1,-56.278,-6.770,4.073
2012-05-08-14_09_05.513,5,7,2,1,-65.263,-6.765,4.300
2012-05-08-14_09_05.513,5,7,2,1,-65.331,-6.694,4.300
2012-05-08-14_09_05.513,5,0,3,0,2.247,-11.284,4.241
2012-05-08-14_09_05.514,5,0,3,0,2.191,-11.219,4.141
2012-05-08-14_09_05.514,5,1,3,0,-6.756,-11.211,4.238
2012-05-08-14_09_05.515,5,1,3,0,-6.812,-11.212,4.238
2012-05-08-14_09_05.515,5,2,3,0,-15.734,-11.269,4.042
2012-05-08-14_09_05.516,5,2,3,0,-15.790,-11.204,3.943
2012-05-08-14_09_05.516,5,3,3,0,-24.758,-11.261,4.011
2012-05-08-14_09_05.517,5,3,3,0,-24.814,-11.196,3.912
2012-05-08-14_09_05.517,5,4,3,0,-33.748,-11.242,3.825
2012-05-08-14_09_05.518,5,4,3,0,-33.804,-11.177,3.725
2012-05-08-14_09_05.518,5,5,3,0,-42.796,-11.268,3.723
2012-05-08-14_09_05.519,5,5,3,0,-42.852,-11.203,3.921
2012-05-08-14_09_05.519,5,6,3,0,-51.775,-11.335,4.088
2012-05-08-14_09_05.520,5,6,3,0,-51.831,-11.270,4.088
2012-05-08-14_09_05.520,5,7,3,0,-60.829,-11.259,4.215
2012-05-08-14_09_05.521,5,7,3,0,-60.821,-11.218,4.215
2012-05-08-14_09_05.521,5,0,3,1,-2.186,-11.292,4.351
2012-05-08-14_09_05.522,5,0,3,1,-2.254,-11.218,4.351
2012-05-08-14_09_05.522,5,1,3,1,-11.189,-11.219,4.248
2012-05-08-14_09_05.523,5,1,3,1,-11.256,-11.145,4.148
2012-05-08-14_09_05.523,5,2,3,1,-20.167,-11.277,3.952
2012-05-08-14_09_05.524,5,2,3,1,-20.235,-11.203,3.952
2012-05-08-14_09_05.524,5,3,3,1,-29.191,-11.269,4.021
2012-05-08-14_09_05.525,5,3,3,1,-29.258,-11.196,4.020
2012-05-08-14_09_05.525,5,4,3,1,-38.181,-11.251,3.934
2012-05-08-14_09_05.526,5,4,3,1,-38.249,-11.177,3.834
2012-05-08-14_09_05.526,5,5,3,1,-47.229,-11.276,3.931
2012-05-08-14_09_05.527,5,5,3,1,-47.297,-11.203,3.831
2012-05-08-14_09_05.527,5,6,3,1,-56.208,-11.343,4.098
2012-05-08-14_09_05.528,5,6,3,1,-56.276,-11.269,3.998
2012-05-08-14_09_05.528,5,7,3,1,-65.261,-11.267,4.124
2012-05-08-14_09_05.529,5,7,3,1,-65.329,-11.193,4.024
2012-05-08-14_09_05.529,5,0,4,0,2.251,-15.782,4.261
2012-05-08-14_09_05.530,5,0,4,0,2.193,-15.718,4.261
2012-05-08-14_09_05.530,5,1,4,0,-6.751,-15.709,4.258
2012-05-08-14_09_05.531,5,1,4,0,-6.810,-15.711,4.258
2012-05-08-14_09_05.531,5,2,4,0,-15.730,-15.768,4.062
2012-05-08-14_09_05.532,5,2,4,0,-15.788,-15.703,4.062
2012-05-08-14_09_05.532,5,3,4,0,-24.753,-15.760,4.031
2012-05-08-14_09_05.533,5,3,4,0,-24.811,-15.695,3.932
2012-05-08-14_09_05.533,5,4,4,0,-33.744,-15.741,3.646
2012-05-08-14_09_05.534,5,4,4,0,-33.802,-15.676,3.546
2012-05-08-14_09_05.534,5,5,4,0,-42.791,-15.767,3.743
2012-05-08-14_09_05.535,5,5,4,0,-42.850,-15.702,3.743
2012-05-08-14_09_05.535,5,6,4,0,-51.770,-15.833,4.009
2012-05-08-14_09_05.537,5,6,4,0,-51.829,-15.769,4.009
2012-05-08-14_09_05.537,5,7,4,0,-60.824,-15.757,4.235
2012-05-08-14_09_05.538,5,7,4,0,-60.819,-15.721,4.235
2012-05-08-14_09_05.538,5,0,4,1,-2.187,-15.789,4.271
2012-05-08-14_09_05.539,5,0,4,1,-2.252,-15.717,4.270
2012-05-08-14_09_05.539,5,1,4,1,-11.189,-15.716,4.168
2012-05-08-14_09_05.540,5,1,4,1,-11.254,-15.644,4.068
2012-05-08-14_09_05.540,5,2,4,1,-20.167,-15.775,3.972
2012-05-08-14_09_05.541,5,2,4,1,-20.233,-15.703,3.972
2012-05-08-14_09_05.542,5,3,4,1,-29.191,-15.767,3.942
2012-05-08-14_09_05.543,5,3,4,1,-29.256,-15.695,3.941
2012-05-08-14_09_05.543,5,4,4,1,-38.181,-15.748,3.556
2012-05-08-14_09_05.544,5,4,4,1,-38.247,-15.676,3.556
2012-05-08-14_09_05.544,5,5,4,1,-47.229,-15.774,3.752
2012-05-08-14_09_05.545,5,5,4,1,-47.295,-15.702,3.653
2012-05-08-14_09_05.545,5,6,4,1,-56.208,-15.840,3.919
2012-05-08-14_09_05.546,5,6,4,1,-56.273,-15.768,4.018
2012-05-08-14_09_05.546,5,7,4,1,-65.262,-15.764,4.144
2012-05-08-14_09_05.547,5,7,4,1,-65.327,-15.692,4.044
2012-05-08-14_09_05.547,5,0,5,0,2.253,-20.282,4.285
2012-05-08-14_09_05.548,5,0,5,0,2.195,-20.222,4.185
2012-05-08-14_09_05.548,5,1,5,0,-6.749,-20.208,4.282
2012-05-08-14_09_05.549,5,1,5,0,-6.808,-20.149,4.183
2012-05-08-14_09_05.549,5,2,5,0,-15.728,-20.267,4.086
2012-05-08-14_09_05.550,5,2,5,0,-15.786,-20.207,4.086
2012-05-08-14_09_05.551,5,3,5,0,-24.751,-20.259,3.858
2012-05-08-14_09_05.551,5,3,5,0,-24.810,-20.199,3.759
2012-05-08-14_09_05.552,5,4,5,0,-33.742,-20.240,3.670
2012-05-08-14_09_05.553,5,4,5,0,-33.800,-20.181,3.670
2012-05-08-14_09_05.553,5,5,5,0,-42.789,-20.266,3.767
2012-05-08-14_09_05.554,5,5,5,0,-42.848,-20.206,3.866
2012-05-08-14_09_05.554,5,6,5,0,-51.768,-20.332,4.132
2012-05-08-14_09_05.555,5,6,5,0,-51.827,-20.273,4.033
2012-05-08-14_09_05.555,5,7,5,0,-60.822,-20.256,4.159
2012-05-08-14_09_05.555,5,7,5,0,-60.817,-20.211,4.159
2012-05-08-14_09_05.556,5,0,5,1,-2.187,-20.289,4.297
2012-05-08-14_09_05.556,5,0,5,1,-2.250,-20.222,4.398
2012-05-08-14_09_05.557,5,1,5,1,-11.189,-20.216,4.095
2012-05-08-14_09_05.557,5,1,5,1,-11.252,-20.149,3.995
2012-05-08-14_09_05.558,5,2,5,1,-20.168,-20.274,3.999
2012-05-08-14_09_05.558,5,2,5,1,-20.231,-20.207,3.998
2012-05-08-14_09_05.559,5,3,5,1,-29.191,-20.266,3.870
2012-05-08-14_09_05.559,5,3,5,1,-29.254,-20.199,3.771
2012-05-08-14_09_05.560,5,4,5,1,-38.182,-20.248,3.583
2012-05-08-14_09_05.560,5,4,5,1,-38.245,-20.180,3.583
2012-05-08-14_09_05.561,5,5,5,1,-47.230,-20.273,3.779
2012-05-08-14_09_05.561,5,5,5,1,-47.293,-20.206,3.779
2012-05-08-14_09_05.562,5,6,5,1,-56.209,-20.340,4.045
2012-05-08-14_09_05.562,5,6,5,1,-56.271,-20.273,4.045
2012-05-08-14_09_05.563,5,7,5,1,-65.262,-20.264,4.371
2012-05-08-14_09_05.563,5,7,5,1,-65.325,-20.197,4.371
2012-05-08-14_09_05.570,5,0,6,0,2.255,-24.778,4.309
2012-05-08-14_09_05.570,5,0,6,0,2.194,-24.727,4.309
2012-05-08-14_09_05.571,5,1,6,0,-6.747,-24.705,4.306
2012-05-08-14_09_05.571,5,1,6,0,-6.808,-24.654,4.207
2012-05-08-14_09_05.572,5,2,6,0,-15.726,-24.764,4.110
2012-05-08-14_09_05.572,5,2,6,0,-15.786,-24.713,4.110
2012-05-08-14_09_05.573,5,3,6,0,-24.749,-24.756,4.079
2012-05-08-14_09_05.573,5,3,6,0,-24.810,-24.705,3.980
2012-05-08-14_09_05.574,5,4,6,0,-33.740,-24.737,3.495
2012-05-08-14_09_05.575,5,4,6,0,-33.800,-24.686,3.495
2012-05-08-14_09_05.576,5,5,6,0,-42.787,-24.763,3.989
2012-05-08-14_09_05.576,5,5,6,0,-42.848,-24.712,3.791
2012-05-08-14_09_05.577,5,6,6,0,-51.766,-24.829,4.057
2012-05-08-14_09_05.577,5,6,6,0,-51.827,-24.778,4.057
2012-05-08-14_09_05.578,5,7,6,0,-60.820,-24.753,4.383
2012-05-08-14_09_05.578,5,7,6,0,-60.815,-24.713,4.383
2012-05-08-14_09_05.579,5,0,6,1,-2.190,-24.786,4.319
2012-05-08-14_09_05.579,5,0,6,1,-2.250,-24.727,4.318
2012-05-08-14_09_05.580,5,1,6,1,-11.192,-24.713,4.315
2012-05-08-14_09_05.580,5,1,6,1,-11.253,-24.654,4.216
2012-05-08-14_09_05.581,5,2,6,1,-20.171,-24.771,4.119
2012-05-08-14_09_05.581,5,2,6,1,-20.231,-24.712,4.020
2012-05-08-14_09_05.582,5,3,6,1,-29.194,-24.763,4.088
2012-05-08-14_09_05.582,5,3,6,1,-29.255,-24.704,4.088
2012-05-08-14_09_05.583,5,4,6,1,-38.185,-24.745,3.604
2012-05-08-14_09_05.583,5,4,6,1,-38.245,-24.685,3.504
2012-05-08-14_09_05.584,5,5,6,1,-47.232,-24.770,3.998
2012-05-08-14_09_05.584,5,5,6,1,-47.293,-24.711,3.998
2012-05-08-14_09_05.585,5,6,6,1,-56.211,-24.837,4.165
2012-05-08-14_09_05.585,5,6,6,1,-56.272,-24.778,4.165
2012-05-08-14_09_05.586,5,7,6,1,-65.265,-24.761,4.292
2012-05-08-14_09_05.586,5,7,6,1,-65.326,-24.702,4.292
2012-05-08-14_09_05.587,5,0,7,0,2.255,-29.280,4.330
2012-05-08-14_09_05.587,5,0,7,0,2.197,-29.220,4.330
2012-05-08-14_09_05.588,5,1,7,0,-6.748,-29.207,4.227
2012-05-08-14_09_05.588,5,1,7,0,-6.806,-29.147,4.127
2012-05-08-14_09_05.589,5,2,7,0,-15.726,-29.265,4.130
2012-05-08-14_09_05.589,5,2,7,0,-15.784,-29.205,4.130
2012-05-08-14_09_05.590,5,3,7,0,-24.750,-29.257,4.099
2012-05-08-14_09_05.590,5,3,7,0,-24.808,-29.197,4.000
2012-05-08-14_09_05.590,5,4,7,0,-33.740,-29.239,3.913
2012-05-08-14_09_05.591,5,4,7,0,-33.798,-29.178,3.913
2012-05-08-14_09_05.591,5,5,7,0,-42.788,-29.264,4.109
2012-05-08-14_09_05.592,5,5,7,0,-42.846,-29.204,4.009
2012-05-08-14_09_05.592,5,6,7,0,-51.767,-29.331,4.176
2012-05-08-14_09_05.593,5,6,7,0,-51.825,-29.271,4.176
2012-05-08-14_09_05.593,5,7,7,0,-60.821,-29.255,4.503
2012-05-08-14_09_05.594,5,7,7,0,-60.813,-29.207,4.403
2012-05-08-14_09_05.594,5,0,7,1,-2.190,-29.289,4.340
2012-05-08-14_09_05.595,5,0,7,1,-2.251,-29.219,4.340
2012-05-08-14_09_05.595,5,1,7,1,-11.193,-29.216,4.337
2012-05-08-14_09_05.596,5,1,7,1,-11.253,-29.146,4.237
2012-05-08-14_09_05.596,5,2,7,1,-20.171,-29.274,4.141
2012-05-08-14_09_05.597,5,2,7,1,-20.231,-29.204,4.041
2012-05-08-14_09_05.597,5,3,7,1,-29.195,-29.266,4.110
2012-05-08-14_09_05.598,5,3,7,1,-29.255,-29.196,4.011
2012-05-08-14_09_05.598,5,4,7,1,-38.185,-29.247,3.725
2012-05-08-14_09_05.599,5,4,7,1,-38.246,-29.178,3.725
2012-05-08-14_09_05.599,5,5,7,1,-47.233,-29.273,4.119
2012-05-08-14_09_05.601,5,5,7,1,-47.293,-29.203,4.020
2012-05-08-14_09_05.601,5,6,7,1,-56.212,-29.340,4.187
2012-05-08-14_09_05.602,5,6,7,1,-56.272,-29.270,4.187
2012-05-08-14_09_05.602,5,7,7,1,-65.266,-29.264,4.414
2012-05-08-14_09_05.603,5,7,7,1,-65.326,-29.194,4.413
2012-05-08-14_09_05.603,5,0,8,0,2.254,-33.784,4.357
2012-05-08-14_09_05.604,5,0,8,0,2.199,-33.718,4.357
2012-05-08-14_09_05.604,5,1,8,0,-6.748,-33.710,4.254
2012-05-08-14_09_05.605,5,1,8,0,-6.804,-33.645,4.254
2012-05-08-14_09_05.605,5,2,8,0,-15.726,-33.769,4.058
2012-05-08-14_09_05.606,5,2,8,0,-15.782,-33.703,4.157
2012-05-08-14_09_05.606,5,3,8,0,-24.750,-33.761,4.127
2012-05-08-14_09_05.608,5,3,8,0,-24.806,-33.695,4.028
2012-05-08-14_09_05.608,5,4,8,0,-33.740,-33.742,3.940
2012-05-08-14_09_05.609,5,4,8,0,-33.796,-33.676,3.940
2012-05-08-14_09_05.609,5,5,8,0,-42.788,-33.768,4.136
2012-05-08-14_09_05.610,5,5,8,0,-42.844,-33.702,4.037
2012-05-08-14_09_05.610,5,6,8,0,-51.767,-33.834,4.204
2012-05-08-14_09_05.611,5,6,8,0,-51.823,-33.769,4.104
2012-05-08-14_09_05.611,5,7,8,0,-60.821,-33.758,4.530
2012-05-08-14_09_05.612,5,7,8,0,-60.813,-33.706,4.430
2012-05-08-14_09_05.612,5,0,8,1,-2.193,-33.791,4.368
2012-05-08-14_09_05.613,5,0,8,1,-2.251,-33.717,4.367
2012-05-08-14_09_05.613,5,1,8,1,-11.196,-33.718,4.265
2012-05-08-14_09_05.614,5,1,8,1,-11.254,-33.644,4.265
2012-05-08-14_09_05.614,5,2,8,1,-20.174,-33.776,4.069
2012-05-08-14_09_05.615,5,2,8,1,-20.232,-33.702,4.069
2012-05-08-14_09_05.615,5,3,8,1,-29.198,-33.768,4.137
2012-05-08-14_09_05.616,5,3,8,1,-29.256,-33.694,4.137
2012-05-08-14_09_05.616,5,4,8,1,-38.188,-33.750,3.951
2012-05-08-14_09_05.617,5,4,8,1,-38.246,-33.676,3.951
2012-05-08-14_09_05.617,5,5,8,1,-47.236,-33.775,4.147
2012-05-08-14_09_05.618,5,5,8,1,-47.294,-33.701,4.047
2012-05-08-14_09_05.618,5,6,8,1,-56.215,-33.842,4.115
2012-05-08-14_09_05.619,5,6,8,1,-56.273,-33.768,4.214
2012-05-08-14_09_05.619,5,7,8,1,-65.268,-33.766,4.441
2012-05-08-14_09_05.619,5,7,8,1,-65.327,-33.692,4.341
2012-05-08-14_09_05.620,5,0,9,0,2.254,-38.283,4.378
2012-05-08-14_09_05.620,5,0,9,0,2.198,-38.217,4.378
2012-05-08-14_09_05.621,5,1,9,0,-6.749,-38.210,4.375
2012-05-08-14_09_05.621,5,1,9,0,-6.804,-38.144,4.276
2012-05-08-14_09_05.622,5,2,9,0,-15.727,-38.268,4.179
2012-05-08-14_09_05.622,5,2,9,0,-15.782,-38.202,4.179
2012-05-08-14_09_05.623,5,3,9,0,-24.751,-38.260,4.148
2012-05-08-14_09_05.623,5,3,9,0,-24.806,-38.194,4.049
2012-05-08-14_09_05.624,5,4,9,0,-33.741,-38.241,3.862
2012-05-08-14_09_05.624,5,4,9,0,-33.797,-38.176,3.763
2012-05-08-14_09_05.625,5,5,9,0,-42.789,-38.267,3.959
2012-05-08-14_09_05.625,5,5,9,0,-42.844,-38.201,3.860
2012-05-08-14_09_05.626,5,6,9,0,-51.768,-38.334,4.126
2012-05-08-14_09_05.626,5,6,9,0,-51.823,-38.268,4.126
2012-05-08-14_09_05.627,5,7,9,0,-60.821,-38.257,4.352
2012-05-08-14_09_05.627,5,7,9,0,-60.816,-38.207,4.452
2012-05-08-14_09_05.627,5,0,9,1,-2.196,-38.289,4.388
2012-05-08-14_09_05.628,5,0,9,1,-2.254,-38.217,4.287
2012-05-08-14_09_05.628,5,1,9,1,-11.198,-38.216,4.285
2012-05-08-14_09_05.629,5,1,9,1,-11.257,-38.144,4.285
2012-05-08-14_09_05.629,5,2,9,1,-20.177,-38.274,4.089
2012-05-08-14_09_05.630,5,2,9,1,-20.235,-38.202,4.089
2012-05-08-14_09_05.630,5,3,9,1,-29.200,-38.266,4.059
2012-05-08-14_09_05.631,5,3,9,1,-29.259,-38.194,4.059
2012-05-08-14_09_05.631,5,4,9,1,-38.191,-38.247,3.772
2012-05-08-14_09_05.632,5,4,9,1,-38.249,-38.175,3.673
2012-05-08-14_09_05.632,5,5,9,1,-47.239,-38.273,3.969
2012-05-08-14_09_05.633,5,5,9,1,-47.297,-38.201,3.869
2012-05-08-14_09_05.633,5,6,9,1,-56.218,-38.340,4.235
2012-05-08-14_09_05.634,5,6,9,1,-56.276,-38.268,4.234
2012-05-08-14_09_05.634,5,7,9,1,-65.271,-38.264,4.361
2012-05-08-14_09_05.634,5,7,9,1,-65.329,-38.192,4.461
2012-05-08-14_09_05.635,5,0,10,0,2.253,-42.782,4.300
2012-05-08-14_09_05.635,5,0,10,0,2.198,-42.720,4.300
2012-05-08-14_09_05.636,5,1,10,0,-6.749,-42.709,4.397
2012-05-08-14_09_05.636,5,1,10,0,-6.805,-42.647,4.297
2012-05-08-14_09_05.638,5,2,10,0,-15.727,-42.767,4.201
2012-05-08-14_09_05.639,5,2,10,0,-15.783,-42.705,4.201
2012-05-08-14_09_05.639,5,3,10,0,-24.751,-42.760,4.170
2012-05-08-14_09_05.640,5,3,10,0,-24.807,-42.697,4.170
2012-05-08-14_09_05.640,5,4,10,0,-33.741,-42.741,3.785
2012-05-08-14_09_05.641,5,4,10,0,-33.797,-42.679,3.785
2012-05-08-14_09_05.641,5,5,10,0,-42.789,-42.767,4.179
2012-05-08-14_09_05.641,5,5,10,0,-42.845,-42.704,4.080
2012-05-08-14_09_05.642,5,6,10,0,-51.768,-42.833,4.247
2012-05-08-14_09_05.642,5,6,10,0,-51.824,-42.771,4.247
2012-05-08-14_09_05.643,5,7,10,0,-60.822,-42.757,4.474
2012-05-08-14_09_05.643,5,7,10,0,-60.817,-42.711,4.474
2012-05-08-14_09_05.644,5,0,10,1,-2.196,-42.789,4.413
2012-05-08-14_09_05.644,5,0,10,1,-2.257,-42.720,4.413
2012-05-08-14_09_05.645,5,1,10,1,-11.199,-42.716,4.310
2012-05-08-14_09_05.645,5,1,10,1,-11.259,-42.647,4.310
2012-05-08-14_09_05.646,5,2,10,1,-20.177,-42.774,4.114
2012-05-08-14_09_05.646,5,2,10,1,-20.238,-42.705,4.114
2012-05-08-14_09_05.647,5,3,10,1,-29.201,-42.766,4.183
2012-05-08-14_09_05.647,5,3,10,1,-29.261,-42.697,4.183
2012-05-08-14_09_05.648,5,4,10,1,-38.191,-42.747,3.798
2012-05-08-14_09_05.648,5,4,10,1,-38.252,-42.679,3.797
2012-05-08-14_09_05.649,5,5,10,1,-47.239,-42.773,4.192
2012-05-08-14_09_05.649,5,5,10,1,-47.300,-42.704,4.192
2012-05-08-14_09_05.650,5,6,10,1,-56.218,-42.839,4.161
2012-05-08-14_09_05.650,5,6,10,1,-56.278,-42.771,4.160
2012-05-08-14_09_05.651,5,7,10,1,-65.272,-42.763,4.386
2012-05-08-14_09_05.651,5,7,10,1,-65.332,-42.695,4.386
2012-05-08-14_09_05.653,5,0,11,0,2.251,-47.279,4.327
2012-05-08-14_09_05.653,5,0,11,0,2.200,-47.226,4.327
2012-05-08-14_09_05.654,5,1,11,0,-6.752,-47.206,4.424
2012-05-08-14_09_05.655,5,1,11,0,-6.803,-47.153,4.424
2012-05-08-14_09_05.655,5,2,11,0,-15.730,-47.264,4.228
2012-05-08-14_09_05.656,5,2,11,0,-15.781,-47.211,4.228
2012-05-08-14_09_05.656,5,3,11,0,-24.754,-47.256,4.197
2012-05-08-14_09_05.656,5,3,11,0,-24.805,-47.204,4.197
2012-05-08-14_09_05.657,5,4,11,0,-33.744,-47.238,3.911
2012-05-08-14_09_05.657,5,4,11,0,-33.795,-47.185,3.812
2012-05-08-14_09_05.658,5,5,11,0,-42.792,-47.263,4.206
2012-05-08-14_09_05.658,5,5,11,0,-42.843,-47.211,4.008
2012-05-08-14_09_05.659,5,6,11,0,-51.771,-47.330,4.274
2012-05-08-14_09_05.659,5,6,11,0,-51.822,-47.277,4.274
2012-05-08-14_09_05.660,5,7,11,0,-60.825,-47.254,4.501
2012-05-08-14_09_05.660,5,7,11,0,-60.817,-47.212,4.501
2012-05-08-14_09_05.661,5,0,11,1,-2.199,-47.286,4.336
2012-05-08-14_09_05.661,5,0,11,1,-2.260,-47.226,4.437
2012-05-08-14_09_05.662,5,1,11,1,-11.202,-47.213,4.334
2012-05-08-14_09_05.662,5,1,11,1,-11.262,-47.153,4.334
2012-05-08-14_09_05.663,5,2,11,1,-20.180,-47.272,4.138
2012-05-08-14_09_05.663,5,2,11,1,-20.241,-47.211,4.138
2012-05-08-14_09_05.664,5,3,11,1,-29.204,-47.264,4.207
2012-05-08-14_09_05.664,5,3,11,1,-29.264,-47.203,4.207
2012-05-08-14_09_05.665,5,4,11,1,-38.194,-47.245,4.020
2012-05-08-14_09_05.665,5,4,11,1,-38.255,-47.184,3.921
2012-05-08-14_09_05.666,5,5,11,1,-47.242,-47.271,4.216
2012-05-08-14_09_05.666,5,5,11,1,-47.302,-47.210,4.216
2012-05-08-14_09_05.666,5,6,11,1,-56.221,-47.337,4.284
2012-05-08-14_09_05.667,5,6,11,1,-56.281,-47.277,4.284
2012-05-08-14_09_05.667,5,7,11,1,-65.275,-47.261,4.510
2012-05-08-14_09_05.668,5,7,11,1,-65.335,-47.201,4.410
2012-05-08-14_09_05.669,5,0,12,0,2.248,-51.780,4.346
2012-05-08-14_09_05.670,5,0,12,0,2.199,-51.721,4.346
2012-05-08-14_09_05.670,5,1,12,0,-6.755,-51.707,4.443
2012-05-08-14_09_05.671,5,1,12,0,-6.803,-51.647,4.343
2012-05-08-14_09_05.671,5,2,12,0,-15.733,-51.765,4.247
2012-05-08-14_09_05.672,5,2,12,0,-15.781,-51.706,4.247
2012-05-08-14_09_05.672,5,3,12,0,-24.757,-51.757,4.117
2012-05-08-14_09_05.673,5,3,12,0,-24.805,-51.698,4.018
2012-05-08-14_09_05.673,5,4,12,0,-33.747,-51.738,3.831
2012-05-08-14_09_05.674,5,4,12,0,-33.795,-51.679,3.731
2012-05-08-14_09_05.674,5,5,12,0,-42.795,-51.764,4.126
2012-05-08-14_09_05.675,5,5,12,0,-42.843,-51.705,4.126
2012-05-08-14_09_05.675,5,6,12,0,-51.774,-51.831,4.194
2012-05-08-14_09_05.676,5,6,12,0,-51.822,-51.771,4.194
2012-05-08-14_09_05.676,5,7,12,0,-60.828,-51.754,4.520
2012-05-08-14_09_05.677,5,7,12,0,-60.820,-51.707,4.520
2012-05-08-14_09_05.677,5,0,12,1,-2.200,-51.790,4.455
2012-05-08-14_09_05.678,5,0,12,1,-2.260,-51.720,4.455
2012-05-08-14_09_05.678,5,1,12,1,-11.202,-51.716,4.353
2012-05-08-14_09_05.679,5,1,12,1,-11.263,-51.647,4.353
2012-05-08-14_09_05.679,5,2,12,1,-20.180,-51.775,4.157
2012-05-08-14_09_05.680,5,2,12,1,-20.241,-51.705,4.157
2012-05-08-14_09_05.680,5,3,12,1,-29.204,-51.767,4.126
2012-05-08-14_09_05.681,5,3,12,1,-29.265,-51.698,4.126
2012-05-08-14_09_05.681,5,4,12,1,-38.194,-51.748,3.939
2012-05-08-14_09_05.682,5,4,12,1,-38.255,-51.679,4.039
2012-05-08-14_09_05.682,5,5,12,1,-47.242,-51.774,4.234
2012-05-08-14_09_05.683,5,5,12,1,-47.303,-51.705,4.234
2012-05-08-14_09_05.683,5,6,12,1,-56.221,-51.840,4.302
2012-05-08-14_09_05.684,5,6,12,1,-56.282,-51.771,4.302
2012-05-08-14_09_05.684,5,7,12,1,-65.275,-51.764,4.429
2012-05-08-14_09_05.684,5,7,12,1,-65.336,-51.695,4.529
2012-05-08-14_09_05.685,5,0,13,0,2.247,-56.284,4.468
2012-05-08-14_09_05.685,5,0,13,0,2.196,-56.218,4.368
2012-05-08-14_09_05.686,5,1,13,0,-6.755,-56.210,4.465
2012-05-08-14_09_05.686,5,1,13,0,-6.806,-56.145,4.465
2012-05-08-14_09_05.687,5,2,13,0,-15.733,-56.269,4.269
2012-05-08-14_09_05.687,5,2,13,0,-15.784,-56.203,4.269
2012-05-08-14_09_05.688,5,3,13,0,-24.757,-56.261,4.041
2012-05-08-14_09_05.688,5,3,13,0,-24.808,-56.195,4.041
2012-05-08-14_09_05.689,5,4,13,0,-33.747,-56.242,3.853
2012-05-08-14_09_05.689,5,4,13,0,-33.798,-56.176,3.754
2012-05-08-14_09_05.690,5,5,13,0,-42.795,-56.268,4.148
2012-05-08-14_09_05.690,5,5,13,0,-42.846,-56.202,4.049
2012-05-08-14_09_05.691,5,6,13,0,-51.774,-56.334,4.216
2012-05-08-14_09_05.691,5,6,13,0,-51.825,-56.269,4.216
2012-05-08-14_09_05.692,5,7,13,0,-60.828,-56.258,4.542
2012-05-08-14_09_05.692,5,7,13,0,-60.823,-56.205,4.542
2012-05-08-14_09_05.693,5,0,13,1,-2.198,-56.292,4.381
2012-05-08-14_09_05.693,5,0,13,1,-2.263,-56.218,4.482
2012-05-08-14_09_05.694,5,1,13,1,-11.200,-56.219,4.379
2012-05-08-14_09_05.694,5,1,13,1,-11.266,-56.145,4.379
2012-05-08-14_09_05.695,5,2,13,1,-20.178,-56.277,4.183
2012-05-08-14_09_05.695,5,2,13,1,-20.244,-56.203,4.183
2012-05-08-14_09_05.696,5,3,13,1,-29.202,-56.269,4.153
2012-05-08-14_09_05.696,5,3,13,1,-29.268,-56.196,4.054
2012-05-08-14_09_05.696,5,4,13,1,-38.192,-56.250,3.767
2012-05-08-14_09_05.697,5,4,13,1,-38.258,-56.177,3.767
2012-05-08-14_09_05.697,5,5,13,1,-47.240,-56.276,4.261
2012-05-08-14_09_05.698,5,5,13,1,-47.306,-56.203,4.261
2012-05-08-14_09_05.698,5,6,13,1,-56.219,-56.343,4.229
2012-05-08-14_09_05.699,5,6,13,1,-56.285,-56.269,4.229
2012-05-08-14_09_05.700,5,7,13,1,-65.273,-56.267,4.455
2012-05-08-14_09_05.701,5,7,13,1,-65.338,-56.193,4.455
2012-05-08-14_09_05.702,5,0,14,0,2.244,-60.782,4.395
2012-05-08-14_09_05.702,5,0,14,0,2.194,-60.717,4.395
2012-05-08-14_09_05.703,5,1,14,0,-6.758,-60.709,4.392
2012-05-08-14_09_05.703,5,1,14,0,-6.809,-60.710,4.392
2012-05-08-14_09_05.704,5,2,14,0,-15.736,-60.768,4.295
2012-05-08-14_09_05.705,5,2,14,0,-15.787,-60.702,4.196
2012-05-08-14_09_05.706,5,3,14,0,-24.760,-60.760,4.166
2012-05-08-14_09_05.706,5,3,14,0,-24.811,-60.694,4.166
2012-05-08-14_09_05.707,5,4,14,0,-33.750,-60.741,4.078
2012-05-08-14_09_05.707,5,4,14,0,-33.801,-60.676,4.078
2012-05-08-14_09_05.708,5,5,14,0,-42.798,-60.767,4.175
2012-05-08-14_09_05.708,5,5,14,0,-42.849,-60.701,4.076
2012-05-08-14_09_05.709,5,6,14,0,-51.777,-60.833,4.243
2012-05-08-14_09_05.709,5,6,14,0,-51.828,-60.768,4.243
2012-05-08-14_09_05.710,5,7,14,0,-60.831,-60.757,4.668
2012-05-08-14_09_05.710,5,7,14,0,-60.823,-60.720,4.569
2012-05-08-14_09_05.711,5,0,14,1,-2.196,-60.789,4.204
2012-05-08-14_09_05.711,5,0,14,1,-2.261,-60.717,4.505
2012-05-08-14_09_05.712,5,1,14,1,-11.198,-60.716,4.402
2012-05-08-14_09_05.712,5,1,14,1,-11.264,-60.644,4.402
2012-05-08-14_09_05.713,5,2,14,1,-20.176,-60.775,4.206
2012-05-08-14_09_05.713,5,2,14,1,-20.242,-60.703,4.206
2012-05-08-14_09_05.714,5,3,14,1,-29.200,-60.767,4.176
2012-05-08-14_09_05.715,5,3,14,1,-29.266,-60.695,4.275
2012-05-08-14_09_05.716,5,4,14,1,-38.190,-60.748,4.088
2012-05-08-14_09_05.716,5,4,14,1,-38.256,-60.676,4.088
2012-05-08-14_09_05.717,5,5,14,1,-47.238,-60.774,4.284
2012-05-08-14_09_05.717,5,5,14,1,-47.304,-60.702,4.185
2012-05-08-14_09_05.718,5,6,14,1,-56.217,-60.840,4.352
2012-05-08-14_09_05.718,5,6,14,1,-56.283,-60.768,4.352
2012-05-08-14_09_05.719,5,7,14,1,-65.271,-60.764,4.478
2012-05-08-14_09_05.720,5,7,14,1,-65.336,-60.692,4.478
2012-05-08-14_09_05.720,5,0,15,0,2.242,-65.282,4.515
2012-05-08-14_09_05.721,5,0,15,0,2.191,-65.221,4.515
2012-05-08-14_09_05.721,5,1,15,0,-6.761,-65.209,4.512
2012-05-08-14_09_05.722,5,1,15,0,-6.812,-65.148,4.413
2012-05-08-14_09_05.722,5,2,15,0,-15.739,-65.267,4.316
2012-05-08-14_09_05.723,5,2,15,0,-15.790,-65.206,4.316
2012-05-08-14_09_05.723,5,3,15,0,-24.763,-65.259,4.186
2012-05-08-14_09_05.723,5,3,15,0,-24.814,-65.198,4.186
2012-05-08-14_09_05.724,5,4,15,0,-33.753,-65.240,4.099
2012-05-08-14_09_05.724,5,4,15,0,-33.804,-65.179,4.099
2012-05-08-14_09_05.725,5,5,15,0,-42.801,-65.266,4.096
2012-05-08-14_09_05.725,5,5,15,0,-42.852,-65.205,3.997
2012-05-08-14_09_05.726,5,6,15,0,-51.780,-65.333,4.263
2012-05-08-14_09_05.726,5,6,15,0,-51.831,-65.272,4.263
2012-05-08-14_09_05.727,5,7,15,0,-60.834,-65.257,4.489
2012-05-08-14_09_05.727,5,7,15,0,-60.826,-65.211,4.489
2012-05-08-14_09_05.728,5,0,15,1,-2.196,-65.289,4.526
2012-05-08-14_09_05.728,5,0,15,1,-2.262,-65.221,4.526
2012-05-08-14_09_05.729,5,1,15,1,-11.199,-65.216,4.423
2012-05-08-14_09_05.729,5,1,15,1,-11.264,-65.147,4.423
2012-05-08-14_09_05.730,5,2,15,1,-20.177,-65.274,4.227
2012-05-08-14_09_05.730,5,2,15,1,-20.242,-65.206,4.227
2012-05-08-14_09_05.731,5,3,15,1,-29.201,-65.266,4.296
2012-05-08-14_09_05.731,5,3,15,1,-29.266,-65.198,4.197
2012-05-08-14_09_05.732,5,4,15,1,-38.191,-65.247,3.811
2012-05-08-14_09_05.732,5,4,15,1,-38.256,-65.179,3.811
2012-05-08-14_09_05.733,5,5,15,1,-47.239,-65.273,4.206
2012-05-08-14_09_05.734,5,5,15,1,-47.304,-65.205,4.206
2012-05-08-14_09_05.734,5,6,15,1,-56.218,-65.339,4.273
2012-05-08-14_09_05.735,5,6,15,1,-56.283,-65.271,4.273
2012-05-08-14_09_05.735,5,7,15,1,-65.271,-65.263,4.499
2012-05-08-14_09_05.736,5,7,15,1,-65.337,-65.195,4.499
2012-05-08-14_09_05.736,5,0,16,0,2.244,-69.778,4.542
2012-05-08-14_09_05.737,5,0,16,0,2.188,-69.726,4.542
2012-05-08-14_09_05.738,5,1,16,0,-6.759,-69.705,4.439
2012-05-08-14_09_05.738,5,1,16,0,-6.815,-69.652,4.439
2012-05-08-14_09_05.739,5,2,16,0,-15.737,-69.764,4.342
2012-05-08-14_09_05.739,5,2,16,0,-15.793,-69.711,4.342
2012-05-08-14_09_05.740,5,3,16,0,-24.761,-69.756,4.213
2012-05-08-14_09_05.740,5,3,16,0,-24.817,-69.703,4.213
2012-05-08-14_09_05.741,5,4,16,0,-33.751,-69.737,3.927
2012-05-08-14_09_05.741,5,4,16,0,-33.807,-69.684,3.827
2012-05-08-14_09_05.741,5,5,16,0,-42.799,-69.763,4.321
2012-05-08-14_09_05.742,5,5,16,0,-42.855,-69.710,4.222
2012-05-08-14_09_05.742,5,6,16,0,-51.778,-69.829,4.289
2012-05-08-14_09_05.743,5,6,16,0,-51.834,-69.776,4.289
2012-05-08-14_09_05.743,5,7,16,0,-60.832,-69.753,4.515
2012-05-08-14_09_05.744,5,7,16,0,-60.829,-69.713,4.515
2012-05-08-14_09_05.744,5,0,16,1,-2.194,-69.786,4.553
2012-05-08-14_09_05.745,5,0,16,1,-2.260,-69.725,4.553
2012-05-08-14_09_05.745,5,1,16,1,-11.197,-69.713,4.451
2012-05-08-14_09_05.746,5,1,16,1,-11.262,-69.652,4.451
2012-05-08-14_09_05.746,5,2,16,1,-20.175,-69.771,4.255
2012-05-08-14_09_05.747,5,2,16,1,-20.240,-69.710,4.254
2012-05-08-14_09_05.747,5,3,16,1,-29.199,-69.763,4.323
2012-05-08-14_09_05.748,5,3,16,1,-29.264,-69.702,4.224
2012-05-08-14_09_05.748,5,4,16,1,-38.189,-69.744,3.938
2012-05-08-14_09_05.749,5,4,16,1,-38.254,-69.683,3.838
2012-05-08-14_09_05.749,5,5,16,1,-47.237,-69.770,3.936
2012-05-08-14_09_05.750,5,5,16,1,-47.302,-69.709,3.936
2012-05-08-14_09_05.750,5,6,16,1,-56.216,-69.837,4.301
2012-05-08-14_09_05.750,5,6,16,1,-56.281,-69.775,4.301
2012-05-08-14_09_05.751,5,7,16,1,-65.269,-69.760,4.427
2012-05-08-14_09_05.751,5,7,16,1,-65.335,-69.699,4.427
2012-05-08-14_09_05.752,5,0,17,0,2.243,-74.280,4.564
2012-05-08-14_09_05.752,5,0,17,0,2.190,-74.220,4.464
2012-05-08-14_09_05.753,5,1,17,0,-6.759,-74.207,4.461
2012-05-08-14_09_05.753,5,1,17,0,-6.815,-74.206,4.461
2012-05-08-14_09_05.754,5,2,17,0,-15.737,-74.265,4.365
2012-05-08-14_09_05.754,5,2,17,0,-15.791,-74.205,4.365
2012-05-08-14_09_05.755,5,3,17,0,-24.761,-74.257,4.136
2012-05-08-14_09_05.755,5,3,17,0,-24.815,-74.197,4.037
2012-05-08-14_09_05.756,5,4,17,0,-33.752,-74.238,3.949
2012-05-08-14_09_05.756,5,4,17,0,-33.805,-74.178,3.949
2012-05-08-14_09_05.758,5,5,17,0,-42.799,-74.264,4.244
2012-05-08-14_09_05.759,5,5,17,0,-42.853,-74.204,4.145
2012-05-08-14_09_05.759,5,6,17,0,-51.778,-74.331,4.312
2012-05-08-14_09_05.760,5,6,17,0,-51.832,-74.271,4.312
2012-05-08-14_09_05.760,5,7,17,0,-60.832,-74.254,4.637
2012-05-08-14_09_05.761,5,7,17,0,-60.827,-74.216,4.637
2012-05-08-14_09_05.761,5,0,17,1,-2.195,-74.289,4.473
2012-05-08-14_09_05.762,5,0,17,1,-2.260,-74.219,4.573
2012-05-08-14_09_05.762,5,1,17,1,-11.197,-74.216,4.471
2012-05-08-14_09_05.762,5,1,17,1,-11.262,-74.146,4.471
2012-05-08-14_09_05.763,5,2,17,1,-20.175,-74.274,4.275
2012-05-08-14_09_05.764,5,2,17,1,-20.241,-74.204,4.275
2012-05-08-14_09_05.764,5,3,17,1,-29.199,-74.266,4.146
2012-05-08-14_09_05.765,5,3,17,1,-29.264,-74.196,4.146
2012-05-08-14_09_05.766,5,4,17,1,-38.189,-74.248,3.859
2012-05-08-14_09_05.767,5,4,17,1,-38.255,-74.177,3.859
2012-05-08-14_09_05.767,5,5,17,1,-47.237,-74.274,4.055
2012-05-08-14_09_05.768,5,5,17,1,-47.303,-74.203,4.055
2012-05-08-14_09_05.768,5,6,17,1,-56.216,-74.340,4.321
2012-05-08-14_09_05.769,5,6,17,1,-56.281,-74.269,4.321
2012-05-08-14_09_05.769,5,7,17,1,-65.270,-74.264,4.547
2012-05-08-14_09_05.770,5,7,17,1,-65.335,-74.193,4.447
2012-05-08-14_09_05.770,5,0,18,0,2.245,-78.783,4.484
2012-05-08-14_09_05.771,5,0,18,0,2.189,-78.718,4.384
2012-05-08-14_09_05.771,5,1,18,0,-6.757,-78.710,4.482
2012-05-08-14_09_05.772,5,1,18,0,-6.813,-78.711,4.482
2012-05-08-14_09_05.772,5,2,18,0,-15.735,-78.768,4.385
2012-05-08-14_09_05.773,5,2,18,0,-15.791,-78.703,4.286
2012-05-08-14_09_05.774,5,3,18,0,-24.759,-78.761,4.255
2012-05-08-14_09_05.774,5,3,18,0,-24.815,-78.696,4.157
2012-05-08-14_09_05.775,5,4,18,0,-33.750,-78.742,4.168
2012-05-08-14_09_05.775,5,4,18,0,-33.805,-78.677,4.069
2012-05-08-14_09_05.775,5,5,18,0,-42.797,-78.768,4.264
2012-05-08-14_09_05.776,5,5,18,0,-42.853,-78.703,4.165
2012-05-08-14_09_05.776,5,6,18,0,-51.776,-78.834,4.332
2012-05-08-14_09_05.777,5,6,18,0,-51.832,-78.769,4.332
2012-05-08-14_09_05.777,5,7,18,0,-60.830,-78.758,4.658
2012-05-08-14_09_05.778,5,7,18,0,-60.825,-78.716,4.558
2012-05-08-14_09_05.778,5,0,18,1,-2.195,-78.791,4.497
2012-05-08-14_09_05.779,5,0,18,1,-2.258,-78.718,4.497
2012-05-08-14_09_05.779,5,1,18,1,-11.197,-78.718,4.494
2012-05-08-14_09_05.780,5,1,18,1,-11.260,-78.645,4.494
2012-05-08-14_09_05.780,5,2,18,1,-20.176,-78.777,4.298
2012-05-08-14_09_05.781,5,2,18,1,-20.239,-78.703,4.298
2012-05-08-14_09_05.781,5,3,18,1,-29.199,-78.769,4.268
2012-05-08-14_09_05.782,5,3,18,1,-29.262,-78.695,4.268
2012-05-08-14_09_05.782,5,4,18,1,-38.190,-78.750,3.882
2012-05-08-14_09_05.783,5,4,18,1,-38.253,-78.676,3.783
2012-05-08-14_09_05.783,5,5,18,1,-47.238,-78.776,4.277
2012-05-08-14_09_05.783,5,5,18,1,-47.300,-78.702,4.277
2012-05-08-14_09_05.784,5,6,18,1,-56.216,-78.842,4.345
2012-05-08-14_09_05.784,5,6,18,1,-56.279,-78.769,4.345
2012-05-08-14_09_05.785,5,7,18,1,-65.270,-78.766,4.571
2012-05-08-14_09_05.785,5,7,18,1,-65.333,-78.693,4.571
2012-05-08-14_09_05.786,5,0,19,0,2.245,-83.283,4.512
2012-05-08-14_09_05.786,5,0,19,0,2.189,-83.217,4.512
2012-05-08-14_09_05.787,5,1,19,0,-6.758,-83.210,4.510
2012-05-08-14_09_05.787,5,1,19,0,-6.814,-83.210,4.510
2012-05-08-14_09_05.788,5,2,19,0,-15.736,-83.268,4.413
2012-05-08-14_09_05.788,5,2,19,0,-15.792,-83.202,4.314
2012-05-08-14_09_05.789,5,3,19,0,-24.760,-83.260,4.382
2012-05-08-14_09_05.789,5,3,19,0,-24.815,-83.194,4.283
2012-05-08-14_09_05.790,5,4,19,0,-33.750,-83.242,3.898
2012-05-08-14_09_05.790,5,4,19,0,-33.806,-83.175,3.798
2012-05-08-14_09_05.791,5,5,19,0,-42.798,-83.267,4.391
2012-05-08-14_09_05.791,5,5,19,0,-42.854,-83.201,4.292
2012-05-08-14_09_05.791,5,6,19,0,-51.777,-83.334,4.360
2012-05-08-14_09_05.792,5,6,19,0,-51.832,-83.268,4.360
2012-05-08-14_09_05.792,5,7,19,0,-60.831,-83.258,4.586
2012-05-08-14_09_05.793,5,7,19,0,-60.823,-83.220,4.586
2012-05-08-14_09_05.793,5,0,19,1,-2.195,-83.289,4.422
2012-05-08-14_09_05.794,5,0,19,1,-2.258,-83.217,4.623
2012-05-08-14_09_05.794,5,1,19,1,-11.198,-83.216,4.520
2012-05-08-14_09_05.795,5,1,19,1,-11.261,-83.144,4.520
2012-05-08-14_09_05.795,5,2,19,1,-20.176,-83.274,4.324
2012-05-08-14_09_05.797,5,2,19,1,-20.239,-83.202,4.324
2012-05-08-14_09_05.797,5,3,19,1,-29.200,-83.266,4.294
2012-05-08-14_09_05.798,5,3,19,1,-29.263,-83.194,4.195
2012-05-08-14_09_05.798,5,4,19,1,-38.190,-83.247,4.107
2012-05-08-14_09_05.799,5,4,19,1,-38.253,-83.176,4.007
2012-05-08-14_09_05.799,5,5,19,1,-47.238,-83.273,4.402
2012-05-08-14_09_05.800,5,5,19,1,-47.301,-83.201,4.402
2012-05-08-14_09_05.800,5,6,19,1,-56.217,-83.340,4.370
2012-05-08-14_09_05.801,5,6,19,1,-56.280,-83.268,4.370
2012-05-08-14_09_05.801,5,7,19,1,-65.271,-83.264,4.596
2012-05-08-14_09_05.802,5,7,19,1,-65.334,-83.192,4.596
2012-05-08-14_09_05.803,5,0,20,0,2.247,-87.782,4.633
2012-05-08-14_09_05.803,5,0,20,0,2.191,-87.721,4.532
2012-05-08-14_09_05.804,5,1,20,0,-6.756,-87.709,4.430
2012-05-08-14_09_05.804,5,1,20,0,-6.811,-87.648,4.331
2012-05-08-14_09_05.805,5,2,20,0,-15.734,-87.767,4.433
2012-05-08-14_09_05.806,5,2,20,0,-15.790,-87.706,4.433
2012-05-08-14_09_05.806,5,3,20,0,-24.758,-87.760,4.304
2012-05-08-14_09_05.807,5,3,20,0,-24.813,-87.698,4.205
2012-05-08-14_09_05.808,5,4,20,0,-33.748,-87.741,4.216
2012-05-08-14_09_05.808,5,4,20,0,-33.804,-87.679,4.117
2012-05-08-14_09_05.809,5,5,20,0,-42.796,-87.767,4.412
2012-05-08-14_09_05.809,5,5,20,0,-42.852,-87.705,4.312
2012-05-08-14_09_05.810,5,6,20,0,-51.775,-87.833,4.380
2012-05-08-14_09_05.810,5,6,20,0,-51.830,-87.772,4.281
2012-05-08-14_09_05.811,5,7,20,0,-60.829,-87.757,4.706
2012-05-08-14_09_05.812,5,7,20,0,-60.821,-87.712,4.606
2012-05-08-14_09_05.813,5,0,20,1,-2.196,-87.789,4.642
2012-05-08-14_09_05.813,5,0,20,1,-2.256,-87.721,4.642
2012-05-08-14_09_05.814,5,1,20,1,-11.198,-87.716,4.440
2012-05-08-14_09_05.814,5,1,20,1,-11.259,-87.648,4.439
2012-05-08-14_09_05.815,5,2,20,1,-20.176,-87.774,4.343
2012-05-08-14_09_05.815,5,2,20,1,-20.237,-87.706,4.343
2012-05-08-14_09_05.816,5,3,20,1,-29.200,-87.766,4.313
2012-05-08-14_09_05.816,5,3,20,1,-29.261,-87.698,4.313
2012-05-08-14_09_05.817,5,4,20,1,-38.191,-87.748,4.225
2012-05-08-14_09_05.817,5,4,20,1,-38.251,-87.679,4.026
2012-05-08-14_09_05.818,5,5,20,1,-47.238,-87.773,4.322
2012-05-08-14_09_05.818,5,5,20,1,-47.299,-87.705,4.223
2012-05-08-14_09_05.819,5,6,20,1,-56.217,-87.840,4.489
2012-05-08-14_09_05.819,5,6,20,1,-56.278,-87.772,4.389
2012-05-08-14_09_05.820,5,7,20,1,-65.271,-87.764,4.715
2012-05-08-14_09_05.820,5,7,20,1,-65.332,-87.696,4.715
2012-05-08-14_09_05.821,5,0,21,0,2.246,-92.278,4.655
2012-05-08-14_09_05.821,5,0,21,0,2.191,-92.227,4.655
2012-05-08-14_09_05.822,5,1,21,0,-6.756,-92.205,4.552
2012-05-08-14_09_05.822,5,1,21,0,-6.812,-92.154,4.552
2012-05-08-14_09_05.823,5,2,21,0,-15.734,-92.263,4.455
2012-05-08-14_09_05.823,5,2,21,0,-15.790,-92.212,4.455
2012-05-08-14_09_05.824,5,3,21,0,-24.758,-92.255,4.325
2012-05-08-14_09_05.824,5,3,21,0,-24.814,-92.204,4.227
2012-05-08-14_09_05.825,5,4,21,0,-33.748,-92.237,4.238
2012-05-08-14_09_05.825,5,4,21,0,-33.804,-92.185,4.039
2012-05-08-14_09_05.826,5,5,21,0,-42.796,-92.262,4.334
2012-05-08-14_09_05.826,5,5,21,0,-42.852,-92.211,4.235
2012-05-08-14_09_05.827,5,6,21,0,-51.775,-92.329,4.402
2012-05-08-14_09_05.827,5,6,21,0,-51.831,-92.278,4.402
2012-05-08-14_09_05.827,5,7,21,0,-60.829,-92.253,4.728
2012-05-08-14_09_05.828,5,7,21,0,-60.821,-92.213,4.628
2012-05-08-14_09_05.828,5,0,21,1,-2.196,-92.287,4.466
2012-05-08-14_09_05.829,5,0,21,1,-2.257,-92.226,4.667
2012-05-08-14_09_05.830,5,1,21,1,-11.199,-92.213,4.365
2012-05-08-14_09_05.831,5,1,21,1,-11.259,-92.153,4.465
2012-05-08-14_09_05.831,5,2,21,1,-20.177,-92.272,4.368
2012-05-08-14_09_05.832,5,2,21,1,-20.237,-92.211,4.368
2012-05-08-14_09_05.832,5,3,21,1,-29.201,-92.264,4.338
2012-05-08-14_09_05.833,5,3,21,1,-29.261,-92.203,4.239
2012-05-08-14_09_05.833,5,4,21,1,-38.191,-92.245,3.952
2012-05-08-14_09_05.834,5,4,21,1,-38.252,-92.184,3.952
2012-05-08-14_09_05.834,5,5,21,1,-47.239,-92.271,4.446
2012-05-08-14_09_05.835,5,5,21,1,-47.299,-92.210,4.347
2012-05-08-14_09_05.835,5,6,21,1,-56.218,-92.337,4.415
2012-05-08-14_09_05.836,5,6,21,1,-56.278,-92.277,4.415
2012-05-08-14_09_05.836,5,7,21,1,-65.271,-92.261,4.641
2012-05-08-14_09_05.836,5,7,21,1,-65.332,-92.201,4.541
2012-05-08-14_09_05.837,5,0,22,0,2.248,-96.779,4.681
2012-05-08-14_09_05.837,5,0,22,0,2.193,-96.721,4.580
2012-05-08-14_09_05.838,5,1,22,0,-6.754,-96.706,4.677
2012-05-08-14_09_05.838,5,1,22,0,-6.810,-96.648,4.578
2012-05-08-14_09_05.839,5,2,22,0,-15.732,-96.765,4.481
2012-05-08-14_09_05.839,5,2,22,0,-15.788,-96.706,4.481
2012-05-08-14_09_05.840,5,3,22,0,-24.756,-96.757,4.450
2012-05-08-14_09_05.840,5,3,22,0,-24.812,-96.698,4.351
2012-05-08-14_09_05.841,5,4,22,0,-33.746,-96.738,4.264
2012-05-08-14_09_05.841,5,4,22,0,-33.802,-96.679,4.165
2012-05-08-14_09_05.842,5,5,22,0,-42.794,-96.764,4.360
2012-05-08-14_09_05.842,5,5,22,0,-42.850,-96.705,4.261
2012-05-08-14_09_05.843,5,6,22,0,-51.773,-96.830,4.527
2012-05-08-14_09_05.843,5,6,22,0,-51.829,-96.772,4.527
2012-05-08-14_09_05.844,5,7,22,0,-60.827,-96.754,4.654
2012-05-08-14_09_05.844,5,7,22,0,-60.824,-96.706,4.654
2012-05-08-14_09_05.845,5,0,22,1,-2.197,-96.790,4.588
2012-05-08-14_09_05.845,5,0,22,1,-2.257,-96.721,4.688
2012-05-08-14_09_05.846,5,1,22,1,-11.199,-96.717,4.585
2012-05-08-14_09_05.847,5,1,22,1,-11.260,-96.647,4.585
2012-05-08-14_09_05.848,5,2,22,1,-20.177,-96.776,4.389
2012-05-08-14_09_05.848,5,2,22,1,-20.238,-96.706,4.389
2012-05-08-14_09_05.849,5,3,22,1,-29.201,-96.768,4.359
2012-05-08-14_09_05.849,5,3,22,1,-29.262,-96.698,4.458
2012-05-08-14_09_05.850,5,4,22,1,-38.191,-96.749,4.272
2012-05-08-14_09_05.850,5,4,22,1,-38.252,-96.679,4.272
2012-05-08-14_09_05.851,5,5,22,1,-47.239,-96.775,4.467
2012-05-08-14_09_05.851,5,5,22,1,-47.300,-96.705,4.368
2012-05-08-14_09_05.852,5,6,22,1,-56.218,-96.841,4.535
2012-05-08-14_09_05.852,5,6,22,1,-56.279,-96.771,4.535
2012-05-08-14_09_05.853,5,7,22,1,-65.272,-96.765,4.662
2012-05-08-14_09_05.854,5,7,22,1,-65.332,-96.695,4.662
2012-05-08-14_09_05.854,5,0,23,0,2.248,-101.283,4.700
2012-05-08-14_09_05.855,5,0,23,0,2.195,-101.219,4.700
2012-05-08-14_09_05.855,5,1,23,0,-6.755,-101.210,4.697
2012-05-08-14_09_05.855,5,1,23,0,-6.808,-101.146,4.597
2012-05-08-14_09_05.856,5,2,23,0,-15.733,-101.268,4.501
2012-05-08-14_09_05.856,5,2,23,0,-15.786,-101.204,4.401
2012-05-08-14_09_05.857,5,3,23,0,-24.757,-101.261,4.470
2012-05-08-14_09_05.858,5,3,23,0,-24.810,-101.196,4.371
2012-05-08-14_09_05.858,5,4,23,0,-33.747,-101.242,4.284
2012-05-08-14_09_05.859,5,4,23,0,-33.800,-101.178,4.284
2012-05-08-14_09_05.859,5,5,23,0,-42.795,-101.268,4.380
2012-05-08-14_09_05.860,5,5,23,0,-42.848,-101.203,4.281
2012-05-08-14_09_05.860,5,6,23,0,-51.774,-101.334,4.448
2012-05-08-14_09_05.861,5,6,23,0,-51.827,-101.270,4.348
2012-05-08-14_09_05.861,5,7,23,0,-60.827,-101.258,4.674
2012-05-08-14_09_05.863,5,7,23,0,-60.825,-101.205,4.674
2012-05-08-14_09_05.863,5,0,23,1,-2.185,-101.281,4.399
2012-05-08-14_09_05.864,5,0,23,1,-2.258,-101.219,4.499
2012-05-08-14_09_05.864,5,1,23,1,-11.187,-101.208,4.597
2012-05-08-14_09_05.865,5,1,23,1,-11.260,-101.146,4.597
2012-05-08-14_09_05.866,5,2,23,1,-20.165,-101.266,4.401
2012-05-08-14_09_05.867,5,2,23,1,-20.238,-101.204,4.501
2012-05-08-14_09_05.867,5,3,23,1,-29.189,-101.258,4.371
2012-05-08-14_09_05.868,5,3,23,1,-29.262,-101.196,4.371
2012-05-08-14_09_05.868,5,4,23,1,-38.180,-101.240,4.085
2012-05-08-14_09_05.869,5,4,23,1,-38.252,-101.178,4.085
2012-05-08-14_09_05.869,5,5,23,1,-47.227,-101.265,4.479
2012-05-08-14_09_05.870,5,5,23,1,-47.300,-101.203,4.380
2012-05-08-14_09_05.870,5,6,23,1,-56.206,-101.332,4.448
2012-05-08-14_09_05.871,5,6,23,1,-56.279,-101.270,4.448
2012-05-08-14_09_05.871,5,7,23,1,-65.260,-101.256,4.674
2012-05-08-14_09_05.872,5,7,23,1,-65.333,-101.194,4.674
