2012-05-05-18_23_05.531,30,0,0,0,2.259,2.220,3.396
2012-05-05-18_23_05.532,30,1,0,0,-6.747,2.205,2.795
2012-05-05-18_23_05.533,30,2,0,0,-15.738,2.300,2.396
2012-05-05-18_23_05.534,30,3,0,0,-24.792,2.205,2.596
2012-05-05-18_23_05.535,30,4,0,0,-33.779,2.230,1.896
2012-05-05-18_23_05.535,30,5,0,0,-42.794,2.168,2.696
2012-05-05-18_23_05.536,30,6,0,0,-51.793,2.164,2.596
2012-05-05-18_23_05.536,30,7,0,0,-60.715,2.246,3.296
2012-05-05-18_23_05.537,30,0,0,1,-2.186,2.214,3.596
2012-05-05-18_23_05.537,30,1,0,1,-11.204,2.205,3.095
2012-05-05-18_23_05.538,30,2,0,1,-20.183,2.294,2.596
2012-05-05-18_23_05.539,30,3,0,1,-29.237,2.198,2.596
2012-05-05-18_23_05.539,30,4,0,1,-38.224,2.223,2.196
2012-05-05-18_23_05.540,30,5,0,1,-47.239,2.161,2.596
2012-05-05-18_23_05.540,30,6,0,1,-56.238,2.158,2.696
2012-05-05-18_23_05.541,30,7,0,1,-65.160,2.240,3.496
2012-05-05-18_23_05.541,30,0,1,0,2.271,-2.280,3.512
2012-05-05-18_23_05.542,30,1,1,0,-6.745,-2.290,3.112
2012-05-05-18_23_05.543,30,2,1,0,-15.726,-2.200,2.512
2012-05-05-18_23_05.544,30,3,1,0,-24.781,-2.295,2.712
2012-05-05-18_23_05.545,30,4,1,0,-33.768,-2.270,2.012
2012-05-05-18_23_05.547,30,5,1,0,-42.782,-2.333,2.512
2012-05-05-18_23_05.547,30,6,1,0,-51.781,-2.336,2.712
2012-05-05-18_23_05.549,30,7,1,0,-60.703,-2.254,3.212
2012-05-05-18_23_05.550,30,0,1,1,-2.188,-2.288,3.619
2012-05-05-18_23_05.551,30,1,1,1,-11.202,-2.289,3.119
2012-05-05-18_23_05.553,30,2,1,1,-20.186,-2.208,2.619
2012-05-05-18_23_05.554,30,3,1,1,-29.240,-2.304,2.519
2012-05-05-18_23_05.555,30,4,1,1,-38.227,-2.279,2.019
2012-05-05-18_23_05.556,30,5,1,1,-47.242,-2.341,2.519
2012-05-05-18_23_05.556,30,6,1,1,-56.241,-2.344,2.619
2012-05-05-18_23_05.557,30,7,1,1,-65.163,-2.262,3.319
2012-05-05-18_23_05.558,30,0,2,0,2.271,-6.784,3.629
2012-05-05-18_23_05.559,30,1,2,0,-6.745,-6.787,3.229
2012-05-05-18_23_05.560,30,2,2,0,-15.726,-6.704,2.529
2012-05-05-18_23_05.560,30,3,2,0,-24.781,-6.799,2.829
2012-05-05-18_23_05.561,30,4,2,0,-33.768,-6.774,2.229
2012-05-05-18_23_05.562,30,5,2,0,-42.783,-6.837,2.829
2012-05-05-18_23_05.563,30,6,2,0,-51.781,-6.840,2.729
2012-05-05-18_23_05.564,30,7,2,0,-60.703,-6.758,3.529
2012-05-05-18_23_05.565,30,0,2,1,-2.189,-6.792,3.637
2012-05-05-18_23_05.566,30,1,2,1,-11.205,-6.787,3.136
2012-05-05-18_23_05.566,30,2,2,1,-20.186,-6.712,2.537
2012-05-05-18_23_05.567,30,3,2,1,-29.241,-6.807,2.637
2012-05-05-18_23_05.568,30,4,2,1,-38.228,-6.782,2.337
2012-05-05-18_23_05.569,30,5,2,1,-47.242,-6.845,2.637
2012-05-05-18_23_05.569,30,6,2,1,-56.241,-6.848,2.737
2012-05-05-18_23_05.570,30,7,2,1,-65.163,-6.766,3.437
2012-05-05-18_23_05.571,30,0,3,0,2.270,-11.282,3.647
2012-05-05-18_23_05.573,30,1,3,0,-6.741,-11.285,3.247
2012-05-05-18_23_05.573,30,2,3,0,-15.727,-11.202,2.547
2012-05-05-18_23_05.574,30,3,3,0,-24.781,-11.297,2.847
2012-05-05-18_23_05.576,30,4,3,0,-33.769,-11.272,2.347
2012-05-05-18_23_05.577,30,5,3,0,-42.783,-11.335,2.647
2012-05-05-18_23_05.578,30,6,3,0,-51.782,-11.338,2.747
2012-05-05-18_23_05.579,30,7,3,0,-60.704,-11.256,3.247
2012-05-05-18_23_05.580,30,0,3,1,-2.189,-11.289,3.658
2012-05-05-18_23_05.582,30,1,3,1,-11.203,-11.286,3.158
2012-05-05-18_23_05.583,30,2,3,1,-20.186,-11.208,2.558
2012-05-05-18_23_05.584,30,3,3,1,-29.241,-11.304,2.658
2012-05-05-18_23_05.585,30,4,3,1,-38.228,-11.279,2.358
2012-05-05-18_23_05.586,30,5,3,1,-47.243,-11.341,2.558
2012-05-05-18_23_05.587,30,6,3,1,-56.241,-11.345,2.758
2012-05-05-18_23_05.588,30,7,3,1,-65.163,-11.262,3.358
2012-05-05-18_23_05.589,30,0,4,0,2.270,-15.782,3.673
2012-05-05-18_23_05.589,30,1,4,0,-6.741,-15.793,3.173
2012-05-05-18_23_05.590,30,2,4,0,-15.727,-15.701,2.473
2012-05-05-18_23_05.591,30,3,4,0,-24.782,-15.797,2.873
2012-05-05-18_23_05.592,30,4,4,0,-33.769,-15.772,1.973
2012-05-05-18_23_05.593,30,5,4,0,-42.784,-15.834,2.573
2012-05-05-18_23_05.594,30,6,4,0,-51.782,-15.838,2.673
2012-05-05-18_23_05.595,30,7,4,0,-60.704,-15.755,3.473
2012-05-05-18_23_05.596,30,0,4,1,-2.187,-15.788,3.582
2012-05-05-18_23_05.598,30,1,4,1,-11.203,-15.793,3.082
2012-05-05-18_23_05.600,30,2,4,1,-20.184,-15.708,2.582
2012-05-05-18_23_05.601,30,3,4,1,-29.239,-15.803,2.882
2012-05-05-18_23_05.602,30,4,4,1,-38.226,-15.778,2.082
2012-05-05-18_23_05.603,30,5,4,1,-47.241,-15.841,2.382
2012-05-05-18_23_05.603,30,6,4,1,-56.239,-15.844,2.682
2012-05-05-18_23_05.604,30,7,4,1,-65.161,-15.762,3.382
2012-05-05-18_23_05.605,30,0,5,0,2.270,-20.280,3.592
2012-05-05-18_23_05.606,30,1,5,0,-6.739,-20.296,3.092
2012-05-05-18_23_05.607,30,2,5,0,-15.728,-20.199,2.592
2012-05-05-18_23_05.608,30,3,5,0,-24.782,-20.295,2.792
2012-05-05-18_23_05.609,30,4,5,0,-33.769,-20.270,2.192
2012-05-05-18_23_05.609,30,5,5,0,-42.784,-20.332,2.692
2012-05-05-18_23_05.610,30,6,5,0,-51.783,-20.336,2.692
2012-05-05-18_23_05.611,30,7,5,0,-60.705,-20.253,3.192
2012-05-05-18_23_05.612,30,0,5,1,-2.185,-20.288,3.700
2012-05-05-18_23_05.613,30,1,5,1,-11.206,-20.296,3.100
2012-05-05-18_23_05.614,30,2,5,1,-20.182,-20.207,2.500
2012-05-05-18_23_05.615,30,3,5,1,-29.237,-20.303,2.600
2012-05-05-18_23_05.616,30,4,5,1,-38.224,-20.278,2.100
2012-05-05-18_23_05.617,30,5,5,1,-47.239,-20.340,2.500
2012-05-05-18_23_05.618,30,6,5,1,-56.237,-20.344,2.700
2012-05-05-18_23_05.619,30,7,5,1,-65.159,-20.261,3.500
2012-05-05-18_23_05.620,30,0,6,0,2.269,-24.780,3.610
2012-05-05-18_23_05.620,30,1,6,0,-6.739,-24.791,3.210
2012-05-05-18_23_05.621,30,2,6,0,-15.728,-24.700,2.610
2012-05-05-18_23_05.622,30,3,6,0,-24.783,-24.796,2.910
2012-05-05-18_23_05.624,30,4,6,0,-33.770,-24.771,2.010
2012-05-05-18_23_05.624,30,5,6,0,-42.784,-24.833,2.610
2012-05-05-18_23_05.625,30,6,6,0,-51.783,-24.836,2.710
2012-05-05-18_23_05.626,30,7,6,0,-60.705,-24.754,3.510
2012-05-05-18_23_05.627,30,0,6,1,-2.183,-24.789,3.621
2012-05-05-18_23_05.627,30,1,6,1,-11.209,-24.790,3.121
2012-05-05-18_23_05.628,30,2,6,1,-20.180,-24.709,2.621
2012-05-05-18_23_05.629,30,3,6,1,-29.235,-24.804,2.721
2012-05-05-18_23_05.630,30,4,6,1,-38.222,-24.779,2.121
2012-05-05-18_23_05.631,30,5,6,1,-47.237,-24.841,2.721
2012-05-05-18_23_05.631,30,6,6,1,-56.235,-24.845,2.821
2012-05-05-18_23_05.632,30,7,6,1,-65.157,-24.763,3.521
2012-05-05-18_23_05.633,30,0,7,0,2.271,-29.284,3.635
2012-05-05-18_23_05.634,30,1,7,0,-6.740,-29.287,3.135
2012-05-05-18_23_05.635,30,2,7,0,-15.726,-29.204,2.635
2012-05-05-18_23_05.636,30,3,7,0,-24.781,-29.299,2.835
2012-05-05-18_23_05.637,30,4,7,0,-33.768,-29.274,2.435
2012-05-05-18_23_05.638,30,5,7,0,-42.782,-29.337,2.635
2012-05-05-18_23_05.638,30,6,7,0,-51.781,-29.340,2.835
2012-05-05-18_23_05.639,30,7,7,0,-60.703,-29.258,3.435
2012-05-05-18_23_05.640,30,0,7,1,-2.181,-29.291,3.645
2012-05-05-18_23_05.641,30,1,7,1,-11.212,-29.287,3.244
2012-05-05-18_23_05.642,30,2,7,1,-20.178,-29.211,2.645
2012-05-05-18_23_05.643,30,3,7,1,-29.233,-29.306,2.845
2012-05-05-18_23_05.644,30,4,7,1,-38.220,-29.281,2.345
2012-05-05-18_23_05.645,30,5,7,1,-47.235,-29.343,2.745
2012-05-05-18_23_05.646,30,6,7,1,-56.233,-29.347,2.845
2012-05-05-18_23_05.647,30,7,7,1,-65.155,-29.265,3.545
2012-05-05-18_23_05.648,30,0,8,0,2.273,-33.782,3.654
2012-05-05-18_23_05.648,30,1,8,0,-6.743,-33.785,3.254
2012-05-05-18_23_05.650,30,2,8,0,-15.724,-33.702,2.554
2012-05-05-18_23_05.651,30,3,8,0,-24.779,-33.797,2.854
2012-05-05-18_23_05.652,30,4,8,0,-33.766,-33.772,2.354
2012-05-05-18_23_05.653,30,5,8,0,-42.780,-33.835,2.754
2012-05-05-18_23_05.654,30,6,8,0,-51.779,-33.838,2.854
2012-05-05-18_23_05.655,30,7,8,0,-60.701,-33.756,3.454
2012-05-05-18_23_05.656,30,0,8,1,-2.184,-33.787,3.663
2012-05-05-18_23_05.687,30,1,8,1,-11.212,-33.784,3.262
2012-05-05-18_23_05.688,30,2,8,1,-20.181,-33.707,2.663
2012-05-05-18_23_05.689,30,3,8,1,-29.236,-33.802,2.963
2012-05-05-18_23_05.690,30,4,8,1,-38.223,-33.777,2.463
2012-05-05-18_23_05.690,30,5,8,1,-47.238,-33.840,2.663
2012-05-05-18_23_05.691,30,6,8,1,-56.236,-33.843,2.863
2012-05-05-18_23_05.692,30,7,8,1,-65.158,-33.761,3.563
2012-05-05-18_23_05.693,30,0,9,0,2.275,-38.282,3.673
2012-05-05-18_23_05.694,30,1,9,0,-6.746,-38.292,3.273
2012-05-05-18_23_05.694,30,2,9,0,-15.722,-38.202,2.673
2012-05-05-18_23_05.695,30,3,9,0,-24.777,-38.297,2.873
2012-05-05-18_23_05.695,30,4,9,0,-33.764,-38.272,2.273
2012-05-05-18_23_05.696,30,5,9,0,-42.778,-38.334,2.673
2012-05-05-18_23_05.696,30,6,9,0,-51.777,-38.338,2.873
2012-05-05-18_23_05.697,30,7,9,0,-60.699,-38.256,3.373
2012-05-05-18_23_05.698,30,0,9,1,-2.185,-38.287,3.684
2012-05-05-18_23_05.699,30,1,9,1,-11.213,-38.292,2.984
2012-05-05-18_23_05.700,30,2,9,1,-20.182,-38.207,2.684
2012-05-05-18_23_05.701,30,3,9,1,-29.236,-38.303,2.684
2012-05-05-18_23_05.701,30,4,9,1,-38.223,-38.278,2.184
2012-05-05-18_23_05.702,30,5,9,1,-47.238,-38.340,2.684
2012-05-05-18_23_05.703,30,6,9,1,-56.237,-38.344,2.884
2012-05-05-18_23_05.704,30,7,9,1,-65.159,-38.261,3.584
2012-05-05-18_23_05.704,30,0,10,0,2.275,-42.780,3.698
2012-05-05-18_23_05.705,30,1,10,0,-6.748,-42.795,3.298
2012-05-05-18_23_05.706,30,2,10,0,-15.722,-42.700,2.698
2012-05-05-18_23_05.706,30,3,10,0,-24.777,-42.795,2.898
2012-05-05-18_23_05.707,30,4,10,0,-33.764,-42.770,2.298
2012-05-05-18_23_05.708,30,5,10,0,-42.779,-42.833,2.698
2012-05-05-18_23_05.708,30,6,10,0,-51.777,-42.836,2.898
2012-05-05-18_23_05.709,30,7,10,0,-60.699,-42.754,3.398
2012-05-05-18_23_05.710,30,0,10,1,-2.187,-42.787,3.708
2012-05-05-18_23_05.710,30,1,10,1,-11.211,-42.795,3.208
2012-05-05-18_23_05.711,30,2,10,1,-20.184,-42.706,2.708
2012-05-05-18_23_05.712,30,3,10,1,-29.239,-42.802,3.008
2012-05-05-18_23_05.713,30,4,10,1,-38.226,-42.777,2.408
2012-05-05-18_23_05.714,30,5,10,1,-47.241,-42.839,2.808
2012-05-05-18_23_05.714,30,6,10,1,-56.240,-42.843,2.908
2012-05-05-18_23_05.715,30,7,10,1,-65.161,-42.760,3.508
2012-05-05-18_23_05.716,30,0,11,0,2.274,-47.280,3.617
2012-05-05-18_23_05.717,30,1,11,0,-6.749,-47.290,3.317
2012-05-05-18_23_05.717,30,2,11,0,-15.723,-47.200,2.717
2012-05-05-18_23_05.718,30,3,11,0,-24.778,-47.295,2.917
2012-05-05-18_23_05.718,30,4,11,0,-33.765,-47.270,2.417
2012-05-05-18_23_05.719,30,5,11,0,-42.779,-47.333,2.717
2012-05-05-18_23_05.719,30,6,11,0,-51.778,-47.336,2.917
2012-05-05-18_23_05.720,30,7,11,0,-60.700,-47.254,3.517
2012-05-05-18_23_05.721,30,0,11,1,-2.190,-47.289,3.726
2012-05-05-18_23_05.722,30,1,11,1,-11.213,-47.290,3.326
2012-05-05-18_23_05.722,30,2,11,1,-20.187,-47.209,2.726
2012-05-05-18_23_05.723,30,3,11,1,-29.242,-47.305,2.726
2012-05-05-18_23_05.723,30,4,11,1,-38.229,-47.280,2.526
2012-05-05-18_23_05.724,30,5,11,1,-47.244,-47.342,2.826
2012-05-05-18_23_05.725,30,6,11,1,-56.242,-47.346,2.926
2012-05-05-18_23_05.725,30,7,11,1,-65.164,-47.263,3.626
2012-05-05-18_23_05.726,30,0,12,0,2.276,-51.784,3.637
2012-05-05-18_23_05.726,30,1,12,0,-6.749,-51.787,3.237
2012-05-05-18_23_05.727,30,2,12,0,-15.721,-51.704,2.737
2012-05-05-18_23_05.727,30,3,12,0,-24.776,-51.800,2.937
2012-05-05-18_23_05.728,30,4,12,0,-33.763,-51.775,2.137
2012-05-05-18_23_05.730,30,5,12,0,-42.777,-51.837,2.737
2012-05-05-18_23_05.730,30,6,12,0,-51.776,-51.841,2.837
2012-05-05-18_23_05.731,30,7,12,0,-60.698,-51.758,3.537
2012-05-05-18_23_05.731,30,0,12,1,-2.191,-51.791,3.749
2012-05-05-18_23_05.732,30,1,12,1,-11.211,-51.787,3.349
2012-05-05-18_23_05.732,30,2,12,1,-20.188,-51.711,2.749
2012-05-05-18_23_05.733,30,3,12,1,-29.242,-51.807,2.749
2012-05-05-18_23_05.733,30,4,12,1,-38.230,-51.782,2.549
2012-05-05-18_23_05.734,30,5,12,1,-47.244,-51.844,2.749
2012-05-05-18_23_05.734,30,6,12,1,-56.243,-51.848,2.949
2012-05-05-18_23_05.735,30,7,12,1,-65.165,-51.765,3.649
2012-05-05-18_23_05.735,30,0,13,0,2.273,-56.282,3.762
2012-05-05-18_23_05.736,30,1,13,0,-6.750,-56.285,3.362
2012-05-05-18_23_05.736,30,2,13,0,-15.724,-56.202,2.762
2012-05-05-18_23_05.737,30,3,13,0,-24.778,-56.297,2.862
2012-05-05-18_23_05.737,30,4,13,0,-33.765,-56.272,2.362
2012-05-05-18_23_05.738,30,5,13,0,-42.780,-56.335,2.762
2012-05-05-18_23_05.738,30,6,13,0,-51.779,-56.338,2.862
2012-05-05-18_23_05.739,30,7,13,0,-60.701,-56.256,3.562
2012-05-05-18_23_05.740,30,0,13,1,-2.191,-56.288,3.871
2012-05-05-18_23_05.740,30,1,13,1,-11.209,-56.285,3.271
2012-05-05-18_23_05.741,30,2,13,1,-20.188,-56.208,2.771
2012-05-05-18_23_05.742,30,3,13,1,-29.243,-56.303,2.771
2012-05-05-18_23_05.742,30,4,13,1,-38.230,-56.278,2.271
2012-05-05-18_23_05.743,30,5,13,1,-47.245,-56.341,2.871
2012-05-05-18_23_05.744,30,6,13,1,-56.243,-56.344,2.871
2012-05-05-18_23_05.744,30,7,13,1,-65.165,-56.262,3.671
2012-05-05-18_23_05.745,30,0,14,0,2.275,-60.782,3.780
2012-05-05-18_23_05.745,30,1,14,0,-6.753,-60.792,3.380
2012-05-05-18_23_05.746,30,2,14,0,-15.722,-60.701,2.780
2012-05-05-18_23_05.746,30,3,14,0,-24.776,-60.797,2.980
2012-05-05-18_23_05.747,30,4,14,0,-33.763,-60.772,2.480
2012-05-05-18_23_05.748,30,5,14,0,-42.778,-60.834,2.680
2012-05-05-18_23_05.748,30,6,14,0,-51.777,-60.838,2.880
2012-05-05-18_23_05.749,30,7,14,0,-60.699,-60.755,3.680
2012-05-05-18_23_05.749,30,0,14,1,-2.194,-60.788,3.788
2012-05-05-18_23_05.750,30,1,14,1,-11.210,-60.792,3.388
2012-05-05-18_23_05.750,30,2,14,1,-20.191,-60.708,2.788
2012-05-05-18_23_05.751,30,3,14,1,-29.246,-60.803,2.788
2012-05-05-18_23_05.751,30,4,14,1,-38.233,-60.778,2.588
2012-05-05-18_23_05.752,30,5,14,1,-47.247,-60.841,2.888
2012-05-05-18_23_05.752,30,6,14,1,-56.246,-60.844,2.988
2012-05-05-18_23_05.753,30,7,14,1,-65.168,-60.762,3.688
2012-05-05-18_23_05.754,30,0,15,0,2.273,-65.280,3.797
2012-05-05-18_23_05.754,30,1,15,0,-6.753,-65.295,3.397
2012-05-05-18_23_05.755,30,2,15,0,-15.725,-65.200,2.797
2012-05-05-18_23_05.756,30,3,15,0,-24.779,-65.295,2.997
2012-05-05-18_23_05.756,30,4,15,0,-33.766,-65.270,2.497
2012-05-05-18_23_05.757,30,5,15,0,-42.781,-65.333,2.697
2012-05-05-18_23_05.757,30,6,15,0,-51.780,-65.336,2.897
2012-05-05-18_23_05.758,30,7,15,0,-60.702,-65.254,3.497
2012-05-05-18_23_05.759,30,0,15,1,-2.194,-65.287,3.810
2012-05-05-18_23_05.759,30,1,15,1,-11.205,-65.295,3.409
2012-05-05-18_23_05.760,30,2,15,1,-20.191,-65.206,2.810
2012-05-05-18_23_05.761,30,3,15,1,-29.246,-65.302,2.810
2012-05-05-18_23_05.761,30,4,15,1,-38.233,-65.277,2.510
2012-05-05-18_23_05.762,30,5,15,1,-47.248,-65.339,2.810
2012-05-05-18_23_05.764,30,6,15,1,-56.247,-65.343,3.010
2012-05-05-18_23_05.765,30,7,15,1,-65.168,-65.260,3.610
2012-05-05-18_23_05.766,30,0,16,0,2.270,-69.780,3.923
2012-05-05-18_23_05.768,30,1,16,0,-6.749,-69.790,3.423
2012-05-05-18_23_05.768,30,2,16,0,-15.727,-69.700,2.823
2012-05-05-18_23_05.769,30,3,16,0,-24.782,-69.795,3.023
2012-05-05-18_23_05.770,30,4,16,0,-33.769,-69.770,2.323
2012-05-05-18_23_05.770,30,5,16,0,-42.784,-69.833,2.823
2012-05-05-18_23_05.771,30,6,16,0,-51.782,-69.836,2.923
2012-05-05-18_23_05.771,30,7,16,0,-60.704,-69.754,3.623
2012-05-05-18_23_05.772,30,0,16,1,-2.195,-69.788,3.833
2012-05-05-18_23_05.773,30,1,16,1,-11.208,-69.789,3.433
2012-05-05-18_23_05.773,30,2,16,1,-20.192,-69.708,2.833
2012-05-05-18_23_05.774,30,3,16,1,-29.247,-69.804,2.833
2012-05-05-18_23_05.774,30,4,16,1,-38.234,-69.779,2.433
2012-05-05-18_23_05.775,30,5,16,1,-47.248,-69.841,2.633
2012-05-05-18_23_05.776,30,6,16,1,-56.247,-69.844,2.933
2012-05-05-18_23_05.776,30,7,16,1,-65.169,-69.762,3.633
2012-05-05-18_23_05.777,30,0,17,0,2.267,-74.284,3.842
2012-05-05-18_23_05.777,30,1,17,0,-6.749,-74.287,3.443
2012-05-05-18_23_05.778,30,2,17,0,-15.730,-74.204,2.842
2012-05-05-18_23_05.778,30,3,17,0,-24.785,-74.299,2.942
2012-05-05-18_23_05.779,30,4,17,0,-33.772,-74.274,2.342
2012-05-05-18_23_05.780,30,5,17,0,-42.787,-74.337,2.842
2012-05-05-18_23_05.780,30,6,17,0,-51.785,-74.340,2.942
2012-05-05-18_23_05.781,30,7,17,0,-60.707,-74.258,3.542
2012-05-05-18_23_05.781,30,0,17,1,-2.193,-74.291,3.851
2012-05-05-18_23_05.782,30,1,17,1,-11.209,-74.286,3.451
2012-05-05-18_23_05.782,30,2,17,1,-20.190,-74.211,2.751
2012-05-05-18_23_05.783,30,3,17,1,-29.245,-74.306,2.851
2012-05-05-18_23_05.784,30,4,17,1,-38.232,-74.281,2.351
2012-05-05-18_23_05.784,30,5,17,1,-47.246,-74.343,2.751
2012-05-05-18_23_05.785,30,6,17,1,-56.245,-74.347,2.851
2012-05-05-18_23_05.786,30,7,17,1,-65.167,-74.265,3.751
2012-05-05-18_23_05.786,30,0,18,0,2.264,-78.783,3.862
2012-05-05-18_23_05.787,30,1,18,0,-6.744,-78.785,3.362
2012-05-05-18_23_05.787,30,2,18,0,-15.733,-78.703,2.762
2012-05-05-18_23_05.788,30,3,18,0,-24.788,-78.798,2.962
2012-05-05-18_23_05.788,30,4,18,0,-33.775,-78.773,2.462
2012-05-05-18_23_05.789,30,5,18,0,-42.789,-78.835,2.762
2012-05-05-18_23_05.789,30,6,18,0,-51.788,-78.839,2.862
2012-05-05-18_23_05.790,30,7,18,0,-60.710,-78.757,3.762
2012-05-05-18_23_05.790,30,0,18,1,-2.193,-78.787,3.874
2012-05-05-18_23_05.791,30,1,18,1,-11.214,-78.785,3.474
2012-05-05-18_23_05.792,30,2,18,1,-20.190,-78.707,2.874
2012-05-05-18_23_05.792,30,3,18,1,-29.245,-78.803,3.074
2012-05-05-18_23_05.793,30,4,18,1,-38.232,-78.778,2.274
2012-05-05-18_23_05.793,30,5,18,1,-47.247,-78.840,2.874
2012-05-05-18_23_05.794,30,6,18,1,-56.245,-78.843,2.974
2012-05-05-18_23_05.795,30,7,18,1,-65.167,-78.761,3.774
2012-05-05-18_23_05.795,30,0,19,0,2.264,-83.282,3.787
2012-05-05-18_23_05.796,30,1,19,0,-6.747,-83.291,3.387
2012-05-05-18_23_05.796,30,2,19,0,-15.734,-83.202,2.887
2012-05-05-18_23_05.797,30,3,19,0,-24.788,-83.297,3.187
2012-05-05-18_23_05.798,30,4,19,0,-33.775,-83.272,2.187
2012-05-05-18_23_05.798,30,5,19,0,-42.790,-83.334,2.787
2012-05-05-18_23_05.799,30,6,19,0,-51.789,-83.338,2.987
2012-05-05-18_23_05.799,30,7,19,0,-60.711,-83.256,3.587
2012-05-05-18_23_05.800,30,0,19,1,-2.194,-83.287,3.897
2012-05-05-18_23_05.800,30,1,19,1,-11.214,-83.291,3.397
2012-05-05-18_23_05.801,30,2,19,1,-20.191,-83.207,2.897
2012-05-05-18_23_05.802,30,3,19,1,-29.245,-83.302,2.897
2012-05-05-18_23_05.802,30,4,19,1,-38.232,-83.277,2.597
2012-05-05-18_23_05.803,30,5,19,1,-47.247,-83.340,2.897
2012-05-05-18_23_05.803,30,6,19,1,-56.246,-83.343,2.997
2012-05-05-18_23_05.805,30,7,19,1,-65.168,-83.261,3.797
2012-05-05-18_23_05.806,30,0,20,0,2.266,-87.781,3.905
2012-05-05-18_23_05.807,30,1,20,0,-6.748,-87.795,20.205
2012-05-05-18_23_05.807,30,2,20,0,-15.732,-87.700,2.805
2012-05-05-18_23_05.808,30,3,20,0,-24.786,-87.796,3.005
2012-05-05-18_23_05.808,30,4,20,0,-33.773,-87.771,2.605
2012-05-05-18_23_05.809,30,5,20,0,-42.788,-87.833,2.905
2012-05-05-18_23_05.810,30,6,20,0,-51.787,-87.837,2.905
2012-05-05-18_23_05.810,30,7,20,0,-60.709,-87.754,3.805
2012-05-05-18_23_05.811,30,0,20,1,-2.192,-87.787,3.914
2012-05-05-18_23_05.812,30,1,20,1,-11.212,-87.795,3.414
2012-05-05-18_23_05.812,30,2,20,1,-20.189,-87.707,2.914
2012-05-05-18_23_05.813,30,3,20,1,-29.243,-87.802,3.114
2012-05-05-18_23_05.814,30,4,20,1,-38.230,-87.777,2.614
2012-05-05-18_23_05.815,30,5,20,1,-47.245,-87.839,2.814
2012-05-05-18_23_05.816,30,6,20,1,-56.244,-87.843,3.114
2012-05-05-18_23_05.816,30,7,20,1,-65.166,-87.761,3.814
2012-05-05-18_23_05.817,30,0,21,0,2.265,-92.279,4.025
2012-05-05-18_23_05.818,30,1,21,0,-6.751,-92.290,3.425
2012-05-05-18_23_05.818,30,2,21,0,-15.732,-92.199,2.925
2012-05-05-18_23_05.819,30,3,21,0,-24.787,-92.295,3.025
2012-05-05-18_23_05.820,30,4,21,0,-33.774,-92.270,2.525
2012-05-05-18_23_05.820,30,5,21,0,-42.788,-92.332,2.825
2012-05-05-18_23_05.821,30,6,21,0,-51.787,-92.336,3.025
2012-05-05-18_23_05.821,30,7,21,0,-60.709,-92.253,3.625
2012-05-05-18_23_05.822,30,0,21,1,-2.192,-92.289,3.937
2012-05-05-18_23_05.823,30,1,21,1,-11.213,-92.290,3.337
2012-05-05-18_23_05.823,30,2,21,1,-20.189,-92.208,2.937
2012-05-05-18_23_05.824,30,3,21,1,-29.244,-92.304,2.837
2012-05-05-18_23_05.824,30,4,21,1,-38.231,-92.279,2.537
2012-05-05-18_23_05.825,30,5,21,1,-47.246,-92.341,2.937
2012-05-05-18_23_05.825,30,6,21,1,-56.244,-92.345,3.037
2012-05-05-18_23_05.826,30,7,21,1,-65.166,-92.262,3.737
2012-05-05-18_23_05.827,30,0,22,0,2.267,-96.784,3.950
2012-05-05-18_23_05.827,30,1,22,0,-6.754,-96.788,3.550
2012-05-05-18_23_05.828,30,2,22,0,-15.730,-96.704,2.950
2012-05-05-18_23_05.829,30,3,22,0,-24.785,-96.799,3.150
2012-05-05-18_23_05.830,30,4,22,0,-33.772,-96.774,2.550
2012-05-05-18_23_05.831,30,5,22,0,-42.786,-96.837,2.850
2012-05-05-18_23_05.832,30,6,22,0,-51.785,-96.840,3.150
2012-05-05-18_23_05.832,30,7,22,0,-60.707,-96.758,3.750
2012-05-05-18_23_05.833,30,0,22,1,-2.190,-96.792,3.958
2012-05-05-18_23_05.834,30,1,22,1,-11.213,-96.788,3.558
2012-05-05-18_23_05.834,30,2,22,1,-20.187,-96.712,2.958
2012-05-05-18_23_05.835,30,3,22,1,-29.242,-96.807,2.958
2012-05-05-18_23_05.835,30,4,22,1,-38.229,-96.782,2.658
2012-05-05-18_23_05.836,30,5,22,1,-47.244,-96.844,2.958
2012-05-05-18_23_05.837,30,6,22,1,-56.242,-96.848,3.158
2012-05-05-18_23_05.837,30,7,22,1,-65.164,-96.766,3.758
2012-05-05-18_23_05.838,30,0,23,0,2.269,-101.281,3.968
2012-05-05-18_23_05.838,30,1,23,0,-6.754,-101.286,3.568
2012-05-05-18_23_05.839,30,2,23,0,-15.728,-101.201,2.868
2012-05-05-18_23_05.840,30,3,23,0,-24.783,-101.297,3.268
2012-05-05-18_23_05.840,30,4,23,0,-33.770,-101.272,2.668
2012-05-05-18_23_05.841,30,5,23,0,-42.784,-101.334,2.868
2012-05-05-18_23_05.841,30,6,23,0,-51.783,-101.338,2.968
2012-05-05-18_23_05.842,30,7,23,0,-60.705,-101.255,3.668
2012-05-05-18_23_05.842,30,0,23,1,-2.186,-101.281,3.969
2012-05-05-18_23_05.843,30,1,23,1,-11.211,-101.286,3.569
2012-05-05-18_23_05.843,30,2,23,1,-20.183,-101.201,2.969
2012-05-05-18_23_05.844,30,3,23,1,-29.237,-101.296,2.969
2012-05-05-18_23_05.846,30,4,23,1,-38.224,-101.271,2.669
2012-05-05-18_23_05.847,30,5,23,1,-47.239,-101.334,2.969
2012-05-05-18_23_05.847,30,6,23,1,-56.238,-101.337,3.069
2012-05-05-18_23_05.848,30,7,23,1,-65.160,-101.255,3.769
