2012-05-04-23_26_31.458,143,0,0,0,2.256,2.217,1.764
2012-05-04-23_26_31.460,143,0,0,0,2.293,2.304,1.764
2012-05-04-23_26_31.500,143,0,0,0,2.193,2.246,1.564
2012-05-04-23_26_31.502,143,1,0,0,-6.755,2.208,2.164
2012-05-04-23_26_31.503,143,1,0,0,-6.830,2.233,2.164
2012-05-04-23_26_31.505,143,1,0,0,-6.771,2.285,2.164
2012-05-04-23_26_31.506,143,2,0,0,-15.709,2.287,1.764
2012-05-04-23_26_31.509,143,2,0,0,-15.772,2.316,1.764
2012-05-04-23_26_31.510,143,2,0,0,-15.713,2.361,1.764
2012-05-04-23_26_31.511,143,3,0,0,-24.731,2.205,2.764
2012-05-04-23_26_31.514,143,3,0,0,-24.694,2.292,2.764
2012-05-04-23_26_31.515,143,3,0,0,-24.794,2.234,2.864
2012-05-04-23_26_31.517,143,4,0,0,-33.728,2.203,1.764
2012-05-04-23_26_31.519,143,4,0,0,-33.690,2.290,1.864
2012-05-04-23_26_31.521,143,4,0,0,-33.791,2.232,1.764
2012-05-04-23_26_31.522,143,5,0,0,-42.734,2.204,2.064
2012-05-04-23_26_31.524,143,5,0,0,-42.683,2.165,2.064
2012-05-04-23_26_31.525,143,5,0,0,-42.776,2.191,2.064
2012-05-04-23_26_31.526,143,6,0,0,-51.773,2.143,1.564
2012-05-04-23_26_31.528,143,6,0,0,-51.736,2.230,1.464
2012-05-04-23_26_31.529,143,6,0,0,-51.836,2.172,1.464
2012-05-04-23_26_31.530,143,7,0,0,-60.668,2.206,2.464
2012-05-04-23_26_31.531,143,7,0,0,-60.731,2.235,2.364
2012-05-04-23_26_31.531,143,7,0,0,-60.672,2.280,2.464
2012-05-04-23_26_31.532,143,0,0,1,-2.192,2.209,2.365
2012-05-04-23_26_31.532,143,0,0,1,-2.164,2.304,2.365
2012-05-04-23_26_31.533,143,0,0,1,-2.260,2.231,2.365
2012-05-04-23_26_31.534,143,1,0,1,-11.205,2.206,2.465
2012-05-04-23_26_31.535,143,1,0,1,-11.339,2.273,2.465
2012-05-04-23_26_31.535,143,1,0,1,-11.229,2.286,2.365
2012-05-04-23_26_31.536,143,2,0,1,-20.157,2.279,1.865
2012-05-04-23_26_31.537,143,2,0,1,-20.225,2.301,1.865
2012-05-04-23_26_31.537,143,2,0,1,-20.230,2.302,1.765
2012-05-04-23_26_31.538,143,3,0,1,-29.179,2.197,2.665
2012-05-04-23_26_31.539,143,3,0,1,-29.151,2.292,2.865
2012-05-04-23_26_31.540,143,3,0,1,-29.247,2.219,2.865
2012-05-04-23_26_31.542,143,4,0,1,-38.175,2.195,2.465
2012-05-04-23_26_31.543,143,4,0,1,-38.148,2.290,2.365
2012-05-04-23_26_31.543,143,4,0,1,-38.243,2.217,2.365
2012-05-04-23_26_31.544,143,5,0,1,-47.191,2.205,1.265
2012-05-04-23_26_31.545,143,5,0,1,-47.274,2.226,1.265
2012-05-04-23_26_31.546,143,5,0,1,-47.247,2.202,1.265
2012-05-04-23_26_31.546,143,6,0,1,-56.221,2.134,2.265
2012-05-04-23_26_31.547,143,6,0,1,-56.193,2.230,2.265
2012-05-04-23_26_31.549,143,6,0,1,-56.289,2.157,2.265
2012-05-04-23_26_31.550,143,7,0,1,-65.183,2.220,1.365
2012-05-04-23_26_31.551,143,7,0,1,-65.188,2.221,1.465
2012-05-04-23_26_31.551,143,7,0,1,-65.171,2.315,1.365
2012-05-04-23_26_31.552,143,0,1,0,2.270,-2.283,1.778
2012-05-04-23_26_31.553,143,0,1,0,2.298,-2.189,1.778
2012-05-04-23_26_31.554,143,0,1,0,2.197,-2.258,1.678
2012-05-04-23_26_31.555,143,1,1,0,-6.748,-2.295,1.478
2012-05-04-23_26_31.556,143,1,1,0,-6.828,-2.268,1.478
2012-05-04-23_26_31.556,143,1,1,0,-6.769,-2.209,1.478
2012-05-04-23_26_31.568,143,2,1,0,-15.695,-2.213,1.178
2012-05-04-23_26_31.569,143,2,1,0,-15.768,-2.188,1.178
2012-05-04-23_26_31.570,143,2,1,0,-15.746,-2.198,1.178
2012-05-04-23_26_31.571,143,3,1,0,-24.717,-2.295,1.278
2012-05-04-23_26_31.571,143,3,1,0,-24.689,-2.201,1.178
2012-05-04-23_26_31.572,143,3,1,0,-24.790,-2.270,1.278
2012-05-04-23_26_31.572,143,4,1,0,-33.713,-2.297,0.578
2012-05-04-23_26_31.573,143,4,1,0,-33.686,-2.203,0.578
2012-05-04-23_26_31.574,143,4,1,0,-33.786,-2.272,0.478
2012-05-04-23_26_31.574,143,5,1,0,-42.730,-2.289,1.378
2012-05-04-23_26_31.574,143,5,1,0,-42.681,-2.336,1.378
2012-05-04-23_26_31.575,143,5,1,0,-42.776,-2.304,1.478
2012-05-04-23_26_31.575,143,6,1,0,-51.759,-2.357,0.878
2012-05-04-23_26_31.576,143,6,1,0,-51.731,-2.264,0.778
2012-05-04-23_26_31.576,143,6,1,0,-51.832,-2.333,0.778
2012-05-04-23_26_31.577,143,7,1,0,-60.654,-2.293,1.578
2012-05-04-23_26_31.577,143,7,1,0,-60.727,-2.269,1.578
2012-05-04-23_26_31.578,143,7,1,0,-60.673,-2.215,1.578
2012-05-04-23_26_31.578,143,0,1,1,-2.192,-2.289,1.888
2012-05-04-23_26_31.579,143,0,1,1,-2.164,-2.190,1.988
2012-05-04-23_26_31.579,143,0,1,1,-2.263,-2.271,1.888
2012-05-04-23_26_31.581,143,1,1,1,-11.203,-2.295,1.188
2012-05-04-23_26_31.581,143,1,1,1,-11.339,-2.222,1.388
2012-05-04-23_26_31.582,143,1,1,1,-11.229,-2.209,1.288
2012-05-04-23_26_31.583,143,2,1,1,-20.157,-2.219,1.088
2012-05-04-23_26_31.583,143,2,1,1,-20.228,-2.201,1.088
2012-05-04-23_26_31.584,143,2,1,1,-20.232,-2.200,1.088
2012-05-04-23_26_31.584,143,3,1,1,-29.179,-2.301,0.988
2012-05-04-23_26_31.585,143,3,1,1,-29.151,-2.202,0.988
2012-05-04-23_26_31.585,143,3,1,1,-29.250,-2.283,0.988
2012-05-04-23_26_31.586,143,4,1,1,-38.176,-2.303,0.588
2012-05-04-23_26_31.586,143,4,1,1,-38.148,-2.204,0.588
2012-05-04-23_26_31.587,143,4,1,1,-38.246,-2.285,0.588
2012-05-04-23_26_31.587,143,5,1,1,-47.192,-2.290,0.788
2012-05-04-23_26_31.588,143,5,1,1,-47.277,-2.269,0.888
2012-05-04-23_26_31.588,143,5,1,1,-47.248,-2.292,0.888
2012-05-04-23_26_31.589,143,6,1,1,-56.221,-2.364,0.988
2012-05-04-23_26_31.589,143,6,1,1,-56.193,-2.264,1.088
2012-05-04-23_26_31.590,143,6,1,1,-56.292,-2.346,0.988
2012-05-04-23_26_31.590,143,7,1,1,-65.186,-2.282,1.488
2012-05-04-23_26_31.591,143,7,1,1,-65.191,-2.281,1.488
2012-05-04-23_26_31.591,143,7,1,1,-65.173,-2.180,1.588
2012-05-04-23_26_31.592,143,0,2,0,2.260,-6.779,1.802
2012-05-04-23_26_31.592,143,0,2,0,2.295,-6.689,1.902
2012-05-04-23_26_31.593,143,0,2,0,2.197,-6.759,1.902
2012-05-04-23_26_31.594,143,1,2,0,-6.748,-6.793,1.702
2012-05-04-23_26_31.594,143,1,2,0,-6.829,-6.773,1.702
2012-05-04-23_26_31.595,143,1,2,0,-6.767,-6.706,1.702
2012-05-04-23_26_31.595,143,2,2,0,-15.705,-6.709,1.002
2012-05-04-23_26_31.596,143,2,2,0,-15.768,-6.689,0.902
2012-05-04-23_26_31.596,143,2,2,0,-15.712,-6.637,0.902
2012-05-04-23_26_31.597,143,3,2,0,-24.727,-6.792,1.402
2012-05-04-23_26_31.597,143,3,2,0,-24.692,-6.701,1.402
2012-05-04-23_26_31.598,143,3,2,0,-24.790,-6.771,1.402
2012-05-04-23_26_31.598,143,4,2,0,-33.724,-6.793,0.802
2012-05-04-23_26_31.599,143,4,2,0,-33.689,-6.703,0.802
2012-05-04-23_26_31.599,143,4,2,0,-33.787,-6.773,0.802
2012-05-04-23_26_31.600,143,5,2,0,-42.733,-6.789,1.002
2012-05-04-23_26_31.600,143,5,2,0,-42.682,-6.841,1.002
2012-05-04-23_26_31.600,143,5,2,0,-42.774,-6.807,1.002
2012-05-04-23_26_31.601,143,6,2,0,-51.769,-6.854,1.002
2012-05-04-23_26_31.601,143,6,2,0,-51.734,-6.764,1.102
2012-05-04-23_26_31.602,143,6,2,0,-51.832,-6.833,1.002
2012-05-04-23_26_31.603,143,7,2,0,-60.664,-6.790,1.702
2012-05-04-23_26_31.604,143,7,2,0,-60.727,-6.769,1.602
2012-05-04-23_26_31.604,143,7,2,0,-60.671,-6.718,1.702
2012-05-04-23_26_31.605,143,0,2,1,-2.192,-6.786,1.810
2012-05-04-23_26_31.605,143,0,2,1,-2.165,-6.688,1.810
2012-05-04-23_26_31.606,143,0,2,1,-2.266,-6.769,1.810
2012-05-04-23_26_31.606,143,1,2,1,-11.203,-6.792,1.610
2012-05-04-23_26_31.607,143,1,2,1,-11.339,-6.720,1.610
2012-05-04-23_26_31.607,143,1,2,1,-11.227,-6.706,1.710
2012-05-04-23_26_31.608,143,2,2,1,-20.157,-6.716,0.910
2012-05-04-23_26_31.608,143,2,2,1,-20.230,-6.699,0.910
2012-05-04-23_26_31.609,143,2,2,1,-20.238,-6.697,0.910
2012-05-04-23_26_31.609,143,3,2,1,-29.179,-6.798,1.110
2012-05-04-23_26_31.610,143,3,2,1,-29.152,-6.701,1.110
2012-05-04-23_26_31.610,143,3,2,1,-29.252,-6.781,1.110
2012-05-04-23_26_31.611,143,4,2,1,-38.176,-6.800,0.710
2012-05-04-23_26_31.611,143,4,2,1,-38.148,-6.702,0.710
2012-05-04-23_26_31.612,143,4,2,1,-38.249,-6.783,0.710
2012-05-04-23_26_31.612,143,5,2,1,-47.192,-6.788,1.110
2012-05-04-23_26_31.613,143,5,2,1,-47.280,-6.767,1.010
2012-05-04-23_26_31.613,143,5,2,1,-47.248,-6.792,1.110
2012-05-04-23_26_31.614,143,6,2,1,-56.221,-6.861,1.110
2012-05-04-23_26_31.614,143,6,2,1,-56.194,-6.763,1.110
2012-05-04-23_26_31.615,143,6,2,1,-56.295,-6.844,1.110
2012-05-04-23_26_31.615,143,7,2,1,-65.189,-6.780,1.510
2012-05-04-23_26_31.616,143,7,2,1,-65.196,-6.778,1.510
2012-05-04-23_26_31.616,143,7,2,1,-65.176,-6.678,1.610
2012-05-04-23_26_31.617,143,0,3,0,2.269,-11.279,1.919
2012-05-04-23_26_31.617,143,0,3,0,2.294,-11.190,1.919
2012-05-04-23_26_31.618,143,0,3,0,2.196,-11.254,1.919
2012-05-04-23_26_31.618,143,1,3,0,-6.744,-11.290,1.719
2012-05-04-23_26_31.619,143,1,3,0,-6.829,-11.270,1.719
2012-05-04-23_26_31.619,143,1,3,0,-6.765,-11.205,1.819
2012-05-04-23_26_31.620,143,2,3,0,-15.696,-11.208,1.119
2012-05-04-23_26_31.620,143,2,3,0,-15.769,-11.184,1.019
2012-05-04-23_26_31.621,143,2,3,0,-15.715,-11.140,1.119
2012-05-04-23_26_31.621,143,3,3,0,-24.718,-11.291,1.519
2012-05-04-23_26_31.622,143,3,3,0,-24.693,-11.203,1.519
2012-05-04-23_26_31.622,143,3,3,0,-24.791,-11.267,1.419
2012-05-04-23_26_31.623,143,4,3,0,-33.714,-11.293,0.719
2012-05-04-23_26_31.623,143,4,3,0,-33.689,-11.204,0.819
2012-05-04-23_26_31.624,143,4,3,0,-33.787,-11.268,0.719
2012-05-04-23_26_31.624,143,5,3,0,-42.733,-11.290,1.119
2012-05-04-23_26_31.625,143,5,3,0,-42.682,-11.338,1.019
2012-05-04-23_26_31.625,143,5,3,0,-42.777,-11.310,1.019
2012-05-04-23_26_31.626,143,6,3,0,-51.760,-11.353,1.019
2012-05-04-23_26_31.626,143,6,3,0,-51.735,-11.265,1.119
2012-05-04-23_26_31.627,143,6,3,0,-51.833,-11.329,1.019
2012-05-04-23_26_31.627,143,7,3,0,-60.654,-11.289,1.719
2012-05-04-23_26_31.628,143,7,3,0,-60.727,-11.265,1.719
2012-05-04-23_26_31.628,143,7,3,0,-60.673,-11.221,1.719
2012-05-04-23_26_31.628,143,0,3,1,-2.188,-11.288,1.828
2012-05-04-23_26_31.629,143,0,3,1,-2.163,-11.191,1.827
2012-05-04-23_26_31.629,143,0,3,1,-2.264,-11.265,1.827
2012-05-04-23_26_31.630,143,1,3,1,-11.206,-11.289,1.728
2012-05-04-23_26_31.631,143,1,3,1,-11.337,-11.222,1.727
2012-05-04-23_26_31.631,143,1,3,1,-11.225,-11.205,1.727
2012-05-04-23_26_31.631,143,2,3,1,-20.153,-11.218,1.028
2012-05-04-23_26_31.632,143,2,3,1,-20.228,-11.195,1.027
2012-05-04-23_26_31.633,143,2,3,1,-20.236,-11.194,1.127
2012-05-04-23_26_31.634,143,3,3,1,-29.175,-11.300,1.228
2012-05-04-23_26_31.634,143,3,3,1,-29.150,-11.203,1.127
2012-05-04-23_26_31.636,143,3,3,1,-29.250,-11.277,1.227
2012-05-04-23_26_31.636,143,4,3,1,-38.171,-11.302,0.828
2012-05-04-23_26_31.637,143,4,3,1,-38.146,-11.205,0.827
2012-05-04-23_26_31.637,143,4,3,1,-38.247,-11.279,0.827
2012-05-04-23_26_31.638,143,5,3,1,-47.190,-11.291,1.027
2012-05-04-23_26_31.638,143,5,3,1,-47.278,-11.266,1.127
2012-05-04-23_26_31.639,143,5,3,1,-47.249,-11.293,1.027
2012-05-04-23_26_31.639,143,6,3,1,-56.217,-11.363,1.128
2012-05-04-23_26_31.640,143,6,3,1,-56.192,-11.265,1.127
2012-05-04-23_26_31.641,143,6,3,1,-56.292,-11.340,1.127
2012-05-04-23_26_31.641,143,7,3,1,-65.187,-11.276,1.727
2012-05-04-23_26_31.641,143,7,3,1,-65.194,-11.274,1.727
2012-05-04-23_26_31.642,143,7,3,1,-65.174,-11.176,1.727
2012-05-04-23_26_31.642,143,0,4,0,2.269,-15.782,2.039
2012-05-04-23_26_31.643,143,0,4,0,2.296,-15.697,2.039
2012-05-04-23_26_31.643,143,0,4,0,2.193,-15.753,2.039
2012-05-04-23_26_31.644,143,1,4,0,-6.739,-15.790,1.839
2012-05-04-23_26_31.644,143,1,4,0,-6.825,-15.769,1.839
2012-05-04-23_26_31.645,143,1,4,0,-6.763,-15.712,1.839
2012-05-04-23_26_31.645,143,2,4,0,-15.696,-15.712,1.139
2012-05-04-23_26_31.646,143,2,4,0,-15.772,-15.683,1.139
2012-05-04-23_26_31.646,143,2,4,0,-15.715,-15.642,1.139
2012-05-04-23_26_31.647,143,3,4,0,-24.718,-15.794,1.539
2012-05-04-23_26_31.647,143,3,4,0,-24.691,-15.709,1.539
2012-05-04-23_26_31.648,143,3,4,0,-24.794,-15.766,1.639
2012-05-04-23_26_31.648,143,4,4,0,-33.715,-15.796,0.739
2012-05-04-23_26_31.649,143,4,4,0,-33.687,-15.711,0.739
2012-05-04-23_26_31.649,143,4,4,0,-33.790,-15.767,0.739
2012-05-04-23_26_31.650,143,5,4,0,-42.731,-15.796,1.139
2012-05-04-23_26_31.650,143,5,4,0,-42.678,-15.837,1.139
2012-05-04-23_26_31.650,143,5,4,0,-42.777,-15.812,1.139
2012-05-04-23_26_31.651,143,6,4,0,-51.760,-15.857,1.039
2012-05-04-23_26_31.651,143,6,4,0,-51.733,-15.771,1.139
2012-05-04-23_26_31.652,143,6,4,0,-51.836,-15.828,1.039
2012-05-04-23_26_31.652,143,7,4,0,-60.655,-15.793,1.839
2012-05-04-23_26_31.653,143,7,4,0,-60.730,-15.764,1.839
2012-05-04-23_26_31.653,143,7,4,0,-60.674,-15.723,1.739
2012-05-04-23_26_31.654,143,0,4,1,-2.186,-15.793,1.950
2012-05-04-23_26_31.654,143,0,4,1,-2.158,-15.696,1.950
2012-05-04-23_26_31.655,143,0,4,1,-2.264,-15.766,1.950
2012-05-04-23_26_31.655,143,1,4,1,-11.206,-15.790,1.850
2012-05-04-23_26_31.656,143,1,4,1,-11.333,-15.728,1.750
2012-05-04-23_26_31.656,143,1,4,1,-11.228,-15.711,1.750
2012-05-04-23_26_31.657,143,2,4,1,-20.151,-15.723,1.150
2012-05-04-23_26_31.657,143,2,4,1,-20.229,-15.695,1.150
2012-05-04-23_26_31.658,143,2,4,1,-20.236,-15.695,1.150
2012-05-04-23_26_31.659,143,3,4,1,-29.173,-15.805,1.250
2012-05-04-23_26_31.660,143,3,4,1,-29.145,-15.708,1.350
2012-05-04-23_26_31.660,143,3,4,1,-29.251,-15.778,1.250
2012-05-04-23_26_31.661,143,4,4,1,-38.170,-15.807,0.750
2012-05-04-23_26_31.662,143,4,4,1,-38.142,-15.710,0.850
2012-05-04-23_26_31.662,143,4,4,1,-38.247,-15.780,0.850
2012-05-04-23_26_31.663,143,5,4,1,-47.186,-15.796,1.150
2012-05-04-23_26_31.663,143,5,4,1,-47.278,-15.770,1.150
2012-05-04-23_26_31.664,143,5,4,1,-47.247,-15.798,1.150
2012-05-04-23_26_31.664,143,6,4,1,-56.187,-15.771,1.150
2012-05-04-23_26_31.665,143,6,4,1,-56.293,-15.840,1.150
2012-05-04-23_26_31.665,143,6,4,1,-56.300,-15.840,1.150
2012-05-04-23_26_31.666,143,7,4,1,-65.188,-15.776,1.750
2012-05-04-23_26_31.666,143,7,4,1,-65.195,-15.776,1.650
2012-05-04-23_26_31.667,143,7,4,1,-65.175,-15.681,1.850
2012-05-04-23_26_31.667,143,0,5,0,2.271,-20.282,2.063
2012-05-04-23_26_31.668,143,0,5,0,2.296,-20.197,2.064
2012-05-04-23_26_31.669,143,0,5,0,2.190,-20.253,2.064
2012-05-04-23_26_31.670,143,1,5,0,-6.742,-20.294,1.864
2012-05-04-23_26_31.670,143,1,5,0,-6.823,-20.268,1.864
2012-05-04-23_26_31.671,143,1,5,0,-6.761,-20.216,1.864
2012-05-04-23_26_31.671,143,2,5,0,-15.694,-20.212,1.163
2012-05-04-23_26_31.672,143,2,5,0,-15.774,-20.183,1.164
2012-05-04-23_26_31.672,143,2,5,0,-15.718,-20.140,1.164
2012-05-04-23_26_31.673,143,3,5,0,-24.716,-20.295,1.563
2012-05-04-23_26_31.673,143,3,5,0,-24.691,-20.209,1.564
2012-05-04-23_26_31.674,143,3,5,0,-24.796,-20.266,1.564
2012-05-04-23_26_31.674,143,4,5,0,-33.713,-20.296,0.863
2012-05-04-23_26_31.675,143,4,5,0,-33.688,-20.211,0.964
2012-05-04-23_26_31.675,143,4,5,0,-33.793,-20.267,0.864
2012-05-04-23_26_31.675,143,5,5,0,-42.731,-20.297,1.064
2012-05-04-23_26_31.676,143,5,5,0,-42.676,-20.337,1.164
2012-05-04-23_26_31.676,143,5,5,0,-42.780,-20.310,1.064
2012-05-04-23_26_31.677,143,6,5,0,-51.758,-20.357,1.063
2012-05-04-23_26_31.678,143,6,5,0,-51.733,-20.272,1.164
2012-05-04-23_26_31.678,143,6,5,0,-51.839,-20.328,1.164
2012-05-04-23_26_31.679,143,7,5,0,-60.653,-20.293,1.863
2012-05-04-23_26_31.679,143,7,5,0,-60.733,-20.264,1.864
2012-05-04-23_26_31.680,143,7,5,0,-60.677,-20.221,1.864
2012-05-04-23_26_31.680,143,0,5,1,-2.186,-20.292,1.972
2012-05-04-23_26_31.680,143,0,5,1,-2.159,-20.196,1.972
2012-05-04-23_26_31.681,143,0,5,1,-2.262,-20.268,1.972
2012-05-04-23_26_31.681,143,1,5,1,-11.209,-20.294,1.772
2012-05-04-23_26_31.682,143,1,5,1,-11.333,-20.228,1.772
2012-05-04-23_26_31.682,143,1,5,1,-11.231,-20.215,1.872
2012-05-04-23_26_31.683,143,2,5,1,-20.151,-20.222,1.172
2012-05-04-23_26_31.683,143,2,5,1,-20.227,-20.197,1.172
2012-05-04-23_26_31.684,143,2,5,1,-20.234,-20.197,1.172
2012-05-04-23_26_31.684,143,3,5,1,-29.173,-20.304,1.272
2012-05-04-23_26_31.685,143,3,5,1,-29.146,-20.209,1.272
2012-05-04-23_26_31.685,143,3,5,1,-29.249,-20.280,1.272
2012-05-04-23_26_31.686,143,4,5,1,-38.170,-20.306,0.872
2012-05-04-23_26_31.688,143,4,5,1,-38.142,-20.210,0.872
2012-05-04-23_26_31.688,143,4,5,1,-38.245,-20.282,0.872
2012-05-04-23_26_31.689,143,5,5,1,-47.186,-20.296,1.172
2012-05-04-23_26_31.690,143,5,5,1,-47.279,-20.275,1.172
2012-05-04-23_26_31.690,143,5,5,1,-47.247,-20.298,1.172
2012-05-04-23_26_31.691,143,6,5,1,-56.188,-20.271,1.172
2012-05-04-23_26_31.691,143,6,5,1,-56.291,-20.342,1.172
2012-05-04-23_26_31.691,143,6,5,1,-56.298,-20.342,1.272
2012-05-04-23_26_31.692,143,7,5,1,-65.186,-20.278,1.772
2012-05-04-23_26_31.692,143,7,5,1,-65.193,-20.278,1.772
2012-05-04-23_26_31.693,143,7,5,1,-65.175,-20.186,1.872
2012-05-04-23_26_31.693,143,0,6,0,2.273,-24.783,1.881
2012-05-04-23_26_31.694,143,0,6,0,2.300,-24.690,1.881
2012-05-04-23_26_31.694,143,0,6,0,2.190,-24.757,1.881
2012-05-04-23_26_31.695,143,1,6,0,-6.740,-24.796,1.681
2012-05-04-23_26_31.695,143,1,6,0,-6.821,-24.770,1.681
2012-05-04-23_26_31.696,143,1,6,0,-6.762,-24.710,1.681
2012-05-04-23_26_31.696,143,2,6,0,-15.692,-24.713,1.081
2012-05-04-23_26_31.697,143,2,6,0,-15.775,-24.687,1.081
2012-05-04-23_26_31.697,143,2,6,0,-15.751,-24.698,1.181
2012-05-04-23_26_31.697,143,3,6,0,-24.714,-24.795,1.481
2012-05-04-23_26_31.698,143,3,6,0,-24.687,-24.702,1.481
2012-05-04-23_26_31.698,143,3,6,0,-24.797,-24.769,1.481
2012-05-04-23_26_31.699,143,4,6,0,-33.711,-24.797,0.881
2012-05-04-23_26_31.699,143,4,6,0,-33.683,-24.704,0.881
2012-05-04-23_26_31.700,143,4,6,0,-33.793,-24.771,0.881
2012-05-04-23_26_31.701,143,5,6,0,-42.727,-24.790,1.381
2012-05-04-23_26_31.702,143,5,6,0,-42.674,-24.838,1.381
2012-05-04-23_26_31.702,143,5,6,0,-42.776,-24.805,1.381
2012-05-04-23_26_31.703,143,6,6,0,-51.756,-24.858,1.281
2012-05-04-23_26_31.703,143,6,6,0,-51.729,-24.765,1.281
2012-05-04-23_26_31.703,143,6,6,0,-51.675,-24.813,1.281
2012-05-04-23_26_31.704,143,7,6,0,-60.651,-24.794,2.081
2012-05-04-23_26_31.704,143,7,6,0,-60.734,-24.768,2.181
2012-05-04-23_26_31.705,143,7,6,0,-60.672,-24.716,2.181
2012-05-04-23_26_31.705,143,0,6,1,-2.187,-24.788,1.890
2012-05-04-23_26_31.706,143,0,6,1,-2.159,-24.690,1.890
2012-05-04-23_26_31.706,143,0,6,1,-2.260,-24.770,1.890
2012-05-04-23_26_31.707,143,1,6,1,-11.212,-24.796,1.690
2012-05-04-23_26_31.707,143,1,6,1,-11.334,-24.722,1.690
2012-05-04-23_26_31.708,143,1,6,1,-11.234,-24.710,1.689
2012-05-04-23_26_31.708,143,2,6,1,-20.152,-24.718,1.090
2012-05-04-23_26_31.709,143,2,6,1,-20.225,-24.700,1.090
2012-05-04-23_26_31.709,143,2,6,1,-20.235,-24.699,1.090
2012-05-04-23_26_31.710,143,3,6,1,-29.174,-24.800,1.290
2012-05-04-23_26_31.710,143,3,6,1,-29.146,-24.702,1.490
2012-05-04-23_26_31.711,143,3,6,1,-29.247,-24.782,1.290
2012-05-04-23_26_31.711,143,4,6,1,-38.170,-24.802,0.990
2012-05-04-23_26_31.712,143,4,6,1,-38.143,-24.704,0.990
2012-05-04-23_26_31.712,143,4,6,1,-38.243,-24.784,0.990
2012-05-04-23_26_31.713,143,5,6,1,-47.187,-24.790,1.390
2012-05-04-23_26_31.713,143,5,6,1,-47.274,-24.770,1.390
2012-05-04-23_26_31.714,143,5,6,1,-47.243,-24.791,1.389
2012-05-04-23_26_31.714,143,6,6,1,-56.216,-24.863,1.390
2012-05-04-23_26_31.715,143,6,6,1,-56.188,-24.765,1.290
2012-05-04-23_26_31.715,143,6,6,1,-56.289,-24.845,1.290
2012-05-04-23_26_31.716,143,7,6,1,-65.184,-24.781,1.990
2012-05-04-23_26_31.716,143,7,6,1,-65.193,-24.780,1.990
2012-05-04-23_26_31.717,143,7,6,1,-65.171,-24.680,1.990
2012-05-04-23_26_31.717,143,0,7,0,2.260,-29.281,2.001
2012-05-04-23_26_31.718,143,0,7,0,2.300,-29.190,1.901
2012-05-04-23_26_31.718,143,0,7,0,2.190,-29.258,2.001
2012-05-04-23_26_31.719,143,1,7,0,-6.746,-29.293,1.601
2012-05-04-23_26_31.719,143,1,7,0,-6.819,-29.272,1.701
2012-05-04-23_26_31.720,143,1,7,0,-6.765,-29.206,1.701
2012-05-04-23_26_31.720,143,2,7,0,-15.705,-29.210,1.101
2012-05-04-23_26_31.721,143,2,7,0,-15.775,-29.188,1.101
2012-05-04-23_26_31.721,143,2,7,0,-15.714,-29.138,1.101
2012-05-04-23_26_31.722,143,3,7,0,-24.727,-29.293,1.501
2012-05-04-23_26_31.722,143,3,7,0,-24.687,-29.202,1.501
2012-05-04-23_26_31.722,143,3,7,0,-24.797,-29.270,1.501
2012-05-04-23_26_31.723,143,4,7,0,-33.723,-29.295,1.001
2012-05-04-23_26_31.723,143,4,7,0,-33.684,-29.204,1.001
2012-05-04-23_26_31.724,143,4,7,0,-33.794,-29.272,1.001
2012-05-04-23_26_31.724,143,5,7,0,-42.727,-29.290,1.401
2012-05-04-23_26_31.725,143,5,7,0,-42.672,-29.340,1.401
2012-05-04-23_26_31.725,143,5,7,0,-42.776,-29.308,1.501
2012-05-04-23_26_31.726,143,6,7,0,-51.769,-29.355,1.201
2012-05-04-23_26_31.726,143,6,7,0,-51.729,-29.264,1.301
2012-05-04-23_26_31.727,143,6,7,0,-51.673,-29.315,1.301
2012-05-04-23_26_31.727,143,7,7,0,-60.663,-29.291,2.201
2012-05-04-23_26_31.728,143,7,7,0,-60.734,-29.269,2.201
2012-05-04-23_26_31.728,143,7,7,0,-60.673,-29.218,2.201
2012-05-04-23_26_31.729,143,0,7,1,-2.187,-29.285,1.913
2012-05-04-23_26_31.729,143,0,7,1,-2.162,-29.189,1.913
2012-05-04-23_26_31.730,143,0,7,1,-2.260,-29.269,4.213
2012-05-04-23_26_31.730,143,1,7,1,-11.213,-29.291,1.713
2012-05-04-23_26_31.731,143,1,7,1,-11.337,-29.221,1.713
2012-05-04-23_26_31.731,143,1,7,1,-11.236,-29.206,1.713
2012-05-04-23_26_31.733,143,2,7,1,-20.152,-29.215,1.113
2012-05-04-23_26_31.733,143,2,7,1,-20.225,-29.199,1.213
2012-05-04-23_26_31.734,143,2,7,1,-20.233,-29.196,1.113
2012-05-04-23_26_31.734,143,3,7,1,-29.174,-29.298,1.313
2012-05-04-23_26_31.735,143,3,7,1,-29.149,-29.201,1.513
2012-05-04-23_26_31.735,143,3,7,1,-29.247,-29.281,2.613
2012-05-04-23_26_31.736,143,4,7,1,-38.171,-29.299,1.013
2012-05-04-23_26_31.736,143,4,7,1,-38.146,-29.203,0.913
2012-05-04-23_26_31.737,143,4,7,1,-38.244,-29.283,1.013
2012-05-04-23_26_31.737,143,5,7,1,-47.189,-29.289,1.513
2012-05-04-23_26_31.738,143,5,7,1,-47.275,-29.267,1.413
2012-05-04-23_26_31.739,143,5,7,1,-47.243,-29.292,1.413
2012-05-04-23_26_31.740,143,6,7,1,-56.216,-29.360,1.313
2012-05-04-23_26_31.741,143,6,7,1,-56.191,-29.264,1.413
2012-05-04-23_26_31.742,143,6,7,1,-56.289,-29.344,1.413
2012-05-04-23_26_31.742,143,7,7,1,-65.184,-29.280,4.413
2012-05-04-23_26_31.743,143,7,7,1,-65.191,-29.277,2.113
2012-05-04-23_26_31.743,143,7,7,1,-65.171,-29.178,2.113
2012-05-04-23_26_31.744,143,0,8,0,2.274,-33.778,1.926
2012-05-04-23_26_31.744,143,0,8,0,2.302,-33.688,1.927
2012-05-04-23_26_31.744,143,0,8,0,2.189,-33.755,1.927
2012-05-04-23_26_31.745,143,1,8,0,-6.748,-33.788,1.727
2012-05-04-23_26_31.745,143,1,8,0,-6.822,-33.769,1.727
2012-05-04-23_26_31.746,143,1,8,0,-6.765,-33.703,1.627
2012-05-04-23_26_31.746,143,2,8,0,-15.690,-33.708,1.126
2012-05-04-23_26_31.747,143,2,8,0,-15.776,-33.685,1.127
2012-05-04-23_26_31.747,143,2,8,0,-15.712,-33.638,1.127
2012-05-04-23_26_31.748,143,3,8,0,-24.712,-33.790,1.526
2012-05-04-23_26_31.748,143,3,8,0,-24.685,-33.700,1.527
2012-05-04-23_26_31.749,143,3,8,0,-24.798,-33.767,1.527
2012-05-04-23_26_31.749,143,4,8,0,-33.709,-33.792,1.026
2012-05-04-23_26_31.750,143,4,8,0,-33.682,-33.702,1.027
2012-05-04-23_26_31.750,143,4,8,0,-33.794,-33.769,1.027
2012-05-04-23_26_31.751,143,5,8,0,-42.725,-33.788,1.427
2012-05-04-23_26_31.751,143,5,8,0,-42.674,-33.837,1.427
2012-05-04-23_26_31.752,143,5,8,0,-42.774,-33.808,1.427
2012-05-04-23_26_31.752,143,6,8,0,-51.755,-33.853,1.326
2012-05-04-23_26_31.752,143,6,8,0,-51.727,-33.763,1.327
2012-05-04-23_26_31.753,143,6,8,0,-51.840,-33.829,1.227
2012-05-04-23_26_31.753,143,7,8,0,-60.649,-33.789,2.226
2012-05-04-23_26_31.754,143,7,8,0,-60.734,-33.766,2.227
2012-05-04-23_26_31.754,143,7,8,0,-60.671,-33.719,2.227
2012-05-04-23_26_31.755,143,0,8,1,-2.190,-33.787,1.936
2012-05-04-23_26_31.755,143,0,8,1,-2.165,-33.688,1.935
2012-05-04-23_26_31.756,143,0,8,1,-2.261,-33.766,1.935
2012-05-04-23_26_31.756,143,1,8,1,-11.213,-33.787,1.736
2012-05-04-23_26_31.757,143,1,8,1,-11.339,-33.720,1.735
2012-05-04-23_26_31.757,143,1,8,1,-11.237,-33.703,1.735
2012-05-04-23_26_31.758,143,2,8,1,-20.155,-33.717,1.136
2012-05-04-23_26_31.758,143,2,8,1,-20.226,-33.696,1.135
2012-05-04-23_26_31.759,143,2,8,1,-20.233,-33.694,1.135
2012-05-04-23_26_31.759,143,3,8,1,-29.177,-33.799,1.236
2012-05-04-23_26_31.760,143,3,8,1,-29.152,-33.700,1.335
2012-05-04-23_26_31.760,143,3,8,1,-29.248,-33.778,1.235
2012-05-04-23_26_31.761,143,4,8,1,-38.174,-33.801,1.036
2012-05-04-23_26_31.761,143,4,8,1,-38.148,-33.702,1.035
2012-05-04-23_26_31.762,143,4,8,1,-38.244,-33.780,1.035
2012-05-04-23_26_31.762,143,5,8,1,-47.192,-33.788,1.435
2012-05-04-23_26_31.763,143,5,8,1,-47.275,-33.764,1.435
2012-05-04-23_26_31.763,143,5,8,1,-47.244,-33.793,1.535
2012-05-04-23_26_31.764,143,6,8,1,-56.219,-33.862,1.336
2012-05-04-23_26_31.764,143,6,8,1,-56.194,-33.763,1.435
2012-05-04-23_26_31.764,143,6,8,1,-56.290,-33.840,1.335
2012-05-04-23_26_31.766,143,7,8,1,-65.184,-33.777,2.235
2012-05-04-23_26_31.766,143,7,8,1,-65.192,-33.775,2.235
2012-05-04-23_26_31.767,143,7,8,1,-65.171,-33.675,2.235
2012-05-04-23_26_31.767,143,0,9,0,2.274,-38.282,1.945
2012-05-04-23_26_31.768,143,0,9,0,2.304,-38.196,1.945
2012-05-04-23_26_31.768,143,0,9,0,2.191,-38.254,1.945
2012-05-04-23_26_31.769,143,1,9,0,-6.746,-38.290,1.845
2012-05-04-23_26_31.769,143,1,9,0,-6.822,-38.268,1.745
2012-05-04-23_26_31.770,143,1,9,0,-6.768,-38.211,1.745
2012-05-04-23_26_31.770,143,2,9,0,-15.691,-38.212,1.245
2012-05-04-23_26_31.771,143,2,9,0,-15.774,-38.184,1.245
2012-05-04-23_26_31.771,143,2,9,0,-15.710,-38.141,1.145
2012-05-04-23_26_31.772,143,3,9,0,-24.713,-38.294,1.645
2012-05-04-23_26_31.772,143,3,9,0,-24.683,-38.208,1.645
2012-05-04-23_26_31.773,143,3,9,0,-24.796,-38.266,1.645
2012-05-04-23_26_31.773,143,4,9,0,-33.710,-38.296,1.045
2012-05-04-23_26_31.774,143,4,9,0,-33.680,-38.210,0.945
2012-05-04-23_26_31.774,143,4,9,0,-33.792,-38.268,1.045
2012-05-04-23_26_31.774,143,5,9,0,-42.723,-38.296,1.545
2012-05-04-23_26_31.775,143,5,9,0,-42.675,-38.336,1.445
2012-05-04-23_26_31.775,143,5,9,0,-42.772,-38.311,1.445
2012-05-04-23_26_31.776,143,6,9,0,-51.755,-38.357,1.245
2012-05-04-23_26_31.776,143,6,9,0,-51.725,-38.270,1.345
2012-05-04-23_26_31.777,143,6,9,0,-51.838,-38.329,1.245
2012-05-04-23_26_31.777,143,7,9,0,-60.650,-38.293,2.245
2012-05-04-23_26_31.778,143,7,9,0,-60.732,-38.265,2.245
2012-05-04-23_26_31.778,143,7,9,0,-60.669,-38.222,2.245
2012-05-04-23_26_31.779,143,0,9,1,-2.191,-38.293,1.954
2012-05-04-23_26_31.779,143,0,9,1,-2.168,-38.195,1.954
2012-05-04-23_26_31.780,143,0,9,1,-2.259,-38.267,1.954
2012-05-04-23_26_31.780,143,1,9,1,-11.213,-38.290,1.854
2012-05-04-23_26_31.781,143,1,9,1,-11.342,-38.227,1.854
2012-05-04-23_26_31.781,143,1,9,1,-11.235,-38.210,1.854
2012-05-04-23_26_31.782,143,2,9,1,-20.155,-38.223,1.254
2012-05-04-23_26_31.782,143,2,9,1,-20.224,-38.197,1.254
2012-05-04-23_26_31.783,143,2,9,1,-20.233,-38.195,1.254
2012-05-04-23_26_31.783,143,3,9,1,-29.178,-38.305,1.354
2012-05-04-23_26_31.784,143,3,9,1,-29.155,-38.208,1.554
2012-05-04-23_26_31.784,143,3,9,1,-29.246,-38.279,1.454
2012-05-04-23_26_31.784,143,4,9,1,-38.174,-38.307,1.054
2012-05-04-23_26_31.785,143,4,9,1,-38.151,-38.209,1.054
2012-05-04-23_26_31.785,143,4,9,1,-38.242,-38.281,1.054
2012-05-04-23_26_31.786,143,5,9,1,-47.195,-38.295,1.554
2012-05-04-23_26_31.786,143,5,9,1,-47.276,-38.269,1.554
2012-05-04-23_26_31.787,143,5,9,1,-47.246,-38.299,1.554
2012-05-04-23_26_31.788,143,6,9,1,-56.197,-38.270,1.354
2012-05-04-23_26_31.789,143,6,9,1,-56.288,-38.341,1.354
2012-05-04-23_26_31.789,143,6,9,1,-56.297,-38.340,1.354
2012-05-04-23_26_31.790,143,7,9,1,-65.182,-38.278,2.254
2012-05-04-23_26_31.791,143,7,9,1,-65.192,-38.276,2.254
2012-05-04-23_26_31.792,143,7,9,1,-65.172,-38.180,2.254
2012-05-04-23_26_31.793,143,0,10,0,2.276,-42.784,1.966
2012-05-04-23_26_31.794,143,0,10,0,2.303,-42.696,1.966
2012-05-04-23_26_31.794,143,0,10,0,2.193,-42.754,1.966
2012-05-04-23_26_31.795,143,1,10,0,-6.749,-42.793,1.766
2012-05-04-23_26_31.795,143,1,10,0,-6.822,-42.767,1.866
2012-05-04-23_26_31.796,143,1,10,0,-6.768,-42.715,1.766
2012-05-04-23_26_31.797,143,2,10,0,-15.689,-42.714,1.266
2012-05-04-23_26_31.797,143,2,10,0,-15.772,-42.684,1.166
2012-05-04-23_26_31.798,143,2,10,0,-15.708,-42.639,1.166
2012-05-04-23_26_31.798,143,3,10,0,-24.711,-42.796,1.666
2012-05-04-23_26_31.799,143,3,10,0,-24.683,-42.708,1.666
2012-05-04-23_26_31.799,143,3,10,0,-24.794,-42.767,1.566
2012-05-04-23_26_31.801,143,4,10,0,-33.707,-42.798,1.066
2012-05-04-23_26_31.801,143,4,10,0,-33.680,-42.710,1.066
2012-05-04-23_26_31.802,143,4,10,0,-33.790,-42.768,1.066
2012-05-04-23_26_31.802,143,5,10,0,-42.724,-42.796,1.466
2012-05-04-23_26_31.803,143,5,10,0,-42.675,-42.835,1.466
2012-05-04-23_26_31.803,143,5,10,0,-42.770,-42.809,1.466
2012-05-04-23_26_31.803,143,6,10,0,-51.753,-42.859,1.266
2012-05-04-23_26_31.804,143,6,10,0,-51.725,-42.770,1.266
2012-05-04-23_26_31.804,143,6,10,0,-51.836,-42.829,1.266
2012-05-04-23_26_31.805,143,7,10,0,-60.648,-42.795,2.166
2012-05-04-23_26_31.805,143,7,10,0,-60.730,-42.765,2.266
2012-05-04-23_26_31.806,143,7,10,0,-60.667,-42.720,2.266
2012-05-04-23_26_31.806,143,0,10,1,-2.191,-42.791,1.978
2012-05-04-23_26_31.807,143,0,10,1,-2.166,-42.695,1.978
2012-05-04-23_26_31.807,143,0,10,1,-2.262,-42.769,1.978
2012-05-04-23_26_31.808,143,1,10,1,-11.214,-42.793,1.878
2012-05-04-23_26_31.808,143,1,10,1,-11.340,-42.727,1.878
2012-05-04-23_26_31.809,143,1,10,1,-11.235,-42.714,1.878
2012-05-04-23_26_31.809,143,2,10,1,-20.156,-42.721,1.278
2012-05-04-23_26_31.810,143,2,10,1,-20.226,-42.699,1.278
2012-05-04-23_26_31.810,143,2,10,1,-20.234,-42.698,1.378
2012-05-04-23_26_31.810,143,3,10,1,-29.178,-42.803,1.378
2012-05-04-23_26_31.811,143,3,10,1,-29.153,-42.707,1.378
2012-05-04-23_26_31.811,143,3,10,1,-29.249,-42.781,1.378
2012-05-04-23_26_31.812,143,4,10,1,-38.174,-42.805,1.078
2012-05-04-23_26_31.812,143,4,10,1,-38.149,-42.709,1.078
2012-05-04-23_26_31.813,143,4,10,1,-38.245,-42.783,1.078
2012-05-04-23_26_31.813,143,5,10,1,-47.193,-42.795,1.578
2012-05-04-23_26_31.814,143,5,10,1,-47.276,-42.774,1.578
2012-05-04-23_26_31.814,143,5,10,1,-47.249,-42.797,1.578
2012-05-04-23_26_31.815,143,6,10,1,-56.220,-42.866,1.378
2012-05-04-23_26_31.815,143,6,10,1,-56.195,-42.770,1.378
2012-05-04-23_26_31.816,143,6,10,1,-56.291,-42.844,1.378
2012-05-04-23_26_31.816,143,7,10,1,-65.185,-42.780,2.278
2012-05-04-23_26_31.817,143,7,10,1,-65.193,-42.779,2.278
2012-05-04-23_26_31.817,143,7,10,1,-65.172,-42.685,2.278
2012-05-04-23_26_31.818,143,0,11,0,2.278,-47.283,1.990
2012-05-04-23_26_31.818,143,0,11,0,2.301,-47.190,1.990
2012-05-04-23_26_31.819,143,0,11,0,2.195,-47.258,1.990
2012-05-04-23_26_31.819,143,1,11,0,-6.750,-47.296,1.890
2012-05-04-23_26_31.820,143,1,11,0,-6.825,-47.269,1.790
2012-05-04-23_26_31.820,143,1,11,0,-6.774,-47.209,1.790
2012-05-04-23_26_31.821,143,2,11,0,-15.687,-47.213,1.290
2012-05-04-23_26_31.821,143,2,11,0,-15.770,-47.187,1.290
2012-05-04-23_26_31.822,143,2,11,0,-15.743,-47.198,1.190
2012-05-04-23_26_31.822,143,3,11,0,-24.709,-47.295,1.690
2012-05-04-23_26_31.823,143,3,11,0,-24.686,-47.202,1.690
2012-05-04-23_26_31.823,143,3,11,0,-24.792,-47.270,1.690
2012-05-04-23_26_31.824,143,4,11,0,-33.705,-47.297,1.090
2012-05-04-23_26_31.824,143,4,11,0,-33.683,-47.204,1.090
2012-05-04-23_26_31.825,143,4,11,0,-33.788,-47.272,1.090
2012-05-04-23_26_31.825,143,5,11,0,-42.727,-47.290,1.490
2012-05-04-23_26_31.826,143,5,11,0,-42.678,-47.337,1.490
2012-05-04-23_26_31.826,143,5,11,0,-42.771,-47.305,1.390
2012-05-04-23_26_31.827,143,6,11,0,-51.751,-47.357,1.290
2012-05-04-23_26_31.827,143,6,11,0,-51.728,-47.264,1.290
2012-05-04-23_26_31.827,143,6,11,0,-51.834,-47.332,1.290
2012-05-04-23_26_31.828,143,7,11,0,-60.646,-47.293,2.290
2012-05-04-23_26_31.828,143,7,11,0,-60.728,-47.268,2.190
2012-05-04-23_26_31.829,143,7,11,0,-60.667,-47.216,2.290
2012-05-04-23_26_31.829,143,0,11,1,-2.194,-47.289,1.999
2012-05-04-23_26_31.830,143,0,11,1,-2.171,-47.190,1.999
2012-05-04-23_26_31.830,143,0,11,1,-2.262,-47.270,1.999
2012-05-04-23_26_31.832,143,1,11,1,-11.214,-47.295,1.799
2012-05-04-23_26_31.832,143,1,11,1,-11.346,-47.221,1.799
2012-05-04-23_26_31.833,143,1,11,1,-11.236,-47.209,1.799
2012-05-04-23_26_31.833,143,2,11,1,-20.159,-47.219,1.299
2012-05-04-23_26_31.834,143,2,11,1,-20.227,-47.200,1.299
2012-05-04-23_26_31.834,143,2,11,1,-20.234,-47.199,1.299
2012-05-04-23_26_31.835,143,3,11,1,-29.181,-47.301,1.399
2012-05-04-23_26_31.835,143,3,11,1,-29.158,-47.202,1.599
2012-05-04-23_26_31.836,143,3,11,1,-29.249,-47.282,1.399
2012-05-04-23_26_31.836,143,4,11,1,-38.177,-47.303,1.099
2012-05-04-23_26_31.837,143,4,11,1,-38.155,-47.204,1.099
2012-05-04-23_26_31.837,143,4,11,1,-38.246,-47.284,1.099
2012-05-04-23_26_31.838,143,5,11,1,-47.198,-47.289,1.499
2012-05-04-23_26_31.838,143,5,11,1,-47.279,-47.269,1.499
2012-05-04-23_26_31.839,143,5,11,1,-47.247,-47.291,1.499
2012-05-04-23_26_31.839,143,6,11,1,-56.223,-47.363,1.399
2012-05-04-23_26_31.839,143,6,11,1,-56.200,-47.264,1.399
2012-05-04-23_26_31.840,143,6,11,1,-56.291,-47.345,1.399
2012-05-04-23_26_31.840,143,7,11,1,-65.186,-47.281,2.299
2012-05-04-23_26_31.841,143,7,11,1,-65.193,-47.280,2.299
2012-05-04-23_26_31.841,143,7,11,1,-65.175,-47.180,2.299
2012-05-04-23_26_31.842,143,0,12,0,2.265,-51.780,2.207
2012-05-04-23_26_31.842,143,0,12,0,2.303,-51.690,2.207
2012-05-04-23_26_31.843,143,0,12,0,2.195,-51.758,2.207
2012-05-04-23_26_31.843,143,1,12,0,-6.753,-51.794,2.007
2012-05-04-23_26_31.844,143,1,12,0,-6.828,-51.774,1.907
2012-05-04-23_26_31.845,143,1,12,0,-6.774,-51.708,1.907
2012-05-04-23_26_31.846,143,2,12,0,-15.699,-51.710,1.307
2012-05-04-23_26_31.846,143,2,12,0,-15.770,-51.688,1.307
2012-05-04-23_26_31.847,143,2,12,0,-15.709,-51.639,1.307
2012-05-04-23_26_31.848,143,3,12,0,-24.722,-51.792,1.707
2012-05-04-23_26_31.849,143,3,12,0,-24.684,-51.702,1.707
2012-05-04-23_26_31.849,143,3,12,0,-24.792,-51.770,1.707
2012-05-04-23_26_31.850,143,4,12,0,-33.718,-51.794,1.107
2012-05-04-23_26_31.850,143,4,12,0,-33.681,-51.704,1.107
2012-05-04-23_26_31.851,143,4,12,0,-33.789,-51.772,1.107
2012-05-04-23_26_31.851,143,5,12,0,-42.725,-51.790,1.607
2012-05-04-23_26_31.852,143,5,12,0,-42.681,-51.842,1.307
2012-05-04-23_26_31.852,143,5,12,0,-42.771,-51.809,1.507
2012-05-04-23_26_31.853,143,6,12,0,-51.764,-51.855,1.307
2012-05-04-23_26_31.853,143,6,12,0,-51.726,-51.765,1.307
2012-05-04-23_26_31.854,143,6,12,0,-51.834,-51.833,1.307
2012-05-04-23_26_31.854,143,7,12,0,-60.658,-51.791,2.207
2012-05-04-23_26_31.855,143,7,12,0,-60.729,-51.769,2.207
2012-05-04-23_26_31.855,143,7,12,0,-60.667,-51.720,2.207
2012-05-04-23_26_31.856,143,0,12,1,-2.197,-51.786,2.116
2012-05-04-23_26_31.856,143,0,12,1,-2.172,-51.690,2.116
2012-05-04-23_26_31.857,143,0,12,1,-2.265,-51.769,2.116
2012-05-04-23_26_31.857,143,1,12,1,-11.215,-51.793,1.916
2012-05-04-23_26_31.858,143,1,12,1,-11.346,-51.722,1.816
2012-05-04-23_26_31.858,143,1,12,1,-11.236,-51.707,1.816
2012-05-04-23_26_31.859,143,2,12,1,-20.162,-51.716,1.216
2012-05-04-23_26_31.859,143,2,12,1,-20.230,-51.699,1.216
2012-05-04-23_26_31.860,143,2,12,1,-20.237,-51.697,1.216
2012-05-04-23_26_31.860,143,3,12,1,-29.184,-51.799,1.416
2012-05-04-23_26_31.861,143,3,12,1,-29.159,-51.702,1.616
2012-05-04-23_26_31.861,143,3,12,1,-29.252,-51.781,1.616
2012-05-04-23_26_31.862,143,4,12,1,-38.180,-51.800,1.116
2012-05-04-23_26_31.862,143,4,12,1,-38.155,-51.704,1.116
2012-05-04-23_26_31.863,143,4,12,1,-38.248,-51.783,1.116
2012-05-04-23_26_31.863,143,5,12,1,-47.199,-51.790,1.316
2012-05-04-23_26_31.864,143,5,12,1,-47.279,-51.768,1.316
2012-05-04-23_26_31.864,143,5,12,1,-47.250,-51.792,1.316
2012-05-04-23_26_31.865,143,6,12,1,-56.226,-51.861,1.416
2012-05-04-23_26_31.866,143,6,12,1,-56.201,-51.765,1.416
2012-05-04-23_26_31.866,143,6,12,1,-56.294,-51.843,1.416
2012-05-04-23_26_31.867,143,7,12,1,-65.188,-51.779,2.316
2012-05-04-23_26_31.868,143,7,12,1,-65.196,-51.778,2.216
2012-05-04-23_26_31.869,143,7,12,1,-65.176,-51.679,2.216
2012-05-04-23_26_31.870,143,0,13,0,2.275,-56.278,2.227
2012-05-04-23_26_31.870,143,0,13,0,2.300,-56.191,2.127
2012-05-04-23_26_31.871,143,0,13,0,2.197,-56.254,2.227
2012-05-04-23_26_31.871,143,1,13,0,-6.755,-56.289,1.927
2012-05-04-23_26_31.872,143,1,13,0,-6.829,-56.270,1.927
2012-05-04-23_26_31.872,143,1,13,0,-6.774,-56.205,1.927
2012-05-04-23_26_31.873,143,2,13,0,-15.690,-56.208,1.327
2012-05-04-23_26_31.873,143,2,13,0,-15.768,-56.184,1.227
2012-05-04-23_26_31.874,143,2,13,0,-15.712,-56.140,1.227
2012-05-04-23_26_31.874,143,3,13,0,-24.712,-56.290,1.727
2012-05-04-23_26_31.875,143,3,13,0,-24.687,-56.203,1.727
2012-05-04-23_26_31.875,143,3,13,0,-24.790,-56.267,1.727
2012-05-04-23_26_31.876,143,4,13,0,-33.709,-56.292,1.127
2012-05-04-23_26_31.876,143,4,13,0,-33.684,-56.205,1.127
2012-05-04-23_26_31.877,143,4,13,0,-33.787,-56.268,1.127
2012-05-04-23_26_31.877,143,5,13,0,-42.727,-56.291,1.527
2012-05-04-23_26_31.878,143,5,13,0,-42.681,-56.338,1.327
2012-05-04-23_26_31.878,143,5,13,0,-42.774,-56.310,1.527
2012-05-04-23_26_31.879,143,6,13,0,-51.754,-56.353,1.327
2012-05-04-23_26_31.879,143,6,13,0,-51.729,-56.265,1.327
2012-05-04-23_26_31.880,143,6,13,0,-51.832,-56.329,1.327
2012-05-04-23_26_31.880,143,7,13,0,-60.649,-56.289,3.327
2012-05-04-23_26_31.881,143,7,13,0,-60.727,-56.265,5.527
2012-05-04-23_26_31.881,143,7,13,0,-60.670,-56.221,4.327
2012-05-04-23_26_31.882,143,0,13,1,-2.197,-56.289,2.139
2012-05-04-23_26_31.882,143,0,13,1,-2.174,-56.189,2.139
2012-05-04-23_26_31.883,143,0,13,1,-2.268,-56.265,2.139
2012-05-04-23_26_31.883,143,1,13,1,-11.213,-56.289,1.839
2012-05-04-23_26_31.883,143,1,13,1,-11.349,-56.221,1.939
2012-05-04-23_26_31.884,143,1,13,1,-11.234,-56.204,1.939
2012-05-04-23_26_31.884,143,2,13,1,-20.162,-56.219,1.339
2012-05-04-23_26_31.885,143,2,13,1,-20.233,-56.194,1.339
2012-05-04-23_26_31.885,143,2,13,1,-20.237,-56.194,1.239
2012-05-04-23_26_31.886,143,3,13,1,-29.184,-56.301,1.439
2012-05-04-23_26_31.886,143,3,13,1,-29.161,-56.202,1.639
2012-05-04-23_26_31.887,143,3,13,1,-29.255,-56.277,1.739
2012-05-04-23_26_31.887,143,4,13,1,-38.181,-56.303,1.039
2012-05-04-23_26_31.888,143,4,13,1,-38.158,-56.203,1.139
2012-05-04-23_26_31.888,143,4,13,1,-38.251,-56.279,1.139
2012-05-04-23_26_31.889,143,5,13,1,-47.202,-56.289,1.539
2012-05-04-23_26_31.889,143,5,13,1,-47.280,-56.265,1.639
2012-05-04-23_26_31.889,143,5,13,1,-47.253,-56.291,1.639
2012-05-04-23_26_31.890,143,6,13,1,-56.226,-56.363,1.439
2012-05-04-23_26_31.890,143,6,13,1,-56.203,-56.264,1.439
2012-05-04-23_26_31.891,143,6,13,1,-56.297,-56.339,1.439
2012-05-04-23_26_31.891,143,7,13,1,-65.191,-56.275,2.239
2012-05-04-23_26_31.892,143,7,13,1,-65.196,-56.275,2.239
2012-05-04-23_26_31.892,143,7,13,1,-65.176,-56.176,2.239
2012-05-04-23_26_31.893,143,0,14,0,2.272,-60.782,2.151
2012-05-04-23_26_31.893,143,0,14,0,2.297,-60.696,2.151
2012-05-04-23_26_31.894,143,0,14,0,2.196,-60.754,2.151
2012-05-04-23_26_31.894,143,1,14,0,-6.756,-60.790,1.951
2012-05-04-23_26_31.894,143,1,14,0,-6.831,-60.769,1.951
2012-05-04-23_26_31.895,143,1,14,0,-6.775,-60.711,1.951
2012-05-04-23_26_31.896,143,2,14,0,-15.693,-60.712,1.251
2012-05-04-23_26_31.896,143,2,14,0,-15.768,-60.684,1.351
2012-05-04-23_26_31.897,143,2,14,0,-15.712,-60.642,1.351
2012-05-04-23_26_31.899,143,3,14,0,-24.715,-60.794,1.751
2012-05-04-23_26_31.900,143,3,14,0,-24.690,-60.708,1.751
2012-05-04-23_26_31.900,143,3,14,0,-24.791,-60.766,1.751
2012-05-04-23_26_31.901,143,4,14,0,-33.712,-60.796,1.051
2012-05-04-23_26_31.901,143,4,14,0,-33.687,-60.710,1.051
2012-05-04-23_26_31.902,143,4,14,0,-33.787,-60.768,1.051
2012-05-04-23_26_31.902,143,5,14,0,-42.730,-60.796,1.551
2012-05-04-23_26_31.903,143,5,14,0,-42.684,-60.837,1.351
2012-05-04-23_26_31.903,143,5,14,0,-42.774,-60.812,1.451
2012-05-04-23_26_31.904,143,6,14,0,-51.757,-60.856,1.351
2012-05-04-23_26_31.904,143,6,14,0,-51.732,-60.771,1.351
2012-05-04-23_26_31.905,143,6,14,0,-51.833,-60.828,1.351
2012-05-04-23_26_31.905,143,7,14,0,-60.652,-60.793,2.151
2012-05-04-23_26_31.906,143,7,14,0,-60.727,-60.764,2.151
2012-05-04-23_26_31.906,143,7,14,0,-60.671,-60.723,3.351
2012-05-04-23_26_31.907,143,0,14,1,-2.200,-60.793,2.161
2012-05-04-23_26_31.907,143,0,14,1,-2.172,-60.696,2.161
2012-05-04-23_26_31.908,143,0,14,1,-2.271,-60.766,2.161
2012-05-04-23_26_31.908,143,1,14,1,-11.211,-60.790,1.861
2012-05-04-23_26_31.909,143,1,14,1,-11.347,-60.728,1.861
2012-05-04-23_26_31.909,143,1,14,1,-11.234,-60.710,1.961
2012-05-04-23_26_31.910,143,2,14,1,-20.165,-60.723,1.261
2012-05-04-23_26_31.910,143,2,14,1,-20.235,-60.696,1.261
2012-05-04-23_26_31.911,143,2,14,1,-20.240,-60.695,1.261
2012-05-04-23_26_31.911,143,3,14,1,-29.187,-60.805,1.361
2012-05-04-23_26_31.912,143,3,14,1,-29.159,-60.708,1.461
2012-05-04-23_26_31.912,143,3,14,1,-29.258,-60.778,1.461
2012-05-04-23_26_31.913,143,4,14,1,-38.184,-60.807,1.061
2012-05-04-23_26_31.913,143,4,14,1,-38.156,-60.710,1.061
2012-05-04-23_26_31.914,143,4,14,1,-38.254,-60.780,1.061
2012-05-04-23_26_31.914,143,5,14,1,-47.200,-60.796,1.561
2012-05-04-23_26_31.915,143,5,14,1,-47.285,-60.770,1.561
2012-05-04-23_26_31.915,143,5,14,1,-47.256,-60.798,1.561
2012-05-04-23_26_31.916,143,6,14,1,-56.229,-60.867,1.461
2012-05-04-23_26_31.916,143,6,14,1,-56.201,-60.771,1.461
2012-05-04-23_26_31.917,143,6,14,1,-56.300,-60.841,1.461
2012-05-04-23_26_31.917,143,7,14,1,-65.194,-60.777,2.261
2012-05-04-23_26_31.918,143,7,14,1,-65.199,-60.776,2.261
2012-05-04-23_26_31.918,143,7,14,1,-65.181,-60.681,2.261
2012-05-04-23_26_31.919,143,0,15,0,2.271,-65.283,2.270
2012-05-04-23_26_31.919,143,0,15,0,2.296,-65.196,2.270
2012-05-04-23_26_31.920,143,0,15,0,2.196,-65.255,2.270
2012-05-04-23_26_31.920,143,1,15,0,-6.751,-65.293,1.970
2012-05-04-23_26_31.921,143,1,15,0,-6.832,-65.268,2.070
2012-05-04-23_26_31.921,143,1,15,0,-6.775,-65.215,1.970
2012-05-04-23_26_31.921,143,2,15,0,-15.693,-65.213,1.370
2012-05-04-23_26_31.922,143,2,15,0,-15.769,-65.185,1.270
2012-05-04-23_26_31.922,143,2,15,0,-15.715,-65.140,1.370
2012-05-04-23_26_31.923,143,3,15,0,-24.715,-65.296,1.770
2012-05-04-23_26_31.923,143,3,15,0,-24.690,-65.208,1.770
2012-05-04-23_26_31.924,143,3,15,0,-24.791,-65.267,1.770
2012-05-04-23_26_31.924,143,4,15,0,-33.712,-65.297,1.070
2012-05-04-23_26_31.925,143,4,15,0,-33.687,-65.210,1.070
2012-05-04-23_26_31.925,143,4,15,0,-33.788,-65.269,1.070
2012-05-04-23_26_31.926,143,5,15,0,-42.731,-65.296,1.570
2012-05-04-23_26_31.926,143,5,15,0,-42.685,-65.336,1.370
2012-05-04-23_26_31.927,143,5,15,0,-42.777,-65.310,1.570
2012-05-04-23_26_31.927,143,6,15,0,-51.758,-65.358,1.370
2012-05-04-23_26_31.928,143,6,15,0,-51.732,-65.270,1.370
2012-05-04-23_26_31.928,143,6,15,0,-51.833,-65.330,1.270
2012-05-04-23_26_31.929,143,7,15,0,-60.652,-65.294,2.070
2012-05-04-23_26_31.929,143,7,15,0,-60.728,-65.266,2.170
2012-05-04-23_26_31.930,143,7,15,0,-60.674,-65.221,2.070
2012-05-04-23_26_31.930,143,0,15,1,-2.198,-65.292,2.179
2012-05-04-23_26_31.932,143,0,15,1,-2.170,-65.196,2.179
2012-05-04-23_26_31.932,143,0,15,1,-2.271,-65.269,2.279
2012-05-04-23_26_31.932,143,1,15,1,-11.211,-65.293,1.979
2012-05-04-23_26_31.933,143,1,15,1,-11.345,-65.228,1.979
2012-05-04-23_26_31.933,143,1,15,1,-11.235,-65.215,1.979
2012-05-04-23_26_31.934,143,2,15,1,-20.163,-65.222,1.379
2012-05-04-23_26_31.934,143,2,15,1,-20.236,-65.199,1.379
2012-05-04-23_26_31.935,143,2,15,1,-20.243,-65.198,1.379
2012-05-04-23_26_31.935,143,3,15,1,-29.185,-65.304,1.479
2012-05-04-23_26_31.936,143,3,15,1,-29.157,-65.208,1.579
2012-05-04-23_26_31.936,143,3,15,1,-29.258,-65.281,1.479
2012-05-04-23_26_31.937,143,4,15,1,-38.181,-65.306,1.079
2012-05-04-23_26_31.937,143,4,15,1,-38.154,-65.210,1.079
2012-05-04-23_26_31.938,143,4,15,1,-38.255,-65.283,1.079
2012-05-04-23_26_31.938,143,5,15,1,-47.198,-65.296,1.379
2012-05-04-23_26_31.939,143,5,15,1,-47.285,-65.274,1.479
2012-05-04-23_26_31.939,143,5,15,1,-47.256,-65.298,1.479
2012-05-04-23_26_31.940,143,6,15,1,-56.227,-65.366,1.379
2012-05-04-23_26_31.940,143,6,15,1,-56.199,-65.270,1.479
2012-05-04-23_26_31.941,143,6,15,1,-56.300,-65.344,1.479
2012-05-04-23_26_31.941,143,7,15,1,-65.195,-65.280,2.179
2012-05-04-23_26_31.942,143,7,15,1,-65.202,-65.279,2.179
2012-05-04-23_26_31.942,143,7,15,1,-65.182,-65.185,2.179
2012-05-04-23_26_31.942,143,0,16,0,2.266,-69.783,2.191
2012-05-04-23_26_31.943,143,0,16,0,2.291,-69.690,2.191
2012-05-04-23_26_31.943,143,0,16,0,2.193,-69.758,2.291
2012-05-04-23_26_31.944,143,1,16,0,-6.752,-69.795,1.991
2012-05-04-23_26_31.944,143,1,16,0,-6.832,-69.768,1.991
2012-05-04-23_26_31.945,143,1,16,0,-6.773,-69.709,2.091
2012-05-04-23_26_31.945,143,2,16,0,-15.699,-69.713,1.391
2012-05-04-23_26_31.946,143,2,16,0,-15.772,-69.688,1.391
2012-05-04-23_26_31.946,143,2,16,0,-15.750,-69.698,1.391
2012-05-04-23_26_31.947,143,3,16,0,-24.721,-69.795,1.791
2012-05-04-23_26_31.947,143,3,16,0,-24.696,-69.702,1.791
2012-05-04-23_26_31.948,143,3,16,0,-24.794,-69.770,1.791
2012-05-04-23_26_31.948,143,4,16,0,-33.717,-69.797,0.991
2012-05-04-23_26_31.949,143,4,16,0,-33.692,-69.704,0.991
2012-05-04-23_26_31.950,143,4,16,0,-33.790,-69.772,0.991
2012-05-04-23_26_31.951,143,5,16,0,-42.736,-69.789,1.591
2012-05-04-23_26_31.951,143,5,16,0,-42.685,-69.836,1.391
2012-05-04-23_26_31.952,143,5,16,0,-42.778,-69.804,1.691
2012-05-04-23_26_31.952,143,6,16,0,-51.763,-69.858,1.391
2012-05-04-23_26_31.953,143,6,16,0,-51.738,-69.764,1.391
2012-05-04-23_26_31.953,143,6,16,0,-51.836,-69.833,1.291
2012-05-04-23_26_31.954,143,7,16,0,-60.657,-69.794,2.191
2012-05-04-23_26_31.954,143,7,16,0,-60.730,-69.769,2.191
2012-05-04-23_26_31.954,143,7,16,0,-60.674,-69.715,2.191
2012-05-04-23_26_31.955,143,0,16,1,-2.198,-69.789,2.303
2012-05-04-23_26_31.955,143,0,16,1,-2.171,-69.689,2.203
2012-05-04-23_26_31.956,143,0,16,1,-2.271,-69.771,2.203
2012-05-04-23_26_31.957,143,1,16,1,-11.211,-69.794,2.003
2012-05-04-23_26_31.957,143,1,16,1,-11.345,-69.721,2.003
2012-05-04-23_26_31.958,143,1,16,1,-11.233,-69.708,2.002
2012-05-04-23_26_31.958,143,2,16,1,-20.163,-69.719,1.403
2012-05-04-23_26_31.959,143,2,16,1,-20.236,-69.701,1.403
2012-05-04-23_26_31.959,143,2,16,1,-20.244,-69.699,1.403
2012-05-04-23_26_31.959,143,3,16,1,-29.185,-69.801,1.503
2012-05-04-23_26_31.960,143,3,16,1,-29.158,-69.701,1.503
2012-05-04-23_26_31.960,143,3,16,1,-29.258,-69.783,1.503
2012-05-04-23_26_31.961,143,4,16,1,-38.182,-69.803,1.103
2012-05-04-23_26_31.961,143,4,16,1,-38.154,-69.703,1.103
2012-05-04-23_26_31.962,143,4,16,1,-38.255,-69.785,1.103
2012-05-04-23_26_31.963,143,5,16,1,-47.198,-69.789,1.403
2012-05-04-23_26_31.964,143,5,16,1,-47.286,-69.769,1.502
2012-05-04-23_26_31.964,143,5,16,1,-47.257,-69.791,1.402
2012-05-04-23_26_31.965,143,6,16,1,-56.227,-69.863,1.503
2012-05-04-23_26_31.965,143,6,16,1,-56.200,-69.764,1.503
2012-05-04-23_26_31.965,143,6,16,1,-56.300,-69.845,1.503
2012-05-04-23_26_31.966,143,7,16,1,-65.195,-69.782,2.203
2012-05-04-23_26_31.966,143,7,16,1,-65.202,-69.780,2.203
2012-05-04-23_26_31.967,143,7,16,1,-65.182,-69.680,2.302
2012-05-04-23_26_31.967,143,0,17,0,2.256,-74.279,2.215
2012-05-04-23_26_31.968,143,0,17,0,2.291,-74.190,2.215
2012-05-04-23_26_31.968,143,0,17,0,2.193,-74.258,2.315
2012-05-04-23_26_31.969,143,1,17,0,-6.750,-74.293,2.015
2012-05-04-23_26_31.969,143,1,17,0,-6.830,-74.273,2.015
2012-05-04-23_26_31.970,143,1,17,0,-6.771,-74.207,2.015
2012-05-04-23_26_31.970,143,2,17,0,-15.709,-74.209,1.315
2012-05-04-23_26_31.971,143,2,17,0,-15.772,-74.188,1.315
2012-05-04-23_26_31.971,143,2,17,0,-15.721,-74.138,1.415
2012-05-04-23_26_31.972,143,3,17,0,-24.731,-74.292,1.815
2012-05-04-23_26_31.972,143,3,17,0,-24.696,-74.202,1.815
2012-05-04-23_26_31.973,143,3,17,0,-24.794,-74.270,1.815
2012-05-04-23_26_31.973,143,4,17,0,-33.728,-74.293,1.115
2012-05-04-23_26_31.974,143,4,17,0,-33.693,-74.204,1.115
2012-05-04-23_26_31.974,143,4,17,0,-33.791,-74.272,1.115
2012-05-04-23_26_31.975,143,5,17,0,-42.736,-74.290,1.615
2012-05-04-23_26_31.975,143,5,17,0,-42.683,-74.341,1.415
2012-05-04-23_26_31.976,143,5,17,0,-42.783,-74.308,1.615
2012-05-04-23_26_31.976,143,6,17,0,-51.773,-74.354,1.315
2012-05-04-23_26_31.977,143,6,17,0,-51.738,-74.264,1.415
2012-05-04-23_26_31.977,143,6,17,0,-51.836,-74.333,1.315
2012-05-04-23_26_31.978,143,7,17,0,-60.668,-74.290,2.215
2012-05-04-23_26_31.978,143,7,17,0,-60.731,-74.269,2.215
2012-05-04-23_26_31.979,143,7,17,0,-60.679,-74.219,2.215
2012-05-04-23_26_31.979,143,0,17,1,-2.196,-74.286,2.224
2012-05-04-23_26_31.979,143,0,17,1,-2.169,-74.189,2.224
2012-05-04-23_26_31.980,143,0,17,1,-2.272,-74.268,2.224
2012-05-04-23_26_31.980,143,1,17,1,-11.214,-74.292,2.024
2012-05-04-23_26_31.981,143,1,17,1,-11.343,-74.221,1.924
2012-05-04-23_26_31.981,143,1,17,1,-11.236,-74.206,2.024
2012-05-04-23_26_31.982,143,2,17,1,-20.161,-74.216,1.424
2012-05-04-23_26_31.982,143,2,17,1,-20.237,-74.198,1.424
2012-05-04-23_26_31.983,143,2,17,1,-20.242,-74.197,1.424
2012-05-04-23_26_31.983,143,3,17,1,-29.183,-74.298,1.524
2012-05-04-23_26_31.984,143,3,17,1,-29.156,-74.201,1.724
2012-05-04-23_26_31.984,143,3,17,1,-29.259,-74.281,1.524
2012-05-04-23_26_31.985,143,4,17,1,-38.180,-74.300,1.124
2012-05-04-23_26_31.985,143,4,17,1,-38.152,-74.203,1.124
2012-05-04-23_26_31.986,143,4,17,1,-38.255,-74.282,1.024
2012-05-04-23_26_31.986,143,5,17,1,-47.196,-74.289,1.724
2012-05-04-23_26_31.986,143,5,17,1,-47.284,-74.266,1.724
2012-05-04-23_26_31.987,143,5,17,1,-47.252,-74.292,1.624
2012-05-04-23_26_31.987,143,6,17,1,-56.225,-74.360,1.524
2012-05-04-23_26_31.988,143,6,17,1,-56.198,-74.263,1.524
2012-05-04-23_26_31.988,143,6,17,1,-56.301,-74.343,1.524
2012-05-04-23_26_31.989,143,7,17,1,-65.195,-74.279,2.224
2012-05-04-23_26_31.989,143,7,17,1,-65.200,-74.278,2.224
2012-05-04-23_26_31.990,143,7,17,1,-65.180,-74.177,2.224
2012-05-04-23_26_31.990,143,0,18,0,2.265,-78.778,2.033
2012-05-04-23_26_31.991,143,0,18,0,2.295,-78.689,2.033
2012-05-04-23_26_31.991,143,0,18,0,2.190,-78.755,2.033
2012-05-04-23_26_31.991,143,1,18,0,-6.748,-78.789,1.933
2012-05-04-23_26_31.992,143,1,18,0,-6.831,-78.769,1.933
2012-05-04-23_26_31.992,143,1,18,0,-6.769,-78.704,1.933
2012-05-04-23_26_31.993,143,2,18,0,-15.700,-78.708,1.433
2012-05-04-23_26_31.994,143,2,18,0,-15.775,-78.685,1.433
2012-05-04-23_26_31.995,143,2,18,0,-15.719,-78.639,1.433
2012-05-04-23_26_31.995,143,3,18,0,-24.722,-78.790,1.833
2012-05-04-23_26_31.996,143,3,18,0,-24.692,-78.702,1.833
2012-05-04-23_26_31.996,143,3,18,0,-24.797,-78.767,1.833
2012-05-04-23_26_31.997,143,4,18,0,-33.718,-78.792,1.133
2012-05-04-23_26_31.997,143,4,18,0,-33.688,-78.703,1.133
2012-05-04-23_26_31.998,143,4,18,0,-33.794,-78.769,1.133
2012-05-04-23_26_31.998,143,5,18,0,-42.732,-78.789,1.933
2012-05-04-23_26_31.999,143,5,18,0,-42.684,-78.837,1.633
2012-05-04-23_26_31.999,143,5,18,0,-42.781,-78.809,1.833
2012-05-04-23_26_32.000,143,6,18,0,-51.764,-78.853,1.533
2012-05-04-23_26_32.001,143,6,18,0,-51.734,-78.764,1.633
2012-05-04-23_26_32.002,143,6,18,0,-51.839,-78.829,1.533
2012-05-04-23_26_32.002,143,7,18,0,-60.658,-78.789,6.233
2012-05-04-23_26_32.003,143,7,18,0,-60.734,-78.766,2.433
2012-05-04-23_26_32.003,143,7,18,0,-60.677,-78.720,2.433
2012-05-04-23_26_32.004,143,0,18,1,-2.194,-78.788,2.042
2012-05-04-23_26_32.004,143,0,18,1,-2.169,-78.689,2.042
2012-05-04-23_26_32.005,143,0,18,1,-2.272,-78.765,2.041
2012-05-04-23_26_32.005,143,1,18,1,-11.212,-78.788,1.942
2012-05-04-23_26_32.006,143,1,18,1,-11.344,-78.720,1.842
2012-05-04-23_26_32.006,143,1,18,1,-11.236,-78.703,1.941
2012-05-04-23_26_32.007,143,2,18,1,-20.159,-78.718,1.542
2012-05-04-23_26_32.007,143,2,18,1,-20.237,-78.695,1.541
2012-05-04-23_26_32.008,143,2,18,1,-20.244,-78.694,1.441
2012-05-04-23_26_32.008,143,3,18,1,-29.181,-78.800,1.642
2012-05-04-23_26_32.009,143,3,18,1,-29.156,-78.701,1.842
2012-05-04-23_26_32.009,143,3,18,1,-29.259,-78.778,1.841
2012-05-04-23_26_32.010,143,4,18,1,-38.178,-78.802,1.242
2012-05-04-23_26_32.010,143,4,18,1,-38.153,-78.703,1.242
2012-05-04-23_26_32.011,143,4,18,1,-38.256,-78.779,1.241
2012-05-04-23_26_32.011,143,5,18,1,-47.196,-78.788,1.742
2012-05-04-23_26_32.012,143,5,18,1,-47.284,-78.764,1.741
2012-05-04-23_26_32.012,143,5,18,1,-47.253,-78.792,1.741
2012-05-04-23_26_32.013,143,6,18,1,-56.223,-78.863,1.542
2012-05-04-23_26_32.013,143,6,18,1,-56.198,-78.763,1.642
2012-05-04-23_26_32.014,143,6,18,1,-56.301,-78.840,1.641
2012-05-04-23_26_32.014,143,7,18,1,-65.196,-78.776,2.441
2012-05-04-23_26_32.015,143,7,18,1,-65.203,-78.774,2.341
2012-05-04-23_26_32.015,143,7,18,1,-65.181,-78.675,2.441
2012-05-04-23_26_32.016,143,0,19,0,2.265,-83.281,2.053
2012-05-04-23_26_32.016,143,0,19,0,2.295,-83.196,2.053
2012-05-04-23_26_32.016,143,0,19,0,2.189,-83.253,2.053
2012-05-04-23_26_32.017,143,1,19,0,-6.751,-83.290,9.953
2012-05-04-23_26_32.017,143,1,19,0,-6.829,-83.268,1.953
2012-05-04-23_26_32.018,143,1,19,0,-6.770,-83.211,1.953
2012-05-04-23_26_32.018,143,2,19,0,-15.700,-83.211,1.453
2012-05-04-23_26_32.019,143,2,19,0,-15.775,-83.183,1.453
2012-05-04-23_26_32.019,143,2,19,0,-15.719,-83.141,1.453
2012-05-04-23_26_32.020,143,3,19,0,-24.722,-83.294,1.853
2012-05-04-23_26_32.020,143,3,19,0,-24.692,-83.208,1.853
2012-05-04-23_26_32.021,143,3,19,0,-24.798,-83.265,1.853
2012-05-04-23_26_32.021,143,4,19,0,-33.719,-83.295,1.153
2012-05-04-23_26_32.022,143,4,19,0,-33.689,-83.210,1.153
2012-05-04-23_26_32.023,143,4,19,0,-33.794,-83.267,1.153
2012-05-04-23_26_32.023,143,5,19,0,-42.732,-83.296,1.853
2012-05-04-23_26_32.023,143,5,19,0,-42.681,-83.336,1.553
2012-05-04-23_26_32.024,143,5,19,0,-42.781,-83.311,1.853
2012-05-04-23_26_32.024,143,6,19,0,-51.764,-83.356,1.553
2012-05-04-23_26_32.025,143,6,19,0,-51.734,-83.270,1.653
2012-05-04-23_26_32.025,143,6,19,0,-51.840,-83.328,1.553
2012-05-04-23_26_32.026,143,7,19,0,-60.659,-83.292,2.353
2012-05-04-23_26_32.027,143,7,19,0,-60.734,-83.264,2.453
2012-05-04-23_26_32.028,143,7,19,0,-60.678,-83.222,2.453
2012-05-04-23_26_32.028,143,0,19,1,-2.195,-83.293,2.065
2012-05-04-23_26_32.029,143,0,19,1,-2.170,-83.196,2.065
2012-05-04-23_26_32.029,143,0,19,1,-2.270,-83.266,2.165
2012-05-04-23_26_32.030,143,1,19,1,-11.213,-83.290,1.865
2012-05-04-23_26_32.030,143,1,19,1,-11.344,-83.227,1.965
2012-05-04-23_26_32.031,143,1,19,1,-11.237,-83.210,1.865
2012-05-04-23_26_32.031,143,2,19,1,-20.160,-83.223,1.465
2012-05-04-23_26_32.032,143,2,19,1,-20.235,-83.196,1.565
2012-05-04-23_26_32.032,143,2,19,1,-20.242,-83.195,1.465
2012-05-04-23_26_32.033,143,3,19,1,-29.182,-83.305,1.565
2012-05-04-23_26_32.033,143,3,19,1,-29.157,-83.208,1.765
2012-05-04-23_26_32.034,143,3,19,1,-29.257,-83.278,1.865
2012-05-04-23_26_32.034,143,4,19,1,-38.178,-83.307,1.265
2012-05-04-23_26_32.035,143,4,19,1,-38.153,-83.210,1.265
2012-05-04-23_26_32.035,143,4,19,1,-38.254,-83.280,1.265
2012-05-04-23_26_32.036,143,5,19,1,-47.197,-83.296,1.665
2012-05-04-23_26_32.036,143,5,19,1,-47.282,-83.269,1.665
2012-05-04-23_26_32.037,143,5,19,1,-47.251,-83.299,1.665
2012-05-04-23_26_32.037,143,6,19,1,-56.199,-83.270,1.565
2012-05-04-23_26_32.038,143,6,19,1,-56.299,-83.341,1.565
2012-05-04-23_26_32.038,143,6,19,1,-56.307,-83.340,1.565
2012-05-04-23_26_32.039,143,7,19,1,-65.194,-83.277,2.465
2012-05-04-23_26_32.039,143,7,19,1,-65.201,-83.276,2.465
2012-05-04-23_26_32.040,143,7,19,1,-65.179,-83.180,2.465
2012-05-04-23_26_32.040,143,0,20,0,2.267,-87.783,2.078
2012-05-04-23_26_32.041,143,0,20,0,2.294,-87.696,2.078
2012-05-04-23_26_32.041,143,0,20,0,2.187,-87.754,2.078
2012-05-04-23_26_32.042,143,1,20,0,-6.751,-87.794,3.278
2012-05-04-23_26_32.042,143,1,20,0,-6.829,-87.768,1.878
2012-05-04-23_26_32.043,143,1,20,0,-6.770,-87.715,1.978
2012-05-04-23_26_32.043,143,2,20,0,-15.698,-87.713,1.478
2012-05-04-23_26_32.044,143,2,20,0,-15.778,-87.684,1.478
2012-05-04-23_26_32.044,143,2,20,0,-15.719,-87.640,1.578
2012-05-04-23_26_32.044,143,3,20,0,-24.720,-87.796,1.878
2012-05-04-23_26_32.045,143,3,20,0,-24.693,-87.708,1.878
2012-05-04-23_26_32.045,143,3,20,0,-24.800,-87.766,1.878
2012-05-04-23_26_32.046,143,4,20,0,-33.717,-87.797,1.178
2012-05-04-23_26_32.046,143,4,20,0,-33.689,-87.710,1.178
2012-05-04-23_26_32.047,143,4,20,0,-33.797,-87.768,1.178
2012-05-04-23_26_32.047,143,5,20,0,-42.733,-87.796,1.878
2012-05-04-23_26_32.048,143,5,20,0,-42.682,-87.836,1.678
2012-05-04-23_26_32.048,143,5,20,0,-42.782,-87.810,1.778
2012-05-04-23_26_32.049,143,6,20,0,-51.762,-87.858,1.578
2012-05-04-23_26_32.049,143,6,20,0,-51.735,-87.771,1.578
2012-05-04-23_26_32.050,143,6,20,0,-51.684,-87.810,1.578
2012-05-04-23_26_32.050,143,7,20,0,-60.657,-87.794,2.378
2012-05-04-23_26_32.051,143,7,20,0,-60.737,-87.765,2.378
2012-05-04-23_26_32.051,143,7,20,0,-60.678,-87.721,2.478
2012-05-04-23_26_32.053,143,0,20,1,-2.193,-87.791,2.087
2012-05-04-23_26_32.053,143,0,20,1,-2.278,-87.773,1.987
2012-05-04-23_26_32.054,143,0,20,1,-2.217,-87.710,2.087
2012-05-04-23_26_32.054,143,2,20,1,-20.158,-87.721,1.587
2012-05-04-23_26_32.055,143,2,20,1,-20.243,-87.703,1.587
2012-05-04-23_26_32.055,143,3,20,1,-29.180,-87.803,1.687
2012-05-04-23_26_32.056,143,3,20,1,-29.265,-87.785,1.887
2012-05-04-23_26_32.056,143,3,20,1,-29.204,-87.722,1.887
2012-05-04-23_26_32.057,143,4,20,1,-38.176,-87.805,1.287
2012-05-04-23_26_32.057,143,4,20,1,-38.262,-87.787,1.287
2012-05-04-23_26_32.058,143,4,20,1,-38.200,-87.724,1.287
2012-05-04-23_26_32.058,143,5,20,1,-47.244,-87.810,1.687
2012-05-04-23_26_32.059,143,6,20,1,-56.222,-87.866,1.587
2012-05-04-23_26_32.060,143,6,20,1,-56.307,-87.847,1.587
2012-05-04-23_26_32.060,143,6,20,1,-56.148,-87.811,1.587
2012-05-04-23_26_32.061,143,7,20,1,-65.202,-87.784,2.487
2012-05-04-23_26_32.061,143,7,20,1,-65.140,-87.721,2.487
2012-05-04-23_26_32.062,143,0,21,0,2.269,-92.283,2.096
2012-05-04-23_26_32.062,143,0,21,0,2.296,-92.190,2.096
2012-05-04-23_26_32.063,143,0,21,0,2.186,-92.257,2.096
2012-05-04-23_26_32.063,143,1,21,0,-6.752,-92.295,12.996
2012-05-04-23_26_32.064,143,1,21,0,-6.829,-92.269,1.896
2012-05-04-23_26_32.064,143,1,21,0,-6.773,-92.210,1.896
2012-05-04-23_26_32.065,143,2,21,0,-15.696,-92.213,1.396
2012-05-04-23_26_32.066,143,2,21,0,-15.779,-92.187,1.396
2012-05-04-23_26_32.066,143,2,21,0,-15.754,-92.197,1.396
2012-05-04-23_26_32.066,143,3,21,0,-24.718,-92.295,1.896
2012-05-04-23_26_32.067,143,3,21,0,-24.691,-92.202,1.796
2012-05-04-23_26_32.067,143,3,21,0,-24.801,-92.269,1.896
2012-05-04-23_26_32.068,143,4,21,0,-33.715,-92.297,1.096
2012-05-04-23_26_32.068,143,4,21,0,-33.687,-92.204,1.196
2012-05-04-23_26_32.069,143,4,21,0,-33.797,-92.271,1.196
2012-05-04-23_26_32.069,143,5,21,0,-42.731,-92.290,1.896
2012-05-04-23_26_32.070,143,5,21,0,-42.682,-92.337,1.696
2012-05-04-23_26_32.070,143,5,21,0,-42.780,-92.304,1.896
2012-05-04-23_26_32.071,143,6,21,0,-51.760,-92.358,1.496
2012-05-04-23_26_32.071,143,6,21,0,-51.733,-92.265,1.496
2012-05-04-23_26_32.072,143,6,21,0,-51.684,-92.311,1.496
2012-05-04-23_26_32.072,143,7,21,0,-60.655,-92.294,2.396
2012-05-04-23_26_32.073,143,7,21,0,-60.737,-92.268,2.396
2012-05-04-23_26_32.073,143,7,21,0,-60.676,-92.215,2.396
2012-05-04-23_26_32.073,143,0,21,1,-2.193,-92.289,2.105
2012-05-04-23_26_32.074,143,0,21,1,-2.166,-92.190,2.104
2012-05-04-23_26_32.074,143,0,21,1,-2.266,-92.270,2.104
2012-05-04-23_26_32.075,143,1,21,1,-11.216,-92.296,2.005
2012-05-04-23_26_32.075,143,1,21,1,-11.340,-92.222,2.104
2012-05-04-23_26_32.076,143,1,21,1,-11.235,-92.210,2.004
2012-05-04-23_26_32.076,143,2,21,1,-20.158,-92.219,1.505
2012-05-04-23_26_32.077,143,2,21,1,-20.231,-92.200,1.504
2012-05-04-23_26_32.077,143,2,21,1,-20.241,-92.199,1.504
2012-05-04-23_26_32.078,143,3,21,1,-29.180,-92.301,1.605
2012-05-04-23_26_32.078,143,3,21,1,-29.153,-92.202,1.804
2012-05-04-23_26_32.078,143,3,21,1,-29.253,-92.282,1.804
2012-05-04-23_26_32.079,143,4,21,1,-38.177,-92.303,1.205
2012-05-04-23_26_32.079,143,4,21,1,-38.149,-92.204,1.204
2012-05-04-23_26_32.080,143,4,21,1,-38.250,-92.284,1.204
2012-05-04-23_26_32.080,143,5,21,1,-47.193,-92.290,1.704
2012-05-04-23_26_32.081,143,5,21,1,-47.283,-92.270,1.704
2012-05-04-23_26_32.081,143,5,21,1,-47.251,-92.292,1.704
2012-05-04-23_26_32.082,143,6,21,1,-56.222,-92.364,1.605
2012-05-04-23_26_32.082,143,6,21,1,-56.195,-92.264,1.604
2012-05-04-23_26_32.083,143,6,21,1,-56.295,-92.345,1.604
2012-05-04-23_26_32.083,143,7,21,1,-65.190,-92.281,2.204
2012-05-04-23_26_32.083,143,7,21,1,-65.200,-92.280,2.104
2012-05-04-23_26_32.084,143,7,21,1,-65.179,-92.181,2.304
2012-05-04-23_26_32.084,143,0,22,0,2.256,-96.779,2.116
2012-05-04-23_26_32.085,143,0,22,0,2.296,-96.691,2.116
2012-05-04-23_26_32.086,143,0,22,0,2.188,-96.758,2.016
2012-05-04-23_26_32.086,143,1,22,0,-6.754,-96.794,1.916
2012-05-04-23_26_32.087,143,1,22,0,-6.828,-96.774,1.916
2012-05-04-23_26_32.087,143,1,22,0,-6.776,-96.708,1.916
2012-05-04-23_26_32.088,143,2,22,0,-15.709,-96.709,1.416
2012-05-04-23_26_32.088,143,2,22,0,-15.777,-96.688,1.416
2012-05-04-23_26_32.088,143,2,22,0,-15.718,-96.639,1.416
2012-05-04-23_26_32.089,143,3,22,0,-24.731,-96.791,1.816
2012-05-04-23_26_32.089,143,3,22,0,-24.691,-96.704,1.916
2012-05-04-23_26_32.091,143,3,22,0,-24.799,-96.770,1.816
2012-05-04-23_26_32.091,143,4,22,0,-33.727,-96.793,1.116
2012-05-04-23_26_32.092,143,4,22,0,-33.688,-96.705,1.116
2012-05-04-23_26_32.092,143,4,22,0,-33.795,-96.772,1.116
2012-05-04-23_26_32.093,143,5,22,0,-42.731,-96.791,1.916
2012-05-04-23_26_32.093,143,5,22,0,-42.680,-96.842,1.616
2012-05-04-23_26_32.094,143,5,22,0,-42.780,-96.809,1.816
2012-05-04-23_26_32.094,143,6,22,0,-51.773,-96.854,1.516
2012-05-04-23_26_32.095,143,6,22,0,-51.733,-96.766,1.516
2012-05-04-23_26_32.095,143,6,22,0,-51.682,-96.817,1.516
2012-05-04-23_26_32.096,143,7,22,0,-60.667,-96.790,2.316
2012-05-04-23_26_32.096,143,7,22,0,-60.735,-96.769,2.316
2012-05-04-23_26_32.097,143,7,22,0,-60.677,-96.720,2.416
2012-05-04-23_26_32.097,143,0,22,1,-2.194,-96.786,2.125
2012-05-04-23_26_32.098,143,0,22,1,-2.168,-96.691,2.125
2012-05-04-23_26_32.098,143,0,22,1,-2.264,-96.768,2.025
2012-05-04-23_26_32.099,143,1,22,1,-11.214,-96.794,2.025
2012-05-04-23_26_32.099,143,1,22,1,-11.343,-96.722,1.925
2012-05-04-23_26_32.100,143,1,22,1,-11.235,-96.708,1.925
2012-05-04-23_26_32.100,143,2,22,1,-20.158,-96.716,1.525
2012-05-04-23_26_32.101,143,2,22,1,-20.229,-96.698,1.525
2012-05-04-23_26_32.101,143,2,22,1,-20.236,-96.697,1.525
2012-05-04-23_26_32.102,143,3,22,1,-29.181,-96.799,1.625
2012-05-04-23_26_32.102,143,3,22,1,-29.155,-96.703,1.625
2012-05-04-23_26_32.102,143,3,22,1,-29.251,-96.780,1.725
2012-05-04-23_26_32.104,143,4,22,1,-38.177,-96.800,1.225
2012-05-04-23_26_32.104,143,4,22,1,-38.152,-96.705,1.225
2012-05-04-23_26_32.105,143,4,22,1,-38.248,-96.782,1.225
2012-05-04-23_26_32.106,143,5,22,1,-47.196,-96.790,1.625
2012-05-04-23_26_32.106,143,5,22,1,-47.281,-96.768,1.725
2012-05-04-23_26_32.106,143,5,22,1,-47.252,-96.791,1.725
2012-05-04-23_26_32.107,143,6,22,1,-56.223,-96.861,1.625
2012-05-04-23_26_32.107,143,6,22,1,-56.197,-96.765,1.625
2012-05-04-23_26_32.108,143,6,22,1,-56.293,-96.842,1.625
2012-05-04-23_26_32.108,143,7,22,1,-65.188,-96.779,2.125
2012-05-04-23_26_32.109,143,7,22,1,-65.195,-96.778,2.225
2012-05-04-23_26_32.109,143,7,22,1,-65.177,-96.679,2.325
2012-05-04-23_26_32.110,143,0,23,0,2.271,-101.278,2.040
2012-05-04-23_26_32.110,143,0,23,0,2.296,-101.190,2.040
2012-05-04-23_26_32.111,143,0,23,0,2.190,-101.254,2.040
2012-05-04-23_26_32.111,143,1,23,0,-6.757,-101.289,1.940
2012-05-04-23_26_32.112,143,1,23,0,-6.830,-101.269,1.941
2012-05-04-23_26_32.112,143,1,23,0,-6.776,-101.204,1.941
2012-05-04-23_26_32.112,143,2,23,0,-15.694,-101.208,1.340
2012-05-04-23_26_32.113,143,2,23,0,-15.775,-101.184,1.240
2012-05-04-23_26_32.113,143,2,23,0,-15.716,-101.139,1.341
2012-05-04-23_26_32.114,143,3,23,0,-24.716,-101.290,1.840
2012-05-04-23_26_32.115,143,3,23,0,-24.691,-101.202,1.840
2012-05-04-23_26_32.116,143,3,23,0,-24.797,-101.266,1.840
2012-05-04-23_26_32.117,143,4,23,0,-33.713,-101.292,1.140
2012-05-04-23_26_32.117,143,4,23,0,-33.688,-101.204,1.140
2012-05-04-23_26_32.118,143,4,23,0,-33.793,-101.268,1.140
2012-05-04-23_26_32.118,143,5,23,0,-42.732,-101.290,1.740
2012-05-04-23_26_32.119,143,5,23,0,-42.683,-101.338,1.541
2012-05-04-23_26_32.119,143,5,23,0,-42.778,-101.309,1.741
2012-05-04-23_26_32.120,143,6,23,0,-51.758,-101.353,1.540
2012-05-04-23_26_32.120,143,6,23,0,-51.733,-101.265,1.540
2012-05-04-23_26_32.121,143,6,23,0,-51.839,-101.329,1.540
2012-05-04-23_26_32.121,143,7,23,0,-60.653,-101.289,2.340
2012-05-04-23_26_32.122,143,7,23,0,-60.733,-101.265,2.340
2012-05-04-23_26_32.122,143,7,23,0,-60.675,-101.220,2.241
2012-05-04-23_26_32.123,143,0,23,1,-2.182,-101.276,2.041
2012-05-04-23_26_32.124,143,0,23,1,-2.162,-101.190,2.041
2012-05-04-23_26_32.125,143,0,23,1,-2.260,-101.265,2.041
2012-05-04-23_26_32.125,143,1,23,1,-11.207,-101.288,1.941
2012-05-04-23_26_32.126,143,1,23,1,-11.336,-101.222,1.941
2012-05-04-23_26_32.126,143,1,23,1,-11.236,-101.204,1.941
2012-05-04-23_26_32.127,143,2,23,1,-20.147,-101.206,1.441
2012-05-04-23_26_32.127,143,2,23,1,-20.225,-101.194,1.441
2012-05-04-23_26_32.128,143,2,23,1,-20.232,-101.194,1.441
2012-05-04-23_26_32.128,143,3,23,1,-29.169,-101.289,1.641
2012-05-04-23_26_32.129,143,3,23,1,-29.149,-101.202,1.641
2012-05-04-23_26_32.129,143,3,23,1,-29.247,-101.277,1.741
2012-05-04-23_26_32.130,143,4,23,1,-38.165,-101.290,1.141
2012-05-04-23_26_32.130,143,4,23,1,-38.145,-101.204,1.241
2012-05-04-23_26_32.131,143,4,23,1,-38.243,-101.279,1.241
2012-05-04-23_26_32.131,143,5,23,1,-47.189,-101.290,1.641
2012-05-04-23_26_32.132,143,5,23,1,-47.277,-101.265,1.641
2012-05-04-23_26_32.132,143,5,23,1,-47.247,-101.292,1.641
2012-05-04-23_26_32.133,143,6,23,1,-56.211,-101.351,1.541
2012-05-04-23_26_32.133,143,6,23,1,-56.191,-101.264,1.541
2012-05-04-23_26_32.134,143,6,23,1,-56.289,-101.339,1.641
2012-05-04-23_26_32.134,143,7,23,1,-65.183,-101.275,2.141
2012-05-04-23_26_32.135,143,7,23,1,-65.191,-101.275,2.141
2012-05-04-23_26_32.135,143,7,23,1,-65.173,-101.176,2.141
