2012-05-04-18_31_22.482,60,0,0,0,2.256,2.217,1.665
2012-05-04-18_31_22.484,60,0,0,0,2.293,2.305,1.665
2012-05-04-18_31_22.509,60,0,0,0,2.195,2.245,1.565
2012-05-04-18_31_22.510,60,1,0,0,-6.752,2.208,2.265
2012-05-04-18_31_22.510,60,1,0,0,-6.830,2.234,2.265
2012-05-04-18_31_22.511,60,1,0,0,-6.771,2.286,2.265
2012-05-04-18_31_22.511,60,2,0,0,-15.709,2.287,1.765
2012-05-04-18_31_22.512,60,2,0,0,-15.770,2.315,1.765
2012-05-04-18_31_22.513,60,2,0,0,-15.713,2.361,1.765
2012-05-04-18_31_22.513,60,3,0,0,-24.731,2.204,2.865
2012-05-04-18_31_22.514,60,3,0,0,-24.694,2.293,2.965
2012-05-04-18_31_22.515,60,3,0,0,-24.792,2.233,2.865
2012-05-04-18_31_22.515,60,4,0,0,-33.728,2.203,1.865
2012-05-04-18_31_22.516,60,4,0,0,-33.690,2.291,1.965
2012-05-04-18_31_22.516,60,4,0,0,-33.788,2.231,1.865
2012-05-04-18_31_22.517,60,5,0,0,-42.734,2.205,2.165
2012-05-04-18_31_22.517,60,5,0,0,-42.683,2.166,2.165
2012-05-04-18_31_22.518,60,5,0,0,-42.776,2.191,2.265
2012-05-04-18_31_22.518,60,6,0,0,-51.773,2.142,1.565
2012-05-04-18_31_22.519,60,6,0,0,-51.736,2.230,1.565
2012-05-04-18_31_22.519,60,6,0,0,-51.834,2.170,1.565
2012-05-04-18_31_22.520,60,7,0,0,-60.668,2.206,2.365
2012-05-04-18_31_22.520,60,7,0,0,-60.729,2.234,2.365
2012-05-04-18_31_22.521,60,7,0,0,-60.672,2.280,2.465
2012-05-04-18_31_22.522,60,0,0,1,-2.192,2.209,2.365
2012-05-04-18_31_22.523,60,0,0,1,-2.167,2.305,2.265
2012-05-04-18_31_22.523,60,0,0,1,-2.260,2.231,2.265
2012-05-04-18_31_22.524,60,1,0,1,-11.207,2.207,2.665
2012-05-04-18_31_22.524,60,1,0,1,-11.341,2.273,2.565
2012-05-04-18_31_22.525,60,1,0,1,-11.229,2.286,2.565
2012-05-04-18_31_22.526,60,2,0,1,-20.157,2.279,1.965
2012-05-04-18_31_22.527,60,2,0,1,-20.225,2.301,1.965
2012-05-04-18_31_22.527,60,2,0,1,-20.232,2.302,1.965
2012-05-04-18_31_22.528,60,3,0,1,-29.179,2.197,2.665
2012-05-04-18_31_22.529,60,3,0,1,-29.153,2.293,2.765
2012-05-04-18_31_22.530,60,3,0,1,-29.247,2.219,2.565
2012-05-04-18_31_22.530,60,4,0,1,-38.175,2.195,2.365
2012-05-04-18_31_22.531,60,4,0,1,-38.150,2.291,2.365
2012-05-04-18_31_22.532,60,4,0,1,-38.243,2.217,2.365
2012-05-04-18_31_22.532,60,5,0,1,-47.194,2.205,1.365
2012-05-04-18_31_22.533,60,5,0,1,-47.274,2.226,1.365
2012-05-04-18_31_22.534,60,5,0,1,-47.247,2.202,1.465
2012-05-04-18_31_22.534,60,6,0,1,-56.221,2.134,2.365
2012-05-04-18_31_22.535,60,6,0,1,-56.195,2.230,2.365
2012-05-04-18_31_22.536,60,6,0,1,-56.289,2.156,2.365
2012-05-04-18_31_22.537,60,7,0,1,-65.183,2.220,1.465
2012-05-04-18_31_22.537,60,7,0,1,-65.191,2.221,1.465
2012-05-04-18_31_22.538,60,7,0,1,-65.171,2.315,1.465
2012-05-04-18_31_22.539,60,0,1,0,2.270,-2.283,1.478
2012-05-04-18_31_22.539,60,0,1,0,2.298,-2.189,1.478
2012-05-04-18_31_22.540,60,0,1,0,2.197,-2.259,1.478
2012-05-04-18_31_22.541,60,1,1,0,-6.748,-2.294,1.678
2012-05-04-18_31_22.550,60,1,1,0,-6.828,-2.268,1.678
2012-05-04-18_31_22.551,60,1,1,0,-6.769,-2.208,1.578
2012-05-04-18_31_22.551,60,2,1,0,-15.695,-2.213,1.378
2012-05-04-18_31_22.552,60,2,1,0,-15.768,-2.189,1.378
2012-05-04-18_31_22.553,60,2,1,0,-15.746,-2.198,1.378
2012-05-04-18_31_22.553,60,3,1,0,-24.717,-2.295,1.578
2012-05-04-18_31_22.554,60,3,1,0,-24.689,-2.201,1.578
2012-05-04-18_31_22.554,60,3,1,0,-24.790,-2.271,1.578
2012-05-04-18_31_22.555,60,4,1,0,-33.713,-2.297,0.678
2012-05-04-18_31_22.556,60,4,1,0,-33.686,-2.203,0.778
2012-05-04-18_31_22.557,60,4,1,0,-33.787,-2.273,0.578
2012-05-04-18_31_22.557,60,5,1,0,-42.730,-2.289,1.578
2012-05-04-18_31_22.558,60,5,1,0,-42.681,-2.336,1.578
2012-05-04-18_31_22.559,60,5,1,0,-42.776,-2.303,1.578
2012-05-04-18_31_22.560,60,6,1,0,-51.759,-2.357,1.078
2012-05-04-18_31_22.560,60,6,1,0,-51.731,-2.264,0.978
2012-05-04-18_31_22.561,60,6,1,0,-51.832,-2.333,0.978
2012-05-04-18_31_22.562,60,7,1,0,-60.654,-2.293,1.478
2012-05-04-18_31_22.564,60,7,1,0,-60.727,-2.270,1.478
2012-05-04-18_31_22.564,60,7,1,0,-60.672,-2.214,1.478
2012-05-04-18_31_22.565,60,0,1,1,-2.192,-2.289,1.788
2012-05-04-18_31_22.566,60,0,1,1,-2.167,-2.189,1.788
2012-05-04-18_31_22.566,60,0,1,1,-2.263,-2.272,1.788
2012-05-04-18_31_22.567,60,1,1,1,-11.203,-2.295,1.188
2012-05-04-18_31_22.568,60,1,1,1,-11.341,-2.221,1.388
2012-05-04-18_31_22.569,60,1,1,1,-11.229,-2.209,4.588
2012-05-04-18_31_22.569,60,2,1,1,-20.157,-2.219,1.188
2012-05-04-18_31_22.570,60,2,1,1,-20.228,-2.202,1.188
2012-05-04-18_31_22.571,60,2,1,1,-20.235,-2.200,1.288
2012-05-04-18_31_22.572,60,3,1,1,-29.179,-2.301,0.988
2012-05-04-18_31_22.574,60,3,1,1,-29.154,-2.201,0.988
2012-05-04-18_31_22.574,60,3,1,1,-29.250,-2.284,0.988
2012-05-04-18_31_22.575,60,4,1,1,-38.176,-2.303,0.688
2012-05-04-18_31_22.576,60,4,1,1,-38.150,-2.203,0.688
2012-05-04-18_31_22.577,60,4,1,1,-38.246,-2.286,0.588
2012-05-04-18_31_22.577,60,5,1,1,-47.194,-2.289,0.888
2012-05-04-18_31_22.578,60,5,1,1,-47.277,-2.269,0.888
2012-05-04-18_31_22.579,60,5,1,1,-47.248,-2.293,0.888
2012-05-04-18_31_22.579,60,6,1,1,-56.221,-2.364,0.888
2012-05-04-18_31_22.580,60,6,1,1,-56.196,-2.264,0.888
2012-05-04-18_31_22.581,60,6,1,1,-56.292,-2.346,0.888
2012-05-04-18_31_22.581,60,7,1,1,-65.186,-2.282,1.488
2012-05-04-18_31_22.582,60,7,1,1,-65.194,-2.281,1.488
2012-05-04-18_31_22.584,60,7,1,1,-65.173,-2.180,1.588
2012-05-04-18_31_22.585,60,0,2,0,2.260,-6.780,1.902
2012-05-04-18_31_22.586,60,0,2,0,2.295,-6.688,1.902
2012-05-04-18_31_22.586,60,0,2,0,2.197,-6.760,1.902
2012-05-04-18_31_22.587,60,1,2,0,-6.746,-6.793,1.702
2012-05-04-18_31_22.588,60,1,2,0,-6.829,-6.772,1.702
2012-05-04-18_31_22.588,60,1,2,0,-6.767,-6.706,1.702
2012-05-04-18_31_22.589,60,2,2,0,-15.705,-6.710,1.002
2012-05-04-18_31_22.590,60,2,2,0,-15.768,-6.689,1.002
2012-05-04-18_31_22.591,60,2,2,0,-15.714,-6.637,1.002
2012-05-04-18_31_22.592,60,3,2,0,-24.727,-6.792,1.402
2012-05-04-18_31_22.593,60,3,2,0,-24.692,-6.701,1.402
2012-05-04-18_31_22.593,60,3,2,0,-24.790,-6.772,1.402
2012-05-04-18_31_22.594,60,4,2,0,-33.724,-6.794,0.802
2012-05-04-18_31_22.595,60,4,2,0,-33.689,-6.702,0.702
2012-05-04-18_31_22.595,60,4,2,0,-33.787,-6.774,0.702
2012-05-04-18_31_22.596,60,5,2,0,-42.733,-6.788,1.102
2012-05-04-18_31_22.597,60,5,2,0,-42.682,-6.840,1.102
2012-05-04-18_31_22.597,60,5,2,0,-42.777,-6.807,1.102
2012-05-04-18_31_22.598,60,6,2,0,-51.769,-6.854,1.102
2012-05-04-18_31_22.599,60,6,2,0,-51.734,-6.763,1.102
2012-05-04-18_31_22.600,60,6,2,0,-51.832,-6.834,1.102
2012-05-04-18_31_22.600,60,7,2,0,-60.664,-6.790,1.602
2012-05-04-18_31_22.601,60,7,2,0,-60.727,-6.770,1.602
2012-05-04-18_31_22.602,60,7,2,0,-60.673,-6.718,1.602
2012-05-04-18_31_22.603,60,0,2,1,-2.192,-6.786,1.810
2012-05-04-18_31_22.604,60,0,2,1,-2.165,-6.688,1.810
2012-05-04-18_31_22.605,60,0,2,1,-2.266,-6.769,1.810
2012-05-04-18_31_22.605,60,1,2,1,-11.206,-6.792,1.610
2012-05-04-18_31_22.606,60,1,2,1,-11.339,-6.720,1.610
2012-05-04-18_31_22.607,60,1,2,1,-11.229,-6.706,1.610
2012-05-04-18_31_22.608,60,2,2,1,-20.157,-6.716,0.910
2012-05-04-18_31_22.608,60,2,2,1,-20.230,-6.699,0.910
2012-05-04-18_31_22.609,60,2,2,1,-20.235,-6.697,0.910
2012-05-04-18_31_22.610,60,3,2,1,-29.179,-6.798,1.010
2012-05-04-18_31_22.611,60,3,2,1,-29.152,-6.700,1.010
2012-05-04-18_31_22.612,60,3,2,1,-29.252,-6.781,1.010
2012-05-04-18_31_22.612,60,4,2,1,-38.176,-6.800,0.710
2012-05-04-18_31_22.613,60,4,2,1,-38.148,-6.702,0.710
2012-05-04-18_31_22.614,60,4,2,1,-38.249,-6.783,0.710
2012-05-04-18_31_22.614,60,5,2,1,-47.192,-6.788,1.010
2012-05-04-18_31_22.615,60,5,2,1,-47.280,-6.766,1.110
2012-05-04-18_31_22.616,60,5,2,1,-47.251,-6.793,1.010
2012-05-04-18_31_22.617,60,6,2,1,-56.221,-6.860,1.110
2012-05-04-18_31_22.617,60,6,2,1,-56.194,-6.763,1.110
2012-05-04-18_31_22.618,60,6,2,1,-56.295,-6.844,1.110
2012-05-04-18_31_22.621,60,7,2,1,-65.189,-6.780,1.710
2012-05-04-18_31_22.622,60,7,2,1,-65.194,-6.778,1.810
2012-05-04-18_31_22.623,60,7,2,1,-65.176,-6.677,1.710
2012-05-04-18_31_22.623,60,0,3,0,2.269,-11.278,2.020
2012-05-04-18_31_22.624,60,0,3,0,2.294,-11.189,2.020
2012-05-04-18_31_22.624,60,0,3,0,2.194,-11.255,2.020
2012-05-04-18_31_22.625,60,1,3,0,-6.744,-11.289,1.820
2012-05-04-18_31_22.626,60,1,3,0,-6.827,-11.269,1.820
2012-05-04-18_31_22.626,60,1,3,0,-6.765,-11.204,1.820
2012-05-04-18_31_22.627,60,2,3,0,-15.696,-11.208,1.120
2012-05-04-18_31_22.627,60,2,3,0,-15.771,-11.185,1.120
2012-05-04-18_31_22.628,60,2,3,0,-15.715,-11.140,1.120
2012-05-04-18_31_22.629,60,3,3,0,-24.718,-11.290,1.420
2012-05-04-18_31_22.629,60,3,3,0,-24.693,-11.202,1.520
2012-05-04-18_31_22.630,60,3,3,0,-24.793,-11.268,1.520
2012-05-04-18_31_22.630,60,4,3,0,-33.714,-11.292,0.720
2012-05-04-18_31_22.631,60,4,3,0,-33.689,-11.203,0.820
2012-05-04-18_31_22.633,60,4,3,0,-33.790,-11.269,0.720
2012-05-04-18_31_22.634,60,5,3,0,-42.733,-11.289,1.120
2012-05-04-18_31_22.635,60,5,3,0,-42.680,-11.338,1.120
2012-05-04-18_31_22.635,60,5,3,0,-42.777,-11.309,1.120
2012-05-04-18_31_22.636,60,6,3,0,-51.760,-11.353,1.220
2012-05-04-18_31_22.636,60,6,3,0,-51.735,-11.264,1.220
2012-05-04-18_31_22.637,60,6,3,0,-51.835,-11.330,1.120
2012-05-04-18_31_22.638,60,7,3,0,-60.654,-11.289,1.720
2012-05-04-18_31_22.638,60,7,3,0,-60.730,-11.266,1.720
2012-05-04-18_31_22.639,60,7,3,0,-60.673,-11.220,1.720
2012-05-04-18_31_22.640,60,0,3,1,-2.190,-11.288,1.828
2012-05-04-18_31_22.640,60,0,3,1,-2.165,-11.190,1.827
2012-05-04-18_31_22.641,60,0,3,1,-2.266,-11.266,1.827
2012-05-04-18_31_22.641,60,1,3,1,-11.206,-11.288,1.628
2012-05-04-18_31_22.642,60,1,3,1,-11.340,-11.222,1.727
2012-05-04-18_31_22.643,60,1,3,1,-11.227,-11.204,1.727
2012-05-04-18_31_22.644,60,2,3,1,-20.155,-11.218,1.028
2012-05-04-18_31_22.645,60,2,3,1,-20.231,-11.196,1.027
2012-05-04-18_31_22.645,60,2,3,1,-20.238,-11.194,1.027
2012-05-04-18_31_22.647,60,3,3,1,-29.177,-11.300,1.128
2012-05-04-18_31_22.648,60,3,3,1,-29.152,-11.202,1.127
2012-05-04-18_31_22.649,60,3,3,1,-29.253,-11.278,1.127
2012-05-04-18_31_22.649,60,4,3,1,-38.174,-11.302,0.728
2012-05-04-18_31_22.650,60,4,3,1,-38.149,-11.204,0.727
2012-05-04-18_31_22.650,60,4,3,1,-38.249,-11.280,0.827
2012-05-04-18_31_22.653,60,5,3,1,-47.193,-11.290,1.027
2012-05-04-18_31_22.654,60,5,3,1,-47.280,-11.265,1.027
2012-05-04-18_31_22.655,60,5,3,1,-47.249,-11.292,1.027
2012-05-04-18_31_22.655,60,6,3,1,-56.219,-11.363,1.228
2012-05-04-18_31_22.656,60,6,3,1,-56.194,-11.264,1.227
2012-05-04-18_31_22.657,60,6,3,1,-56.295,-11.341,1.227
2012-05-04-18_31_22.658,60,7,3,1,-65.190,-11.277,1.827
2012-05-04-18_31_22.659,60,7,3,1,-65.197,-11.275,1.827
2012-05-04-18_31_22.659,60,7,3,1,-65.177,-11.176,1.727
2012-05-04-18_31_22.660,60,0,4,0,2.269,-15.781,2.039
2012-05-04-18_31_22.661,60,0,4,0,2.296,-15.696,2.039
2012-05-04-18_31_22.662,60,0,4,0,2.193,-15.753,2.039
2012-05-04-18_31_22.662,60,1,4,0,-6.739,-15.790,1.839
2012-05-04-18_31_22.663,60,1,4,0,-6.825,-15.769,1.839
2012-05-04-18_31_22.664,60,1,4,0,-6.763,-15.711,1.839
2012-05-04-18_31_22.664,60,2,4,0,-15.696,-15.711,1.139
2012-05-04-18_31_22.667,60,2,4,0,-15.772,-15.683,1.139
2012-05-04-18_31_22.667,60,2,4,0,-15.715,-15.641,1.139
2012-05-04-18_31_22.668,60,3,4,0,-24.718,-15.793,1.539
2012-05-04-18_31_22.669,60,3,4,0,-24.691,-15.708,1.539
2012-05-04-18_31_22.669,60,3,4,0,-24.794,-15.766,1.539
2012-05-04-18_31_22.672,60,4,4,0,-33.715,-15.795,0.739
2012-05-04-18_31_22.673,60,4,4,0,-33.687,-15.710,0.839
2012-05-04-18_31_22.674,60,4,4,0,-33.790,-15.767,0.739
2012-05-04-18_31_22.674,60,5,4,0,-42.731,-15.796,1.139
2012-05-04-18_31_22.675,60,5,4,0,-42.678,-15.837,1.139
2012-05-04-18_31_22.677,60,5,4,0,-42.777,-15.811,1.139
2012-05-04-18_31_22.679,60,6,4,0,-51.760,-15.855,1.139
2012-05-04-18_31_22.679,60,6,4,0,-51.733,-15.771,1.139
2012-05-04-18_31_22.681,60,6,4,0,-51.836,-15.828,1.139
2012-05-04-18_31_22.683,60,7,4,0,-60.655,-15.792,1.739
2012-05-04-18_31_22.685,60,7,4,0,-60.730,-15.764,1.739
2012-05-04-18_31_22.685,60,7,4,0,-60.674,-15.722,1.739
2012-05-04-18_31_22.686,60,0,4,1,-2.188,-15.793,1.950
2012-05-04-18_31_22.687,60,0,4,1,-2.161,-15.696,1.950
2012-05-04-18_31_22.689,60,0,4,1,-2.266,-15.766,1.950
2012-05-04-18_31_22.690,60,1,4,1,-11.206,-15.790,1.750
2012-05-04-18_31_22.691,60,1,4,1,-11.335,-15.727,1.750
2012-05-04-18_31_22.692,60,1,4,1,-11.230,-15.710,1.850
2012-05-04-18_31_22.693,60,2,4,1,-20.153,-15.723,1.150
2012-05-04-18_31_22.694,60,2,4,1,-20.231,-15.696,1.150
2012-05-04-18_31_22.695,60,2,4,1,-20.239,-15.696,1.150
2012-05-04-18_31_22.696,60,3,4,1,-29.175,-15.805,1.250
2012-05-04-18_31_22.697,60,3,4,1,-29.148,-15.708,1.250
2012-05-04-18_31_22.701,60,3,4,1,-29.253,-15.779,1.250
2012-05-04-18_31_22.702,60,4,4,1,-38.172,-15.807,0.850
2012-05-04-18_31_22.702,60,4,4,1,-38.144,-15.710,0.850
2012-05-04-18_31_22.703,60,4,4,1,-38.250,-15.780,0.850
2012-05-04-18_31_22.704,60,5,4,1,-47.188,-15.796,1.150
2012-05-04-18_31_22.706,60,5,4,1,-47.281,-15.770,1.050
2012-05-04-18_31_22.707,60,5,4,1,-47.249,-15.799,1.150
2012-05-04-18_31_22.708,60,6,4,1,-56.190,-15.770,1.250
2012-05-04-18_31_22.709,60,6,4,1,-56.295,-15.841,1.250
2012-05-04-18_31_22.710,60,6,4,1,-56.303,-15.841,1.250
2012-05-04-18_31_22.711,60,7,4,1,-65.190,-15.777,1.850
2012-05-04-18_31_22.712,60,7,4,1,-65.197,-15.777,1.850
2012-05-04-18_31_22.712,60,7,4,1,-65.177,-15.681,1.850
2012-05-04-18_31_22.713,60,0,5,0,2.268,-20.282,2.064
2012-05-04-18_31_22.714,60,0,5,0,2.296,-20.196,2.064
2012-05-04-18_31_22.715,60,0,5,0,2.190,-20.254,2.064
2012-05-04-18_31_22.716,60,1,5,0,-6.740,-20.294,1.864
2012-05-04-18_31_22.716,60,1,5,0,-6.823,-20.268,1.864
2012-05-04-18_31_22.717,60,1,5,0,-6.761,-20.215,1.864
2012-05-04-18_31_22.718,60,2,5,0,-15.697,-20.212,1.164
2012-05-04-18_31_22.719,60,2,5,0,-15.774,-20.184,1.164
2012-05-04-18_31_22.720,60,2,5,0,-15.716,-20.140,1.164
2012-05-04-18_31_22.720,60,3,5,0,-24.719,-20.295,1.564
2012-05-04-18_31_22.721,60,3,5,0,-24.691,-20.209,1.564
2012-05-04-18_31_22.722,60,3,5,0,-24.796,-20.267,1.564
2012-05-04-18_31_22.723,60,4,5,0,-33.715,-20.296,0.864
2012-05-04-18_31_22.724,60,4,5,0,-33.688,-20.210,0.864
2012-05-04-18_31_22.724,60,4,5,0,-33.793,-20.268,0.864
2012-05-04-18_31_22.725,60,5,5,0,-42.731,-20.296,1.164
2012-05-04-18_31_22.726,60,5,5,0,-42.676,-20.336,1.164
2012-05-04-18_31_22.727,60,5,5,0,-42.778,-20.310,1.164
2012-05-04-18_31_22.728,60,6,5,0,-51.761,-20.357,1.164
2012-05-04-18_31_22.729,60,6,5,0,-51.733,-20.271,1.264
2012-05-04-18_31_22.730,60,6,5,0,-51.839,-20.329,1.164
2012-05-04-18_31_22.731,60,7,5,0,-60.655,-20.293,1.764
2012-05-04-18_31_22.732,60,7,5,0,-60.733,-20.265,1.764
2012-05-04-18_31_22.733,60,7,5,0,-60.674,-20.221,1.764
2012-05-04-18_31_22.735,60,0,5,1,-2.186,-20.291,1.972
2012-05-04-18_31_22.736,60,0,5,1,-2.161,-20.196,1.972
2012-05-04-18_31_22.736,60,0,5,1,-2.264,-20.268,1.972
2012-05-04-18_31_22.738,60,1,5,1,-11.209,-20.294,1.872
2012-05-04-18_31_22.739,60,1,5,1,-11.336,-20.228,1.872
2012-05-04-18_31_22.740,60,1,5,1,-11.231,-20.215,1.872
2012-05-04-18_31_22.741,60,2,5,1,-20.151,-20.221,1.172
2012-05-04-18_31_22.742,60,2,5,1,-20.229,-20.198,1.172
2012-05-04-18_31_22.743,60,2,5,1,-20.237,-20.198,1.172
2012-05-04-18_31_22.744,60,3,5,1,-29.173,-20.303,1.272
2012-05-04-18_31_22.745,60,3,5,1,-29.148,-20.208,1.172
2012-05-04-18_31_22.746,60,3,5,1,-29.251,-20.280,1.272
2012-05-04-18_31_22.747,60,4,5,1,-38.170,-20.305,0.872
2012-05-04-18_31_22.748,60,4,5,1,-38.145,-20.210,0.872
2012-05-04-18_31_22.749,60,4,5,1,-38.248,-20.282,0.872
2012-05-04-18_31_22.750,60,5,5,1,-47.189,-20.296,1.172
2012-05-04-18_31_22.751,60,5,5,1,-47.279,-20.274,1.172
2012-05-04-18_31_22.751,60,5,5,1,-47.247,-20.298,1.072
2012-05-04-18_31_22.752,60,6,5,1,-56.190,-20.270,1.272
2012-05-04-18_31_22.753,60,6,5,1,-56.293,-20.343,1.272
2012-05-04-18_31_22.755,60,6,5,1,-56.301,-20.342,1.272
2012-05-04-18_31_22.756,60,7,5,1,-65.188,-20.279,1.872
2012-05-04-18_31_22.757,60,7,5,1,-65.195,-20.279,1.772
2012-05-04-18_31_22.757,60,7,5,1,-65.175,-20.185,1.872
2012-05-04-18_31_22.758,60,0,6,0,2.273,-24.784,1.881
2012-05-04-18_31_22.759,60,0,6,0,2.300,-24.690,1.981
2012-05-04-18_31_22.760,60,0,6,0,2.190,-24.758,1.981
2012-05-04-18_31_22.761,60,1,6,0,-6.740,-24.795,1.681
2012-05-04-18_31_22.762,60,1,6,0,-6.818,-24.769,1.681
2012-05-04-18_31_22.763,60,1,6,0,-6.759,-24.709,1.681
2012-05-04-18_31_22.763,60,2,6,0,-15.692,-24.714,1.181
2012-05-04-18_31_22.764,60,2,6,0,-15.775,-24.688,1.181
2012-05-04-18_31_22.765,60,2,6,0,-15.751,-24.698,1.181
2012-05-04-18_31_22.766,60,3,6,0,-24.714,-24.796,1.581
2012-05-04-18_31_22.767,60,3,6,0,-24.687,-24.702,1.581
2012-05-04-18_31_22.768,60,3,6,0,-24.797,-24.771,1.481
2012-05-04-18_31_22.769,60,4,6,0,-33.711,-24.798,0.881
2012-05-04-18_31_22.770,60,4,6,0,-33.683,-24.704,0.881
2012-05-04-18_31_22.771,60,4,6,0,-33.793,-24.772,0.881
2012-05-04-18_31_22.771,60,5,6,0,-42.727,-24.790,1.381
2012-05-04-18_31_22.772,60,5,6,0,-42.671,-24.837,1.381
2012-05-04-18_31_22.773,60,5,6,0,-42.778,-24.804,1.381
2012-05-04-18_31_22.774,60,6,6,0,-51.756,-24.858,1.281
2012-05-04-18_31_22.775,60,6,6,0,-51.729,-24.765,1.381
2012-05-04-18_31_22.775,60,6,6,0,-51.673,-24.812,1.381
2012-05-04-18_31_22.776,60,7,6,0,-60.651,-24.795,2.081
2012-05-04-18_31_22.777,60,7,6,0,-60.734,-24.769,2.081
2012-05-04-18_31_22.778,60,7,6,0,-60.675,-24.715,2.081
2012-05-04-18_31_22.779,60,0,6,1,-2.187,-24.789,1.990
2012-05-04-18_31_22.780,60,0,6,1,-2.162,-24.689,1.890
2012-05-04-18_31_22.781,60,0,6,1,-2.262,-24.770,1.890
2012-05-04-18_31_22.782,60,1,6,1,-11.212,-24.795,1.690
2012-05-04-18_31_22.783,60,1,6,1,-11.336,-24.721,1.690
2012-05-04-18_31_22.783,60,1,6,1,-11.234,-24.709,1.690
2012-05-04-18_31_22.784,60,2,6,1,-20.152,-24.719,1.090
2012-05-04-18_31_22.785,60,2,6,1,-20.227,-24.700,1.090
2012-05-04-18_31_22.786,60,2,6,1,-20.235,-24.700,1.090
2012-05-04-18_31_22.787,60,3,6,1,-29.174,-24.801,1.290
2012-05-04-18_31_22.788,60,3,6,1,-29.149,-24.701,1.290
2012-05-04-18_31_22.789,60,3,6,1,-29.249,-24.783,1.290
2012-05-04-18_31_22.790,60,4,6,1,-38.170,-24.803,0.990
2012-05-04-18_31_22.791,60,4,6,1,-38.145,-24.703,0.890
2012-05-04-18_31_22.791,60,4,6,1,-38.246,-24.784,0.990
2012-05-04-18_31_22.794,60,5,6,1,-47.189,-24.789,1.290
2012-05-04-18_31_22.795,60,5,6,1,-47.274,-24.769,1.290
2012-05-04-18_31_22.796,60,5,6,1,-47.243,-24.792,1.290
2012-05-04-18_31_22.796,60,6,6,1,-56.216,-24.863,1.390
2012-05-04-18_31_22.797,60,6,6,1,-56.191,-24.764,1.390
2012-05-04-18_31_22.798,60,6,6,1,-56.291,-24.845,1.390
2012-05-04-18_31_22.799,60,7,6,1,-65.186,-24.781,2.090
2012-05-04-18_31_22.799,60,7,6,1,-65.193,-24.781,2.190
2012-05-04-18_31_22.800,60,7,6,1,-65.171,-24.680,2.190
2012-05-04-18_31_22.801,60,0,7,0,2.263,-29.280,2.001
2012-05-04-18_31_22.802,60,0,7,0,2.300,-29.189,2.001
2012-05-04-18_31_22.803,60,0,7,0,2.190,-29.259,2.001
2012-05-04-18_31_22.804,60,1,7,0,-6.743,-29.293,1.701
2012-05-04-18_31_22.806,60,1,7,0,-6.819,-29.272,1.701
2012-05-04-18_31_22.806,60,1,7,0,-6.762,-29.206,1.701
2012-05-04-18_31_22.807,60,2,7,0,-15.702,-29.210,1.101
2012-05-04-18_31_22.808,60,2,7,0,-15.775,-29.189,1.101
2012-05-04-18_31_22.809,60,2,7,0,-15.716,-29.137,1.101
2012-05-04-18_31_22.810,60,3,7,0,-24.724,-29.292,1.501
2012-05-04-18_31_22.811,60,3,7,0,-24.687,-29.201,1.501
2012-05-04-18_31_22.811,60,3,7,0,-24.797,-29.271,1.501
2012-05-04-18_31_22.812,60,4,7,0,-33.721,-29.294,1.001
2012-05-04-18_31_22.814,60,4,7,0,-33.684,-29.203,0.901
2012-05-04-18_31_22.815,60,4,7,0,-33.794,-29.273,0.901
2012-05-04-18_31_22.815,60,5,7,0,-42.727,-29.289,1.401
2012-05-04-18_31_22.816,60,5,7,0,-42.672,-29.340,1.401
2012-05-04-18_31_22.817,60,5,7,0,-42.779,-29.307,1.401
2012-05-04-18_31_22.818,60,6,7,0,-51.766,-29.355,1.301
2012-05-04-18_31_22.819,60,6,7,0,-51.729,-29.264,1.301
2012-05-04-18_31_22.819,60,6,7,0,-51.673,-29.315,1.301
2012-05-04-18_31_22.820,60,7,7,0,-60.661,-29.291,2.101
2012-05-04-18_31_22.822,60,7,7,0,-60.734,-29.270,2.201
2012-05-04-18_31_22.823,60,7,7,0,-60.675,-29.218,2.101
2012-05-04-18_31_22.823,60,0,7,1,-2.187,-29.286,2.013
2012-05-04-18_31_22.824,60,0,7,1,-2.162,-29.188,2.013
2012-05-04-18_31_22.825,60,0,7,1,-2.263,-29.270,2.013
2012-05-04-18_31_22.826,60,1,7,1,-11.213,-29.291,1.713
2012-05-04-18_31_22.827,60,1,7,1,-11.337,-29.220,1.713
2012-05-04-18_31_22.827,60,1,7,1,-11.236,-29.205,1.713
2012-05-04-18_31_22.828,60,2,7,1,-20.152,-29.216,1.113
2012-05-04-18_31_22.829,60,2,7,1,-20.228,-29.200,1.113
2012-05-04-18_31_22.830,60,2,7,1,-20.233,-29.196,1.113
2012-05-04-18_31_22.831,60,3,7,1,-29.174,-29.298,1.213
2012-05-04-18_31_22.831,60,3,7,1,-29.149,-29.200,1.213
2012-05-04-18_31_22.832,60,3,7,1,-29.250,-29.282,1.213
2012-05-04-18_31_22.833,60,4,7,1,-38.171,-29.300,1.013
2012-05-04-18_31_22.834,60,4,7,1,-38.146,-29.202,1.013
2012-05-04-18_31_22.835,60,4,7,1,-38.246,-29.284,1.013
2012-05-04-18_31_22.836,60,5,7,1,-47.189,-29.288,1.413
2012-05-04-18_31_22.837,60,5,7,1,-47.275,-29.266,1.413
2012-05-04-18_31_22.838,60,5,7,1,-47.243,-29.293,1.413
2012-05-04-18_31_22.838,60,6,7,1,-56.216,-29.360,1.413
2012-05-04-18_31_22.839,60,6,7,1,-56.191,-29.262,1.313
2012-05-04-18_31_22.840,60,6,7,1,-56.292,-29.344,1.313
2012-05-04-18_31_22.841,60,7,7,1,-65.186,-29.280,2.213
2012-05-04-18_31_22.842,60,7,7,1,-65.191,-29.277,2.213
2012-05-04-18_31_22.842,60,7,7,1,-65.171,-29.177,2.213
2012-05-04-18_31_22.843,60,0,8,0,2.277,-33.778,1.927
2012-05-04-18_31_22.845,60,0,8,0,2.304,-33.688,2.027
2012-05-04-18_31_22.846,60,0,8,0,2.192,-33.755,1.927
2012-05-04-18_31_22.847,60,1,8,0,-6.746,-33.788,1.727
2012-05-04-18_31_22.848,60,1,8,0,-6.819,-33.768,1.727
2012-05-04-18_31_22.849,60,1,8,0,-6.763,-33.703,1.827
2012-05-04-18_31_22.850,60,2,8,0,-15.688,-33.708,1.127
2012-05-04-18_31_22.851,60,2,8,0,-15.773,-33.685,1.127
2012-05-04-18_31_22.852,60,2,8,0,-15.709,-33.638,1.127
2012-05-04-18_31_22.853,60,3,8,0,-24.710,-33.790,1.527
2012-05-04-18_31_22.854,60,3,8,0,-24.683,-33.700,1.527
2012-05-04-18_31_22.854,60,3,8,0,-24.795,-33.768,1.527
2012-05-04-18_31_22.855,60,4,8,0,-33.707,-33.792,1.027
2012-05-04-18_31_22.856,60,4,8,0,-33.679,-33.702,0.927
2012-05-04-18_31_22.857,60,4,8,0,-33.792,-33.769,1.027
2012-05-04-18_31_22.857,60,5,8,0,-42.723,-33.788,1.327
2012-05-04-18_31_22.858,60,5,8,0,-42.672,-33.836,1.327
2012-05-04-18_31_22.859,60,5,8,0,-42.772,-33.808,1.327
2012-05-04-18_31_22.860,60,6,8,0,-51.752,-33.853,1.327
2012-05-04-18_31_22.860,60,6,8,0,-51.725,-33.763,1.427
2012-05-04-18_31_22.861,60,6,8,0,-51.837,-33.830,1.327
2012-05-04-18_31_22.862,60,7,8,0,-60.647,-33.789,2.127
2012-05-04-18_31_22.863,60,7,8,0,-60.732,-33.766,2.227
2012-05-04-18_31_22.863,60,7,8,0,-60.668,-33.719,2.127
2012-05-04-18_31_22.864,60,0,8,1,-2.190,-33.787,1.936
2012-05-04-18_31_22.865,60,0,8,1,-2.165,-33.687,2.035
2012-05-04-18_31_22.867,60,0,8,1,-2.261,-33.766,2.035
2012-05-04-18_31_22.868,60,1,8,1,-11.213,-33.787,1.736
2012-05-04-18_31_22.868,60,1,8,1,-11.339,-33.718,1.735
2012-05-04-18_31_22.869,60,1,8,1,-11.237,-33.702,1.735
2012-05-04-18_31_22.870,60,2,8,1,-20.155,-33.716,1.136
2012-05-04-18_31_22.872,60,2,8,1,-20.226,-33.696,1.135
2012-05-04-18_31_22.873,60,2,8,1,-20.233,-33.694,1.135
2012-05-04-18_31_22.873,60,3,8,1,-29.177,-33.799,1.136
2012-05-04-18_31_22.874,60,3,8,1,-29.152,-33.699,1.135
2012-05-04-18_31_22.875,60,3,8,1,-29.248,-33.778,1.135
2012-05-04-18_31_22.876,60,4,8,1,-38.174,-33.801,0.936
2012-05-04-18_31_22.876,60,4,8,1,-38.148,-33.701,0.935
2012-05-04-18_31_22.877,60,4,8,1,-38.244,-33.780,0.935
2012-05-04-18_31_22.878,60,5,8,1,-47.192,-33.787,1.435
2012-05-04-18_31_22.879,60,5,8,1,-47.275,-33.763,1.435
2012-05-04-18_31_22.880,60,5,8,1,-47.244,-33.793,1.435
2012-05-04-18_31_22.880,60,6,8,1,-56.219,-33.861,1.336
2012-05-04-18_31_22.881,60,6,8,1,-56.194,-33.761,1.435
2012-05-04-18_31_22.882,60,6,8,1,-56.290,-33.840,1.435
2012-05-04-18_31_22.884,60,7,8,1,-65.184,-33.777,2.235
2012-05-04-18_31_22.884,60,7,8,1,-65.192,-33.775,2.235
2012-05-04-18_31_22.885,60,7,8,1,-65.171,-33.674,2.235
2012-05-04-18_31_22.886,60,0,9,0,2.276,-38.282,2.045
2012-05-04-18_31_22.887,60,0,9,0,2.304,-38.195,2.045
2012-05-04-18_31_22.888,60,0,9,0,2.194,-38.254,2.045
2012-05-04-18_31_22.888,60,1,9,0,-6.746,-38.289,1.845
2012-05-04-18_31_22.889,60,1,9,0,-6.820,-38.268,1.845
2012-05-04-18_31_22.890,60,1,9,0,-6.765,-38.210,1.845
2012-05-04-18_31_22.891,60,2,9,0,-15.688,-38.212,1.245
2012-05-04-18_31_22.892,60,2,9,0,-15.771,-38.184,1.245
2012-05-04-18_31_22.893,60,2,9,0,-15.710,-38.141,1.245
2012-05-04-18_31_22.893,60,3,9,0,-24.710,-38.294,1.645
2012-05-04-18_31_22.894,60,3,9,0,-24.683,-38.207,1.645
2012-05-04-18_31_22.895,60,3,9,0,-24.793,-38.266,1.545
2012-05-04-18_31_22.896,60,4,9,0,-33.707,-38.296,0.945
2012-05-04-18_31_22.897,60,4,9,0,-33.680,-38.209,0.945
2012-05-04-18_31_22.897,60,4,9,0,-33.790,-38.268,0.945
2012-05-04-18_31_22.898,60,5,9,0,-42.723,-38.295,1.445
2012-05-04-18_31_22.899,60,5,9,0,-42.672,-38.336,1.445
2012-05-04-18_31_22.900,60,5,9,0,-42.772,-38.311,1.445
2012-05-04-18_31_22.901,60,6,9,0,-51.753,-38.356,1.345
2012-05-04-18_31_22.902,60,6,9,0,-51.725,-38.270,1.345
2012-05-04-18_31_22.902,60,6,9,0,-51.835,-38.329,1.245
2012-05-04-18_31_22.905,60,7,9,0,-60.647,-38.293,2.145
2012-05-04-18_31_22.905,60,7,9,0,-60.730,-38.265,2.145
2012-05-04-18_31_22.906,60,7,9,0,-60.669,-38.221,2.145
2012-05-04-18_31_22.907,60,0,9,1,-2.191,-38.293,1.954
2012-05-04-18_31_22.908,60,0,9,1,-2.165,-38.194,1.954
2012-05-04-18_31_22.909,60,0,9,1,-2.261,-38.267,1.954
2012-05-04-18_31_22.909,60,1,9,1,-11.213,-38.289,1.854
2012-05-04-18_31_22.910,60,1,9,1,-11.340,-38.226,1.854
2012-05-04-18_31_22.911,60,1,9,1,-11.235,-38.209,1.854
2012-05-04-18_31_22.912,60,2,9,1,-20.155,-38.223,1.154
2012-05-04-18_31_22.913,60,2,9,1,-20.226,-38.197,1.154
2012-05-04-18_31_22.913,60,2,9,1,-20.233,-38.195,1.254
2012-05-04-18_31_22.914,60,3,9,1,-29.178,-38.305,1.354
2012-05-04-18_31_22.915,60,3,9,1,-29.152,-38.207,1.354
2012-05-04-18_31_22.916,60,3,9,1,-29.248,-38.280,1.354
2012-05-04-18_31_22.917,60,4,9,1,-38.174,-38.307,0.954
2012-05-04-18_31_22.917,60,4,9,1,-38.149,-38.208,0.954
2012-05-04-18_31_22.918,60,4,9,1,-38.245,-38.281,0.954
2012-05-04-18_31_22.919,60,5,9,1,-47.193,-38.294,1.454
2012-05-04-18_31_22.920,60,5,9,1,-47.276,-38.269,1.354
2012-05-04-18_31_22.921,60,5,9,1,-47.246,-38.299,1.454
2012-05-04-18_31_22.922,60,6,9,1,-56.194,-38.269,1.354
2012-05-04-18_31_22.923,60,6,9,1,-56.290,-38.342,1.454
2012-05-04-18_31_22.923,60,6,9,1,-56.297,-38.340,1.454
2012-05-04-18_31_22.924,60,7,9,1,-65.185,-38.278,2.254
2012-05-04-18_31_22.925,60,7,9,1,-65.192,-38.276,2.254
2012-05-04-18_31_22.925,60,7,9,1,-65.172,-38.180,2.254
2012-05-04-18_31_22.926,60,0,10,0,2.274,-42.783,2.066
2012-05-04-18_31_22.927,60,0,10,0,2.301,-42.696,2.066
2012-05-04-18_31_22.928,60,0,10,0,2.193,-42.755,2.066
2012-05-04-18_31_22.928,60,1,10,0,-6.749,-42.793,1.866
2012-05-04-18_31_22.929,60,1,10,0,-6.825,-42.767,1.866
2012-05-04-18_31_22.931,60,1,10,0,-6.768,-42.714,1.866
2012-05-04-18_31_22.933,60,2,10,0,-15.691,-42.713,1.266
2012-05-04-18_31_22.934,60,2,10,0,-15.772,-42.685,1.266
2012-05-04-18_31_22.935,60,2,10,0,-15.708,-42.639,1.266
2012-05-04-18_31_22.936,60,3,10,0,-24.713,-42.795,1.566
2012-05-04-18_31_22.936,60,3,10,0,-24.686,-42.708,1.566
2012-05-04-18_31_22.937,60,3,10,0,-24.794,-42.767,1.566
2012-05-04-18_31_22.938,60,4,10,0,-33.710,-42.797,1.066
2012-05-04-18_31_22.939,60,4,10,0,-33.682,-42.710,0.966
2012-05-04-18_31_22.940,60,4,10,0,-33.790,-42.769,0.966
2012-05-04-18_31_22.940,60,5,10,0,-42.726,-42.795,1.366
2012-05-04-18_31_22.941,60,5,10,0,-42.678,-42.835,1.466
2012-05-04-18_31_22.942,60,5,10,0,-42.770,-42.809,1.366
2012-05-04-18_31_22.943,60,6,10,0,-51.755,-42.857,1.366
2012-05-04-18_31_22.944,60,6,10,0,-51.728,-42.770,1.366
2012-05-04-18_31_22.944,60,6,10,0,-51.836,-42.830,1.266
2012-05-04-18_31_22.945,60,7,10,0,-60.650,-42.794,2.166
2012-05-04-18_31_22.946,60,7,10,0,-60.730,-42.766,2.166
2012-05-04-18_31_22.947,60,7,10,0,-60.667,-42.720,2.166
2012-05-04-18_31_22.948,60,0,10,1,-2.191,-42.791,1.978
2012-05-04-18_31_22.949,60,0,10,1,-2.166,-42.695,1.978
2012-05-04-18_31_22.949,60,0,10,1,-2.264,-42.770,1.978
2012-05-04-18_31_22.950,60,1,10,1,-11.214,-42.792,1.878
2012-05-04-18_31_22.951,60,1,10,1,-11.340,-42.727,1.778
2012-05-04-18_31_22.952,60,1,10,1,-11.235,-42.714,1.878
2012-05-04-18_31_22.953,60,2,10,1,-20.156,-42.721,1.278
2012-05-04-18_31_22.954,60,2,10,1,-20.229,-42.700,1.278
2012-05-04-18_31_22.954,60,2,10,1,-20.236,-42.698,1.278
2012-05-04-18_31_22.955,60,3,10,1,-29.178,-42.803,1.378
2012-05-04-18_31_22.956,60,3,10,1,-29.153,-42.707,1.278
2012-05-04-18_31_22.958,60,3,10,1,-29.251,-42.782,1.378
2012-05-04-18_31_22.959,60,4,10,1,-38.174,-42.805,1.078
2012-05-04-18_31_22.960,60,4,10,1,-38.149,-42.709,0.978
2012-05-04-18_31_22.960,60,4,10,1,-38.248,-42.784,0.978
2012-05-04-18_31_22.961,60,5,10,1,-47.193,-42.795,1.678
2012-05-04-18_31_22.962,60,5,10,1,-47.278,-42.773,1.478
2012-05-04-18_31_22.963,60,5,10,1,-47.249,-42.798,1.378
2012-05-04-18_31_22.964,60,6,10,1,-56.220,-42.866,1.478
2012-05-04-18_31_22.965,60,6,10,1,-56.195,-42.770,1.378
2012-05-04-18_31_22.965,60,6,10,1,-56.293,-42.844,1.378
2012-05-04-18_31_22.966,60,7,10,1,-65.188,-42.780,2.278
2012-05-04-18_31_22.967,60,7,10,1,-65.195,-42.779,2.178
2012-05-04-18_31_22.968,60,7,10,1,-65.175,-42.684,2.278
2012-05-04-18_31_22.968,60,0,11,0,2.278,-47.283,1.990
2012-05-04-18_31_22.969,60,0,11,0,2.301,-47.190,2.090
2012-05-04-18_31_22.970,60,0,11,0,2.195,-47.258,1.990
2012-05-04-18_31_22.971,60,1,11,0,-6.752,-47.295,1.890
2012-05-04-18_31_22.972,60,1,11,0,-6.825,-47.269,1.890
2012-05-04-18_31_22.972,60,1,11,0,-6.771,-47.209,1.890
2012-05-04-18_31_22.973,60,2,11,0,-15.687,-47.213,1.290
2012-05-04-18_31_22.974,60,2,11,0,-15.770,-47.188,1.190
2012-05-04-18_31_22.975,60,2,11,0,-15.740,-47.198,1.190
2012-05-04-18_31_22.976,60,3,11,0,-24.709,-47.295,1.690
2012-05-04-18_31_22.976,60,3,11,0,-24.686,-47.202,1.690
2012-05-04-18_31_22.977,60,3,11,0,-24.792,-47.270,1.690
2012-05-04-18_31_22.978,60,4,11,0,-33.705,-47.297,0.990
2012-05-04-18_31_22.979,60,4,11,0,-33.683,-47.204,1.090
2012-05-04-18_31_22.979,60,4,11,0,-33.788,-47.272,0.990
2012-05-04-18_31_22.980,60,5,11,0,-42.727,-47.289,1.390
2012-05-04-18_31_22.982,60,5,11,0,-42.678,-47.337,1.390
2012-05-04-18_31_22.983,60,5,11,0,-42.771,-47.304,1.390
2012-05-04-18_31_22.984,60,6,11,0,-51.751,-47.357,1.390
2012-05-04-18_31_22.984,60,6,11,0,-51.728,-47.264,1.390
2012-05-04-18_31_22.985,60,6,11,0,-51.834,-47.333,1.290
2012-05-04-18_31_22.986,60,7,11,0,-60.646,-47.293,2.190
2012-05-04-18_31_22.987,60,7,11,0,-60.728,-47.269,2.190
2012-05-04-18_31_22.988,60,7,11,0,-60.667,-47.215,2.190
2012-05-04-18_31_22.989,60,0,11,1,-2.194,-47.290,1.999
2012-05-04-18_31_22.990,60,0,11,1,-2.171,-47.189,1.999
2012-05-04-18_31_22.990,60,0,11,1,-2.262,-47.271,1.999
2012-05-04-18_31_22.991,60,1,11,1,-11.214,-47.295,1.799
2012-05-04-18_31_22.992,60,1,11,1,-11.346,-47.221,1.799
2012-05-04-18_31_22.993,60,1,11,1,-11.236,-47.209,1.798
2012-05-04-18_31_22.993,60,2,11,1,-20.159,-47.220,1.299
2012-05-04-18_31_22.994,60,2,11,1,-20.227,-47.201,1.199
2012-05-04-18_31_22.995,60,2,11,1,-20.234,-47.200,1.199
2012-05-04-18_31_22.996,60,3,11,1,-29.181,-47.302,1.299
2012-05-04-18_31_22.997,60,3,11,1,-29.158,-47.201,1.299
2012-05-04-18_31_22.997,60,3,11,1,-29.249,-47.283,1.299
2012-05-04-18_31_22.998,60,4,11,1,-38.177,-47.304,1.099
2012-05-04-18_31_22.999,60,4,11,1,-38.155,-47.203,0.999
2012-05-04-18_31_23.000,60,4,11,1,-38.246,-47.285,0.999
2012-05-04-18_31_23.001,60,5,11,1,-47.198,-47.289,1.399
2012-05-04-18_31_23.001,60,5,11,1,-47.279,-47.270,1.399
2012-05-04-18_31_23.002,60,5,11,1,-47.250,-47.292,1.398
2012-05-04-18_31_23.003,60,6,11,1,-56.223,-47.364,1.399
2012-05-04-18_31_23.004,60,6,11,1,-56.200,-47.264,1.399
2012-05-04-18_31_23.004,60,6,11,1,-56.291,-47.345,1.399
2012-05-04-18_31_23.005,60,7,11,1,-65.186,-47.282,2.299
2012-05-04-18_31_23.006,60,7,11,1,-65.193,-47.281,2.299
2012-05-04-18_31_23.007,60,7,11,1,-65.175,-47.180,2.299
2012-05-04-18_31_23.008,60,0,12,0,2.265,-51.779,2.307
2012-05-04-18_31_23.009,60,0,12,0,2.303,-51.690,2.208
2012-05-04-18_31_23.010,60,0,12,0,2.195,-51.759,2.308
2012-05-04-18_31_23.012,60,1,12,0,-6.753,-51.793,1.907
2012-05-04-18_31_23.012,60,1,12,0,-6.828,-51.773,2.008
2012-05-04-18_31_23.013,60,1,12,0,-6.772,-51.707,2.008
2012-05-04-18_31_23.014,60,2,12,0,-15.699,-51.709,1.307
2012-05-04-18_31_23.015,60,2,12,0,-15.770,-51.689,1.308
2012-05-04-18_31_23.016,60,2,12,0,-15.709,-51.638,1.308
2012-05-04-18_31_23.016,60,3,12,0,-24.722,-51.792,1.707
2012-05-04-18_31_23.017,60,3,12,0,-24.684,-51.702,1.708
2012-05-04-18_31_23.020,60,3,12,0,-24.792,-51.771,1.708
2012-05-04-18_31_23.021,60,4,12,0,-33.718,-51.793,1.107
2012-05-04-18_31_23.021,60,4,12,0,-33.681,-51.704,1.108
2012-05-04-18_31_23.022,60,4,12,0,-33.789,-51.773,1.108
2012-05-04-18_31_23.023,60,5,12,0,-42.725,-51.790,1.308
2012-05-04-18_31_23.024,60,5,12,0,-42.681,-51.841,1.308
2012-05-04-18_31_23.025,60,5,12,0,-42.771,-51.808,1.308
2012-05-04-18_31_23.026,60,6,12,0,-51.764,-51.854,1.407
2012-05-04-18_31_23.026,60,6,12,0,-51.726,-51.765,1.408
2012-05-04-18_31_23.027,60,6,12,0,-51.834,-51.833,1.308
2012-05-04-18_31_23.028,60,7,12,0,-60.658,-51.790,2.007
2012-05-04-18_31_23.030,60,7,12,0,-60.729,-51.769,2.108
2012-05-04-18_31_23.031,60,7,12,0,-60.667,-51.719,2.008
2012-05-04-18_31_23.031,60,0,12,1,-2.197,-51.786,2.116
2012-05-04-18_31_23.032,60,0,12,1,-2.172,-51.689,2.116
2012-05-04-18_31_23.033,60,0,12,1,-2.265,-51.769,2.116
2012-05-04-18_31_23.033,60,1,12,1,-11.215,-51.793,1.816
2012-05-04-18_31_23.035,60,1,12,1,-11.346,-51.721,1.816
2012-05-04-18_31_23.036,60,1,12,1,-11.234,-51.706,1.816
2012-05-04-18_31_23.036,60,2,12,1,-20.162,-51.716,1.216
2012-05-04-18_31_23.037,60,2,12,1,-20.230,-51.699,1.216
2012-05-04-18_31_23.038,60,2,12,1,-20.235,-51.697,1.216
2012-05-04-18_31_23.039,60,3,12,1,-29.184,-51.799,1.316
2012-05-04-18_31_23.040,60,3,12,1,-29.159,-51.701,1.316
2012-05-04-18_31_23.041,60,3,12,1,-29.252,-51.781,1.316
2012-05-04-18_31_23.042,60,4,12,1,-38.180,-51.800,1.116
2012-05-04-18_31_23.043,60,4,12,1,-38.155,-51.703,1.116
2012-05-04-18_31_23.043,60,4,12,1,-38.248,-51.783,1.116
2012-05-04-18_31_23.044,60,5,12,1,-47.199,-51.789,1.216
2012-05-04-18_31_23.045,60,5,12,1,-47.279,-51.767,1.316
2012-05-04-18_31_23.045,60,5,12,1,-47.250,-51.792,1.316
2012-05-04-18_31_23.046,60,6,12,1,-56.226,-51.861,1.416
2012-05-04-18_31_23.047,60,6,12,1,-56.201,-51.764,1.416
2012-05-04-18_31_23.048,60,6,12,1,-56.294,-51.843,1.516
2012-05-04-18_31_23.049,60,7,12,1,-65.188,-51.779,2.216
2012-05-04-18_31_23.049,60,7,12,1,-65.193,-51.778,2.216
2012-05-04-18_31_23.051,60,7,12,1,-65.176,-51.678,2.216
2012-05-04-18_31_23.052,60,0,13,0,2.272,-56.278,2.227
2012-05-04-18_31_23.053,60,0,13,0,2.300,-56.190,2.227
2012-05-04-18_31_23.053,60,0,13,0,2.197,-56.254,2.227
2012-05-04-18_31_23.054,60,1,13,0,-6.753,-56.289,2.027
2012-05-04-18_31_23.055,60,1,13,0,-6.829,-56.269,2.027
2012-05-04-18_31_23.056,60,1,13,0,-6.774,-56.204,2.027
2012-05-04-18_31_23.057,60,2,13,0,-15.693,-56.208,1.327
2012-05-04-18_31_23.058,60,2,13,0,-15.768,-56.184,1.327
2012-05-04-18_31_23.059,60,2,13,0,-15.712,-56.140,1.227
2012-05-04-18_31_23.059,60,3,13,0,-24.715,-56.290,1.727
2012-05-04-18_31_23.060,60,3,13,0,-24.687,-56.202,1.727
2012-05-04-18_31_23.061,60,3,13,0,-24.790,-56.267,1.727
2012-05-04-18_31_23.062,60,4,13,0,-33.711,-56.292,1.127
2012-05-04-18_31_23.063,60,4,13,0,-33.684,-56.204,1.027
2012-05-04-18_31_23.063,60,4,13,0,-33.787,-56.268,1.027
2012-05-04-18_31_23.064,60,5,13,0,-42.727,-56.290,1.327
2012-05-04-18_31_23.067,60,5,13,0,-42.681,-56.338,1.327
2012-05-04-18_31_23.068,60,5,13,0,-42.774,-56.309,1.327
2012-05-04-18_31_23.068,60,6,13,0,-51.757,-56.353,1.427
2012-05-04-18_31_23.069,60,6,13,0,-51.729,-56.264,1.427
2012-05-04-18_31_23.070,60,6,13,0,-51.832,-56.329,1.327
2012-05-04-18_31_23.070,60,7,13,0,-60.651,-56.289,2.027
2012-05-04-18_31_23.071,60,7,13,0,-60.727,-56.265,5.427
2012-05-04-18_31_23.072,60,7,13,0,-60.670,-56.220,3.227
2012-05-04-18_31_23.073,60,0,13,1,-2.197,-56.288,2.139
2012-05-04-18_31_23.074,60,0,13,1,-2.174,-56.190,2.138
2012-05-04-18_31_23.074,60,0,13,1,-2.268,-56.265,2.138
2012-05-04-18_31_23.076,60,1,13,1,-11.210,-56.289,1.839
2012-05-04-18_31_23.077,60,1,13,1,-11.349,-56.222,1.938
2012-05-04-18_31_23.078,60,1,13,1,-11.234,-56.204,1.938
2012-05-04-18_31_23.078,60,2,13,1,-20.162,-56.218,1.239
2012-05-04-18_31_23.079,60,2,13,1,-20.233,-56.195,1.238
2012-05-04-18_31_23.080,60,2,13,1,-20.237,-56.194,1.238
2012-05-04-18_31_23.081,60,3,13,1,-29.184,-56.300,1.339
2012-05-04-18_31_23.082,60,3,13,1,-29.161,-56.202,1.438
2012-05-04-18_31_23.082,60,3,13,1,-29.255,-56.278,1.438
2012-05-04-18_31_23.083,60,4,13,1,-38.181,-56.302,1.039
2012-05-04-18_31_23.084,60,4,13,1,-38.158,-56.204,1.038
2012-05-04-18_31_23.085,60,4,13,1,-38.251,-56.279,1.038
2012-05-04-18_31_23.086,60,5,13,1,-47.202,-56.290,1.438
2012-05-04-18_31_23.087,60,5,13,1,-47.282,-56.265,1.538
2012-05-04-18_31_23.087,60,5,13,1,-47.253,-56.291,1.538
2012-05-04-18_31_23.088,60,6,13,1,-56.226,-56.363,1.439
2012-05-04-18_31_23.089,60,6,13,1,-56.203,-56.264,1.438
2012-05-04-18_31_23.090,60,6,13,1,-56.297,-56.340,1.438
2012-05-04-18_31_23.091,60,7,13,1,-65.191,-56.276,2.138
2012-05-04-18_31_23.091,60,7,13,1,-65.196,-56.275,2.138
2012-05-04-18_31_23.092,60,7,13,1,-65.178,-56.176,2.138
2012-05-04-18_31_23.093,60,0,14,0,2.272,-60.781,2.252
2012-05-04-18_31_23.094,60,0,14,0,2.297,-60.696,2.252
2012-05-04-18_31_23.095,60,0,14,0,2.199,-60.754,2.252
2012-05-04-18_31_23.095,60,1,14,0,-6.753,-60.789,1.952
2012-05-04-18_31_23.096,60,1,14,0,-6.834,-60.768,1.952
2012-05-04-18_31_23.097,60,1,14,0,-6.775,-60.711,1.952
2012-05-04-18_31_23.098,60,2,14,0,-15.693,-60.711,1.352
2012-05-04-18_31_23.099,60,2,14,0,-15.766,-60.684,1.352
2012-05-04-18_31_23.100,60,2,14,0,-15.712,-60.641,1.352
2012-05-04-18_31_23.100,60,3,14,0,-24.715,-60.794,1.752
2012-05-04-18_31_23.101,60,3,14,0,-24.690,-60.708,1.752
2012-05-04-18_31_23.102,60,3,14,0,-24.788,-60.766,1.652
2012-05-04-18_31_23.103,60,4,14,0,-33.712,-60.795,1.052
2012-05-04-18_31_23.103,60,4,14,0,-33.687,-60.710,1.052
2012-05-04-18_31_23.104,60,4,14,0,-33.785,-60.768,0.952
2012-05-04-18_31_23.105,60,5,14,0,-42.730,-60.796,1.352
2012-05-04-18_31_23.107,60,5,14,0,-42.687,-60.836,1.352
2012-05-04-18_31_23.108,60,5,14,0,-42.774,-60.811,1.352
2012-05-04-18_31_23.109,60,6,14,0,-51.757,-60.856,1.452
2012-05-04-18_31_23.109,60,6,14,0,-51.732,-60.770,1.452
2012-05-04-18_31_23.110,60,6,14,0,-51.830,-60.828,1.352
2012-05-04-18_31_23.111,60,7,14,0,-60.652,-60.792,2.052
2012-05-04-18_31_23.112,60,7,14,0,-60.725,-60.764,5.452
2012-05-04-18_31_23.113,60,7,14,0,-60.671,-60.722,3.252
2012-05-04-18_31_23.113,60,0,14,1,-2.200,-60.793,2.161
2012-05-04-18_31_23.114,60,0,14,1,-2.175,-60.696,2.161
2012-05-04-18_31_23.115,60,0,14,1,-2.268,-60.767,2.161
2012-05-04-18_31_23.116,60,1,14,1,-11.211,-60.790,1.961
2012-05-04-18_31_23.117,60,1,14,1,-11.349,-60.727,1.961
2012-05-04-18_31_23.118,60,1,14,1,-11.237,-60.710,1.961
2012-05-04-18_31_23.119,60,2,14,1,-20.165,-60.723,1.261
2012-05-04-18_31_23.121,60,2,14,1,-20.233,-60.697,1.261
2012-05-04-18_31_23.121,60,2,14,1,-20.240,-60.695,1.261
2012-05-04-18_31_23.122,60,3,14,1,-29.187,-60.805,1.261
2012-05-04-18_31_23.123,60,3,14,1,-29.162,-60.708,1.261
2012-05-04-18_31_23.124,60,3,14,1,-29.255,-60.779,1.261
2012-05-04-18_31_23.124,60,4,14,1,-38.184,-60.807,1.161
2012-05-04-18_31_23.125,60,4,14,1,-38.158,-60.710,1.061
2012-05-04-18_31_23.126,60,4,14,1,-38.252,-60.781,1.061
2012-05-04-18_31_23.127,60,5,14,1,-47.202,-60.796,1.361
2012-05-04-18_31_23.128,60,5,14,1,-47.283,-60.770,1.461
2012-05-04-18_31_23.129,60,5,14,1,-47.253,-60.798,1.461
2012-05-04-18_31_23.130,60,6,14,1,-56.229,-60.867,1.461
2012-05-04-18_31_23.130,60,6,14,1,-56.204,-60.770,1.461
2012-05-04-18_31_23.131,60,6,14,1,-56.297,-60.841,1.461
2012-05-04-18_31_23.132,60,7,14,1,-65.192,-60.778,2.261
2012-05-04-18_31_23.133,60,7,14,1,-65.199,-60.776,2.261
2012-05-04-18_31_23.134,60,7,14,1,-65.179,-60.681,2.261
2012-05-04-18_31_23.134,60,0,15,0,2.269,-65.283,2.270
2012-05-04-18_31_23.135,60,0,15,0,2.294,-65.196,2.270
2012-05-04-18_31_23.136,60,0,15,0,2.196,-65.255,2.270
2012-05-04-18_31_23.137,60,1,15,0,-6.751,-65.293,2.070
2012-05-04-18_31_23.138,60,1,15,0,-6.832,-65.267,2.070
2012-05-04-18_31_23.138,60,1,15,0,-6.773,-65.215,2.070
2012-05-04-18_31_23.139,60,2,15,0,-15.696,-65.213,1.370
2012-05-04-18_31_23.140,60,2,15,0,-15.769,-65.185,1.370
2012-05-04-18_31_23.141,60,2,15,0,-15.715,-65.139,1.370
2012-05-04-18_31_23.142,60,3,15,0,-24.718,-65.295,1.770
2012-05-04-18_31_23.142,60,3,15,0,-24.693,-65.208,1.770
2012-05-04-18_31_23.143,60,3,15,0,-24.791,-65.267,1.770
2012-05-04-18_31_23.144,60,4,15,0,-33.714,-65.297,1.070
2012-05-04-18_31_23.145,60,4,15,0,-33.689,-65.210,0.970
2012-05-04-18_31_23.145,60,4,15,0,-33.788,-65.269,0.970
2012-05-04-18_31_23.146,60,5,15,0,-42.733,-65.296,1.370
2012-05-04-18_31_23.147,60,5,15,0,-42.685,-65.335,1.370
2012-05-04-18_31_23.148,60,5,15,0,-42.777,-65.309,1.370
2012-05-04-18_31_23.148,60,6,15,0,-51.760,-65.358,1.470
2012-05-04-18_31_23.149,60,6,15,0,-51.735,-65.270,1.470
2012-05-04-18_31_23.150,60,6,15,0,-51.833,-65.330,1.370
2012-05-04-18_31_23.151,60,7,15,0,-60.655,-65.294,2.070
2012-05-04-18_31_23.151,60,7,15,0,-60.728,-65.266,2.070
2012-05-04-18_31_23.152,60,7,15,0,-60.674,-65.220,2.070
2012-05-04-18_31_23.153,60,0,15,1,-2.196,-65.291,2.179
2012-05-04-18_31_23.154,60,0,15,1,-2.168,-65.196,2.179
2012-05-04-18_31_23.155,60,0,15,1,-2.271,-65.270,2.179
2012-05-04-18_31_23.155,60,1,15,1,-11.209,-65.293,1.979
2012-05-04-18_31_23.156,60,1,15,1,-11.342,-65.227,1.979
2012-05-04-18_31_23.157,60,1,15,1,-11.232,-65.214,1.979
2012-05-04-18_31_23.157,60,2,15,1,-20.160,-65.221,1.279
2012-05-04-18_31_23.158,60,2,15,1,-20.236,-65.200,1.279
2012-05-04-18_31_23.159,60,2,15,1,-20.243,-65.199,1.279
2012-05-04-18_31_23.160,60,3,15,1,-29.182,-65.303,1.379
2012-05-04-18_31_23.160,60,3,15,1,-29.155,-65.208,1.379
2012-05-04-18_31_23.162,60,3,15,1,-29.258,-65.282,1.479
2012-05-04-18_31_23.163,60,4,15,1,-38.179,-65.305,1.079
2012-05-04-18_31_23.164,60,4,15,1,-38.151,-65.210,1.079
2012-05-04-18_31_23.165,60,4,15,1,-38.255,-65.284,1.079
2012-05-04-18_31_23.166,60,5,15,1,-47.195,-65.295,1.379
2012-05-04-18_31_23.166,60,5,15,1,-47.285,-65.273,1.279
2012-05-04-18_31_23.168,60,5,15,1,-47.256,-65.298,1.279
2012-05-04-18_31_23.168,60,6,15,1,-56.224,-65.366,1.479
2012-05-04-18_31_23.169,60,6,15,1,-56.197,-65.270,1.479
2012-05-04-18_31_23.170,60,6,15,1,-56.300,-65.344,1.479
2012-05-04-18_31_23.171,60,7,15,1,-65.195,-65.280,2.079
2012-05-04-18_31_23.173,60,7,15,1,-65.202,-65.280,2.179
2012-05-04-18_31_23.174,60,7,15,1,-65.182,-65.184,2.079
2012-05-04-18_31_23.175,60,0,16,0,2.266,-69.784,2.291
2012-05-04-18_31_23.175,60,0,16,0,2.294,-69.689,2.291
2012-05-04-18_31_23.176,60,0,16,0,2.193,-69.759,2.291
2012-05-04-18_31_23.177,60,1,16,0,-6.749,-69.795,2.091
2012-05-04-18_31_23.178,60,1,16,0,-6.832,-69.768,2.091
2012-05-04-18_31_23.179,60,1,16,0,-6.773,-69.708,2.091
2012-05-04-18_31_23.179,60,2,16,0,-15.699,-69.713,1.391
2012-05-04-18_31_23.180,60,2,16,0,-15.772,-69.689,1.291
2012-05-04-18_31_23.181,60,2,16,0,-15.750,-69.698,1.391
2012-05-04-18_31_23.182,60,3,16,0,-24.721,-69.796,1.791
2012-05-04-18_31_23.182,60,3,16,0,-24.693,-69.701,1.791
2012-05-04-18_31_23.183,60,3,16,0,-24.794,-69.771,1.791
2012-05-04-18_31_23.184,60,4,16,0,-33.717,-69.798,0.991
2012-05-04-18_31_23.185,60,4,16,0,-33.690,-69.703,0.991
2012-05-04-18_31_23.186,60,4,16,0,-33.790,-69.773,0.891
2012-05-04-18_31_23.188,60,5,16,0,-42.734,-69.789,1.391
2012-05-04-18_31_23.189,60,5,16,0,-42.685,-69.836,1.391
2012-05-04-18_31_23.189,60,5,16,0,-42.780,-69.803,1.391
2012-05-04-18_31_23.190,60,6,16,0,-51.763,-69.858,1.391
2012-05-04-18_31_23.191,60,6,16,0,-51.735,-69.764,1.391
2012-05-04-18_31_23.192,60,6,16,0,-51.836,-69.834,1.391
2012-05-04-18_31_23.195,60,7,16,0,-60.657,-69.794,2.091
2012-05-04-18_31_23.196,60,7,16,0,-60.731,-69.770,2.091
2012-05-04-18_31_23.197,60,7,16,0,-60.676,-69.714,1.991
2012-05-04-18_31_23.198,60,0,16,1,-2.196,-69.789,2.203
2012-05-04-18_31_23.198,60,0,16,1,-2.171,-69.688,2.203
2012-05-04-18_31_23.199,60,0,16,1,-2.271,-69.771,2.203
2012-05-04-18_31_23.201,60,1,16,1,-11.211,-69.794,2.003
2012-05-04-18_31_23.201,60,1,16,1,-11.345,-69.720,2.003
2012-05-04-18_31_23.202,60,1,16,1,-11.233,-69.708,2.003
2012-05-04-18_31_23.203,60,2,16,1,-20.161,-69.719,1.303
2012-05-04-18_31_23.204,60,2,16,1,-20.236,-69.701,1.303
2012-05-04-18_31_23.205,60,2,16,1,-20.246,-69.699,1.303
2012-05-04-18_31_23.206,60,3,16,1,-29.183,-69.801,1.503
2012-05-04-18_31_23.207,60,3,16,1,-29.158,-69.700,1.503
2012-05-04-18_31_23.208,60,3,16,1,-29.258,-69.783,1.503
2012-05-04-18_31_23.208,60,4,16,1,-38.179,-69.803,1.003
2012-05-04-18_31_23.209,60,4,16,1,-38.154,-69.702,1.103
2012-05-04-18_31_23.210,60,4,16,1,-38.255,-69.785,1.103
2012-05-04-18_31_23.211,60,5,16,1,-47.198,-69.788,1.303
2012-05-04-18_31_23.212,60,5,16,1,-47.286,-69.769,1.303
2012-05-04-18_31_23.213,60,5,16,1,-47.257,-69.792,1.403
2012-05-04-18_31_23.214,60,6,16,1,-56.225,-69.863,1.503
2012-05-04-18_31_23.214,60,6,16,1,-56.200,-69.763,1.503
2012-05-04-18_31_23.215,60,6,16,1,-56.300,-69.846,1.503
2012-05-04-18_31_23.216,60,7,16,1,-65.195,-69.782,2.203
2012-05-04-18_31_23.217,60,7,16,1,-65.205,-69.780,2.103
2012-05-04-18_31_23.218,60,7,16,1,-65.182,-69.680,2.103
2012-05-04-18_31_23.218,60,0,17,0,2.256,-74.280,2.215
2012-05-04-18_31_23.219,60,0,17,0,2.291,-74.189,2.315
2012-05-04-18_31_23.220,60,0,17,0,2.193,-74.258,2.215
2012-05-04-18_31_23.221,60,1,17,0,-6.747,-74.293,2.015
2012-05-04-18_31_23.222,60,1,17,0,-6.830,-74.272,2.115
2012-05-04-18_31_23.223,60,1,17,0,-6.771,-74.206,2.015
2012-05-04-18_31_23.224,60,2,17,0,-15.709,-74.210,1.315
2012-05-04-18_31_23.224,60,2,17,0,-15.772,-74.188,1.315
2012-05-04-18_31_23.226,60,2,17,0,-15.718,-74.138,1.315
2012-05-04-18_31_23.227,60,3,17,0,-24.731,-74.292,1.815
2012-05-04-18_31_23.228,60,3,17,0,-24.696,-74.201,1.815
2012-05-04-18_31_23.229,60,3,17,0,-24.794,-74.270,1.815
2012-05-04-18_31_23.230,60,4,17,0,-33.728,-74.294,1.115
2012-05-04-18_31_23.231,60,4,17,0,-33.693,-74.203,1.115
2012-05-04-18_31_23.232,60,4,17,0,-33.791,-74.272,1.015
2012-05-04-18_31_23.233,60,5,17,0,-42.736,-74.289,1.415
2012-05-04-18_31_23.234,60,5,17,0,-42.683,-74.340,1.415
2012-05-04-18_31_23.235,60,5,17,0,-42.781,-74.308,1.415
2012-05-04-18_31_23.236,60,6,17,0,-51.773,-74.355,1.415
2012-05-04-18_31_23.237,60,6,17,0,-51.738,-74.264,1.415
2012-05-04-18_31_23.238,60,6,17,0,-51.836,-74.333,1.315
2012-05-04-18_31_23.239,60,7,17,0,-60.668,-74.291,2.115
2012-05-04-18_31_23.240,60,7,17,0,-60.731,-74.269,2.115
2012-05-04-18_31_23.242,60,7,17,0,-60.677,-74.218,2.115
2012-05-04-18_31_23.243,60,0,17,1,-2.196,-74.286,2.224
2012-05-04-18_31_23.244,60,0,17,1,-2.169,-74.188,2.124
2012-05-04-18_31_23.244,60,0,17,1,-2.269,-74.269,2.224
2012-05-04-18_31_23.245,60,1,17,1,-11.214,-74.292,2.024
2012-05-04-18_31_23.246,60,1,17,1,-11.343,-74.220,2.024
2012-05-04-18_31_23.247,60,1,17,1,-11.233,-74.205,2.024
2012-05-04-18_31_23.248,60,2,17,1,-20.161,-74.216,1.324
2012-05-04-18_31_23.249,60,2,17,1,-20.234,-74.199,1.324
2012-05-04-18_31_23.251,60,2,17,1,-20.244,-74.196,1.324
2012-05-04-18_31_23.251,60,3,17,1,-29.183,-74.298,1.424
2012-05-04-18_31_23.252,60,3,17,1,-29.156,-74.200,1.424
2012-05-04-18_31_23.253,60,3,17,1,-29.256,-74.281,1.524
2012-05-04-18_31_23.253,60,4,17,1,-38.180,-74.300,1.124
2012-05-04-18_31_23.254,60,4,17,1,-38.152,-74.202,1.024
2012-05-04-18_31_23.255,60,4,17,1,-38.253,-74.283,1.124
2012-05-04-18_31_23.256,60,5,17,1,-47.196,-74.288,1.324
2012-05-04-18_31_23.257,60,5,17,1,-47.284,-74.266,1.324
2012-05-04-18_31_23.259,60,5,17,1,-47.252,-74.292,8.624
2012-05-04-18_31_23.260,60,6,17,1,-56.225,-74.361,1.524
2012-05-04-18_31_23.260,60,6,17,1,-56.198,-74.263,1.524
2012-05-04-18_31_23.261,60,6,17,1,-56.298,-74.344,1.524
2012-05-04-18_31_23.262,60,7,17,1,-65.193,-74.280,2.224
2012-05-04-18_31_23.263,60,7,17,1,-65.203,-74.277,2.224
2012-05-04-18_31_23.263,60,7,17,1,-65.180,-74.177,2.124
2012-05-04-18_31_23.264,60,0,18,0,2.268,-78.778,2.133
2012-05-04-18_31_23.265,60,0,18,0,2.295,-78.689,2.133
2012-05-04-18_31_23.267,60,0,18,0,2.190,-78.755,2.033
2012-05-04-18_31_23.268,60,1,18,0,-6.748,-78.788,1.933
2012-05-04-18_31_23.268,60,1,18,0,-6.828,-78.769,1.933
2012-05-04-18_31_23.269,60,1,18,0,-6.769,-78.704,6.933
2012-05-04-18_31_23.270,60,2,18,0,-15.697,-78.708,1.333
2012-05-04-18_31_23.271,60,2,18,0,-15.775,-78.685,1.433
2012-05-04-18_31_23.272,60,2,18,0,-15.721,-78.639,1.333
2012-05-04-18_31_23.272,60,3,18,0,-24.719,-78.790,1.833
2012-05-04-18_31_23.273,60,3,18,0,-24.692,-78.701,1.833
2012-05-04-18_31_23.275,60,3,18,0,-24.797,-78.768,1.833
2012-05-04-18_31_23.276,60,4,18,0,-33.716,-78.792,1.133
2012-05-04-18_31_23.276,60,4,18,0,-33.688,-78.703,1.133
2012-05-04-18_31_23.277,60,4,18,0,-33.794,-78.769,1.133
2012-05-04-18_31_23.278,60,5,18,0,-42.732,-78.789,1.633
2012-05-04-18_31_23.279,60,5,18,0,-42.681,-78.837,1.633
2012-05-04-18_31_23.280,60,5,18,0,-42.783,-78.809,1.533
2012-05-04-18_31_23.280,60,6,18,0,-51.761,-78.853,1.533
2012-05-04-18_31_23.281,60,6,18,0,-51.734,-78.764,1.533
2012-05-04-18_31_23.282,60,6,18,0,-51.839,-78.830,1.533
2012-05-04-18_31_23.283,60,7,18,0,-60.656,-78.789,2.333
2012-05-04-18_31_23.284,60,7,18,0,-60.734,-78.766,2.333
2012-05-04-18_31_23.284,60,7,18,0,-60.680,-78.719,2.333
2012-05-04-18_31_23.287,60,0,18,1,-2.197,-78.787,2.142
2012-05-04-18_31_23.289,60,0,18,1,-2.169,-78.688,2.142
2012-05-04-18_31_23.291,60,0,18,1,-2.270,-78.766,2.142
2012-05-04-18_31_23.292,60,1,18,1,-11.212,-78.787,1.942
2012-05-04-18_31_23.293,60,1,18,1,-11.344,-78.720,1.942
2012-05-04-18_31_23.293,60,1,18,1,-11.236,-78.702,1.941
2012-05-04-18_31_23.294,60,2,18,1,-20.162,-78.717,1.442
2012-05-04-18_31_23.295,60,2,18,1,-20.235,-78.696,1.442
2012-05-04-18_31_23.296,60,2,18,1,-20.242,-78.693,12.942
2012-05-04-18_31_23.296,60,3,18,1,-29.184,-78.799,1.542
2012-05-04-18_31_23.297,60,3,18,1,-29.156,-78.700,1.742
2012-05-04-18_31_23.298,60,3,18,1,-29.257,-78.778,1.542
2012-05-04-18_31_23.300,60,4,18,1,-38.180,-78.801,1.242
2012-05-04-18_31_23.300,60,4,18,1,-38.153,-78.702,1.242
2012-05-04-18_31_23.301,60,4,18,1,-38.253,-78.780,1.242
2012-05-04-18_31_23.302,60,5,18,1,-47.196,-78.788,1.642
2012-05-04-18_31_23.303,60,5,18,1,-47.284,-78.764,1.542
2012-05-04-18_31_23.304,60,5,18,1,-47.253,-78.793,1.642
2012-05-04-18_31_23.304,60,6,18,1,-56.226,-78.862,1.542
2012-05-04-18_31_23.305,60,6,18,1,-56.198,-78.763,1.542
2012-05-04-18_31_23.306,60,6,18,1,-56.299,-78.840,1.542
2012-05-04-18_31_23.307,60,7,18,1,-65.193,-78.777,2.342
2012-05-04-18_31_23.308,60,7,18,1,-65.201,-78.774,11.642
2012-05-04-18_31_23.308,60,7,18,1,-65.181,-78.675,2.342
2012-05-04-18_31_23.309,60,0,19,0,2.267,-83.282,2.153
2012-05-04-18_31_23.311,60,0,19,0,2.297,-83.196,2.153
2012-05-04-18_31_23.312,60,0,19,0,2.189,-83.254,2.153
2012-05-04-18_31_23.312,60,1,19,0,-6.748,-83.289,2.053
2012-05-04-18_31_23.313,60,1,19,0,-6.829,-83.268,2.053
2012-05-04-18_31_23.314,60,1,19,0,-6.767,-83.211,2.053
2012-05-04-18_31_23.315,60,2,19,0,-15.698,-83.212,1.353
2012-05-04-18_31_23.316,60,2,19,0,-15.775,-83.184,1.353
2012-05-04-18_31_23.316,60,2,19,0,-15.719,-83.141,1.353
2012-05-04-18_31_23.317,60,3,19,0,-24.720,-83.294,1.853
2012-05-04-18_31_23.318,60,3,19,0,-24.690,-83.208,1.853
2012-05-04-18_31_23.319,60,3,19,0,-24.798,-83.266,1.853
2012-05-04-18_31_23.320,60,4,19,0,-33.716,-83.296,1.053
2012-05-04-18_31_23.320,60,4,19,0,-33.686,-83.210,1.153
2012-05-04-18_31_23.321,60,4,19,0,-33.794,-83.268,1.153
2012-05-04-18_31_23.322,60,5,19,0,-42.730,-83.296,1.553
2012-05-04-18_31_23.324,60,5,19,0,-42.681,-83.336,1.653
2012-05-04-18_31_23.324,60,5,19,0,-42.781,-83.311,1.553
2012-05-04-18_31_23.325,60,6,19,0,-51.762,-83.356,1.553
2012-05-04-18_31_23.326,60,6,19,0,-51.732,-83.270,1.553
2012-05-04-18_31_23.327,60,6,19,0,-51.840,-83.328,1.553
2012-05-04-18_31_23.327,60,7,19,0,-60.656,-83.293,2.353
2012-05-04-18_31_23.328,60,7,19,0,-60.734,-83.264,2.353
2012-05-04-18_31_23.329,60,7,19,0,-60.678,-83.222,2.353
2012-05-04-18_31_23.329,60,0,19,1,-2.195,-83.292,2.065
2012-05-04-18_31_23.331,60,0,19,1,-2.167,-83.195,2.065
2012-05-04-18_31_23.332,60,0,19,1,-2.270,-83.266,2.065
2012-05-04-18_31_23.333,60,1,19,1,-11.213,-83.289,1.865
2012-05-04-18_31_23.334,60,1,19,1,-11.342,-83.227,1.965
2012-05-04-18_31_23.334,60,1,19,1,-11.237,-83.209,1.865
2012-05-04-18_31_23.335,60,2,19,1,-20.160,-83.222,1.465
2012-05-04-18_31_23.336,60,2,19,1,-20.235,-83.196,1.365
2012-05-04-18_31_23.337,60,2,19,1,-20.242,-83.195,1.365
2012-05-04-18_31_23.338,60,3,19,1,-29.182,-83.305,1.565
2012-05-04-18_31_23.338,60,3,19,1,-29.154,-83.207,1.665
2012-05-04-18_31_23.340,60,3,19,1,-29.257,-83.279,1.765
2012-05-04-18_31_23.340,60,4,19,1,-38.178,-83.306,1.165
2012-05-04-18_31_23.341,60,4,19,1,-38.151,-83.209,1.165
2012-05-04-18_31_23.342,60,4,19,1,-38.254,-83.280,1.165
2012-05-04-18_31_23.344,60,5,19,1,-47.194,-83.295,1.665
2012-05-04-18_31_23.346,60,5,19,1,-47.285,-83.269,1.565
2012-05-04-18_31_23.346,60,5,19,1,-47.253,-83.299,1.665
2012-05-04-18_31_23.347,60,6,19,1,-56.224,-83.367,1.665
2012-05-04-18_31_23.348,60,6,19,1,-56.196,-83.270,1.565
2012-05-04-18_31_23.349,60,6,19,1,-56.299,-83.341,1.565
2012-05-04-18_31_23.350,60,7,19,1,-65.194,-83.277,2.365
2012-05-04-18_31_23.352,60,7,19,1,-65.201,-83.276,2.365
2012-05-04-18_31_23.352,60,7,19,1,-65.181,-83.180,2.365
2012-05-04-18_31_23.353,60,0,20,0,2.267,-87.783,2.078
2012-05-04-18_31_23.354,60,0,20,0,2.299,-87.696,2.178
2012-05-04-18_31_23.355,60,0,20,0,2.189,-87.755,2.078
2012-05-04-18_31_23.356,60,1,20,0,-6.749,-87.793,1.978
2012-05-04-18_31_23.357,60,1,20,0,-6.824,-87.767,1.978
2012-05-04-18_31_23.358,60,1,20,0,-6.768,-87.715,1.978
2012-05-04-18_31_23.359,60,2,20,0,-15.698,-87.713,1.478
2012-05-04-18_31_23.359,60,2,20,0,-15.776,-87.685,1.478
2012-05-04-18_31_23.360,60,2,20,0,-15.717,-87.639,1.478
2012-05-04-18_31_23.361,60,3,20,0,-24.720,-87.796,1.878
2012-05-04-18_31_23.362,60,3,20,0,-24.688,-87.708,1.878
2012-05-04-18_31_23.362,60,3,20,0,-24.798,-87.767,1.878
2012-05-04-18_31_23.363,60,4,20,0,-33.717,-87.797,1.078
2012-05-04-18_31_23.364,60,4,20,0,-33.684,-87.710,1.078
2012-05-04-18_31_23.365,60,4,20,0,-33.795,-87.769,1.078
2012-05-04-18_31_23.366,60,5,20,0,-42.728,-87.796,1.578
2012-05-04-18_31_23.366,60,5,20,0,-42.677,-87.835,1.678
2012-05-04-18_31_23.367,60,5,20,0,-42.779,-87.809,1.678
2012-05-04-18_31_23.368,60,6,20,0,-51.762,-87.858,1.578
2012-05-04-18_31_23.369,60,6,20,0,-51.730,-87.771,1.578
2012-05-04-18_31_23.370,60,6,20,0,-51.679,-87.810,1.578
2012-05-04-18_31_23.370,60,7,20,0,-60.657,-87.794,2.378
2012-05-04-18_31_23.372,60,7,20,0,-60.735,-87.766,2.378
2012-05-04-18_31_23.373,60,7,20,0,-60.676,-87.720,2.378
2012-05-04-18_31_23.374,60,0,20,1,-2.193,-87.791,2.087
2012-05-04-18_31_23.374,60,0,20,1,-2.278,-87.771,4.687
2012-05-04-18_31_23.375,60,0,20,1,-2.219,-87.710,2.087
2012-05-04-18_31_23.376,60,2,20,1,-20.158,-87.721,1.487
2012-05-04-18_31_23.377,60,2,20,1,-20.243,-87.701,9.687
2012-05-04-18_31_23.378,60,3,20,1,-29.180,-87.803,1.587
2012-05-04-18_31_23.378,60,3,20,1,-29.265,-87.784,7.087
2012-05-04-18_31_23.380,60,3,20,1,-29.206,-87.722,1.787
2012-05-04-18_31_23.381,60,4,20,1,-38.176,-87.805,1.087
2012-05-04-18_31_23.382,60,4,20,1,-38.262,-87.785,3.787
2012-05-04-18_31_23.383,60,4,20,1,-38.203,-87.724,1.187
2012-05-04-18_31_23.383,60,5,20,1,-47.246,-87.809,1.587
2012-05-04-18_31_23.384,60,6,20,1,-56.222,-87.866,1.587
2012-05-04-18_31_23.385,60,6,20,1,-56.307,-87.846,5.687
2012-05-04-18_31_23.386,60,6,20,1,-56.148,-87.811,1.687
2012-05-04-18_31_23.387,60,7,20,1,-65.202,-87.782,13.087
2012-05-04-18_31_23.388,60,7,20,1,-65.143,-87.720,2.387
2012-05-04-18_31_23.390,60,0,21,0,2.269,-92.283,2.096
2012-05-04-18_31_23.390,60,0,21,0,2.299,-92.190,2.096
2012-05-04-18_31_23.391,60,0,21,0,2.191,-92.258,2.096
2012-05-04-18_31_23.392,60,1,21,0,-6.749,-92.295,1.996
2012-05-04-18_31_23.392,60,1,21,0,-6.827,-92.269,1.996
2012-05-04-18_31_23.394,60,1,21,0,-6.770,-92.210,1.996
2012-05-04-18_31_23.394,60,2,21,0,-15.696,-92.213,1.396
2012-05-04-18_31_23.395,60,2,21,0,-15.774,-92.188,1.396
2012-05-04-18_31_23.396,60,2,21,0,-15.752,-92.197,1.396
2012-05-04-18_31_23.398,60,3,21,0,-24.718,-92.295,1.896
2012-05-04-18_31_23.399,60,3,21,0,-24.688,-92.202,1.896
2012-05-04-18_31_23.399,60,3,21,0,-24.796,-92.270,1.796
2012-05-04-18_31_23.400,60,4,21,0,-33.715,-92.297,1.096
2012-05-04-18_31_23.403,60,4,21,0,-33.685,-92.204,1.096
2012-05-04-18_31_23.404,60,4,21,0,-33.793,-92.272,1.096
2012-05-04-18_31_23.404,60,5,21,0,-42.728,-92.290,1.596
2012-05-04-18_31_23.405,60,5,21,0,-42.680,-92.337,1.596
2012-05-04-18_31_23.406,60,5,21,0,-42.777,-92.304,1.596
2012-05-04-18_31_23.408,60,6,21,0,-51.760,-92.357,1.496
2012-05-04-18_31_23.409,60,6,21,0,-51.730,-92.265,1.596
2012-05-04-18_31_23.409,60,6,21,0,-51.682,-92.312,1.596
2012-05-04-18_31_23.410,60,7,21,0,-60.655,-92.293,2.396
2012-05-04-18_31_23.411,60,7,21,0,-60.733,-92.269,2.296
2012-05-04-18_31_23.412,60,7,21,0,-60.674,-92.215,2.396
2012-05-04-18_31_23.412,60,0,21,1,-2.193,-92.289,2.105
2012-05-04-18_31_23.413,60,0,21,1,-2.168,-92.190,2.005
2012-05-04-18_31_23.414,60,0,21,1,-2.269,-92.270,2.104
2012-05-04-18_31_23.416,60,1,21,1,-11.214,-92.295,2.005
2012-05-04-18_31_23.417,60,1,21,1,-11.342,-92.221,2.005
2012-05-04-18_31_23.417,60,1,21,1,-11.235,-92.209,2.004
2012-05-04-18_31_23.418,60,2,21,1,-20.158,-92.219,1.405
2012-05-04-18_31_23.419,60,2,21,1,-20.234,-92.200,1.404
2012-05-04-18_31_23.420,60,2,21,1,-20.241,-92.199,1.404
2012-05-04-18_31_23.420,60,3,21,1,-29.180,-92.301,1.605
2012-05-04-18_31_23.421,60,3,21,1,-29.155,-92.202,1.805
2012-05-04-18_31_23.422,60,3,21,1,-29.256,-92.282,1.804
2012-05-04-18_31_23.423,60,4,21,1,-38.177,-92.303,1.105
2012-05-04-18_31_23.423,60,4,21,1,-38.152,-92.204,1.105
2012-05-04-18_31_23.424,60,4,21,1,-38.252,-92.284,1.104
2012-05-04-18_31_23.425,60,5,21,1,-47.195,-92.289,1.705
2012-05-04-18_31_23.426,60,5,21,1,-47.283,-92.270,1.604
2012-05-04-18_31_23.426,60,5,21,1,-47.251,-92.292,1.704
2012-05-04-18_31_23.427,60,6,21,1,-56.222,-92.364,1.505
2012-05-04-18_31_23.428,60,6,21,1,-56.197,-92.264,1.605
2012-05-04-18_31_23.429,60,6,21,1,-56.298,-92.345,1.504
2012-05-04-18_31_23.430,60,7,21,1,-65.192,-92.281,2.304
2012-05-04-18_31_23.431,60,7,21,1,-65.200,-92.280,2.304
2012-05-04-18_31_23.431,60,7,21,1,-65.179,-92.181,2.304
2012-05-04-18_31_23.432,60,0,22,0,2.259,-96.779,2.116
2012-05-04-18_31_23.433,60,0,22,0,2.298,-96.691,2.116
2012-05-04-18_31_23.434,60,0,22,0,2.188,-96.758,2.116
2012-05-04-18_31_23.434,60,1,22,0,-6.752,-96.794,2.016
2012-05-04-18_31_23.435,60,1,22,0,-6.825,-96.774,2.016
2012-05-04-18_31_23.437,60,1,22,0,-6.771,-96.707,2.016
2012-05-04-18_31_23.438,60,2,22,0,-15.706,-96.709,1.316
2012-05-04-18_31_23.438,60,2,22,0,-15.777,-96.688,1.316
2012-05-04-18_31_23.439,60,2,22,0,-15.715,-96.639,1.316
2012-05-04-18_31_23.440,60,3,22,0,-24.728,-96.792,1.816
2012-05-04-18_31_23.441,60,3,22,0,-24.688,-96.703,1.816
2012-05-04-18_31_23.442,60,3,22,0,-24.799,-96.770,1.816
2012-05-04-18_31_23.442,60,4,22,0,-33.725,-96.793,1.116
2012-05-04-18_31_23.443,60,4,22,0,-33.685,-96.705,1.116
2012-05-04-18_31_23.445,60,4,22,0,-33.795,-96.772,1.116
2012-05-04-18_31_23.446,60,5,22,0,-42.729,-96.790,1.616
2012-05-04-18_31_23.446,60,5,22,0,-42.678,-96.842,1.616
2012-05-04-18_31_23.447,60,5,22,0,-42.778,-96.809,1.616
2012-05-04-18_31_23.448,60,6,22,0,-51.770,-96.854,1.516
2012-05-04-18_31_23.449,60,6,22,0,-51.731,-96.765,1.516
2012-05-04-18_31_23.450,60,6,22,0,-51.680,-96.816,1.616
2012-05-04-18_31_23.451,60,7,22,0,-60.665,-96.790,2.316
2012-05-04-18_31_23.451,60,7,22,0,-60.735,-96.769,2.316
2012-05-04-18_31_23.452,60,7,22,0,-60.674,-96.720,2.316
2012-05-04-18_31_23.453,60,0,22,1,-2.194,-96.787,2.025
2012-05-04-18_31_23.455,60,0,22,1,-2.168,-96.690,2.025
2012-05-04-18_31_23.456,60,0,22,1,-2.267,-96.768,2.125
2012-05-04-18_31_23.456,60,1,22,1,-11.214,-96.793,2.025
2012-05-04-18_31_23.458,60,1,22,1,-11.343,-96.721,2.025
2012-05-04-18_31_23.459,60,1,22,1,-11.235,-96.707,2.025
2012-05-04-18_31_23.460,60,2,22,1,-20.158,-96.717,1.425
2012-05-04-18_31_23.461,60,2,22,1,-20.232,-96.698,1.425
2012-05-04-18_31_23.462,60,2,22,1,-20.236,-96.697,1.425
2012-05-04-18_31_23.463,60,3,22,1,-29.181,-96.799,1.525
2012-05-04-18_31_23.464,60,3,22,1,-29.155,-96.702,1.525
2012-05-04-18_31_23.465,60,3,22,1,-29.254,-96.781,1.525
2012-05-04-18_31_23.465,60,4,22,1,-38.177,-96.801,1.125
2012-05-04-18_31_23.467,60,4,22,1,-38.152,-96.704,1.125
2012-05-04-18_31_23.467,60,4,22,1,-38.250,-96.782,1.125
2012-05-04-18_31_23.468,60,5,22,1,-47.196,-96.790,1.625
2012-05-04-18_31_23.469,60,5,22,1,-47.281,-96.767,1.625
2012-05-04-18_31_23.470,60,5,22,1,-47.252,-96.792,1.625
2012-05-04-18_31_23.470,60,6,22,1,-56.223,-96.861,1.525
2012-05-04-18_31_23.472,60,6,22,1,-56.197,-96.764,1.625
2012-05-04-18_31_23.473,60,6,22,1,-56.296,-96.843,1.625
2012-05-04-18_31_23.474,60,7,22,1,-65.190,-96.779,2.325
2012-05-04-18_31_23.475,60,7,22,1,-65.195,-96.778,2.325
2012-05-04-18_31_23.476,60,7,22,1,-65.177,-96.678,2.325
2012-05-04-18_31_23.476,60,0,23,0,2.273,-101.278,2.040
2012-05-04-18_31_23.477,60,0,23,0,2.298,-101.189,2.040
2012-05-04-18_31_23.478,60,0,23,0,2.190,-101.254,2.140
2012-05-04-18_31_23.479,60,1,23,0,-6.755,-101.289,2.040
2012-05-04-18_31_23.480,60,1,23,0,-6.828,-101.269,1.940
2012-05-04-18_31_23.481,60,1,23,0,-6.771,-101.204,1.940
2012-05-04-18_31_23.481,60,2,23,0,-15.692,-101.208,1.340
2012-05-04-18_31_23.482,60,2,23,0,-15.775,-101.184,1.340
2012-05-04-18_31_23.483,60,2,23,0,-15.713,-101.139,1.340
2012-05-04-18_31_23.484,60,3,23,0,-24.714,-101.290,1.740
2012-05-04-18_31_23.484,60,3,23,0,-24.689,-101.202,1.740
2012-05-04-18_31_23.486,60,3,23,0,-24.797,-101.267,3.140
2012-05-04-18_31_23.486,60,4,23,0,-33.711,-101.292,1.040
2012-05-04-18_31_23.487,60,4,23,0,-33.685,-101.203,1.040
2012-05-04-18_31_23.488,60,4,23,0,-33.793,-101.268,1.040
2012-05-04-18_31_23.489,60,5,23,0,-42.729,-101.289,1.540
2012-05-04-18_31_23.490,60,5,23,0,-42.681,-101.337,1.540
2012-05-04-18_31_23.491,60,5,23,0,-42.776,-101.309,1.540
2012-05-04-18_31_23.491,60,6,23,0,-51.756,-101.352,1.540
2012-05-04-18_31_23.493,60,6,23,0,-51.731,-101.264,1.540
2012-05-04-18_31_23.494,60,6,23,0,-51.839,-101.329,1.440
2012-05-04-18_31_23.495,60,7,23,0,-60.651,-101.288,2.240
2012-05-04-18_31_23.495,60,7,23,0,-60.733,-101.265,13.140
2012-05-04-18_31_23.496,60,7,23,0,-60.672,-101.219,2.240
2012-05-04-18_31_23.497,60,0,23,1,-2.182,-101.276,2.140
2012-05-04-18_31_23.498,60,0,23,1,-2.164,-101.189,2.040
2012-05-04-18_31_23.498,60,0,23,1,-2.262,-101.265,2.040
2012-05-04-18_31_23.499,60,1,23,1,-11.210,-101.288,2.040
2012-05-04-18_31_23.500,60,1,23,1,-11.338,-101.221,2.040
2012-05-04-18_31_23.501,60,1,23,1,-11.236,-101.204,2.040
2012-05-04-18_31_23.502,60,2,23,1,-20.147,-101.206,1.340
2012-05-04-18_31_23.502,60,2,23,1,-20.227,-101.195,1.340
2012-05-04-18_31_23.503,60,2,23,1,-20.239,-101.193,1.340
2012-05-04-18_31_23.504,60,3,23,1,-29.169,-101.288,1.540
2012-05-04-18_31_23.505,60,3,23,1,-29.151,-101.202,1.640
2012-05-04-18_31_23.505,60,3,23,1,-29.249,-101.277,1.640
2012-05-04-18_31_23.506,60,4,23,1,-38.165,-101.290,1.140
2012-05-04-18_31_23.507,60,4,23,1,-38.148,-101.203,1.140
2012-05-04-18_31_23.508,60,4,23,1,-38.246,-101.279,1.040
2012-05-04-18_31_23.509,60,5,23,1,-47.191,-101.289,1.640
2012-05-04-18_31_23.509,60,5,23,1,-47.281,-101.265,1.640
2012-05-04-18_31_23.510,60,5,23,1,-47.252,-101.293,1.640
2012-05-04-18_31_23.511,60,6,23,1,-56.211,-101.351,1.540
2012-05-04-18_31_23.513,60,6,23,1,-56.193,-101.264,1.540
2012-05-04-18_31_23.514,60,6,23,1,-56.291,-101.339,1.540
2012-05-04-18_31_23.514,60,7,23,1,-65.186,-101.276,2.140
2012-05-04-18_31_23.515,60,7,23,1,-65.198,-101.274,2.140
2012-05-04-18_31_23.516,60,7,23,1,-65.178,-101.176,2.340
