2012-05-05-20_24_16.366,163,0,0,0,2.259,2.220,3.396
2012-05-05-20_24_16.367,163,1,0,0,-6.747,2.205,2.896
2012-05-05-20_24_16.367,163,2,0,0,-15.738,2.301,2.496
2012-05-05-20_24_16.372,163,3,0,0,-24.792,2.205,2.496
2012-05-05-20_24_16.372,163,4,0,0,-33.779,2.230,1.996
2012-05-05-20_24_16.373,163,5,0,0,-42.794,2.168,2.696
2012-05-05-20_24_16.373,163,6,0,0,-51.793,2.164,2.696
2012-05-05-20_24_16.374,163,7,0,0,-60.715,2.247,3.296
2012-05-05-20_24_16.375,163,0,0,1,-2.186,2.213,3.596
2012-05-05-20_24_16.376,163,1,0,1,-11.201,2.205,3.096
2012-05-05-20_24_16.376,163,2,0,1,-20.183,2.293,2.596
2012-05-05-20_24_16.377,163,3,0,1,-29.237,2.198,2.596
2012-05-05-20_24_16.377,163,4,0,1,-38.224,2.223,2.296
2012-05-05-20_24_16.378,163,5,0,1,-47.239,2.161,2.596
2012-05-05-20_24_16.379,163,6,0,1,-56.238,2.157,2.796
2012-05-05-20_24_16.380,163,7,0,1,-65.160,2.239,3.496
2012-05-05-20_24_16.381,163,0,1,0,2.271,-2.280,3.612
2012-05-05-20_24_16.382,163,1,1,0,-6.745,-2.290,3.112
2012-05-05-20_24_16.383,163,2,1,0,-15.726,-2.200,2.512
2012-05-05-20_24_16.384,163,3,1,0,-24.781,-2.295,2.812
2012-05-05-20_24_16.385,163,4,1,0,-33.768,-2.270,2.012
2012-05-05-20_24_16.386,163,5,1,0,-42.782,-2.332,2.512
2012-05-05-20_24_16.387,163,6,1,0,-51.781,-2.336,2.712
2012-05-05-20_24_16.388,163,7,1,0,-60.703,-2.254,3.312
2012-05-05-20_24_16.389,163,0,1,1,-2.186,-2.289,3.720
2012-05-05-20_24_16.390,163,1,1,1,-11.202,-2.289,3.119
2012-05-05-20_24_16.391,163,2,1,1,-20.183,-2.209,2.620
2012-05-05-20_24_16.392,163,3,1,1,-29.238,-2.304,2.520
2012-05-05-20_24_16.393,163,4,1,1,-38.225,-2.279,2.020
2012-05-05-20_24_16.394,163,5,1,1,-47.239,-2.342,2.520
2012-05-05-20_24_16.395,163,6,1,1,-56.238,-2.345,2.720
2012-05-05-20_24_16.395,163,7,1,1,-65.160,-2.263,3.420
2012-05-05-20_24_16.396,163,0,2,0,2.271,-6.784,3.628
2012-05-05-20_24_16.397,163,1,2,0,-6.743,-6.787,3.229
2012-05-05-20_24_16.398,163,2,2,0,-15.726,-6.704,2.628
2012-05-05-20_24_16.398,163,3,2,0,-24.781,-6.799,2.828
2012-05-05-20_24_16.400,163,4,2,0,-33.768,-6.774,2.128
2012-05-05-20_24_16.400,163,5,2,0,-42.783,-6.837,2.828
2012-05-05-20_24_16.401,163,6,2,0,-51.781,-6.840,2.828
2012-05-05-20_24_16.401,163,7,2,0,-60.703,-6.758,3.628
2012-05-05-20_24_16.403,163,0,2,1,-2.189,-6.792,3.637
2012-05-05-20_24_16.403,163,1,2,1,-11.202,-6.787,3.237
2012-05-05-20_24_16.404,163,2,2,1,-20.186,-6.712,2.637
2012-05-05-20_24_16.405,163,3,2,1,-29.241,-6.808,2.737
2012-05-05-20_24_16.406,163,4,2,1,-38.228,-6.783,2.337
2012-05-05-20_24_16.407,163,5,2,1,-47.242,-6.845,2.637
2012-05-05-20_24_16.408,163,6,2,1,-56.241,-6.848,2.737
2012-05-05-20_24_16.409,163,7,2,1,-65.163,-6.766,3.437
2012-05-05-20_24_16.409,163,0,3,0,2.270,-11.282,3.647
2012-05-05-20_24_16.411,163,1,3,0,-6.741,-11.285,3.247
2012-05-05-20_24_16.411,163,2,3,0,-15.727,-11.202,2.647
2012-05-05-20_24_16.412,163,3,3,0,-24.781,-11.297,2.847
2012-05-05-20_24_16.413,163,4,3,0,-33.769,-11.272,2.347
2012-05-05-20_24_16.416,163,5,3,0,-42.783,-11.335,2.847
2012-05-05-20_24_16.417,163,6,3,0,-51.782,-11.338,2.847
2012-05-05-20_24_16.418,163,7,3,0,-60.704,-11.256,3.347
2012-05-05-20_24_16.418,163,0,3,1,-2.189,-11.289,3.759
2012-05-05-20_24_16.419,163,1,3,1,-11.203,-11.285,3.159
2012-05-05-20_24_16.420,163,2,3,1,-20.186,-11.208,2.659
2012-05-05-20_24_16.422,163,3,3,1,-29.241,-11.304,2.659
2012-05-05-20_24_16.422,163,4,3,1,-38.228,-11.279,2.459
2012-05-05-20_24_16.423,163,5,3,1,-47.243,-11.341,2.659
2012-05-05-20_24_16.424,163,6,3,1,-56.241,-11.345,2.759
2012-05-05-20_24_16.425,163,7,3,1,-65.163,-11.262,3.359
2012-05-05-20_24_16.426,163,0,4,0,2.272,-15.782,3.673
2012-05-05-20_24_16.435,163,1,4,0,-6.739,-15.793,3.173
2012-05-05-20_24_16.438,163,2,4,0,-15.725,-15.702,2.573
2012-05-05-20_24_16.439,163,3,4,0,-24.779,-15.797,2.873
2012-05-05-20_24_16.440,163,4,4,0,-33.767,-15.772,2.073
2012-05-05-20_24_16.441,163,5,4,0,-42.781,-15.834,2.473
2012-05-05-20_24_16.441,163,6,4,0,-51.780,-15.838,2.673
2012-05-05-20_24_16.442,163,7,4,0,-60.702,-15.756,3.573
2012-05-05-20_24_16.443,163,0,4,1,-2.190,-15.788,3.682
2012-05-05-20_24_16.444,163,1,4,1,-11.206,-15.793,3.182
2012-05-05-20_24_16.444,163,2,4,1,-20.187,-15.708,2.682
2012-05-05-20_24_16.445,163,3,4,1,-29.242,-15.803,2.882
2012-05-05-20_24_16.446,163,4,4,1,-38.229,-15.778,2.082
2012-05-05-20_24_16.446,163,5,4,1,-47.243,-15.841,2.482
2012-05-05-20_24_16.447,163,6,4,1,-56.242,-15.844,2.682
2012-05-05-20_24_16.448,163,7,4,1,-65.164,-15.762,3.382
2012-05-05-20_24_16.448,163,0,5,0,2.270,-20.280,3.691
2012-05-05-20_24_16.449,163,1,5,0,-6.739,-20.297,3.191
2012-05-05-20_24_16.449,163,2,5,0,-15.728,-20.200,2.691
2012-05-05-20_24_16.450,163,3,5,0,-24.782,-20.295,2.791
2012-05-05-20_24_16.451,163,4,5,0,-33.769,-20.270,2.191
2012-05-05-20_24_16.451,163,5,5,0,-42.784,-20.333,2.591
2012-05-05-20_24_16.452,163,6,5,0,-51.783,-20.336,2.791
2012-05-05-20_24_16.453,163,7,5,0,-60.705,-20.254,3.291
2012-05-05-20_24_16.453,163,0,5,1,-2.185,-20.288,3.700
2012-05-05-20_24_16.454,163,1,5,1,-11.206,-20.296,3.100
2012-05-05-20_24_16.454,163,2,5,1,-20.182,-20.207,2.600
2012-05-05-20_24_16.455,163,3,5,1,-29.237,-20.303,2.700
2012-05-05-20_24_16.455,163,4,5,1,-38.224,-20.278,2.100
2012-05-05-20_24_16.456,163,5,5,1,-47.239,-20.340,2.600
2012-05-05-20_24_16.457,163,6,5,1,-56.237,-20.344,2.800
2012-05-05-20_24_16.457,163,7,5,1,-65.159,-20.261,3.500
2012-05-05-20_24_16.458,163,0,6,0,2.269,-24.780,3.710
2012-05-05-20_24_16.458,163,1,6,0,-6.737,-24.791,3.210
2012-05-05-20_24_16.459,163,2,6,0,-15.728,-24.700,2.710
2012-05-05-20_24_16.460,163,3,6,0,-24.783,-24.795,2.910
2012-05-05-20_24_16.460,163,4,6,0,-33.770,-24.770,2.010
2012-05-05-20_24_16.461,163,5,6,0,-42.784,-24.832,2.610
2012-05-05-20_24_16.462,163,6,6,0,-51.783,-24.836,2.810
2012-05-05-20_24_16.463,163,7,6,0,-60.705,-24.754,3.610
2012-05-05-20_24_16.463,163,0,6,1,-2.183,-24.789,3.722
2012-05-05-20_24_16.464,163,1,6,1,-11.209,-24.790,3.222
2012-05-05-20_24_16.464,163,2,6,1,-20.180,-24.709,2.622
2012-05-05-20_24_16.465,163,3,6,1,-29.235,-24.804,2.722
2012-05-05-20_24_16.466,163,4,6,1,-38.222,-24.779,2.122
2012-05-05-20_24_16.467,163,5,6,1,-47.237,-24.842,2.622
2012-05-05-20_24_16.468,163,6,6,1,-56.235,-24.845,2.922
2012-05-05-20_24_16.468,163,7,6,1,-65.157,-24.763,3.522
2012-05-05-20_24_16.469,163,0,7,0,2.269,-29.284,3.635
2012-05-05-20_24_16.470,163,1,7,0,-6.740,-29.287,3.135
2012-05-05-20_24_16.470,163,2,7,0,-15.728,-29.204,2.735
2012-05-05-20_24_16.471,163,3,7,0,-24.783,-29.299,2.935
2012-05-05-20_24_16.472,163,4,7,0,-33.770,-29.274,2.435
2012-05-05-20_24_16.472,163,5,7,0,-42.785,-29.337,2.635
2012-05-05-20_24_16.473,163,6,7,0,-51.784,-29.340,2.935
2012-05-05-20_24_16.474,163,7,7,0,-60.705,-29.258,3.535
2012-05-05-20_24_16.475,163,0,7,1,-2.184,-29.291,3.745
2012-05-05-20_24_16.476,163,1,7,1,-11.209,-29.287,3.245
2012-05-05-20_24_16.476,163,2,7,1,-20.181,-29.210,2.745
2012-05-05-20_24_16.477,163,3,7,1,-29.235,-29.306,2.845
2012-05-05-20_24_16.478,163,4,7,1,-38.223,-29.281,2.245
2012-05-05-20_24_16.478,163,5,7,1,-47.237,-29.343,2.745
2012-05-05-20_24_16.480,163,6,7,1,-56.236,-29.347,2.845
2012-05-05-20_24_16.481,163,7,7,1,-65.158,-29.264,3.645
2012-05-05-20_24_16.481,163,0,8,0,2.273,-33.783,3.654
2012-05-05-20_24_16.482,163,1,8,0,-6.743,-33.785,3.254
2012-05-05-20_24_16.483,163,2,8,0,-15.724,-33.703,2.654
2012-05-05-20_24_16.484,163,3,8,0,-24.779,-33.798,2.854
2012-05-05-20_24_16.484,163,4,8,0,-33.766,-33.773,2.454
2012-05-05-20_24_16.485,163,5,8,0,-42.780,-33.835,2.654
2012-05-05-20_24_16.486,163,6,8,0,-51.779,-33.839,2.954
2012-05-05-20_24_16.487,163,7,8,0,-60.701,-33.757,3.554
2012-05-05-20_24_16.487,163,0,8,1,-2.184,-33.788,3.763
2012-05-05-20_24_16.488,163,1,8,1,-11.214,-33.785,3.262
2012-05-05-20_24_16.488,163,2,8,1,-20.181,-33.707,2.663
2012-05-05-20_24_16.489,163,3,8,1,-29.236,-33.803,2.963
2012-05-05-20_24_16.490,163,4,8,1,-38.223,-33.778,2.463
2012-05-05-20_24_16.491,163,5,8,1,-47.238,-33.840,2.663
2012-05-05-20_24_16.491,163,6,8,1,-56.236,-33.844,2.963
2012-05-05-20_24_16.492,163,7,8,1,-65.158,-33.761,3.563
2012-05-05-20_24_16.493,163,0,9,0,2.275,-38.282,3.773
2012-05-05-20_24_16.493,163,1,9,0,-6.746,-38.292,3.373
2012-05-05-20_24_16.494,163,2,9,0,-15.722,-38.202,2.773
2012-05-05-20_24_16.495,163,3,9,0,-24.777,-38.298,2.973
2012-05-05-20_24_16.495,163,4,9,0,-33.764,-38.272,2.273
2012-05-05-20_24_16.496,163,5,9,0,-42.778,-38.335,2.673
2012-05-05-20_24_16.496,163,6,9,0,-51.777,-38.338,2.873
2012-05-05-20_24_16.497,163,7,9,0,-60.699,-38.256,3.473
2012-05-05-20_24_16.498,163,0,9,1,-2.185,-38.288,3.685
2012-05-05-20_24_16.499,163,1,9,1,-11.210,-38.292,3.085
2012-05-05-20_24_16.499,163,2,9,1,-20.182,-38.208,2.785
2012-05-05-20_24_16.500,163,3,9,1,-29.236,-38.303,2.785
2012-05-05-20_24_16.501,163,4,9,1,-38.223,-38.278,2.285
2012-05-05-20_24_16.501,163,5,9,1,-47.238,-38.341,2.685
2012-05-05-20_24_16.502,163,6,9,1,-56.237,-38.344,2.885
2012-05-05-20_24_16.502,163,7,9,1,-65.159,-38.262,3.585
2012-05-05-20_24_16.503,163,0,10,0,2.277,-42.780,3.698
2012-05-05-20_24_16.504,163,1,10,0,-6.748,-42.795,3.298
2012-05-05-20_24_16.504,163,2,10,0,-15.720,-42.699,2.798
2012-05-05-20_24_16.505,163,3,10,0,-24.775,-42.795,2.998
2012-05-05-20_24_16.505,163,4,10,0,-33.762,-42.770,2.198
2012-05-05-20_24_16.506,163,5,10,0,-42.776,-42.832,2.698
2012-05-05-20_24_16.507,163,6,10,0,-51.775,-42.836,2.998
2012-05-05-20_24_16.509,163,7,10,0,-60.697,-42.753,3.498
2012-05-05-20_24_16.510,163,0,10,1,-2.187,-42.787,3.808
2012-05-05-20_24_16.511,163,1,10,1,-11.213,-42.795,3.208
2012-05-05-20_24_16.512,163,2,10,1,-20.184,-42.707,2.708
2012-05-05-20_24_16.512,163,3,10,1,-29.239,-42.803,3.008
2012-05-05-20_24_16.513,163,4,10,1,-38.226,-42.777,2.408
2012-05-05-20_24_16.513,163,5,10,1,-47.241,-42.840,2.708
2012-05-05-20_24_16.514,163,6,10,1,-56.240,-42.843,3.008
2012-05-05-20_24_16.515,163,7,10,1,-65.162,-42.761,3.508
2012-05-05-20_24_16.515,163,0,11,0,2.277,-47.280,3.717
2012-05-05-20_24_16.516,163,1,11,0,-6.749,-47.291,3.317
2012-05-05-20_24_16.517,163,2,11,0,-15.720,-47.200,2.717
2012-05-05-20_24_16.517,163,3,11,0,-24.775,-47.295,3.017
2012-05-05-20_24_16.518,163,4,11,0,-33.762,-47.270,2.317
2012-05-05-20_24_16.519,163,5,11,0,-42.777,-47.332,2.717
2012-05-05-20_24_16.519,163,6,11,0,-51.775,-47.336,3.017
2012-05-05-20_24_16.520,163,7,11,0,-60.697,-47.254,3.517
2012-05-05-20_24_16.520,163,0,11,1,-2.190,-47.289,3.826
2012-05-05-20_24_16.521,163,1,11,1,-11.213,-47.290,3.326
2012-05-05-20_24_16.523,163,2,11,1,-20.187,-47.209,2.726
2012-05-05-20_24_16.523,163,3,11,1,-29.242,-47.304,2.826
2012-05-05-20_24_16.524,163,4,11,1,-38.229,-47.279,2.526
2012-05-05-20_24_16.525,163,5,11,1,-47.244,-47.341,2.826
2012-05-05-20_24_16.526,163,6,11,1,-56.242,-47.345,3.026
2012-05-05-20_24_16.527,163,7,11,1,-65.164,-47.263,3.626
2012-05-05-20_24_16.527,163,0,12,0,2.276,-51.784,3.636
2012-05-05-20_24_16.528,163,1,12,0,-6.752,-51.788,3.336
2012-05-05-20_24_16.529,163,2,12,0,-15.721,-51.704,2.836
2012-05-05-20_24_16.529,163,3,12,0,-24.776,-51.799,2.936
2012-05-05-20_24_16.530,163,4,12,0,-33.763,-51.774,2.236
2012-05-05-20_24_16.531,163,5,12,0,-42.777,-51.837,2.736
2012-05-05-20_24_16.531,163,6,12,0,-51.776,-51.840,2.936
2012-05-05-20_24_16.532,163,7,12,0,-60.698,-51.758,3.536
2012-05-05-20_24_16.532,163,0,12,1,-2.191,-51.792,3.849
2012-05-05-20_24_16.533,163,1,12,1,-11.211,-51.787,3.349
2012-05-05-20_24_16.533,163,2,12,1,-20.188,-51.712,2.749
2012-05-05-20_24_16.534,163,3,12,1,-29.242,-51.807,2.749
2012-05-05-20_24_16.534,163,4,12,1,-38.230,-51.782,2.549
2012-05-05-20_24_16.535,163,5,12,1,-47.244,-51.844,2.749
2012-05-05-20_24_16.536,163,6,12,1,-56.243,-51.848,3.049
2012-05-05-20_24_16.536,163,7,12,1,-65.165,-51.766,3.649
2012-05-05-20_24_16.537,163,0,13,0,2.276,-56.282,3.762
2012-05-05-20_24_16.538,163,1,13,0,-6.752,-56.285,3.362
2012-05-05-20_24_16.539,163,2,13,0,-15.721,-56.202,2.762
2012-05-05-20_24_16.539,163,3,13,0,-24.776,-56.297,2.962
2012-05-05-20_24_16.540,163,4,13,0,-33.763,-56.272,2.262
2012-05-05-20_24_16.541,163,5,13,0,-42.778,-56.335,2.762
2012-05-05-20_24_16.542,163,6,13,0,-51.776,-56.338,2.862
2012-05-05-20_24_16.542,163,7,13,0,-60.698,-56.256,3.462
2012-05-05-20_24_16.543,163,0,13,1,-2.194,-56.288,3.872
2012-05-05-20_24_16.544,163,1,13,1,-11.212,-56.285,3.371
2012-05-05-20_24_16.544,163,2,13,1,-20.191,-56.208,2.772
2012-05-05-20_24_16.545,163,3,13,1,-29.245,-56.303,2.772
2012-05-05-20_24_16.545,163,4,13,1,-38.232,-56.278,2.272
2012-05-05-20_24_16.546,163,5,13,1,-47.247,-56.341,2.772
2012-05-05-20_24_16.546,163,6,13,1,-56.246,-56.344,2.972
2012-05-05-20_24_16.547,163,7,13,1,-65.168,-56.262,3.672
2012-05-05-20_24_16.547,163,0,14,0,2.275,-60.782,3.879
2012-05-05-20_24_16.548,163,1,14,0,-6.753,-60.792,3.379
2012-05-05-20_24_16.548,163,2,14,0,-15.722,-60.701,2.779
2012-05-05-20_24_16.549,163,3,14,0,-24.776,-60.797,3.079
2012-05-05-20_24_16.550,163,4,14,0,-33.763,-60.772,2.479
2012-05-05-20_24_16.550,163,5,14,0,-42.778,-60.834,2.779
2012-05-05-20_24_16.551,163,6,14,0,-51.777,-60.838,2.979
2012-05-05-20_24_16.551,163,7,14,0,-60.699,-60.755,3.579
2012-05-05-20_24_16.552,163,0,14,1,-2.196,-60.788,3.888
2012-05-05-20_24_16.552,163,1,14,1,-11.210,-60.793,3.388
2012-05-05-20_24_16.553,163,2,14,1,-20.194,-60.708,2.788
2012-05-05-20_24_16.553,163,3,14,1,-29.248,-60.804,2.888
2012-05-05-20_24_16.554,163,4,14,1,-38.235,-60.779,2.588
2012-05-05-20_24_16.555,163,5,14,1,-47.250,-60.841,2.888
2012-05-05-20_24_16.555,163,6,14,1,-56.249,-60.844,3.088
2012-05-05-20_24_16.556,163,7,14,1,-65.171,-60.762,3.688
2012-05-05-20_24_16.557,163,0,15,0,2.273,-65.280,3.897
2012-05-05-20_24_16.557,163,1,15,0,-6.751,-65.296,3.397
2012-05-05-20_24_16.558,163,2,15,0,-15.725,-65.200,2.797
2012-05-05-20_24_16.558,163,3,15,0,-24.779,-65.295,2.997
2012-05-05-20_24_16.559,163,4,15,0,-33.766,-65.270,2.497
2012-05-05-20_24_16.559,163,5,15,0,-42.781,-65.333,2.797
2012-05-05-20_24_16.560,163,6,15,0,-51.780,-65.336,2.897
2012-05-05-20_24_16.562,163,7,15,0,-60.702,-65.254,3.497
2012-05-05-20_24_16.563,163,0,15,1,-2.197,-65.287,3.910
2012-05-05-20_24_16.563,163,1,15,1,-11.210,-65.295,3.410
2012-05-05-20_24_16.564,163,2,15,1,-20.194,-65.206,2.810
2012-05-05-20_24_16.564,163,3,15,1,-29.249,-65.302,2.810
2012-05-05-20_24_16.565,163,4,15,1,-38.236,-65.277,2.410
2012-05-05-20_24_16.565,163,5,15,1,-47.250,-65.339,2.810
2012-05-05-20_24_16.566,163,6,15,1,-56.249,-65.343,3.010
2012-05-05-20_24_16.566,163,7,15,1,-65.171,-65.260,3.610
2012-05-05-20_24_16.567,163,0,16,0,2.270,-69.779,3.923
2012-05-05-20_24_16.568,163,1,16,0,-6.749,-69.790,3.423
2012-05-05-20_24_16.568,163,2,16,0,-15.727,-69.699,2.823
2012-05-05-20_24_16.569,163,3,16,0,-24.782,-69.795,3.023
2012-05-05-20_24_16.569,163,4,16,0,-33.769,-69.770,2.323
2012-05-05-20_24_16.570,163,5,16,0,-42.784,-69.832,2.823
2012-05-05-20_24_16.571,163,6,16,0,-51.782,-69.836,2.923
2012-05-05-20_24_16.572,163,7,16,0,-60.704,-69.753,3.523
2012-05-05-20_24_16.572,163,0,16,1,-2.195,-69.789,3.834
2012-05-05-20_24_16.573,163,1,16,1,-11.208,-69.789,3.433
2012-05-05-20_24_16.574,163,2,16,1,-20.192,-69.708,2.834
2012-05-05-20_24_16.574,163,3,16,1,-29.247,-69.804,2.834
2012-05-05-20_24_16.576,163,4,16,1,-38.234,-69.779,2.434
2012-05-05-20_24_16.577,163,5,16,1,-47.248,-69.841,2.734
2012-05-05-20_24_16.578,163,6,16,1,-56.247,-69.845,2.934
2012-05-05-20_24_16.578,163,7,16,1,-65.169,-69.762,3.634
2012-05-05-20_24_16.579,163,0,17,0,2.267,-74.284,3.842
2012-05-05-20_24_16.580,163,1,17,0,-6.749,-74.287,3.442
2012-05-05-20_24_16.580,163,2,17,0,-15.730,-74.204,2.842
2012-05-05-20_24_16.581,163,3,17,0,-24.785,-74.299,3.042
2012-05-05-20_24_16.582,163,4,17,0,-33.772,-74.274,2.342
2012-05-05-20_24_16.582,163,5,17,0,-42.787,-74.336,2.842
2012-05-05-20_24_16.584,163,6,17,0,-51.785,-74.340,2.942
2012-05-05-20_24_16.584,163,7,17,0,-60.707,-74.258,3.542
2012-05-05-20_24_16.585,163,0,17,1,-2.193,-74.291,3.952
2012-05-05-20_24_16.585,163,1,17,1,-11.211,-74.287,3.451
2012-05-05-20_24_16.586,163,2,17,1,-20.190,-74.211,2.852
2012-05-05-20_24_16.587,163,3,17,1,-29.245,-74.306,2.852
2012-05-05-20_24_16.587,163,4,17,1,-38.232,-74.281,2.352
2012-05-05-20_24_16.588,163,5,17,1,-47.246,-74.344,2.752
2012-05-05-20_24_16.589,163,6,17,1,-56.245,-74.347,2.952
2012-05-05-20_24_16.589,163,7,17,1,-65.167,-74.265,3.752
2012-05-05-20_24_16.590,163,0,18,0,2.266,-78.782,3.862
2012-05-05-20_24_16.591,163,1,18,0,-6.747,-78.785,3.462
2012-05-05-20_24_16.591,163,2,18,0,-15.731,-78.702,2.862
2012-05-05-20_24_16.592,163,3,18,0,-24.785,-78.797,3.062
2012-05-05-20_24_16.593,163,4,18,0,-33.772,-78.772,2.462
2012-05-05-20_24_16.593,163,5,18,0,-42.787,-78.835,2.762
2012-05-05-20_24_16.594,163,6,18,0,-51.786,-78.838,2.962
2012-05-05-20_24_16.594,163,7,18,0,-60.708,-78.756,3.662
2012-05-05-20_24_16.595,163,0,18,1,-2.193,-78.788,3.875
2012-05-05-20_24_16.595,163,1,18,1,-11.211,-78.785,3.475
2012-05-05-20_24_16.596,163,2,18,1,-20.190,-78.708,2.875
2012-05-05-20_24_16.596,163,3,18,1,-29.245,-78.803,3.075
2012-05-05-20_24_16.597,163,4,18,1,-38.232,-78.778,2.275
2012-05-05-20_24_16.598,163,5,18,1,-47.247,-78.841,2.875
2012-05-05-20_24_16.598,163,6,18,1,-56.245,-78.844,2.975
2012-05-05-20_24_16.599,163,7,18,1,-65.167,-78.762,3.775
2012-05-05-20_24_16.600,163,0,19,0,2.264,-83.282,3.887
2012-05-05-20_24_16.600,163,1,19,0,-6.747,-83.292,3.487
2012-05-05-20_24_16.601,163,2,19,0,-15.734,-83.201,2.887
2012-05-05-20_24_16.602,163,3,19,0,-24.788,-83.297,3.187
2012-05-05-20_24_16.603,163,4,19,0,-33.775,-83.272,2.287
2012-05-05-20_24_16.604,163,5,19,0,-42.790,-83.334,2.887
2012-05-05-20_24_16.604,163,6,19,0,-51.789,-83.338,2.987
2012-05-05-20_24_16.605,163,7,19,0,-60.711,-83.255,3.687
2012-05-05-20_24_16.605,163,0,19,1,-2.191,-83.288,3.897
2012-05-05-20_24_16.606,163,1,19,1,-11.214,-83.292,3.497
2012-05-05-20_24_16.607,163,2,19,1,-20.188,-83.208,2.997
2012-05-05-20_24_16.607,163,3,19,1,-29.243,-83.303,2.897
2012-05-05-20_24_16.608,163,4,19,1,-38.230,-83.278,2.597
2012-05-05-20_24_16.608,163,5,19,1,-47.245,-83.340,2.897
2012-05-05-20_24_16.609,163,6,19,1,-56.243,-83.344,3.097
2012-05-05-20_24_16.610,163,7,19,1,-65.165,-83.262,3.797
2012-05-05-20_24_16.611,163,0,20,0,2.266,-87.780,3.905
2012-05-05-20_24_16.611,163,1,20,0,-6.748,-87.795,3.405
2012-05-05-20_24_16.612,163,2,20,0,-15.732,-87.700,2.905
2012-05-05-20_24_16.613,163,3,20,0,-24.786,-87.795,3.105
2012-05-05-20_24_16.613,163,4,20,0,-33.773,-87.770,2.505
2012-05-05-20_24_16.614,163,5,20,0,-42.788,-87.832,2.905
2012-05-05-20_24_16.615,163,6,20,0,-51.787,-87.836,2.905
2012-05-05-20_24_16.616,163,7,20,0,-60.709,-87.754,3.805
2012-05-05-20_24_16.616,163,0,20,1,-2.192,-87.788,4.014
2012-05-05-20_24_16.617,163,1,20,1,-11.212,-87.795,3.414
2012-05-05-20_24_16.618,163,2,20,1,-20.189,-87.707,2.914
2012-05-05-20_24_16.618,163,3,20,1,-29.243,-87.803,3.014
2012-05-05-20_24_16.619,163,4,20,1,-38.230,-87.778,2.614
2012-05-05-20_24_16.620,163,5,20,1,-47.245,-87.840,2.914
2012-05-05-20_24_16.620,163,6,20,1,-56.244,-87.844,3.114
2012-05-05-20_24_16.621,163,7,20,1,-65.166,-87.761,3.814
2012-05-05-20_24_16.622,163,0,21,0,2.268,-92.280,4.024
2012-05-05-20_24_16.622,163,1,21,0,-6.751,-92.290,3.524
2012-05-05-20_24_16.623,163,2,21,0,-15.729,-92.200,3.024
2012-05-05-20_24_16.624,163,3,21,0,-24.784,-92.295,3.024
2012-05-05-20_24_16.625,163,4,21,0,-33.771,-92.270,2.524
2012-05-05-20_24_16.625,163,5,21,0,-42.786,-92.332,2.924
2012-05-05-20_24_16.626,163,6,21,0,-51.785,-92.336,3.024
2012-05-05-20_24_16.627,163,7,21,0,-60.706,-92.254,3.624
2012-05-05-20_24_16.627,163,0,21,1,-2.192,-92.290,4.037
2012-05-05-20_24_16.628,163,1,21,1,-11.213,-92.290,3.337
2012-05-05-20_24_16.629,163,2,21,1,-20.189,-92.210,2.937
2012-05-05-20_24_16.629,163,3,21,1,-29.244,-92.305,2.937
2012-05-05-20_24_16.630,163,4,21,1,-38.231,-92.280,2.437
2012-05-05-20_24_16.630,163,5,21,1,-47.246,-92.342,2.937
2012-05-05-20_24_16.631,163,6,21,1,-56.244,-92.346,3.037
2012-05-05-20_24_16.632,163,7,21,1,-65.166,-92.264,3.837
2012-05-05-20_24_16.632,163,0,22,0,2.267,-96.783,3.950
2012-05-05-20_24_16.633,163,1,22,0,-6.751,-96.788,3.550
2012-05-05-20_24_16.634,163,2,22,0,-15.730,-96.703,2.950
2012-05-05-20_24_16.635,163,3,22,0,-24.785,-96.799,3.150
2012-05-05-20_24_16.636,163,4,22,0,-33.772,-96.774,2.550
2012-05-05-20_24_16.637,163,5,22,0,-42.786,-96.836,2.850
2012-05-05-20_24_16.638,163,6,22,0,-51.785,-96.840,3.150
2012-05-05-20_24_16.639,163,7,22,0,-60.707,-96.757,3.750
2012-05-05-20_24_16.640,163,0,22,1,-2.190,-96.792,3.958
2012-05-05-20_24_16.641,163,1,22,1,-11.213,-96.787,3.558
2012-05-05-20_24_16.641,163,2,22,1,-20.187,-96.712,2.958
2012-05-05-20_24_16.642,163,3,22,1,-29.242,-96.808,2.958
2012-05-05-20_24_16.643,163,4,22,1,-38.229,-96.783,2.658
2012-05-05-20_24_16.644,163,5,22,1,-47.244,-96.845,2.958
2012-05-05-20_24_16.644,163,6,22,1,-56.242,-96.848,3.158
2012-05-05-20_24_16.645,163,7,22,1,-65.164,-96.766,3.858
2012-05-05-20_24_16.646,163,0,23,0,2.269,-101.281,4.068
2012-05-05-20_24_16.650,163,1,23,0,-6.754,-101.286,3.568
2012-05-05-20_24_16.651,163,2,23,0,-15.728,-101.201,2.968
2012-05-05-20_24_16.652,163,3,23,0,-24.783,-101.297,3.268
2012-05-05-20_24_16.652,163,4,23,0,-33.770,-101.272,2.668
2012-05-05-20_24_16.653,163,5,23,0,-42.784,-101.334,2.868
2012-05-05-20_24_16.654,163,6,23,0,-51.783,-101.338,2.968
2012-05-05-20_24_16.654,163,7,23,0,-60.705,-101.255,3.668
2012-05-05-20_24_16.655,163,0,23,1,-2.183,-101.280,3.968
2012-05-05-20_24_16.656,163,1,23,1,-11.211,-101.286,3.568
2012-05-05-20_24_16.657,163,2,23,1,-20.180,-101.200,2.968
2012-05-05-20_24_16.657,163,3,23,1,-29.235,-101.296,2.968
2012-05-05-20_24_16.658,163,4,23,1,-38.222,-101.271,2.568
2012-05-05-20_24_16.659,163,5,23,1,-47.237,-101.333,2.968
2012-05-05-20_24_16.659,163,6,23,1,-56.235,-101.336,3.068
2012-05-05-20_24_16.660,163,7,23,1,-65.157,-101.254,3.868
