2012-05-05-05_38_21.862,240,0,0,0,2.256,2.217,1.665
2012-05-05-05_38_21.864,240,0,0,0,2.291,2.304,1.665
2012-05-05-05_38_21.866,240,0,0,0,2.195,2.246,1.565
2012-05-05-05_38_21.890,240,1,0,0,-6.755,2.207,2.065
2012-05-05-05_38_21.893,240,1,0,0,-6.833,2.233,2.065
2012-05-05-05_38_21.894,240,1,0,0,-6.774,2.285,2.065
2012-05-05-05_38_21.895,240,2,0,0,-15.709,2.287,1.765
2012-05-05-05_38_21.895,240,2,0,0,-15.770,2.316,1.765
2012-05-05-05_38_21.896,240,2,0,0,-15.713,2.361,1.765
2012-05-05-05_38_21.897,240,3,0,0,-24.731,2.204,2.565
2012-05-05-05_38_21.898,240,3,0,0,-24.696,2.292,2.565
2012-05-05-05_38_21.900,240,3,0,0,-24.792,2.234,2.565
2012-05-05-05_38_21.901,240,4,0,0,-33.728,2.203,1.665
2012-05-05-05_38_21.913,240,4,0,0,-33.693,2.290,1.565
2012-05-05-05_38_21.914,240,4,0,0,-33.788,2.232,1.665
2012-05-05-05_38_21.914,240,5,0,0,-42.737,2.204,1.865
2012-05-05-05_38_21.915,240,5,0,0,-42.686,2.165,1.965
2012-05-05-05_38_21.916,240,5,0,0,-42.776,2.191,1.965
2012-05-05-05_38_21.917,240,6,0,0,-51.773,2.142,1.465
2012-05-05-05_38_21.918,240,6,0,0,-51.738,2.230,1.465
2012-05-05-05_38_21.919,240,6,0,0,-51.834,2.172,1.365
2012-05-05-05_38_21.920,240,7,0,0,-60.668,2.206,3.165
2012-05-05-05_38_21.921,240,7,0,0,-60.729,2.235,2.465
2012-05-05-05_38_21.922,240,7,0,0,-60.672,2.280,2.365
2012-05-05-05_38_21.923,240,0,0,1,-2.189,2.210,2.165
2012-05-05-05_38_21.924,240,0,0,1,-2.164,2.305,2.165
2012-05-05-05_38_21.924,240,0,0,1,-2.260,2.232,2.265
2012-05-05-05_38_21.925,240,1,0,1,-11.205,2.207,7.165
2012-05-05-05_38_21.926,240,1,0,1,-11.338,2.273,2.365
2012-05-05-05_38_21.927,240,1,0,1,-11.229,2.286,2.365
2012-05-05-05_38_21.928,240,2,0,1,-20.154,2.280,1.765
2012-05-05-05_38_21.928,240,2,0,1,-20.225,2.302,1.865
2012-05-05-05_38_21.929,240,2,0,1,-20.230,2.303,1.765
2012-05-05-05_38_21.930,240,3,0,1,-29.176,2.197,2.765
2012-05-05-05_38_21.931,240,3,0,1,-29.151,2.293,2.865
2012-05-05-05_38_21.932,240,3,0,1,-29.247,2.220,2.865
2012-05-05-05_38_21.933,240,4,0,1,-38.173,2.196,2.465
2012-05-05-05_38_21.934,240,4,0,1,-38.148,2.291,2.365
2012-05-05-05_38_21.935,240,4,0,1,-38.243,2.218,2.365
2012-05-05-05_38_21.936,240,5,0,1,-47.191,2.205,0.965
2012-05-05-05_38_21.936,240,5,0,1,-47.272,2.227,0.965
2012-05-05-05_38_21.937,240,5,0,1,-47.245,2.203,1.065
2012-05-05-05_38_21.938,240,6,0,1,-56.218,2.135,2.165
2012-05-05-05_38_21.938,240,6,0,1,-56.193,2.230,2.065
2012-05-05-05_38_21.941,240,6,0,1,-56.289,2.158,2.065
2012-05-05-05_38_21.942,240,7,0,1,-65.183,2.221,1.665
2012-05-05-05_38_21.943,240,7,0,1,-65.188,2.222,1.565
2012-05-05-05_38_21.943,240,7,0,1,-65.168,2.316,1.665
2012-05-05-05_38_21.944,240,0,1,0,2.270,-2.283,1.778
2012-05-05-05_38_21.944,240,0,1,0,2.295,-2.189,1.778
2012-05-05-05_38_21.945,240,0,1,0,2.195,-2.259,1.778
2012-05-05-05_38_21.945,240,1,1,0,-6.750,-2.295,1.478
2012-05-05-05_38_21.946,240,1,1,0,-6.831,-2.268,1.478
2012-05-05-05_38_21.947,240,1,1,0,-6.772,-2.209,1.478
2012-05-05-05_38_21.948,240,2,1,0,-15.695,-2.213,1.078
2012-05-05-05_38_21.949,240,2,1,0,-15.770,-2.189,0.978
2012-05-05-05_38_21.949,240,2,1,0,-15.746,-2.198,0.978
2012-05-05-05_38_21.950,240,3,1,0,-24.717,-2.295,1.178
2012-05-05-05_38_21.951,240,3,1,0,-24.692,-2.201,1.178
2012-05-05-05_38_21.952,240,3,1,0,-24.792,-2.271,1.178
2012-05-05-05_38_21.952,240,4,1,0,-33.713,-2.297,0.478
2012-05-05-05_38_21.953,240,4,1,0,-33.688,-2.203,0.478
2012-05-05-05_38_21.954,240,4,1,0,-33.789,-2.273,0.378
2012-05-05-05_38_21.955,240,5,1,0,-42.732,-2.289,1.178
2012-05-05-05_38_21.955,240,5,1,0,-42.684,-2.336,1.178
2012-05-05-05_38_21.956,240,5,1,0,-42.779,-2.304,1.178
2012-05-05-05_38_21.957,240,6,1,0,-51.759,-2.358,0.878
2012-05-05-05_38_21.958,240,6,1,0,-51.734,-2.264,0.778
2012-05-05-05_38_21.959,240,6,1,0,-51.834,-2.333,0.778
2012-05-05-05_38_21.959,240,7,1,0,-60.654,-2.294,1.678
2012-05-05-05_38_21.960,240,7,1,0,-60.729,-2.270,1.678
2012-05-05-05_38_21.961,240,7,1,0,-60.675,-2.215,1.678
2012-05-05-05_38_21.962,240,0,1,1,-2.190,-2.289,1.788
2012-05-05-05_38_21.963,240,0,1,1,-2.164,-2.189,1.688
2012-05-05-05_38_21.964,240,0,1,1,-2.260,-2.271,1.688
2012-05-05-05_38_21.965,240,1,1,1,-11.203,-2.295,1.188
2012-05-05-05_38_21.965,240,1,1,1,-11.339,-2.221,1.188
2012-05-05-05_38_21.966,240,1,1,1,-11.227,-2.209,1.188
2012-05-05-05_38_21.967,240,2,1,1,-20.154,-2.219,0.688
2012-05-05-05_38_21.968,240,2,1,1,-20.225,-2.201,0.688
2012-05-05-05_38_21.968,240,2,1,1,-20.230,-2.200,0.788
2012-05-05-05_38_21.969,240,3,1,1,-29.177,-2.301,0.988
2012-05-05-05_38_21.970,240,3,1,1,-29.151,-2.201,0.888
2012-05-05-05_38_21.971,240,3,1,1,-29.247,-2.283,0.988
2012-05-05-05_38_21.973,240,4,1,1,-38.173,-2.303,0.688
2012-05-05-05_38_21.974,240,4,1,1,-38.148,-2.203,0.588
2012-05-05-05_38_21.974,240,4,1,1,-38.244,-2.285,0.588
2012-05-05-05_38_21.975,240,5,1,1,-47.192,-2.289,0.988
2012-05-05-05_38_21.976,240,5,1,1,-47.275,-2.269,0.888
2012-05-05-05_38_21.976,240,5,1,1,-47.245,-2.292,0.988
2012-05-05-05_38_21.977,240,6,1,1,-56.219,-2.363,0.988
2012-05-05-05_38_21.978,240,6,1,1,-56.193,-2.264,0.988
2012-05-05-05_38_21.979,240,6,1,1,-56.289,-2.346,0.888
2012-05-05-05_38_21.980,240,7,1,1,-65.184,-2.282,1.488
2012-05-05-05_38_21.981,240,7,1,1,-65.189,-2.281,1.488
2012-05-05-05_38_21.981,240,7,1,1,-65.171,-2.180,1.688
2012-05-05-05_38_21.982,240,0,2,0,2.260,-6.780,1.802
2012-05-05-05_38_21.983,240,0,2,0,2.295,-6.689,1.802
2012-05-05-05_38_21.983,240,0,2,0,2.197,-6.759,5.302
2012-05-05-05_38_21.984,240,1,2,0,-6.748,-6.793,1.602
2012-05-05-05_38_21.985,240,1,2,0,-6.829,-6.773,1.702
2012-05-05-05_38_21.986,240,1,2,0,-6.770,-6.706,1.702
2012-05-05-05_38_21.986,240,2,2,0,-15.705,-6.710,0.902
2012-05-05-05_38_21.987,240,2,2,0,-15.768,-6.689,1.002
2012-05-05-05_38_21.988,240,2,2,0,-15.712,-6.638,1.002
2012-05-05-05_38_21.990,240,3,2,0,-24.727,-6.792,1.402
2012-05-05-05_38_21.991,240,3,2,0,-24.692,-6.701,1.402
2012-05-05-05_38_21.991,240,3,2,0,-24.790,-6.771,2.702
2012-05-05-05_38_21.992,240,4,2,0,-33.724,-6.794,0.702
2012-05-05-05_38_21.993,240,4,2,0,-33.689,-6.703,0.702
2012-05-05-05_38_21.993,240,4,2,0,-33.787,-6.773,0.702
2012-05-05-05_38_21.995,240,5,2,0,-42.733,-6.789,1.002
2012-05-05-05_38_21.996,240,5,2,0,-42.682,-6.841,1.002
2012-05-05-05_38_21.997,240,5,2,0,-42.774,-6.808,0.902
2012-05-05-05_38_21.997,240,6,2,0,-51.769,-6.855,1.102
2012-05-05-05_38_21.998,240,6,2,0,-51.734,-6.764,1.102
2012-05-05-05_38_21.999,240,6,2,0,-51.832,-6.833,1.102
2012-05-05-05_38_21.999,240,7,2,0,-60.664,-6.791,1.602
2012-05-05-05_38_22.000,240,7,2,0,-60.727,-6.769,1.602
2012-05-05-05_38_22.001,240,7,2,0,-60.671,-6.718,1.602
2012-05-05-05_38_22.002,240,0,2,1,-2.190,-6.786,1.710
2012-05-05-05_38_22.002,240,0,2,1,-2.162,-6.689,1.710
2012-05-05-05_38_22.003,240,0,2,1,-2.263,-6.769,1.710
2012-05-05-05_38_22.004,240,1,2,1,-11.203,-6.792,1.610
2012-05-05-05_38_22.005,240,1,2,1,-11.337,-6.721,1.610
2012-05-05-05_38_22.005,240,1,2,1,-11.227,-6.706,1.610
2012-05-05-05_38_22.006,240,2,2,1,-20.155,-6.716,0.910
2012-05-05-05_38_22.007,240,2,2,1,-20.228,-6.699,0.910
2012-05-05-05_38_22.008,240,2,2,1,-20.233,-6.697,0.910
2012-05-05-05_38_22.008,240,3,2,1,-29.177,-6.798,1.110
2012-05-05-05_38_22.009,240,3,2,1,-29.149,-6.701,1.110
2012-05-05-05_38_22.010,240,3,2,1,-29.250,-6.781,1.110
2012-05-05-05_38_22.011,240,4,2,1,-38.173,-6.800,0.710
2012-05-05-05_38_22.012,240,4,2,1,-38.146,-6.703,0.710
2012-05-05-05_38_22.012,240,4,2,1,-38.247,-6.783,0.710
2012-05-05-05_38_22.013,240,5,2,1,-47.190,-6.789,1.010
2012-05-05-05_38_22.014,240,5,2,1,-47.277,-6.766,0.910
2012-05-05-05_38_22.014,240,5,2,1,-47.248,-6.791,1.010
2012-05-05-05_38_22.015,240,6,2,1,-56.219,-6.861,1.010
2012-05-05-05_38_22.016,240,6,2,1,-56.191,-6.763,1.010
2012-05-05-05_38_22.017,240,6,2,1,-56.292,-6.844,1.010
2012-05-05-05_38_22.017,240,7,2,1,-65.187,-6.780,1.510
2012-05-05-05_38_22.018,240,7,2,1,-65.192,-6.778,1.510
2012-05-05-05_38_22.019,240,7,2,1,-65.174,-6.677,1.610
2012-05-05-05_38_22.020,240,0,3,0,2.269,-11.278,1.920
2012-05-05-05_38_22.021,240,0,3,0,2.294,-11.191,1.920
2012-05-05-05_38_22.021,240,0,3,0,2.196,-11.254,1.920
2012-05-05-05_38_22.022,240,1,3,0,-6.746,-11.290,1.720
2012-05-05-05_38_22.023,240,1,3,0,-6.827,-11.270,1.720
2012-05-05-05_38_22.023,240,1,3,0,-6.768,-11.205,1.720
2012-05-05-05_38_22.024,240,2,3,0,-15.696,-11.208,1.020
2012-05-05-05_38_22.025,240,2,3,0,-15.769,-11.184,1.120
2012-05-05-05_38_22.026,240,2,3,0,-15.715,-11.140,1.120
2012-05-05-05_38_22.027,240,3,3,0,-24.718,-11.290,1.420
2012-05-05-05_38_22.027,240,3,3,0,-24.693,-11.203,1.520
2012-05-05-05_38_22.028,240,3,3,0,-24.791,-11.266,1.420
2012-05-05-05_38_22.029,240,4,3,0,-33.714,-11.292,0.720
2012-05-05-05_38_22.030,240,4,3,0,-33.689,-11.205,0.720
2012-05-05-05_38_22.031,240,4,3,0,-33.787,-11.268,0.720
2012-05-05-05_38_22.031,240,5,3,0,-42.733,-11.291,1.020
2012-05-05-05_38_22.032,240,5,3,0,-42.680,-11.338,1.020
2012-05-05-05_38_22.033,240,5,3,0,-42.777,-11.310,1.020
2012-05-05-05_38_22.034,240,6,3,0,-51.760,-11.353,1.020
2012-05-05-05_38_22.034,240,6,3,0,-51.735,-11.265,1.120
2012-05-05-05_38_22.035,240,6,3,0,-51.833,-11.329,1.020
2012-05-05-05_38_22.036,240,7,3,0,-60.654,-11.289,1.720
2012-05-05-05_38_22.037,240,7,3,0,-60.727,-11.265,1.720
2012-05-05-05_38_22.038,240,7,3,0,-60.673,-11.221,1.720
2012-05-05-05_38_22.038,240,0,3,1,-2.186,-11.288,1.928
2012-05-05-05_38_22.039,240,0,3,1,-2.163,-11.191,1.928
2012-05-05-05_38_22.040,240,0,3,1,-2.263,-11.265,1.827
2012-05-05-05_38_22.040,240,1,3,1,-11.204,-11.289,1.728
2012-05-05-05_38_22.041,240,1,3,1,-11.337,-11.222,1.728
2012-05-05-05_38_22.042,240,1,3,1,-11.227,-11.205,1.727
2012-05-05-05_38_22.042,240,2,3,1,-20.150,-11.218,1.028
2012-05-05-05_38_22.043,240,2,3,1,-20.228,-11.195,1.027
2012-05-05-05_38_22.044,240,2,3,1,-20.236,-11.194,1.127
2012-05-05-05_38_22.045,240,3,3,1,-29.172,-11.300,1.228
2012-05-05-05_38_22.045,240,3,3,1,-29.150,-11.203,1.128
2012-05-05-05_38_22.046,240,3,3,1,-29.250,-11.277,1.227
2012-05-05-05_38_22.047,240,4,3,1,-38.169,-11.302,0.728
2012-05-05-05_38_22.048,240,4,3,1,-38.146,-11.205,0.728
2012-05-05-05_38_22.049,240,4,3,1,-38.247,-11.279,0.727
2012-05-05-05_38_22.050,240,5,3,1,-47.190,-11.291,1.028
2012-05-05-05_38_22.051,240,5,3,1,-47.278,-11.266,1.027
2012-05-05-05_38_22.052,240,5,3,1,-47.249,-11.291,1.027
2012-05-05-05_38_22.053,240,6,3,1,-56.215,-11.363,1.128
2012-05-05-05_38_22.054,240,6,3,1,-56.192,-11.265,1.128
2012-05-05-05_38_22.055,240,6,3,1,-56.292,-11.339,1.127
2012-05-05-05_38_22.055,240,7,3,1,-65.187,-11.276,1.627
2012-05-05-05_38_22.056,240,7,3,1,-65.194,-11.275,1.527
2012-05-05-05_38_22.056,240,7,3,1,-65.174,-11.177,1.727
2012-05-05-05_38_22.057,240,0,4,0,2.266,-15.782,1.939
2012-05-05-05_38_22.058,240,0,4,0,2.294,-15.697,1.939
2012-05-05-05_38_22.059,240,0,4,0,2.193,-15.753,1.939
2012-05-05-05_38_22.059,240,1,4,0,-6.742,-15.790,1.739
2012-05-05-05_38_22.060,240,1,4,0,-6.827,-15.769,1.739
2012-05-05-05_38_22.061,240,1,4,0,-6.766,-15.712,1.739
2012-05-05-05_38_22.062,240,2,4,0,-15.699,-15.712,1.139
2012-05-05-05_38_22.063,240,2,4,0,-15.772,-15.683,1.039
2012-05-05-05_38_22.063,240,2,4,0,-15.715,-15.642,1.139
2012-05-05-05_38_22.064,240,3,4,0,-24.721,-15.794,1.539
2012-05-05-05_38_22.065,240,3,4,0,-24.693,-15.709,1.539
2012-05-05-05_38_22.066,240,3,4,0,-24.794,-15.766,1.539
2012-05-05-05_38_22.067,240,4,4,0,-33.717,-15.796,0.739
2012-05-05-05_38_22.067,240,4,4,0,-33.690,-15.711,0.739
2012-05-05-05_38_22.068,240,4,4,0,-33.790,-15.767,0.739
2012-05-05-05_38_22.069,240,5,4,0,-42.733,-15.797,1.039
2012-05-05-05_38_22.070,240,5,4,0,-42.680,-15.837,1.039
2012-05-05-05_38_22.070,240,5,4,0,-42.777,-15.812,1.039
2012-05-05-05_38_22.071,240,6,4,0,-51.763,-15.856,1.039
2012-05-05-05_38_22.080,240,6,4,0,-51.735,-15.772,1.039
2012-05-05-05_38_22.081,240,6,4,0,-51.836,-15.828,1.039
2012-05-05-05_38_22.081,240,7,4,0,-60.657,-15.793,1.839
2012-05-05-05_38_22.082,240,7,4,0,-60.730,-15.764,1.839
2012-05-05-05_38_22.083,240,7,4,0,-60.674,-15.723,1.839
2012-05-05-05_38_22.083,240,0,4,1,-2.186,-15.793,1.951
2012-05-05-05_38_22.084,240,0,4,1,-2.161,-15.696,1.950
2012-05-05-05_38_22.084,240,0,4,1,-2.266,-15.765,1.950
2012-05-05-05_38_22.085,240,1,4,1,-11.206,-15.791,1.751
2012-05-05-05_38_22.086,240,1,4,1,-11.335,-15.728,1.750
2012-05-05-05_38_22.087,240,1,4,1,-11.225,-15.711,1.750
2012-05-05-05_38_22.087,240,2,4,1,-20.151,-15.723,1.151
2012-05-05-05_38_22.088,240,2,4,1,-20.231,-15.695,1.150
2012-05-05-05_38_22.088,240,2,4,1,-20.236,-15.695,1.150
2012-05-05-05_38_22.089,240,3,4,1,-29.173,-15.805,1.251
2012-05-05-05_38_22.090,240,3,4,1,-29.148,-15.708,1.250
2012-05-05-05_38_22.090,240,3,4,1,-29.253,-15.777,1.250
2012-05-05-05_38_22.091,240,4,4,1,-38.170,-15.807,0.751
2012-05-05-05_38_22.091,240,4,4,1,-38.144,-15.710,0.750
2012-05-05-05_38_22.092,240,4,4,1,-38.250,-15.779,0.750
2012-05-05-05_38_22.093,240,5,4,1,-47.188,-15.796,1.050
2012-05-05-05_38_22.094,240,5,4,1,-47.278,-15.771,1.050
2012-05-05-05_38_22.094,240,5,4,1,-47.247,-15.798,1.050
2012-05-05-05_38_22.095,240,6,4,1,-56.190,-15.771,1.150
2012-05-05-05_38_22.096,240,6,4,1,-56.295,-15.840,1.150
2012-05-05-05_38_22.096,240,6,4,1,-56.300,-15.840,1.150
2012-05-05-05_38_22.097,240,7,4,1,-65.190,-15.776,1.650
2012-05-05-05_38_22.098,240,7,4,1,-65.195,-15.776,1.650
2012-05-05-05_38_22.098,240,7,4,1,-65.175,-15.681,1.750
2012-05-05-05_38_22.099,240,0,5,0,2.266,-20.283,1.964
2012-05-05-05_38_22.099,240,0,5,0,2.296,-20.197,2.064
2012-05-05-05_38_22.100,240,0,5,0,2.190,-20.254,1.964
2012-05-05-05_38_22.101,240,1,5,0,-6.742,-20.294,1.764
2012-05-05-05_38_22.102,240,1,5,0,-6.825,-20.268,1.764
2012-05-05-05_38_22.102,240,1,5,0,-6.764,-20.216,1.764
2012-05-05-05_38_22.103,240,2,5,0,-15.699,-20.213,1.064
2012-05-05-05_38_22.104,240,2,5,0,-15.774,-20.184,1.064
2012-05-05-05_38_22.105,240,2,5,0,-15.718,-20.140,1.064
2012-05-05-05_38_22.105,240,3,5,0,-24.721,-20.295,1.564
2012-05-05-05_38_22.106,240,3,5,0,-24.691,-20.209,1.564
2012-05-05-05_38_22.106,240,3,5,0,-24.796,-20.266,1.564
2012-05-05-05_38_22.107,240,4,5,0,-33.718,-20.297,0.764
2012-05-05-05_38_22.108,240,4,5,0,-33.688,-20.211,0.864
2012-05-05-05_38_22.108,240,4,5,0,-33.793,-20.268,0.864
2012-05-05-05_38_22.109,240,5,5,0,-42.731,-20.297,1.064
2012-05-05-05_38_22.109,240,5,5,0,-42.678,-20.336,1.064
2012-05-05-05_38_22.110,240,5,5,0,-42.780,-20.310,1.064
2012-05-05-05_38_22.111,240,6,5,0,-51.763,-20.358,1.064
2012-05-05-05_38_22.111,240,6,5,0,-51.733,-20.271,1.064
2012-05-05-05_38_22.112,240,6,5,0,-51.839,-20.328,1.064
2012-05-05-05_38_22.113,240,7,5,0,-60.658,-20.294,1.864
2012-05-05-05_38_22.113,240,7,5,0,-60.733,-20.265,1.864
2012-05-05-05_38_22.114,240,7,5,0,-60.677,-20.221,1.864
2012-05-05-05_38_22.114,240,0,5,1,-2.186,-20.291,1.972
2012-05-05-05_38_22.115,240,0,5,1,-2.159,-20.196,1.972
2012-05-05-05_38_22.116,240,0,5,1,-2.259,-20.268,1.972
2012-05-05-05_38_22.116,240,1,5,1,-11.209,-20.294,1.772
2012-05-05-05_38_22.117,240,1,5,1,-11.333,-20.228,1.772
2012-05-05-05_38_22.118,240,1,5,1,-11.231,-20.216,1.772
2012-05-05-05_38_22.119,240,2,5,1,-20.151,-20.221,1.172
2012-05-05-05_38_22.119,240,2,5,1,-20.224,-20.198,1.172
2012-05-05-05_38_22.129,240,2,5,1,-20.234,-20.198,1.172
2012-05-05-05_38_22.130,240,3,5,1,-29.173,-20.303,1.272
2012-05-05-05_38_22.130,240,3,5,1,-29.146,-20.209,1.372
2012-05-05-05_38_22.131,240,3,5,1,-29.246,-20.281,1.272
2012-05-05-05_38_22.131,240,4,5,1,-38.170,-20.305,0.872
2012-05-05-05_38_22.132,240,4,5,1,-38.142,-20.210,0.872
2012-05-05-05_38_22.132,240,4,5,1,-38.243,-20.282,0.872
2012-05-05-05_38_22.133,240,5,5,1,-47.186,-20.296,1.172
2012-05-05-05_38_22.133,240,5,5,1,-47.279,-20.275,1.172
2012-05-05-05_38_22.134,240,5,5,1,-47.247,-20.297,1.072
2012-05-05-05_38_22.134,240,6,5,1,-56.188,-20.271,1.172
2012-05-05-05_38_22.135,240,6,5,1,-56.288,-20.343,1.172
2012-05-05-05_38_22.136,240,6,5,1,-56.298,-20.342,1.172
2012-05-05-05_38_22.136,240,7,5,1,-65.183,-20.279,1.672
2012-05-05-05_38_22.138,240,7,5,1,-65.193,-20.279,1.672
2012-05-05-05_38_22.139,240,7,5,1,-65.175,-20.186,1.772
2012-05-05-05_38_22.140,240,0,6,0,2.270,-24.783,1.782
2012-05-05-05_38_22.141,240,0,6,0,2.298,-24.690,1.782
2012-05-05-05_38_22.141,240,0,6,0,2.190,-24.757,1.782
2012-05-05-05_38_22.142,240,1,6,0,-6.743,-24.796,1.582
2012-05-05-05_38_22.143,240,1,6,0,-6.823,-24.770,1.582
2012-05-05-05_38_22.144,240,1,6,0,-6.762,-24.710,1.582
2012-05-05-05_38_22.145,240,2,6,0,-15.695,-24.713,1.082
2012-05-05-05_38_22.146,240,2,6,0,-15.775,-24.687,1.082
2012-05-05-05_38_22.146,240,2,6,0,-15.718,-24.635,1.082
2012-05-05-05_38_22.147,240,3,6,0,-24.717,-24.795,1.482
2012-05-05-05_38_22.148,240,3,6,0,-24.689,-24.703,1.482
2012-05-05-05_38_22.149,240,3,6,0,-24.797,-24.769,1.482
2012-05-05-05_38_22.150,240,4,6,0,-33.713,-24.797,0.782
2012-05-05-05_38_22.151,240,4,6,0,-33.686,-24.704,0.882
2012-05-05-05_38_22.151,240,4,6,0,-33.793,-24.771,0.882
2012-05-05-05_38_22.153,240,5,6,0,-42.729,-24.790,1.282
2012-05-05-05_38_22.153,240,5,6,0,-42.676,-24.838,1.282
2012-05-05-05_38_22.154,240,5,6,0,-42.781,-24.805,1.282
2012-05-05-05_38_22.155,240,6,6,0,-51.759,-24.858,1.282
2012-05-05-05_38_22.155,240,6,6,0,-51.731,-24.765,1.282
2012-05-05-05_38_22.156,240,6,6,0,-51.678,-24.813,1.282
2012-05-05-05_38_22.157,240,7,6,0,-60.653,-24.794,2.082
2012-05-05-05_38_22.157,240,7,6,0,-60.734,-24.768,2.082
2012-05-05-05_38_22.157,240,7,6,0,-60.677,-24.716,2.082
2012-05-05-05_38_22.158,240,0,6,1,-2.187,-24.788,1.790
2012-05-05-05_38_22.158,240,0,6,1,-2.162,-24.690,1.790
2012-05-05-05_38_22.159,240,0,6,1,-2.260,-24.770,1.790
2012-05-05-05_38_22.159,240,1,6,1,-11.212,-24.796,1.690
2012-05-05-05_38_22.160,240,1,6,1,-11.336,-24.722,1.690
2012-05-05-05_38_22.160,240,1,6,1,-11.231,-24.710,1.690
2012-05-05-05_38_22.161,240,2,6,1,-20.152,-24.718,0.990
2012-05-05-05_38_22.161,240,2,6,1,-20.225,-24.700,0.990
2012-05-05-05_38_22.162,240,2,6,1,-20.232,-24.699,1.090
2012-05-05-05_38_22.162,240,3,6,1,-29.174,-24.800,1.290
2012-05-05-05_38_22.163,240,3,6,1,-29.149,-24.703,1.490
2012-05-05-05_38_22.163,240,3,6,1,-29.247,-24.782,1.290
2012-05-05-05_38_22.164,240,4,6,1,-38.170,-24.802,0.890
2012-05-05-05_38_22.164,240,4,6,1,-38.145,-24.704,0.890
2012-05-05-05_38_22.165,240,4,6,1,-38.243,-24.784,0.890
2012-05-05-05_38_22.165,240,5,6,1,-47.189,-24.790,1.290
2012-05-05-05_38_22.166,240,5,6,1,-47.274,-24.770,11.190
2012-05-05-05_38_22.166,240,5,6,1,-47.243,-24.791,1.390
2012-05-05-05_38_22.167,240,6,6,1,-56.216,-24.863,1.290
2012-05-05-05_38_22.167,240,6,6,1,-56.191,-24.765,1.290
2012-05-05-05_38_22.168,240,6,6,1,-56.289,-24.845,1.290
2012-05-05-05_38_22.168,240,7,6,1,-65.184,-24.781,1.890
2012-05-05-05_38_22.170,240,7,6,1,-65.191,-24.780,1.890
2012-05-05-05_38_22.170,240,7,6,1,-65.171,-24.681,12.990
2012-05-05-05_38_22.171,240,0,7,0,2.270,-29.280,1.801
2012-05-05-05_38_22.171,240,0,7,0,2.300,-29.190,1.902
2012-05-05-05_38_22.172,240,0,7,0,2.190,-29.259,1.802
2012-05-05-05_38_22.172,240,1,7,0,-6.746,-29.293,1.702
2012-05-05-05_38_22.173,240,1,7,0,-6.821,-29.272,1.702
2012-05-05-05_38_22.173,240,1,7,0,-6.765,-29.206,1.702
2012-05-05-05_38_22.174,240,2,7,0,-15.695,-29.210,1.101
2012-05-05-05_38_22.174,240,2,7,0,-15.775,-29.189,1.102
2012-05-05-05_38_22.175,240,2,7,0,-15.716,-29.138,1.102
2012-05-05-05_38_22.175,240,3,7,0,-24.717,-29.292,1.501
2012-05-05-05_38_22.176,240,3,7,0,-24.687,-29.202,1.502
2012-05-05-05_38_22.176,240,3,7,0,-24.797,-29.271,1.502
2012-05-05-05_38_22.177,240,4,7,0,-33.714,-29.294,1.001
2012-05-05-05_38_22.177,240,4,7,0,-33.684,-29.204,1.002
2012-05-05-05_38_22.178,240,4,7,0,-33.794,-29.273,0.902
2012-05-05-05_38_22.178,240,5,7,0,-42.727,-29.290,1.302
2012-05-05-05_38_22.179,240,5,7,0,-42.674,-29.340,1.402
2012-05-05-05_38_22.179,240,5,7,0,-42.779,-29.308,1.302
2012-05-05-05_38_22.180,240,6,7,0,-51.759,-29.355,1.301
2012-05-05-05_38_22.180,240,6,7,0,-51.729,-29.264,1.302
2012-05-05-05_38_22.181,240,6,7,0,-51.676,-29.315,1.302
2012-05-05-05_38_22.181,240,7,7,0,-60.654,-29.291,2.101
2012-05-05-05_38_22.182,240,7,7,0,-60.734,-29.269,2.102
2012-05-05-05_38_22.182,240,7,7,0,-60.675,-29.218,2.202
2012-05-05-05_38_22.183,240,0,7,1,-2.187,-29.285,1.813
2012-05-05-05_38_22.183,240,0,7,1,-2.160,-29.189,1.813
2012-05-05-05_38_22.184,240,0,7,1,-2.260,-29.268,1.813
2012-05-05-05_38_22.184,240,1,7,1,-11.213,-29.292,1.613
2012-05-05-05_38_22.185,240,1,7,1,-11.334,-29.221,1.613
2012-05-05-05_38_22.185,240,1,7,1,-11.234,-29.206,5.513
2012-05-05-05_38_22.186,240,2,7,1,-20.152,-29.215,1.113
2012-05-05-05_38_22.186,240,2,7,1,-20.225,-29.198,1.113
2012-05-05-05_38_22.187,240,2,7,1,-20.230,-29.197,1.013
2012-05-05-05_38_22.187,240,3,7,1,-29.174,-29.297,1.313
2012-05-05-05_38_22.188,240,3,7,1,-29.147,-29.201,1.613
2012-05-05-05_38_22.188,240,3,7,1,-29.247,-29.281,1.313
2012-05-05-05_38_22.189,240,4,7,1,-38.171,-29.299,1.013
2012-05-05-05_38_22.189,240,4,7,1,-38.143,-29.203,1.013
2012-05-05-05_38_22.190,240,4,7,1,-38.244,-29.282,1.013
2012-05-05-05_38_22.190,240,5,7,1,-47.187,-29.289,1.413
2012-05-05-05_38_22.191,240,5,7,1,-47.272,-29.267,1.413
2012-05-05-05_38_22.191,240,5,7,1,-47.241,-29.292,1.413
2012-05-05-05_38_22.192,240,6,7,1,-56.216,-29.360,1.313
2012-05-05-05_38_22.192,240,6,7,1,-56.189,-29.263,1.313
2012-05-05-05_38_22.193,240,6,7,1,-56.289,-29.343,1.313
2012-05-05-05_38_22.194,240,7,7,1,-65.184,-29.279,2.013
2012-05-05-05_38_22.194,240,7,7,1,-65.189,-29.278,2.013
2012-05-05-05_38_22.195,240,7,7,1,-65.169,-29.178,2.013
2012-05-05-05_38_22.196,240,0,8,0,2.274,-33.779,1.827
2012-05-05-05_38_22.196,240,0,8,0,2.302,-33.689,1.827
2012-05-05-05_38_22.197,240,0,8,0,2.192,-33.755,1.827
2012-05-05-05_38_22.198,240,1,8,0,-6.748,-33.788,1.727
2012-05-05-05_38_22.199,240,1,8,0,-6.822,-33.769,1.627
2012-05-05-05_38_22.200,240,1,8,0,-6.767,-33.703,1.627
2012-05-05-05_38_22.200,240,2,8,0,-15.690,-33.709,1.127
2012-05-05-05_38_22.201,240,2,8,0,-15.773,-33.685,1.127
2012-05-05-05_38_22.201,240,2,8,0,-15.712,-33.638,1.127
2012-05-05-05_38_22.202,240,3,8,0,-24.712,-33.791,1.527
2012-05-05-05_38_22.203,240,3,8,0,-24.685,-33.701,1.527
2012-05-05-05_38_22.203,240,3,8,0,-24.795,-33.768,1.527
2012-05-05-05_38_22.204,240,4,8,0,-33.709,-33.793,1.027
2012-05-05-05_38_22.205,240,4,8,0,-33.682,-33.703,1.027
2012-05-05-05_38_22.207,240,4,8,0,-33.792,-33.769,0.927
2012-05-05-05_38_22.207,240,5,8,0,-42.725,-33.788,1.327
2012-05-05-05_38_22.208,240,5,8,0,-42.674,-33.837,1.327
2012-05-05-05_38_22.208,240,5,8,0,-42.774,-33.808,1.327
2012-05-05-05_38_22.209,240,6,8,0,-51.755,-33.854,1.327
2012-05-05-05_38_22.209,240,6,8,0,-51.727,-33.763,1.327
2012-05-05-05_38_22.210,240,6,8,0,-51.837,-33.830,1.227
2012-05-05-05_38_22.210,240,7,8,0,-60.649,-33.790,2.127
2012-05-05-05_38_22.211,240,7,8,0,-60.732,-33.766,2.227
2012-05-05-05_38_22.211,240,7,8,0,-60.671,-33.719,2.227
2012-05-05-05_38_22.212,240,0,8,1,-2.188,-33.787,1.836
2012-05-05-05_38_22.212,240,0,8,1,-2.165,-33.688,1.835
2012-05-05-05_38_22.213,240,0,8,1,-2.261,-33.766,1.835
2012-05-05-05_38_22.213,240,1,8,1,-11.213,-33.788,1.736
2012-05-05-05_38_22.214,240,1,8,1,-11.339,-33.720,1.735
2012-05-05-05_38_22.214,240,1,8,1,-11.237,-33.703,1.735
2012-05-05-05_38_22.215,240,2,8,1,-20.153,-33.717,1.136
2012-05-05-05_38_22.215,240,2,8,1,-20.226,-33.696,1.135
2012-05-05-05_38_22.216,240,2,8,1,-20.230,-33.694,1.135
2012-05-05-05_38_22.216,240,3,8,1,-29.175,-33.799,1.136
2012-05-05-05_38_22.217,240,3,8,1,-29.152,-33.700,1.435
2012-05-05-05_38_22.217,240,3,8,1,-29.248,-33.778,1.235
2012-05-05-05_38_22.218,240,4,8,1,-38.171,-33.801,0.936
2012-05-05-05_38_22.218,240,4,8,1,-38.148,-33.702,0.935
2012-05-05-05_38_22.218,240,4,8,1,-38.244,-33.780,0.935
2012-05-05-05_38_22.219,240,5,8,1,-47.192,-33.788,1.535
2012-05-05-05_38_22.219,240,5,8,1,-47.273,-33.763,1.435
2012-05-05-05_38_22.220,240,5,8,1,-47.244,-33.793,1.435
2012-05-05-05_38_22.220,240,6,8,1,-56.217,-33.861,1.336
2012-05-05-05_38_22.221,240,6,8,1,-56.194,-33.763,1.335
2012-05-05-05_38_22.221,240,6,8,1,-56.290,-33.840,1.335
2012-05-05-05_38_22.222,240,7,8,1,-65.184,-33.777,2.035
2012-05-05-05_38_22.222,240,7,8,1,-65.189,-33.774,2.035
2012-05-05-05_38_22.222,240,7,8,1,-65.169,-33.674,2.135
2012-05-05-05_38_22.223,240,0,9,0,2.274,-38.282,1.945
2012-05-05-05_38_22.223,240,0,9,0,2.304,-38.196,1.845
2012-05-05-05_38_22.224,240,0,9,0,2.194,-38.254,1.845
2012-05-05-05_38_22.224,240,1,9,0,-6.746,-38.290,1.745
2012-05-05-05_38_22.225,240,1,9,0,-6.822,-38.268,1.745
2012-05-05-05_38_22.225,240,1,9,0,-6.770,-38.211,1.745
2012-05-05-05_38_22.226,240,2,9,0,-15.691,-38.212,1.245
2012-05-05-05_38_22.226,240,2,9,0,-15.771,-38.184,1.145
2012-05-05-05_38_22.227,240,2,9,0,-15.710,-38.141,1.245
2012-05-05-05_38_22.227,240,3,9,0,-24.713,-38.294,1.645
2012-05-05-05_38_22.228,240,3,9,0,-24.683,-38.208,1.645
2012-05-05-05_38_22.228,240,3,9,0,-24.793,-38.266,1.545
2012-05-05-05_38_22.229,240,4,9,0,-33.710,-38.296,0.945
2012-05-05-05_38_22.229,240,4,9,0,-33.680,-38.210,0.945
2012-05-05-05_38_22.230,240,4,9,0,-33.790,-38.268,0.945
2012-05-05-05_38_22.230,240,5,9,0,-42.723,-38.296,1.445
2012-05-05-05_38_22.231,240,5,9,0,-42.675,-38.336,1.345
2012-05-05-05_38_22.231,240,5,9,0,-42.772,-38.311,1.345
2012-05-05-05_38_22.232,240,6,9,0,-51.755,-38.357,1.245
2012-05-05-05_38_22.232,240,6,9,0,-51.725,-38.271,1.345
2012-05-05-05_38_22.233,240,6,9,0,-51.835,-38.329,1.245
2012-05-05-05_38_22.233,240,7,9,0,-60.650,-38.293,2.245
2012-05-05-05_38_22.234,240,7,9,0,-60.730,-38.265,2.145
2012-05-05-05_38_22.234,240,7,9,0,-60.669,-38.222,2.145
2012-05-05-05_38_22.235,240,0,9,1,-2.188,-38.292,1.854
2012-05-05-05_38_22.235,240,0,9,1,-2.165,-38.196,1.854
2012-05-05-05_38_22.236,240,0,9,1,-2.259,-38.267,1.854
2012-05-05-05_38_22.236,240,1,9,1,-11.213,-38.290,1.754
2012-05-05-05_38_22.238,240,1,9,1,-11.340,-38.227,1.754
2012-05-05-05_38_22.238,240,1,9,1,-11.235,-38.210,1.754
2012-05-05-05_38_22.239,240,2,9,1,-20.153,-38.222,1.354
2012-05-05-05_38_22.239,240,2,9,1,-20.224,-38.197,1.254
2012-05-05-05_38_22.240,240,2,9,1,-20.231,-38.196,1.354
2012-05-05-05_38_22.240,240,3,9,1,-29.175,-38.304,1.354
2012-05-05-05_38_22.241,240,3,9,1,-29.152,-38.208,1.654
2012-05-05-05_38_22.241,240,3,9,1,-29.246,-38.279,1.554
2012-05-05-05_38_22.242,240,4,9,1,-38.172,-38.306,1.054
2012-05-05-05_38_22.242,240,4,9,1,-38.149,-38.210,0.954
2012-05-05-05_38_22.243,240,4,9,1,-38.242,-38.281,0.954
2012-05-05-05_38_22.243,240,5,9,1,-47.193,-38.296,1.454
2012-05-05-05_38_22.244,240,5,9,1,-47.273,-38.270,1.554
2012-05-05-05_38_22.244,240,5,9,1,-47.244,-38.299,1.554
2012-05-05-05_38_22.245,240,6,9,1,-56.194,-38.270,1.354
2012-05-05-05_38_22.245,240,6,9,1,-56.288,-38.342,1.354
2012-05-05-05_38_22.246,240,6,9,1,-56.295,-38.341,1.354
2012-05-05-05_38_22.246,240,7,9,1,-65.182,-38.278,1.954
2012-05-05-05_38_22.246,240,7,9,1,-65.190,-38.277,2.054
2012-05-05-05_38_22.247,240,7,9,1,-65.169,-38.181,2.054
2012-05-05-05_38_22.247,240,0,10,0,2.276,-42.783,1.966
2012-05-05-05_38_22.248,240,0,10,0,2.301,-42.696,1.966
2012-05-05-05_38_22.248,240,0,10,0,2.193,-42.755,1.966
2012-05-05-05_38_22.249,240,1,10,0,-6.752,-42.794,1.766
2012-05-05-05_38_22.249,240,1,10,0,-6.825,-42.767,1.766
2012-05-05-05_38_22.250,240,1,10,0,-6.771,-42.715,1.766
2012-05-05-05_38_22.251,240,2,10,0,-15.689,-42.713,1.266
2012-05-05-05_38_22.251,240,2,10,0,-15.772,-42.685,1.166
2012-05-05-05_38_22.252,240,2,10,0,-15.710,-42.639,1.266
2012-05-05-05_38_22.253,240,3,10,0,-24.711,-42.795,1.666
2012-05-05-05_38_22.254,240,3,10,0,-24.686,-42.708,1.566
2012-05-05-05_38_22.254,240,3,10,0,-24.794,-42.767,1.566
2012-05-05-05_38_22.255,240,4,10,0,-33.707,-42.797,0.966
2012-05-05-05_38_22.255,240,4,10,0,-33.682,-42.710,0.966
2012-05-05-05_38_22.256,240,4,10,0,-33.790,-42.769,0.966
2012-05-05-05_38_22.256,240,5,10,0,-42.726,-42.796,1.366
2012-05-05-05_38_22.257,240,5,10,0,-42.678,-42.835,1.366
2012-05-05-05_38_22.257,240,5,10,0,-42.773,-42.809,1.466
2012-05-05-05_38_22.258,240,6,10,0,-51.753,-42.857,1.266
2012-05-05-05_38_22.258,240,6,10,0,-51.728,-42.771,1.366
2012-05-05-05_38_22.259,240,6,10,0,-51.836,-42.829,1.266
2012-05-05-05_38_22.259,240,7,10,0,-60.648,-42.794,2.166
2012-05-05-05_38_22.260,240,7,10,0,-60.730,-42.766,2.266
2012-05-05-05_38_22.260,240,7,10,0,-60.669,-42.720,12.966
2012-05-05-05_38_22.261,240,0,10,1,-2.189,-42.791,1.878
2012-05-05-05_38_22.261,240,0,10,1,-2.166,-42.696,1.878
2012-05-05-05_38_22.262,240,0,10,1,-2.262,-42.768,1.878
2012-05-05-05_38_22.262,240,1,10,1,-11.214,-42.793,1.778
2012-05-05-05_38_22.263,240,1,10,1,-11.340,-42.727,1.778
2012-05-05-05_38_22.263,240,1,10,1,-11.235,-42.714,1.878
2012-05-05-05_38_22.263,240,2,10,1,-20.153,-42.721,1.378
2012-05-05-05_38_22.264,240,2,10,1,-20.226,-42.698,1.378
2012-05-05-05_38_22.264,240,2,10,1,-20.231,-42.697,1.378
2012-05-05-05_38_22.265,240,3,10,1,-29.175,-42.803,1.478
2012-05-05-05_38_22.265,240,3,10,1,-29.153,-42.708,1.578
2012-05-05-05_38_22.266,240,3,10,1,-29.249,-42.780,1.378
2012-05-05-05_38_22.266,240,4,10,1,-38.172,-42.805,0.978
2012-05-05-05_38_22.267,240,4,10,1,-38.149,-42.710,0.978
2012-05-05-05_38_22.267,240,4,10,1,-38.245,-42.782,0.978
2012-05-05-05_38_22.268,240,5,10,1,-47.193,-42.795,1.478
2012-05-05-05_38_22.268,240,5,10,1,-47.276,-42.773,1.578
2012-05-05-05_38_22.269,240,5,10,1,-47.247,-42.797,1.578
2012-05-05-05_38_22.269,240,6,10,1,-56.195,-42.770,1.378
2012-05-05-05_38_22.270,240,6,10,1,-56.291,-42.843,1.378
2012-05-05-05_38_22.271,240,6,10,1,-56.295,-42.842,1.378
2012-05-05-05_38_22.271,240,7,10,1,-65.185,-42.779,1.978
2012-05-05-05_38_22.272,240,7,10,1,-65.190,-42.778,1.978
2012-05-05-05_38_22.272,240,7,10,1,-65.172,-42.684,2.178
2012-05-05-05_38_22.273,240,0,11,0,2.278,-47.283,1.890
2012-05-05-05_38_22.273,240,0,11,0,2.301,-47.190,1.890
2012-05-05-05_38_22.274,240,0,11,0,2.195,-47.258,1.890
2012-05-05-05_38_22.274,240,1,11,0,-6.752,-47.296,1.790
2012-05-05-05_38_22.275,240,1,11,0,-6.825,-47.269,1.790
2012-05-05-05_38_22.275,240,1,11,0,-6.774,-47.210,1.790
2012-05-05-05_38_22.276,240,2,11,0,-15.687,-47.213,1.190
2012-05-05-05_38_22.276,240,2,11,0,-15.770,-47.187,1.290
2012-05-05-05_38_22.277,240,2,11,0,-15.743,-47.197,1.190
2012-05-05-05_38_22.277,240,3,11,0,-24.709,-47.295,1.690
2012-05-05-05_38_22.277,240,3,11,0,-24.686,-47.203,1.690
2012-05-05-05_38_22.278,240,3,11,0,-24.792,-47.270,1.690
2012-05-05-05_38_22.278,240,4,11,0,-33.705,-47.297,0.990
2012-05-05-05_38_22.279,240,4,11,0,-33.683,-47.204,0.990
2012-05-05-05_38_22.279,240,4,11,0,-33.788,-47.272,0.990
2012-05-05-05_38_22.280,240,5,11,0,-42.727,-47.290,1.390
2012-05-05-05_38_22.280,240,5,11,0,-42.678,-47.337,1.390
2012-05-05-05_38_22.281,240,5,11,0,-42.771,-47.304,1.390
2012-05-05-05_38_22.281,240,6,11,0,-51.751,-47.357,1.290
2012-05-05-05_38_22.282,240,6,11,0,-51.728,-47.265,1.290
2012-05-05-05_38_22.282,240,6,11,0,-51.834,-47.332,1.290
2012-05-05-05_38_22.283,240,7,11,0,-60.646,-47.293,2.190
2012-05-05-05_38_22.283,240,7,11,0,-60.728,-47.268,2.190
2012-05-05-05_38_22.284,240,7,11,0,-60.667,-47.215,2.290
2012-05-05-05_38_22.284,240,0,11,1,-2.191,-47.289,1.999
2012-05-05-05_38_22.285,240,0,11,1,-2.169,-47.190,1.899
2012-05-05-05_38_22.285,240,0,11,1,-2.260,-47.270,1.999
2012-05-05-05_38_22.285,240,1,11,1,-11.214,-47.295,1.799
2012-05-05-05_38_22.286,240,1,11,1,-11.343,-47.221,1.799
2012-05-05-05_38_22.286,240,1,11,1,-11.233,-47.209,1.799
2012-05-05-05_38_22.287,240,2,11,1,-20.156,-47.219,1.299
2012-05-05-05_38_22.287,240,2,11,1,-20.224,-47.200,1.299
2012-05-05-05_38_22.288,240,2,11,1,-20.232,-47.199,1.399
2012-05-05-05_38_22.288,240,3,11,1,-29.178,-47.301,1.399
2012-05-05-05_38_22.289,240,3,11,1,-29.156,-47.202,1.599
2012-05-05-05_38_22.289,240,3,11,1,-29.247,-47.282,1.399
2012-05-05-05_38_22.290,240,4,11,1,-38.175,-47.303,0.999
2012-05-05-05_38_22.290,240,4,11,1,-38.152,-47.204,0.999
2012-05-05-05_38_22.291,240,4,11,1,-38.243,-47.284,0.999
2012-05-05-05_38_22.291,240,5,11,1,-47.196,-47.289,1.499
2012-05-05-05_38_22.292,240,5,11,1,-47.276,-47.270,1.499
2012-05-05-05_38_22.292,240,5,11,1,-47.247,-47.291,1.499
2012-05-05-05_38_22.293,240,6,11,1,-56.220,-47.364,1.399
2012-05-05-05_38_22.293,240,6,11,1,-56.198,-47.264,1.399
2012-05-05-05_38_22.294,240,6,11,1,-56.289,-47.344,1.399
2012-05-05-05_38_22.294,240,7,11,1,-65.183,-47.281,2.199
2012-05-05-05_38_22.294,240,7,11,1,-65.191,-47.280,2.299
2012-05-05-05_38_22.295,240,7,11,1,-65.173,-47.180,2.299
2012-05-05-05_38_22.295,240,0,12,0,2.265,-51.780,2.108
2012-05-05-05_38_22.296,240,0,12,0,2.303,-51.691,2.108
2012-05-05-05_38_22.296,240,0,12,0,2.195,-51.758,2.108
2012-05-05-05_38_22.297,240,1,12,0,-6.755,-51.794,1.808
2012-05-05-05_38_22.297,240,1,12,0,-6.828,-51.774,1.908
2012-05-05-05_38_22.298,240,1,12,0,-6.772,-51.708,1.808
2012-05-05-05_38_22.298,240,2,12,0,-15.699,-51.710,1.308
2012-05-05-05_38_22.299,240,2,12,0,-15.770,-51.688,1.208
2012-05-05-05_38_22.299,240,2,12,0,-15.709,-51.639,1.208
2012-05-05-05_38_22.300,240,3,12,0,-24.722,-51.792,1.708
2012-05-05-05_38_22.301,240,3,12,0,-24.684,-51.703,1.708
2012-05-05-05_38_22.302,240,3,12,0,-24.792,-51.770,1.708
2012-05-05-05_38_22.302,240,4,12,0,-33.718,-51.794,1.008
2012-05-05-05_38_22.304,240,4,12,0,-33.681,-51.705,1.008
2012-05-05-05_38_22.304,240,4,12,0,-33.789,-51.772,1.008
2012-05-05-05_38_22.305,240,5,12,0,-42.725,-51.790,1.408
2012-05-05-05_38_22.305,240,5,12,0,-42.681,-51.842,1.208
2012-05-05-05_38_22.306,240,5,12,0,-42.771,-51.809,1.408
2012-05-05-05_38_22.306,240,6,12,0,-51.764,-51.855,1.308
2012-05-05-05_38_22.307,240,6,12,0,-51.726,-51.765,1.308
2012-05-05-05_38_22.307,240,6,12,0,-51.834,-51.833,1.208
2012-05-05-05_38_22.308,240,7,12,0,-60.658,-51.791,2.108
2012-05-05-05_38_22.308,240,7,12,0,-60.729,-51.769,2.108
2012-05-05-05_38_22.309,240,7,12,0,-60.667,-51.720,2.208
2012-05-05-05_38_22.309,240,0,12,1,-2.194,-51.786,2.116
2012-05-05-05_38_22.310,240,0,12,1,-2.169,-51.690,2.116
2012-05-05-05_38_22.310,240,0,12,1,-2.262,-51.768,2.116
2012-05-05-05_38_22.311,240,1,12,1,-11.215,-51.793,1.816
2012-05-05-05_38_22.311,240,1,12,1,-11.344,-51.721,1.816
2012-05-05-05_38_22.312,240,1,12,1,-11.234,-51.707,1.816
2012-05-05-05_38_22.312,240,2,12,1,-20.159,-51.716,1.216
2012-05-05-05_38_22.313,240,2,12,1,-20.227,-51.698,1.216
2012-05-05-05_38_22.313,240,2,12,1,-20.235,-51.698,1.216
2012-05-05-05_38_22.314,240,3,12,1,-29.181,-51.798,1.616
2012-05-05-05_38_22.314,240,3,12,1,-29.156,-51.702,1.516
2012-05-05-05_38_22.315,240,3,12,1,-29.249,-51.781,1.616
2012-05-05-05_38_22.315,240,4,12,1,-38.178,-51.800,1.016
2012-05-05-05_38_22.316,240,4,12,1,-38.153,-51.704,1.016
2012-05-05-05_38_22.316,240,4,12,1,-38.246,-51.782,1.016
2012-05-05-05_38_22.317,240,5,12,1,-47.196,-51.790,1.216
2012-05-05-05_38_22.317,240,5,12,1,-47.277,-51.768,1.316
2012-05-05-05_38_22.318,240,5,12,1,-47.250,-51.791,1.316
2012-05-05-05_38_22.318,240,6,12,1,-56.223,-51.860,1.316
2012-05-05-05_38_22.318,240,6,12,1,-56.198,-51.764,1.416
2012-05-05-05_38_22.319,240,6,12,1,-56.291,-51.843,1.316
2012-05-05-05_38_22.319,240,7,12,1,-65.186,-51.779,2.216
2012-05-05-05_38_22.320,240,7,12,1,-65.193,-51.779,2.116
2012-05-05-05_38_22.321,240,7,12,1,-65.173,-51.678,2.116
2012-05-05-05_38_22.321,240,0,13,0,2.275,-56.278,2.127
2012-05-05-05_38_22.321,240,0,13,0,2.300,-56.191,2.127
2012-05-05-05_38_22.322,240,0,13,0,2.197,-56.254,2.127
2012-05-05-05_38_22.322,240,1,13,0,-6.755,-56.290,1.927
2012-05-05-05_38_22.323,240,1,13,0,-6.831,-56.269,1.927
2012-05-05-05_38_22.323,240,1,13,0,-6.774,-56.204,1.827
2012-05-05-05_38_22.324,240,2,13,0,-15.690,-56.208,1.227
2012-05-05-05_38_22.324,240,2,13,0,-15.768,-56.184,1.227
2012-05-05-05_38_22.325,240,2,13,0,-15.712,-56.140,1.227
2012-05-05-05_38_22.325,240,3,13,0,-24.712,-56.290,1.727
2012-05-05-05_38_22.326,240,3,13,0,-24.687,-56.203,1.627
2012-05-05-05_38_22.326,240,3,13,0,-24.790,-56.266,1.627
2012-05-05-05_38_22.327,240,4,13,0,-33.709,-56.292,1.127
2012-05-05-05_38_22.327,240,4,13,0,-33.684,-56.205,1.127
2012-05-05-05_38_22.327,240,4,13,0,-33.787,-56.268,1.027
2012-05-05-05_38_22.328,240,5,13,0,-42.727,-56.291,1.527
2012-05-05-05_38_22.328,240,5,13,0,-42.684,-56.338,1.327
2012-05-05-05_38_22.329,240,5,13,0,-42.774,-56.309,1.527
2012-05-05-05_38_22.329,240,6,13,0,-51.754,-56.353,1.327
2012-05-05-05_38_22.330,240,6,13,0,-51.729,-56.265,1.327
2012-05-05-05_38_22.330,240,6,13,0,-51.832,-56.329,1.227
2012-05-05-05_38_22.331,240,7,13,0,-60.649,-56.289,3.327
2012-05-05-05_38_22.331,240,7,13,0,-60.727,-56.265,7.827
2012-05-05-05_38_22.332,240,7,13,0,-60.670,-56.220,6.627
2012-05-05-05_38_22.332,240,0,13,1,-2.197,-56.288,2.039
2012-05-05-05_38_22.333,240,0,13,1,-2.172,-56.190,2.039
2012-05-05-05_38_22.333,240,0,13,1,-2.265,-56.265,2.039
2012-05-05-05_38_22.334,240,1,13,1,-11.210,-56.289,1.839
2012-05-05-05_38_22.334,240,1,13,1,-11.346,-56.222,1.839
2012-05-05-05_38_22.336,240,1,13,1,-11.234,-56.204,1.838
2012-05-05-05_38_22.336,240,2,13,1,-20.162,-56.218,1.339
2012-05-05-05_38_22.337,240,2,13,1,-20.230,-56.195,1.239
2012-05-05-05_38_22.337,240,2,13,1,-20.237,-56.194,1.239
2012-05-05-05_38_22.338,240,3,13,1,-29.184,-56.300,1.439
2012-05-05-05_38_22.338,240,3,13,1,-29.159,-56.203,1.539
2012-05-05-05_38_22.338,240,3,13,1,-29.252,-56.277,1.639
2012-05-05-05_38_22.339,240,4,13,1,-38.181,-56.302,1.039
2012-05-05-05_38_22.339,240,4,13,1,-38.155,-56.204,1.039
2012-05-05-05_38_22.340,240,4,13,1,-38.249,-56.279,1.039
2012-05-05-05_38_22.340,240,5,13,1,-47.199,-56.290,1.439
2012-05-05-05_38_22.341,240,5,13,1,-47.280,-56.266,1.439
2012-05-05-05_38_22.341,240,5,13,1,-47.253,-56.291,1.539
2012-05-05-05_38_22.342,240,6,13,1,-56.226,-56.363,1.439
2012-05-05-05_38_22.342,240,6,13,1,-56.201,-56.265,1.439
2012-05-05-05_38_22.343,240,6,13,1,-56.294,-56.339,1.439
2012-05-05-05_38_22.343,240,7,13,1,-65.189,-56.276,2.139
2012-05-05-05_38_22.344,240,7,13,1,-65.196,-56.275,2.139
2012-05-05-05_38_22.344,240,7,13,1,-65.176,-56.176,2.139
2012-05-05-05_38_22.345,240,0,14,0,2.272,-60.782,2.151
2012-05-05-05_38_22.345,240,0,14,0,2.297,-60.696,2.151
2012-05-05-05_38_22.346,240,0,14,0,2.196,-60.753,2.051
2012-05-05-05_38_22.346,240,1,14,0,-6.756,-60.790,1.951
2012-05-05-05_38_22.347,240,1,14,0,-6.831,-60.769,1.851
2012-05-05-05_38_22.347,240,1,14,0,-6.775,-60.712,1.851
2012-05-05-05_38_22.348,240,2,14,0,-15.693,-60.712,1.351
2012-05-05-05_38_22.348,240,2,14,0,-15.768,-60.683,1.351
2012-05-05-05_38_22.349,240,2,14,0,-15.712,-60.641,1.351
2012-05-05-05_38_22.349,240,3,14,0,-24.715,-60.794,1.651
2012-05-05-05_38_22.350,240,3,14,0,-24.690,-60.708,1.751
2012-05-05-05_38_22.350,240,3,14,0,-24.791,-60.766,1.651
2012-05-05-05_38_22.351,240,4,14,0,-33.712,-60.796,0.951
2012-05-05-05_38_22.351,240,4,14,0,-33.687,-60.710,0.951
2012-05-05-05_38_22.351,240,4,14,0,-33.787,-60.767,0.951
2012-05-05-05_38_22.352,240,5,14,0,-42.730,-60.796,1.451
2012-05-05-05_38_22.353,240,5,14,0,-42.684,-60.837,1.451
2012-05-05-05_38_22.353,240,5,14,0,-42.774,-60.811,1.551
2012-05-05-05_38_22.355,240,6,14,0,-51.757,-60.857,1.351
2012-05-05-05_38_22.355,240,6,14,0,-51.732,-60.771,1.351
2012-05-05-05_38_22.356,240,6,14,0,-51.833,-60.828,1.251
2012-05-05-05_38_22.356,240,7,14,0,-60.652,-60.793,2.151
2012-05-05-05_38_22.357,240,7,14,0,-60.727,-60.764,2.151
2012-05-05-05_38_22.357,240,7,14,0,-60.671,-60.722,2.151
2012-05-05-05_38_22.358,240,0,14,1,-2.200,-60.792,2.161
2012-05-05-05_38_22.358,240,0,14,1,-2.170,-60.696,2.061
2012-05-05-05_38_22.359,240,0,14,1,-2.268,-60.766,2.061
2012-05-05-05_38_22.359,240,1,14,1,-11.208,-60.790,1.861
2012-05-05-05_38_22.360,240,1,14,1,-11.344,-60.728,1.861
2012-05-05-05_38_22.360,240,1,14,1,-11.234,-60.710,1.861
2012-05-05-05_38_22.361,240,2,14,1,-20.165,-60.722,1.261
2012-05-05-05_38_22.361,240,2,14,1,-20.233,-60.696,1.261
2012-05-05-05_38_22.362,240,2,14,1,-20.240,-60.695,1.261
2012-05-05-05_38_22.362,240,3,14,1,-29.187,-60.805,1.261
2012-05-05-05_38_22.363,240,3,14,1,-29.157,-60.708,1.461
2012-05-05-05_38_22.363,240,3,14,1,-29.255,-60.778,1.561
2012-05-05-05_38_22.364,240,4,14,1,-38.183,-60.806,1.061
2012-05-05-05_38_22.364,240,4,14,1,-38.154,-60.710,1.061
2012-05-05-05_38_22.365,240,4,14,1,-38.252,-60.780,1.061
2012-05-05-05_38_22.365,240,5,14,1,-47.197,-60.796,1.561
2012-05-05-05_38_22.366,240,5,14,1,-47.283,-60.770,1.561
2012-05-05-05_38_22.366,240,5,14,1,-47.253,-60.798,1.561
2012-05-05-05_38_22.367,240,6,14,1,-56.229,-60.867,1.461
2012-05-05-05_38_22.367,240,6,14,1,-56.199,-60.771,1.361
2012-05-05-05_38_22.369,240,6,14,1,-56.297,-60.841,1.461
2012-05-05-05_38_22.369,240,7,14,1,-65.192,-60.777,2.261
2012-05-05-05_38_22.370,240,7,14,1,-65.199,-60.776,2.261
2012-05-05-05_38_22.370,240,7,14,1,-65.179,-60.681,2.261
2012-05-05-05_38_22.371,240,0,15,0,2.269,-65.284,2.170
2012-05-05-05_38_22.371,240,0,15,0,2.294,-65.196,2.170
2012-05-05-05_38_22.371,240,0,15,0,2.196,-65.254,2.270
2012-05-05-05_38_22.372,240,1,15,0,-6.754,-65.294,1.970
2012-05-05-05_38_22.372,240,1,15,0,-6.834,-65.268,1.970
2012-05-05-05_38_22.373,240,1,15,0,-6.775,-65.215,1.970
2012-05-05-05_38_22.373,240,2,15,0,-15.696,-65.214,1.370
2012-05-05-05_38_22.374,240,2,15,0,-15.769,-65.184,1.370
2012-05-05-05_38_22.374,240,2,15,0,-15.715,-65.140,1.370
2012-05-05-05_38_22.375,240,3,15,0,-24.718,-65.296,1.770
2012-05-05-05_38_22.375,240,3,15,0,-24.693,-65.209,1.770
2012-05-05-05_38_22.376,240,3,15,0,-24.791,-65.267,1.770
2012-05-05-05_38_22.376,240,4,15,0,-33.714,-65.298,0.970
2012-05-05-05_38_22.377,240,4,15,0,-33.689,-65.210,0.970
2012-05-05-05_38_22.377,240,4,15,0,-33.788,-65.268,0.970
2012-05-05-05_38_22.377,240,5,15,0,-42.733,-65.296,1.470
2012-05-05-05_38_22.378,240,5,15,0,-42.687,-65.336,1.470
2012-05-05-05_38_22.378,240,5,15,0,-42.777,-65.310,1.570
2012-05-05-05_38_22.379,240,6,15,0,-51.760,-65.358,1.270
2012-05-05-05_38_22.379,240,6,15,0,-51.735,-65.271,1.270
2012-05-05-05_38_22.380,240,6,15,0,-51.833,-65.329,1.270
2012-05-05-05_38_22.380,240,7,15,0,-60.655,-65.295,2.170
2012-05-05-05_38_22.381,240,7,15,0,-60.728,-65.265,3.270
2012-05-05-05_38_22.381,240,7,15,0,-60.674,-65.221,2.070
2012-05-05-05_38_22.382,240,0,15,1,-2.196,-65.291,2.179
2012-05-05-05_38_22.382,240,0,15,1,-2.170,-65.196,2.179
2012-05-05-05_38_22.383,240,0,15,1,-2.269,-65.269,2.279
2012-05-05-05_38_22.384,240,1,15,1,-11.211,-65.293,1.979
2012-05-05-05_38_22.384,240,1,15,1,-11.345,-65.227,1.979
2012-05-05-05_38_22.385,240,1,15,1,-11.235,-65.214,1.879
2012-05-05-05_38_22.385,240,2,15,1,-20.160,-65.221,1.379
2012-05-05-05_38_22.386,240,2,15,1,-20.233,-65.199,1.379
2012-05-05-05_38_22.386,240,2,15,1,-20.241,-65.198,1.379
2012-05-05-05_38_22.386,240,3,15,1,-29.182,-65.303,1.379
2012-05-05-05_38_22.387,240,3,15,1,-29.157,-65.208,1.679
2012-05-05-05_38_22.387,240,3,15,1,-29.256,-65.281,1.579
2012-05-05-05_38_22.388,240,4,15,1,-38.179,-65.305,1.079
2012-05-05-05_38_22.388,240,4,15,1,-38.154,-65.210,1.079
2012-05-05-05_38_22.389,240,4,15,1,-38.252,-65.283,1.079
2012-05-05-05_38_22.389,240,5,15,1,-47.198,-65.295,1.479
2012-05-05-05_38_22.390,240,5,15,1,-47.283,-65.274,1.479
2012-05-05-05_38_22.390,240,5,15,1,-47.256,-65.297,1.579
2012-05-05-05_38_22.391,240,6,15,1,-56.224,-65.366,1.379
2012-05-05-05_38_22.391,240,6,15,1,-56.199,-65.270,1.379
2012-05-05-05_38_22.392,240,6,15,1,-56.298,-65.344,1.379
2012-05-05-05_38_22.392,240,7,15,1,-65.192,-65.280,2.079
2012-05-05-05_38_22.393,240,7,15,1,-65.200,-65.279,5.879
2012-05-05-05_38_22.393,240,7,15,1,-65.179,-65.185,2.179
2012-05-05-05_38_22.394,240,0,16,0,2.266,-69.783,2.191
2012-05-05-05_38_22.394,240,0,16,0,2.291,-69.689,2.191
2012-05-05-05_38_22.395,240,0,16,0,2.193,-69.758,2.291
2012-05-05-05_38_22.395,240,1,16,0,-6.752,-69.795,1.991
2012-05-05-05_38_22.396,240,1,16,0,-6.837,-69.768,1.991
2012-05-05-05_38_22.396,240,1,16,0,-6.776,-69.709,1.991
2012-05-05-05_38_22.397,240,2,16,0,-15.699,-69.713,1.391
2012-05-05-05_38_22.397,240,2,16,0,-15.772,-69.688,1.391
2012-05-05-05_38_22.398,240,2,16,0,-15.750,-69.698,1.391
2012-05-05-05_38_22.398,240,3,16,0,-24.721,-69.795,1.791
2012-05-05-05_38_22.399,240,3,16,0,-24.696,-69.701,1.791
2012-05-05-05_38_22.400,240,3,16,0,-24.794,-69.771,1.691
2012-05-05-05_38_22.401,240,4,16,0,-33.717,-69.797,0.991
2012-05-05-05_38_22.401,240,4,16,0,-33.692,-69.703,0.991
2012-05-05-05_38_22.402,240,4,16,0,-33.790,-69.772,0.991
2012-05-05-05_38_22.402,240,5,16,0,-42.736,-69.789,1.491
2012-05-05-05_38_22.403,240,5,16,0,-42.690,-69.836,1.391
2012-05-05-05_38_22.403,240,5,16,0,-42.780,-69.804,1.491
2012-05-05-05_38_22.404,240,6,16,0,-51.763,-69.858,1.291
2012-05-05-05_38_22.404,240,6,16,0,-51.738,-69.764,1.291
2012-05-05-05_38_22.404,240,6,16,0,-51.836,-69.833,1.291
2012-05-05-05_38_22.405,240,7,16,0,-60.657,-69.794,2.191
2012-05-05-05_38_22.405,240,7,16,0,-60.730,-69.769,2.091
2012-05-05-05_38_22.407,240,7,16,0,-60.676,-69.715,2.091
2012-05-05-05_38_22.407,240,0,16,1,-2.198,-69.788,2.203
2012-05-05-05_38_22.408,240,0,16,1,-2.171,-69.689,2.202
2012-05-05-05_38_22.408,240,0,16,1,-2.271,-69.770,2.202
2012-05-05-05_38_22.409,240,1,16,1,-11.211,-69.795,2.003
2012-05-05-05_38_22.409,240,1,16,1,-11.345,-69.721,1.902
2012-05-05-05_38_22.410,240,1,16,1,-11.233,-69.708,1.902
2012-05-05-05_38_22.410,240,2,16,1,-20.163,-69.718,1.303
2012-05-05-05_38_22.411,240,2,16,1,-20.236,-69.700,1.302
2012-05-05-05_38_22.411,240,2,16,1,-20.244,-69.699,1.302
2012-05-05-05_38_22.412,240,3,16,1,-29.185,-69.801,1.503
2012-05-05-05_38_22.412,240,3,16,1,-29.158,-69.701,1.502
2012-05-05-05_38_22.413,240,3,16,1,-29.258,-69.782,1.502
2012-05-05-05_38_22.413,240,4,16,1,-38.182,-69.802,1.103
2012-05-05-05_38_22.414,240,4,16,1,-38.154,-69.703,1.002
2012-05-05-05_38_22.414,240,4,16,1,-38.255,-69.784,1.002
2012-05-05-05_38_22.415,240,5,16,1,-47.198,-69.789,1.402
2012-05-05-05_38_22.415,240,5,16,1,-47.286,-69.769,1.602
2012-05-05-05_38_22.416,240,5,16,1,-47.257,-69.792,1.502
2012-05-05-05_38_22.416,240,6,16,1,-56.227,-69.863,1.403
2012-05-05-05_38_22.417,240,6,16,1,-56.200,-69.764,1.402
2012-05-05-05_38_22.417,240,6,16,1,-56.300,-69.845,1.402
2012-05-05-05_38_22.418,240,7,16,1,-65.195,-69.781,2.202
2012-05-05-05_38_22.418,240,7,16,1,-65.202,-69.780,2.202
2012-05-05-05_38_22.419,240,7,16,1,-65.182,-69.680,2.202
2012-05-05-05_38_22.419,240,0,17,0,2.256,-74.281,2.215
2012-05-05-05_38_22.420,240,0,17,0,2.291,-74.190,2.215
2012-05-05-05_38_22.420,240,0,17,0,2.190,-74.259,2.215
2012-05-05-05_38_22.421,240,1,17,0,-6.752,-74.293,2.015
2012-05-05-05_38_22.421,240,1,17,0,-6.833,-74.272,1.915
2012-05-05-05_38_22.422,240,1,17,0,-6.774,-74.206,2.015
2012-05-05-05_38_22.422,240,2,17,0,-15.709,-74.210,1.315
2012-05-05-05_38_22.423,240,2,17,0,-15.775,-74.189,1.315
2012-05-05-05_38_22.423,240,2,17,0,-15.718,-74.138,1.315
2012-05-05-05_38_22.424,240,3,17,0,-24.731,-74.293,1.815
2012-05-05-05_38_22.424,240,3,17,0,-24.696,-74.202,1.815
2012-05-05-05_38_22.424,240,3,17,0,-24.797,-74.271,1.815
2012-05-05-05_38_22.425,240,4,17,0,-33.728,-74.295,1.115
2012-05-05-05_38_22.425,240,4,17,0,-33.693,-74.204,1.015
2012-05-05-05_38_22.426,240,4,17,0,-33.793,-74.273,1.015
2012-05-05-05_38_22.426,240,5,17,0,-42.736,-74.290,1.515
2012-05-05-05_38_22.427,240,5,17,0,-42.686,-74.340,1.415
2012-05-05-05_38_22.427,240,5,17,0,-42.781,-74.308,1.515
2012-05-05-05_38_22.428,240,6,17,0,-51.773,-74.355,1.315
2012-05-05-05_38_22.428,240,6,17,0,-51.738,-74.264,1.315
2012-05-05-05_38_22.429,240,6,17,0,-51.687,-74.315,1.315
2012-05-05-05_38_22.429,240,7,17,0,-60.668,-74.291,2.115
2012-05-05-05_38_22.430,240,7,17,0,-60.733,-74.270,2.215
2012-05-05-05_38_22.430,240,7,17,0,-60.677,-74.219,2.115
2012-05-05-05_38_22.430,240,0,17,1,-2.196,-74.286,2.224
2012-05-05-05_38_22.431,240,0,17,1,-2.169,-74.188,2.224
2012-05-05-05_38_22.432,240,0,17,1,-2.272,-74.268,2.224
2012-05-05-05_38_22.433,240,1,17,1,-11.214,-74.292,1.924
2012-05-05-05_38_22.433,240,1,17,1,-11.343,-74.220,1.924
2012-05-05-05_38_22.434,240,1,17,1,-11.233,-74.206,1.924
2012-05-05-05_38_22.434,240,2,17,1,-20.161,-74.216,1.324
2012-05-05-05_38_22.435,240,2,17,1,-20.237,-74.198,1.424
2012-05-05-05_38_22.435,240,2,17,1,-20.244,-74.197,1.424
2012-05-05-05_38_22.436,240,3,17,1,-29.183,-74.298,1.524
2012-05-05-05_38_22.436,240,3,17,1,-29.156,-74.201,1.724
2012-05-05-05_38_22.437,240,3,17,1,-29.259,-74.280,1.524
2012-05-05-05_38_22.437,240,4,17,1,-38.180,-74.300,1.124
2012-05-05-05_38_22.438,240,4,17,1,-38.152,-74.202,1.024
2012-05-05-05_38_22.438,240,4,17,1,-38.255,-74.282,1.024
2012-05-05-05_38_22.439,240,5,17,1,-47.196,-74.288,1.624
2012-05-05-05_38_22.439,240,5,17,1,-47.284,-74.267,1.624
2012-05-05-05_38_22.440,240,5,17,1,-47.255,-74.292,1.624
2012-05-05-05_38_22.440,240,6,17,1,-56.225,-74.361,1.424
2012-05-05-05_38_22.441,240,6,17,1,-56.198,-74.263,1.424
2012-05-05-05_38_22.441,240,6,17,1,-56.301,-74.343,1.424
2012-05-05-05_38_22.442,240,7,17,1,-65.195,-74.279,2.224
2012-05-05-05_38_22.442,240,7,17,1,-65.203,-74.278,2.224
2012-05-05-05_38_22.443,240,7,17,1,-65.180,-74.178,2.224
2012-05-05-05_38_22.443,240,0,18,0,2.268,-78.779,2.033
2012-05-05-05_38_22.444,240,0,18,0,2.293,-78.689,2.033
2012-05-05-05_38_22.444,240,0,18,0,2.187,-78.755,2.033
2012-05-05-05_38_22.445,240,1,18,0,-6.750,-78.789,1.933
2012-05-05-05_38_22.445,240,1,18,0,-6.831,-78.769,1.833
2012-05-05-05_38_22.446,240,1,18,0,-6.772,-78.704,1.933
2012-05-05-05_38_22.446,240,2,18,0,-15.697,-78.709,1.433
2012-05-05-05_38_22.447,240,2,18,0,-15.777,-78.685,1.433
2012-05-05-05_38_22.447,240,2,18,0,-15.721,-78.639,1.433
2012-05-05-05_38_22.448,240,3,18,0,-24.719,-78.791,1.833
2012-05-05-05_38_22.448,240,3,18,0,-24.694,-78.701,1.833
2012-05-05-05_38_22.449,240,3,18,0,-24.800,-78.767,1.833
2012-05-05-05_38_22.449,240,4,18,0,-33.716,-78.793,1.133
2012-05-05-05_38_22.450,240,4,18,0,-33.691,-78.703,1.133
2012-05-05-05_38_22.450,240,4,18,0,-33.796,-78.769,1.133
2012-05-05-05_38_22.451,240,5,18,0,-42.734,-78.789,1.833
2012-05-05-05_38_22.451,240,5,18,0,-42.684,-78.837,1.733
2012-05-05-05_38_22.452,240,5,18,0,-42.783,-78.809,1.733
2012-05-05-05_38_22.452,240,6,18,0,-51.761,-78.854,1.533
2012-05-05-05_38_22.453,240,6,18,0,-51.736,-78.764,1.533
2012-05-05-05_38_22.453,240,6,18,0,-51.685,-78.812,1.533
2012-05-05-05_38_22.454,240,7,18,0,-60.656,-78.790,2.333
2012-05-05-05_38_22.454,240,7,18,0,-60.736,-78.766,2.333
2012-05-05-05_38_22.454,240,7,18,0,-60.680,-78.720,2.333
2012-05-05-05_38_22.455,240,0,18,1,-2.194,-78.788,2.042
2012-05-05-05_38_22.455,240,0,18,1,-2.169,-78.688,2.041
2012-05-05-05_38_22.457,240,0,18,1,-2.270,-78.765,2.041
2012-05-05-05_38_22.457,240,1,18,1,-11.212,-78.788,1.842
2012-05-05-05_38_22.459,240,1,18,1,-11.344,-78.720,1.841
2012-05-05-05_38_22.459,240,1,18,1,-11.236,-78.703,1.941
2012-05-05-05_38_22.460,240,2,18,1,-20.159,-78.718,1.442
2012-05-05-05_38_22.461,240,2,18,1,-20.235,-78.695,1.441
2012-05-05-05_38_22.461,240,2,18,1,-20.242,-78.694,1.441
2012-05-05-05_38_22.462,240,3,18,1,-29.181,-78.800,1.542
2012-05-05-05_38_22.462,240,3,18,1,-29.156,-78.700,1.841
2012-05-05-05_38_22.462,240,3,18,1,-29.257,-78.777,1.741
2012-05-05-05_38_22.463,240,4,18,1,-38.178,-78.802,1.242
2012-05-05-05_38_22.463,240,4,18,1,-38.153,-78.702,1.241
2012-05-05-05_38_22.464,240,4,18,1,-38.253,-78.779,1.241
2012-05-05-05_38_22.464,240,5,18,1,-47.196,-78.788,1.541
2012-05-05-05_38_22.466,240,5,18,1,-47.284,-78.764,1.841
2012-05-05-05_38_22.466,240,5,18,1,-47.253,-78.793,1.641
2012-05-05-05_38_22.467,240,6,18,1,-56.223,-78.862,1.542
2012-05-05-05_38_22.467,240,6,18,1,-56.198,-78.763,1.541
2012-05-05-05_38_22.468,240,6,18,1,-56.299,-78.840,1.641
2012-05-05-05_38_22.468,240,7,18,1,-65.193,-78.776,2.341
2012-05-05-05_38_22.469,240,7,18,1,-65.201,-78.775,2.341
2012-05-05-05_38_22.469,240,7,18,1,-65.181,-78.675,2.341
2012-05-05-05_38_22.470,240,0,19,0,2.265,-83.281,1.953
2012-05-05-05_38_22.470,240,0,19,0,2.292,-83.196,1.953
2012-05-05-05_38_22.471,240,0,19,0,2.187,-83.253,1.953
2012-05-05-05_38_22.471,240,1,19,0,-6.751,-83.290,1.953
2012-05-05-05_38_22.472,240,1,19,0,-6.829,-83.268,1.953
2012-05-05-05_38_22.472,240,1,19,0,-6.770,-83.212,1.853
2012-05-05-05_38_22.473,240,2,19,0,-15.700,-83.211,1.453
2012-05-05-05_38_22.473,240,2,19,0,-15.778,-83.183,1.553
2012-05-05-05_38_22.474,240,2,19,0,-15.721,-83.142,1.553
2012-05-05-05_38_22.474,240,3,19,0,-24.722,-83.294,1.853
2012-05-05-05_38_22.475,240,3,19,0,-24.695,-83.208,1.853
2012-05-05-05_38_22.475,240,3,19,0,-24.800,-83.265,1.853
2012-05-05-05_38_22.475,240,4,19,0,-33.719,-83.295,1.153
2012-05-05-05_38_22.476,240,4,19,0,-33.691,-83.210,1.153
2012-05-05-05_38_22.477,240,4,19,0,-33.797,-83.267,1.153
2012-05-05-05_38_22.477,240,5,19,0,-42.735,-83.296,1.753
2012-05-05-05_38_22.478,240,5,19,0,-42.681,-83.336,1.553
2012-05-05-05_38_22.478,240,5,19,0,-42.784,-83.312,1.753
2012-05-05-05_38_22.479,240,6,19,0,-51.764,-83.356,1.553
2012-05-05-05_38_22.479,240,6,19,0,-51.737,-83.271,1.553
2012-05-05-05_38_22.480,240,6,19,0,-51.683,-83.311,1.553
2012-05-05-05_38_22.480,240,7,19,0,-60.659,-83.292,2.353
2012-05-05-05_38_22.481,240,7,19,0,-60.737,-83.264,2.353
2012-05-05-05_38_22.481,240,7,19,0,-60.680,-83.223,2.353
2012-05-05-05_38_22.482,240,0,19,1,-2.195,-83.292,2.065
2012-05-05-05_38_22.482,240,0,19,1,-2.170,-83.196,2.065
2012-05-05-05_38_22.483,240,0,19,1,-2.270,-83.266,2.065
2012-05-05-05_38_22.483,240,1,19,1,-11.213,-83.290,1.865
2012-05-05-05_38_22.484,240,1,19,1,-11.344,-83.228,1.865
2012-05-05-05_38_22.484,240,1,19,1,-11.237,-83.210,1.865
2012-05-05-05_38_22.485,240,2,19,1,-20.160,-83.222,1.465
2012-05-05-05_38_22.485,240,2,19,1,-20.235,-83.196,1.565
2012-05-05-05_38_22.486,240,2,19,1,-20.242,-83.195,1.465
2012-05-05-05_38_22.486,240,3,19,1,-29.182,-83.305,1.865
2012-05-05-05_38_22.486,240,3,19,1,-29.157,-83.208,1.765
2012-05-05-05_38_22.487,240,3,19,1,-29.257,-83.278,1.765
2012-05-05-05_38_22.487,240,4,19,1,-38.178,-83.306,1.265
2012-05-05-05_38_22.488,240,4,19,1,-38.153,-83.210,1.265
2012-05-05-05_38_22.488,240,4,19,1,-38.254,-83.280,1.265
2012-05-05-05_38_22.489,240,5,19,1,-47.197,-83.296,1.565
2012-05-05-05_38_22.489,240,5,19,1,-47.285,-83.270,1.765
2012-05-05-05_38_22.490,240,5,19,1,-47.253,-83.298,1.565
2012-05-05-05_38_22.490,240,6,19,1,-56.224,-83.367,1.565
2012-05-05-05_38_22.491,240,6,19,1,-56.199,-83.271,1.565
2012-05-05-05_38_22.491,240,6,19,1,-56.299,-83.341,1.565
2012-05-05-05_38_22.492,240,7,19,1,-65.194,-83.277,2.365
2012-05-05-05_38_22.492,240,7,19,1,-65.201,-83.276,2.365
2012-05-05-05_38_22.493,240,7,19,1,-65.181,-83.181,2.365
2012-05-05-05_38_22.493,240,0,20,0,2.267,-87.784,1.978
2012-05-05-05_38_22.494,240,0,20,0,2.294,-87.696,1.978
2012-05-05-05_38_22.494,240,0,20,0,2.187,-87.754,1.978
2012-05-05-05_38_22.495,240,1,20,0,-6.751,-87.794,1.878
2012-05-05-05_38_22.495,240,1,20,0,-6.829,-87.768,1.878
2012-05-05-05_38_22.496,240,1,20,0,-6.770,-87.716,1.778
2012-05-05-05_38_22.496,240,2,20,0,-15.698,-87.714,1.478
2012-05-05-05_38_22.496,240,2,20,0,-15.778,-87.684,1.478
2012-05-05-05_38_22.498,240,2,20,0,-15.719,-87.640,1.578
2012-05-05-05_38_22.499,240,3,20,0,-24.720,-87.796,1.878
2012-05-05-05_38_22.499,240,3,20,0,-24.693,-87.708,1.878
2012-05-05-05_38_22.500,240,3,20,0,-24.800,-87.766,1.878
2012-05-05-05_38_22.500,240,4,20,0,-33.717,-87.798,1.078
2012-05-05-05_38_22.501,240,4,20,0,-33.689,-87.710,1.178
2012-05-05-05_38_22.501,240,4,20,0,-33.797,-87.768,1.078
2012-05-05-05_38_22.501,240,5,20,0,-42.733,-87.796,1.778
2012-05-05-05_38_22.502,240,5,20,0,-42.682,-87.836,1.778
2012-05-05-05_38_22.502,240,5,20,0,-42.782,-87.810,1.778
2012-05-05-05_38_22.503,240,6,20,0,-51.762,-87.859,1.578
2012-05-05-05_38_22.503,240,6,20,0,-51.735,-87.771,1.578
2012-05-05-05_38_22.504,240,6,20,0,-51.684,-87.810,1.578
2012-05-05-05_38_22.504,240,7,20,0,-60.657,-87.795,2.378
2012-05-05-05_38_22.505,240,7,20,0,-60.737,-87.765,2.378
2012-05-05-05_38_22.505,240,7,20,0,-60.678,-87.721,2.378
2012-05-05-05_38_22.506,240,0,20,1,-2.193,-87.790,1.987
2012-05-05-05_38_22.506,240,0,20,1,-2.170,-87.696,1.987
2012-05-05-05_38_22.506,240,0,20,1,-2.268,-87.782,1.987
2012-05-05-05_38_22.507,240,1,20,1,-11.213,-87.794,0.000
2012-05-05-05_38_22.507,240,2,20,1,-20.158,-87.720,1.587
2012-05-05-05_38_22.508,240,2,20,1,-20.233,-87.712,1.487
2012-05-05-05_38_22.508,240,2,20,1,-20.243,-87.703,1.487
2012-05-05-05_38_22.509,240,3,20,1,-29.180,-87.802,1.687
2012-05-05-05_38_22.509,240,3,20,1,-29.157,-87.708,1.787
2012-05-05-05_38_22.511,240,3,20,1,-29.255,-87.795,1.787
2012-05-05-05_38_22.511,240,4,20,1,-38.176,-87.804,1.287
2012-05-05-05_38_22.512,240,4,20,1,-38.154,-87.710,1.187
2012-05-05-05_38_22.512,240,4,20,1,-38.252,-87.796,1.287
2012-05-05-05_38_22.513,240,5,20,1,-47.197,-87.796,1.887
2012-05-05-05_38_22.513,240,5,20,1,-47.244,-87.810,1.787
2012-05-05-05_38_22.514,240,6,20,1,-56.222,-87.865,1.587
2012-05-05-05_38_22.514,240,6,20,1,-56.199,-87.770,1.587
2012-05-05-05_38_22.515,240,6,20,1,-56.297,-87.857,1.587
2012-05-05-05_38_22.515,240,7,20,1,-65.192,-87.793,2.287
2012-05-05-05_38_22.516,240,7,20,1,-65.202,-87.784,2.387
2012-05-05-05_38_22.516,240,7,20,1,-65.140,-87.721,2.187
2012-05-05-05_38_22.517,240,0,21,0,2.266,-92.283,2.096
2012-05-05-05_38_22.517,240,0,21,0,2.294,-92.190,2.096
2012-05-05-05_38_22.518,240,0,21,0,2.189,-92.257,2.096
2012-05-05-05_38_22.518,240,1,21,0,-6.754,-92.295,1.896
2012-05-05-05_38_22.519,240,1,21,0,-6.829,-92.269,1.996
2012-05-05-05_38_22.519,240,1,21,0,-6.773,-92.209,1.896
2012-05-05-05_38_22.520,240,2,21,0,-15.698,-92.213,1.396
2012-05-05-05_38_22.520,240,2,21,0,-15.776,-92.187,1.396
2012-05-05-05_38_22.521,240,2,21,0,-15.754,-92.197,1.396
2012-05-05-05_38_22.521,240,3,21,0,-24.720,-92.295,1.796
2012-05-05-05_38_22.522,240,3,21,0,-24.693,-92.202,1.796
2012-05-05-05_38_22.522,240,3,21,0,-24.798,-92.269,1.796
2012-05-05-05_38_22.523,240,4,21,0,-33.717,-92.297,1.096
2012-05-05-05_38_22.523,240,4,21,0,-33.690,-92.204,1.096
2012-05-05-05_38_22.524,240,4,21,0,-33.795,-92.271,1.096
2012-05-05-05_38_22.524,240,5,21,0,-42.733,-92.290,1.896
2012-05-05-05_38_22.525,240,5,21,0,-42.682,-92.337,1.696
2012-05-05-05_38_22.525,240,5,21,0,-42.780,-92.304,1.896
2012-05-05-05_38_22.525,240,6,21,0,-51.762,-92.357,1.496
2012-05-05-05_38_22.526,240,6,21,0,-51.735,-92.265,1.496
2012-05-05-05_38_22.526,240,6,21,0,-51.684,-92.311,1.496
2012-05-05-05_38_22.527,240,7,21,0,-60.657,-92.293,2.396
2012-05-05-05_38_22.527,240,7,21,0,-60.735,-92.268,2.296
2012-05-05-05_38_22.528,240,7,21,0,-60.676,-92.215,2.296
2012-05-05-05_38_22.528,240,0,21,1,-2.193,-92.289,2.105
2012-05-05-05_38_22.529,240,0,21,1,-2.168,-92.190,2.104
2012-05-05-05_38_22.530,240,0,21,1,-2.269,-92.270,2.104
2012-05-05-05_38_22.531,240,1,21,1,-11.214,-92.296,2.005
2012-05-05-05_38_22.531,240,1,21,1,-11.342,-92.221,2.004
2012-05-05-05_38_22.532,240,1,21,1,-11.235,-92.210,2.004
2012-05-05-05_38_22.532,240,2,21,1,-20.158,-92.219,1.505
2012-05-05-05_38_22.533,240,2,21,1,-20.234,-92.200,1.504
2012-05-05-05_38_22.533,240,2,21,1,-20.241,-92.199,1.504
2012-05-05-05_38_22.534,240,3,21,1,-29.180,-92.301,1.605
2012-05-05-05_38_22.534,240,3,21,1,-29.155,-92.202,1.804
2012-05-05-05_38_22.535,240,3,21,1,-29.256,-92.283,1.804
2012-05-05-05_38_22.535,240,4,21,1,-38.177,-92.303,1.205
2012-05-05-05_38_22.536,240,4,21,1,-38.152,-92.204,1.204
2012-05-05-05_38_22.536,240,4,21,1,-38.252,-92.284,1.204
2012-05-05-05_38_22.536,240,5,21,1,-47.195,-92.289,1.604
2012-05-05-05_38_22.537,240,5,21,1,-47.283,-92.270,1.604
2012-05-05-05_38_22.537,240,5,21,1,-47.251,-92.292,1.604
2012-05-05-05_38_22.538,240,6,21,1,-56.222,-92.364,1.605
2012-05-05-05_38_22.538,240,6,21,1,-56.197,-92.264,1.604
2012-05-05-05_38_22.539,240,6,21,1,-56.298,-92.345,1.604
2012-05-05-05_38_22.539,240,7,21,1,-65.192,-92.281,2.204
2012-05-05-05_38_22.540,240,7,21,1,-65.200,-92.280,2.104
2012-05-05-05_38_22.540,240,7,21,1,-65.179,-92.181,2.104
2012-05-05-05_38_22.541,240,0,22,0,2.256,-96.779,2.016
2012-05-05-05_38_22.541,240,0,22,0,2.296,-96.691,2.016
2012-05-05-05_38_22.542,240,0,22,0,2.186,-96.757,2.016
2012-05-05-05_38_22.542,240,1,22,0,-6.754,-96.794,1.916
2012-05-05-05_38_22.543,240,1,22,0,-6.830,-96.774,1.916
2012-05-05-05_38_22.543,240,1,22,0,-6.776,-96.708,1.916
2012-05-05-05_38_22.544,240,2,22,0,-15.709,-96.709,1.416
2012-05-05-05_38_22.544,240,2,22,0,-15.779,-96.687,1.416
2012-05-05-05_38_22.545,240,2,22,0,-15.718,-96.640,1.316
2012-05-05-05_38_22.545,240,3,22,0,-24.731,-96.791,1.816
2012-05-05-05_38_22.546,240,3,22,0,-24.691,-96.703,1.816
2012-05-05-05_38_22.546,240,3,22,0,-24.801,-96.770,1.816
2012-05-05-05_38_22.547,240,4,22,0,-33.727,-96.793,1.116
2012-05-05-05_38_22.547,240,4,22,0,-33.688,-96.705,1.116
2012-05-05-05_38_22.548,240,4,22,0,-33.798,-96.771,1.116
2012-05-05-05_38_22.548,240,5,22,0,-42.731,-96.791,1.816
2012-05-05-05_38_22.549,240,5,22,0,-42.683,-96.842,1.516
2012-05-05-05_38_22.549,240,5,22,0,-42.780,-96.810,1.816
2012-05-05-05_38_22.549,240,6,22,0,-51.773,-96.854,1.516
2012-05-05-05_38_22.550,240,6,22,0,-51.733,-96.766,1.516
2012-05-05-05_38_22.551,240,6,22,0,-51.685,-96.817,1.616
2012-05-05-05_38_22.551,240,7,22,0,-60.667,-96.790,2.316
2012-05-05-05_38_22.552,240,7,22,0,-60.738,-96.768,2.316
2012-05-05-05_38_22.552,240,7,22,0,-60.677,-96.721,2.316
2012-05-05-05_38_22.553,240,0,22,1,-2.191,-96.786,2.125
2012-05-05-05_38_22.553,240,0,22,1,-2.168,-96.691,2.025
2012-05-05-05_38_22.554,240,0,22,1,-2.264,-96.768,2.025
2012-05-05-05_38_22.554,240,1,22,1,-11.214,-96.794,2.025
2012-05-05-05_38_22.554,240,1,22,1,-11.343,-96.722,1.925
2012-05-05-05_38_22.555,240,1,22,1,-11.235,-96.708,1.925
2012-05-05-05_38_22.555,240,2,22,1,-20.156,-96.716,1.525
2012-05-05-05_38_22.556,240,2,22,1,-20.229,-96.698,1.425
2012-05-05-05_38_22.556,240,2,22,1,-20.236,-96.697,1.525
2012-05-05-05_38_22.557,240,3,22,1,-29.178,-96.798,1.625
2012-05-05-05_38_22.557,240,3,22,1,-29.155,-96.703,1.825
2012-05-05-05_38_22.558,240,3,22,1,-29.251,-96.780,1.625
2012-05-05-05_38_22.558,240,4,22,1,-38.175,-96.800,1.125
2012-05-05-05_38_22.559,240,4,22,1,-38.152,-96.705,1.225
2012-05-05-05_38_22.559,240,4,22,1,-38.248,-96.782,1.225
2012-05-05-05_38_22.559,240,5,22,1,-47.196,-96.790,1.625
2012-05-05-05_38_22.560,240,5,22,1,-47.281,-96.768,1.625
2012-05-05-05_38_22.562,240,5,22,1,-47.252,-96.791,1.525
2012-05-05-05_38_22.563,240,6,22,1,-56.220,-96.861,1.625
2012-05-05-05_38_22.564,240,6,22,1,-56.197,-96.765,1.625
2012-05-05-05_38_22.564,240,6,22,1,-56.293,-96.842,1.525
2012-05-05-05_38_22.565,240,7,22,1,-65.188,-96.779,2.125
2012-05-05-05_38_22.565,240,7,22,1,-65.195,-96.778,2.125
2012-05-05-05_38_22.566,240,7,22,1,-65.177,-96.679,2.125
2012-05-05-05_38_22.566,240,0,23,0,2.271,-101.278,1.940
2012-05-05-05_38_22.567,240,0,23,0,2.296,-101.190,2.040
2012-05-05-05_38_22.567,240,0,23,0,2.188,-101.254,1.940
2012-05-05-05_38_22.567,240,1,23,0,-6.757,-101.289,1.840
2012-05-05-05_38_22.568,240,1,23,0,-6.830,-101.269,1.840
2012-05-05-05_38_22.568,240,1,23,0,-6.776,-101.205,1.840
2012-05-05-05_38_22.569,240,2,23,0,-15.694,-101.208,1.340
2012-05-05-05_38_22.569,240,2,23,0,-15.777,-101.184,1.240
2012-05-05-05_38_22.570,240,2,23,0,-15.718,-101.139,1.340
2012-05-05-05_38_22.570,240,3,23,0,-24.716,-101.290,1.740
2012-05-05-05_38_22.571,240,3,23,0,-24.691,-101.203,1.740
2012-05-05-05_38_22.571,240,3,23,0,-24.799,-101.266,1.740
2012-05-05-05_38_22.572,240,4,23,0,-33.713,-101.292,1.040
2012-05-05-05_38_22.572,240,4,23,0,-33.688,-101.204,1.140
2012-05-05-05_38_22.573,240,4,23,0,-33.796,-101.268,1.140
2012-05-05-05_38_22.573,240,5,23,0,-42.732,-101.290,1.640
2012-05-05-05_38_22.574,240,5,23,0,-42.683,-101.338,1.440
2012-05-05-05_38_22.574,240,5,23,0,-42.781,-101.309,1.640
2012-05-05-05_38_22.575,240,6,23,0,-51.758,-101.353,1.440
2012-05-05-05_38_22.575,240,6,23,0,-51.733,-101.265,1.540
2012-05-05-05_38_22.576,240,6,23,0,-51.685,-101.312,1.540
2012-05-05-05_38_22.576,240,7,23,0,-60.653,-101.289,2.240
2012-05-05-05_38_22.577,240,7,23,0,-60.736,-101.265,2.240
2012-05-05-05_38_22.577,240,7,23,0,-60.677,-101.220,2.240
2012-05-05-05_38_22.578,240,0,23,1,-2.179,-101.276,2.040
2012-05-05-05_38_22.578,240,0,23,1,-2.169,-101.190,2.040
2012-05-05-05_38_22.578,240,0,23,1,-2.265,-101.265,2.040
2012-05-05-05_38_22.579,240,1,23,1,-11.354,-101.308,1.940
2012-05-05-05_38_22.579,240,1,23,1,-11.343,-101.222,1.840
2012-05-05-05_38_22.580,240,1,23,1,-11.236,-101.204,1.840
2012-05-05-05_38_22.580,240,2,23,1,-20.144,-101.206,1.340
2012-05-05-05_38_22.581,240,2,23,1,-20.230,-101.194,1.440
2012-05-05-05_38_22.581,240,2,23,1,-20.237,-101.194,1.440
2012-05-05-05_38_22.582,240,3,23,1,-29.166,-101.288,1.640
2012-05-05-05_38_22.582,240,3,23,1,-29.156,-101.202,1.740
2012-05-05-05_38_22.583,240,3,23,1,-29.252,-101.277,1.840
2012-05-05-05_38_22.583,240,4,23,1,-38.163,-101.290,1.240
2012-05-05-05_38_22.584,240,4,23,1,-38.152,-101.204,1.240
2012-05-05-05_38_22.584,240,4,23,1,-38.248,-101.279,1.140
2012-05-05-05_38_22.585,240,5,23,1,-47.196,-101.290,1.540
2012-05-05-05_38_22.585,240,5,23,1,-47.279,-101.266,1.540
2012-05-05-05_38_22.585,240,5,23,1,-47.250,-101.292,1.540
2012-05-05-05_38_22.586,240,6,23,1,-56.208,-101.350,1.540
2012-05-05-05_38_22.586,240,6,23,1,-56.198,-101.265,1.540
2012-05-05-05_38_22.587,240,6,23,1,-56.294,-101.339,1.640
2012-05-05-05_38_22.587,240,7,23,1,-65.188,-101.275,2.140
2012-05-05-05_38_22.588,240,7,23,1,-65.196,-101.274,2.040
2012-05-05-05_38_22.588,240,7,23,1,-65.175,-101.176,2.140
