2012-05-05-22_54_39.203,322,0,0,0,2.259,2.220,3.497
2012-05-05-22_54_39.204,322,1,0,0,-6.749,2.205,2.896
2012-05-05-22_54_39.205,322,2,0,0,-15.738,2.300,2.497
2012-05-05-22_54_39.206,322,3,0,0,-24.792,2.205,2.797
2012-05-05-22_54_39.207,322,4,0,0,-33.779,2.230,1.997
2012-05-05-22_54_39.207,322,5,0,0,-42.794,2.167,2.797
2012-05-05-22_54_39.208,322,6,0,0,-51.793,2.164,2.597
2012-05-05-22_54_39.209,322,7,0,0,-60.715,2.246,3.297
2012-05-05-22_54_39.210,322,0,0,1,-2.186,2.213,3.696
2012-05-05-22_54_39.210,322,1,0,1,-11.201,2.205,3.096
2012-05-05-22_54_39.211,322,2,0,1,-20.183,2.293,2.696
2012-05-05-22_54_39.212,322,3,0,1,-29.237,2.197,2.696
2012-05-05-22_54_39.212,322,4,0,1,-38.224,2.223,2.296
2012-05-05-22_54_39.213,322,5,0,1,-47.239,2.160,2.596
2012-05-05-22_54_39.214,322,6,0,1,-56.238,2.157,2.696
2012-05-05-22_54_39.215,322,7,0,1,-65.160,2.239,3.496
2012-05-05-22_54_39.216,322,0,1,0,2.271,-2.279,3.612
2012-05-05-22_54_39.216,322,1,1,0,-6.745,-2.290,3.112
2012-05-05-22_54_39.217,322,2,1,0,-15.726,-2.199,2.612
2012-05-05-22_54_39.218,322,3,1,0,-24.781,-2.295,2.912
2012-05-05-22_54_39.238,322,4,1,0,-33.768,-2.270,2.112
2012-05-05-22_54_39.239,322,5,1,0,-42.782,-2.332,2.712
2012-05-05-22_54_39.239,322,6,1,0,-51.781,-2.336,2.612
2012-05-05-22_54_39.240,322,7,1,0,-60.703,-2.253,3.212
2012-05-05-22_54_39.241,322,0,1,1,-2.188,-2.289,3.820
2012-05-05-22_54_39.241,322,1,1,1,-11.202,-2.289,3.219
2012-05-05-22_54_39.242,322,2,1,1,-20.186,-2.209,2.620
2012-05-05-22_54_39.243,322,3,1,1,-29.240,-2.304,2.620
2012-05-05-22_54_39.243,322,4,1,1,-38.227,-2.279,2.020
2012-05-05-22_54_39.244,322,5,1,1,-47.242,-2.342,2.620
2012-05-05-22_54_39.244,322,6,1,1,-56.241,-2.345,2.620
2012-05-05-22_54_39.245,322,7,1,1,-65.163,-2.263,3.320
2012-05-05-22_54_39.246,322,0,2,0,2.271,-6.784,3.728
2012-05-05-22_54_39.246,322,1,2,0,-6.745,-6.787,3.128
2012-05-05-22_54_39.251,322,2,2,0,-15.726,-6.704,2.628
2012-05-05-22_54_39.252,322,3,2,0,-24.781,-6.799,2.828
2012-05-05-22_54_39.253,322,4,2,0,-33.768,-6.774,2.228
2012-05-05-22_54_39.255,322,5,2,0,-42.783,-6.836,2.928
2012-05-05-22_54_39.257,322,6,2,0,-51.781,-6.840,2.728
2012-05-05-22_54_39.258,322,7,2,0,-60.703,-6.758,3.528
2012-05-05-22_54_39.259,322,0,2,1,-2.189,-6.792,3.637
2012-05-05-22_54_39.260,322,1,2,1,-11.205,-6.787,3.137
2012-05-05-22_54_39.261,322,2,2,1,-20.186,-6.712,2.637
2012-05-05-22_54_39.264,322,3,2,1,-29.241,-6.808,2.837
2012-05-05-22_54_39.265,322,4,2,1,-38.228,-6.783,2.337
2012-05-05-22_54_39.266,322,5,2,1,-47.242,-6.845,2.637
2012-05-05-22_54_39.267,322,6,2,1,-56.241,-6.848,2.737
2012-05-05-22_54_39.268,322,7,2,1,-65.163,-6.766,3.437
2012-05-05-22_54_39.269,322,0,3,0,2.270,-11.282,3.747
2012-05-05-22_54_39.270,322,1,3,0,-6.741,-11.286,3.247
2012-05-05-22_54_39.274,322,2,3,0,-15.727,-11.202,2.647
2012-05-05-22_54_39.275,322,3,3,0,-24.781,-11.297,2.947
2012-05-05-22_54_39.276,322,4,3,0,-33.769,-11.272,2.347
2012-05-05-22_54_39.279,322,5,3,0,-42.783,-11.335,2.847
2012-05-05-22_54_39.280,322,6,3,0,-51.782,-11.338,2.747
2012-05-05-22_54_39.281,322,7,3,0,-60.704,-11.256,3.247
2012-05-05-22_54_39.284,322,0,3,1,-2.189,-11.288,3.759
2012-05-05-22_54_39.285,322,1,3,1,-11.203,-11.286,3.259
2012-05-05-22_54_39.285,322,2,3,1,-20.186,-11.208,2.659
2012-05-05-22_54_39.286,322,3,3,1,-29.241,-11.303,2.859
2012-05-05-22_54_39.287,322,4,3,1,-38.228,-11.278,2.459
2012-05-05-22_54_39.288,322,5,3,1,-47.243,-11.341,2.659
2012-05-05-22_54_39.289,322,6,3,1,-56.241,-11.344,2.759
2012-05-05-22_54_39.290,322,7,3,1,-65.163,-11.262,3.359
2012-05-05-22_54_39.292,322,0,4,0,2.270,-15.782,3.672
2012-05-05-22_54_39.293,322,1,4,0,-6.741,-15.794,3.272
2012-05-05-22_54_39.293,322,2,4,0,-15.727,-15.701,2.672
2012-05-05-22_54_39.295,322,3,4,0,-24.782,-15.797,2.972
2012-05-05-22_54_39.296,322,4,4,0,-33.769,-15.772,2.072
2012-05-05-22_54_39.297,322,5,4,0,-42.784,-15.834,2.672
2012-05-05-22_54_39.298,322,6,4,0,-51.782,-15.838,2.672
2012-05-05-22_54_39.299,322,7,4,0,-60.704,-15.755,3.472
2012-05-05-22_54_39.299,322,0,4,1,-2.187,-15.789,3.683
2012-05-05-22_54_39.301,322,1,4,1,-11.203,-15.794,3.183
2012-05-05-22_54_39.302,322,2,4,1,-20.184,-15.708,2.683
2012-05-05-22_54_39.303,322,3,4,1,-29.239,-15.804,2.883
2012-05-05-22_54_39.303,322,4,4,1,-38.226,-15.779,2.083
2012-05-05-22_54_39.304,322,5,4,1,-47.241,-15.841,2.583
2012-05-05-22_54_39.305,322,6,4,1,-56.239,-15.845,2.683
2012-05-05-22_54_39.306,322,7,4,1,-65.161,-15.762,3.383
2012-05-05-22_54_39.307,322,0,5,0,2.270,-20.279,3.691
2012-05-05-22_54_39.308,322,1,5,0,-6.742,-20.297,3.191
2012-05-05-22_54_39.310,322,2,5,0,-15.728,-20.199,2.691
2012-05-05-22_54_39.311,322,3,5,0,-24.782,-20.294,2.891
2012-05-05-22_54_39.312,322,4,5,0,-33.769,-20.269,2.291
2012-05-05-22_54_39.313,322,5,5,0,-42.784,-20.332,2.791
2012-05-05-22_54_39.316,322,6,5,0,-51.783,-20.335,2.691
2012-05-05-22_54_39.317,322,7,5,0,-60.705,-20.253,3.291
2012-05-05-22_54_39.317,322,0,5,1,-2.185,-20.288,3.801
2012-05-05-22_54_39.318,322,1,5,1,-11.206,-20.297,3.100
2012-05-05-22_54_39.321,322,2,5,1,-20.182,-20.208,2.601
2012-05-05-22_54_39.322,322,3,5,1,-29.237,-20.303,2.901
2012-05-05-22_54_39.323,322,4,5,1,-38.224,-20.278,2.201
2012-05-05-22_54_39.324,322,5,5,1,-47.239,-20.340,2.601
2012-05-05-22_54_39.332,322,6,5,1,-56.237,-20.344,2.701
2012-05-05-22_54_39.333,322,7,5,1,-65.159,-20.262,3.501
2012-05-05-22_54_39.334,322,0,6,0,2.269,-24.780,3.710
2012-05-05-22_54_39.335,322,1,6,0,-6.739,-24.791,3.210
2012-05-05-22_54_39.336,322,2,6,0,-15.728,-24.700,2.710
2012-05-05-22_54_39.337,322,3,6,0,-24.783,-24.795,3.010
2012-05-05-22_54_39.338,322,4,6,0,-33.770,-24.770,2.010
2012-05-05-22_54_39.339,322,5,6,0,-42.784,-24.833,2.710
2012-05-05-22_54_39.339,322,6,6,0,-51.783,-24.836,2.810
2012-05-05-22_54_39.340,322,7,6,0,-60.705,-24.754,3.510
2012-05-05-22_54_39.340,322,0,6,1,-2.183,-24.789,3.722
2012-05-05-22_54_39.341,322,1,6,1,-11.209,-24.790,3.222
2012-05-05-22_54_39.342,322,2,6,1,-20.180,-24.709,2.722
2012-05-05-22_54_39.342,322,3,6,1,-29.235,-24.804,3.022
2012-05-05-22_54_39.343,322,4,6,1,-38.222,-24.779,2.122
2012-05-05-22_54_39.343,322,5,6,1,-47.237,-24.842,2.722
2012-05-05-22_54_39.344,322,6,6,1,-56.235,-24.845,2.822
2012-05-05-22_54_39.345,322,7,6,1,-65.157,-24.763,3.522
2012-05-05-22_54_39.346,322,0,7,0,2.269,-29.284,3.735
2012-05-05-22_54_39.346,322,1,7,0,-6.740,-29.287,3.235
2012-05-05-22_54_39.347,322,2,7,0,-15.728,-29.204,2.735
2012-05-05-22_54_39.347,322,3,7,0,-24.783,-29.299,2.935
2012-05-05-22_54_39.348,322,4,7,0,-33.770,-29.274,2.435
2012-05-05-22_54_39.348,322,5,7,0,-42.785,-29.336,2.735
2012-05-05-22_54_39.349,322,6,7,0,-51.784,-29.340,2.935
2012-05-05-22_54_39.350,322,7,7,0,-60.705,-29.258,3.535
2012-05-05-22_54_39.350,322,0,7,1,-2.184,-29.291,3.745
2012-05-05-22_54_39.351,322,1,7,1,-11.209,-29.287,3.245
2012-05-05-22_54_39.351,322,2,7,1,-20.181,-29.211,2.745
2012-05-05-22_54_39.352,322,3,7,1,-29.235,-29.306,2.945
2012-05-05-22_54_39.352,322,4,7,1,-38.223,-29.281,2.345
2012-05-05-22_54_39.353,322,5,7,1,-47.237,-29.344,2.845
2012-05-05-22_54_39.353,322,6,7,1,-56.236,-29.347,2.845
2012-05-05-22_54_39.354,322,7,7,1,-65.158,-29.265,3.545
2012-05-05-22_54_39.354,322,0,8,0,2.273,-33.782,3.754
2012-05-05-22_54_39.355,322,1,8,0,-6.743,-33.785,3.254
2012-05-05-22_54_39.355,322,2,8,0,-15.724,-33.702,2.654
2012-05-05-22_54_39.356,322,3,8,0,-24.779,-33.797,2.954
2012-05-05-22_54_39.356,322,4,8,0,-33.766,-33.772,2.454
2012-05-05-22_54_39.357,322,5,8,0,-42.780,-33.835,2.754
2012-05-05-22_54_39.357,322,6,8,0,-51.779,-33.838,2.854
2012-05-05-22_54_39.358,322,7,8,0,-60.701,-33.756,3.454
2012-05-05-22_54_39.359,322,0,8,1,-2.184,-33.787,3.763
2012-05-05-22_54_39.359,322,1,8,1,-11.212,-33.785,3.263
2012-05-05-22_54_39.360,322,2,8,1,-20.181,-33.707,2.763
2012-05-05-22_54_39.361,322,3,8,1,-29.236,-33.803,3.063
2012-05-05-22_54_39.362,322,4,8,1,-38.223,-33.778,2.463
2012-05-05-22_54_39.363,322,5,8,1,-47.238,-33.840,2.763
2012-05-05-22_54_39.363,322,6,8,1,-56.236,-33.843,2.863
2012-05-05-22_54_39.364,322,7,8,1,-65.158,-33.761,3.563
2012-05-05-22_54_39.364,322,0,9,0,2.275,-38.282,3.773
2012-05-05-22_54_39.365,322,1,9,0,-6.746,-38.292,3.273
2012-05-05-22_54_39.366,322,2,9,0,-15.722,-38.202,2.773
2012-05-05-22_54_39.366,322,3,9,0,-24.777,-38.298,2.973
2012-05-05-22_54_39.367,322,4,9,0,-33.764,-38.272,2.273
2012-05-05-22_54_39.368,322,5,9,0,-42.778,-38.335,2.773
2012-05-05-22_54_39.368,322,6,9,0,-51.777,-38.338,2.773
2012-05-05-22_54_39.370,322,7,9,0,-60.699,-38.256,3.373
2012-05-05-22_54_39.371,322,0,9,1,-2.185,-38.288,3.785
2012-05-05-22_54_39.372,322,1,9,1,-11.213,-38.293,3.285
2012-05-05-22_54_39.373,322,2,9,1,-20.182,-38.208,2.785
2012-05-05-22_54_39.375,322,3,9,1,-29.236,-38.304,2.785
2012-05-05-22_54_39.375,322,4,9,1,-38.223,-38.279,2.285
2012-05-05-22_54_39.376,322,5,9,1,-47.238,-38.341,2.785
2012-05-05-22_54_39.377,322,6,9,1,-56.237,-38.344,2.885
2012-05-05-22_54_39.377,322,7,9,1,-65.159,-38.262,3.485
2012-05-05-22_54_39.378,322,0,10,0,2.277,-42.779,3.798
2012-05-05-22_54_39.379,322,1,10,0,-6.748,-42.796,3.398
2012-05-05-22_54_39.380,322,2,10,0,-15.720,-42.699,2.798
2012-05-05-22_54_39.380,322,3,10,0,-24.775,-42.795,2.998
2012-05-05-22_54_39.381,322,4,10,0,-33.762,-42.770,2.298
2012-05-05-22_54_39.381,322,5,10,0,-42.776,-42.832,2.798
2012-05-05-22_54_39.382,322,6,10,0,-51.775,-42.835,2.898
2012-05-05-22_54_39.383,322,7,10,0,-60.697,-42.753,3.498
2012-05-05-22_54_39.383,322,0,10,1,-2.187,-42.787,3.908
2012-05-05-22_54_39.384,322,1,10,1,-11.213,-42.795,3.308
2012-05-05-22_54_39.384,322,2,10,1,-20.184,-42.707,2.808
2012-05-05-22_54_39.385,322,3,10,1,-29.239,-42.802,3.108
2012-05-05-22_54_39.386,322,4,10,1,-38.226,-42.777,2.508
2012-05-05-22_54_39.386,322,5,10,1,-47.241,-42.839,2.908
2012-05-05-22_54_39.387,322,6,10,1,-56.240,-42.843,2.908
2012-05-05-22_54_39.388,322,7,10,1,-65.161,-42.761,3.508
2012-05-05-22_54_39.389,322,0,11,0,2.277,-47.280,3.817
2012-05-05-22_54_39.389,322,1,11,0,-6.749,-47.291,3.217
2012-05-05-22_54_39.390,322,2,11,0,-15.720,-47.200,2.817
2012-05-05-22_54_39.391,322,3,11,0,-24.775,-47.295,3.017
2012-05-05-22_54_39.391,322,4,11,0,-33.762,-47.270,2.417
2012-05-05-22_54_39.392,322,5,11,0,-42.777,-47.332,2.817
2012-05-05-22_54_39.393,322,6,11,0,-51.775,-47.336,3.017
2012-05-05-22_54_39.394,322,7,11,0,-60.697,-47.254,3.417
2012-05-05-22_54_39.394,322,0,11,1,-2.188,-47.289,3.826
2012-05-05-22_54_39.395,322,1,11,1,-11.211,-47.290,3.326
2012-05-05-22_54_39.395,322,2,11,1,-20.185,-47.209,2.826
2012-05-05-22_54_39.396,322,3,11,1,-29.240,-47.305,2.826
2012-05-05-22_54_39.396,322,4,11,1,-38.227,-47.280,2.526
2012-05-05-22_54_39.397,322,5,11,1,-47.241,-47.342,2.826
2012-05-05-22_54_39.397,322,6,11,1,-56.240,-47.346,3.026
2012-05-05-22_54_39.398,322,7,11,1,-65.162,-47.263,3.626
2012-05-05-22_54_39.398,322,0,12,0,2.276,-51.784,3.736
2012-05-05-22_54_39.399,322,1,12,0,-6.752,-51.788,3.336
2012-05-05-22_54_39.399,322,2,12,0,-15.721,-51.704,2.836
2012-05-05-22_54_39.400,322,3,12,0,-24.776,-51.800,3.036
2012-05-05-22_54_39.400,322,4,12,0,-33.763,-51.775,2.236
2012-05-05-22_54_39.401,322,5,12,0,-42.777,-51.837,2.836
2012-05-05-22_54_39.401,322,6,12,0,-51.776,-51.841,2.936
2012-05-05-22_54_39.402,322,7,12,0,-60.698,-51.758,3.536
2012-05-05-22_54_39.402,322,0,12,1,-2.188,-51.792,3.849
2012-05-05-22_54_39.403,322,1,12,1,-11.211,-51.788,3.349
2012-05-05-22_54_39.404,322,2,12,1,-20.185,-51.712,2.849
2012-05-05-22_54_39.405,322,3,12,1,-29.240,-51.807,2.949
2012-05-05-22_54_39.405,322,4,12,1,-38.227,-51.782,2.549
2012-05-05-22_54_39.406,322,5,12,1,-47.242,-51.845,2.849
2012-05-05-22_54_39.407,322,6,12,1,-56.240,-51.848,3.049
2012-05-05-22_54_39.407,322,7,12,1,-65.162,-51.766,3.649
2012-05-05-22_54_39.408,322,0,13,0,2.276,-56.282,3.862
2012-05-05-22_54_39.408,322,1,13,0,-6.752,-56.286,3.362
2012-05-05-22_54_39.409,322,2,13,0,-15.721,-56.202,2.762
2012-05-05-22_54_39.410,322,3,13,0,-24.776,-56.297,3.062
2012-05-05-22_54_39.410,322,4,13,0,-33.763,-56.272,2.362
2012-05-05-22_54_39.411,322,5,13,0,-42.778,-56.335,2.862
2012-05-05-22_54_39.411,322,6,13,0,-51.776,-56.338,2.862
2012-05-05-22_54_39.412,322,7,13,0,-60.698,-56.256,3.462
2012-05-05-22_54_39.414,322,0,13,1,-2.191,-56.289,3.872
2012-05-05-22_54_39.415,322,1,13,1,-11.212,-56.286,3.371
2012-05-05-22_54_39.415,322,2,13,1,-20.188,-56.208,2.772
2012-05-05-22_54_39.416,322,3,13,1,-29.243,-56.304,2.872
2012-05-05-22_54_39.416,322,4,13,1,-38.230,-56.279,2.272
2012-05-05-22_54_39.417,322,5,13,1,-47.245,-56.341,2.872
2012-05-05-22_54_39.418,322,6,13,1,-56.243,-56.345,2.872
2012-05-05-22_54_39.418,322,7,13,1,-65.165,-56.262,3.672
2012-05-05-22_54_39.419,322,0,14,0,2.275,-60.781,3.879
2012-05-05-22_54_39.420,322,1,14,0,-6.753,-60.793,3.379
2012-05-05-22_54_39.420,322,2,14,0,-15.722,-60.701,2.779
2012-05-05-22_54_39.421,322,3,14,0,-24.776,-60.797,3.079
2012-05-05-22_54_39.422,322,4,14,0,-33.763,-60.772,2.579
2012-05-05-22_54_39.422,322,5,14,0,-42.778,-60.834,2.779
2012-05-05-22_54_39.423,322,6,14,0,-51.777,-60.837,2.879
2012-05-05-22_54_39.424,322,7,14,0,-60.699,-60.755,3.679
2012-05-05-22_54_39.425,322,0,14,1,-2.194,-60.788,3.888
2012-05-05-22_54_39.425,322,1,14,1,-11.210,-60.793,3.388
2012-05-05-22_54_39.426,322,2,14,1,-20.191,-60.708,2.888
2012-05-05-22_54_39.427,322,3,14,1,-29.246,-60.803,2.888
2012-05-05-22_54_39.428,322,4,14,1,-38.233,-60.778,2.588
2012-05-05-22_54_39.428,322,5,14,1,-47.247,-60.841,2.888
2012-05-05-22_54_39.429,322,6,14,1,-56.246,-60.844,2.988
2012-05-05-22_54_39.430,322,7,14,1,-65.168,-60.762,3.688
2012-05-05-22_54_39.431,322,0,15,0,2.273,-65.280,3.897
2012-05-05-22_54_39.431,322,1,15,0,-6.751,-65.296,3.397
2012-05-05-22_54_39.432,322,2,15,0,-15.725,-65.199,2.897
2012-05-05-22_54_39.433,322,3,15,0,-24.779,-65.295,3.097
2012-05-05-22_54_39.434,322,4,15,0,-33.766,-65.270,2.497
2012-05-05-22_54_39.435,322,5,15,0,-42.781,-65.332,2.797
2012-05-05-22_54_39.436,322,6,15,0,-51.780,-65.336,2.897
2012-05-05-22_54_39.437,322,7,15,0,-60.702,-65.253,3.497
2012-05-05-22_54_39.438,322,0,15,1,-2.197,-65.287,3.910
2012-05-05-22_54_39.439,322,1,15,1,-11.208,-65.296,3.410
2012-05-05-22_54_39.440,322,2,15,1,-20.194,-65.207,2.910
2012-05-05-22_54_39.442,322,3,15,1,-29.249,-65.303,2.910
2012-05-05-22_54_39.445,322,4,15,1,-38.236,-65.277,2.510
2012-05-05-22_54_39.446,322,5,15,1,-47.250,-65.340,2.910
2012-05-05-22_54_39.447,322,6,15,1,-56.249,-65.343,2.910
2012-05-05-22_54_39.448,322,7,15,1,-65.171,-65.261,3.610
2012-05-05-22_54_39.450,322,0,16,0,2.267,-69.779,3.923
2012-05-05-22_54_39.451,322,1,16,0,-6.751,-69.790,3.423
2012-05-05-22_54_39.452,322,2,16,0,-15.730,-69.699,2.923
2012-05-05-22_54_39.453,322,3,16,0,-24.784,-69.795,3.123
2012-05-05-22_54_39.455,322,4,16,0,-33.772,-69.770,2.423
2012-05-05-22_54_39.456,322,5,16,0,-42.786,-69.832,2.923
2012-05-05-22_54_39.456,322,6,16,0,-51.785,-69.836,2.923
2012-05-05-22_54_39.457,322,7,16,0,-60.707,-69.753,3.623
2012-05-05-22_54_39.458,322,0,16,1,-2.197,-69.789,3.933
2012-05-05-22_54_39.459,322,1,16,1,-11.208,-69.789,3.433
2012-05-05-22_54_39.461,322,2,16,1,-20.194,-69.709,2.833
2012-05-05-22_54_39.462,322,3,16,1,-29.249,-69.804,2.933
2012-05-05-22_54_39.463,322,4,16,1,-38.236,-69.779,2.533
2012-05-05-22_54_39.466,322,5,16,1,-47.251,-69.842,2.833
2012-05-05-22_54_39.467,322,6,16,1,-56.249,-69.845,2.933
2012-05-05-22_54_39.468,322,7,16,1,-65.171,-69.763,3.633
2012-05-05-22_54_39.468,322,0,17,0,2.267,-74.284,3.942
2012-05-05-22_54_39.469,322,1,17,0,-6.749,-74.287,3.442
2012-05-05-22_54_39.470,322,2,17,0,-15.730,-74.204,2.942
2012-05-05-22_54_39.471,322,3,17,0,-24.785,-74.299,3.142
2012-05-05-22_54_39.475,322,4,17,0,-33.772,-74.274,2.342
2012-05-05-22_54_39.476,322,5,17,0,-42.787,-74.337,2.942
2012-05-05-22_54_39.477,322,6,17,0,-51.785,-74.340,2.942
2012-05-05-22_54_39.478,322,7,17,0,-60.707,-74.258,3.542
2012-05-05-22_54_39.479,322,0,17,1,-2.195,-74.291,3.952
2012-05-05-22_54_39.480,322,1,17,1,-11.211,-74.287,3.451
2012-05-05-22_54_39.481,322,2,17,1,-20.192,-74.211,2.852
2012-05-05-22_54_39.482,322,3,17,1,-29.247,-74.306,2.952
2012-05-05-22_54_39.483,322,4,17,1,-38.234,-74.281,2.352
2012-05-05-22_54_39.484,322,5,17,1,-47.249,-74.344,2.852
2012-05-05-22_54_39.485,322,6,17,1,-56.247,-74.347,2.952
2012-05-05-22_54_39.486,322,7,17,1,-65.169,-74.265,3.652
2012-05-05-22_54_39.487,322,0,18,0,2.264,-78.782,3.862
2012-05-05-22_54_39.489,322,1,18,0,-6.747,-78.785,3.462
2012-05-05-22_54_39.490,322,2,18,0,-15.733,-78.702,2.862
2012-05-05-22_54_39.491,322,3,18,0,-24.788,-78.797,3.162
2012-05-05-22_54_39.492,322,4,18,0,-33.775,-78.772,2.562
2012-05-05-22_54_39.494,322,5,18,0,-42.789,-78.834,2.862
2012-05-05-22_54_39.495,322,6,18,0,-51.788,-78.838,2.962
2012-05-05-22_54_39.495,322,7,18,0,-60.710,-78.756,3.762
2012-05-05-22_54_39.496,322,0,18,1,-2.193,-78.788,3.975
2012-05-05-22_54_39.497,322,1,18,1,-11.211,-78.785,3.474
2012-05-05-22_54_39.498,322,2,18,1,-20.190,-78.708,2.875
2012-05-05-22_54_39.499,322,3,18,1,-29.245,-78.803,3.175
2012-05-05-22_54_39.500,322,4,18,1,-38.232,-78.778,2.375
2012-05-05-22_54_39.501,322,5,18,1,-47.247,-78.841,2.975
2012-05-05-22_54_39.502,322,6,18,1,-56.245,-78.844,2.975
2012-05-05-22_54_39.502,322,7,18,1,-65.167,-78.762,3.775
2012-05-05-22_54_39.503,322,0,19,0,2.264,-83.282,3.887
2012-05-05-22_54_39.504,322,1,19,0,-6.747,-83.292,3.487
2012-05-05-22_54_39.505,322,2,19,0,-15.734,-83.201,2.887
2012-05-05-22_54_39.506,322,3,19,0,-24.788,-83.297,3.187
2012-05-05-22_54_39.507,322,4,19,0,-33.775,-83.272,2.287
2012-05-05-22_54_39.508,322,5,19,0,-42.790,-83.334,2.887
2012-05-05-22_54_39.510,322,6,19,0,-51.789,-83.338,2.987
2012-05-05-22_54_39.511,322,7,19,0,-60.711,-83.255,3.587
2012-05-05-22_54_39.512,322,0,19,1,-2.191,-83.288,3.997
2012-05-05-22_54_39.513,322,1,19,1,-11.212,-83.293,3.497
2012-05-05-22_54_39.514,322,2,19,1,-20.188,-83.208,2.997
2012-05-05-22_54_39.514,322,3,19,1,-29.243,-83.303,2.897
2012-05-05-22_54_39.515,322,4,19,1,-38.230,-83.278,2.597
2012-05-05-22_54_39.517,322,5,19,1,-47.245,-83.341,2.997
2012-05-05-22_54_39.519,322,6,19,1,-56.243,-83.344,3.097
2012-05-05-22_54_39.520,322,7,19,1,-65.165,-83.262,3.797
2012-05-05-22_54_39.521,322,0,20,0,2.263,-87.780,4.005
2012-05-05-22_54_39.523,322,1,20,0,-6.748,-87.796,3.405
2012-05-05-22_54_39.524,322,2,20,0,-15.734,-87.699,2.905
2012-05-05-22_54_39.526,322,3,20,0,-24.789,-87.795,3.205
2012-05-05-22_54_39.528,322,4,20,0,-33.776,-87.770,2.705
2012-05-05-22_54_39.529,322,5,20,0,-42.790,-87.832,3.005
2012-05-05-22_54_39.529,322,6,20,0,-51.789,-87.836,2.905
2012-05-05-22_54_39.530,322,7,20,0,-60.711,-87.753,3.805
2012-05-05-22_54_39.531,322,0,20,1,-2.189,-87.788,4.014
2012-05-05-22_54_39.532,322,1,20,1,-11.212,-87.796,3.414
2012-05-05-22_54_39.533,322,2,20,1,-20.186,-87.708,2.914
2012-05-05-22_54_39.534,322,3,20,1,-29.241,-87.803,3.214
2012-05-05-22_54_39.535,322,4,20,1,-38.228,-87.778,2.614
2012-05-05-22_54_39.537,322,5,20,1,-47.243,-87.840,3.014
2012-05-05-22_54_39.538,322,6,20,1,-56.241,-87.844,3.114
2012-05-05-22_54_39.539,322,7,20,1,-65.163,-87.762,3.814
2012-05-05-22_54_39.543,322,0,21,0,2.268,-92.279,4.024
2012-05-05-22_54_39.544,322,1,21,0,-6.751,-92.291,3.524
2012-05-05-22_54_39.545,322,2,21,0,-15.729,-92.199,3.024
2012-05-05-22_54_39.545,322,3,21,0,-24.784,-92.294,3.224
2012-05-05-22_54_39.546,322,4,21,0,-33.771,-92.269,2.624
2012-05-05-22_54_39.547,322,5,21,0,-42.786,-92.332,3.024
2012-05-05-22_54_39.548,322,6,21,0,-51.785,-92.335,3.024
2012-05-05-22_54_39.548,322,7,21,0,-60.706,-92.253,3.624
2012-05-05-22_54_39.549,322,0,21,1,-2.190,-92.289,4.037
2012-05-05-22_54_39.550,322,1,21,1,-11.213,-92.290,3.437
2012-05-05-22_54_39.551,322,2,21,1,-20.187,-92.209,2.937
2012-05-05-22_54_39.551,322,3,21,1,-29.241,-92.304,2.937
2012-05-05-22_54_39.552,322,4,21,1,-38.228,-92.279,2.537
2012-05-05-22_54_39.553,322,5,21,1,-47.243,-92.342,3.037
2012-05-05-22_54_39.553,322,6,21,1,-56.242,-92.345,3.037
2012-05-05-22_54_39.554,322,7,21,1,-65.164,-92.263,3.737
2012-05-05-22_54_39.555,322,0,22,0,2.267,-96.783,3.950
2012-05-05-22_54_39.556,322,1,22,0,-6.754,-96.788,3.450
2012-05-05-22_54_39.557,322,2,22,0,-15.730,-96.703,3.050
2012-05-05-22_54_39.558,322,3,22,0,-24.785,-96.798,3.250
2012-05-05-22_54_39.559,322,4,22,0,-33.772,-96.773,2.650
2012-05-05-22_54_39.560,322,5,22,0,-42.786,-96.836,2.950
2012-05-05-22_54_39.561,322,6,22,0,-51.785,-96.839,3.050
2012-05-05-22_54_39.562,322,7,22,0,-60.707,-96.757,3.750
2012-05-05-22_54_39.563,322,0,22,1,-2.190,-96.792,4.058
2012-05-05-22_54_39.564,322,1,22,1,-11.213,-96.789,3.558
2012-05-05-22_54_39.565,322,2,22,1,-20.187,-96.712,2.958
2012-05-05-22_54_39.566,322,3,22,1,-29.242,-96.808,3.058
2012-05-05-22_54_39.567,322,4,22,1,-38.229,-96.783,2.758
2012-05-05-22_54_39.567,322,5,22,1,-47.244,-96.845,3.058
2012-05-05-22_54_39.568,322,6,22,1,-56.242,-96.848,3.058
2012-05-05-22_54_39.569,322,7,22,1,-65.164,-96.766,3.858
2012-05-05-22_54_39.570,322,0,23,0,2.267,-101.281,4.068
2012-05-05-22_54_39.570,322,1,23,0,-6.754,-101.286,3.568
2012-05-05-22_54_39.571,322,2,23,0,-15.730,-101.201,2.968
2012-05-05-22_54_39.572,322,3,23,0,-24.785,-101.297,3.268
2012-05-05-22_54_39.573,322,4,23,0,-33.772,-101.272,2.668
2012-05-05-22_54_39.573,322,5,23,0,-42.787,-101.334,2.968
2012-05-05-22_54_39.574,322,6,23,0,-51.785,-101.338,2.968
2012-05-05-22_54_39.575,322,7,23,0,-60.707,-101.255,3.568
2012-05-05-22_54_39.576,322,0,23,1,-2.183,-101.280,4.068
2012-05-05-22_54_39.577,322,1,23,1,-11.211,-101.286,3.568
2012-05-05-22_54_39.578,322,2,23,1,-20.180,-101.200,3.068
2012-05-05-22_54_39.579,322,3,23,1,-29.235,-101.295,3.068
2012-05-05-22_54_39.579,322,4,23,1,-38.222,-101.270,2.668
2012-05-05-22_54_39.580,322,5,23,1,-47.237,-101.332,3.068
2012-05-05-22_54_39.581,322,6,23,1,-56.235,-101.336,3.168
2012-05-05-22_54_39.582,322,7,23,1,-65.157,-101.254,3.768
