2012-05-05-20_13_51.425,152,0,0,0,2.259,2.220,3.496
2012-05-05-20_13_51.426,152,1,0,0,-6.747,2.205,2.896
2012-05-05-20_13_51.427,152,2,0,0,-15.738,2.300,2.496
2012-05-05-20_13_51.429,152,3,0,0,-24.792,2.205,2.596
2012-05-05-20_13_51.430,152,4,0,0,-33.779,2.230,1.996
2012-05-05-20_13_51.430,152,5,0,0,-42.794,2.167,2.696
2012-05-05-20_13_51.432,152,6,0,0,-51.793,2.164,2.596
2012-05-05-20_13_51.433,152,7,0,0,-60.715,2.246,3.296
2012-05-05-20_13_51.433,152,0,0,1,-2.186,2.213,3.696
2012-05-05-20_13_51.434,152,1,0,1,-11.204,2.205,3.096
2012-05-05-20_13_51.435,152,2,0,1,-20.183,2.294,2.596
2012-05-05-20_13_51.436,152,3,0,1,-29.237,2.198,2.596
2012-05-05-20_13_51.437,152,4,0,1,-38.224,2.223,2.296
2012-05-05-20_13_51.438,152,5,0,1,-47.239,2.161,2.496
2012-05-05-20_13_51.439,152,6,0,1,-56.238,2.157,2.796
2012-05-05-20_13_51.440,152,7,0,1,-65.160,2.240,3.496
2012-05-05-20_13_51.441,152,0,1,0,2.274,-2.280,3.612
2012-05-05-20_13_51.441,152,1,1,0,-6.745,-2.290,3.112
2012-05-05-20_13_51.442,152,2,1,0,-15.723,-2.200,2.512
2012-05-05-20_13_51.443,152,3,1,0,-24.778,-2.295,2.812
2012-05-05-20_13_51.444,152,4,1,0,-33.765,-2.270,2.012
2012-05-05-20_13_51.445,152,5,1,0,-42.780,-2.333,2.512
2012-05-05-20_13_51.446,152,6,1,0,-51.779,-2.336,2.712
2012-05-05-20_13_51.447,152,7,1,0,-60.700,-2.254,3.312
2012-05-05-20_13_51.447,152,0,1,1,-2.188,-2.289,3.719
2012-05-05-20_13_51.449,152,1,1,1,-11.202,-2.289,3.219
2012-05-05-20_13_51.449,152,2,1,1,-20.186,-2.208,2.619
2012-05-05-20_13_51.450,152,3,1,1,-29.240,-2.304,2.519
2012-05-05-20_13_51.451,152,4,1,1,-38.227,-2.279,2.019
2012-05-05-20_13_51.452,152,5,1,1,-47.242,-2.341,2.519
2012-05-05-20_13_51.453,152,6,1,1,-56.241,-2.345,2.619
2012-05-05-20_13_51.454,152,7,1,1,-65.163,-2.262,3.419
2012-05-05-20_13_51.455,152,0,2,0,2.271,-6.784,3.628
2012-05-05-20_13_51.455,152,1,2,0,-6.743,-6.787,3.228
2012-05-05-20_13_51.457,152,2,2,0,-15.726,-6.704,2.528
2012-05-05-20_13_51.457,152,3,2,0,-24.781,-6.799,2.828
2012-05-05-20_13_51.458,152,4,2,0,-33.768,-6.774,2.228
2012-05-05-20_13_51.459,152,5,2,0,-42.783,-6.837,2.728
2012-05-05-20_13_51.460,152,6,2,0,-51.781,-6.840,2.828
2012-05-05-20_13_51.460,152,7,2,0,-60.703,-6.758,3.628
2012-05-05-20_13_51.461,152,0,2,1,-2.189,-6.792,3.637
2012-05-05-20_13_51.462,152,1,2,1,-11.202,-6.787,3.137
2012-05-05-20_13_51.462,152,2,2,1,-20.186,-6.712,2.637
2012-05-05-20_13_51.463,152,3,2,1,-29.241,-6.807,2.637
2012-05-05-20_13_51.467,152,4,2,1,-38.228,-6.782,2.337
2012-05-05-20_13_51.467,152,5,2,1,-47.242,-6.845,2.637
2012-05-05-20_13_51.468,152,6,2,1,-56.241,-6.848,2.837
2012-05-05-20_13_51.469,152,7,2,1,-65.163,-6.766,3.437
2012-05-05-20_13_51.470,152,0,3,0,2.273,-11.283,3.647
2012-05-05-20_13_51.471,152,1,3,0,-6.741,-11.285,3.147
2012-05-05-20_13_51.472,152,2,3,0,-15.724,-11.203,2.547
2012-05-05-20_13_51.474,152,3,3,0,-24.779,-11.298,2.847
2012-05-05-20_13_51.475,152,4,3,0,-33.766,-11.273,2.347
2012-05-05-20_13_51.476,152,5,3,0,-42.781,-11.335,2.747
2012-05-05-20_13_51.477,152,6,3,0,-51.779,-11.339,2.847
2012-05-05-20_13_51.478,152,7,3,0,-60.701,-11.257,3.347
2012-05-05-20_13_51.479,152,0,3,1,-2.187,-11.289,3.759
2012-05-05-20_13_51.480,152,1,3,1,-11.200,-11.285,3.159
2012-05-05-20_13_51.481,152,2,3,1,-20.184,-11.208,2.659
2012-05-05-20_13_51.482,152,3,3,1,-29.239,-11.304,2.759
2012-05-05-20_13_51.483,152,4,3,1,-38.226,-11.279,2.359
2012-05-05-20_13_51.484,152,5,3,1,-47.240,-11.341,2.559
2012-05-05-20_13_51.485,152,6,3,1,-56.239,-11.345,2.859
2012-05-05-20_13_51.486,152,7,3,1,-65.161,-11.262,3.459
2012-05-05-20_13_51.487,152,0,4,0,2.270,-15.782,3.673
2012-05-05-20_13_51.488,152,1,4,0,-6.741,-15.793,3.173
2012-05-05-20_13_51.489,152,2,4,0,-15.727,-15.701,2.573
2012-05-05-20_13_51.490,152,3,4,0,-24.782,-15.797,2.873
2012-05-05-20_13_51.491,152,4,4,0,-33.769,-15.772,2.073
2012-05-05-20_13_51.493,152,5,4,0,-42.784,-15.834,2.473
2012-05-05-20_13_51.494,152,6,4,0,-51.782,-15.838,2.773
2012-05-05-20_13_51.495,152,7,4,0,-60.704,-15.755,3.473
2012-05-05-20_13_51.496,152,0,4,1,-2.187,-15.788,3.683
2012-05-05-20_13_51.496,152,1,4,1,-11.206,-15.793,3.182
2012-05-05-20_13_51.497,152,2,4,1,-20.184,-15.708,2.683
2012-05-05-20_13_51.498,152,3,4,1,-29.239,-15.804,2.883
2012-05-05-20_13_51.499,152,4,4,1,-38.226,-15.779,2.083
2012-05-05-20_13_51.501,152,5,4,1,-47.241,-15.841,2.483
2012-05-05-20_13_51.502,152,6,4,1,-56.239,-15.844,2.683
2012-05-05-20_13_51.503,152,7,4,1,-65.161,-15.762,3.383
2012-05-05-20_13_51.504,152,0,5,0,2.270,-20.279,3.691
2012-05-05-20_13_51.505,152,1,5,0,-6.741,-20.296,3.192
2012-05-05-20_13_51.507,152,2,5,0,-15.728,-20.199,2.691
2012-05-05-20_13_51.508,152,3,5,0,-24.782,-20.295,2.791
2012-05-05-20_13_51.509,152,4,5,0,-33.769,-20.270,2.191
2012-05-05-20_13_51.510,152,5,5,0,-42.784,-20.332,2.591
2012-05-05-20_13_51.511,152,6,5,0,-51.783,-20.335,2.691
2012-05-05-20_13_51.514,152,7,5,0,-60.705,-20.253,3.291
2012-05-05-20_13_51.514,152,0,5,1,-2.188,-20.287,3.800
2012-05-05-20_13_51.515,152,1,5,1,-11.206,-20.296,3.200
2012-05-05-20_13_51.516,152,2,5,1,-20.185,-20.207,2.600
2012-05-05-20_13_51.516,152,3,5,1,-29.239,-20.303,2.700
2012-05-05-20_13_51.517,152,4,5,1,-38.227,-20.277,2.100
2012-05-05-20_13_51.518,152,5,5,1,-47.241,-20.340,2.500
2012-05-05-20_13_51.519,152,6,5,1,-56.240,-20.343,2.800
2012-05-05-20_13_51.520,152,7,5,1,-65.162,-20.261,3.500
2012-05-05-20_13_51.521,152,0,6,0,2.269,-24.780,3.710
2012-05-05-20_13_51.522,152,1,6,0,-6.737,-24.791,3.210
2012-05-05-20_13_51.523,152,2,6,0,-15.728,-24.700,2.710
2012-05-05-20_13_51.525,152,3,6,0,-24.783,-24.795,2.910
2012-05-05-20_13_51.526,152,4,6,0,-33.770,-24.770,2.010
2012-05-05-20_13_51.526,152,5,6,0,-42.784,-24.833,2.610
2012-05-05-20_13_51.528,152,6,6,0,-51.783,-24.836,2.710
2012-05-05-20_13_51.529,152,7,6,0,-60.705,-24.754,3.610
2012-05-05-20_13_51.532,152,0,6,1,-2.183,-24.789,3.722
2012-05-05-20_13_51.533,152,1,6,1,-11.209,-24.790,3.222
2012-05-05-20_13_51.534,152,2,6,1,-20.180,-24.709,2.622
2012-05-05-20_13_51.535,152,3,6,1,-29.235,-24.804,2.822
2012-05-05-20_13_51.536,152,4,6,1,-38.222,-24.779,2.022
2012-05-05-20_13_51.537,152,5,6,1,-47.237,-24.842,2.622
2012-05-05-20_13_51.539,152,6,6,1,-56.235,-24.845,2.822
2012-05-05-20_13_51.540,152,7,6,1,-65.157,-24.763,3.522
2012-05-05-20_13_51.541,152,0,7,0,2.269,-29.284,3.635
2012-05-05-20_13_51.542,152,1,7,0,-6.740,-29.287,3.135
2012-05-05-20_13_51.543,152,2,7,0,-15.728,-29.204,2.735
2012-05-05-20_13_51.544,152,3,7,0,-24.783,-29.299,2.935
2012-05-05-20_13_51.545,152,4,7,0,-33.770,-29.274,2.435
2012-05-05-20_13_51.546,152,5,7,0,-42.785,-29.337,2.735
2012-05-05-20_13_51.547,152,6,7,0,-51.784,-29.340,2.935
2012-05-05-20_13_51.548,152,7,7,0,-60.705,-29.258,3.435
2012-05-05-20_13_51.549,152,0,7,1,-2.184,-29.291,3.745
2012-05-05-20_13_51.550,152,1,7,1,-11.212,-29.287,3.245
2012-05-05-20_13_51.552,152,2,7,1,-20.181,-29.211,2.745
2012-05-05-20_13_51.553,152,3,7,1,-29.235,-29.306,2.945
2012-05-05-20_13_51.553,152,4,7,1,-38.223,-29.281,2.345
2012-05-05-20_13_51.554,152,5,7,1,-47.237,-29.344,2.745
2012-05-05-20_13_51.555,152,6,7,1,-56.236,-29.347,2.945
2012-05-05-20_13_51.557,152,7,7,1,-65.158,-29.265,3.645
2012-05-05-20_13_51.558,152,0,8,0,2.273,-33.782,3.754
2012-05-05-20_13_51.559,152,1,8,0,-6.743,-33.785,3.254
2012-05-05-20_13_51.560,152,2,8,0,-15.724,-33.702,2.654
2012-05-05-20_13_51.561,152,3,8,0,-24.779,-33.797,2.854
2012-05-05-20_13_51.562,152,4,8,0,-33.766,-33.772,2.454
2012-05-05-20_13_51.563,152,5,8,0,-42.780,-33.834,2.754
2012-05-05-20_13_51.564,152,6,8,0,-51.779,-33.838,2.854
2012-05-05-20_13_51.565,152,7,8,0,-60.701,-33.756,3.554
2012-05-05-20_13_51.565,152,0,8,1,-2.187,-33.788,3.762
2012-05-05-20_13_51.567,152,1,8,1,-11.214,-33.785,3.262
2012-05-05-20_13_51.568,152,2,8,1,-20.184,-33.707,2.762
2012-05-05-20_13_51.569,152,3,8,1,-29.238,-33.803,2.962
2012-05-05-20_13_51.570,152,4,8,1,-38.225,-33.778,2.462
2012-05-05-20_13_51.571,152,5,8,1,-47.240,-33.840,2.662
2012-05-05-20_13_51.571,152,6,8,1,-56.239,-33.844,2.962
2012-05-05-20_13_51.572,152,7,8,1,-65.161,-33.761,3.562
2012-05-05-20_13_51.573,152,0,9,0,2.275,-38.282,3.772
2012-05-05-20_13_51.574,152,1,9,0,-6.746,-38.292,3.272
2012-05-05-20_13_51.576,152,2,9,0,-15.722,-38.202,2.672
2012-05-05-20_13_51.576,152,3,9,0,-24.777,-38.298,2.972
2012-05-05-20_13_51.577,152,4,9,0,-33.764,-38.272,2.272
2012-05-05-20_13_51.578,152,5,9,0,-42.778,-38.335,2.672
2012-05-05-20_13_51.579,152,6,9,0,-51.777,-38.338,2.872
2012-05-05-20_13_51.580,152,7,9,0,-60.699,-38.256,3.472
2012-05-05-20_13_51.581,152,0,9,1,-2.185,-38.288,3.685
2012-05-05-20_13_51.582,152,1,9,1,-11.213,-38.292,3.185
2012-05-05-20_13_51.583,152,2,9,1,-20.182,-38.208,2.785
2012-05-05-20_13_51.584,152,3,9,1,-29.236,-38.303,2.785
2012-05-05-20_13_51.585,152,4,9,1,-38.223,-38.278,2.185
2012-05-05-20_13_51.586,152,5,9,1,-47.238,-38.340,2.685
2012-05-05-20_13_51.587,152,6,9,1,-56.237,-38.344,2.985
2012-05-05-20_13_51.588,152,7,9,1,-65.159,-38.262,3.585
2012-05-05-20_13_51.589,152,0,10,0,2.275,-42.780,3.698
2012-05-05-20_13_51.590,152,1,10,0,-6.748,-42.795,3.298
2012-05-05-20_13_51.591,152,2,10,0,-15.722,-42.700,2.698
2012-05-05-20_13_51.592,152,3,10,0,-24.777,-42.795,2.898
2012-05-05-20_13_51.595,152,4,10,0,-33.764,-42.770,2.198
2012-05-05-20_13_51.596,152,5,10,0,-42.779,-42.833,2.698
2012-05-05-20_13_51.597,152,6,10,0,-51.777,-42.836,2.898
2012-05-05-20_13_51.597,152,7,10,0,-60.699,-42.754,3.498
2012-05-05-20_13_51.599,152,0,10,1,-2.187,-42.787,3.808
2012-05-05-20_13_51.600,152,1,10,1,-11.211,-42.795,3.208
2012-05-05-20_13_51.601,152,2,10,1,-20.184,-42.707,2.708
2012-05-05-20_13_51.602,152,3,10,1,-29.239,-42.802,3.008
2012-05-05-20_13_51.603,152,4,10,1,-38.226,-42.777,2.408
2012-05-05-20_13_51.604,152,5,10,1,-47.241,-42.839,2.708
2012-05-05-20_13_51.605,152,6,10,1,-56.240,-42.843,2.908
2012-05-05-20_13_51.606,152,7,10,1,-65.161,-42.761,3.608
2012-05-05-20_13_51.608,152,0,11,0,2.277,-47.280,3.717
2012-05-05-20_13_51.609,152,1,11,0,-6.749,-47.290,3.417
2012-05-05-20_13_51.610,152,2,11,0,-15.720,-47.200,2.817
2012-05-05-20_13_51.611,152,3,11,0,-24.775,-47.295,2.917
2012-05-05-20_13_51.612,152,4,11,0,-33.762,-47.270,2.317
2012-05-05-20_13_51.613,152,5,11,0,-42.777,-47.332,2.717
2012-05-05-20_13_51.614,152,6,11,0,-51.775,-47.336,3.017
2012-05-05-20_13_51.617,152,7,11,0,-60.697,-47.254,3.517
2012-05-05-20_13_51.618,152,0,11,1,-2.190,-47.289,3.826
2012-05-05-20_13_51.619,152,1,11,1,-11.211,-47.290,3.326
2012-05-05-20_13_51.619,152,2,11,1,-20.187,-47.209,2.726
2012-05-05-20_13_51.620,152,3,11,1,-29.242,-47.304,2.826
2012-05-05-20_13_51.622,152,4,11,1,-38.229,-47.279,2.526
2012-05-05-20_13_51.623,152,5,11,1,-47.244,-47.342,2.826
2012-05-05-20_13_51.624,152,6,11,1,-56.242,-47.345,3.026
2012-05-05-20_13_51.625,152,7,11,1,-65.164,-47.263,3.626
2012-05-05-20_13_51.626,152,0,12,0,2.279,-51.784,3.636
2012-05-05-20_13_51.627,152,1,12,0,-6.752,-51.787,3.336
2012-05-05-20_13_51.628,152,2,12,0,-15.718,-51.704,2.836
2012-05-05-20_13_51.630,152,3,12,0,-24.773,-51.800,2.936
2012-05-05-20_13_51.631,152,4,12,0,-33.760,-51.775,2.236
2012-05-05-20_13_51.632,152,5,12,0,-42.775,-51.837,2.736
2012-05-05-20_13_51.633,152,6,12,0,-51.773,-51.841,2.936
2012-05-05-20_13_51.634,152,7,12,0,-60.695,-51.758,3.536
2012-05-05-20_13_51.635,152,0,12,1,-2.191,-51.792,3.849
2012-05-05-20_13_51.636,152,1,12,1,-11.211,-51.787,3.349
2012-05-05-20_13_51.637,152,2,12,1,-20.188,-51.712,2.849
2012-05-05-20_13_51.638,152,3,12,1,-29.242,-51.807,2.849
2012-05-05-20_13_51.639,152,4,12,1,-38.230,-51.782,2.449
2012-05-05-20_13_51.639,152,5,12,1,-47.244,-51.845,2.749
2012-05-05-20_13_51.640,152,6,12,1,-56.243,-51.848,3.049
2012-05-05-20_13_51.641,152,7,12,1,-65.165,-51.766,3.649
2012-05-05-20_13_51.642,152,0,13,0,2.276,-56.283,3.862
2012-05-05-20_13_51.643,152,1,13,0,-6.752,-56.285,3.362
2012-05-05-20_13_51.644,152,2,13,0,-15.721,-56.203,2.762
2012-05-05-20_13_51.645,152,3,13,0,-24.776,-56.298,2.962
2012-05-05-20_13_51.646,152,4,13,0,-33.763,-56.273,2.262
2012-05-05-20_13_51.647,152,5,13,0,-42.778,-56.335,2.762
2012-05-05-20_13_51.647,152,6,13,0,-51.776,-56.339,2.962
2012-05-05-20_13_51.649,152,7,13,0,-60.698,-56.257,3.562
2012-05-05-20_13_51.649,152,0,13,1,-2.194,-56.288,3.872
2012-05-05-20_13_51.650,152,1,13,1,-11.212,-56.285,3.371
2012-05-05-20_13_51.651,152,2,13,1,-20.191,-56.208,2.772
2012-05-05-20_13_51.653,152,3,13,1,-29.245,-56.303,2.772
2012-05-05-20_13_51.653,152,4,13,1,-38.232,-56.278,2.272
2012-05-05-20_13_51.654,152,5,13,1,-47.247,-56.340,2.772
2012-05-05-20_13_51.655,152,6,13,1,-56.246,-56.344,2.972
2012-05-05-20_13_51.656,152,7,13,1,-65.168,-56.262,3.672
2012-05-05-20_13_51.658,152,0,14,0,2.275,-60.782,3.779
2012-05-05-20_13_51.659,152,1,14,0,-6.753,-60.792,3.379
2012-05-05-20_13_51.660,152,2,14,0,-15.722,-60.702,2.779
2012-05-05-20_13_51.661,152,3,14,0,-24.776,-60.797,3.079
2012-05-05-20_13_51.663,152,4,14,0,-33.763,-60.772,2.479
2012-05-05-20_13_51.664,152,5,14,0,-42.778,-60.834,2.779
2012-05-05-20_13_51.665,152,6,14,0,-51.777,-60.838,2.979
2012-05-05-20_13_51.667,152,7,14,0,-60.699,-60.756,3.679
2012-05-05-20_13_51.668,152,0,14,1,-2.196,-60.788,3.888
2012-05-05-20_13_51.669,152,1,14,1,-11.210,-60.793,3.388
2012-05-05-20_13_51.670,152,2,14,1,-20.194,-60.708,2.788
2012-05-05-20_13_51.671,152,3,14,1,-29.248,-60.804,2.888
2012-05-05-20_13_51.672,152,4,14,1,-38.235,-60.779,2.488
2012-05-05-20_13_51.673,152,5,14,1,-47.250,-60.841,2.888
2012-05-05-20_13_51.674,152,6,14,1,-56.249,-60.844,3.088
2012-05-05-20_13_51.675,152,7,14,1,-65.171,-60.762,3.688
2012-05-05-20_13_51.676,152,0,15,0,2.270,-65.280,3.897
2012-05-05-20_13_51.677,152,1,15,0,-6.751,-65.296,3.397
2012-05-05-20_13_51.678,152,2,15,0,-15.727,-65.200,2.797
2012-05-05-20_13_51.679,152,3,15,0,-24.782,-65.295,2.997
2012-05-05-20_13_51.680,152,4,15,0,-33.769,-65.270,2.497
2012-05-05-20_13_51.681,152,5,15,0,-42.783,-65.332,2.697
2012-05-05-20_13_51.682,152,6,15,0,-51.782,-65.336,2.897
2012-05-05-20_13_51.683,152,7,15,0,-60.704,-65.254,3.497
2012-05-05-20_13_51.684,152,0,15,1,-2.197,-65.287,3.810
2012-05-05-20_13_51.685,152,1,15,1,-11.208,-65.295,3.410
2012-05-05-20_13_51.686,152,2,15,1,-20.194,-65.207,2.810
2012-05-05-20_13_51.687,152,3,15,1,-29.249,-65.302,2.810
2012-05-05-20_13_51.689,152,4,15,1,-38.236,-65.277,2.410
2012-05-05-20_13_51.690,152,5,15,1,-47.250,-65.339,2.810
2012-05-05-20_13_51.691,152,6,15,1,-56.249,-65.343,2.910
2012-05-05-20_13_51.692,152,7,15,1,-65.171,-65.261,3.710
2012-05-05-20_13_51.693,152,0,16,0,2.270,-69.780,3.923
2012-05-05-20_13_51.694,152,1,16,0,-6.751,-69.789,3.423
2012-05-05-20_13_51.695,152,2,16,0,-15.727,-69.700,2.923
2012-05-05-20_13_51.696,152,3,16,0,-24.782,-69.795,3.023
2012-05-05-20_13_51.697,152,4,16,0,-33.769,-69.770,2.323
2012-05-05-20_13_51.698,152,5,16,0,-42.784,-69.833,2.823
2012-05-05-20_13_51.699,152,6,16,0,-51.782,-69.836,2.923
2012-05-05-20_13_51.700,152,7,16,0,-60.704,-69.754,3.623
2012-05-05-20_13_51.701,152,0,16,1,-2.197,-69.789,3.834
2012-05-05-20_13_51.702,152,1,16,1,-11.208,-69.788,3.433
2012-05-05-20_13_51.703,152,2,16,1,-20.194,-69.708,2.834
2012-05-05-20_13_51.704,152,3,16,1,-29.249,-69.804,2.834
2012-05-05-20_13_51.705,152,4,16,1,-38.236,-69.779,2.434
2012-05-05-20_13_51.706,152,5,16,1,-47.251,-69.841,2.734
2012-05-05-20_13_51.707,152,6,16,1,-56.249,-69.845,3.034
2012-05-05-20_13_51.708,152,7,16,1,-65.171,-69.762,3.734
2012-05-05-20_13_51.709,152,0,17,0,2.267,-74.284,3.842
2012-05-05-20_13_51.710,152,1,17,0,-6.744,-74.287,3.442
2012-05-05-20_13_51.711,152,2,17,0,-15.730,-74.204,2.842
2012-05-05-20_13_51.712,152,3,17,0,-24.785,-74.299,3.042
2012-05-05-20_13_51.713,152,4,17,0,-33.772,-74.274,2.342
2012-05-05-20_13_51.714,152,5,17,0,-42.787,-74.337,2.842
2012-05-05-20_13_51.715,152,6,17,0,-51.785,-74.340,2.942
2012-05-05-20_13_51.716,152,7,17,0,-60.707,-74.258,3.642
2012-05-05-20_13_51.717,152,0,17,1,-2.193,-74.291,3.852
2012-05-05-20_13_51.718,152,1,17,1,-11.211,-74.287,3.451
2012-05-05-20_13_51.719,152,2,17,1,-20.190,-74.211,2.852
2012-05-05-20_13_51.720,152,3,17,1,-29.245,-74.307,2.852
2012-05-05-20_13_51.723,152,4,17,1,-38.232,-74.282,2.352
2012-05-05-20_13_51.724,152,5,17,1,-47.246,-74.344,2.752
2012-05-05-20_13_51.725,152,6,17,1,-56.245,-74.348,2.952
2012-05-05-20_13_51.726,152,7,17,1,-65.167,-74.265,3.752
2012-05-05-20_13_51.726,152,0,18,0,2.266,-78.782,3.862
2012-05-05-20_13_51.727,152,1,18,0,-6.744,-78.785,3.462
2012-05-05-20_13_51.728,152,2,18,0,-15.731,-78.702,2.862
2012-05-05-20_13_51.728,152,3,18,0,-24.785,-78.798,3.062
2012-05-05-20_13_51.729,152,4,18,0,-33.772,-78.773,2.462
2012-05-05-20_13_51.729,152,5,18,0,-42.787,-78.835,2.762
2012-05-05-20_13_51.730,152,6,18,0,-51.786,-78.839,2.962
2012-05-05-20_13_51.731,152,7,18,0,-60.708,-78.756,3.662
2012-05-05-20_13_51.731,152,0,18,1,-2.193,-78.788,3.875
2012-05-05-20_13_51.732,152,1,18,1,-11.214,-78.785,3.474
2012-05-05-20_13_51.732,152,2,18,1,-20.190,-78.708,2.875
2012-05-05-20_13_51.733,152,3,18,1,-29.245,-78.803,3.175
2012-05-05-20_13_51.734,152,4,18,1,-38.232,-78.778,2.275
2012-05-05-20_13_51.734,152,5,18,1,-47.247,-78.841,2.875
2012-05-05-20_13_51.735,152,6,18,1,-56.245,-78.844,3.075
2012-05-05-20_13_51.735,152,7,18,1,-65.167,-78.762,3.775
2012-05-05-20_13_51.736,152,0,19,0,2.264,-83.282,3.887
2012-05-05-20_13_51.736,152,1,19,0,-6.745,-83.292,3.487
2012-05-05-20_13_51.737,152,2,19,0,-15.734,-83.202,2.887
2012-05-05-20_13_51.738,152,3,19,0,-24.788,-83.298,3.087
2012-05-05-20_13_51.738,152,4,19,0,-33.775,-83.272,2.287
2012-05-05-20_13_51.739,152,5,19,0,-42.790,-83.335,2.887
2012-05-05-20_13_51.739,152,6,19,0,-51.789,-83.338,2.987
2012-05-05-20_13_51.740,152,7,19,0,-60.711,-83.256,3.687
2012-05-05-20_13_51.741,152,0,19,1,-2.194,-83.287,3.897
2012-05-05-20_13_51.741,152,1,19,1,-11.214,-83.292,3.397
2012-05-05-20_13_51.743,152,2,19,1,-20.191,-83.207,2.897
2012-05-05-20_13_51.744,152,3,19,1,-29.245,-83.303,2.897
2012-05-05-20_13_51.744,152,4,19,1,-38.232,-83.278,2.597
2012-05-05-20_13_51.745,152,5,19,1,-47.247,-83.340,2.897
2012-05-05-20_13_51.745,152,6,19,1,-56.246,-83.344,3.097
2012-05-05-20_13_51.746,152,7,19,1,-65.168,-83.261,3.797
2012-05-05-20_13_51.747,152,0,20,0,2.266,-87.780,4.005
2012-05-05-20_13_51.747,152,1,20,0,-6.748,-87.795,3.405
2012-05-05-20_13_51.748,152,2,20,0,-15.732,-87.700,2.905
2012-05-05-20_13_51.749,152,3,20,0,-24.786,-87.795,3.005
2012-05-05-20_13_51.749,152,4,20,0,-33.773,-87.770,2.505
2012-05-05-20_13_51.750,152,5,20,0,-42.788,-87.833,2.905
2012-05-05-20_13_51.751,152,6,20,0,-51.787,-87.836,2.905
2012-05-05-20_13_51.752,152,7,20,0,-60.709,-87.754,3.805
2012-05-05-20_13_51.753,152,0,20,1,-2.192,-87.788,4.014
2012-05-05-20_13_51.754,152,1,20,1,-11.212,-87.795,5.914
2012-05-05-20_13_51.755,152,2,20,1,-20.189,-87.707,2.914
2012-05-05-20_13_51.756,152,3,20,1,-29.243,-87.803,3.014
2012-05-05-20_13_51.757,152,4,20,1,-38.230,-87.778,2.614
2012-05-05-20_13_51.758,152,5,20,1,-47.245,-87.840,2.914
2012-05-05-20_13_51.759,152,6,20,1,-56.244,-87.844,3.114
2012-05-05-20_13_51.760,152,7,20,1,-65.166,-87.761,3.814
2012-05-05-20_13_51.761,152,0,21,0,2.268,-92.279,4.024
2012-05-05-20_13_51.762,152,1,21,0,-6.751,-92.290,3.524
2012-05-05-20_13_51.763,152,2,21,0,-15.729,-92.199,2.924
2012-05-05-20_13_51.764,152,3,21,0,-24.784,-92.295,3.024
2012-05-05-20_13_51.765,152,4,21,0,-33.771,-92.270,2.524
2012-05-05-20_13_51.766,152,5,21,0,-42.786,-92.332,2.924
2012-05-05-20_13_51.766,152,6,21,0,-51.785,-92.336,3.024
2012-05-05-20_13_51.767,152,7,21,0,-60.706,-92.253,3.724
2012-05-05-20_13_51.768,152,0,21,1,-2.192,-92.289,4.037
2012-05-05-20_13_51.772,152,1,21,1,-11.213,-92.290,3.437
2012-05-05-20_13_51.772,152,2,21,1,-20.189,-92.209,2.937
2012-05-05-20_13_51.774,152,3,21,1,-29.244,-92.305,2.837
2012-05-05-20_13_51.775,152,4,21,1,-38.231,-92.280,2.437
2012-05-05-20_13_51.777,152,5,21,1,-47.246,-92.342,2.937
2012-05-05-20_13_51.778,152,6,21,1,-56.244,-92.346,3.037
2012-05-05-20_13_51.778,152,7,21,1,-65.166,-92.263,3.737
2012-05-05-20_13_51.779,152,0,22,0,2.267,-96.784,3.950
2012-05-05-20_13_51.780,152,1,22,0,-6.754,-96.788,3.550
2012-05-05-20_13_51.781,152,2,22,0,-15.730,-96.704,2.950
2012-05-05-20_13_51.782,152,3,22,0,-24.785,-96.799,3.150
2012-05-05-20_13_51.783,152,4,22,0,-33.772,-96.774,2.550
2012-05-05-20_13_51.783,152,5,22,0,-42.786,-96.837,2.850
2012-05-05-20_13_51.785,152,6,22,0,-51.785,-96.840,3.150
2012-05-05-20_13_51.787,152,7,22,0,-60.707,-96.758,3.750
2012-05-05-20_13_51.788,152,0,22,1,-2.192,-96.792,4.058
2012-05-05-20_13_51.788,152,1,22,1,-11.213,-96.788,3.558
2012-05-05-20_13_51.789,152,2,22,1,-20.190,-96.712,2.958
2012-05-05-20_13_51.790,152,3,22,1,-29.244,-96.808,2.958
2012-05-05-20_13_51.791,152,4,22,1,-38.231,-96.783,2.658
2012-05-05-20_13_51.792,152,5,22,1,-47.246,-96.845,2.958
2012-05-05-20_13_51.792,152,6,22,1,-56.245,-96.848,3.158
2012-05-05-20_13_51.794,152,7,22,1,-65.167,-96.766,3.858
2012-05-05-20_13_51.796,152,0,23,0,2.269,-101.282,4.068
2012-05-05-20_13_51.797,152,1,23,0,-6.754,-101.286,6.068
2012-05-05-20_13_51.798,152,2,23,0,-15.728,-101.202,2.968
2012-05-05-20_13_51.799,152,3,23,0,-24.783,-101.297,3.168
2012-05-05-20_13_51.799,152,4,23,0,-33.770,-101.272,2.668
2012-05-05-20_13_51.800,152,5,23,0,-42.784,-101.334,2.968
2012-05-05-20_13_51.801,152,6,23,0,-51.783,-101.338,2.968
2012-05-05-20_13_51.802,152,7,23,0,-60.705,-101.256,3.668
2012-05-05-20_13_51.803,152,0,23,1,-2.193,-101.281,3.968
2012-05-05-20_13_51.804,152,1,23,1,-11.214,-101.286,3.568
2012-05-05-20_13_51.805,152,2,23,1,-20.190,-101.201,2.968
2012-05-05-20_13_51.806,152,3,23,1,-29.245,-101.296,2.968
2012-05-05-20_13_51.807,152,4,23,1,-38.232,-101.271,2.568
2012-05-05-20_13_51.808,152,5,23,1,-47.246,-101.333,2.968
2012-05-05-20_13_51.809,152,6,23,1,-56.245,-101.337,3.068
2012-05-05-20_13_51.810,152,7,23,1,-65.167,-101.255,3.768
