2012-05-06-02_46_29.768,563,0,0,0,2.259,2.220,3.396
2012-05-06-02_46_29.769,563,1,0,0,-6.749,2.204,2.796
2012-05-06-02_46_29.770,563,2,0,0,-15.738,2.300,2.496
2012-05-06-02_46_29.771,563,3,0,0,-24.792,2.205,2.896
2012-05-06-02_46_29.773,563,4,0,0,-33.779,2.230,1.996
2012-05-06-02_46_29.774,563,5,0,0,-42.794,2.167,2.696
2012-05-06-02_46_29.775,563,6,0,0,-51.793,2.164,2.596
2012-05-06-02_46_29.776,563,7,0,0,-60.715,2.246,3.296
2012-05-06-02_46_29.777,563,0,0,1,-2.186,2.213,3.496
2012-05-06-02_46_29.778,563,1,0,1,-11.204,2.204,2.996
2012-05-06-02_46_29.778,563,2,0,1,-20.183,2.293,2.596
2012-05-06-02_46_29.779,563,3,0,1,-29.237,2.197,2.596
2012-05-06-02_46_29.780,563,4,0,1,-38.224,2.223,2.396
2012-05-06-02_46_29.780,563,5,0,1,-47.239,2.160,2.496
2012-05-06-02_46_29.781,563,6,0,1,-56.238,2.157,2.696
2012-05-06-02_46_29.781,563,7,0,1,-65.160,2.239,3.496
2012-05-06-02_46_29.782,563,0,1,0,2.271,-2.279,3.512
2012-05-06-02_46_29.783,563,1,1,0,-6.745,-2.290,3.112
2012-05-06-02_46_29.783,563,2,1,0,-15.726,-2.199,2.512
2012-05-06-02_46_29.785,563,3,1,0,-24.781,-2.295,2.912
2012-05-06-02_46_29.786,563,4,1,0,-33.768,-2.270,2.112
2012-05-06-02_46_29.786,563,5,1,0,-42.782,-2.332,2.712
2012-05-06-02_46_29.787,563,6,1,0,-51.781,-2.336,2.612
2012-05-06-02_46_29.788,563,7,1,0,-60.703,-2.253,3.512
2012-05-06-02_46_29.789,563,0,1,1,-2.186,-2.289,3.620
2012-05-06-02_46_29.790,563,1,1,1,-11.202,-2.290,3.119
2012-05-06-02_46_29.791,563,2,1,1,-20.183,-2.209,2.620
2012-05-06-02_46_29.792,563,3,1,1,-29.238,-2.304,2.620
2012-05-06-02_46_29.793,563,4,1,1,-38.225,-2.279,2.120
2012-05-06-02_46_29.794,563,5,1,1,-47.239,-2.341,2.520
2012-05-06-02_46_29.794,563,6,1,1,-56.238,-2.345,2.720
2012-05-06-02_46_29.795,563,7,1,1,-65.160,-2.263,3.420
2012-05-06-02_46_29.796,563,0,2,0,2.271,-6.784,3.528
2012-05-06-02_46_29.797,563,1,2,0,-6.745,-6.788,3.128
2012-05-06-02_46_29.798,563,2,2,0,-15.726,-6.704,2.528
2012-05-06-02_46_29.798,563,3,2,0,-24.781,-6.799,2.928
2012-05-06-02_46_29.801,563,4,2,0,-33.768,-6.774,2.328
2012-05-06-02_46_29.802,563,5,2,0,-42.783,-6.837,2.828
2012-05-06-02_46_29.803,563,6,2,0,-51.781,-6.840,2.728
2012-05-06-02_46_29.803,563,7,2,0,-60.703,-6.758,3.528
2012-05-06-02_46_29.805,563,0,2,1,-2.186,-6.792,3.537
2012-05-06-02_46_29.806,563,1,2,1,-11.202,-6.788,3.037
2012-05-06-02_46_29.807,563,2,2,1,-20.184,-6.712,2.637
2012-05-06-02_46_29.808,563,3,2,1,-29.238,-6.808,2.937
2012-05-06-02_46_29.808,563,4,2,1,-38.225,-6.783,2.337
2012-05-06-02_46_29.810,563,5,2,1,-47.240,-6.845,2.537
2012-05-06-02_46_29.810,563,6,2,1,-56.239,-6.848,2.737
2012-05-06-02_46_29.811,563,7,2,1,-65.161,-6.766,3.537
2012-05-06-02_46_29.812,563,0,3,0,2.270,-11.282,3.548
2012-05-06-02_46_29.813,563,1,3,0,-6.743,-11.287,3.248
2012-05-06-02_46_29.814,563,2,3,0,-15.727,-11.202,2.548
2012-05-06-02_46_29.820,563,3,3,0,-24.781,-11.297,2.948
2012-05-06-02_46_29.821,563,4,3,0,-33.769,-11.272,2.348
2012-05-06-02_46_29.822,563,5,3,0,-42.783,-11.335,2.748
2012-05-06-02_46_29.823,563,6,3,0,-51.782,-11.338,2.848
2012-05-06-02_46_29.823,563,7,3,0,-60.704,-11.256,3.448
2012-05-06-02_46_29.825,563,0,3,1,-2.187,-11.289,3.659
2012-05-06-02_46_29.826,563,1,3,1,-11.203,-11.287,3.159
2012-05-06-02_46_29.827,563,2,3,1,-20.184,-11.208,2.559
2012-05-06-02_46_29.827,563,3,3,1,-29.239,-11.304,2.959
2012-05-06-02_46_29.828,563,4,3,1,-38.226,-11.279,2.459
2012-05-06-02_46_29.831,563,5,3,1,-47.240,-11.341,2.559
2012-05-06-02_46_29.832,563,6,3,1,-56.239,-11.345,2.659
2012-05-06-02_46_29.833,563,7,3,1,-65.161,-11.262,3.359
2012-05-06-02_46_29.837,563,0,4,0,2.270,-15.781,3.573
2012-05-06-02_46_29.838,563,1,4,0,-6.741,-15.794,3.173
2012-05-06-02_46_29.839,563,2,4,0,-15.727,-15.701,2.573
2012-05-06-02_46_29.840,563,3,4,0,-24.782,-15.797,2.973
2012-05-06-02_46_29.840,563,4,4,0,-33.769,-15.772,2.073
2012-05-06-02_46_29.842,563,5,4,0,-42.784,-15.834,2.573
2012-05-06-02_46_29.842,563,6,4,0,-51.782,-15.837,2.673
2012-05-06-02_46_29.843,563,7,4,0,-60.704,-15.755,3.473
2012-05-06-02_46_29.844,563,0,4,1,-2.185,-15.788,3.583
2012-05-06-02_46_29.845,563,1,4,1,-11.203,-15.794,3.183
2012-05-06-02_46_29.846,563,2,4,1,-20.182,-15.708,2.583
2012-05-06-02_46_29.847,563,3,4,1,-29.237,-15.804,2.883
2012-05-06-02_46_29.848,563,4,4,1,-38.224,-15.779,2.183
2012-05-06-02_46_29.851,563,5,4,1,-47.238,-15.841,2.483
2012-05-06-02_46_29.852,563,6,4,1,-56.237,-15.844,2.683
2012-05-06-02_46_29.852,563,7,4,1,-65.159,-15.762,3.383
2012-05-06-02_46_29.853,563,0,5,0,2.267,-20.280,3.592
2012-05-06-02_46_29.854,563,1,5,0,-6.742,-20.297,3.192
2012-05-06-02_46_29.856,563,2,5,0,-15.730,-20.200,2.592
2012-05-06-02_46_29.857,563,3,5,0,-24.785,-20.295,2.892
2012-05-06-02_46_29.858,563,4,5,0,-33.772,-20.270,2.292
2012-05-06-02_46_29.858,563,5,5,0,-42.786,-20.332,2.692
2012-05-06-02_46_29.859,563,6,5,0,-51.785,-20.336,2.692
2012-05-06-02_46_29.860,563,7,5,0,-60.707,-20.254,3.392
2012-05-06-02_46_29.861,563,0,5,1,-2.185,-20.288,3.701
2012-05-06-02_46_29.862,563,1,5,1,-11.206,-20.296,3.100
2012-05-06-02_46_29.863,563,2,5,1,-20.182,-20.208,2.601
2012-05-06-02_46_29.864,563,3,5,1,-29.237,-20.303,3.001
2012-05-06-02_46_29.865,563,4,5,1,-38.224,-20.278,2.201
2012-05-06-02_46_29.868,563,5,5,1,-47.239,-20.340,2.501
2012-05-06-02_46_29.869,563,6,5,1,-56.237,-20.344,2.701
2012-05-06-02_46_29.870,563,7,5,1,-65.159,-20.262,3.601
2012-05-06-02_46_29.871,563,0,6,0,2.269,-24.780,3.610
2012-05-06-02_46_29.872,563,1,6,0,-6.739,-24.791,3.110
2012-05-06-02_46_29.873,563,2,6,0,-15.728,-24.700,2.610
2012-05-06-02_46_29.875,563,3,6,0,-24.783,-24.795,3.010
2012-05-06-02_46_29.875,563,4,6,0,-33.770,-24.770,2.110
2012-05-06-02_46_29.877,563,5,6,0,-42.784,-24.832,2.610
2012-05-06-02_46_29.878,563,6,6,0,-51.783,-24.836,2.810
2012-05-06-02_46_29.879,563,7,6,0,-60.705,-24.754,3.610
2012-05-06-02_46_29.879,563,0,6,1,-2.181,-24.789,3.622
2012-05-06-02_46_29.880,563,1,6,1,-11.209,-24.790,3.222
2012-05-06-02_46_29.881,563,2,6,1,-20.178,-24.709,2.622
2012-05-06-02_46_29.882,563,3,6,1,-29.233,-24.804,3.022
2012-05-06-02_46_29.887,563,4,6,1,-38.220,-24.779,2.222
2012-05-06-02_46_29.888,563,5,6,1,-47.234,-24.842,2.622
2012-05-06-02_46_29.890,563,6,6,1,-56.233,-24.845,2.822
2012-05-06-02_46_29.891,563,7,6,1,-65.155,-24.763,3.522
2012-05-06-02_46_29.891,563,0,7,0,2.269,-29.284,3.635
2012-05-06-02_46_29.892,563,1,7,0,-6.740,-29.288,3.135
2012-05-06-02_46_29.893,563,2,7,0,-15.728,-29.204,2.735
2012-05-06-02_46_29.894,563,3,7,0,-24.783,-29.300,3.035
2012-05-06-02_46_29.895,563,4,7,0,-33.770,-29.275,2.535
2012-05-06-02_46_29.895,563,5,7,0,-42.785,-29.337,2.635
2012-05-06-02_46_29.896,563,6,7,0,-51.784,-29.341,2.835
2012-05-06-02_46_29.897,563,7,7,0,-60.705,-29.258,3.635
2012-05-06-02_46_29.898,563,0,7,1,-2.181,-29.291,3.645
2012-05-06-02_46_29.899,563,1,7,1,-11.209,-29.287,3.145
2012-05-06-02_46_29.900,563,2,7,1,-20.178,-29.211,2.745
2012-05-06-02_46_29.901,563,3,7,1,-29.233,-29.306,3.045
2012-05-06-02_46_29.902,563,4,7,1,-38.220,-29.281,2.445
2012-05-06-02_46_29.903,563,5,7,1,-47.235,-29.343,2.745
2012-05-06-02_46_29.904,563,6,7,1,-56.233,-29.347,2.945
2012-05-06-02_46_29.905,563,7,7,1,-65.155,-29.265,3.545
2012-05-06-02_46_29.906,563,0,8,0,2.273,-33.782,3.654
2012-05-06-02_46_29.907,563,1,8,0,-6.745,-33.785,3.254
2012-05-06-02_46_29.908,563,2,8,0,-15.724,-33.702,2.654
2012-05-06-02_46_29.909,563,3,8,0,-24.779,-33.798,3.054
2012-05-06-02_46_29.910,563,4,8,0,-33.766,-33.773,2.454
2012-05-06-02_46_29.911,563,5,8,0,-42.780,-33.835,2.754
2012-05-06-02_46_29.912,563,6,8,0,-51.779,-33.839,2.854
2012-05-06-02_46_29.913,563,7,8,0,-60.701,-33.756,3.654
2012-05-06-02_46_29.915,563,0,8,1,-2.182,-33.788,3.763
2012-05-06-02_46_29.916,563,1,8,1,-11.212,-33.785,3.163
2012-05-06-02_46_29.917,563,2,8,1,-20.179,-33.707,2.663
2012-05-06-02_46_29.917,563,3,8,1,-29.233,-33.803,3.063
2012-05-06-02_46_29.918,563,4,8,1,-38.221,-33.778,2.463
2012-05-06-02_46_29.919,563,5,8,1,-47.235,-33.840,2.963
2012-05-06-02_46_29.920,563,6,8,1,-56.234,-33.844,2.963
2012-05-06-02_46_29.921,563,7,8,1,-65.156,-33.761,3.563
2012-05-06-02_46_29.922,563,0,9,0,2.273,-38.283,3.672
2012-05-06-02_46_29.923,563,1,9,0,-6.748,-38.294,3.272
2012-05-06-02_46_29.924,563,2,9,0,-15.724,-38.202,2.672
2012-05-06-02_46_29.925,563,3,9,0,-24.779,-38.298,3.072
2012-05-06-02_46_29.926,563,4,9,0,-33.766,-38.273,2.372
2012-05-06-02_46_29.927,563,5,9,0,-42.781,-38.335,2.672
2012-05-06-02_46_29.928,563,6,9,0,-51.779,-38.339,2.872
2012-05-06-02_46_29.929,563,7,9,0,-60.701,-38.256,3.472
2012-05-06-02_46_29.930,563,0,9,1,-2.185,-38.288,3.585
2012-05-06-02_46_29.931,563,1,9,1,-11.213,-38.293,3.185
2012-05-06-02_46_29.932,563,2,9,1,-20.182,-38.208,2.785
2012-05-06-02_46_29.932,563,3,9,1,-29.236,-38.304,2.985
2012-05-06-02_46_29.934,563,4,9,1,-38.223,-38.279,2.185
2012-05-06-02_46_29.935,563,5,9,1,-47.238,-38.341,2.785
2012-05-06-02_46_29.935,563,6,9,1,-56.237,-38.344,2.885
2012-05-06-02_46_29.937,563,7,9,1,-65.159,-38.262,3.585
2012-05-06-02_46_29.938,563,0,10,0,2.275,-42.780,3.598
2012-05-06-02_46_29.939,563,1,10,0,-6.751,-42.796,3.198
2012-05-06-02_46_29.941,563,2,10,0,-15.722,-42.700,2.798
2012-05-06-02_46_29.941,563,3,10,0,-24.777,-42.795,3.098
2012-05-06-02_46_29.942,563,4,10,0,-33.764,-42.770,2.298
2012-05-06-02_46_29.943,563,5,10,0,-42.779,-42.833,2.698
2012-05-06-02_46_29.944,563,6,10,0,-51.777,-42.836,2.898
2012-05-06-02_46_29.945,563,7,10,0,-60.699,-42.754,3.598
2012-05-06-02_46_29.946,563,0,10,1,-2.187,-42.788,3.708
2012-05-06-02_46_29.947,563,1,10,1,-11.213,-42.796,3.208
2012-05-06-02_46_29.949,563,2,10,1,-20.185,-42.708,2.708
2012-05-06-02_46_29.951,563,3,10,1,-29.239,-42.803,3.108
2012-05-06-02_46_29.951,563,4,10,1,-38.226,-42.778,2.508
2012-05-06-02_46_29.953,563,5,10,1,-47.241,-42.840,2.808
2012-05-06-02_46_29.954,563,6,10,1,-56.240,-42.844,2.908
2012-05-06-02_46_29.955,563,7,10,1,-65.162,-42.762,3.608
2012-05-06-02_46_29.956,563,0,11,0,2.277,-47.280,3.617
2012-05-06-02_46_29.957,563,1,11,0,-6.751,-47.291,3.217
2012-05-06-02_46_29.958,563,2,11,0,-15.720,-47.200,2.717
2012-05-06-02_46_29.959,563,3,11,0,-24.775,-47.295,3.017
2012-05-06-02_46_29.960,563,4,11,0,-33.762,-47.270,2.517
2012-05-06-02_46_29.961,563,5,11,0,-42.777,-47.332,2.717
2012-05-06-02_46_29.962,563,6,11,0,-51.775,-47.336,3.017
2012-05-06-02_46_29.963,563,7,11,0,-60.697,-47.254,3.717
2012-05-06-02_46_29.964,563,0,11,1,-2.188,-47.289,3.726
2012-05-06-02_46_29.965,563,1,11,1,-11.211,-47.291,3.226
2012-05-06-02_46_29.967,563,2,11,1,-20.185,-47.209,2.726
2012-05-06-02_46_29.968,563,3,11,1,-29.240,-47.305,3.126
2012-05-06-02_46_29.969,563,4,11,1,-38.227,-47.280,2.526
2012-05-06-02_46_29.970,563,5,11,1,-47.241,-47.342,2.826
2012-05-06-02_46_29.971,563,6,11,1,-56.240,-47.346,3.026
2012-05-06-02_46_29.972,563,7,11,1,-65.162,-47.263,3.626
2012-05-06-02_46_29.973,563,0,12,0,2.276,-51.785,3.636
2012-05-06-02_46_29.974,563,1,12,0,-6.754,-51.789,3.236
2012-05-06-02_46_29.975,563,2,12,0,-15.721,-51.705,2.836
2012-05-06-02_46_29.976,563,3,12,0,-24.776,-51.800,3.036
2012-05-06-02_46_29.977,563,4,12,0,-33.763,-51.775,2.236
2012-05-06-02_46_29.978,563,5,12,0,-42.777,-51.837,2.836
2012-05-06-02_46_29.980,563,6,12,0,-51.776,-51.841,2.936
2012-05-06-02_46_29.981,563,7,12,0,-60.698,-51.759,3.736
2012-05-06-02_46_29.982,563,0,12,1,-2.188,-51.792,3.749
2012-05-06-02_46_29.984,563,1,12,1,-11.209,-51.788,3.249
2012-05-06-02_46_29.984,563,2,12,1,-20.185,-51.712,2.849
2012-05-06-02_46_29.985,563,3,12,1,-29.240,-51.808,3.149
2012-05-06-02_46_29.986,563,4,12,1,-38.227,-51.783,2.549
2012-05-06-02_46_29.987,563,5,12,1,-47.242,-51.845,2.849
2012-05-06-02_46_29.988,563,6,12,1,-56.240,-51.848,2.949
2012-05-06-02_46_29.989,563,7,12,1,-65.162,-51.766,3.749
2012-05-06-02_46_29.990,563,0,13,0,2.273,-56.282,3.762
2012-05-06-02_46_29.993,563,1,13,0,-6.755,-56.286,3.362
2012-05-06-02_46_29.994,563,2,13,0,-15.724,-56.202,2.762
2012-05-06-02_46_29.994,563,3,13,0,-24.778,-56.298,3.062
2012-05-06-02_46_29.995,563,4,13,0,-33.765,-56.273,2.362
2012-05-06-02_46_29.996,563,5,13,0,-42.780,-56.335,2.762
2012-05-06-02_46_29.997,563,6,13,0,-51.779,-56.339,2.862
2012-05-06-02_46_29.998,563,7,13,0,-60.701,-56.256,3.662
2012-05-06-02_46_30.000,563,0,13,1,-2.191,-56.288,3.772
2012-05-06-02_46_30.001,563,1,13,1,-11.209,-56.286,3.371
2012-05-06-02_46_30.001,563,2,13,1,-20.188,-56.208,2.772
2012-05-06-02_46_30.003,563,3,13,1,-29.243,-56.303,3.072
2012-05-06-02_46_30.003,563,4,13,1,-38.230,-56.278,2.372
2012-05-06-02_46_30.004,563,5,13,1,-47.245,-56.340,2.872
2012-05-06-02_46_30.005,563,6,13,1,-56.243,-56.344,2.872
2012-05-06-02_46_30.006,563,7,13,1,-65.165,-56.262,3.672
2012-05-06-02_46_30.007,563,0,14,0,2.273,-60.782,3.679
2012-05-06-02_46_30.008,563,1,14,0,-6.755,-60.794,3.279
2012-05-06-02_46_30.009,563,2,14,0,-15.724,-60.702,2.779
2012-05-06-02_46_30.010,563,3,14,0,-24.779,-60.797,3.179
2012-05-06-02_46_30.012,563,4,14,0,-33.766,-60.772,2.579
2012-05-06-02_46_30.012,563,5,14,0,-42.780,-60.834,2.779
2012-05-06-02_46_30.013,563,6,14,0,-51.779,-60.838,2.879
2012-05-06-02_46_30.015,563,7,14,0,-60.701,-60.756,3.779
2012-05-06-02_46_30.016,563,0,14,1,-2.192,-60.788,3.788
2012-05-06-02_46_30.018,563,1,14,1,-11.210,-60.794,3.388
2012-05-06-02_46_30.020,563,2,14,1,-20.189,-60.708,2.788
2012-05-06-02_46_30.021,563,3,14,1,-29.243,-60.804,3.188
2012-05-06-02_46_30.022,563,4,14,1,-38.230,-60.779,2.688
2012-05-06-02_46_30.023,563,5,14,1,-47.245,-60.841,2.888
2012-05-06-02_46_30.024,563,6,14,1,-56.244,-60.844,2.988
2012-05-06-02_46_30.025,563,7,14,1,-65.166,-60.762,3.688
2012-05-06-02_46_30.025,563,0,15,0,2.273,-65.280,3.797
2012-05-06-02_46_30.027,563,1,15,0,-6.755,-65.297,3.297
2012-05-06-02_46_30.028,563,2,15,0,-15.725,-65.200,2.797
2012-05-06-02_46_30.028,563,3,15,0,-24.779,-65.295,3.097
2012-05-06-02_46_30.029,563,4,15,0,-33.766,-65.270,2.597
2012-05-06-02_46_30.030,563,5,15,0,-42.781,-65.333,2.697
2012-05-06-02_46_30.031,563,6,15,0,-51.780,-65.336,2.897
2012-05-06-02_46_30.032,563,7,15,0,-60.702,-65.254,3.697
2012-05-06-02_46_30.033,563,0,15,1,-2.194,-65.287,3.810
2012-05-06-02_46_30.034,563,1,15,1,-11.205,-65.296,3.310
2012-05-06-02_46_30.035,563,2,15,1,-20.191,-65.207,2.810
2012-05-06-02_46_30.036,563,3,15,1,-29.246,-65.303,3.010
2012-05-06-02_46_30.037,563,4,15,1,-38.233,-65.277,2.510
2012-05-06-02_46_30.037,563,5,15,1,-47.248,-65.340,2.810
2012-05-06-02_46_30.039,563,6,15,1,-56.247,-65.343,2.910
2012-05-06-02_46_30.040,563,7,15,1,-65.168,-65.261,3.610
2012-05-06-02_46_30.041,563,0,16,0,2.270,-69.780,3.823
2012-05-06-02_46_30.043,563,1,16,0,-6.753,-69.790,3.323
2012-05-06-02_46_30.044,563,2,16,0,-15.727,-69.700,2.823
2012-05-06-02_46_30.045,563,3,16,0,-24.782,-69.795,3.123
2012-05-06-02_46_30.046,563,4,16,0,-33.769,-69.770,2.423
2012-05-06-02_46_30.047,563,5,16,0,-42.784,-69.833,2.923
2012-05-06-02_46_30.048,563,6,16,0,-51.782,-69.836,2.923
2012-05-06-02_46_30.049,563,7,16,0,-60.704,-69.754,3.623
2012-05-06-02_46_30.051,563,0,16,1,-2.195,-69.789,3.834
2012-05-06-02_46_30.052,563,1,16,1,-11.208,-69.790,3.333
2012-05-06-02_46_30.053,563,2,16,1,-20.192,-69.708,2.834
2012-05-06-02_46_30.054,563,3,16,1,-29.247,-69.804,3.134
2012-05-06-02_46_30.055,563,4,16,1,-38.234,-69.779,2.634
2012-05-06-02_46_30.056,563,5,16,1,-47.248,-69.841,2.734
2012-05-06-02_46_30.057,563,6,16,1,-56.247,-69.845,2.934
2012-05-06-02_46_30.058,563,7,16,1,-65.169,-69.762,3.634
2012-05-06-02_46_30.059,563,0,17,0,2.264,-74.284,3.842
2012-05-06-02_46_30.061,563,1,17,0,-6.749,-74.288,3.342
2012-05-06-02_46_30.062,563,2,17,0,-15.733,-74.204,2.842
2012-05-06-02_46_30.063,563,3,17,0,-24.787,-74.299,3.142
2012-05-06-02_46_30.064,563,4,17,0,-33.774,-74.274,2.442
2012-05-06-02_46_30.065,563,5,17,0,-42.789,-74.336,2.842
2012-05-06-02_46_30.066,563,6,17,0,-51.788,-74.340,2.942
2012-05-06-02_46_30.067,563,7,17,0,-60.710,-74.258,3.742
2012-05-06-02_46_30.068,563,0,17,1,-2.193,-74.291,3.852
2012-05-06-02_46_30.069,563,1,17,1,-11.209,-74.287,3.351
2012-05-06-02_46_30.070,563,2,17,1,-20.190,-74.211,2.852
2012-05-06-02_46_30.071,563,3,17,1,-29.245,-74.306,3.152
2012-05-06-02_46_30.073,563,4,17,1,-38.232,-74.281,2.452
2012-05-06-02_46_30.074,563,5,17,1,-47.246,-74.344,2.752
2012-05-06-02_46_30.075,563,6,17,1,-56.245,-74.347,2.952
2012-05-06-02_46_30.076,563,7,17,1,-65.167,-74.265,3.752
2012-05-06-02_46_30.077,563,0,18,0,2.266,-78.782,3.762
2012-05-06-02_46_30.078,563,1,18,0,-6.747,-78.786,3.362
2012-05-06-02_46_30.082,563,2,18,0,-15.731,-78.702,2.862
2012-05-06-02_46_30.083,563,3,18,0,-24.785,-78.797,3.162
2012-05-06-02_46_30.083,563,4,18,0,-33.772,-78.772,2.562
2012-05-06-02_46_30.084,563,5,18,0,-42.787,-78.835,2.862
2012-05-06-02_46_30.085,563,6,18,0,-51.786,-78.838,2.962
2012-05-06-02_46_30.086,563,7,18,0,-60.708,-78.756,3.762
2012-05-06-02_46_30.087,563,0,18,1,-2.191,-78.789,3.774
2012-05-06-02_46_30.088,563,1,18,1,-11.211,-78.786,3.374
2012-05-06-02_46_30.089,563,2,18,1,-20.188,-78.708,2.874
2012-05-06-02_46_30.090,563,3,18,1,-29.243,-78.804,3.174
2012-05-06-02_46_30.091,563,4,18,1,-38.230,-78.779,2.374
2012-05-06-02_46_30.091,563,5,18,1,-47.244,-78.841,2.874
2012-05-06-02_46_30.093,563,6,18,1,-56.243,-78.845,2.974
2012-05-06-02_46_30.094,563,7,18,1,-65.165,-78.762,3.774
2012-05-06-02_46_30.094,563,0,19,0,2.266,-83.283,3.787
2012-05-06-02_46_30.097,563,1,19,0,-6.750,-83.294,3.387
2012-05-06-02_46_30.098,563,2,19,0,-15.731,-83.202,2.887
2012-05-06-02_46_30.099,563,3,19,0,-24.786,-83.298,3.287
2012-05-06-02_46_30.099,563,4,19,0,-33.773,-83.273,2.387
2012-05-06-02_46_30.101,563,5,19,0,-42.787,-83.335,2.887
2012-05-06-02_46_30.103,563,6,19,0,-51.786,-83.339,2.987
2012-05-06-02_46_30.106,563,7,19,0,-60.708,-83.256,3.687
2012-05-06-02_46_30.107,563,0,19,1,-2.191,-83.288,3.797
2012-05-06-02_46_30.107,563,1,19,1,-11.214,-83.293,3.397
2012-05-06-02_46_30.108,563,2,19,1,-20.188,-83.208,2.897
2012-05-06-02_46_30.109,563,3,19,1,-29.243,-83.303,3.097
2012-05-06-02_46_30.110,563,4,19,1,-38.230,-83.278,2.497
2012-05-06-02_46_30.111,563,5,19,1,-47.245,-83.341,25.897
2012-05-06-02_46_30.113,563,6,19,1,-56.243,-83.344,26.297
2012-05-06-02_46_30.114,563,7,19,1,-65.165,-83.262,6.197
2012-05-06-02_46_30.115,563,0,20,0,2.266,-87.780,3.905
2012-05-06-02_46_30.116,563,1,20,0,-6.750,-87.797,3.405
2012-05-06-02_46_30.116,563,2,20,0,-15.732,-87.700,2.905
2012-05-06-02_46_30.117,563,3,20,0,-24.786,-87.795,3.205
2012-05-06-02_46_30.119,563,4,20,0,-33.773,-87.770,2.605
2012-05-06-02_46_30.120,563,5,20,0,-42.788,-87.833,3.005
2012-05-06-02_46_30.121,563,6,20,0,-51.787,-87.836,2.905
2012-05-06-02_46_30.123,563,7,20,0,-60.709,-87.754,3.805
2012-05-06-02_46_30.123,563,0,20,1,-2.189,-87.788,3.914
2012-05-06-02_46_30.124,563,1,20,1,-11.212,-87.796,3.414
2012-05-06-02_46_30.125,563,2,20,1,-20.186,-87.708,2.914
2012-05-06-02_46_30.126,563,3,20,1,-29.241,-87.803,3.214
2012-05-06-02_46_30.127,563,4,20,1,-38.228,-87.778,2.714
2012-05-06-02_46_30.128,563,5,20,1,-47.243,-87.840,2.914
2012-05-06-02_46_30.129,563,6,20,1,-56.241,-87.844,3.014
2012-05-06-02_46_30.130,563,7,20,1,-65.163,-87.762,3.814
2012-05-06-02_46_30.131,563,0,21,0,2.265,-92.279,3.924
2012-05-06-02_46_30.132,563,1,21,0,-6.753,-92.292,3.424
2012-05-06-02_46_30.133,563,2,21,0,-15.732,-92.199,2.924
2012-05-06-02_46_30.134,563,3,21,0,-24.787,-92.294,3.224
2012-05-06-02_46_30.135,563,4,21,0,-33.774,-92.269,2.624
2012-05-06-02_46_30.135,563,5,21,0,-42.788,-92.332,2.924
2012-05-06-02_46_30.136,563,6,21,0,-51.787,-92.335,3.024
2012-05-06-02_46_30.137,563,7,21,0,-60.709,-92.253,3.824
2012-05-06-02_46_30.138,563,0,21,1,-2.190,-92.290,3.937
2012-05-06-02_46_30.141,563,1,21,1,-11.213,-92.291,3.337
2012-05-06-02_46_30.142,563,2,21,1,-20.187,-92.210,2.937
2012-05-06-02_46_30.143,563,3,21,1,-29.241,-92.305,2.937
2012-05-06-02_46_30.143,563,4,21,1,-38.228,-92.280,2.537
2012-05-06-02_46_30.145,563,5,21,1,-47.243,-92.342,2.937
2012-05-06-02_46_30.146,563,6,21,1,-56.242,-92.346,3.037
2012-05-06-02_46_30.149,563,7,21,1,-65.164,-92.264,3.737
2012-05-06-02_46_30.150,563,0,22,0,2.267,-96.783,3.950
2012-05-06-02_46_30.151,563,1,22,0,-6.756,-96.789,3.450
2012-05-06-02_46_30.152,563,2,22,0,-15.730,-96.703,2.950
2012-05-06-02_46_30.152,563,3,22,0,-24.785,-96.799,3.250
2012-05-06-02_46_30.153,563,4,22,0,-33.772,-96.774,2.650
2012-05-06-02_46_30.154,563,5,22,0,-42.786,-96.836,2.850
2012-05-06-02_46_30.155,563,6,22,0,-51.785,-96.840,3.050
2012-05-06-02_46_30.156,563,7,22,0,-60.707,-96.757,3.850
2012-05-06-02_46_30.157,563,0,22,1,-2.188,-96.792,3.858
2012-05-06-02_46_30.158,563,1,22,1,-11.211,-96.790,3.458
2012-05-06-02_46_30.159,563,2,22,1,-20.185,-96.712,2.958
2012-05-06-02_46_30.160,563,3,22,1,-29.239,-96.808,3.058
2012-05-06-02_46_30.161,563,4,22,1,-38.226,-96.783,2.758
2012-05-06-02_46_30.162,563,5,22,1,-47.241,-96.845,2.958
2012-05-06-02_46_30.163,563,6,22,1,-56.240,-96.848,3.158
2012-05-06-02_46_30.164,563,7,22,1,-65.162,-96.766,3.758
2012-05-06-02_46_30.165,563,0,23,0,2.267,-101.281,3.968
2012-05-06-02_46_30.166,563,1,23,0,-6.756,-101.287,3.468
2012-05-06-02_46_30.167,563,2,23,0,-15.730,-101.201,2.968
2012-05-06-02_46_30.168,563,3,23,0,-24.785,-101.297,3.268
2012-05-06-02_46_30.169,563,4,23,0,-33.772,-101.272,2.768
2012-05-06-02_46_30.170,563,5,23,0,-42.787,-101.334,2.968
2012-05-06-02_46_30.171,563,6,23,0,-51.785,-101.338,2.968
2012-05-06-02_46_30.172,563,7,23,0,-60.707,-101.255,3.868
2012-05-06-02_46_30.173,563,0,23,1,-2.181,-101.280,3.968
2012-05-06-02_46_30.174,563,1,23,1,-11.209,-101.287,3.468
2012-05-06-02_46_30.175,563,2,23,1,-20.178,-101.200,2.968
2012-05-06-02_46_30.176,563,3,23,1,-29.232,-101.295,3.068
2012-05-06-02_46_30.177,563,4,23,1,-38.219,-101.270,2.668
2012-05-06-02_46_30.178,563,5,23,1,-47.234,-101.332,2.968
2012-05-06-02_46_30.179,563,6,23,1,-56.233,-101.336,3.068
2012-05-06-02_46_30.181,563,7,23,1,-65.155,-101.253,3.768
