2012-05-05-12_00_15.058,338,0,0,0,2.256,2.216,1.665
2012-05-05-12_00_15.060,338,0,0,0,2.293,2.304,1.665
2012-05-05-12_00_15.104,338,0,0,0,2.195,2.246,1.665
2012-05-05-12_00_15.106,338,1,0,0,-6.752,2.208,2.165
2012-05-05-12_00_15.112,338,1,0,0,-6.830,2.233,2.165
2012-05-05-12_00_15.114,338,1,0,0,-6.771,2.285,2.165
2012-05-05-12_00_15.133,338,2,0,0,-15.709,2.286,1.665
2012-05-05-12_00_15.134,338,2,0,0,-15.770,2.316,1.665
2012-05-05-12_00_15.134,338,2,0,0,-15.713,2.361,1.665
2012-05-05-12_00_15.135,338,3,0,0,-24.731,2.204,2.565
2012-05-05-12_00_15.135,338,3,0,0,-24.694,2.292,2.565
2012-05-05-12_00_15.136,338,3,0,0,-24.792,2.234,2.565
2012-05-05-12_00_15.136,338,4,0,0,-33.728,2.202,1.665
2012-05-05-12_00_15.137,338,4,0,0,-33.690,2.290,1.565
2012-05-05-12_00_15.138,338,4,0,0,-33.788,2.232,1.665
2012-05-05-12_00_15.138,338,5,0,0,-42.734,2.205,1.765
2012-05-05-12_00_15.139,338,5,0,0,-42.683,2.165,1.765
2012-05-05-12_00_15.140,338,5,0,0,-42.776,2.191,1.765
2012-05-05-12_00_15.140,338,6,0,0,-51.773,2.141,1.365
2012-05-05-12_00_15.141,338,6,0,0,-51.736,2.230,1.265
2012-05-05-12_00_15.141,338,6,0,0,-51.834,2.171,1.165
2012-05-05-12_00_15.142,338,7,0,0,-60.668,2.205,2.365
2012-05-05-12_00_15.142,338,7,0,0,-60.729,2.235,2.365
2012-05-05-12_00_15.143,338,7,0,0,-60.672,2.280,2.365
2012-05-05-12_00_15.143,338,0,0,1,-2.192,2.209,2.165
2012-05-05-12_00_15.144,338,0,0,1,-2.164,2.305,2.065
2012-05-05-12_00_15.144,338,0,0,1,-2.260,2.232,2.165
2012-05-05-12_00_15.145,338,1,0,1,-11.207,2.207,2.265
2012-05-05-12_00_15.145,338,1,0,1,-11.338,2.273,2.265
2012-05-05-12_00_15.146,338,1,0,1,-11.229,2.286,2.265
2012-05-05-12_00_15.146,338,2,0,1,-20.157,2.279,1.765
2012-05-05-12_00_15.147,338,2,0,1,-20.225,2.302,1.665
2012-05-05-12_00_15.147,338,2,0,1,-20.230,2.303,1.765
2012-05-05-12_00_15.148,338,3,0,1,-29.179,2.197,2.765
2012-05-05-12_00_15.148,338,3,0,1,-29.151,2.293,2.865
2012-05-05-12_00_15.148,338,3,0,1,-29.247,2.220,2.865
2012-05-05-12_00_15.149,338,4,0,1,-38.175,2.195,2.465
2012-05-05-12_00_15.149,338,4,0,1,-38.148,2.291,2.465
2012-05-05-12_00_15.150,338,4,0,1,-38.243,2.218,2.465
2012-05-05-12_00_15.150,338,5,0,1,-47.191,2.205,0.965
2012-05-05-12_00_15.151,338,5,0,1,-47.274,2.227,0.965
2012-05-05-12_00_15.151,338,5,0,1,-47.245,2.203,0.965
2012-05-05-12_00_15.152,338,6,0,1,-56.221,2.134,2.065
2012-05-05-12_00_15.152,338,6,0,1,-56.193,2.230,1.965
2012-05-05-12_00_15.153,338,6,0,1,-56.289,2.157,2.065
2012-05-05-12_00_15.153,338,7,0,1,-65.183,2.221,1.565
2012-05-05-12_00_15.154,338,7,0,1,-65.188,2.222,1.565
2012-05-05-12_00_15.154,338,7,0,1,-65.171,2.316,1.665
2012-05-05-12_00_15.155,338,0,1,0,2.270,-2.283,1.878
2012-05-05-12_00_15.155,338,0,1,0,2.298,-2.189,1.878
2012-05-05-12_00_15.155,338,0,1,0,2.197,-2.258,1.878
2012-05-05-12_00_15.156,338,1,1,0,-6.750,-2.295,1.578
2012-05-05-12_00_15.157,338,1,1,0,-6.828,-2.268,1.578
2012-05-05-12_00_15.157,338,1,1,0,-6.772,-2.209,1.578
2012-05-05-12_00_15.158,338,2,1,0,-15.695,-2.213,0.778
2012-05-05-12_00_15.158,338,2,1,0,-15.768,-2.188,0.778
2012-05-05-12_00_15.159,338,2,1,0,-15.746,-2.198,0.778
2012-05-05-12_00_15.159,338,3,1,0,-24.717,-2.295,1.178
2012-05-05-12_00_15.160,338,3,1,0,-24.689,-2.201,1.278
2012-05-05-12_00_15.160,338,3,1,0,-24.790,-2.271,1.178
2012-05-05-12_00_15.160,338,4,1,0,-33.713,-2.297,0.578
2012-05-05-12_00_15.161,338,4,1,0,-33.686,-2.203,0.578
2012-05-05-12_00_15.161,338,4,1,0,-33.787,-2.272,0.478
2012-05-05-12_00_15.162,338,5,1,0,-42.730,-2.289,1.178
2012-05-05-12_00_15.162,338,5,1,0,-42.681,-2.336,1.178
2012-05-05-12_00_15.163,338,5,1,0,-42.776,-2.303,1.178
2012-05-05-12_00_15.163,338,6,1,0,-51.759,-2.358,0.978
2012-05-05-12_00_15.164,338,6,1,0,-51.731,-2.264,0.978
2012-05-05-12_00_15.164,338,6,1,0,-51.832,-2.333,0.978
2012-05-05-12_00_15.165,338,7,1,0,-60.654,-2.294,1.578
2012-05-05-12_00_15.165,338,7,1,0,-60.727,-2.269,1.578
2012-05-05-12_00_15.165,338,7,1,0,-60.672,-2.214,1.578
2012-05-05-12_00_15.166,338,0,1,1,-2.192,-2.289,1.488
2012-05-05-12_00_15.167,338,0,1,1,-2.164,-2.189,1.488
2012-05-05-12_00_15.167,338,0,1,1,-2.263,-2.271,1.488
2012-05-05-12_00_15.168,338,1,1,1,-11.203,-2.294,1.088
2012-05-05-12_00_15.168,338,1,1,1,-11.339,-2.221,1.188
2012-05-05-12_00_15.169,338,1,1,1,-11.227,-2.208,1.088
2012-05-05-12_00_15.169,338,2,1,1,-20.157,-2.219,0.688
2012-05-05-12_00_15.170,338,2,1,1,-20.228,-2.201,0.688
2012-05-05-12_00_15.170,338,2,1,1,-20.232,-2.199,0.688
2012-05-05-12_00_15.171,338,3,1,1,-29.179,-2.301,1.088
2012-05-05-12_00_15.171,338,3,1,1,-29.151,-2.201,1.088
2012-05-05-12_00_15.172,338,3,1,1,-29.250,-2.283,1.088
2012-05-05-12_00_15.173,338,4,1,1,-38.176,-2.303,0.888
2012-05-05-12_00_15.174,338,4,1,1,-38.148,-2.203,0.888
2012-05-05-12_00_15.174,338,4,1,1,-38.246,-2.285,0.888
2012-05-05-12_00_15.175,338,5,1,1,-47.192,-2.289,1.088
2012-05-05-12_00_15.175,338,5,1,1,-47.277,-2.269,1.088
2012-05-05-12_00_15.176,338,5,1,1,-47.248,-2.292,0.988
2012-05-05-12_00_15.176,338,6,1,1,-56.221,-2.364,1.088
2012-05-05-12_00_15.177,338,6,1,1,-56.193,-2.264,1.088
2012-05-05-12_00_15.177,338,6,1,1,-56.292,-2.345,1.088
2012-05-05-12_00_15.178,338,7,1,1,-65.186,-2.282,1.488
2012-05-05-12_00_15.178,338,7,1,1,-65.191,-2.280,1.588
2012-05-05-12_00_15.179,338,7,1,1,-65.173,-2.180,1.588
2012-05-05-12_00_15.179,338,0,2,0,2.260,-6.780,1.802
2012-05-05-12_00_15.180,338,0,2,0,2.295,-6.689,1.802
2012-05-05-12_00_15.180,338,0,2,0,2.197,-6.759,1.902
2012-05-05-12_00_15.181,338,1,2,0,-6.748,-6.793,1.702
2012-05-05-12_00_15.181,338,1,2,0,-6.829,-6.773,1.702
2012-05-05-12_00_15.182,338,1,2,0,-6.770,-6.706,1.702
2012-05-05-12_00_15.182,338,2,2,0,-15.705,-6.710,1.002
2012-05-05-12_00_15.183,338,2,2,0,-15.768,-6.689,1.002
2012-05-05-12_00_15.183,338,2,2,0,-15.712,-6.637,1.002
2012-05-05-12_00_15.184,338,3,2,0,-24.727,-6.792,1.502
2012-05-05-12_00_15.184,338,3,2,0,-24.692,-6.701,1.402
2012-05-05-12_00_15.185,338,3,2,0,-24.790,-6.771,1.502
2012-05-05-12_00_15.185,338,4,2,0,-33.724,-6.794,0.802
2012-05-05-12_00_15.186,338,4,2,0,-33.689,-6.703,0.802
2012-05-05-12_00_15.186,338,4,2,0,-33.787,-6.773,0.802
2012-05-05-12_00_15.187,338,5,2,0,-42.733,-6.789,1.002
2012-05-05-12_00_15.187,338,5,2,0,-42.682,-6.841,1.102
2012-05-05-12_00_15.188,338,5,2,0,-42.774,-6.807,1.102
2012-05-05-12_00_15.188,338,6,2,0,-51.769,-6.854,1.202
2012-05-05-12_00_15.189,338,6,2,0,-51.734,-6.764,1.202
2012-05-05-12_00_15.189,338,6,2,0,-51.832,-6.834,1.102
2012-05-05-12_00_15.190,338,7,2,0,-60.664,-6.790,1.602
2012-05-05-12_00_15.190,338,7,2,0,-60.727,-6.770,1.602
2012-05-05-12_00_15.190,338,7,2,0,-60.671,-6.718,1.702
2012-05-05-12_00_15.191,338,0,2,1,-2.190,-6.786,1.910
2012-05-05-12_00_15.191,338,0,2,1,-2.165,-6.688,1.910
2012-05-05-12_00_15.192,338,0,2,1,-2.263,-6.768,1.710
2012-05-05-12_00_15.192,338,1,2,1,-11.203,-6.792,1.610
2012-05-05-12_00_15.193,338,1,2,1,-11.339,-6.720,1.610
2012-05-05-12_00_15.193,338,1,2,1,-11.229,-6.706,1.610
2012-05-05-12_00_15.194,338,2,2,1,-20.155,-6.716,1.010
2012-05-05-12_00_15.194,338,2,2,1,-20.228,-6.698,1.010
2012-05-05-12_00_15.195,338,2,2,1,-20.235,-6.696,1.010
2012-05-05-12_00_15.195,338,3,2,1,-29.177,-6.798,1.110
2012-05-05-12_00_15.196,338,3,2,1,-29.152,-6.701,1.110
2012-05-05-12_00_15.196,338,3,2,1,-29.250,-6.780,1.110
2012-05-05-12_00_15.197,338,4,2,1,-38.173,-6.800,0.810
2012-05-05-12_00_15.197,338,4,2,1,-38.148,-6.702,0.710
2012-05-05-12_00_15.198,338,4,2,1,-38.247,-6.782,0.810
2012-05-05-12_00_15.198,338,5,2,1,-47.192,-6.788,1.110
2012-05-05-12_00_15.199,338,5,2,1,-47.277,-6.766,1.110
2012-05-05-12_00_15.199,338,5,2,1,-47.248,-6.792,1.110
2012-05-05-12_00_15.200,338,6,2,1,-56.219,-6.861,1.110
2012-05-05-12_00_15.200,338,6,2,1,-56.194,-6.763,1.110
2012-05-05-12_00_15.201,338,6,2,1,-56.292,-6.843,1.110
2012-05-05-12_00_15.201,338,7,2,1,-65.187,-6.779,1.610
2012-05-05-12_00_15.202,338,7,2,1,-65.194,-6.777,1.510
2012-05-05-12_00_15.202,338,7,2,1,-65.174,-6.677,1.610
2012-05-05-12_00_15.203,338,0,3,0,2.269,-11.278,1.920
2012-05-05-12_00_15.203,338,0,3,0,2.297,-11.191,1.920
2012-05-05-12_00_15.204,338,0,3,0,2.199,-11.255,1.920
2012-05-05-12_00_15.204,338,1,3,0,-6.744,-11.289,1.720
2012-05-05-12_00_15.205,338,1,3,0,-6.824,-11.270,1.820
2012-05-05-12_00_15.205,338,1,3,0,-6.765,-11.205,1.720
2012-05-05-12_00_15.206,338,2,3,0,-15.696,-11.208,1.120
2012-05-05-12_00_15.206,338,2,3,0,-15.766,-11.185,1.120
2012-05-05-12_00_15.207,338,2,3,0,-15.715,-11.140,1.120
2012-05-05-12_00_15.207,338,3,3,0,-24.718,-11.290,1.520
2012-05-05-12_00_15.208,338,3,3,0,-24.690,-11.203,1.520
2012-05-05-12_00_15.208,338,3,3,0,-24.788,-11.267,1.520
2012-05-05-12_00_15.209,338,4,3,0,-33.714,-11.292,0.820
2012-05-05-12_00_15.209,338,4,3,0,-33.687,-11.205,0.820
2012-05-05-12_00_15.210,338,4,3,0,-33.785,-11.269,0.820
2012-05-05-12_00_15.210,338,5,3,0,-42.731,-11.291,1.120
2012-05-05-12_00_15.211,338,5,3,0,-42.677,-11.338,1.120
2012-05-05-12_00_15.211,338,5,3,0,-42.777,-11.310,1.120
2012-05-05-12_00_15.211,338,6,3,0,-51.760,-11.353,1.120
2012-05-05-12_00_15.212,338,6,3,0,-51.732,-11.266,1.120
2012-05-05-12_00_15.212,338,6,3,0,-51.830,-11.329,1.120
2012-05-05-12_00_15.213,338,7,3,0,-60.654,-11.289,1.720
2012-05-05-12_00_15.213,338,7,3,0,-60.725,-11.266,1.720
2012-05-05-12_00_15.214,338,7,3,0,-60.673,-11.221,1.820
2012-05-05-12_00_15.214,338,0,3,1,-2.188,-11.288,2.028
2012-05-05-12_00_15.215,338,0,3,1,-2.165,-11.190,2.028
2012-05-05-12_00_15.215,338,0,3,1,-2.264,-11.266,1.828
2012-05-05-12_00_15.216,338,1,3,1,-11.206,-11.289,1.728
2012-05-05-12_00_15.216,338,1,3,1,-11.340,-11.222,1.728
2012-05-05-12_00_15.217,338,1,3,1,-11.225,-11.204,1.727
2012-05-05-12_00_15.217,338,2,3,1,-20.153,-11.218,1.128
2012-05-05-12_00_15.218,338,2,3,1,-20.228,-11.196,1.128
2012-05-05-12_00_15.218,338,2,3,1,-20.238,-11.193,1.128
2012-05-05-12_00_15.219,338,3,3,1,-29.175,-11.300,1.228
2012-05-05-12_00_15.219,338,3,3,1,-29.152,-11.202,1.228
2012-05-05-12_00_15.220,338,3,3,1,-29.250,-11.278,1.228
2012-05-05-12_00_15.220,338,4,3,1,-38.171,-11.302,0.928
2012-05-05-12_00_15.221,338,4,3,1,-38.149,-11.204,0.828
2012-05-05-12_00_15.221,338,4,3,1,-38.247,-11.280,0.928
2012-05-05-12_00_15.222,338,5,3,1,-47.193,-11.290,1.128
2012-05-05-12_00_15.223,338,5,3,1,-47.278,-11.266,1.127
2012-05-05-12_00_15.224,338,5,3,1,-47.249,-11.292,1.127
2012-05-05-12_00_15.224,338,6,3,1,-56.217,-11.363,1.228
2012-05-05-12_00_15.225,338,6,3,1,-56.194,-11.264,1.228
2012-05-05-12_00_15.225,338,6,3,1,-56.292,-11.340,1.228
2012-05-05-12_00_15.226,338,7,3,1,-65.187,-11.277,1.828
2012-05-05-12_00_15.226,338,7,3,1,-65.197,-11.274,1.828
2012-05-05-12_00_15.227,338,7,3,1,-65.174,-11.176,1.827
2012-05-05-12_00_15.227,338,0,4,0,2.269,-15.781,1.939
2012-05-05-12_00_15.228,338,0,4,0,2.296,-15.697,2.039
2012-05-05-12_00_15.228,338,0,4,0,2.193,-15.753,2.039
2012-05-05-12_00_15.229,338,1,4,0,-6.739,-15.790,1.739
2012-05-05-12_00_15.229,338,1,4,0,-6.825,-15.769,1.839
2012-05-05-12_00_15.230,338,1,4,0,-6.763,-15.712,1.839
2012-05-05-12_00_15.230,338,2,4,0,-15.696,-15.711,1.139
2012-05-05-12_00_15.231,338,2,4,0,-15.772,-15.683,1.039
2012-05-05-12_00_15.231,338,2,4,0,-15.718,-15.641,1.139
2012-05-05-12_00_15.232,338,3,4,0,-24.718,-15.793,1.539
2012-05-05-12_00_15.232,338,3,4,0,-24.691,-15.709,1.639
2012-05-05-12_00_15.233,338,3,4,0,-24.794,-15.765,1.639
2012-05-05-12_00_15.233,338,4,4,0,-33.715,-15.795,0.839
2012-05-05-12_00_15.234,338,4,4,0,-33.687,-15.711,0.839
2012-05-05-12_00_15.234,338,4,4,0,-33.790,-15.767,0.839
2012-05-05-12_00_15.235,338,5,4,0,-42.731,-15.796,1.139
2012-05-05-12_00_15.235,338,5,4,0,-42.678,-15.837,1.139
2012-05-05-12_00_15.236,338,5,4,0,-42.780,-15.811,1.139
2012-05-05-12_00_15.236,338,6,4,0,-51.760,-15.856,1.139
2012-05-05-12_00_15.237,338,6,4,0,-51.733,-15.771,1.139
2012-05-05-12_00_15.237,338,6,4,0,-51.836,-15.828,1.139
2012-05-05-12_00_15.238,338,7,4,0,-60.655,-15.792,1.839
2012-05-05-12_00_15.238,338,7,4,0,-60.730,-15.764,1.839
2012-05-05-12_00_15.239,338,7,4,0,-60.676,-15.722,1.839
2012-05-05-12_00_15.239,338,0,4,1,-2.186,-15.793,1.951
2012-05-05-12_00_15.240,338,0,4,1,-2.161,-15.697,2.051
2012-05-05-12_00_15.240,338,0,4,1,-2.266,-15.766,1.950
2012-05-05-12_00_15.241,338,1,4,1,-11.206,-15.791,1.751
2012-05-05-12_00_15.241,338,1,4,1,-11.335,-15.728,1.851
2012-05-05-12_00_15.242,338,1,4,1,-11.228,-15.711,3.150
2012-05-05-12_00_15.242,338,2,4,1,-20.151,-15.723,1.251
2012-05-05-12_00_15.243,338,2,4,1,-20.231,-15.696,1.150
2012-05-05-12_00_15.244,338,2,4,1,-20.236,-15.695,1.250
2012-05-05-12_00_15.245,338,3,4,1,-29.173,-15.805,1.251
2012-05-05-12_00_15.245,338,3,4,1,-29.148,-15.709,1.251
2012-05-05-12_00_15.246,338,3,4,1,-29.253,-15.778,1.250
2012-05-05-12_00_15.247,338,4,4,1,-38.170,-15.807,0.851
2012-05-05-12_00_15.247,338,4,4,1,-38.144,-15.711,0.951
2012-05-05-12_00_15.248,338,4,4,1,-38.250,-15.780,0.950
2012-05-05-12_00_15.248,338,5,4,1,-47.188,-15.796,1.151
2012-05-05-12_00_15.249,338,5,4,1,-47.278,-15.770,1.150
2012-05-05-12_00_15.249,338,5,4,1,-47.247,-15.798,1.250
2012-05-05-12_00_15.250,338,6,4,1,-56.190,-15.771,1.251
2012-05-05-12_00_15.250,338,6,4,1,-56.295,-15.841,1.250
2012-05-05-12_00_15.251,338,6,4,1,-56.300,-15.840,1.250
2012-05-05-12_00_15.260,338,7,4,1,-65.190,-15.777,1.850
2012-05-05-12_00_15.261,338,7,4,1,-65.195,-15.776,1.850
2012-05-05-12_00_15.262,338,7,4,1,-65.175,-15.681,1.850
2012-05-05-12_00_15.262,338,0,5,0,2.268,-20.282,2.064
2012-05-05-12_00_15.263,338,0,5,0,2.296,-20.197,2.064
2012-05-05-12_00_15.263,338,0,5,0,2.190,-20.254,2.064
2012-05-05-12_00_15.264,338,1,5,0,-6.740,-20.294,1.864
2012-05-05-12_00_15.265,338,1,5,0,-6.825,-20.268,1.764
2012-05-05-12_00_15.265,338,1,5,0,-6.761,-20.216,1.864
2012-05-05-12_00_15.266,338,2,5,0,-15.697,-20.212,1.164
2012-05-05-12_00_15.266,338,2,5,0,-15.774,-20.184,1.164
2012-05-05-12_00_15.267,338,2,5,0,-15.718,-20.140,1.164
2012-05-05-12_00_15.267,338,3,5,0,-24.719,-20.295,1.564
2012-05-05-12_00_15.268,338,3,5,0,-24.691,-20.209,1.564
2012-05-05-12_00_15.268,338,3,5,0,-24.796,-20.266,1.664
2012-05-05-12_00_15.269,338,4,5,0,-33.715,-20.296,0.964
2012-05-05-12_00_15.269,338,4,5,0,-33.688,-20.211,0.964
2012-05-05-12_00_15.270,338,4,5,0,-33.793,-20.268,0.964
2012-05-05-12_00_15.270,338,5,5,0,-42.731,-20.297,1.064
2012-05-05-12_00_15.271,338,5,5,0,-42.678,-20.337,1.164
2012-05-05-12_00_15.271,338,5,5,0,-42.780,-20.310,1.164
2012-05-05-12_00_15.272,338,6,5,0,-51.761,-20.357,1.164
2012-05-05-12_00_15.272,338,6,5,0,-51.733,-20.272,1.164
2012-05-05-12_00_15.273,338,6,5,0,-51.839,-20.328,1.164
2012-05-05-12_00_15.273,338,7,5,0,-60.655,-20.293,1.864
2012-05-05-12_00_15.274,338,7,5,0,-60.733,-20.265,1.864
2012-05-05-12_00_15.274,338,7,5,0,-60.677,-20.221,1.864
2012-05-05-12_00_15.275,338,0,5,1,-2.186,-20.291,2.072
2012-05-05-12_00_15.275,338,0,5,1,-2.159,-20.196,2.072
2012-05-05-12_00_15.276,338,0,5,1,-2.262,-20.268,1.972
2012-05-05-12_00_15.276,338,1,5,1,-11.209,-20.294,1.772
2012-05-05-12_00_15.277,338,1,5,1,-11.333,-20.228,1.772
2012-05-05-12_00_15.277,338,1,5,1,-11.231,-20.216,1.872
2012-05-05-12_00_15.277,338,2,5,1,-20.151,-20.221,1.172
2012-05-05-12_00_15.278,338,2,5,1,-20.227,-20.198,1.272
2012-05-05-12_00_15.278,338,2,5,1,-20.234,-20.197,1.172
2012-05-05-12_00_15.279,338,3,5,1,-29.173,-20.303,1.272
2012-05-05-12_00_15.279,338,3,5,1,-29.146,-20.209,1.272
2012-05-05-12_00_15.280,338,3,5,1,-29.249,-20.280,1.372
2012-05-05-12_00_15.280,338,4,5,1,-38.170,-20.305,0.972
2012-05-05-12_00_15.281,338,4,5,1,-38.142,-20.210,0.972
2012-05-05-12_00_15.281,338,4,5,1,-38.245,-20.282,0.972
2012-05-05-12_00_15.282,338,5,5,1,-47.186,-20.296,1.272
2012-05-05-12_00_15.282,338,5,5,1,-47.276,-20.275,1.172
2012-05-05-12_00_15.283,338,5,5,1,-47.245,-20.298,1.172
2012-05-05-12_00_15.283,338,6,5,1,-56.188,-20.271,1.272
2012-05-05-12_00_15.284,338,6,5,1,-56.291,-20.343,1.272
2012-05-05-12_00_15.284,338,6,5,1,-56.298,-20.342,1.272
2012-05-05-12_00_15.286,338,7,5,1,-65.186,-20.279,1.872
2012-05-05-12_00_15.286,338,7,5,1,-65.193,-20.278,1.872
2012-05-05-12_00_15.287,338,7,5,1,-65.173,-20.186,1.872
2012-05-05-12_00_15.287,338,0,6,0,2.270,-24.783,1.881
2012-05-05-12_00_15.288,338,0,6,0,2.300,-24.690,1.881
2012-05-05-12_00_15.288,338,0,6,0,2.188,-24.758,1.881
2012-05-05-12_00_15.289,338,1,6,0,-6.743,-24.796,1.681
2012-05-05-12_00_15.289,338,1,6,0,-6.821,-24.770,1.581
2012-05-05-12_00_15.290,338,1,6,0,-6.762,-24.710,1.681
2012-05-05-12_00_15.290,338,2,6,0,-15.695,-24.713,1.081
2012-05-05-12_00_15.291,338,2,6,0,-15.777,-24.688,1.081
2012-05-05-12_00_15.291,338,2,6,0,-15.716,-24.635,1.081
2012-05-05-12_00_15.292,338,3,6,0,-24.717,-24.795,1.581
2012-05-05-12_00_15.292,338,3,6,0,-24.687,-24.703,1.581
2012-05-05-12_00_15.293,338,3,6,0,-24.799,-24.770,1.481
2012-05-05-12_00_15.294,338,4,6,0,-33.713,-24.797,0.981
2012-05-05-12_00_15.295,338,4,6,0,-33.683,-24.704,0.881
2012-05-05-12_00_15.295,338,4,6,0,-33.796,-24.772,0.981
2012-05-05-12_00_15.296,338,5,6,0,-42.727,-24.790,1.381
2012-05-05-12_00_15.296,338,5,6,0,-42.674,-24.838,1.381
2012-05-05-12_00_15.297,338,5,6,0,-42.778,-24.805,1.381
2012-05-05-12_00_15.297,338,6,6,0,-51.759,-24.858,1.381
2012-05-05-12_00_15.298,338,6,6,0,-51.729,-24.765,1.281
2012-05-05-12_00_15.298,338,6,6,0,-51.675,-24.813,1.381
2012-05-05-12_00_15.299,338,7,6,0,-60.653,-24.794,2.181
2012-05-05-12_00_15.299,338,7,6,0,-60.736,-24.769,2.081
2012-05-05-12_00_15.299,338,7,6,0,-60.675,-24.716,2.081
2012-05-05-12_00_15.300,338,0,6,1,-2.187,-24.789,1.990
2012-05-05-12_00_15.300,338,0,6,1,-2.162,-24.690,1.990
2012-05-05-12_00_15.301,338,0,6,1,-2.260,-24.770,1.890
2012-05-05-12_00_15.301,338,1,6,1,-11.212,-24.796,1.690
2012-05-05-12_00_15.302,338,1,6,1,-11.336,-24.722,1.690
2012-05-05-12_00_15.302,338,1,6,1,-11.231,-24.710,1.690
2012-05-05-12_00_15.303,338,2,6,1,-20.152,-24.719,1.190
2012-05-05-12_00_15.303,338,2,6,1,-20.225,-24.700,1.090
2012-05-05-12_00_15.304,338,2,6,1,-20.232,-24.700,1.090
2012-05-05-12_00_15.304,338,3,6,1,-29.174,-24.801,1.290
2012-05-05-12_00_15.305,338,3,6,1,-29.149,-24.702,1.590
2012-05-05-12_00_15.305,338,3,6,1,-29.247,-24.783,1.390
2012-05-05-12_00_15.306,338,4,6,1,-38.170,-24.803,0.990
2012-05-05-12_00_15.306,338,4,6,1,-38.145,-24.704,0.990
2012-05-05-12_00_15.307,338,4,6,1,-38.243,-24.784,0.990
2012-05-05-12_00_15.307,338,5,6,1,-47.189,-24.790,1.490
2012-05-05-12_00_15.308,338,5,6,1,-47.274,-24.770,1.490
2012-05-05-12_00_15.309,338,5,6,1,-47.243,-24.791,1.490
2012-05-05-12_00_15.309,338,6,6,1,-56.216,-24.863,1.290
2012-05-05-12_00_15.310,338,6,6,1,-56.191,-24.765,1.290
2012-05-05-12_00_15.310,338,6,6,1,-56.289,-24.845,1.390
2012-05-05-12_00_15.311,338,7,6,1,-65.184,-24.781,1.990
2012-05-05-12_00_15.311,338,7,6,1,-65.191,-24.781,1.990
2012-05-05-12_00_15.312,338,7,6,1,-65.171,-24.681,2.090
2012-05-05-12_00_15.312,338,0,7,0,2.272,-29.280,1.901
2012-05-05-12_00_15.313,338,0,7,0,2.302,-29.189,2.001
2012-05-05-12_00_15.314,338,0,7,0,2.190,-29.259,1.901
2012-05-05-12_00_15.314,338,1,7,0,-6.746,-29.293,1.701
2012-05-05-12_00_15.315,338,1,7,0,-6.819,-29.272,1.701
2012-05-05-12_00_15.315,338,1,7,0,-6.765,-29.206,1.701
2012-05-05-12_00_15.316,338,2,7,0,-15.692,-29.210,1.101
2012-05-05-12_00_15.316,338,2,7,0,-15.775,-29.189,1.101
2012-05-05-12_00_15.317,338,2,7,0,-15.716,-29.137,1.101
2012-05-05-12_00_15.317,338,3,7,0,-24.715,-29.292,1.501
2012-05-05-12_00_15.318,338,3,7,0,-24.685,-29.201,1.601
2012-05-05-12_00_15.318,338,3,7,0,-24.797,-29.271,1.501
2012-05-05-12_00_15.319,338,4,7,0,-33.711,-29.294,1.001
2012-05-05-12_00_15.319,338,4,7,0,-33.681,-29.203,1.001
2012-05-05-12_00_15.320,338,4,7,0,-33.794,-29.273,1.101
2012-05-05-12_00_15.320,338,5,7,0,-42.725,-29.289,1.501
2012-05-05-12_00_15.321,338,5,7,0,-42.672,-29.340,1.501
2012-05-05-12_00_15.321,338,5,7,0,-42.779,-29.307,1.401
2012-05-05-12_00_15.322,338,6,7,0,-51.757,-29.355,1.301
2012-05-05-12_00_15.322,338,6,7,0,-51.727,-29.264,1.301
2012-05-05-12_00_15.323,338,6,7,0,-51.673,-29.315,1.401
2012-05-05-12_00_15.323,338,7,7,0,-60.651,-29.291,2.201
2012-05-05-12_00_15.324,338,7,7,0,-60.734,-29.270,2.201
2012-05-05-12_00_15.324,338,7,7,0,-60.675,-29.218,2.201
2012-05-05-12_00_15.325,338,0,7,1,-2.187,-29.286,1.813
2012-05-05-12_00_15.325,338,0,7,1,-2.160,-29.188,1.913
2012-05-05-12_00_15.326,338,0,7,1,-2.260,-29.269,1.913
2012-05-05-12_00_15.327,338,1,7,1,-11.213,-29.292,1.713
2012-05-05-12_00_15.328,338,1,7,1,-11.334,-29.220,1.713
2012-05-05-12_00_15.328,338,1,7,1,-11.234,-29.205,1.713
2012-05-05-12_00_15.329,338,2,7,1,-20.152,-29.216,1.213
2012-05-05-12_00_15.329,338,2,7,1,-20.225,-29.199,1.113
2012-05-05-12_00_15.330,338,2,7,1,-20.230,-29.196,1.113
2012-05-05-12_00_15.330,338,3,7,1,-29.174,-29.298,1.313
2012-05-05-12_00_15.331,338,3,7,1,-29.147,-29.201,1.613
2012-05-05-12_00_15.331,338,3,7,1,-29.247,-29.281,1.413
2012-05-05-12_00_15.332,338,4,7,1,-38.171,-29.300,1.113
2012-05-05-12_00_15.332,338,4,7,1,-38.143,-29.202,1.113
2012-05-05-12_00_15.332,338,4,7,1,-38.244,-29.283,1.013
2012-05-05-12_00_15.333,338,5,7,1,-47.187,-29.288,1.513
2012-05-05-12_00_15.333,338,5,7,1,-47.272,-29.266,1.513
2012-05-05-12_00_15.334,338,5,7,1,-47.243,-29.292,1.513
2012-05-05-12_00_15.334,338,6,7,1,-56.216,-29.360,1.313
2012-05-05-12_00_15.335,338,6,7,1,-56.189,-29.263,1.413
2012-05-05-12_00_15.335,338,6,7,1,-56.289,-29.344,1.413
2012-05-05-12_00_15.336,338,7,7,1,-65.184,-29.280,2.013
2012-05-05-12_00_15.336,338,7,7,1,-65.189,-29.277,2.013
2012-05-05-12_00_15.337,338,7,7,1,-65.169,-29.177,2.213
2012-05-05-12_00_15.337,338,0,8,0,2.274,-33.778,1.927
2012-05-05-12_00_15.338,338,0,8,0,2.304,-33.689,1.927
2012-05-05-12_00_15.339,338,0,8,0,2.192,-33.755,1.927
2012-05-05-12_00_15.340,338,1,8,0,-6.746,-33.788,1.727
2012-05-05-12_00_15.340,338,1,8,0,-6.819,-33.769,1.727
2012-05-05-12_00_15.341,338,1,8,0,-6.765,-33.704,1.727
2012-05-05-12_00_15.341,338,2,8,0,-15.690,-33.708,1.127
2012-05-05-12_00_15.342,338,2,8,0,-15.773,-33.685,1.127
2012-05-05-12_00_15.342,338,2,8,0,-15.709,-33.638,1.127
2012-05-05-12_00_15.343,338,3,8,0,-24.712,-33.790,1.527
2012-05-05-12_00_15.344,338,3,8,0,-24.683,-33.701,1.527
2012-05-05-12_00_15.344,338,3,8,0,-24.795,-33.767,1.527
2012-05-05-12_00_15.345,338,4,8,0,-33.709,-33.792,1.127
2012-05-05-12_00_15.345,338,4,8,0,-33.679,-33.703,1.027
2012-05-05-12_00_15.346,338,4,8,0,-33.792,-33.769,1.127
2012-05-05-12_00_15.346,338,5,8,0,-42.723,-33.788,1.527
2012-05-05-12_00_15.347,338,5,8,0,-42.672,-33.837,1.527
2012-05-05-12_00_15.347,338,5,8,0,-42.772,-33.808,1.427
2012-05-05-12_00_15.348,338,6,8,0,-51.755,-33.853,1.327
2012-05-05-12_00_15.348,338,6,8,0,-51.725,-33.763,1.427
2012-05-05-12_00_15.349,338,6,8,0,-51.837,-33.830,1.327
2012-05-05-12_00_15.349,338,7,8,0,-60.649,-33.789,2.227
2012-05-05-12_00_15.350,338,7,8,0,-60.732,-33.766,2.227
2012-05-05-12_00_15.350,338,7,8,0,-60.668,-33.719,2.227
2012-05-05-12_00_15.351,338,0,8,1,-2.188,-33.787,1.936
2012-05-05-12_00_15.351,338,0,8,1,-2.165,-33.687,1.936
2012-05-05-12_00_15.351,338,0,8,1,-2.261,-33.765,1.936
2012-05-05-12_00_15.352,338,1,8,1,-11.213,-33.787,9.936
2012-05-05-12_00_15.352,338,1,8,1,-11.339,-33.719,1.736
2012-05-05-12_00_15.353,338,1,8,1,-11.237,-33.702,1.735
2012-05-05-12_00_15.353,338,2,8,1,-20.153,-33.717,1.236
2012-05-05-12_00_15.354,338,2,8,1,-20.226,-33.695,1.236
2012-05-05-12_00_15.354,338,2,8,1,-20.230,-33.694,1.136
2012-05-05-12_00_15.355,338,3,8,1,-29.175,-33.799,1.236
2012-05-05-12_00_15.355,338,3,8,1,-29.152,-33.699,1.436
2012-05-05-12_00_15.356,338,3,8,1,-29.248,-33.777,1.236
2012-05-05-12_00_15.356,338,4,8,1,-38.171,-33.801,1.036
2012-05-05-12_00_15.357,338,4,8,1,-38.148,-33.701,1.036
2012-05-05-12_00_15.357,338,4,8,1,-38.244,-33.779,1.036
2012-05-05-12_00_15.358,338,5,8,1,-47.192,-33.787,1.536
2012-05-05-12_00_15.359,338,5,8,1,-47.273,-33.764,1.536
2012-05-05-12_00_15.359,338,5,8,1,-47.244,-33.793,1.536
2012-05-05-12_00_15.360,338,6,8,1,-56.217,-33.862,1.336
2012-05-05-12_00_15.361,338,6,8,1,-56.194,-33.762,1.436
2012-05-05-12_00_15.361,338,6,8,1,-56.290,-33.840,1.436
2012-05-05-12_00_15.362,338,7,8,1,-65.184,-33.776,2.336
2012-05-05-12_00_15.362,338,7,8,1,-65.189,-33.775,2.336
2012-05-05-12_00_15.363,338,7,8,1,-65.169,-33.675,2.336
2012-05-05-12_00_15.363,338,0,9,0,2.276,-38.282,1.945
2012-05-05-12_00_15.364,338,0,9,0,2.304,-38.196,1.945
2012-05-05-12_00_15.364,338,0,9,0,2.191,-38.255,1.945
2012-05-05-12_00_15.365,338,1,9,0,-6.746,-38.290,1.845
2012-05-05-12_00_15.365,338,1,9,0,-6.822,-38.268,1.845
2012-05-05-12_00_15.366,338,1,9,0,-6.768,-38.211,1.845
2012-05-05-12_00_15.366,338,2,9,0,-15.688,-38.212,1.245
2012-05-05-12_00_15.367,338,2,9,0,-15.774,-38.184,1.245
2012-05-05-12_00_15.367,338,2,9,0,-15.710,-38.141,1.245
2012-05-05-12_00_15.368,338,3,9,0,-24.710,-38.294,1.645
2012-05-05-12_00_15.368,338,3,9,0,-24.683,-38.208,1.645
2012-05-05-12_00_15.369,338,3,9,0,-24.796,-38.267,1.645
2012-05-05-12_00_15.369,338,4,9,0,-33.707,-38.296,1.045
2012-05-05-12_00_15.370,338,4,9,0,-33.680,-38.210,1.045
2012-05-05-12_00_15.370,338,4,9,0,-33.792,-38.269,1.045
2012-05-05-12_00_15.370,338,5,9,0,-42.723,-38.296,1.545
2012-05-05-12_00_15.371,338,5,9,0,-42.675,-38.336,1.545
2012-05-05-12_00_15.371,338,5,9,0,-42.772,-38.311,1.545
2012-05-05-12_00_15.372,338,6,9,0,-51.753,-38.356,1.345
2012-05-05-12_00_15.372,338,6,9,0,-51.725,-38.270,1.345
2012-05-05-12_00_15.373,338,6,9,0,-51.838,-38.329,1.345
2012-05-05-12_00_15.373,338,7,9,0,-60.647,-38.293,2.245
2012-05-05-12_00_15.374,338,7,9,0,-60.732,-38.265,2.245
2012-05-05-12_00_15.374,338,7,9,0,-60.669,-38.222,2.145
2012-05-05-12_00_15.375,338,0,9,1,-2.188,-38.293,1.954
2012-05-05-12_00_15.375,338,0,9,1,-2.165,-38.195,1.954
2012-05-05-12_00_15.376,338,0,9,1,-2.261,-38.267,1.954
2012-05-05-12_00_15.376,338,1,9,1,-11.213,-38.290,1.854
2012-05-05-12_00_15.377,338,1,9,1,-11.340,-38.227,1.854
2012-05-05-12_00_15.377,338,1,9,1,-11.235,-38.210,1.854
2012-05-05-12_00_15.378,338,2,9,1,-20.153,-38.223,1.354
2012-05-05-12_00_15.378,338,2,9,1,-20.226,-38.197,1.354
2012-05-05-12_00_15.379,338,2,9,1,-20.231,-38.195,1.254
2012-05-05-12_00_15.379,338,3,9,1,-29.175,-38.305,1.454
2012-05-05-12_00_15.380,338,3,9,1,-29.152,-38.208,1.654
2012-05-05-12_00_15.380,338,3,9,1,-29.248,-38.279,1.454
2012-05-05-12_00_15.381,338,4,9,1,-38.172,-38.307,1.054
2012-05-05-12_00_15.381,338,4,9,1,-38.149,-38.209,1.154
2012-05-05-12_00_15.382,338,4,9,1,-38.245,-38.281,1.054
2012-05-05-12_00_15.382,338,5,9,1,-47.193,-38.295,1.654
2012-05-05-12_00_15.383,338,5,9,1,-47.273,-38.269,1.554
2012-05-05-12_00_15.383,338,5,9,1,-47.244,-38.299,1.554
2012-05-05-12_00_15.384,338,6,9,1,-56.194,-38.270,1.454
2012-05-05-12_00_15.384,338,6,9,1,-56.290,-38.342,1.354
2012-05-05-12_00_15.385,338,6,9,1,-56.295,-38.340,1.454
2012-05-05-12_00_15.385,338,7,9,1,-65.185,-38.278,2.154
2012-05-05-12_00_15.386,338,7,9,1,-65.190,-38.276,2.154
2012-05-05-12_00_15.386,338,7,9,1,-65.169,-38.180,2.354
2012-05-05-12_00_15.386,338,0,10,0,2.278,-42.783,1.966
2012-05-05-12_00_15.387,338,0,10,0,2.303,-42.696,1.966
2012-05-05-12_00_15.388,338,0,10,0,2.193,-42.755,1.966
2012-05-05-12_00_15.388,338,1,10,0,-6.749,-42.793,1.766
2012-05-05-12_00_15.388,338,1,10,0,-6.825,-42.767,1.766
2012-05-05-12_00_15.389,338,1,10,0,-6.771,-42.715,1.766
2012-05-05-12_00_15.389,338,2,10,0,-15.686,-42.713,1.266
2012-05-05-12_00_15.391,338,2,10,0,-15.772,-42.685,1.266
2012-05-05-12_00_15.391,338,2,10,0,-15.708,-42.639,1.266
2012-05-05-12_00_15.393,338,3,10,0,-24.708,-42.795,1.666
2012-05-05-12_00_15.393,338,3,10,0,-24.683,-42.708,1.666
2012-05-05-12_00_15.394,338,3,10,0,-24.794,-42.767,1.666
2012-05-05-12_00_15.394,338,4,10,0,-33.705,-42.797,1.066
2012-05-05-12_00_15.395,338,4,10,0,-33.680,-42.710,1.066
2012-05-05-12_00_15.395,338,4,10,0,-33.790,-42.769,1.066
2012-05-05-12_00_15.396,338,5,10,0,-42.724,-42.796,1.566
2012-05-05-12_00_15.396,338,5,10,0,-42.678,-42.835,1.466
2012-05-05-12_00_15.397,338,5,10,0,-42.770,-42.809,1.466
2012-05-05-12_00_15.397,338,6,10,0,-51.751,-42.857,1.366
2012-05-05-12_00_15.398,338,6,10,0,-51.725,-42.771,1.366
2012-05-05-12_00_15.398,338,6,10,0,-51.836,-42.830,1.366
2012-05-05-12_00_15.399,338,7,10,0,-60.645,-42.794,2.166
2012-05-05-12_00_15.399,338,7,10,0,-60.730,-42.766,2.266
2012-05-05-12_00_15.400,338,7,10,0,-60.667,-42.720,2.266
2012-05-05-12_00_15.400,338,0,10,1,-2.191,-42.791,1.978
2012-05-05-12_00_15.401,338,0,10,1,-2.168,-42.696,6.678
2012-05-05-12_00_15.401,338,0,10,1,-2.262,-42.769,1.878
2012-05-05-12_00_15.402,338,1,10,1,-11.214,-42.793,1.878
2012-05-05-12_00_15.402,338,1,10,1,-11.343,-42.727,3.078
2012-05-05-12_00_15.403,338,1,10,1,-11.235,-42.714,1.878
2012-05-05-12_00_15.403,338,2,10,1,-20.156,-42.721,1.378
2012-05-05-12_00_15.404,338,2,10,1,-20.226,-42.699,1.378
2012-05-05-12_00_15.404,338,2,10,1,-20.234,-42.698,1.378
2012-05-05-12_00_15.405,338,3,10,1,-29.178,-42.803,1.478
2012-05-05-12_00_15.405,338,3,10,1,-29.155,-42.708,1.578
2012-05-05-12_00_15.406,338,3,10,1,-29.249,-42.781,1.478
2012-05-05-12_00_15.406,338,4,10,1,-38.174,-42.805,1.078
2012-05-05-12_00_15.407,338,4,10,1,-38.152,-42.710,1.078
2012-05-05-12_00_15.407,338,4,10,1,-38.245,-42.783,1.078
2012-05-05-12_00_15.408,338,5,10,1,-47.196,-42.795,1.778
2012-05-05-12_00_15.408,338,5,10,1,-47.276,-42.773,1.578
2012-05-05-12_00_15.409,338,5,10,1,-47.247,-42.798,1.678
2012-05-05-12_00_15.409,338,6,10,1,-56.220,-42.866,1.478
2012-05-05-12_00_15.410,338,6,10,1,-56.197,-42.770,1.378
2012-05-05-12_00_15.410,338,6,10,1,-56.291,-42.844,1.378
2012-05-05-12_00_15.411,338,7,10,1,-65.185,-42.780,2.278
2012-05-05-12_00_15.411,338,7,10,1,-65.193,-42.779,2.278
2012-05-05-12_00_15.412,338,7,10,1,-65.172,-42.684,2.278
2012-05-05-12_00_15.412,338,0,11,0,2.278,-47.283,1.990
2012-05-05-12_00_15.413,338,0,11,0,2.301,-47.190,1.990
2012-05-05-12_00_15.413,338,0,11,0,2.193,-47.258,1.990
2012-05-05-12_00_15.414,338,1,11,0,-6.752,-47.296,1.790
2012-05-05-12_00_15.414,338,1,11,0,-6.825,-47.269,1.890
2012-05-05-12_00_15.415,338,1,11,0,-6.774,-47.209,1.790
2012-05-05-12_00_15.416,338,2,11,0,-15.687,-47.213,1.290
2012-05-05-12_00_15.416,338,2,11,0,-15.772,-47.187,1.190
2012-05-05-12_00_15.417,338,2,11,0,-15.743,-47.197,1.290
2012-05-05-12_00_15.417,338,3,11,0,-24.709,-47.295,1.690
2012-05-05-12_00_15.418,338,3,11,0,-24.686,-47.202,1.790
2012-05-05-12_00_15.418,338,3,11,0,-24.794,-47.270,1.690
2012-05-05-12_00_15.419,338,4,11,0,-33.705,-47.297,1.090
2012-05-05-12_00_15.419,338,4,11,0,-33.683,-47.204,1.090
2012-05-05-12_00_15.420,338,4,11,0,-33.791,-47.272,1.090
2012-05-05-12_00_15.420,338,5,11,0,-42.727,-47.290,1.390
2012-05-05-12_00_15.421,338,5,11,0,-42.678,-47.337,1.490
2012-05-05-12_00_15.421,338,5,11,0,-42.771,-47.304,1.390
2012-05-05-12_00_15.422,338,6,11,0,-51.751,-47.357,1.390
2012-05-05-12_00_15.422,338,6,11,0,-51.728,-47.265,1.390
2012-05-05-12_00_15.423,338,6,11,0,-51.836,-47.332,1.290
2012-05-05-12_00_15.423,338,7,11,0,-60.646,-47.293,2.290
2012-05-05-12_00_15.424,338,7,11,0,-60.731,-47.268,2.290
2012-05-05-12_00_15.424,338,7,11,0,-60.667,-47.215,2.290
2012-05-05-12_00_15.426,338,0,11,1,-2.194,-47.289,1.999
2012-05-05-12_00_15.426,338,0,11,1,-2.169,-47.190,1.999
2012-05-05-12_00_15.427,338,0,11,1,-2.260,-47.270,1.999
2012-05-05-12_00_15.427,338,1,11,1,-11.212,-47.295,1.899
2012-05-05-12_00_15.428,338,1,11,1,-11.343,-47.222,1.899
2012-05-05-12_00_15.428,338,1,11,1,-11.236,-47.209,1.798
2012-05-05-12_00_15.429,338,2,11,1,-20.159,-47.219,1.399
2012-05-05-12_00_15.429,338,2,11,1,-20.224,-47.200,1.399
2012-05-05-12_00_15.429,338,2,11,1,-20.232,-47.199,1.299
2012-05-05-12_00_15.430,338,3,11,1,-29.181,-47.301,1.399
2012-05-05-12_00_15.430,338,3,11,1,-29.156,-47.202,1.599
2012-05-05-12_00_15.431,338,3,11,1,-29.247,-47.283,1.399
2012-05-05-12_00_15.431,338,4,11,1,-38.177,-47.303,1.099
2012-05-05-12_00_15.432,338,4,11,1,-38.152,-47.204,1.199
2012-05-05-12_00_15.432,338,4,11,1,-38.243,-47.284,1.099
2012-05-05-12_00_15.433,338,5,11,1,-47.196,-47.290,1.599
2012-05-05-12_00_15.433,338,5,11,1,-47.276,-47.270,1.599
2012-05-05-12_00_15.434,338,5,11,1,-47.247,-47.292,1.598
2012-05-05-12_00_15.434,338,6,11,1,-56.223,-47.364,1.399
2012-05-05-12_00_15.435,338,6,11,1,-56.198,-47.264,1.399
2012-05-05-12_00_15.435,338,6,11,1,-56.289,-47.345,1.499
2012-05-05-12_00_15.436,338,7,11,1,-65.183,-47.281,2.299
2012-05-05-12_00_15.436,338,7,11,1,-65.191,-47.280,2.299
2012-05-05-12_00_15.437,338,7,11,1,-65.173,-47.181,2.299
2012-05-05-12_00_15.437,338,0,12,0,2.265,-51.780,2.307
2012-05-05-12_00_15.438,338,0,12,0,2.303,-51.691,2.208
2012-05-05-12_00_15.438,338,0,12,0,2.197,-51.758,2.208
2012-05-05-12_00_15.439,338,1,12,0,-6.753,-51.794,1.908
2012-05-05-12_00_15.439,338,1,12,0,-6.828,-51.774,1.908
2012-05-05-12_00_15.440,338,1,12,0,-6.772,-51.708,1.908
2012-05-05-12_00_15.440,338,2,12,0,-15.699,-51.710,1.307
2012-05-05-12_00_15.441,338,2,12,0,-15.768,-51.688,1.308
2012-05-05-12_00_15.441,338,2,12,0,-15.709,-51.639,1.308
2012-05-05-12_00_15.442,338,3,12,0,-24.722,-51.792,1.707
2012-05-05-12_00_15.442,338,3,12,0,-24.684,-51.703,1.708
2012-05-05-12_00_15.442,338,3,12,0,-24.790,-51.770,1.708
2012-05-05-12_00_15.444,338,4,12,0,-33.718,-51.794,1.207
2012-05-05-12_00_15.444,338,4,12,0,-33.681,-51.705,1.108
2012-05-05-12_00_15.445,338,4,12,0,-33.786,-51.772,1.108
2012-05-05-12_00_15.446,338,5,12,0,-42.725,-51.790,1.508
2012-05-05-12_00_15.446,338,5,12,0,-42.681,-51.842,1.308
2012-05-05-12_00_15.447,338,5,12,0,-42.771,-51.809,1.608
2012-05-05-12_00_15.447,338,6,12,0,-51.764,-51.855,1.307
2012-05-05-12_00_15.448,338,6,12,0,-51.726,-51.765,1.408
2012-05-05-12_00_15.448,338,6,12,0,-51.832,-51.833,1.308
2012-05-05-12_00_15.449,338,7,12,0,-60.658,-51.791,2.207
2012-05-05-12_00_15.449,338,7,12,0,-60.726,-51.769,2.108
2012-05-05-12_00_15.450,338,7,12,0,-60.667,-51.720,2.208
2012-05-05-12_00_15.450,338,0,12,1,-2.194,-51.786,2.116
2012-05-05-12_00_15.451,338,0,12,1,-2.172,-51.690,2.116
2012-05-05-12_00_15.451,338,0,12,1,-2.265,-51.768,2.116
2012-05-05-12_00_15.452,338,1,12,1,-11.215,-51.793,1.816
2012-05-05-12_00_15.452,338,1,12,1,-11.346,-51.721,1.916
2012-05-05-12_00_15.453,338,1,12,1,-11.236,-51.707,1.916
2012-05-05-12_00_15.453,338,2,12,1,-20.159,-51.716,1.316
2012-05-05-12_00_15.454,338,2,12,1,-20.230,-51.698,1.316
2012-05-05-12_00_15.454,338,2,12,1,-20.235,-51.697,1.216
2012-05-05-12_00_15.455,338,3,12,1,-29.181,-51.798,1.516
2012-05-05-12_00_15.455,338,3,12,1,-29.159,-51.702,1.616
2012-05-05-12_00_15.456,338,3,12,1,-29.252,-51.781,1.716
2012-05-05-12_00_15.456,338,4,12,1,-38.178,-51.800,1.216
2012-05-05-12_00_15.456,338,4,12,1,-38.155,-51.704,1.216
2012-05-05-12_00_15.457,338,4,12,1,-38.248,-51.782,1.116
2012-05-05-12_00_15.458,338,5,12,1,-47.199,-51.790,1.416
2012-05-05-12_00_15.459,338,5,12,1,-47.279,-51.768,1.316
2012-05-05-12_00_15.459,338,5,12,1,-47.250,-51.792,1.316
2012-05-05-12_00_15.460,338,6,12,1,-56.223,-51.861,1.416
2012-05-05-12_00_15.460,338,6,12,1,-56.201,-51.764,1.416
2012-05-05-12_00_15.461,338,6,12,1,-56.294,-51.843,1.416
2012-05-05-12_00_15.461,338,7,12,1,-65.188,-51.779,2.216
2012-05-05-12_00_15.462,338,7,12,1,-65.193,-51.778,2.216
2012-05-05-12_00_15.462,338,7,12,1,-65.176,-51.678,2.216
2012-05-05-12_00_15.463,338,0,13,0,2.275,-56.278,2.227
2012-05-05-12_00_15.463,338,0,13,0,2.300,-56.191,2.227
2012-05-05-12_00_15.464,338,0,13,0,2.199,-56.254,2.227
2012-05-05-12_00_15.464,338,1,13,0,-6.755,-56.289,1.927
2012-05-05-12_00_15.464,338,1,13,0,-6.831,-56.270,1.927
2012-05-05-12_00_15.465,338,1,13,0,-6.774,-56.205,1.927
2012-05-05-12_00_15.465,338,2,13,0,-15.690,-56.208,1.327
2012-05-05-12_00_15.466,338,2,13,0,-15.766,-56.184,1.327
2012-05-05-12_00_15.466,338,2,13,0,-15.712,-56.140,1.327
2012-05-05-12_00_15.467,338,3,13,0,-24.712,-56.290,1.727
2012-05-05-12_00_15.468,338,3,13,0,-24.687,-56.203,1.727
2012-05-05-12_00_15.468,338,3,13,0,-24.788,-56.267,1.727
2012-05-05-12_00_15.469,338,4,13,0,-33.709,-56.292,1.227
2012-05-05-12_00_15.469,338,4,13,0,-33.684,-56.205,1.227
2012-05-05-12_00_15.470,338,4,13,0,-33.784,-56.268,1.127
2012-05-05-12_00_15.470,338,5,13,0,-42.727,-56.291,1.627
2012-05-05-12_00_15.470,338,5,13,0,-42.684,-56.338,1.527
2012-05-05-12_00_15.471,338,5,13,0,-42.774,-56.309,1.627
2012-05-05-12_00_15.471,338,6,13,0,-51.754,-56.353,1.427
2012-05-05-12_00_15.472,338,6,13,0,-51.729,-56.265,1.427
2012-05-05-12_00_15.472,338,6,13,0,-51.830,-56.329,1.427
2012-05-05-12_00_15.473,338,7,13,0,-60.649,-56.289,2.227
2012-05-05-12_00_15.473,338,7,13,0,-60.724,-56.265,3.427
2012-05-05-12_00_15.474,338,7,13,0,-60.670,-56.220,2.127
2012-05-05-12_00_15.474,338,0,13,1,-2.197,-56.288,2.139
2012-05-05-12_00_15.475,338,0,13,1,-2.170,-56.190,2.139
2012-05-05-12_00_15.475,338,0,13,1,-2.265,-56.265,2.138
2012-05-05-12_00_15.476,338,1,13,1,-11.210,-56.288,1.939
2012-05-05-12_00_15.476,338,1,13,1,-11.344,-56.222,1.939
2012-05-05-12_00_15.477,338,1,13,1,-11.234,-56.204,1.938
2012-05-05-12_00_15.478,338,2,13,1,-20.162,-56.218,1.339
2012-05-05-12_00_15.478,338,2,13,1,-20.230,-56.195,1.338
2012-05-05-12_00_15.479,338,2,13,1,-20.237,-56.194,1.338
2012-05-05-12_00_15.479,338,3,13,1,-29.184,-56.300,1.439
2012-05-05-12_00_15.480,338,3,13,1,-29.156,-56.203,1.739
2012-05-05-12_00_15.480,338,3,13,1,-29.252,-56.277,1.738
2012-05-05-12_00_15.481,338,4,13,1,-38.181,-56.302,1.139
2012-05-05-12_00_15.481,338,4,13,1,-38.153,-56.204,1.139
2012-05-05-12_00_15.482,338,4,13,1,-38.249,-56.279,1.138
2012-05-05-12_00_15.482,338,5,13,1,-47.197,-56.290,1.639
2012-05-05-12_00_15.483,338,5,13,1,-47.280,-56.266,1.638
2012-05-05-12_00_15.483,338,5,13,1,-47.253,-56.291,1.638
2012-05-05-12_00_15.484,338,6,13,1,-56.226,-56.363,1.539
2012-05-05-12_00_15.484,338,6,13,1,-56.199,-56.265,1.439
2012-05-05-12_00_15.485,338,6,13,1,-56.294,-56.339,1.538
2012-05-05-12_00_15.485,338,7,13,1,-65.189,-56.276,2.238
2012-05-05-12_00_15.486,338,7,13,1,-65.196,-56.275,2.238
2012-05-05-12_00_15.486,338,7,13,1,-65.176,-56.176,2.238
2012-05-05-12_00_15.487,338,0,14,0,2.272,-60.782,2.251
2012-05-05-12_00_15.487,338,0,14,0,2.297,-60.696,2.151
2012-05-05-12_00_15.488,338,0,14,0,2.199,-60.754,2.151
2012-05-05-12_00_15.488,338,1,14,0,-6.756,-60.790,1.951
2012-05-05-12_00_15.490,338,1,14,0,-6.831,-60.768,1.951
2012-05-05-12_00_15.490,338,1,14,0,-6.775,-60.712,1.951
2012-05-05-12_00_15.491,338,2,14,0,-15.693,-60.712,1.351
2012-05-05-12_00_15.491,338,2,14,0,-15.766,-60.684,1.351
2012-05-05-12_00_15.492,338,2,14,0,-15.712,-60.642,1.351
2012-05-05-12_00_15.492,338,3,14,0,-24.715,-60.794,1.751
2012-05-05-12_00_15.493,338,3,14,0,-24.690,-60.708,1.751
2012-05-05-12_00_15.493,338,3,14,0,-24.788,-60.766,1.751
2012-05-05-12_00_15.493,338,4,14,0,-33.712,-60.796,1.151
2012-05-05-12_00_15.494,338,4,14,0,-33.687,-60.710,1.051
2012-05-05-12_00_15.494,338,4,14,0,-33.785,-60.768,1.051
2012-05-05-12_00_15.525,338,5,14,0,-42.730,-60.796,1.651
2012-05-05-12_00_15.526,338,5,14,0,-42.684,-60.836,1.451
2012-05-05-12_00_15.528,338,5,14,0,-42.774,-60.812,1.551
2012-05-05-12_00_15.528,338,6,14,0,-51.757,-60.857,1.351
2012-05-05-12_00_15.529,338,6,14,0,-51.732,-60.771,1.451
2012-05-05-12_00_15.530,338,6,14,0,-51.830,-60.828,1.351
2012-05-05-12_00_15.530,338,7,14,0,-60.652,-60.793,2.151
2012-05-05-12_00_15.531,338,7,14,0,-60.725,-60.764,2.151
2012-05-05-12_00_15.531,338,7,14,0,-60.671,-60.723,2.251
2012-05-05-12_00_15.532,338,0,14,1,-2.198,-60.793,2.161
2012-05-05-12_00_15.532,338,0,14,1,-2.172,-60.696,2.161
2012-05-05-12_00_15.533,338,0,14,1,-2.268,-60.766,2.161
2012-05-05-12_00_15.534,338,1,14,1,-11.211,-60.790,1.961
2012-05-05-12_00_15.534,338,1,14,1,-11.347,-60.728,1.961
2012-05-05-12_00_15.535,338,1,14,1,-11.237,-60.710,1.861
2012-05-05-12_00_15.535,338,2,14,1,-20.162,-60.723,1.361
2012-05-05-12_00_15.536,338,2,14,1,-20.233,-60.696,1.361
2012-05-05-12_00_15.536,338,2,14,1,-20.240,-60.695,1.361
2012-05-05-12_00_15.537,338,3,14,1,-29.184,-60.805,1.361
2012-05-05-12_00_15.537,338,3,14,1,-29.159,-60.708,1.561
2012-05-05-12_00_15.538,338,3,14,1,-29.255,-60.778,1.661
2012-05-05-12_00_15.539,338,4,14,1,-38.181,-60.807,1.261
2012-05-05-12_00_15.539,338,4,14,1,-38.156,-60.710,1.161
2012-05-05-12_00_15.540,338,4,14,1,-38.252,-60.780,1.161
2012-05-05-12_00_15.540,338,5,14,1,-47.200,-60.796,1.661
2012-05-05-12_00_15.541,338,5,14,1,-47.283,-60.770,1.661
2012-05-05-12_00_15.541,338,5,14,1,-47.253,-60.798,1.661
2012-05-05-12_00_15.542,338,6,14,1,-56.227,-60.867,1.461
2012-05-05-12_00_15.542,338,6,14,1,-56.201,-60.771,1.561
2012-05-05-12_00_15.543,338,6,14,1,-56.297,-60.841,1.461
2012-05-05-12_00_15.543,338,7,14,1,-65.192,-60.777,2.261
2012-05-05-12_00_15.544,338,7,14,1,-65.199,-60.776,2.261
2012-05-05-12_00_15.544,338,7,14,1,-65.179,-60.681,2.261
2012-05-05-12_00_15.545,338,0,15,0,2.269,-65.283,2.270
2012-05-05-12_00_15.545,338,0,15,0,2.294,-65.196,2.270
2012-05-05-12_00_15.546,338,0,15,0,2.196,-65.255,2.270
2012-05-05-12_00_15.546,338,1,15,0,-6.751,-65.294,1.970
2012-05-05-12_00_15.547,338,1,15,0,-6.834,-65.267,1.970
2012-05-05-12_00_15.547,338,1,15,0,-6.775,-65.215,1.970
2012-05-05-12_00_15.548,338,2,15,0,-15.696,-65.213,1.370
2012-05-05-12_00_15.548,338,2,15,0,-15.769,-65.185,1.370
2012-05-05-12_00_15.549,338,2,15,0,-15.712,-65.140,1.370
2012-05-05-12_00_15.549,338,3,15,0,-24.718,-65.296,1.770
2012-05-05-12_00_15.550,338,3,15,0,-24.693,-65.208,1.870
2012-05-05-12_00_15.550,338,3,15,0,-24.791,-65.267,1.770
2012-05-05-12_00_15.551,338,4,15,0,-33.714,-65.297,1.070
2012-05-05-12_00_15.551,338,4,15,0,-33.689,-65.210,1.070
2012-05-05-12_00_15.552,338,4,15,0,-33.788,-65.269,1.070
2012-05-05-12_00_15.552,338,5,15,0,-42.733,-65.296,1.570
2012-05-05-12_00_15.553,338,5,15,0,-42.687,-65.335,1.470
2012-05-05-12_00_15.553,338,5,15,0,-42.775,-65.310,1.570
2012-05-05-12_00_15.555,338,6,15,0,-51.760,-65.358,1.370
2012-05-05-12_00_15.555,338,6,15,0,-51.735,-65.271,1.470
2012-05-05-12_00_15.556,338,6,15,0,-51.833,-65.329,1.470
2012-05-05-12_00_15.556,338,7,15,0,-60.655,-65.294,2.170
2012-05-05-12_00_15.557,338,7,15,0,-60.728,-65.266,2.170
2012-05-05-12_00_15.557,338,7,15,0,-60.671,-65.221,2.170
2012-05-05-12_00_15.558,338,0,15,1,-2.198,-65.291,2.279
2012-05-05-12_00_15.558,338,0,15,1,-2.170,-65.196,2.179
2012-05-05-12_00_15.559,338,0,15,1,-2.271,-65.269,2.179
2012-05-05-12_00_15.560,338,1,15,1,-11.211,-65.293,1.979
2012-05-05-12_00_15.560,338,1,15,1,-11.345,-65.228,1.979
2012-05-05-12_00_15.561,338,1,15,1,-11.232,-65.214,1.979
2012-05-05-12_00_15.561,338,2,15,1,-20.163,-65.221,1.379
2012-05-05-12_00_15.562,338,2,15,1,-20.236,-65.199,1.379
2012-05-05-12_00_15.562,338,2,15,1,-20.243,-65.198,1.379
2012-05-05-12_00_15.563,338,3,15,1,-29.185,-65.303,1.479
2012-05-05-12_00_15.563,338,3,15,1,-29.157,-65.208,1.779
2012-05-05-12_00_15.564,338,3,15,1,-29.258,-65.281,1.479
2012-05-05-12_00_15.564,338,4,15,1,-38.181,-65.305,1.179
2012-05-05-12_00_15.565,338,4,15,1,-38.154,-65.210,1.179
2012-05-05-12_00_15.565,338,4,15,1,-38.255,-65.283,1.179
2012-05-05-12_00_15.566,338,5,15,1,-47.198,-65.296,1.479
2012-05-05-12_00_15.566,338,5,15,1,-47.285,-65.274,1.579
2012-05-05-12_00_15.567,338,5,15,1,-47.256,-65.298,1.579
2012-05-05-12_00_15.567,338,6,15,1,-56.227,-65.366,1.479
2012-05-05-12_00_15.568,338,6,15,1,-56.199,-65.270,1.479
2012-05-05-12_00_15.568,338,6,15,1,-56.300,-65.343,1.579
2012-05-05-12_00_15.569,338,7,15,1,-65.195,-65.280,2.179
2012-05-05-12_00_15.569,338,7,15,1,-65.202,-65.279,2.279
2012-05-05-12_00_15.570,338,7,15,1,-65.182,-65.185,2.179
2012-05-05-12_00_15.570,338,0,16,0,2.266,-69.783,2.291
2012-05-05-12_00_15.571,338,0,16,0,2.294,-69.689,2.291
2012-05-05-12_00_15.572,338,0,16,0,2.196,-69.759,2.291
2012-05-05-12_00_15.572,338,1,16,0,-6.749,-69.795,1.991
2012-05-05-12_00_15.573,338,1,16,0,-6.832,-69.768,2.091
2012-05-05-12_00_15.573,338,1,16,0,-6.773,-69.708,2.091
2012-05-05-12_00_15.574,338,2,16,0,-15.699,-69.713,1.391
2012-05-05-12_00_15.574,338,2,16,0,-15.769,-69.689,1.391
2012-05-05-12_00_15.575,338,2,16,0,-15.747,-69.698,1.391
2012-05-05-12_00_15.575,338,3,16,0,-24.721,-69.795,1.791
2012-05-05-12_00_15.576,338,3,16,0,-24.693,-69.701,1.791
2012-05-05-12_00_15.576,338,3,16,0,-24.791,-69.771,1.791
2012-05-05-12_00_15.576,338,4,16,0,-33.717,-69.797,1.091
2012-05-05-12_00_15.577,338,4,16,0,-33.690,-69.703,1.091
2012-05-05-12_00_15.577,338,4,16,0,-33.788,-69.773,1.091
2012-05-05-12_00_15.578,338,5,16,0,-42.734,-69.789,1.591
2012-05-05-12_00_15.578,338,5,16,0,-42.685,-69.836,1.391
2012-05-05-12_00_15.579,338,5,16,0,-42.778,-69.804,1.591
2012-05-05-12_00_15.579,338,6,16,0,-51.763,-69.858,1.391
2012-05-05-12_00_15.580,338,6,16,0,-51.735,-69.764,1.391
2012-05-05-12_00_15.580,338,6,16,0,-51.833,-69.833,1.391
2012-05-05-12_00_15.581,338,7,16,0,-60.657,-69.794,2.191
2012-05-05-12_00_15.582,338,7,16,0,-60.728,-69.770,2.191
2012-05-05-12_00_15.583,338,7,16,0,-60.674,-69.715,2.191
2012-05-05-12_00_15.583,338,0,16,1,-2.198,-69.788,2.203
2012-05-05-12_00_15.584,338,0,16,1,-2.171,-69.689,2.203
2012-05-05-12_00_15.584,338,0,16,1,-2.274,-69.771,2.203
2012-05-05-12_00_15.585,338,1,16,1,-11.211,-69.794,2.003
2012-05-05-12_00_15.585,338,1,16,1,-11.345,-69.720,2.003
2012-05-05-12_00_15.586,338,1,16,1,-11.235,-69.708,2.002
2012-05-05-12_00_15.586,338,2,16,1,-20.163,-69.718,1.403
2012-05-05-12_00_15.587,338,2,16,1,-20.239,-69.701,1.403
2012-05-05-12_00_15.587,338,2,16,1,-20.244,-69.699,1.403
2012-05-05-12_00_15.588,338,3,16,1,-29.185,-69.801,1.503
2012-05-05-12_00_15.589,338,3,16,1,-29.158,-69.701,1.603
2012-05-05-12_00_15.589,338,3,16,1,-29.261,-69.783,1.603
2012-05-05-12_00_15.590,338,4,16,1,-38.182,-69.802,1.203
2012-05-05-12_00_15.590,338,4,16,1,-38.154,-69.703,1.203
2012-05-05-12_00_15.591,338,4,16,1,-38.257,-69.785,1.103
2012-05-05-12_00_15.592,338,5,16,1,-47.198,-69.788,1.503
2012-05-05-12_00_15.592,338,5,16,1,-47.286,-69.769,1.602
2012-05-05-12_00_15.593,338,5,16,1,-47.257,-69.792,1.502
2012-05-05-12_00_15.593,338,6,16,1,-56.227,-69.863,1.503
2012-05-05-12_00_15.593,338,6,16,1,-56.200,-69.763,1.503
2012-05-05-12_00_15.594,338,6,16,1,-56.303,-69.845,1.503
2012-05-05-12_00_15.594,338,7,16,1,-65.198,-69.782,2.303
2012-05-05-12_00_15.595,338,7,16,1,-65.202,-69.780,2.303
2012-05-05-12_00_15.595,338,7,16,1,-65.182,-69.680,2.302
2012-05-05-12_00_15.596,338,0,17,0,2.256,-74.279,2.215
2012-05-05-12_00_15.596,338,0,17,0,2.291,-74.190,2.215
2012-05-05-12_00_15.597,338,0,17,0,2.190,-74.258,2.315
2012-05-05-12_00_15.597,338,1,17,0,-6.750,-74.293,2.015
2012-05-05-12_00_15.598,338,1,17,0,-6.830,-74.272,2.015
2012-05-05-12_00_15.598,338,1,17,0,-6.774,-74.206,2.015
2012-05-05-12_00_15.599,338,2,17,0,-15.709,-74.209,1.415
2012-05-05-12_00_15.599,338,2,17,0,-15.775,-74.188,1.415
2012-05-05-12_00_15.600,338,2,17,0,-15.718,-74.138,1.315
2012-05-05-12_00_15.600,338,3,17,0,-24.731,-74.292,1.815
2012-05-05-12_00_15.601,338,3,17,0,-24.696,-74.202,1.815
2012-05-05-12_00_15.601,338,3,17,0,-24.797,-74.270,1.815
2012-05-05-12_00_15.602,338,4,17,0,-33.728,-74.293,1.215
2012-05-05-12_00_15.602,338,4,17,0,-33.693,-74.204,1.115
2012-05-05-12_00_15.603,338,4,17,0,-33.793,-74.272,1.215
2012-05-05-12_00_15.603,338,5,17,0,-42.736,-74.290,1.515
2012-05-05-12_00_15.603,338,5,17,0,-42.683,-74.340,1.615
2012-05-05-12_00_15.604,338,5,17,0,-42.781,-74.308,1.615
2012-05-05-12_00_15.604,338,6,17,0,-51.773,-74.354,1.415
2012-05-05-12_00_15.605,338,6,17,0,-51.738,-74.264,1.415
2012-05-05-12_00_15.605,338,6,17,0,-51.685,-74.315,1.415
2012-05-05-12_00_15.606,338,7,17,0,-60.668,-74.290,2.215
2012-05-05-12_00_15.606,338,7,17,0,-60.733,-74.269,2.215
2012-05-05-12_00_15.607,338,7,17,0,-60.677,-74.219,2.215
2012-05-05-12_00_15.607,338,0,17,1,-2.196,-74.285,2.224
2012-05-05-12_00_15.608,338,0,17,1,-2.169,-74.188,2.224
2012-05-05-12_00_15.608,338,0,17,1,-2.269,-74.268,2.224
2012-05-05-12_00_15.608,338,1,17,1,-11.214,-74.292,2.024
2012-05-05-12_00_15.609,338,1,17,1,-11.343,-74.220,2.024
2012-05-05-12_00_15.609,338,1,17,1,-11.236,-74.206,2.024
2012-05-05-12_00_15.610,338,2,17,1,-20.161,-74.215,1.424
2012-05-05-12_00_15.610,338,2,17,1,-20.234,-74.198,1.424
2012-05-05-12_00_15.611,338,2,17,1,-20.242,-74.196,1.424
2012-05-05-12_00_15.611,338,3,17,1,-29.183,-74.298,1.524
2012-05-05-12_00_15.612,338,3,17,1,-29.156,-74.201,1.824
2012-05-05-12_00_15.612,338,3,17,1,-29.256,-74.281,1.524
2012-05-05-12_00_15.613,338,4,17,1,-38.180,-74.299,1.124
2012-05-05-12_00_15.613,338,4,17,1,-38.152,-74.202,1.124
2012-05-05-12_00_15.614,338,4,17,1,-38.253,-74.282,1.224
2012-05-05-12_00_15.614,338,5,17,1,-47.196,-74.288,1.724
2012-05-05-12_00_15.615,338,5,17,1,-47.284,-74.267,1.724
2012-05-05-12_00_15.615,338,5,17,1,-47.252,-74.292,1.724
2012-05-05-12_00_15.616,338,6,17,1,-56.225,-74.360,1.524
2012-05-05-12_00_15.616,338,6,17,1,-56.198,-74.263,1.624
2012-05-05-12_00_15.617,338,6,17,1,-56.298,-74.343,1.524
2012-05-05-12_00_15.617,338,7,17,1,-65.193,-74.279,2.324
2012-05-05-12_00_15.618,338,7,17,1,-65.200,-74.277,2.324
2012-05-05-12_00_15.618,338,7,17,1,-65.180,-74.178,2.324
2012-05-05-12_00_15.620,338,0,18,0,2.268,-78.778,2.033
2012-05-05-12_00_15.620,338,0,18,0,2.293,-78.689,2.033
2012-05-05-12_00_15.621,338,0,18,0,2.190,-78.754,2.033
2012-05-05-12_00_15.621,338,1,18,0,-6.748,-78.789,1.933
2012-05-05-12_00_15.622,338,1,18,0,-6.831,-78.769,1.933
2012-05-05-12_00_15.622,338,1,18,0,-6.769,-78.704,1.933
2012-05-05-12_00_15.623,338,2,18,0,-15.697,-78.708,1.433
2012-05-05-12_00_15.623,338,2,18,0,-15.775,-78.684,1.533
2012-05-05-12_00_15.624,338,2,18,0,-15.721,-78.639,1.433
2012-05-05-12_00_15.624,338,3,18,0,-24.719,-78.790,1.833
2012-05-05-12_00_15.625,338,3,18,0,-24.694,-78.701,1.933
2012-05-05-12_00_15.625,338,3,18,0,-24.797,-78.767,1.833
2012-05-05-12_00_15.626,338,4,18,0,-33.716,-78.792,1.233
2012-05-05-12_00_15.626,338,4,18,0,-33.691,-78.703,1.233
2012-05-05-12_00_15.627,338,4,18,0,-33.794,-78.768,1.233
2012-05-05-12_00_15.627,338,5,18,0,-42.734,-78.789,1.833
2012-05-05-12_00_15.628,338,5,18,0,-42.684,-78.837,1.733
2012-05-05-12_00_15.628,338,5,18,0,-42.783,-78.809,1.833
2012-05-05-12_00_15.629,338,6,18,0,-51.761,-78.853,1.633
2012-05-05-12_00_15.629,338,6,18,0,-51.736,-78.764,1.633
2012-05-05-12_00_15.630,338,6,18,0,-51.839,-78.829,1.633
2012-05-05-12_00_15.630,338,7,18,0,-60.656,-78.789,2.433
2012-05-05-12_00_15.631,338,7,18,0,-60.734,-78.765,2.433
2012-05-05-12_00_15.631,338,7,18,0,-60.680,-78.720,2.433
2012-05-05-12_00_15.631,338,0,18,1,-2.197,-78.787,2.042
2012-05-05-12_00_15.632,338,0,18,1,-2.169,-78.689,2.042
2012-05-05-12_00_15.632,338,0,18,1,-2.270,-78.765,2.041
2012-05-05-12_00_15.634,338,1,18,1,-11.212,-78.788,1.942
2012-05-05-12_00_15.634,338,1,18,1,-11.344,-78.721,1.842
2012-05-05-12_00_15.635,338,1,18,1,-11.236,-78.703,1.941
2012-05-05-12_00_15.635,338,2,18,1,-20.162,-78.717,1.442
2012-05-05-12_00_15.636,338,2,18,1,-20.235,-78.695,1.441
2012-05-05-12_00_15.636,338,2,18,1,-20.242,-78.693,1.541
2012-05-05-12_00_15.637,338,3,18,1,-29.184,-78.800,1.642
2012-05-05-12_00_15.637,338,3,18,1,-29.156,-78.701,1.842
2012-05-05-12_00_15.638,338,3,18,1,-29.257,-78.778,1.841
2012-05-05-12_00_15.638,338,4,18,1,-38.180,-78.801,1.242
2012-05-05-12_00_15.639,338,4,18,1,-38.153,-78.703,1.242
2012-05-05-12_00_15.639,338,4,18,1,-38.253,-78.779,1.241
2012-05-05-12_00_15.640,338,5,18,1,-47.196,-78.789,1.742
2012-05-05-12_00_15.640,338,5,18,1,-47.284,-78.764,1.841
2012-05-05-12_00_15.641,338,5,18,1,-47.253,-78.793,1.841
2012-05-05-12_00_15.641,338,6,18,1,-56.226,-78.862,1.642
2012-05-05-12_00_15.642,338,6,18,1,-56.198,-78.764,1.642
2012-05-05-12_00_15.642,338,6,18,1,-56.299,-78.840,1.541
2012-05-05-12_00_15.643,338,7,18,1,-65.193,-78.776,2.441
2012-05-05-12_00_15.643,338,7,18,1,-65.201,-78.774,2.441
2012-05-05-12_00_15.644,338,7,18,1,-65.181,-78.675,2.441
2012-05-05-12_00_15.644,338,0,19,0,2.265,-83.281,2.053
2012-05-05-12_00_15.644,338,0,19,0,2.295,-83.196,2.053
2012-05-05-12_00_15.645,338,0,19,0,2.189,-83.253,2.053
2012-05-05-12_00_15.645,338,1,19,0,-6.751,-83.290,1.953
2012-05-05-12_00_15.646,338,1,19,0,-6.829,-83.268,1.953
2012-05-05-12_00_15.646,338,1,19,0,-6.772,-83.211,1.953
2012-05-05-12_00_15.647,338,2,19,0,-15.700,-83.211,1.453
2012-05-05-12_00_15.647,338,2,19,0,-15.775,-83.183,1.553
2012-05-05-12_00_15.648,338,2,19,0,-15.721,-83.141,1.453
2012-05-05-12_00_15.648,338,3,19,0,-24.722,-83.293,1.853
2012-05-05-12_00_15.649,338,3,19,0,-24.692,-83.208,1.853
2012-05-05-12_00_15.649,338,3,19,0,-24.798,-83.266,1.853
2012-05-05-12_00_15.650,338,4,19,0,-33.719,-83.295,1.253
2012-05-05-12_00_15.650,338,4,19,0,-33.689,-83.210,1.253
2012-05-05-12_00_15.651,338,4,19,0,-33.794,-83.267,1.253
2012-05-05-12_00_15.652,338,5,19,0,-42.732,-83.296,1.853
2012-05-05-12_00_15.653,338,5,19,0,-42.681,-83.336,1.653
2012-05-05-12_00_15.653,338,5,19,0,-42.784,-83.311,1.853
2012-05-05-12_00_15.654,338,6,19,0,-51.764,-83.356,1.653
2012-05-05-12_00_15.654,338,6,19,0,-51.734,-83.271,1.653
2012-05-05-12_00_15.655,338,6,19,0,-51.840,-83.328,1.653
2012-05-05-12_00_15.655,338,7,19,0,-60.659,-83.292,2.453
2012-05-05-12_00_15.656,338,7,19,0,-60.734,-83.264,2.453
2012-05-05-12_00_15.656,338,7,19,0,-60.680,-83.222,2.353
2012-05-05-12_00_15.657,338,0,19,1,-2.195,-83.293,2.065
2012-05-05-12_00_15.657,338,0,19,1,-2.167,-83.195,2.065
2012-05-05-12_00_15.658,338,0,19,1,-2.270,-83.266,2.065
2012-05-05-12_00_15.658,338,1,19,1,-11.213,-83.290,1.865
2012-05-05-12_00_15.659,338,1,19,1,-11.342,-83.227,1.865
2012-05-05-12_00_15.659,338,1,19,1,-11.237,-83.210,1.865
2012-05-05-12_00_15.660,338,2,19,1,-20.160,-83.223,1.565
2012-05-05-12_00_15.660,338,2,19,1,-20.235,-83.196,1.565
2012-05-05-12_00_15.660,338,2,19,1,-20.242,-83.195,1.565
2012-05-05-12_00_15.661,338,3,19,1,-29.182,-83.305,1.765
2012-05-05-12_00_15.661,338,3,19,1,-29.154,-83.208,1.865
2012-05-05-12_00_15.662,338,3,19,1,-29.257,-83.278,1.865
2012-05-05-12_00_15.662,338,4,19,1,-38.178,-83.307,1.365
2012-05-05-12_00_15.663,338,4,19,1,-38.151,-83.209,1.365
2012-05-05-12_00_15.663,338,4,19,1,-38.254,-83.280,1.265
2012-05-05-12_00_15.664,338,5,19,1,-47.194,-83.295,1.665
2012-05-05-12_00_15.664,338,5,19,1,-47.282,-83.269,1.865
2012-05-05-12_00_15.665,338,5,19,1,-47.251,-83.298,1.865
2012-05-05-12_00_15.665,338,6,19,1,-56.196,-83.270,1.665
2012-05-05-12_00_15.666,338,6,19,1,-56.299,-83.341,1.565
2012-05-05-12_00_15.666,338,6,19,1,-56.307,-83.340,1.665
2012-05-05-12_00_15.667,338,7,19,1,-65.194,-83.277,2.465
2012-05-05-12_00_15.667,338,7,19,1,-65.201,-83.276,2.465
2012-05-05-12_00_15.668,338,7,19,1,-65.179,-83.180,2.465
2012-05-05-12_00_15.668,338,0,20,0,2.267,-87.784,2.078
2012-05-05-12_00_15.669,338,0,20,0,2.294,-87.696,2.078
2012-05-05-12_00_15.669,338,0,20,0,2.187,-87.753,2.078
2012-05-05-12_00_15.670,338,1,20,0,-6.754,-87.794,1.878
2012-05-05-12_00_15.670,338,1,20,0,-6.829,-87.768,1.878
2012-05-05-12_00_15.671,338,1,20,0,-6.770,-87.716,1.878
2012-05-05-12_00_15.671,338,2,20,0,-15.698,-87.714,1.478
2012-05-05-12_00_15.672,338,2,20,0,-15.778,-87.683,1.578
2012-05-05-12_00_15.672,338,2,20,0,-15.719,-87.640,1.578
2012-05-05-12_00_15.672,338,3,20,0,-24.720,-87.796,1.878
2012-05-05-12_00_15.673,338,3,20,0,-24.693,-87.708,1.878
2012-05-05-12_00_15.674,338,3,20,0,-24.800,-87.766,1.878
2012-05-05-12_00_15.674,338,4,20,0,-33.717,-87.798,1.278
2012-05-05-12_00_15.675,338,4,20,0,-33.689,-87.710,1.278
2012-05-05-12_00_15.675,338,4,20,0,-33.797,-87.767,1.178
2012-05-05-12_00_15.676,338,5,20,0,-42.733,-87.796,1.878
2012-05-05-12_00_15.676,338,5,20,0,-42.682,-87.836,1.778
2012-05-05-12_00_15.676,338,5,20,0,-42.782,-87.810,1.878
2012-05-05-12_00_15.677,338,6,20,0,-51.762,-87.858,1.578
2012-05-05-12_00_15.677,338,6,20,0,-51.735,-87.771,1.578
2012-05-05-12_00_15.678,338,6,20,0,-51.684,-87.810,1.678
2012-05-05-12_00_15.678,338,7,20,0,-60.657,-87.795,2.478
2012-05-05-12_00_15.679,338,7,20,0,-60.737,-87.764,2.478
2012-05-05-12_00_15.679,338,7,20,0,-60.678,-87.721,2.378
2012-05-05-12_00_15.680,338,0,20,1,-2.193,-87.791,1.987
2012-05-05-12_00_15.680,338,0,20,1,-2.276,-87.772,2.087
2012-05-05-12_00_15.681,338,0,20,1,-2.217,-87.710,2.087
2012-05-05-12_00_15.681,338,2,20,1,-20.158,-87.721,1.587
2012-05-05-12_00_15.682,338,2,20,1,-20.241,-87.702,1.487
2012-05-05-12_00_15.682,338,3,20,1,-29.180,-87.803,1.687
2012-05-05-12_00_15.683,338,3,20,1,-29.263,-87.784,1.887
2012-05-05-12_00_15.684,338,3,20,1,-29.204,-87.722,1.887
2012-05-05-12_00_15.685,338,4,20,1,-38.176,-87.805,1.387
2012-05-05-12_00_15.686,338,4,20,1,-38.259,-87.786,1.387
2012-05-05-12_00_15.687,338,4,20,1,-38.200,-87.724,1.287
2012-05-05-12_00_15.687,338,5,20,1,-47.244,-87.810,1.887
2012-05-05-12_00_15.688,338,6,20,1,-56.222,-87.866,1.687
2012-05-05-12_00_15.688,338,6,20,1,-56.305,-87.847,1.587
2012-05-05-12_00_15.689,338,6,20,1,-56.148,-87.811,1.587
2012-05-05-12_00_15.689,338,7,20,1,-65.199,-87.783,2.387
2012-05-05-12_00_15.690,338,7,20,1,-65.140,-87.721,2.487
2012-05-05-12_00_15.690,338,0,21,0,2.269,-92.283,2.096
2012-05-05-12_00_15.691,338,0,21,0,2.296,-92.190,2.096
2012-05-05-12_00_15.691,338,0,21,0,2.189,-92.257,2.096
2012-05-05-12_00_15.692,338,1,21,0,-6.752,-92.295,1.896
2012-05-05-12_00_15.692,338,1,21,0,-6.830,-92.269,1.896
2012-05-05-12_00_15.693,338,1,21,0,-6.773,-92.210,1.896
2012-05-05-12_00_15.693,338,2,21,0,-15.696,-92.213,1.496
2012-05-05-12_00_15.693,338,2,21,0,-15.776,-92.187,1.496
2012-05-05-12_00_15.694,338,2,21,0,-15.754,-92.197,1.396
2012-05-05-12_00_15.694,338,3,21,0,-24.718,-92.295,1.896
2012-05-05-12_00_15.695,338,3,21,0,-24.691,-92.202,1.896
2012-05-05-12_00_15.695,338,3,21,0,-24.798,-92.269,1.896
2012-05-05-12_00_15.696,338,4,21,0,-33.715,-92.297,1.296
2012-05-05-12_00_15.697,338,4,21,0,-33.687,-92.204,1.296
2012-05-05-12_00_15.697,338,4,21,0,-33.795,-92.271,1.296
2012-05-05-12_00_15.697,338,5,21,0,-42.731,-92.290,1.896
2012-05-05-12_00_15.698,338,5,21,0,-42.682,-92.337,1.696
2012-05-05-12_00_15.698,338,5,21,0,-42.780,-92.304,1.896
2012-05-05-12_00_15.699,338,6,21,0,-51.760,-92.357,1.596
2012-05-05-12_00_15.699,338,6,21,0,-51.733,-92.265,1.596
2012-05-05-12_00_15.700,338,6,21,0,-51.684,-92.312,1.596
2012-05-05-12_00_15.700,338,7,21,0,-60.655,-92.293,2.396
2012-05-05-12_00_15.701,338,7,21,0,-60.735,-92.268,2.396
2012-05-05-12_00_15.701,338,7,21,0,-60.676,-92.215,2.396
2012-05-05-12_00_15.702,338,0,21,1,-2.193,-92.290,2.105
2012-05-05-12_00_15.702,338,0,21,1,-2.168,-92.190,2.104
2012-05-05-12_00_15.703,338,0,21,1,-2.266,-92.270,2.104
2012-05-05-12_00_15.703,338,1,21,1,-11.214,-92.295,2.005
2012-05-05-12_00_15.703,338,1,21,1,-11.342,-92.222,2.004
2012-05-05-12_00_15.704,338,1,21,1,-11.235,-92.209,2.004
2012-05-05-12_00_15.704,338,2,21,1,-20.158,-92.220,1.605
2012-05-05-12_00_15.705,338,2,21,1,-20.231,-92.200,1.504
2012-05-05-12_00_15.705,338,2,21,1,-20.241,-92.199,1.504
2012-05-05-12_00_15.706,338,3,21,1,-29.180,-92.302,1.605
2012-05-05-12_00_15.706,338,3,21,1,-29.155,-92.202,1.904
2012-05-05-12_00_15.707,338,3,21,1,-29.253,-92.282,1.904
2012-05-05-12_00_15.707,338,4,21,1,-38.177,-92.304,1.305
2012-05-05-12_00_15.708,338,4,21,1,-38.152,-92.204,1.304
2012-05-05-12_00_15.708,338,4,21,1,-38.250,-92.284,1.304
2012-05-05-12_00_15.708,338,5,21,1,-47.195,-92.290,1.804
2012-05-05-12_00_15.709,338,5,21,1,-47.281,-92.270,1.804
2012-05-05-12_00_15.709,338,5,21,1,-47.251,-92.292,1.704
2012-05-05-12_00_15.710,338,6,21,1,-56.222,-92.364,1.605
2012-05-05-12_00_15.710,338,6,21,1,-56.197,-92.265,1.604
2012-05-05-12_00_15.711,338,6,21,1,-56.295,-92.344,1.604
2012-05-05-12_00_15.711,338,7,21,1,-65.190,-92.281,2.204
2012-05-05-12_00_15.712,338,7,21,1,-65.200,-92.280,2.204
2012-05-05-12_00_15.712,338,7,21,1,-65.177,-92.181,2.204
2012-05-05-12_00_15.713,338,0,22,0,2.256,-96.780,2.116
2012-05-05-12_00_15.713,338,0,22,0,2.296,-96.691,2.116
2012-05-05-12_00_15.713,338,0,22,0,2.188,-96.758,2.116
2012-05-05-12_00_15.714,338,1,22,0,-6.754,-96.794,2.016
2012-05-05-12_00_15.714,338,1,22,0,-6.830,-96.774,1.916
2012-05-05-12_00_15.715,338,1,22,0,-6.773,-96.708,1.916
2012-05-05-12_00_15.715,338,2,22,0,-15.709,-96.710,1.416
2012-05-05-12_00_15.716,338,2,22,0,-15.777,-96.688,1.416
2012-05-05-12_00_15.717,338,2,22,0,-15.715,-96.639,12.616
2012-05-05-12_00_15.718,338,3,22,0,-24.731,-96.792,1.916
2012-05-05-12_00_15.719,338,3,22,0,-24.691,-96.704,1.916
2012-05-05-12_00_15.719,338,3,22,0,-24.799,-96.770,1.916
2012-05-05-12_00_15.720,338,4,22,0,-33.727,-96.794,1.216
2012-05-05-12_00_15.720,338,4,22,0,-33.688,-96.705,1.216
2012-05-05-12_00_15.720,338,4,22,0,-33.795,-96.772,1.216
2012-05-05-12_00_15.721,338,5,22,0,-42.731,-96.791,1.916
2012-05-05-12_00_15.721,338,5,22,0,-42.683,-96.842,1.616
2012-05-05-12_00_15.722,338,5,22,0,-42.778,-96.809,8.416
2012-05-05-12_00_15.722,338,6,22,0,-51.773,-96.855,1.616
2012-05-05-12_00_15.723,338,6,22,0,-51.733,-96.766,1.616
2012-05-05-12_00_15.723,338,6,22,0,-51.685,-96.817,1.616
2012-05-05-12_00_15.724,338,7,22,0,-60.667,-96.791,2.316
2012-05-05-12_00_15.724,338,7,22,0,-60.735,-96.769,2.416
2012-05-05-12_00_15.725,338,7,22,0,-60.674,-96.720,13.516
2012-05-05-12_00_15.725,338,0,22,1,-2.194,-96.787,2.125
2012-05-05-12_00_15.726,338,0,22,1,-2.168,-96.691,2.125
2012-05-05-12_00_15.726,338,0,22,1,-2.264,-96.768,2.125
2012-05-05-12_00_15.727,338,1,22,1,-11.214,-96.793,1.925
2012-05-05-12_00_15.727,338,1,22,1,-11.343,-96.722,1.925
2012-05-05-12_00_15.728,338,1,22,1,-11.235,-96.708,2.025
2012-05-05-12_00_15.728,338,2,22,1,-20.158,-96.717,1.525
2012-05-05-12_00_15.729,338,2,22,1,-20.229,-96.698,1.525
2012-05-05-12_00_15.729,338,2,22,1,-20.236,-96.697,1.525
2012-05-05-12_00_15.730,338,3,22,1,-29.181,-96.799,1.625
2012-05-05-12_00_15.730,338,3,22,1,-29.155,-96.703,1.725
2012-05-05-12_00_15.731,338,3,22,1,-29.251,-96.780,1.625
2012-05-05-12_00_15.731,338,4,22,1,-38.177,-96.801,1.325
2012-05-05-12_00_15.731,338,4,22,1,-38.152,-96.705,1.225
2012-05-05-12_00_15.732,338,4,22,1,-38.248,-96.782,1.225
2012-05-05-12_00_15.732,338,5,22,1,-47.196,-96.790,1.725
2012-05-05-12_00_15.733,338,5,22,1,-47.281,-96.768,1.625
2012-05-05-12_00_15.733,338,5,22,1,-47.252,-96.791,1.725
2012-05-05-12_00_15.734,338,6,22,1,-56.223,-96.861,1.625
2012-05-05-12_00_15.734,338,6,22,1,-56.197,-96.765,1.625
2012-05-05-12_00_15.736,338,6,22,1,-56.293,-96.842,1.625
2012-05-05-12_00_15.736,338,7,22,1,-65.188,-96.779,2.225
2012-05-05-12_00_15.737,338,7,22,1,-65.195,-96.778,2.225
2012-05-05-12_00_15.737,338,7,22,1,-65.177,-96.679,2.225
2012-05-05-12_00_15.738,338,0,23,0,2.273,-101.278,2.040
2012-05-05-12_00_15.738,338,0,23,0,2.296,-101.191,2.040
2012-05-05-12_00_15.739,338,0,23,0,2.188,-101.254,2.040
2012-05-05-12_00_15.740,338,1,23,0,-6.757,-101.289,1.940
2012-05-05-12_00_15.740,338,1,23,0,-6.828,-101.269,1.840
2012-05-05-12_00_15.741,338,1,23,0,-6.774,-101.205,1.940
2012-05-05-12_00_15.741,338,2,23,0,-15.692,-101.208,1.340
2012-05-05-12_00_15.741,338,2,23,0,-15.777,-101.184,1.340
2012-05-05-12_00_15.742,338,2,23,0,-15.716,-101.139,1.340
2012-05-05-12_00_15.742,338,3,23,0,-24.714,-101.290,1.840
2012-05-05-12_00_15.743,338,3,23,0,-24.691,-101.203,1.840
2012-05-05-12_00_15.743,338,3,23,0,-24.799,-101.266,1.840
2012-05-05-12_00_15.744,338,4,23,0,-33.711,-101.292,1.240
2012-05-05-12_00_15.744,338,4,23,0,-33.688,-101.205,1.240
2012-05-05-12_00_15.745,338,4,23,0,-33.796,-101.268,1.240
2012-05-05-12_00_15.745,338,5,23,0,-42.732,-101.291,1.840
2012-05-05-12_00_15.746,338,5,23,0,-42.681,-101.338,1.640
2012-05-05-12_00_15.746,338,5,23,0,-42.778,-101.309,1.840
2012-05-05-12_00_15.747,338,6,23,0,-51.756,-101.353,1.540
2012-05-05-12_00_15.747,338,6,23,0,-51.733,-101.265,1.640
2012-05-05-12_00_15.748,338,6,23,0,-51.682,-101.312,1.640
2012-05-05-12_00_15.748,338,7,23,0,-60.651,-101.289,2.340
2012-05-05-12_00_15.749,338,7,23,0,-60.736,-101.265,2.340
2012-05-05-12_00_15.750,338,7,23,0,-60.675,-101.220,2.340
2012-05-05-12_00_15.751,338,0,23,1,-2.182,-101.276,2.040
2012-05-05-12_00_15.751,338,0,23,1,-2.166,-101.190,2.040
2012-05-05-12_00_15.752,338,0,23,1,-2.265,-101.265,2.040
2012-05-05-12_00_15.752,338,1,23,1,-11.210,-101.289,1.940
2012-05-05-12_00_15.753,338,1,23,1,-11.341,-101.222,1.940
2012-05-05-12_00_15.753,338,1,23,1,-11.236,-101.204,1.940
2012-05-05-12_00_15.754,338,2,23,1,-20.147,-101.206,1.440
2012-05-05-12_00_15.754,338,2,23,1,-20.230,-101.194,1.540
2012-05-05-12_00_15.754,338,2,23,1,-20.234,-101.194,1.540
2012-05-05-12_00_15.755,338,3,23,1,-29.169,-101.288,1.640
2012-05-05-12_00_15.755,338,3,23,1,-29.153,-101.203,1.840
2012-05-05-12_00_15.756,338,3,23,1,-29.252,-101.277,1.840
2012-05-05-12_00_15.756,338,4,23,1,-38.165,-101.290,1.240
2012-05-05-12_00_15.757,338,4,23,1,-38.150,-101.204,1.240
2012-05-05-12_00_15.757,338,4,23,1,-38.248,-101.279,1.240
2012-05-05-12_00_15.758,338,5,23,1,-47.194,-101.290,1.640
2012-05-05-12_00_15.758,338,5,23,1,-47.279,-101.266,1.640
2012-05-05-12_00_15.759,338,5,23,1,-47.250,-101.291,1.740
2012-05-05-12_00_15.759,338,6,23,1,-56.211,-101.351,1.640
2012-05-05-12_00_15.760,338,6,23,1,-56.195,-101.265,1.640
2012-05-05-12_00_15.760,338,6,23,1,-56.294,-101.339,1.640
2012-05-05-12_00_15.761,338,7,23,1,-65.188,-101.275,2.140
2012-05-05-12_00_15.761,338,7,23,1,-65.193,-101.275,2.140
2012-05-05-12_00_15.762,338,7,23,1,-65.175,-101.177,2.140
