2012-05-05-18_40_46.133,50,0,0,0,2.259,2.219,3.396
2012-05-05-18_40_46.134,50,1,0,0,-6.747,2.205,2.895
2012-05-05-18_40_46.135,50,2,0,0,-15.738,2.299,2.496
2012-05-05-18_40_46.137,50,3,0,0,-24.792,2.204,2.596
2012-05-05-18_40_46.138,50,4,0,0,-33.779,2.229,1.996
2012-05-05-18_40_46.139,50,5,0,0,-42.794,2.167,2.696
2012-05-05-18_40_46.139,50,6,0,0,-51.793,2.163,2.596
2012-05-05-18_40_46.140,50,7,0,0,-60.715,2.245,3.296
2012-05-05-18_40_46.140,50,0,0,1,-2.186,2.214,3.696
2012-05-05-18_40_46.141,50,1,0,1,-11.204,2.205,3.096
2012-05-05-18_40_46.142,50,2,0,1,-20.183,2.294,2.596
2012-05-05-18_40_46.143,50,3,0,1,-29.237,2.198,2.596
2012-05-05-18_40_46.143,50,4,0,1,-38.224,2.223,2.296
2012-05-05-18_40_46.144,50,5,0,1,-47.239,2.161,2.496
2012-05-05-18_40_46.144,50,6,0,1,-56.238,2.158,2.696
2012-05-05-18_40_46.145,50,7,0,1,-65.160,2.240,3.496
2012-05-05-18_40_46.145,50,0,1,0,2.271,-2.280,3.612
2012-05-05-18_40_46.146,50,1,1,0,-6.745,-2.290,3.112
2012-05-05-18_40_46.147,50,2,1,0,-15.726,-2.200,2.512
2012-05-05-18_40_46.148,50,3,1,0,-24.781,-2.296,2.812
2012-05-05-18_40_46.176,50,4,1,0,-33.768,-2.271,2.012
2012-05-05-18_40_46.177,50,5,1,0,-42.782,-2.333,2.512
2012-05-05-18_40_46.179,50,6,1,0,-51.781,-2.336,2.712
2012-05-05-18_40_46.180,50,7,1,0,-60.703,-2.254,3.212
2012-05-05-18_40_46.180,50,0,1,1,-2.188,-2.289,3.719
2012-05-05-18_40_46.181,50,1,1,1,-11.202,-2.289,3.219
2012-05-05-18_40_46.183,50,2,1,1,-20.186,-2.208,2.619
2012-05-05-18_40_46.184,50,3,1,1,-29.240,-2.304,2.619
2012-05-05-18_40_46.185,50,4,1,1,-38.227,-2.279,2.019
2012-05-05-18_40_46.186,50,5,1,1,-47.242,-2.341,2.519
2012-05-05-18_40_46.186,50,6,1,1,-56.241,-2.345,2.719
2012-05-05-18_40_46.187,50,7,1,1,-65.163,-2.262,3.319
2012-05-05-18_40_46.188,50,0,2,0,2.271,-6.785,3.629
2012-05-05-18_40_46.189,50,1,2,0,-6.743,-6.787,3.229
2012-05-05-18_40_46.190,50,2,2,0,-15.726,-6.705,2.529
2012-05-05-18_40_46.191,50,3,2,0,-24.781,-6.800,2.929
2012-05-05-18_40_46.192,50,4,2,0,-33.768,-6.775,2.229
2012-05-05-18_40_46.193,50,5,2,0,-42.783,-6.837,2.729
2012-05-05-18_40_46.194,50,6,2,0,-51.781,-6.841,2.729
2012-05-05-18_40_46.195,50,7,2,0,-60.703,-6.759,3.629
2012-05-05-18_40_46.196,50,0,2,1,-2.189,-6.791,3.637
2012-05-05-18_40_46.197,50,1,2,1,-11.202,-6.787,3.136
2012-05-05-18_40_46.198,50,2,2,1,-20.186,-6.711,2.537
2012-05-05-18_40_46.200,50,3,2,1,-29.241,-6.807,2.637
2012-05-05-18_40_46.201,50,4,2,1,-38.228,-6.782,2.337
2012-05-05-18_40_46.202,50,5,2,1,-47.242,-6.844,2.637
2012-05-05-18_40_46.203,50,6,2,1,-56.241,-6.848,2.837
2012-05-05-18_40_46.203,50,7,2,1,-65.163,-6.765,3.437
2012-05-05-18_40_46.205,50,0,3,0,2.270,-11.282,3.647
2012-05-05-18_40_46.205,50,1,3,0,-6.741,-11.285,3.247
2012-05-05-18_40_46.207,50,2,3,0,-15.727,-11.202,2.547
2012-05-05-18_40_46.207,50,3,3,0,-24.781,-11.297,2.847
2012-05-05-18_40_46.209,50,4,3,0,-33.769,-11.272,2.347
2012-05-05-18_40_46.209,50,5,3,0,-42.783,-11.335,2.747
2012-05-05-18_40_46.210,50,6,3,0,-51.782,-11.338,2.747
2012-05-05-18_40_46.211,50,7,3,0,-60.704,-11.256,3.347
2012-05-05-18_40_46.213,50,0,3,1,-2.189,-11.289,3.659
2012-05-05-18_40_46.214,50,1,3,1,-11.203,-11.285,3.258
2012-05-05-18_40_46.217,50,2,3,1,-20.186,-11.208,2.559
2012-05-05-18_40_46.218,50,3,3,1,-29.241,-11.304,2.659
2012-05-05-18_40_46.221,50,4,3,1,-38.228,-11.279,2.359
2012-05-05-18_40_46.221,50,5,3,1,-47.243,-11.341,2.559
2012-05-05-18_40_46.222,50,6,3,1,-56.241,-11.345,2.759
2012-05-05-18_40_46.224,50,7,3,1,-65.163,-11.262,3.359
2012-05-05-18_40_46.225,50,0,4,0,2.270,-15.781,3.673
2012-05-05-18_40_46.226,50,1,4,0,-6.741,-15.793,3.273
2012-05-05-18_40_46.226,50,2,4,0,-15.727,-15.701,2.573
2012-05-05-18_40_46.228,50,3,4,0,-24.782,-15.797,2.873
2012-05-05-18_40_46.228,50,4,4,0,-33.769,-15.772,2.073
2012-05-05-18_40_46.229,50,5,4,0,-42.784,-15.834,2.473
2012-05-05-18_40_46.230,50,6,4,0,-51.782,-15.837,2.673
2012-05-05-18_40_46.231,50,7,4,0,-60.704,-15.755,3.473
2012-05-05-18_40_46.232,50,0,4,1,-2.190,-15.788,3.682
2012-05-05-18_40_46.233,50,1,4,1,-11.206,-15.793,3.182
2012-05-05-18_40_46.236,50,2,4,1,-20.187,-15.708,2.582
2012-05-05-18_40_46.237,50,3,4,1,-29.242,-15.803,2.882
2012-05-05-18_40_46.238,50,4,4,1,-38.229,-15.778,2.082
2012-05-05-18_40_46.239,50,5,4,1,-47.243,-15.840,2.482
2012-05-05-18_40_46.240,50,6,4,1,-56.242,-15.844,2.682
2012-05-05-18_40_46.242,50,7,4,1,-65.164,-15.762,3.382
2012-05-05-18_40_46.245,50,0,5,0,2.270,-20.280,3.692
2012-05-05-18_40_46.246,50,1,5,0,-6.739,-20.296,3.192
2012-05-05-18_40_46.247,50,2,5,0,-15.728,-20.200,2.592
2012-05-05-18_40_46.248,50,3,5,0,-24.782,-20.295,2.792
2012-05-05-18_40_46.250,50,4,5,0,-33.769,-20.270,2.192
2012-05-05-18_40_46.251,50,5,5,0,-42.784,-20.333,2.592
2012-05-05-18_40_46.252,50,6,5,0,-51.783,-20.336,2.792
2012-05-05-18_40_46.253,50,7,5,0,-60.705,-20.254,3.292
2012-05-05-18_40_46.253,50,0,5,1,-2.185,-20.288,3.700
2012-05-05-18_40_46.254,50,1,5,1,-11.206,-20.296,3.100
2012-05-05-18_40_46.255,50,2,5,1,-20.182,-20.207,2.600
2012-05-05-18_40_46.256,50,3,5,1,-29.237,-20.303,2.600
2012-05-05-18_40_46.257,50,4,5,1,-38.224,-20.278,2.200
2012-05-05-18_40_46.258,50,5,5,1,-47.239,-20.340,2.500
2012-05-05-18_40_46.259,50,6,5,1,-56.237,-20.344,2.700
2012-05-05-18_40_46.260,50,7,5,1,-65.159,-20.261,3.500
2012-05-05-18_40_46.261,50,0,6,0,2.269,-24.780,3.610
2012-05-05-18_40_46.261,50,1,6,0,-6.737,-24.791,3.210
2012-05-05-18_40_46.262,50,2,6,0,-15.728,-24.700,2.610
2012-05-05-18_40_46.263,50,3,6,0,-24.783,-24.795,2.910
2012-05-05-18_40_46.264,50,4,6,0,-33.770,-24.770,2.010
2012-05-05-18_40_46.266,50,5,6,0,-42.784,-24.833,2.610
2012-05-05-18_40_46.267,50,6,6,0,-51.783,-24.836,2.710
2012-05-05-18_40_46.269,50,7,6,0,-60.705,-24.754,3.510
2012-05-05-18_40_46.270,50,0,6,1,-2.183,-24.789,3.722
2012-05-05-18_40_46.273,50,1,6,1,-11.209,-24.790,3.221
2012-05-05-18_40_46.274,50,2,6,1,-20.180,-24.708,2.622
2012-05-05-18_40_46.276,50,3,6,1,-29.235,-24.804,2.822
2012-05-05-18_40_46.277,50,4,6,1,-38.222,-24.779,2.122
2012-05-05-18_40_46.278,50,5,6,1,-47.237,-24.841,2.622
2012-05-05-18_40_46.279,50,6,6,1,-56.235,-24.845,2.822
2012-05-05-18_40_46.281,50,7,6,1,-65.157,-24.762,3.522
2012-05-05-18_40_46.282,50,0,7,0,2.269,-29.284,3.635
2012-05-05-18_40_46.283,50,1,7,0,-6.740,-29.286,3.135
2012-05-05-18_40_46.283,50,2,7,0,-15.728,-29.204,2.735
2012-05-05-18_40_46.284,50,3,7,0,-24.783,-29.300,2.935
2012-05-05-18_40_46.286,50,4,7,0,-33.770,-29.275,2.435
2012-05-05-18_40_46.286,50,5,7,0,-42.785,-29.337,2.635
2012-05-05-18_40_46.287,50,6,7,0,-51.784,-29.341,2.835
2012-05-05-18_40_46.288,50,7,7,0,-60.705,-29.258,3.535
2012-05-05-18_40_46.289,50,0,7,1,-2.184,-29.291,3.745
2012-05-05-18_40_46.290,50,1,7,1,-11.212,-29.286,3.244
2012-05-05-18_40_46.291,50,2,7,1,-20.181,-29.211,2.645
2012-05-05-18_40_46.292,50,3,7,1,-29.235,-29.306,2.845
2012-05-05-18_40_46.293,50,4,7,1,-38.223,-29.281,2.345
2012-05-05-18_40_46.294,50,5,7,1,-47.237,-29.343,2.745
2012-05-05-18_40_46.294,50,6,7,1,-56.236,-29.347,2.845
2012-05-05-18_40_46.295,50,7,7,1,-65.158,-29.265,3.545
2012-05-05-18_40_46.296,50,0,8,0,2.276,-33.782,3.654
2012-05-05-18_40_46.297,50,1,8,0,-6.740,-33.784,3.254
2012-05-05-18_40_46.298,50,2,8,0,-15.722,-33.702,2.654
2012-05-05-18_40_46.299,50,3,8,0,-24.776,-33.797,2.954
2012-05-05-18_40_46.300,50,4,8,0,-33.763,-33.772,2.454
2012-05-05-18_40_46.300,50,5,8,0,-42.778,-33.835,2.754
2012-05-05-18_40_46.301,50,6,8,0,-51.777,-33.838,2.954
2012-05-05-18_40_46.302,50,7,8,0,-60.699,-33.756,3.454
2012-05-05-18_40_46.303,50,0,8,1,-2.184,-33.788,3.763
2012-05-05-18_40_46.303,50,1,8,1,-11.212,-33.784,3.262
2012-05-05-18_40_46.304,50,2,8,1,-20.181,-33.707,2.663
2012-05-05-18_40_46.308,50,3,8,1,-29.236,-33.803,2.963
2012-05-05-18_40_46.309,50,4,8,1,-38.223,-33.778,2.463
2012-05-05-18_40_46.310,50,5,8,1,-47.238,-33.840,2.663
2012-05-05-18_40_46.311,50,6,8,1,-56.236,-33.844,2.863
2012-05-05-18_40_46.312,50,7,8,1,-65.158,-33.761,3.563
2012-05-05-18_40_46.313,50,0,9,0,2.278,-38.282,3.773
2012-05-05-18_40_46.314,50,1,9,0,-6.743,-38.292,3.273
2012-05-05-18_40_46.316,50,2,9,0,-15.720,-38.201,2.673
2012-05-05-18_40_46.316,50,3,9,0,-24.774,-38.297,2.973
2012-05-05-18_40_46.318,50,4,9,0,-33.761,-38.272,2.273
2012-05-05-18_40_46.318,50,5,9,0,-42.776,-38.334,2.673
2012-05-05-18_40_46.319,50,6,9,0,-51.775,-38.338,2.773
2012-05-05-18_40_46.320,50,7,9,0,-60.697,-38.255,3.473
2012-05-05-18_40_46.321,50,0,9,1,-2.185,-38.287,3.685
2012-05-05-18_40_46.322,50,1,9,1,-11.213,-38.292,3.084
2012-05-05-18_40_46.323,50,2,9,1,-20.182,-38.207,2.685
2012-05-05-18_40_46.324,50,3,9,1,-29.236,-38.303,2.785
2012-05-05-18_40_46.326,50,4,9,1,-38.223,-38.278,2.185
2012-05-05-18_40_46.327,50,5,9,1,-47.238,-38.340,2.685
2012-05-05-18_40_46.328,50,6,9,1,-56.237,-38.344,2.985
2012-05-05-18_40_46.329,50,7,9,1,-65.159,-38.261,3.585
2012-05-05-18_40_46.329,50,0,10,0,2.277,-42.780,3.698
2012-05-05-18_40_46.331,50,1,10,0,-6.748,-42.795,3.298
2012-05-05-18_40_46.332,50,2,10,0,-15.720,-42.700,2.798
2012-05-05-18_40_46.333,50,3,10,0,-24.775,-42.795,2.998
2012-05-05-18_40_46.334,50,4,10,0,-33.762,-42.770,2.298
2012-05-05-18_40_46.335,50,5,10,0,-42.776,-42.833,2.698
2012-05-05-18_40_46.336,50,6,10,0,-51.775,-42.836,2.998
2012-05-05-18_40_46.337,50,7,10,0,-60.697,-42.754,3.498
2012-05-05-18_40_46.338,50,0,10,1,-2.187,-42.787,3.808
2012-05-05-18_40_46.339,50,1,10,1,-11.213,-42.794,3.208
2012-05-05-18_40_46.340,50,2,10,1,-20.184,-42.706,2.708
2012-05-05-18_40_46.341,50,3,10,1,-29.239,-42.802,3.008
2012-05-05-18_40_46.342,50,4,10,1,-38.226,-42.777,2.408
2012-05-05-18_40_46.344,50,5,10,1,-47.241,-42.839,2.708
2012-05-05-18_40_46.345,50,6,10,1,-56.240,-42.843,2.908
2012-05-05-18_40_46.347,50,7,10,1,-65.161,-42.760,3.508
2012-05-05-18_40_46.348,50,0,11,0,2.277,-47.280,3.717
2012-05-05-18_40_46.349,50,1,11,0,-6.749,-47.290,3.317
2012-05-05-18_40_46.350,50,2,11,0,-15.720,-47.200,2.717
2012-05-05-18_40_46.351,50,3,11,0,-24.775,-47.296,3.017
2012-05-05-18_40_46.351,50,4,11,0,-33.762,-47.271,2.317
2012-05-05-18_40_46.353,50,5,11,0,-42.777,-47.333,2.717
2012-05-05-18_40_46.354,50,6,11,0,-51.775,-47.336,2.917
2012-05-05-18_40_46.355,50,7,11,0,-60.697,-47.254,3.517
2012-05-05-18_40_46.356,50,0,11,1,-2.190,-47.289,3.826
2012-05-05-18_40_46.357,50,1,11,1,-11.213,-47.289,3.326
2012-05-05-18_40_46.358,50,2,11,1,-20.187,-47.209,2.726
2012-05-05-18_40_46.358,50,3,11,1,-29.242,-47.304,2.826
2012-05-05-18_40_46.359,50,4,11,1,-38.229,-47.279,2.526
2012-05-05-18_40_46.360,50,5,11,1,-47.244,-47.341,2.826
2012-05-05-18_40_46.361,50,6,11,1,-56.242,-47.345,2.926
2012-05-05-18_40_46.362,50,7,11,1,-65.164,-47.263,3.626
2012-05-05-18_40_46.363,50,0,12,0,2.276,-51.785,3.636
2012-05-05-18_40_46.364,50,1,12,0,-6.752,-51.787,3.336
2012-05-05-18_40_46.365,50,2,12,0,-15.721,-51.705,2.736
2012-05-05-18_40_46.366,50,3,12,0,-24.776,-51.800,2.936
2012-05-05-18_40_46.367,50,4,12,0,-33.763,-51.775,2.236
2012-05-05-18_40_46.368,50,5,12,0,-42.777,-51.837,2.736
2012-05-05-18_40_46.369,50,6,12,0,-51.776,-51.841,2.836
2012-05-05-18_40_46.371,50,7,12,0,-60.698,-51.759,3.436
2012-05-05-18_40_46.372,50,0,12,1,-2.191,-51.792,3.849
2012-05-05-18_40_46.373,50,1,12,1,-11.214,-51.787,3.349
2012-05-05-18_40_46.374,50,2,12,1,-20.188,-51.712,2.749
2012-05-05-18_40_46.375,50,3,12,1,-29.242,-51.807,2.849
2012-05-05-18_40_46.376,50,4,12,1,-38.230,-51.782,2.549
2012-05-05-18_40_46.377,50,5,12,1,-47.244,-51.845,2.849
2012-05-05-18_40_46.378,50,6,12,1,-56.243,-51.848,3.049
2012-05-05-18_40_46.379,50,7,12,1,-65.165,-51.766,3.649
2012-05-05-18_40_46.381,50,0,13,0,2.276,-56.282,3.762
2012-05-05-18_40_46.382,50,1,13,0,-6.752,-56.285,3.362
2012-05-05-18_40_46.383,50,2,13,0,-15.721,-56.202,2.762
2012-05-05-18_40_46.383,50,3,13,0,-24.776,-56.297,2.962
2012-05-05-18_40_46.384,50,4,13,0,-33.763,-56.272,2.262
2012-05-05-18_40_46.385,50,5,13,0,-42.778,-56.335,2.762
2012-05-05-18_40_46.386,50,6,13,0,-51.776,-56.338,2.862
2012-05-05-18_40_46.387,50,7,13,0,-60.698,-56.256,3.462
2012-05-05-18_40_46.388,50,0,13,1,-2.194,-56.288,3.871
2012-05-05-18_40_46.389,50,1,13,1,-11.212,-56.285,3.371
2012-05-05-18_40_46.390,50,2,13,1,-20.191,-56.208,2.771
2012-05-05-18_40_46.391,50,3,13,1,-29.245,-56.303,2.771
2012-05-05-18_40_46.392,50,4,13,1,-38.232,-56.278,2.271
2012-05-05-18_40_46.393,50,5,13,1,-47.247,-56.340,2.871
2012-05-05-18_40_46.394,50,6,13,1,-56.246,-56.344,2.871
2012-05-05-18_40_46.395,50,7,13,1,-65.168,-56.262,3.671
2012-05-05-18_40_46.396,50,0,14,0,2.273,-60.782,3.779
2012-05-05-18_40_46.397,50,1,14,0,-6.750,-60.792,3.380
2012-05-05-18_40_46.398,50,2,14,0,-15.724,-60.702,2.779
2012-05-05-18_40_46.399,50,3,14,0,-24.779,-60.797,2.979
2012-05-05-18_40_46.399,50,4,14,0,-33.766,-60.772,2.579
2012-05-05-18_40_46.400,50,5,14,0,-42.780,-60.834,2.779
2012-05-05-18_40_46.401,50,6,14,0,-51.779,-60.838,2.879
2012-05-05-18_40_46.402,50,7,14,0,-60.701,-60.756,3.679
2012-05-05-18_40_46.403,50,0,14,1,-2.194,-60.788,3.888
2012-05-05-18_40_46.404,50,1,14,1,-11.210,-60.792,3.388
2012-05-05-18_40_46.405,50,2,14,1,-20.191,-60.708,2.788
2012-05-05-18_40_46.406,50,3,14,1,-29.246,-60.803,2.888
2012-05-05-18_40_46.407,50,4,14,1,-38.233,-60.778,2.588
2012-05-05-18_40_46.409,50,5,14,1,-47.247,-60.840,2.888
2012-05-05-18_40_46.410,50,6,14,1,-56.246,-60.844,3.088
2012-05-05-18_40_46.411,50,7,14,1,-65.168,-60.762,3.688
2012-05-05-18_40_46.412,50,0,15,0,2.273,-65.281,3.897
2012-05-05-18_40_46.413,50,1,15,0,-6.751,-65.295,3.397
2012-05-05-18_40_46.414,50,2,15,0,-15.725,-65.200,2.797
2012-05-05-18_40_46.415,50,3,15,0,-24.779,-65.296,2.997
2012-05-05-18_40_46.416,50,4,15,0,-33.766,-65.271,2.497
2012-05-05-18_40_46.418,50,5,15,0,-42.781,-65.333,2.797
2012-05-05-18_40_46.419,50,6,15,0,-51.780,-65.337,2.897
2012-05-05-18_40_46.420,50,7,15,0,-60.702,-65.254,3.497
2012-05-05-18_40_46.421,50,0,15,1,-2.197,-65.287,3.910
2012-05-05-18_40_46.422,50,1,15,1,-11.208,-65.295,3.409
2012-05-05-18_40_46.423,50,2,15,1,-20.194,-65.206,2.810
2012-05-05-18_40_46.423,50,3,15,1,-29.249,-65.302,2.810
2012-05-05-18_40_46.426,50,4,15,1,-38.236,-65.277,2.410
2012-05-05-18_40_46.427,50,5,15,1,-47.250,-65.339,2.810
2012-05-05-18_40_46.428,50,6,15,1,-56.249,-65.343,2.910
2012-05-05-18_40_46.429,50,7,15,1,-65.171,-65.260,3.610
2012-05-05-18_40_46.430,50,0,16,0,2.270,-69.780,3.923
2012-05-05-18_40_46.431,50,1,16,0,-6.751,-69.790,3.423
2012-05-05-18_40_46.432,50,2,16,0,-15.727,-69.700,2.823
2012-05-05-18_40_46.433,50,3,16,0,-24.782,-69.795,3.023
2012-05-05-18_40_46.436,50,4,16,0,-33.769,-69.770,2.323
2012-05-05-18_40_46.437,50,5,16,0,-42.784,-69.833,2.823
2012-05-05-18_40_46.438,50,6,16,0,-51.782,-69.836,2.923
2012-05-05-18_40_46.439,50,7,16,0,-60.704,-69.754,3.723
2012-05-05-18_40_46.440,50,0,16,1,-2.197,-69.788,3.933
2012-05-05-18_40_46.441,50,1,16,1,-11.208,-69.789,3.433
2012-05-05-18_40_46.442,50,2,16,1,-20.194,-69.708,2.833
2012-05-05-18_40_46.443,50,3,16,1,-29.249,-69.804,2.933
2012-05-05-18_40_46.444,50,4,16,1,-38.236,-69.779,2.433
2012-05-05-18_40_46.445,50,5,16,1,-47.251,-69.841,2.733
2012-05-05-18_40_46.446,50,6,16,1,-56.249,-69.844,2.933
2012-05-05-18_40_46.446,50,7,16,1,-65.171,-69.762,3.633
2012-05-05-18_40_46.447,50,0,17,0,2.267,-74.284,3.842
2012-05-05-18_40_46.448,50,1,17,0,-6.747,-74.287,3.443
2012-05-05-18_40_46.450,50,2,17,0,-15.730,-74.204,2.742
2012-05-05-18_40_46.451,50,3,17,0,-24.785,-74.299,3.042
2012-05-05-18_40_46.454,50,4,17,0,-33.772,-74.274,2.342
2012-05-05-18_40_46.455,50,5,17,0,-42.787,-74.337,2.842
2012-05-05-18_40_46.456,50,6,17,0,-51.785,-74.340,2.942
2012-05-05-18_40_46.457,50,7,17,0,-60.707,-74.258,3.642
2012-05-05-18_40_46.458,50,0,17,1,-2.193,-74.291,3.852
2012-05-05-18_40_46.458,50,1,17,1,-11.211,-74.286,3.451
2012-05-05-18_40_46.459,50,2,17,1,-20.190,-74.211,2.752
2012-05-05-18_40_46.460,50,3,17,1,-29.245,-74.306,2.852
2012-05-05-18_40_46.461,50,4,17,1,-38.232,-74.281,2.352
2012-05-05-18_40_46.462,50,5,17,1,-47.246,-74.344,2.752
2012-05-05-18_40_46.464,50,6,17,1,-56.245,-74.347,2.952
2012-05-05-18_40_46.465,50,7,17,1,-65.167,-74.265,3.652
2012-05-05-18_40_46.466,50,0,18,0,2.266,-78.782,3.862
2012-05-05-18_40_46.468,50,1,18,0,-6.747,-78.785,3.462
2012-05-05-18_40_46.468,50,2,18,0,-15.731,-78.702,2.762
2012-05-05-18_40_46.469,50,3,18,0,-24.785,-78.797,3.062
2012-05-05-18_40_46.470,50,4,18,0,-33.772,-78.772,2.462
2012-05-05-18_40_46.471,50,5,18,0,-42.787,-78.835,2.862
2012-05-05-18_40_46.472,50,6,18,0,-51.786,-78.838,2.962
2012-05-05-18_40_46.473,50,7,18,0,-60.708,-78.756,3.762
2012-05-05-18_40_46.474,50,0,18,1,-2.193,-78.788,3.875
2012-05-05-18_40_46.475,50,1,18,1,-11.211,-78.785,3.474
2012-05-05-18_40_46.476,50,2,18,1,-20.190,-78.708,2.875
2012-05-05-18_40_46.477,50,3,18,1,-29.245,-78.803,3.075
2012-05-05-18_40_46.478,50,4,18,1,-38.232,-78.778,2.275
2012-05-05-18_40_46.479,50,5,18,1,-47.247,-78.841,2.875
2012-05-05-18_40_46.480,50,6,18,1,-56.245,-78.844,2.975
2012-05-05-18_40_46.481,50,7,18,1,-65.167,-78.762,3.775
2012-05-05-18_40_46.482,50,0,19,0,2.264,-83.283,3.887
2012-05-05-18_40_46.483,50,1,19,0,-6.747,-83.291,3.487
2012-05-05-18_40_46.486,50,2,19,0,-15.734,-83.202,2.787
2012-05-05-18_40_46.487,50,3,19,0,-24.788,-83.298,3.187
2012-05-05-18_40_46.487,50,4,19,0,-33.775,-83.273,2.287
2012-05-05-18_40_46.490,50,5,19,0,-42.790,-83.335,2.887
2012-05-05-18_40_46.491,50,6,19,0,-51.789,-83.339,2.987
2012-05-05-18_40_46.491,50,7,19,0,-60.711,-83.256,3.587
2012-05-05-18_40_46.492,50,0,19,1,-2.194,-83.287,3.897
2012-05-05-18_40_46.493,50,1,19,1,-11.214,-83.291,3.397
2012-05-05-18_40_46.494,50,2,19,1,-20.191,-83.207,2.897
2012-05-05-18_40_46.496,50,3,19,1,-29.245,-83.303,2.897
2012-05-05-18_40_46.497,50,4,19,1,-38.232,-83.278,2.597
2012-05-05-18_40_46.498,50,5,19,1,-47.247,-83.340,2.897
2012-05-05-18_40_46.499,50,6,19,1,-56.246,-83.344,3.097
2012-05-05-18_40_46.501,50,7,19,1,-65.168,-83.261,3.797
2012-05-05-18_40_46.502,50,0,20,0,2.266,-87.780,3.905
2012-05-05-18_40_46.504,50,1,20,0,-6.748,-87.795,3.405
2012-05-05-18_40_46.505,50,2,20,0,-15.732,-87.700,2.805
2012-05-05-18_40_46.506,50,3,20,0,-24.786,-87.795,3.005
2012-05-05-18_40_46.507,50,4,20,0,-33.773,-87.770,2.505
2012-05-05-18_40_46.508,50,5,20,0,-42.788,-87.832,2.905
2012-05-05-18_40_46.509,50,6,20,0,-51.787,-87.836,3.005
2012-05-05-18_40_46.509,50,7,20,0,-60.709,-87.754,3.905
2012-05-05-18_40_46.510,50,0,20,1,-2.192,-87.787,3.914
2012-05-05-18_40_46.512,50,1,20,1,-11.212,-87.795,3.414
2012-05-05-18_40_46.513,50,2,20,1,-20.189,-87.707,2.914
2012-05-05-18_40_46.514,50,3,20,1,-29.243,-87.802,3.114
2012-05-05-18_40_46.515,50,4,20,1,-38.230,-87.777,2.614
2012-05-05-18_40_46.516,50,5,20,1,-47.245,-87.839,2.914
2012-05-05-18_40_46.518,50,6,20,1,-56.244,-87.843,3.114
2012-05-05-18_40_46.519,50,7,20,1,-65.166,-87.761,3.814
2012-05-05-18_40_46.521,50,0,21,0,2.268,-92.280,4.025
2012-05-05-18_40_46.521,50,1,21,0,-6.751,-92.290,3.525
2012-05-05-18_40_46.523,50,2,21,0,-15.729,-92.200,2.925
2012-05-05-18_40_46.523,50,3,21,0,-24.784,-92.295,3.125
2012-05-05-18_40_46.525,50,4,21,0,-33.771,-92.270,2.525
2012-05-05-18_40_46.525,50,5,21,0,-42.786,-92.332,2.925
2012-05-05-18_40_46.526,50,6,21,0,-51.785,-92.336,3.025
2012-05-05-18_40_46.527,50,7,21,0,-60.706,-92.254,3.625
2012-05-05-18_40_46.528,50,0,21,1,-2.194,-92.289,4.037
2012-05-05-18_40_46.529,50,1,21,1,-11.213,-92.290,3.437
2012-05-05-18_40_46.530,50,2,21,1,-20.192,-92.209,2.937
2012-05-05-18_40_46.531,50,3,21,1,-29.246,-92.304,2.937
2012-05-05-18_40_46.532,50,4,21,1,-38.233,-92.279,2.437
2012-05-05-18_40_46.532,50,5,21,1,-47.248,-92.341,2.937
2012-05-05-18_40_46.533,50,6,21,1,-56.247,-92.345,3.037
2012-05-05-18_40_46.534,50,7,21,1,-65.169,-92.263,3.737
2012-05-05-18_40_46.535,50,0,22,0,2.267,-96.784,3.950
2012-05-05-18_40_46.536,50,1,22,0,-6.754,-96.787,3.550
2012-05-05-18_40_46.537,50,2,22,0,-15.730,-96.704,2.950
2012-05-05-18_40_46.538,50,3,22,0,-24.785,-96.799,3.150
2012-05-05-18_40_46.539,50,4,22,0,-33.772,-96.774,2.550
2012-05-05-18_40_46.540,50,5,22,0,-42.786,-96.837,2.850
2012-05-05-18_40_46.541,50,6,22,0,-51.785,-96.840,3.150
2012-05-05-18_40_46.542,50,7,22,0,-60.707,-96.758,3.850
2012-05-05-18_40_46.544,50,0,22,1,-2.195,-96.792,4.058
2012-05-05-18_40_46.546,50,1,22,1,-11.213,-96.788,3.558
2012-05-05-18_40_46.547,50,2,22,1,-20.192,-96.712,2.958
2012-05-05-18_40_46.548,50,3,22,1,-29.247,-96.807,2.958
2012-05-05-18_40_46.549,50,4,22,1,-38.234,-96.782,2.658
2012-05-05-18_40_46.549,50,5,22,1,-47.248,-96.844,2.958
2012-05-05-18_40_46.550,50,6,22,1,-56.247,-96.848,3.158
2012-05-05-18_40_46.551,50,7,22,1,-65.169,-96.766,3.858
2012-05-05-18_40_46.553,50,0,23,0,2.267,-101.282,4.068
2012-05-05-18_40_46.554,50,1,23,0,-6.754,-101.285,3.568
2012-05-05-18_40_46.555,50,2,23,0,-15.730,-101.202,2.968
2012-05-05-18_40_46.557,50,3,23,0,-24.785,-101.297,3.268
2012-05-05-18_40_46.558,50,4,23,0,-33.772,-101.272,2.668
2012-05-05-18_40_46.559,50,5,23,0,-42.787,-101.334,2.968
2012-05-05-18_40_46.560,50,6,23,0,-51.785,-101.338,2.968
2012-05-05-18_40_46.561,50,7,23,0,-60.707,-101.256,3.668
2012-05-05-18_40_46.562,50,0,23,1,-2.183,-101.281,3.968
2012-05-05-18_40_46.565,50,1,23,1,-11.211,-101.285,3.568
2012-05-05-18_40_46.567,50,2,23,1,-20.180,-101.201,2.968
2012-05-05-18_40_46.568,50,3,23,1,-29.235,-101.296,2.968
2012-05-05-18_40_46.569,50,4,23,1,-38.222,-101.271,2.568
2012-05-05-18_40_46.570,50,5,23,1,-47.237,-101.333,2.968
2012-05-05-18_40_46.571,50,6,23,1,-56.235,-101.337,3.068
2012-05-05-18_40_46.572,50,7,23,1,-65.157,-101.255,3.768
