2012-05-07-18_14_39.260,108,0,0,0,2.255,2.219,4.307
2012-05-07-18_14_39.262,108,0,0,0,2.202,2.279,4.307
2012-05-07-18_14_39.265,108,1,0,0,-6.747,2.292,4.215
2012-05-07-18_14_39.267,108,1,0,0,-6.801,2.352,4.215
2012-05-07-18_14_39.269,108,2,0,0,-15.725,2.234,4.236
2012-05-07-18_14_39.271,108,2,0,0,-15.779,2.294,4.138
2012-05-07-18_14_39.273,108,3,0,0,-24.749,2.242,4.216
2012-05-07-18_14_39.275,108,3,0,0,-24.803,2.301,4.215
2012-05-07-18_14_39.277,108,4,0,0,-33.740,2.260,3.828
2012-05-07-18_14_39.279,108,4,0,0,-33.793,2.320,3.828
2012-05-07-18_14_39.280,108,5,0,0,-42.787,2.235,4.318
2012-05-07-18_14_39.283,108,5,0,0,-42.841,2.294,4.318
2012-05-07-18_14_39.285,108,6,0,0,-51.766,2.168,4.166
2012-05-07-18_14_39.286,108,6,0,0,-51.820,2.228,4.166
2012-05-07-18_14_39.289,108,7,0,0,-60.820,2.244,4.264
2012-05-07-18_14_39.289,108,7,0,0,-60.815,2.288,4.264
2012-05-07-18_14_39.290,108,0,0,1,-2.195,2.212,4.207
2012-05-07-18_14_39.291,108,0,0,1,-2.258,2.279,4.207
2012-05-07-18_14_39.307,108,1,0,1,-11.197,2.285,4.215
2012-05-07-18_14_39.308,108,1,0,1,-11.260,2.352,4.215
2012-05-07-18_14_39.309,108,2,0,1,-20.175,2.226,4.334
2012-05-07-18_14_39.310,108,2,0,1,-20.238,2.294,4.334
2012-05-07-18_14_39.311,108,3,0,1,-29.199,2.234,4.216
2012-05-07-18_14_39.312,108,3,0,1,-29.262,2.301,4.215
2012-05-07-18_14_39.313,108,4,0,1,-38.189,2.253,4.122
2012-05-07-18_14_39.316,108,4,0,1,-38.252,2.320,4.121
2012-05-07-18_14_39.317,108,5,0,1,-47.237,2.227,4.220
2012-05-07-18_14_39.317,108,5,0,1,-47.300,2.294,4.220
2012-05-07-18_14_39.318,108,6,0,1,-56.216,2.161,4.265
2012-05-07-18_14_39.320,108,6,0,1,-56.279,2.228,4.265
2012-05-07-18_14_39.320,108,7,0,1,-65.270,2.237,4.564
2012-05-07-18_14_39.321,108,7,0,1,-65.333,2.304,4.464
2012-05-07-18_14_39.322,108,0,1,0,2.252,-2.278,4.419
2012-05-07-18_14_39.323,108,0,1,0,2.199,-2.225,4.419
2012-05-07-18_14_39.324,108,1,1,0,-6.750,-2.205,4.522
2012-05-07-18_14_39.325,108,1,1,0,-6.803,-2.152,4.424
2012-05-07-18_14_39.325,108,2,1,0,-15.728,-2.264,4.346
2012-05-07-18_14_39.327,108,2,1,0,-15.782,-2.210,4.248
2012-05-07-18_14_39.327,108,3,1,0,-24.752,-2.256,4.227
2012-05-07-18_14_39.328,108,3,1,0,-24.805,-2.202,4.227
2012-05-07-18_14_39.329,108,4,1,0,-33.742,-2.237,3.938
2012-05-07-18_14_39.330,108,4,1,0,-33.796,-2.183,3.840
2012-05-07-18_14_39.330,108,5,1,0,-42.790,-2.263,4.330
2012-05-07-18_14_39.331,108,5,1,0,-42.844,-2.209,4.232
2012-05-07-18_14_39.332,108,6,1,0,-51.769,-2.329,4.277
2012-05-07-18_14_39.333,108,6,1,0,-51.822,-2.275,4.277
2012-05-07-18_14_39.334,108,7,1,0,-60.823,-2.253,4.476
2012-05-07-18_14_39.335,108,7,1,0,-60.815,-2.211,4.476
2012-05-07-18_14_39.336,108,0,1,1,-2.195,-2.287,4.529
2012-05-07-18_14_39.337,108,0,1,1,-2.258,-2.224,4.528
2012-05-07-18_14_39.338,108,1,1,1,-11.198,-2.213,4.434
2012-05-07-18_14_39.339,108,1,1,1,-11.261,-2.151,4.433
2012-05-07-18_14_39.340,108,2,1,1,-20.176,-2.272,4.356
2012-05-07-18_14_39.341,108,2,1,1,-20.239,-2.209,4.355
2012-05-07-18_14_39.341,108,3,1,1,-29.200,-2.264,4.237
2012-05-07-18_14_39.342,108,3,1,1,-29.263,-2.201,4.139
2012-05-07-18_14_39.343,108,4,1,1,-38.190,-2.245,3.948
2012-05-07-18_14_39.344,108,4,1,1,-38.253,-2.183,3.850
2012-05-07-18_14_39.345,108,5,1,1,-47.238,-2.271,4.144
2012-05-07-18_14_39.346,108,5,1,1,-47.301,-2.208,4.339
2012-05-07-18_14_39.346,108,6,1,1,-56.217,-2.337,4.286
2012-05-07-18_14_39.347,108,6,1,1,-56.280,-2.275,4.188
2012-05-07-18_14_39.348,108,7,1,1,-65.270,-2.261,4.386
2012-05-07-18_14_39.349,108,7,1,1,-65.333,-2.199,4.385
2012-05-07-18_14_39.350,108,0,2,0,2.252,-6.781,4.446
2012-05-07-18_14_39.350,108,0,2,0,2.199,-6.719,4.446
2012-05-07-18_14_39.351,108,1,2,0,-6.751,-6.708,4.549
2012-05-07-18_14_39.352,108,1,2,0,-6.804,-6.646,4.549
2012-05-07-18_14_39.353,108,2,2,0,-15.729,-6.766,4.373
2012-05-07-18_14_39.354,108,2,2,0,-15.782,-6.704,4.373
2012-05-07-18_14_39.355,108,3,2,0,-24.753,-6.758,4.254
2012-05-07-18_14_39.356,108,3,2,0,-24.806,-6.696,4.157
2012-05-07-18_14_39.356,108,4,2,0,-33.743,-6.739,4.063
2012-05-07-18_14_39.357,108,4,2,0,-33.796,-6.677,3.965
2012-05-07-18_14_39.358,108,5,2,0,-42.791,-6.765,4.455
2012-05-07-18_14_39.359,108,5,2,0,-42.844,-6.703,4.455
2012-05-07-18_14_39.359,108,6,2,0,-51.770,-6.831,4.303
2012-05-07-18_14_39.360,108,6,2,0,-51.823,-6.769,4.303
2012-05-07-18_14_39.361,108,7,2,0,-60.823,-6.755,4.602
2012-05-07-18_14_39.362,108,7,2,0,-60.816,-6.706,4.602
2012-05-07-18_14_39.363,108,0,2,1,-2.191,-6.791,4.456
2012-05-07-18_14_39.364,108,0,2,1,-2.258,-6.718,4.456
2012-05-07-18_14_39.364,108,1,2,1,-11.193,-6.718,4.461
2012-05-07-18_14_39.365,108,1,2,1,-11.261,-6.645,4.461
2012-05-07-18_14_39.366,108,2,2,1,-20.171,-6.776,4.383
2012-05-07-18_14_39.367,108,2,2,1,-20.239,-6.704,4.285
2012-05-07-18_14_39.368,108,3,2,1,-29.195,-6.768,4.264
2012-05-07-18_14_39.369,108,3,2,1,-29.263,-6.696,4.264
2012-05-07-18_14_39.370,108,4,2,1,-38.185,-6.750,4.171
2012-05-07-18_14_39.371,108,4,2,1,-38.253,-6.677,4.170
2012-05-07-18_14_39.372,108,5,2,1,-47.233,-6.775,4.269
2012-05-07-18_14_39.372,108,5,2,1,-47.301,-6.703,4.465
2012-05-07-18_14_39.373,108,6,2,1,-56.212,-6.842,4.314
2012-05-07-18_14_39.374,108,6,2,1,-56.280,-6.769,4.313
2012-05-07-18_14_39.375,108,7,2,1,-65.266,-6.766,4.513
2012-05-07-18_14_39.376,108,7,2,1,-65.334,-6.693,4.413
2012-05-07-18_14_39.377,108,0,3,0,2.254,-11.284,4.467
2012-05-07-18_14_39.377,108,0,3,0,2.196,-11.218,4.467
2012-05-07-18_14_39.378,108,1,3,0,-6.749,-11.211,4.570
2012-05-07-18_14_39.379,108,1,3,0,-6.807,-11.145,4.570
2012-05-07-18_14_39.380,108,2,3,0,-15.727,-11.270,4.296
2012-05-07-18_14_39.381,108,2,3,0,-15.785,-11.203,4.296
2012-05-07-18_14_39.382,108,3,3,0,-24.751,-11.262,4.275
2012-05-07-18_14_39.383,108,3,3,0,-24.809,-11.195,4.178
2012-05-07-18_14_39.383,108,4,3,0,-33.741,-11.243,4.182
2012-05-07-18_14_39.384,108,4,3,0,-33.799,-11.176,4.182
2012-05-07-18_14_39.386,108,5,3,0,-42.789,-11.269,4.378
2012-05-07-18_14_39.387,108,5,3,0,-42.847,-11.202,4.280
2012-05-07-18_14_39.388,108,6,3,0,-51.768,-11.335,4.423
2012-05-07-18_14_39.389,108,6,3,0,-51.826,-11.269,4.325
2012-05-07-18_14_39.389,108,7,3,0,-60.821,-11.259,4.524
2012-05-07-18_14_39.390,108,7,3,0,-60.816,-11.206,4.424
2012-05-07-18_14_39.391,108,0,3,1,-2.191,-11.292,4.476
2012-05-07-18_14_39.392,108,0,3,1,-2.254,-11.218,4.476
2012-05-07-18_14_39.393,108,1,3,1,-11.194,-11.219,4.579
2012-05-07-18_14_39.394,108,1,3,1,-11.256,-11.145,4.481
2012-05-07-18_14_39.394,108,2,3,1,-20.172,-11.277,4.403
2012-05-07-18_14_39.395,108,2,3,1,-20.235,-11.203,4.403
2012-05-07-18_14_39.396,108,3,3,1,-29.196,-11.269,4.382
2012-05-07-18_14_39.397,108,3,3,1,-29.258,-11.195,4.284
2012-05-07-18_14_39.398,108,4,3,1,-38.186,-11.250,4.289
2012-05-07-18_14_39.399,108,4,3,1,-38.249,-11.176,4.288
2012-05-07-18_14_39.400,108,5,3,1,-47.234,-11.276,4.191
2012-05-07-18_14_39.401,108,5,3,1,-47.297,-11.202,4.485
2012-05-07-18_14_39.402,108,6,3,1,-56.213,-11.343,4.334
2012-05-07-18_14_39.402,108,6,3,1,-56.276,-11.269,4.333
2012-05-07-18_14_39.405,108,7,3,1,-65.266,-11.267,4.433
2012-05-07-18_14_39.406,108,7,3,1,-65.329,-11.193,4.233
2012-05-07-18_14_39.407,108,0,4,0,2.256,-15.782,4.488
2012-05-07-18_14_39.407,108,0,4,0,2.195,-15.718,4.488
2012-05-07-18_14_39.408,108,1,4,0,-6.746,-15.709,4.591
2012-05-07-18_14_39.409,108,1,4,0,-6.807,-15.645,4.493
2012-05-07-18_14_39.410,108,2,4,0,-15.725,-15.767,4.317
2012-05-07-18_14_39.411,108,2,4,0,-15.785,-15.703,4.317
2012-05-07-18_14_39.412,108,3,4,0,-24.748,-15.759,4.296
2012-05-07-18_14_39.412,108,3,4,0,-24.809,-15.695,4.296
2012-05-07-18_14_39.413,108,4,4,0,-33.739,-15.740,3.909
2012-05-07-18_14_39.414,108,4,4,0,-33.799,-15.677,3.909
2012-05-07-18_14_39.415,108,5,4,0,-42.787,-15.766,4.399
2012-05-07-18_14_39.416,108,5,4,0,-42.847,-15.702,4.301
2012-05-07-18_14_39.416,108,6,4,0,-51.766,-15.833,4.346
2012-05-07-18_14_39.417,108,6,4,0,-51.826,-15.769,4.247
2012-05-07-18_14_39.418,108,7,4,0,-60.819,-15.757,4.445
2012-05-07-18_14_39.419,108,7,4,0,-60.814,-15.708,4.445
2012-05-07-18_14_39.420,108,0,4,1,-2.189,-15.789,4.500
2012-05-07-18_14_39.421,108,0,4,1,-2.254,-15.718,4.500
2012-05-07-18_14_39.421,108,1,4,1,-11.191,-15.715,4.505
2012-05-07-18_14_39.422,108,1,4,1,-11.257,-15.645,4.406
2012-05-07-18_14_39.423,108,2,4,1,-20.170,-15.774,4.329
2012-05-07-18_14_39.424,108,2,4,1,-20.235,-15.703,4.329
2012-05-07-18_14_39.425,108,3,4,1,-29.193,-15.766,4.308
2012-05-07-18_14_39.426,108,3,4,1,-29.259,-15.695,4.211
2012-05-07-18_14_39.426,108,4,4,1,-38.184,-15.747,4.019
2012-05-07-18_14_39.427,108,4,4,1,-38.249,-15.677,3.921
2012-05-07-18_14_39.428,108,5,4,1,-47.232,-15.773,4.215
2012-05-07-18_14_39.429,108,5,4,1,-47.297,-15.702,4.215
2012-05-07-18_14_39.430,108,6,4,1,-56.211,-15.839,4.259
2012-05-07-18_14_39.431,108,6,4,1,-56.276,-15.769,4.259
2012-05-07-18_14_39.432,108,7,4,1,-65.264,-15.763,4.357
2012-05-07-18_14_39.433,108,7,4,1,-65.330,-15.693,4.357
2012-05-07-18_14_39.434,108,0,5,0,2.258,-20.280,4.514
2012-05-07-18_14_39.435,108,0,5,0,2.197,-20.223,4.414
2012-05-07-18_14_39.436,108,1,5,0,-6.744,-20.207,4.519
2012-05-07-18_14_39.436,108,1,5,0,-6.805,-20.150,4.519
2012-05-07-18_14_39.438,108,2,5,0,-15.723,-20.266,4.441
2012-05-07-18_14_39.438,108,2,5,0,-15.783,-20.208,4.343
2012-05-07-18_14_39.439,108,3,5,0,-24.746,-20.258,4.225
2012-05-07-18_14_39.440,108,3,5,0,-24.807,-20.200,4.030
2012-05-07-18_14_39.441,108,4,5,0,-33.737,-20.239,4.131
2012-05-07-18_14_39.441,108,4,5,0,-33.797,-20.182,3.936
2012-05-07-18_14_39.442,108,5,5,0,-42.785,-20.265,4.230
2012-05-07-18_14_39.443,108,5,5,0,-42.845,-20.207,4.230
2012-05-07-18_14_39.444,108,6,5,0,-51.763,-20.331,4.274
2012-05-07-18_14_39.445,108,6,5,0,-51.824,-20.274,4.274
2012-05-07-18_14_39.445,108,7,5,0,-60.817,-20.255,4.372
2012-05-07-18_14_39.446,108,7,5,0,-60.812,-20.212,4.372
2012-05-07-18_14_39.447,108,0,5,1,-2.189,-20.289,4.525
2012-05-07-18_14_39.448,108,0,5,1,-2.252,-20.222,4.524
2012-05-07-18_14_39.449,108,1,5,1,-11.192,-20.216,4.431
2012-05-07-18_14_39.451,108,1,5,1,-11.255,-20.149,4.431
2012-05-07-18_14_39.451,108,2,5,1,-20.170,-20.274,4.353
2012-05-07-18_14_39.452,108,2,5,1,-20.233,-20.208,4.353
2012-05-07-18_14_39.453,108,3,5,1,-29.194,-20.266,4.236
2012-05-07-18_14_39.453,108,3,5,1,-29.257,-20.200,4.235
2012-05-07-18_14_39.454,108,4,5,1,-38.184,-20.248,3.946
2012-05-07-18_14_39.455,108,4,5,1,-38.247,-20.181,3.945
2012-05-07-18_14_39.455,108,5,5,1,-47.232,-20.273,4.142
2012-05-07-18_14_39.456,108,5,5,1,-47.295,-20.207,4.337
2012-05-07-18_14_39.457,108,6,5,1,-56.211,-20.340,4.284
2012-05-07-18_14_39.458,108,6,5,1,-56.274,-20.273,4.284
2012-05-07-18_14_39.459,108,7,5,1,-65.265,-20.264,4.482
2012-05-07-18_14_39.460,108,7,5,1,-65.328,-20.197,4.481
2012-05-07-18_14_39.461,108,0,6,0,2.260,-24.778,4.534
2012-05-07-18_14_39.461,108,0,6,0,2.199,-24.727,4.534
2012-05-07-18_14_39.462,108,1,6,0,-6.742,-24.705,4.539
2012-05-07-18_14_39.463,108,1,6,0,-6.803,-24.653,4.539
2012-05-07-18_14_39.464,108,2,6,0,-15.721,-24.763,4.363
2012-05-07-18_14_39.466,108,2,6,0,-15.781,-24.712,4.461
2012-05-07-18_14_39.467,108,3,6,0,-24.744,-24.755,4.343
2012-05-07-18_14_39.467,108,3,6,0,-24.805,-24.704,4.245
2012-05-07-18_14_39.468,108,4,6,0,-33.735,-24.736,3.956
2012-05-07-18_14_39.469,108,4,6,0,-33.795,-24.685,3.858
2012-05-07-18_14_39.470,108,5,6,0,-42.783,-24.762,4.250
2012-05-07-18_14_39.471,108,5,6,0,-42.843,-24.711,4.445
2012-05-07-18_14_39.471,108,6,6,0,-51.761,-24.829,4.392
2012-05-07-18_14_39.472,108,6,6,0,-51.822,-24.777,4.294
2012-05-07-18_14_39.473,108,7,6,0,-60.815,-24.753,4.591
2012-05-07-18_14_39.474,108,7,6,0,-60.808,-24.711,4.591
2012-05-07-18_14_39.475,108,0,6,1,-2.192,-24.787,4.544
2012-05-07-18_14_39.475,108,0,6,1,-2.253,-24.726,4.444
2012-05-07-18_14_39.476,108,1,6,1,-11.195,-24.714,4.549
2012-05-07-18_14_39.477,108,1,6,1,-11.255,-24.652,4.647
2012-05-07-18_14_39.478,108,2,6,1,-20.173,-24.772,4.373
2012-05-07-18_14_39.479,108,2,6,1,-20.234,-24.711,4.373
2012-05-07-18_14_39.480,108,3,6,1,-29.197,-24.765,4.353
2012-05-07-18_14_39.481,108,3,6,1,-29.257,-24.703,4.353
2012-05-07-18_14_39.482,108,4,6,1,-38.187,-24.746,3.867
2012-05-07-18_14_39.483,108,4,6,1,-38.248,-24.684,3.965
2012-05-07-18_14_39.483,108,5,6,1,-47.235,-24.772,4.357
2012-05-07-18_14_39.484,108,5,6,1,-47.295,-24.710,4.553
2012-05-07-18_14_39.485,108,6,6,1,-56.214,-24.838,4.500
2012-05-07-18_14_39.486,108,6,6,1,-56.274,-24.776,4.402
2012-05-07-18_14_39.486,108,7,6,1,-65.268,-24.762,4.501
2012-05-07-18_14_39.487,108,7,6,1,-65.328,-24.700,4.501
2012-05-07-18_14_39.488,108,0,7,0,2.260,-29.281,4.558
2012-05-07-18_14_39.489,108,0,7,0,2.199,-29.219,4.458
2012-05-07-18_14_39.490,108,1,7,0,-6.743,-29.208,4.464
2012-05-07-18_14_39.493,108,1,7,0,-6.803,-29.146,4.366
2012-05-07-18_14_39.493,108,2,7,0,-15.721,-29.266,4.485
2012-05-07-18_14_39.494,108,2,7,0,-15.782,-29.204,4.485
2012-05-07-18_14_39.495,108,3,7,0,-24.745,-29.258,4.367
2012-05-07-18_14_39.496,108,3,7,0,-24.805,-29.196,4.269
2012-05-07-18_14_39.497,108,4,7,0,-33.735,-29.239,4.273
2012-05-07-18_14_39.497,108,4,7,0,-33.796,-29.177,4.273
2012-05-07-18_14_39.498,108,5,7,0,-42.783,-29.265,4.567
2012-05-07-18_14_39.499,108,5,7,0,-42.844,-29.203,4.567
2012-05-07-18_14_39.500,108,6,7,0,-51.762,-29.331,4.416
2012-05-07-18_14_39.501,108,6,7,0,-51.822,-29.269,4.318
2012-05-07-18_14_39.502,108,7,7,0,-60.816,-29.255,4.515
2012-05-07-18_14_39.503,108,7,7,0,-60.808,-29.206,4.615
2012-05-07-18_14_39.503,108,0,7,1,-2.193,-29.291,4.571
2012-05-07-18_14_39.504,108,0,7,1,-2.256,-29.218,4.571
2012-05-07-18_14_39.505,108,1,7,1,-11.195,-29.218,4.576
2012-05-07-18_14_39.506,108,1,7,1,-11.258,-29.145,4.576
2012-05-07-18_14_39.507,108,2,7,1,-20.173,-29.276,4.400
2012-05-07-18_14_39.508,108,2,7,1,-20.236,-29.203,4.400
2012-05-07-18_14_39.509,108,3,7,1,-29.197,-29.268,4.380
2012-05-07-18_14_39.510,108,3,7,1,-29.260,-29.195,4.380
2012-05-07-18_14_39.510,108,4,7,1,-38.187,-29.249,4.188
2012-05-07-18_14_39.511,108,4,7,1,-38.250,-29.177,4.090
2012-05-07-18_14_39.512,108,5,7,1,-47.235,-29.275,4.385
2012-05-07-18_14_39.513,108,5,7,1,-47.298,-29.202,4.580
2012-05-07-18_14_39.514,108,6,7,1,-56.214,-29.342,4.429
2012-05-07-18_14_39.515,108,6,7,1,-56.277,-29.269,4.527
2012-05-07-18_14_39.515,108,7,7,1,-65.268,-29.265,4.628
2012-05-07-18_14_39.516,108,7,7,1,-65.331,-29.193,4.528
2012-05-07-18_14_39.517,108,0,8,0,2.259,-33.784,4.583
2012-05-07-18_14_39.518,108,0,8,0,2.203,-33.717,4.583
2012-05-07-18_14_39.519,108,1,8,0,-6.743,-33.711,4.588
2012-05-07-18_14_39.520,108,1,8,0,-6.799,-33.644,4.588
2012-05-07-18_14_39.520,108,2,8,0,-15.722,-33.769,4.412
2012-05-07-18_14_39.522,108,2,8,0,-15.777,-33.703,4.412
2012-05-07-18_14_39.523,108,3,8,0,-24.745,-33.761,4.392
2012-05-07-18_14_39.529,108,3,8,0,-24.801,-33.695,4.295
2012-05-07-18_14_39.530,108,4,8,0,-33.736,-33.743,4.298
2012-05-07-18_14_39.531,108,4,8,0,-33.791,-33.676,4.298
2012-05-07-18_14_39.532,108,5,8,0,-42.783,-33.768,4.592
2012-05-07-18_14_39.533,108,5,8,0,-42.839,-33.702,4.592
2012-05-07-18_14_39.533,108,6,8,0,-51.762,-33.835,4.539
2012-05-07-18_14_39.534,108,6,8,0,-51.818,-33.768,4.441
2012-05-07-18_14_39.535,108,7,8,0,-60.816,-33.759,4.740
2012-05-07-18_14_39.536,108,7,8,0,-60.811,-33.706,4.640
2012-05-07-18_14_39.537,108,0,8,1,-2.196,-33.791,4.594
2012-05-07-18_14_39.538,108,0,8,1,-2.254,-33.716,4.593
2012-05-07-18_14_39.539,108,1,8,1,-11.198,-33.717,4.599
2012-05-07-18_14_39.540,108,1,8,1,-11.256,-33.643,4.598
2012-05-07-18_14_39.541,108,2,8,1,-20.176,-33.776,4.422
2012-05-07-18_14_39.542,108,2,8,1,-20.234,-33.702,4.422
2012-05-07-18_14_39.543,108,3,8,1,-29.200,-33.768,4.402
2012-05-07-18_14_39.543,108,3,8,1,-29.258,-33.694,4.402
2012-05-07-18_14_39.545,108,4,8,1,-38.190,-33.749,4.308
2012-05-07-18_14_39.545,108,4,8,1,-38.248,-33.675,4.308
2012-05-07-18_14_39.546,108,5,8,1,-47.238,-33.775,4.505
2012-05-07-18_14_39.547,108,5,8,1,-47.296,-33.701,4.602
2012-05-07-18_14_39.548,108,6,8,1,-56.217,-33.841,4.451
2012-05-07-18_14_39.549,108,6,8,1,-56.275,-33.767,4.451
2012-05-07-18_14_39.549,108,7,8,1,-65.271,-33.765,4.551
2012-05-07-18_14_39.550,108,7,8,1,-65.329,-33.691,4.550
2012-05-07-18_14_39.551,108,0,9,0,2.259,-38.282,4.604
2012-05-07-18_14_39.552,108,0,9,0,2.203,-38.217,4.604
2012-05-07-18_14_39.552,108,1,9,0,-6.744,-38.209,4.609
2012-05-07-18_14_39.553,108,1,9,0,-6.799,-38.144,4.609
2012-05-07-18_14_39.554,108,2,9,0,-15.722,-38.267,4.433
2012-05-07-18_14_39.555,108,2,9,0,-15.778,-38.203,4.433
2012-05-07-18_14_39.556,108,3,9,0,-24.746,-38.259,4.412
2012-05-07-18_14_39.557,108,3,9,0,-24.801,-38.195,4.315
2012-05-07-18_14_39.557,108,4,9,0,-33.736,-38.240,4.123
2012-05-07-18_14_39.558,108,4,9,0,-33.792,-38.176,4.123
2012-05-07-18_14_39.559,108,5,9,0,-42.784,-38.266,4.319
2012-05-07-18_14_39.560,108,5,9,0,-42.840,-38.202,4.417
2012-05-07-18_14_39.560,108,6,9,0,-51.763,-38.333,4.363
2012-05-07-18_14_39.562,108,6,9,0,-51.818,-38.268,4.363
2012-05-07-18_14_39.563,108,7,9,0,-60.817,-38.257,4.461
2012-05-07-18_14_39.563,108,7,9,0,-60.811,-38.209,4.461
2012-05-07-18_14_39.564,108,0,9,1,-2.198,-38.288,4.515
2012-05-07-18_14_39.565,108,0,9,1,-2.257,-38.217,4.515
2012-05-07-18_14_39.566,108,1,9,1,-11.201,-38.214,4.620
2012-05-07-18_14_39.566,108,1,9,1,-11.259,-38.144,4.620
2012-05-07-18_14_39.567,108,2,9,1,-20.179,-38.273,4.444
2012-05-07-18_14_39.568,108,2,9,1,-20.237,-38.203,4.444
2012-05-07-18_14_39.569,108,3,9,1,-29.203,-38.265,4.424
2012-05-07-18_14_39.570,108,3,9,1,-29.261,-38.195,4.326
2012-05-07-18_14_39.571,108,4,9,1,-38.193,-38.246,4.036
2012-05-07-18_14_39.572,108,4,9,1,-38.251,-38.176,4.036
2012-05-07-18_14_39.572,108,5,9,1,-47.241,-38.272,4.330
2012-05-07-18_14_39.573,108,5,9,1,-47.299,-38.202,4.232
2012-05-07-18_14_39.575,108,6,9,1,-56.220,-38.338,4.473
2012-05-07-18_14_39.576,108,6,9,1,-56.278,-38.268,4.473
2012-05-07-18_14_39.576,108,7,9,1,-65.274,-38.262,4.572
2012-05-07-18_14_39.577,108,7,9,1,-65.332,-38.192,4.572
2012-05-07-18_14_39.578,108,0,10,0,2.258,-42.781,4.531
2012-05-07-18_14_39.578,108,0,10,0,2.203,-42.722,4.531
2012-05-07-18_14_39.579,108,1,10,0,-6.744,-42.708,4.734
2012-05-07-18_14_39.580,108,1,10,0,-6.800,-42.648,4.636
2012-05-07-18_14_39.591,108,2,10,0,-15.722,-42.766,4.558
2012-05-07-18_14_39.592,108,2,10,0,-15.778,-42.707,4.460
2012-05-07-18_14_39.593,108,3,10,0,-24.746,-42.758,4.439
2012-05-07-18_14_39.594,108,3,10,0,-24.802,-42.699,4.342
2012-05-07-18_14_39.595,108,4,10,0,-33.736,-42.740,4.150
2012-05-07-18_14_39.596,108,4,10,0,-33.792,-42.680,4.052
2012-05-07-18_14_39.597,108,5,10,0,-42.784,-42.765,4.346
2012-05-07-18_14_39.597,108,5,10,0,-42.840,-42.706,4.542
2012-05-07-18_14_39.598,108,6,10,0,-51.763,-42.832,4.488
2012-05-07-18_14_39.599,108,6,10,0,-51.819,-42.772,4.488
2012-05-07-18_14_39.600,108,7,10,0,-60.817,-42.756,4.688
2012-05-07-18_14_39.601,108,7,10,0,-60.814,-42.712,4.688
2012-05-07-18_14_39.601,108,0,10,1,-2.201,-42.789,4.642
2012-05-07-18_14_39.602,108,0,10,1,-2.259,-42.722,4.642
2012-05-07-18_14_39.603,108,1,10,1,-11.204,-42.716,4.549
2012-05-07-18_14_39.603,108,1,10,1,-11.262,-42.648,4.549
2012-05-07-18_14_39.604,108,2,10,1,-20.182,-42.774,4.471
2012-05-07-18_14_39.605,108,2,10,1,-20.240,-42.707,4.471
2012-05-07-18_14_39.605,108,3,10,1,-29.206,-42.766,4.451
2012-05-07-18_14_39.606,108,3,10,1,-29.264,-42.699,4.451
2012-05-07-18_14_39.607,108,4,10,1,-38.196,-42.747,4.259
2012-05-07-18_14_39.607,108,4,10,1,-38.254,-42.680,4.259
2012-05-07-18_14_39.608,108,5,10,1,-47.244,-42.773,4.455
2012-05-07-18_14_39.609,108,5,10,1,-47.302,-42.706,4.651
2012-05-07-18_14_39.609,108,6,10,1,-56.223,-42.839,4.500
2012-05-07-18_14_39.610,108,6,10,1,-56.281,-42.772,4.500
2012-05-07-18_14_39.611,108,7,10,1,-65.277,-42.763,4.599
2012-05-07-18_14_39.611,108,7,10,1,-65.335,-42.696,4.599
2012-05-07-18_14_39.612,108,0,11,0,2.255,-47.278,4.552
2012-05-07-18_14_39.613,108,0,11,0,2.205,-47.225,4.552
2012-05-07-18_14_39.613,108,1,11,0,-6.747,-47.205,4.657
2012-05-07-18_14_39.614,108,1,11,0,-6.798,-47.152,4.657
2012-05-07-18_14_39.615,108,2,11,0,-15.725,-47.264,4.481
2012-05-07-18_14_39.616,108,2,11,0,-15.776,-47.210,4.481
2012-05-07-18_14_39.616,108,3,11,0,-24.749,-47.256,4.363
2012-05-07-18_14_39.617,108,3,11,0,-24.800,-47.203,4.461
2012-05-07-18_14_39.617,108,4,11,0,-33.739,-47.237,4.269
2012-05-07-18_14_39.618,108,4,11,0,-33.790,-47.184,4.171
2012-05-07-18_14_39.619,108,5,11,0,-42.787,-47.263,4.367
2012-05-07-18_14_39.619,108,5,11,0,-42.838,-47.210,4.465
2012-05-07-18_14_39.620,108,6,11,0,-51.766,-47.329,4.608
2012-05-07-18_14_39.620,108,6,11,0,-51.817,-47.276,4.510
2012-05-07-18_14_39.621,108,7,11,0,-60.820,-47.253,4.609
2012-05-07-18_14_39.621,108,7,11,0,-60.812,-47.211,4.609
2012-05-07-18_14_39.622,108,0,11,1,-2.202,-47.288,4.561
2012-05-07-18_14_39.622,108,0,11,1,-2.262,-47.225,4.661
2012-05-07-18_14_39.622,108,1,11,1,-11.204,-47.214,4.568
2012-05-07-18_14_39.623,108,1,11,1,-11.265,-47.152,4.666
2012-05-07-18_14_39.623,108,2,11,1,-20.182,-47.273,4.490
2012-05-07-18_14_39.624,108,2,11,1,-20.243,-47.210,4.490
2012-05-07-18_14_39.624,108,3,11,1,-29.206,-47.265,4.567
2012-05-07-18_14_39.625,108,3,11,1,-29.267,-47.202,4.470
2012-05-07-18_14_39.625,108,4,11,1,-38.196,-47.246,4.376
2012-05-07-18_14_39.626,108,4,11,1,-38.257,-47.183,4.376
2012-05-07-18_14_39.626,108,5,11,1,-47.244,-47.272,4.474
2012-05-07-18_14_39.627,108,5,11,1,-47.305,-47.209,4.474
2012-05-07-18_14_39.627,108,6,11,1,-56.223,-47.338,4.617
2012-05-07-18_14_39.628,108,6,11,1,-56.284,-47.275,4.519
2012-05-07-18_14_39.628,108,7,11,1,-65.277,-47.262,4.618
2012-05-07-18_14_39.629,108,7,11,1,-65.338,-47.199,4.618
2012-05-07-18_14_39.630,108,0,12,0,2.253,-51.781,4.572
2012-05-07-18_14_39.631,108,0,12,0,2.202,-51.720,4.472
2012-05-07-18_14_39.631,108,1,12,0,-6.750,-51.708,4.677
2012-05-07-18_14_39.632,108,1,12,0,-6.801,-51.646,4.677
2012-05-07-18_14_39.632,108,2,12,0,-15.728,-51.766,4.500
2012-05-07-18_14_39.633,108,2,12,0,-15.779,-51.705,4.500
2012-05-07-18_14_39.633,108,3,12,0,-24.752,-51.758,4.383
2012-05-07-18_14_39.634,108,3,12,0,-24.803,-51.697,4.285
2012-05-07-18_14_39.634,108,4,12,0,-33.742,-51.739,4.093
2012-05-07-18_14_39.635,108,4,12,0,-33.793,-51.678,4.093
2012-05-07-18_14_39.635,108,5,12,0,-42.790,-51.765,4.387
2012-05-07-18_14_39.636,108,5,12,0,-42.841,-51.704,4.583
2012-05-07-18_14_39.636,108,6,12,0,-51.769,-51.831,4.529
2012-05-07-18_14_39.636,108,6,12,0,-51.820,-51.770,4.529
2012-05-07-18_14_39.637,108,7,12,0,-60.823,-51.755,4.728
2012-05-07-18_14_39.637,108,7,12,0,-60.817,-51.706,4.728
2012-05-07-18_14_39.638,108,0,12,1,-2.202,-51.791,4.684
2012-05-07-18_14_39.638,108,0,12,1,-2.265,-51.719,4.684
2012-05-07-18_14_39.639,108,1,12,1,-11.205,-51.718,4.689
2012-05-07-18_14_39.639,108,1,12,1,-11.268,-51.646,4.689
2012-05-07-18_14_39.640,108,2,12,1,-20.183,-51.776,4.513
2012-05-07-18_14_39.640,108,2,12,1,-20.246,-51.704,4.513
2012-05-07-18_14_39.641,108,3,12,1,-29.207,-51.768,4.492
2012-05-07-18_14_39.641,108,3,12,1,-29.270,-51.696,4.492
2012-05-07-18_14_39.642,108,4,12,1,-38.197,-51.750,4.398
2012-05-07-18_14_39.642,108,4,12,1,-38.260,-51.678,4.398
2012-05-07-18_14_39.643,108,5,12,1,-47.245,-51.775,4.497
2012-05-07-18_14_39.643,108,5,12,1,-47.308,-51.703,4.497
2012-05-07-18_14_39.644,108,6,12,1,-56.224,-51.842,4.640
2012-05-07-18_14_39.644,108,6,12,1,-56.287,-51.770,4.640
2012-05-07-18_14_39.645,108,7,12,1,-65.277,-51.766,4.740
2012-05-07-18_14_39.645,108,7,12,1,-65.340,-51.694,4.740
2012-05-07-18_14_39.646,108,0,13,0,2.250,-56.284,4.599
2012-05-07-18_14_39.646,108,0,13,0,2.199,-56.218,4.599
2012-05-07-18_14_39.647,108,1,13,0,-6.753,-56.211,4.802
2012-05-07-18_14_39.647,108,1,13,0,-6.804,-56.145,4.704
2012-05-07-18_14_39.648,108,2,13,0,-15.731,-56.270,4.528
2012-05-07-18_14_39.648,108,2,13,0,-15.782,-56.203,4.528
2012-05-07-18_14_39.649,108,3,13,0,-24.755,-56.262,4.410
2012-05-07-18_14_39.649,108,3,13,0,-24.806,-56.195,4.313
2012-05-07-18_14_39.650,108,4,13,0,-33.745,-56.243,4.218
2012-05-07-18_14_39.650,108,4,13,0,-33.796,-56.176,4.120
2012-05-07-18_14_39.651,108,5,13,0,-42.793,-56.269,4.414
2012-05-07-18_14_39.651,108,5,13,0,-42.844,-56.202,4.610
2012-05-07-18_14_39.652,108,6,13,0,-51.772,-56.335,4.458
2012-05-07-18_14_39.653,108,6,13,0,-51.823,-56.269,4.458
2012-05-07-18_14_39.654,108,7,13,0,-60.826,-56.259,4.756
2012-05-07-18_14_39.655,108,7,13,0,-60.818,-56.205,4.756
2012-05-07-18_14_39.655,108,0,13,1,-2.200,-56.291,4.710
2012-05-07-18_14_39.656,108,0,13,1,-2.266,-56.217,4.710
2012-05-07-18_14_39.656,108,1,13,1,-11.203,-56.218,4.715
2012-05-07-18_14_39.657,108,1,13,1,-11.268,-56.144,4.715
2012-05-07-18_14_39.657,108,2,13,1,-20.181,-56.276,4.539
2012-05-07-18_14_39.658,108,2,13,1,-20.246,-56.203,4.539
2012-05-07-18_14_39.659,108,3,13,1,-29.205,-56.268,4.421
2012-05-07-18_14_39.659,108,3,13,1,-29.270,-56.195,4.421
2012-05-07-18_14_39.660,108,4,13,1,-38.195,-56.250,4.229
2012-05-07-18_14_39.660,108,4,13,1,-38.260,-56.176,4.131
2012-05-07-18_14_39.661,108,5,13,1,-47.243,-56.275,4.425
2012-05-07-18_14_39.661,108,5,13,1,-47.308,-56.202,4.425
2012-05-07-18_14_39.662,108,6,13,1,-56.222,-56.342,4.469
2012-05-07-18_14_39.662,108,6,13,1,-56.287,-56.268,4.469
2012-05-07-18_14_39.663,108,7,13,1,-65.275,-56.266,4.667
2012-05-07-18_14_39.664,108,7,13,1,-65.341,-56.192,4.667
2012-05-07-18_14_39.665,108,0,14,0,2.247,-60.782,4.620
2012-05-07-18_14_39.665,108,0,14,0,2.196,-60.717,4.620
2012-05-07-18_14_39.666,108,1,14,0,-6.756,-60.709,4.725
2012-05-07-18_14_39.666,108,1,14,0,-6.806,-60.644,4.627
2012-05-07-18_14_39.666,108,2,14,0,-15.734,-60.767,4.549
2012-05-07-18_14_39.667,108,2,14,0,-15.785,-60.703,4.549
2012-05-07-18_14_39.667,108,3,14,0,-24.758,-60.759,4.529
2012-05-07-18_14_39.668,108,3,14,0,-24.808,-60.695,4.431
2012-05-07-18_14_39.668,108,4,14,0,-33.748,-60.740,4.435
2012-05-07-18_14_39.669,108,4,14,0,-33.799,-60.676,4.337
2012-05-07-18_14_39.670,108,5,14,0,-42.796,-60.766,4.436
2012-05-07-18_14_39.670,108,5,14,0,-42.847,-60.702,4.436
2012-05-07-18_14_39.670,108,6,14,0,-51.775,-60.833,4.480
2012-05-07-18_14_39.671,108,6,14,0,-51.825,-60.768,4.480
2012-05-07-18_14_39.671,108,7,14,0,-60.828,-60.757,4.877
2012-05-07-18_14_39.672,108,7,14,0,-60.821,-60.708,4.877
2012-05-07-18_14_39.672,108,0,14,1,-2.201,-60.788,4.631
2012-05-07-18_14_39.673,108,0,14,1,-2.264,-60.718,4.730
2012-05-07-18_14_39.673,108,1,14,1,-11.203,-60.715,4.834
2012-05-07-18_14_39.674,108,1,14,1,-11.266,-60.645,4.735
2012-05-07-18_14_39.674,108,2,14,1,-20.181,-60.773,4.559
2012-05-07-18_14_39.675,108,2,14,1,-20.244,-60.703,4.559
2012-05-07-18_14_39.675,108,3,14,1,-29.205,-60.765,4.539
2012-05-07-18_14_39.676,108,3,14,1,-29.268,-60.695,4.539
2012-05-07-18_14_39.676,108,4,14,1,-38.195,-60.746,4.445
2012-05-07-18_14_39.677,108,4,14,1,-38.258,-60.676,4.445
2012-05-07-18_14_39.677,108,5,14,1,-47.243,-60.772,4.544
2012-05-07-18_14_39.678,108,5,14,1,-47.306,-60.702,4.543
2012-05-07-18_14_39.678,108,6,14,1,-56.222,-60.839,4.588
2012-05-07-18_14_39.679,108,6,14,1,-56.285,-60.769,4.588
2012-05-07-18_14_39.679,108,7,14,1,-65.276,-60.763,4.688
2012-05-07-18_14_39.680,108,7,14,1,-65.339,-60.692,4.687
2012-05-07-18_14_39.680,108,0,15,0,2.246,-65.281,4.643
2012-05-07-18_14_39.681,108,0,15,0,2.193,-65.222,4.643
2012-05-07-18_14_39.681,108,1,15,0,-6.756,-65.208,4.748
2012-05-07-18_14_39.682,108,1,15,0,-6.809,-65.149,4.748
2012-05-07-18_14_39.682,108,2,15,0,-15.734,-65.266,4.572
2012-05-07-18_14_39.683,108,2,15,0,-15.787,-65.207,4.572
2012-05-07-18_14_39.683,108,3,15,0,-24.758,-65.258,4.454
2012-05-07-18_14_39.684,108,3,15,0,-24.811,-65.199,4.454
2012-05-07-18_14_39.684,108,4,15,0,-33.748,-65.240,4.458
2012-05-07-18_14_39.685,108,4,15,0,-33.802,-65.180,4.360
2012-05-07-18_14_39.685,108,5,15,0,-42.796,-65.265,4.361
2012-05-07-18_14_39.686,108,5,15,0,-42.849,-65.206,4.263
2012-05-07-18_14_39.686,108,6,15,0,-51.775,-65.332,4.503
2012-05-07-18_14_39.687,108,6,15,0,-51.828,-65.273,4.503
2012-05-07-18_14_39.687,108,7,15,0,-60.829,-65.256,4.600
2012-05-07-18_14_39.688,108,7,15,0,-60.824,-65.212,4.700
2012-05-07-18_14_39.688,108,0,15,1,-2.201,-65.288,4.657
2012-05-07-18_14_39.689,108,0,15,1,-2.264,-65.222,4.657
2012-05-07-18_14_39.689,108,1,15,1,-11.203,-65.215,4.762
2012-05-07-18_14_39.690,108,1,15,1,-11.266,-65.149,4.663
2012-05-07-18_14_39.690,108,2,15,1,-20.182,-65.274,4.586
2012-05-07-18_14_39.691,108,2,15,1,-20.245,-65.207,4.586
2012-05-07-18_14_39.691,108,3,15,1,-29.205,-65.266,4.565
2012-05-07-18_14_39.692,108,3,15,1,-29.268,-65.199,4.468
2012-05-07-18_14_39.693,108,4,15,1,-38.196,-65.247,4.276
2012-05-07-18_14_39.694,108,4,15,1,-38.259,-65.181,4.276
2012-05-07-18_14_39.694,108,5,15,1,-47.244,-65.273,4.472
2012-05-07-18_14_39.697,108,5,15,1,-47.307,-65.206,4.472
2012-05-07-18_14_39.697,108,6,15,1,-56.223,-65.339,4.516
2012-05-07-18_14_39.698,108,6,15,1,-56.285,-65.273,4.516
2012-05-07-18_14_39.698,108,7,15,1,-65.276,-65.263,4.714
2012-05-07-18_14_39.699,108,7,15,1,-65.339,-65.197,4.614
2012-05-07-18_14_39.699,108,0,16,0,2.248,-69.778,4.769
2012-05-07-18_14_39.700,108,0,16,0,2.193,-69.725,4.769
2012-05-07-18_14_39.700,108,1,16,0,-6.754,-69.705,4.774
2012-05-07-18_14_39.701,108,1,16,0,-6.810,-69.652,4.676
2012-05-07-18_14_39.701,108,2,16,0,-15.732,-69.764,4.598
2012-05-07-18_14_39.702,108,2,16,0,-15.788,-69.710,4.598
2012-05-07-18_14_39.702,108,3,16,0,-24.756,-69.756,4.480
2012-05-07-18_14_39.702,108,3,16,0,-24.812,-69.702,4.383
2012-05-07-18_14_39.703,108,4,16,0,-33.746,-69.737,4.190
2012-05-07-18_14_39.703,108,4,16,0,-33.802,-69.684,4.190
2012-05-07-18_14_39.704,108,5,16,0,-42.794,-69.763,4.484
2012-05-07-18_14_39.704,108,5,16,0,-42.850,-69.709,4.582
2012-05-07-18_14_39.705,108,6,16,0,-51.773,-69.829,4.529
2012-05-07-18_14_39.705,108,6,16,0,-51.829,-69.776,4.529
2012-05-07-18_14_39.706,108,7,16,0,-60.827,-69.753,4.726
2012-05-07-18_14_39.706,108,7,16,0,-60.824,-69.711,4.726
2012-05-07-18_14_39.707,108,0,16,1,-2.199,-69.787,4.679
2012-05-07-18_14_39.707,108,0,16,1,-2.264,-69.724,4.679
2012-05-07-18_14_39.709,108,1,16,1,-11.201,-69.713,4.686
2012-05-07-18_14_39.709,108,1,16,1,-11.267,-69.651,4.784
2012-05-07-18_14_39.710,108,2,16,1,-20.180,-69.772,4.608
2012-05-07-18_14_39.711,108,2,16,1,-20.245,-69.710,4.510
2012-05-07-18_14_39.711,108,3,16,1,-29.203,-69.764,4.588
2012-05-07-18_14_39.712,108,3,16,1,-29.269,-69.702,4.490
2012-05-07-18_14_39.712,108,4,16,1,-38.194,-69.745,4.298
2012-05-07-18_14_39.713,108,4,16,1,-38.259,-69.683,4.298
2012-05-07-18_14_39.713,108,5,16,1,-47.242,-69.771,4.299
2012-05-07-18_14_39.714,108,5,16,1,-47.307,-69.709,4.299
2012-05-07-18_14_39.714,108,6,16,1,-56.220,-69.837,4.539
2012-05-07-18_14_39.715,108,6,16,1,-56.286,-69.775,4.539
2012-05-07-18_14_39.715,108,7,16,1,-65.274,-69.761,4.636
2012-05-07-18_14_39.716,108,7,16,1,-65.340,-69.699,4.636
2012-05-07-18_14_39.716,108,0,17,0,2.248,-74.281,4.689
2012-05-07-18_14_39.717,108,0,17,0,2.192,-74.218,4.689
2012-05-07-18_14_39.717,108,1,17,0,-6.754,-74.208,4.794
2012-05-07-18_14_39.718,108,1,17,0,-6.811,-74.208,4.794
2012-05-07-18_14_39.718,108,2,17,0,-15.733,-74.266,4.618
2012-05-07-18_14_39.719,108,2,17,0,-15.788,-74.204,4.618
2012-05-07-18_14_39.719,108,3,17,0,-24.756,-74.258,4.403
2012-05-07-18_14_39.720,108,3,17,0,-24.812,-74.196,4.305
2012-05-07-18_14_39.720,108,4,17,0,-33.747,-74.240,4.308
2012-05-07-18_14_39.720,108,4,17,0,-33.802,-74.177,4.210
2012-05-07-18_14_39.721,108,5,17,0,-42.795,-74.265,4.504
2012-05-07-18_14_39.721,108,5,17,0,-42.850,-74.203,4.406
2012-05-07-18_14_39.722,108,6,17,0,-51.773,-74.332,4.548
2012-05-07-18_14_39.722,108,6,17,0,-51.829,-74.269,4.450
2012-05-07-18_14_39.723,108,7,17,0,-60.827,-74.256,4.746
2012-05-07-18_14_39.723,108,7,17,0,-60.820,-74.216,4.846
2012-05-07-18_14_39.724,108,0,17,1,-2.199,-74.290,4.700
2012-05-07-18_14_39.724,108,0,17,1,-2.265,-74.218,4.699
2012-05-07-18_14_39.725,108,1,17,1,-11.202,-74.217,4.706
2012-05-07-18_14_39.725,108,1,17,1,-11.267,-74.145,4.804
2012-05-07-18_14_39.726,108,2,17,1,-20.180,-74.275,4.530
2012-05-07-18_14_39.726,108,2,17,1,-20.245,-74.203,4.530
2012-05-07-18_14_39.727,108,3,17,1,-29.204,-74.267,4.511
2012-05-07-18_14_39.729,108,3,17,1,-29.269,-74.195,4.413
2012-05-07-18_14_39.729,108,4,17,1,-38.194,-74.249,4.221
2012-05-07-18_14_39.730,108,4,17,1,-38.260,-74.177,4.123
2012-05-07-18_14_39.730,108,5,17,1,-47.242,-74.274,4.417
2012-05-07-18_14_39.731,108,5,17,1,-47.307,-74.202,4.319
2012-05-07-18_14_39.731,108,6,17,1,-56.221,-74.341,4.461
2012-05-07-18_14_39.732,108,6,17,1,-56.286,-74.269,4.461
2012-05-07-18_14_39.732,108,7,17,1,-65.275,-74.265,4.757
2012-05-07-18_14_39.733,108,7,17,1,-65.340,-74.193,4.756
2012-05-07-18_14_39.733,108,0,18,0,2.248,-78.784,4.614
2012-05-07-18_14_39.734,108,0,18,0,2.192,-78.717,4.614
2012-05-07-18_14_39.734,108,1,18,0,-6.755,-78.710,4.721
2012-05-07-18_14_39.735,108,1,18,0,-6.811,-78.712,4.819
2012-05-07-18_14_39.735,108,2,18,0,-15.733,-78.769,4.545
2012-05-07-18_14_39.736,108,2,18,0,-15.789,-78.703,4.643
2012-05-07-18_14_39.736,108,3,18,0,-24.757,-78.761,4.428
2012-05-07-18_14_39.737,108,3,18,0,-24.813,-78.695,4.428
2012-05-07-18_14_39.737,108,4,18,0,-33.747,-78.742,4.431
2012-05-07-18_14_39.738,108,4,18,0,-33.803,-78.676,4.333
2012-05-07-18_14_39.738,108,5,18,0,-42.795,-78.768,4.432
2012-05-07-18_14_39.739,108,5,18,0,-42.851,-78.702,4.627
2012-05-07-18_14_39.739,108,6,18,0,-51.774,-78.834,4.574
2012-05-07-18_14_39.740,108,6,18,0,-51.830,-78.768,4.574
2012-05-07-18_14_39.740,108,7,18,0,-60.828,-78.758,4.771
2012-05-07-18_14_39.741,108,7,18,0,-60.820,-78.717,4.771
2012-05-07-18_14_39.741,108,0,18,1,-2.200,-78.791,4.628
2012-05-07-18_14_39.742,108,0,18,1,-2.263,-78.717,4.627
2012-05-07-18_14_39.742,108,1,18,1,-11.202,-78.718,4.833
2012-05-07-18_14_39.743,108,1,18,1,-11.265,-78.644,4.734
2012-05-07-18_14_39.743,108,2,18,1,-20.181,-78.777,4.656
2012-05-07-18_14_39.744,108,2,18,1,-20.243,-78.702,4.656
2012-05-07-18_14_39.744,108,3,18,1,-29.204,-78.769,4.539
2012-05-07-18_14_39.745,108,3,18,1,-29.267,-78.694,4.538
2012-05-07-18_14_39.745,108,4,18,1,-38.195,-78.750,4.151
2012-05-07-18_14_39.746,108,4,18,1,-38.258,-78.675,4.151
2012-05-07-18_14_39.746,108,5,18,1,-47.242,-78.776,4.445
2012-05-07-18_14_39.747,108,5,18,1,-47.305,-78.701,4.641
2012-05-07-18_14_39.747,108,6,18,1,-56.221,-78.842,4.587
2012-05-07-18_14_39.748,108,6,18,1,-56.284,-78.767,4.587
2012-05-07-18_14_39.748,108,7,18,1,-65.275,-78.766,4.785
2012-05-07-18_14_39.749,108,7,18,1,-65.338,-78.691,4.784
2012-05-07-18_14_39.749,108,0,19,0,2.250,-83.281,4.738
2012-05-07-18_14_39.750,108,0,19,0,2.194,-83.217,4.638
2012-05-07-18_14_39.750,108,1,19,0,-6.753,-83.208,4.843
2012-05-07-18_14_39.751,108,1,19,0,-6.811,-83.209,4.843
2012-05-07-18_14_39.751,108,2,19,0,-15.731,-83.266,4.667
2012-05-07-18_14_39.752,108,2,19,0,-15.787,-83.202,4.667
2012-05-07-18_14_39.752,108,3,19,0,-24.755,-83.259,4.646
2012-05-07-18_14_39.753,108,3,19,0,-24.811,-83.194,4.646
2012-05-07-18_14_39.753,108,4,19,0,-33.745,-83.240,4.161
2012-05-07-18_14_39.754,108,4,19,0,-33.801,-83.176,4.063
2012-05-07-18_14_39.754,108,5,19,0,-42.793,-83.266,4.553
2012-05-07-18_14_39.755,108,5,19,0,-42.849,-83.201,4.651
2012-05-07-18_14_39.755,108,6,19,0,-51.772,-83.332,4.597
2012-05-07-18_14_39.756,108,6,19,0,-51.828,-83.268,4.597
2012-05-07-18_14_39.756,108,7,19,0,-60.826,-83.256,4.695
2012-05-07-18_14_39.757,108,7,19,0,-60.818,-83.222,4.695
2012-05-07-18_14_39.757,108,0,19,1,-2.198,-83.288,4.848
2012-05-07-18_14_39.758,108,0,19,1,-2.263,-83.217,4.748
2012-05-07-18_14_39.758,108,1,19,1,-11.200,-83.215,4.754
2012-05-07-18_14_39.758,108,1,19,1,-11.266,-83.144,4.754
2012-05-07-18_14_39.759,108,2,19,1,-20.178,-83.273,4.677
2012-05-07-18_14_39.761,108,2,19,1,-20.244,-83.203,4.676
2012-05-07-18_14_39.761,108,3,19,1,-29.202,-83.265,4.559
2012-05-07-18_14_39.762,108,3,19,1,-29.268,-83.195,4.559
2012-05-07-18_14_39.764,108,4,19,1,-38.193,-83.246,4.465
2012-05-07-18_14_39.765,108,4,19,1,-38.258,-83.176,4.464
2012-05-07-18_14_39.765,108,5,19,1,-47.240,-83.272,4.563
2012-05-07-18_14_39.766,108,5,19,1,-47.306,-83.202,4.563
2012-05-07-18_14_39.766,108,6,19,1,-56.219,-83.339,4.607
2012-05-07-18_14_39.767,108,6,19,1,-56.285,-83.268,4.607
2012-05-07-18_14_39.767,108,7,19,1,-65.273,-83.263,4.805
2012-05-07-18_14_39.767,108,7,19,1,-65.339,-83.192,4.805
2012-05-07-18_14_39.768,108,0,20,0,2.249,-87.781,4.858
2012-05-07-18_14_39.768,108,0,20,0,2.193,-87.722,4.858
2012-05-07-18_14_39.769,108,1,20,0,-6.753,-87.708,4.764
2012-05-07-18_14_39.769,108,1,20,0,-6.809,-87.649,4.764
2012-05-07-18_14_39.770,108,2,20,0,-15.731,-87.766,4.686
2012-05-07-18_14_39.770,108,2,20,0,-15.787,-87.707,4.588
2012-05-07-18_14_39.771,108,3,20,0,-24.755,-87.758,4.569
2012-05-07-18_14_39.771,108,3,20,0,-24.811,-87.699,4.569
2012-05-07-18_14_39.772,108,4,20,0,-33.746,-87.740,4.474
2012-05-07-18_14_39.772,108,4,20,0,-33.801,-87.681,4.377
2012-05-07-18_14_39.773,108,5,20,0,-42.793,-87.765,4.573
2012-05-07-18_14_39.773,108,5,20,0,-42.849,-87.706,4.769
2012-05-07-18_14_39.774,108,6,20,0,-51.772,-87.832,4.617
2012-05-07-18_14_39.774,108,6,20,0,-51.828,-87.773,4.519
2012-05-07-18_14_39.775,108,7,20,0,-60.826,-87.756,4.914
2012-05-07-18_14_39.775,108,7,20,0,-60.818,-87.712,4.815
2012-05-07-18_14_39.776,108,0,20,1,-2.201,-87.789,4.770
2012-05-07-18_14_39.776,108,0,20,1,-2.261,-87.722,4.770
2012-05-07-18_14_39.777,108,1,20,1,-11.203,-87.716,4.776
2012-05-07-18_14_39.777,108,1,20,1,-11.264,-87.649,4.678
2012-05-07-18_14_39.778,108,2,20,1,-20.181,-87.774,4.601
2012-05-07-18_14_39.778,108,2,20,1,-20.242,-87.707,4.601
2012-05-07-18_14_39.779,108,3,20,1,-29.205,-87.766,4.678
2012-05-07-18_14_39.779,108,3,20,1,-29.266,-87.699,4.581
2012-05-07-18_14_39.780,108,4,20,1,-38.195,-87.748,4.487
2012-05-07-18_14_39.780,108,4,20,1,-38.256,-87.681,4.487
2012-05-07-18_14_39.781,108,5,20,1,-47.243,-87.773,4.487
2012-05-07-18_14_39.781,108,5,20,1,-47.304,-87.706,4.487
2012-05-07-18_14_39.782,108,6,20,1,-56.222,-87.840,4.629
2012-05-07-18_14_39.782,108,6,20,1,-56.283,-87.773,4.629
2012-05-07-18_14_39.782,108,7,20,1,-65.276,-87.764,4.827
2012-05-07-18_14_39.783,108,7,20,1,-65.337,-87.697,4.827
2012-05-07-18_14_39.783,108,0,21,0,2.251,-92.277,4.884
2012-05-07-18_14_39.784,108,0,21,0,2.193,-92.226,4.884
2012-05-07-18_14_39.784,108,1,21,0,-6.751,-92.204,4.889
2012-05-07-18_14_39.785,108,1,21,0,-6.809,-92.152,4.791
2012-05-07-18_14_39.785,108,2,21,0,-15.729,-92.263,4.713
2012-05-07-18_14_39.786,108,2,21,0,-15.788,-92.211,4.713
2012-05-07-18_14_39.786,108,3,21,0,-24.753,-92.255,4.498
2012-05-07-18_14_39.787,108,3,21,0,-24.811,-92.203,4.498
2012-05-07-18_14_39.787,108,4,21,0,-33.743,-92.236,4.404
2012-05-07-18_14_39.788,108,4,21,0,-33.802,-92.184,4.404
2012-05-07-18_14_39.788,108,5,21,0,-42.791,-92.262,4.502
2012-05-07-18_14_39.788,108,5,21,0,-42.850,-92.210,4.502
2012-05-07-18_14_39.789,108,6,21,0,-51.770,-92.328,4.644
2012-05-07-18_14_39.789,108,6,21,0,-51.828,-92.276,4.546
2012-05-07-18_14_39.790,108,7,21,0,-60.824,-92.252,4.842
2012-05-07-18_14_39.790,108,7,21,0,-60.819,-92.211,4.842
2012-05-07-18_14_39.791,108,0,21,1,-2.201,-92.287,4.795
2012-05-07-18_14_39.791,108,0,21,1,-2.262,-92.225,4.795
2012-05-07-18_14_39.792,108,1,21,1,-11.204,-92.214,4.802
2012-05-07-18_14_39.794,108,1,21,1,-11.264,-92.152,4.802
2012-05-07-18_14_39.794,108,2,21,1,-20.182,-92.272,4.626
2012-05-07-18_14_39.795,108,2,21,1,-20.242,-92.210,4.626
2012-05-07-18_14_39.795,108,3,21,1,-29.206,-92.265,4.607
2012-05-07-18_14_39.796,108,3,21,1,-29.266,-92.202,4.606
2012-05-07-18_14_39.796,108,4,21,1,-38.196,-92.246,4.317
2012-05-07-18_14_39.797,108,4,21,1,-38.256,-92.184,4.317
2012-05-07-18_14_39.797,108,5,21,1,-47.244,-92.272,4.611
2012-05-07-18_14_39.798,108,5,21,1,-47.304,-92.209,4.611
2012-05-07-18_14_39.798,108,6,21,1,-56.223,-92.338,4.557
2012-05-07-18_14_39.798,108,6,21,1,-56.283,-92.276,4.557
2012-05-07-18_14_39.799,108,7,21,1,-65.276,-92.262,4.753
2012-05-07-18_14_39.800,108,7,21,1,-65.337,-92.200,4.753
2012-05-07-18_14_39.800,108,0,22,0,2.253,-96.780,4.805
2012-05-07-18_14_39.801,108,0,22,0,2.195,-96.720,4.805
2012-05-07-18_14_39.801,108,1,22,0,-6.749,-96.707,4.910
2012-05-07-18_14_39.802,108,1,22,0,-6.807,-96.647,4.812
2012-05-07-18_14_39.802,108,2,22,0,-15.727,-96.766,4.734
2012-05-07-18_14_39.803,108,2,22,0,-15.786,-96.705,4.734
2012-05-07-18_14_39.803,108,3,22,0,-24.751,-96.758,4.616
2012-05-07-18_14_39.804,108,3,22,0,-24.809,-96.697,4.616
2012-05-07-18_14_39.804,108,4,22,0,-33.741,-96.739,4.522
2012-05-07-18_14_39.805,108,4,22,0,-33.800,-96.678,4.424
2012-05-07-18_14_39.805,108,5,22,0,-42.789,-96.765,4.523
2012-05-07-18_14_39.806,108,5,22,0,-42.847,-96.704,4.523
2012-05-07-18_14_39.806,108,6,22,0,-51.768,-96.831,4.665
2012-05-07-18_14_39.807,108,6,22,0,-51.826,-96.771,4.665
2012-05-07-18_14_39.807,108,7,22,0,-60.822,-96.755,4.763
2012-05-07-18_14_39.808,108,7,22,0,-60.819,-96.705,4.763
2012-05-07-18_14_39.808,108,0,22,1,-2.202,-96.791,4.812
2012-05-07-18_14_39.809,108,0,22,1,-2.262,-96.720,4.812
2012-05-07-18_14_39.809,108,1,22,1,-11.204,-96.718,4.917
2012-05-07-18_14_39.810,108,1,22,1,-11.265,-96.647,4.917
2012-05-07-18_14_39.810,108,2,22,1,-20.182,-96.776,4.643
2012-05-07-18_14_39.811,108,2,22,1,-20.243,-96.705,4.643
2012-05-07-18_14_39.811,108,3,22,1,-29.206,-96.768,4.721
2012-05-07-18_14_39.812,108,3,22,1,-29.267,-96.697,4.721
2012-05-07-18_14_39.812,108,4,22,1,-38.196,-96.750,4.627
2012-05-07-18_14_39.813,108,4,22,1,-38.257,-96.678,4.529
2012-05-07-18_14_39.813,108,5,22,1,-47.244,-96.775,4.627
2012-05-07-18_14_39.814,108,5,22,1,-47.305,-96.704,4.627
2012-05-07-18_14_39.815,108,6,22,1,-56.223,-96.842,4.671
2012-05-07-18_14_39.816,108,6,22,1,-56.284,-96.771,4.671
2012-05-07-18_14_39.816,108,7,22,1,-65.277,-96.766,4.869
2012-05-07-18_14_39.817,108,7,22,1,-65.337,-96.695,4.769
2012-05-07-18_14_39.817,108,0,23,0,2.250,-101.284,4.927
2012-05-07-18_14_39.818,108,0,23,0,2.197,-101.219,4.827
2012-05-07-18_14_39.818,108,1,23,0,-6.752,-101.210,4.932
2012-05-07-18_14_39.819,108,1,23,0,-6.805,-101.145,4.833
2012-05-07-18_14_39.819,108,2,23,0,-15.730,-101.269,4.756
2012-05-07-18_14_39.820,108,2,23,0,-15.784,-101.204,4.658
2012-05-07-18_14_39.820,108,3,23,0,-24.754,-101.261,4.735
2012-05-07-18_14_39.821,108,3,23,0,-24.807,-101.196,4.735
2012-05-07-18_14_39.821,108,4,23,0,-33.744,-101.242,4.544
2012-05-07-18_14_39.822,108,4,23,0,-33.798,-101.177,4.544
2012-05-07-18_14_39.822,108,5,23,0,-42.792,-101.268,4.544
2012-05-07-18_14_39.823,108,5,23,0,-42.845,-101.203,4.544
2012-05-07-18_14_39.823,108,6,23,0,-51.771,-101.334,4.490
2012-05-07-18_14_39.824,108,6,23,0,-51.824,-101.269,4.490
2012-05-07-18_14_39.824,108,7,23,0,-60.825,-101.258,4.784
2012-05-07-18_14_39.825,108,7,23,0,-60.820,-101.205,4.684
2012-05-07-18_14_39.826,108,0,23,1,-2.190,-101.282,4.727
2012-05-07-18_14_39.826,108,0,23,1,-2.260,-101.218,4.827
2012-05-07-18_14_39.827,108,1,23,1,-11.192,-101.209,4.932
2012-05-07-18_14_39.827,108,1,23,1,-11.262,-101.145,4.833
2012-05-07-18_14_39.828,108,2,23,1,-20.170,-101.267,4.658
2012-05-07-18_14_39.828,108,2,23,1,-20.241,-101.203,4.658
2012-05-07-18_14_39.829,108,3,23,1,-29.194,-101.259,4.735
2012-05-07-18_14_39.829,108,3,23,1,-29.264,-101.196,4.638
2012-05-07-18_14_39.830,108,4,23,1,-38.184,-101.240,4.446
2012-05-07-18_14_39.830,108,4,23,1,-38.255,-101.177,4.348
2012-05-07-18_14_39.831,108,5,23,1,-47.232,-101.266,4.642
2012-05-07-18_14_39.831,108,5,23,1,-47.303,-101.203,4.642
2012-05-07-18_14_39.832,108,6,23,1,-56.211,-101.332,4.686
2012-05-07-18_14_39.832,108,6,23,1,-56.282,-101.269,4.588
2012-05-07-18_14_39.833,108,7,23,1,-65.265,-101.256,4.784
2012-05-07-18_14_39.833,108,7,23,1,-65.335,-101.193,4.784
