2012-05-05-17_31_20.291,423,0,0,0,2.258,2.217,1.765
2012-05-05-17_31_20.293,423,0,0,0,2.296,2.305,1.765
2012-05-05-17_31_20.318,423,0,0,0,2.195,2.245,1.665
2012-05-05-17_31_20.319,423,1,0,0,-6.752,2.208,2.165
2012-05-05-17_31_20.319,423,1,0,0,-6.828,2.234,2.165
2012-05-05-17_31_20.320,423,1,0,0,-6.769,2.286,2.165
2012-05-05-17_31_20.320,423,2,0,0,-15.707,2.287,1.365
2012-05-05-17_31_20.321,423,2,0,0,-15.770,2.315,1.365
2012-05-05-17_31_20.322,423,2,0,0,-15.713,2.361,1.365
2012-05-05-17_31_20.322,423,3,0,0,-24.729,2.204,2.465
2012-05-05-17_31_20.323,423,3,0,0,-24.691,2.293,2.565
2012-05-05-17_31_20.323,423,3,0,0,-24.792,2.233,2.565
2012-05-05-17_31_20.324,423,4,0,0,-33.725,2.203,1.265
2012-05-05-17_31_20.324,423,4,0,0,-33.688,2.291,1.265
2012-05-05-17_31_20.325,423,4,0,0,-33.788,2.231,1.265
2012-05-05-17_31_20.325,423,5,0,0,-42.732,2.205,1.665
2012-05-05-17_31_20.326,423,5,0,0,-42.681,2.166,1.565
2012-05-05-17_31_20.326,423,5,0,0,-42.776,2.191,1.565
2012-05-05-17_31_20.327,423,6,0,0,-51.771,2.142,1.065
2012-05-05-17_31_20.328,423,6,0,0,-51.733,2.230,0.965
2012-05-05-17_31_20.328,423,6,0,0,-51.834,2.170,1.065
2012-05-05-17_31_20.329,423,7,0,0,-60.665,2.206,2.265
2012-05-05-17_31_20.329,423,7,0,0,-60.729,2.234,2.265
2012-05-05-17_31_20.330,423,7,0,0,-60.672,2.280,2.265
2012-05-05-17_31_20.330,423,0,0,1,-2.192,2.208,1.865
2012-05-05-17_31_20.331,423,0,0,1,-2.167,2.305,1.965
2012-05-05-17_31_20.331,423,0,0,1,-2.260,2.231,1.865
2012-05-05-17_31_20.338,423,1,0,1,-11.207,2.207,2.265
2012-05-05-17_31_20.340,423,1,0,1,-11.341,2.273,2.265
2012-05-05-17_31_20.340,423,1,0,1,-11.229,2.286,2.265
2012-05-05-17_31_20.341,423,2,0,1,-20.157,2.278,1.665
2012-05-05-17_31_20.342,423,2,0,1,-20.225,2.301,1.665
2012-05-05-17_31_20.342,423,2,0,1,-20.232,2.302,1.665
2012-05-05-17_31_20.343,423,3,0,1,-29.179,2.196,2.665
2012-05-05-17_31_20.343,423,3,0,1,-29.153,2.293,2.765
2012-05-05-17_31_20.344,423,3,0,1,-29.247,2.219,2.665
2012-05-05-17_31_20.345,423,4,0,1,-38.175,2.194,2.365
2012-05-05-17_31_20.346,423,4,0,1,-38.150,2.291,2.365
2012-05-05-17_31_20.346,423,4,0,1,-38.243,2.217,2.365
2012-05-05-17_31_20.347,423,5,0,1,-47.194,2.205,0.865
2012-05-05-17_31_20.347,423,5,0,1,-47.274,2.227,0.865
2012-05-05-17_31_20.348,423,5,0,1,-47.247,2.202,0.865
2012-05-05-17_31_20.349,423,6,0,1,-56.221,2.134,1.865
2012-05-05-17_31_20.350,423,6,0,1,-56.195,2.230,1.865
2012-05-05-17_31_20.350,423,6,0,1,-56.289,2.156,1.865
2012-05-05-17_31_20.351,423,7,0,1,-65.183,2.220,1.465
2012-05-05-17_31_20.352,423,7,0,1,-65.191,2.221,1.565
2012-05-05-17_31_20.352,423,7,0,1,-65.171,2.316,1.665
2012-05-05-17_31_20.353,423,0,1,0,2.272,-2.283,1.478
2012-05-05-17_31_20.353,423,0,1,0,2.298,-2.189,1.478
2012-05-05-17_31_20.354,423,0,1,0,2.197,-2.259,1.478
2012-05-05-17_31_20.355,423,1,1,0,-6.748,-2.295,1.578
2012-05-05-17_31_20.356,423,1,1,0,-6.828,-2.267,1.578
2012-05-05-17_31_20.356,423,1,1,0,-6.769,-2.208,1.578
2012-05-05-17_31_20.357,423,2,1,0,-15.692,-2.213,0.878
2012-05-05-17_31_20.358,423,2,1,0,-15.768,-2.189,0.878
2012-05-05-17_31_20.358,423,2,1,0,-15.746,-2.198,0.878
2012-05-05-17_31_20.359,423,3,1,0,-24.714,-2.295,1.078
2012-05-05-17_31_20.360,423,3,1,0,-24.689,-2.201,1.078
2012-05-05-17_31_20.360,423,3,1,0,-24.790,-2.271,1.078
2012-05-05-17_31_20.361,423,4,1,0,-33.711,-2.297,0.578
2012-05-05-17_31_20.361,423,4,1,0,-33.686,-2.203,0.578
2012-05-05-17_31_20.362,423,4,1,0,-33.787,-2.273,0.578
2012-05-05-17_31_20.363,423,5,1,0,-42.730,-2.289,0.978
2012-05-05-17_31_20.363,423,5,1,0,-42.681,-2.335,0.978
2012-05-05-17_31_20.364,423,5,1,0,-42.776,-2.303,0.978
2012-05-05-17_31_20.365,423,6,1,0,-51.756,-2.357,0.878
2012-05-05-17_31_20.366,423,6,1,0,-51.731,-2.264,0.878
2012-05-05-17_31_20.366,423,6,1,0,-51.832,-2.333,0.878
2012-05-05-17_31_20.367,423,7,1,0,-60.651,-2.293,1.578
2012-05-05-17_31_20.370,423,7,1,0,-60.727,-2.270,1.578
2012-05-05-17_31_20.371,423,7,1,0,-60.672,-2.214,1.578
2012-05-05-17_31_20.371,423,0,1,1,-2.192,-2.290,1.688
2012-05-05-17_31_20.372,423,0,1,1,-2.164,-2.189,1.688
2012-05-05-17_31_20.373,423,0,1,1,-2.263,-2.271,1.688
2012-05-05-17_31_20.374,423,1,1,1,-11.203,-2.295,0.988
2012-05-05-17_31_20.374,423,1,1,1,-11.339,-2.221,1.188
2012-05-05-17_31_20.375,423,1,1,1,-11.229,-2.209,1.188
2012-05-05-17_31_20.376,423,2,1,1,-20.157,-2.220,0.788
2012-05-05-17_31_20.377,423,2,1,1,-20.228,-2.201,0.788
2012-05-05-17_31_20.377,423,2,1,1,-20.235,-2.199,0.788
2012-05-05-17_31_20.378,423,3,1,1,-29.179,-2.302,0.088
2012-05-05-17_31_20.379,423,3,1,1,-29.151,-2.201,0.000
2012-05-05-17_31_20.380,423,3,1,1,-29.250,-2.283,0.188
2012-05-05-17_31_20.381,423,4,1,1,-38.176,-2.304,0.688
2012-05-05-17_31_20.381,423,4,1,1,-38.148,-2.203,0.688
2012-05-05-17_31_20.382,423,4,1,1,-38.246,-2.285,0.688
2012-05-05-17_31_20.383,423,5,1,1,-47.192,-2.289,0.988
2012-05-05-17_31_20.393,423,5,1,1,-47.277,-2.269,0.988
2012-05-05-17_31_20.393,423,5,1,1,-47.248,-2.292,0.988
2012-05-05-17_31_20.394,423,6,1,1,-56.221,-2.364,1.088
2012-05-05-17_31_20.395,423,6,1,1,-56.193,-2.264,1.188
2012-05-05-17_31_20.395,423,6,1,1,-56.292,-2.346,1.188
2012-05-05-17_31_20.396,423,7,1,1,-65.186,-2.282,1.488
2012-05-05-17_31_20.396,423,7,1,1,-65.194,-2.280,1.488
2012-05-05-17_31_20.397,423,7,1,1,-65.173,-2.180,1.488
2012-05-05-17_31_20.398,423,0,2,0,2.260,-6.780,1.902
2012-05-05-17_31_20.398,423,0,2,0,2.297,-6.689,1.902
2012-05-05-17_31_20.399,423,0,2,0,2.197,-6.760,1.902
2012-05-05-17_31_20.400,423,1,2,0,-6.746,-6.793,1.702
2012-05-05-17_31_20.400,423,1,2,0,-6.826,-6.772,1.702
2012-05-05-17_31_20.401,423,1,2,0,-6.765,-6.706,1.702
2012-05-05-17_31_20.402,423,2,2,0,-15.705,-6.710,1.002
2012-05-05-17_31_20.402,423,2,2,0,-15.768,-6.689,1.002
2012-05-05-17_31_20.403,423,2,2,0,-15.712,-6.637,1.002
2012-05-05-17_31_20.404,423,3,2,0,-24.727,-6.792,1.302
2012-05-05-17_31_20.404,423,3,2,0,-24.690,-6.701,1.402
2012-05-05-17_31_20.405,423,3,2,0,-24.790,-6.772,1.302
2012-05-05-17_31_20.406,423,4,2,0,-33.724,-6.794,0.702
2012-05-05-17_31_20.406,423,4,2,0,-33.686,-6.703,0.702
2012-05-05-17_31_20.407,423,4,2,0,-33.787,-6.774,0.702
2012-05-05-17_31_20.408,423,5,2,0,-42.730,-6.789,1.002
2012-05-05-17_31_20.409,423,5,2,0,-42.679,-6.840,1.002
2012-05-05-17_31_20.410,423,5,2,0,-42.774,-6.807,1.002
2012-05-05-17_31_20.411,423,6,2,0,-51.769,-6.855,1.202
2012-05-05-17_31_20.411,423,6,2,0,-51.732,-6.764,1.202
2012-05-05-17_31_20.412,423,6,2,0,-51.832,-6.834,1.102
2012-05-05-17_31_20.413,423,7,2,0,-60.664,-6.791,1.702
2012-05-05-17_31_20.414,423,7,2,0,-60.727,-6.770,1.602
2012-05-05-17_31_20.414,423,7,2,0,-60.671,-6.718,1.702
2012-05-05-17_31_20.415,423,0,2,1,-2.195,-6.787,1.810
2012-05-05-17_31_20.416,423,0,2,1,-2.165,-6.688,1.810
2012-05-05-17_31_20.417,423,0,2,1,-2.266,-6.769,1.810
2012-05-05-17_31_20.418,423,1,2,1,-11.206,-6.792,1.610
2012-05-05-17_31_20.418,423,1,2,1,-11.339,-6.720,1.610
2012-05-05-17_31_20.419,423,1,2,1,-11.229,-6.706,1.610
2012-05-05-17_31_20.420,423,2,2,1,-20.160,-6.717,1.010
2012-05-05-17_31_20.421,423,2,2,1,-20.230,-6.699,0.910
2012-05-05-17_31_20.421,423,2,2,1,-20.238,-6.697,1.010
2012-05-05-17_31_20.422,423,3,2,1,-29.182,-6.799,1.010
2012-05-05-17_31_20.423,423,3,2,1,-29.152,-6.701,1.010
2012-05-05-17_31_20.424,423,3,2,1,-29.252,-6.781,1.010
2012-05-05-17_31_20.424,423,4,2,1,-38.178,-6.801,0.710
2012-05-05-17_31_20.425,423,4,2,1,-38.148,-6.702,0.710
2012-05-05-17_31_20.426,423,4,2,1,-38.249,-6.783,0.710
2012-05-05-17_31_20.426,423,5,2,1,-47.192,-6.788,1.010
2012-05-05-17_31_20.427,423,5,2,1,-47.280,-6.767,1.110
2012-05-05-17_31_20.428,423,5,2,1,-47.248,-6.792,1.010
2012-05-05-17_31_20.429,423,6,2,1,-56.224,-6.861,1.110
2012-05-05-17_31_20.430,423,6,2,1,-56.194,-6.763,1.210
2012-05-05-17_31_20.430,423,6,2,1,-56.295,-6.844,1.210
2012-05-05-17_31_20.431,423,7,2,1,-65.189,-6.780,1.610
2012-05-05-17_31_20.432,423,7,2,1,-65.196,-6.778,1.610
2012-05-05-17_31_20.433,423,7,2,1,-65.176,-6.678,1.710
2012-05-05-17_31_20.433,423,0,3,0,2.269,-11.278,2.020
2012-05-05-17_31_20.434,423,0,3,0,2.297,-11.190,2.020
2012-05-05-17_31_20.435,423,0,3,0,2.196,-11.255,2.020
2012-05-05-17_31_20.435,423,1,3,0,-6.744,-11.289,1.720
2012-05-05-17_31_20.436,423,1,3,0,-6.824,-11.269,1.820
2012-05-05-17_31_20.437,423,1,3,0,-6.763,-11.204,1.820
2012-05-05-17_31_20.438,423,2,3,0,-15.696,-11.208,1.120
2012-05-05-17_31_20.440,423,2,3,0,-15.769,-11.185,1.120
2012-05-05-17_31_20.441,423,2,3,0,-15.715,-11.140,1.120
2012-05-05-17_31_20.441,423,3,3,0,-24.718,-11.290,1.420
2012-05-05-17_31_20.442,423,3,3,0,-24.690,-11.202,1.420
2012-05-05-17_31_20.443,423,3,3,0,-24.791,-11.267,1.420
2012-05-05-17_31_20.443,423,4,3,0,-33.714,-11.292,0.820
2012-05-05-17_31_20.444,423,4,3,0,-33.687,-11.204,0.820
2012-05-05-17_31_20.445,423,4,3,0,-33.787,-11.269,0.720
2012-05-05-17_31_20.445,423,5,3,0,-42.731,-11.290,1.120
2012-05-05-17_31_20.446,423,5,3,0,-42.677,-11.338,1.020
2012-05-05-17_31_20.447,423,5,3,0,-42.777,-11.309,1.020
2012-05-05-17_31_20.447,423,6,3,0,-51.760,-11.352,1.220
2012-05-05-17_31_20.448,423,6,3,0,-51.732,-11.265,1.220
2012-05-05-17_31_20.449,423,6,3,0,-51.833,-11.330,1.120
2012-05-05-17_31_20.449,423,7,3,0,-60.654,-11.288,1.720
2012-05-05-17_31_20.450,423,7,3,0,-60.727,-11.266,1.720
2012-05-05-17_31_20.451,423,7,3,0,-60.673,-11.220,1.720
2012-05-05-17_31_20.451,423,0,3,1,-2.190,-11.288,1.828
2012-05-05-17_31_20.452,423,0,3,1,-2.165,-11.189,1.828
2012-05-05-17_31_20.452,423,0,3,1,-2.266,-11.265,1.828
2012-05-05-17_31_20.454,423,1,3,1,-11.206,-11.289,1.728
2012-05-05-17_31_20.455,423,1,3,1,-11.340,-11.221,1.728
2012-05-05-17_31_20.455,423,1,3,1,-11.227,-11.204,1.728
2012-05-05-17_31_20.456,423,2,3,1,-20.155,-11.218,1.028
2012-05-05-17_31_20.457,423,2,3,1,-20.231,-11.195,1.028
2012-05-05-17_31_20.458,423,2,3,1,-20.238,-11.194,1.028
2012-05-05-17_31_20.459,423,3,3,1,-29.177,-11.300,1.128
2012-05-05-17_31_20.459,423,3,3,1,-29.152,-11.202,1.128
2012-05-05-17_31_20.460,423,3,3,1,-29.253,-11.278,1.128
2012-05-05-17_31_20.461,423,4,3,1,-38.174,-11.302,0.828
2012-05-05-17_31_20.461,423,4,3,1,-38.149,-11.203,0.728
2012-05-05-17_31_20.462,423,4,3,1,-38.249,-11.279,0.828
2012-05-05-17_31_20.463,423,5,3,1,-47.193,-11.289,1.028
2012-05-05-17_31_20.464,423,5,3,1,-47.280,-11.265,1.028
2012-05-05-17_31_20.464,423,5,3,1,-47.251,-11.293,1.028
2012-05-05-17_31_20.465,423,6,3,1,-56.219,-11.363,1.228
2012-05-05-17_31_20.466,423,6,3,1,-56.194,-11.264,1.228
2012-05-05-17_31_20.467,423,6,3,1,-56.295,-11.340,1.228
2012-05-05-17_31_20.467,423,7,3,1,-65.190,-11.276,1.728
2012-05-05-17_31_20.468,423,7,3,1,-65.197,-11.275,1.728
2012-05-05-17_31_20.469,423,7,3,1,-65.177,-11.176,1.828
2012-05-05-17_31_20.470,423,0,4,0,2.269,-15.782,2.039
2012-05-05-17_31_20.471,423,0,4,0,2.296,-15.696,2.039
2012-05-05-17_31_20.471,423,0,4,0,2.193,-15.754,2.039
2012-05-05-17_31_20.472,423,1,4,0,-6.739,-15.790,1.839
2012-05-05-17_31_20.473,423,1,4,0,-6.825,-15.768,1.839
2012-05-05-17_31_20.473,423,1,4,0,-6.763,-15.711,1.839
2012-05-05-17_31_20.474,423,2,4,0,-15.696,-15.712,1.139
2012-05-05-17_31_20.475,423,2,4,0,-15.772,-15.684,1.139
2012-05-05-17_31_20.476,423,2,4,0,-15.715,-15.641,1.139
2012-05-05-17_31_20.476,423,3,4,0,-24.718,-15.794,1.439
2012-05-05-17_31_20.477,423,3,4,0,-24.691,-15.708,1.539
2012-05-05-17_31_20.478,423,3,4,0,-24.794,-15.766,1.539
2012-05-05-17_31_20.479,423,4,4,0,-33.715,-15.796,0.839
2012-05-05-17_31_20.479,423,4,4,0,-33.687,-15.710,0.739
2012-05-05-17_31_20.480,423,4,4,0,-33.790,-15.768,0.739
2012-05-05-17_31_20.482,423,5,4,0,-42.731,-15.796,1.139
2012-05-05-17_31_20.483,423,5,4,0,-42.678,-15.836,1.039
2012-05-05-17_31_20.484,423,5,4,0,-42.777,-15.811,1.139
2012-05-05-17_31_20.484,423,6,4,0,-51.760,-15.856,1.239
2012-05-05-17_31_20.485,423,6,4,0,-51.733,-15.771,1.239
2012-05-05-17_31_20.485,423,6,4,0,-51.836,-15.829,1.139
2012-05-05-17_31_20.486,423,7,4,0,-60.655,-15.793,1.839
2012-05-05-17_31_20.488,423,7,4,0,-60.730,-15.765,1.839
2012-05-05-17_31_20.488,423,7,4,0,-60.674,-15.722,1.839
2012-05-05-17_31_20.489,423,0,4,1,-2.188,-15.794,1.951
2012-05-05-17_31_20.490,423,0,4,1,-2.163,-15.696,1.950
2012-05-05-17_31_20.490,423,0,4,1,-2.269,-15.766,1.950
2012-05-05-17_31_20.491,423,1,4,1,-11.209,-15.790,1.850
2012-05-05-17_31_20.492,423,1,4,1,-11.338,-15.728,1.850
2012-05-05-17_31_20.493,423,1,4,1,-11.230,-15.710,1.850
2012-05-05-17_31_20.494,423,2,4,1,-20.153,-15.724,1.151
2012-05-05-17_31_20.494,423,2,4,1,-20.234,-15.696,1.150
2012-05-05-17_31_20.495,423,2,4,1,-20.239,-15.695,1.150
2012-05-05-17_31_20.496,423,3,4,1,-29.175,-15.806,1.251
2012-05-05-17_31_20.496,423,3,4,1,-29.150,-15.708,1.250
2012-05-05-17_31_20.497,423,3,4,1,-29.256,-15.779,1.250
2012-05-05-17_31_20.498,423,4,4,1,-38.172,-15.808,0.851
2012-05-05-17_31_20.499,423,4,4,1,-38.147,-15.710,0.850
2012-05-05-17_31_20.499,423,4,4,1,-38.252,-15.780,0.850
2012-05-05-17_31_20.500,423,5,4,1,-47.191,-15.796,1.150
2012-05-05-17_31_20.501,423,5,4,1,-47.281,-15.770,1.050
2012-05-05-17_31_20.502,423,5,4,1,-47.249,-15.799,1.150
2012-05-05-17_31_20.503,423,6,4,1,-56.192,-15.771,1.350
2012-05-05-17_31_20.503,423,6,4,1,-56.298,-15.841,1.350
2012-05-05-17_31_20.504,423,6,4,1,-56.303,-15.840,1.350
2012-05-05-17_31_20.505,423,7,4,1,-65.192,-15.777,1.850
2012-05-05-17_31_20.506,423,7,4,1,-65.197,-15.776,1.850
2012-05-05-17_31_20.507,423,7,4,1,-65.177,-15.681,1.850
2012-05-05-17_31_20.507,423,0,5,0,2.268,-20.282,2.064
2012-05-05-17_31_20.508,423,0,5,0,2.296,-20.196,2.064
2012-05-05-17_31_20.509,423,0,5,0,2.190,-20.254,2.164
2012-05-05-17_31_20.510,423,1,5,0,-6.740,-20.294,1.864
2012-05-05-17_31_20.510,423,1,5,0,-6.823,-20.268,1.864
2012-05-05-17_31_20.511,423,1,5,0,-6.761,-20.215,1.864
2012-05-05-17_31_20.512,423,2,5,0,-15.697,-20.212,1.164
2012-05-05-17_31_20.513,423,2,5,0,-15.774,-20.184,1.164
2012-05-05-17_31_20.514,423,2,5,0,-15.718,-20.140,1.164
2012-05-05-17_31_20.514,423,3,5,0,-24.719,-20.295,1.564
2012-05-05-17_31_20.515,423,3,5,0,-24.691,-20.209,1.564
2012-05-05-17_31_20.516,423,3,5,0,-24.796,-20.266,1.464
2012-05-05-17_31_20.517,423,4,5,0,-33.715,-20.296,0.864
2012-05-05-17_31_20.517,423,4,5,0,-33.688,-20.210,0.864
2012-05-05-17_31_20.518,423,4,5,0,-33.793,-20.268,0.864
2012-05-05-17_31_20.519,423,5,5,0,-42.731,-20.296,1.164
2012-05-05-17_31_20.519,423,5,5,0,-42.676,-20.336,1.064
2012-05-05-17_31_20.520,423,5,5,0,-42.780,-20.310,1.164
2012-05-05-17_31_20.521,423,6,5,0,-51.761,-20.357,1.264
2012-05-05-17_31_20.522,423,6,5,0,-51.733,-20.271,1.164
2012-05-05-17_31_20.522,423,6,5,0,-51.839,-20.329,1.164
2012-05-05-17_31_20.523,423,7,5,0,-60.655,-20.293,1.864
2012-05-05-17_31_20.524,423,7,5,0,-60.733,-20.265,1.864
2012-05-05-17_31_20.524,423,7,5,0,-60.677,-20.221,1.864
2012-05-05-17_31_20.525,423,0,5,1,-2.189,-20.292,1.972
2012-05-05-17_31_20.526,423,0,5,1,-2.161,-20.196,1.972
2012-05-05-17_31_20.526,423,0,5,1,-2.264,-20.268,1.972
2012-05-05-17_31_20.527,423,1,5,1,-11.209,-20.294,1.872
2012-05-05-17_31_20.527,423,1,5,1,-11.336,-20.228,1.872
2012-05-05-17_31_20.528,423,1,5,1,-11.231,-20.215,1.872
2012-05-05-17_31_20.529,423,2,5,1,-20.154,-20.222,1.272
2012-05-05-17_31_20.529,423,2,5,1,-20.229,-20.198,1.272
2012-05-05-17_31_20.531,423,2,5,1,-20.237,-20.198,1.172
2012-05-05-17_31_20.533,423,3,5,1,-29.176,-20.304,1.272
2012-05-05-17_31_20.533,423,3,5,1,-29.148,-20.208,1.172
2012-05-05-17_31_20.534,423,3,5,1,-29.251,-20.281,1.172
2012-05-05-17_31_20.536,423,4,5,1,-38.172,-20.306,0.872
2012-05-05-17_31_20.537,423,4,5,1,-38.145,-20.210,0.872
2012-05-05-17_31_20.537,423,4,5,1,-38.248,-20.282,0.872
2012-05-05-17_31_20.538,423,5,5,1,-47.189,-20.296,1.172
2012-05-05-17_31_20.539,423,5,5,1,-47.279,-20.275,1.172
2012-05-05-17_31_20.539,423,5,5,1,-47.247,-20.298,1.172
2012-05-05-17_31_20.540,423,6,5,1,-56.190,-20.271,1.372
2012-05-05-17_31_20.541,423,6,5,1,-56.293,-20.343,1.272
2012-05-05-17_31_20.542,423,6,5,1,-56.301,-20.342,1.372
2012-05-05-17_31_20.543,423,7,5,1,-65.188,-20.279,1.872
2012-05-05-17_31_20.543,423,7,5,1,-65.195,-20.279,1.872
2012-05-05-17_31_20.544,423,7,5,1,-65.175,-20.186,1.772
2012-05-05-17_31_20.545,423,0,6,0,2.273,-24.782,1.981
2012-05-05-17_31_20.546,423,0,6,0,2.303,-24.690,1.981
2012-05-05-17_31_20.547,423,0,6,0,2.192,-24.758,1.981
2012-05-05-17_31_20.547,423,1,6,0,-6.740,-24.795,1.681
2012-05-05-17_31_20.548,423,1,6,0,-6.818,-24.770,1.681
2012-05-05-17_31_20.549,423,1,6,0,-6.759,-24.709,1.681
2012-05-05-17_31_20.550,423,2,6,0,-15.692,-24.712,1.081
2012-05-05-17_31_20.551,423,2,6,0,-15.772,-24.688,1.181
2012-05-05-17_31_20.551,423,2,6,0,-15.748,-24.698,1.081
2012-05-05-17_31_20.552,423,3,6,0,-24.714,-24.794,1.481
2012-05-05-17_31_20.553,423,3,6,0,-24.684,-24.702,1.481
2012-05-05-17_31_20.554,423,3,6,0,-24.794,-24.770,1.481
2012-05-05-17_31_20.555,423,4,6,0,-33.711,-24.796,0.881
2012-05-05-17_31_20.555,423,4,6,0,-33.681,-24.704,0.881
2012-05-05-17_31_20.556,423,4,6,0,-33.791,-24.772,0.881
2012-05-05-17_31_20.557,423,5,6,0,-42.724,-24.790,1.381
2012-05-05-17_31_20.557,423,5,6,0,-42.671,-24.838,1.281
2012-05-05-17_31_20.558,423,5,6,0,-42.776,-24.804,1.281
2012-05-05-17_31_20.559,423,6,6,0,-51.756,-24.857,1.381
2012-05-05-17_31_20.560,423,6,6,0,-51.726,-24.765,1.381
2012-05-05-17_31_20.561,423,6,6,0,-51.837,-24.833,1.381
2012-05-05-17_31_20.561,423,7,6,0,-60.651,-24.793,2.081
2012-05-05-17_31_20.562,423,7,6,0,-60.731,-24.769,2.081
2012-05-05-17_31_20.563,423,7,6,0,-60.672,-24.715,2.081
2012-05-05-17_31_20.563,423,0,6,1,-2.187,-24.789,1.990
2012-05-05-17_31_20.564,423,0,6,1,-2.162,-24.689,1.890
2012-05-05-17_31_20.565,423,0,6,1,-2.262,-24.770,1.990
2012-05-05-17_31_20.566,423,1,6,1,-11.212,-24.795,1.790
2012-05-05-17_31_20.566,423,1,6,1,-11.336,-24.721,1.690
2012-05-05-17_31_20.567,423,1,6,1,-11.234,-24.709,1.690
2012-05-05-17_31_20.568,423,2,6,1,-20.152,-24.719,1.090
2012-05-05-17_31_20.569,423,2,6,1,-20.227,-24.700,1.190
2012-05-05-17_31_20.570,423,2,6,1,-20.235,-24.699,1.090
2012-05-05-17_31_20.570,423,3,6,1,-29.174,-24.801,1.290
2012-05-05-17_31_20.571,423,3,6,1,-29.149,-24.701,1.290
2012-05-05-17_31_20.572,423,3,6,1,-29.249,-24.782,1.290
2012-05-05-17_31_20.573,423,4,6,1,-38.170,-24.803,0.990
2012-05-05-17_31_20.573,423,4,6,1,-38.145,-24.703,0.990
2012-05-05-17_31_20.574,423,4,6,1,-38.246,-24.784,0.990
2012-05-05-17_31_20.575,423,5,6,1,-47.189,-24.789,1.490
2012-05-05-17_31_20.576,423,5,6,1,-47.274,-24.770,1.390
2012-05-05-17_31_20.576,423,5,6,1,-47.245,-24.792,1.390
2012-05-05-17_31_20.577,423,6,6,1,-56.216,-24.864,1.490
2012-05-05-17_31_20.578,423,6,6,1,-56.191,-24.764,1.490
2012-05-05-17_31_20.579,423,6,6,1,-56.291,-24.845,1.390
2012-05-05-17_31_20.579,423,7,6,1,-65.186,-24.781,1.990
2012-05-05-17_31_20.580,423,7,6,1,-65.193,-24.780,1.990
2012-05-05-17_31_20.581,423,7,6,1,-65.171,-24.681,2.090
2012-05-05-17_31_20.582,423,0,7,0,2.265,-29.279,2.001
2012-05-05-17_31_20.583,423,0,7,0,2.300,-29.189,2.001
2012-05-05-17_31_20.584,423,0,7,0,2.190,-29.259,2.001
2012-05-05-17_31_20.586,423,1,7,0,-6.741,-29.293,1.701
2012-05-05-17_31_20.587,423,1,7,0,-6.816,-29.272,1.701
2012-05-05-17_31_20.588,423,1,7,0,-6.760,-29.206,1.801
2012-05-05-17_31_20.588,423,2,7,0,-15.700,-29.209,1.101
2012-05-05-17_31_20.589,423,2,7,0,-15.775,-29.189,1.101
2012-05-05-17_31_20.590,423,2,7,0,-15.746,-29.197,1.101
2012-05-05-17_31_20.591,423,3,7,0,-24.722,-29.292,1.401
2012-05-05-17_31_20.591,423,3,7,0,-24.687,-29.201,1.401
2012-05-05-17_31_20.592,423,3,7,0,-24.797,-29.271,1.401
2012-05-05-17_31_20.593,423,4,7,0,-33.718,-29.293,1.001
2012-05-05-17_31_20.594,423,4,7,0,-33.684,-29.203,1.001
2012-05-05-17_31_20.595,423,4,7,0,-33.794,-29.273,1.001
2012-05-05-17_31_20.595,423,5,7,0,-42.727,-29.289,1.401
2012-05-05-17_31_20.596,423,5,7,0,-42.813,-29.268,1.301
2012-05-05-17_31_20.596,423,5,7,0,-42.783,-29.293,1.301
2012-05-05-17_31_20.597,423,6,7,0,-51.764,-29.354,1.301
2012-05-05-17_31_20.598,423,6,7,0,-51.729,-29.264,1.301
2012-05-05-17_31_20.598,423,6,7,0,-51.671,-29.315,1.401
2012-05-05-17_31_20.599,423,7,7,0,-60.658,-29.290,2.101
2012-05-05-17_31_20.600,423,7,7,0,-60.734,-29.270,2.201
2012-05-05-17_31_20.600,423,7,7,0,-60.709,-29.178,2.201
2012-05-05-17_31_20.601,423,0,7,1,-2.187,-29.286,2.013
2012-05-05-17_31_20.602,423,0,7,1,-2.162,-29.189,2.013
2012-05-05-17_31_20.603,423,0,7,1,-2.260,-29.269,2.013
2012-05-05-17_31_20.603,423,1,7,1,-11.213,-29.292,1.713
2012-05-05-17_31_20.604,423,1,7,1,-11.337,-29.221,1.713
2012-05-05-17_31_20.605,423,1,7,1,-11.234,-29.206,1.713
2012-05-05-17_31_20.606,423,2,7,1,-20.152,-29.216,1.113
2012-05-05-17_31_20.607,423,2,7,1,-20.225,-29.199,1.213
2012-05-05-17_31_20.607,423,2,7,1,-20.235,-29.196,1.113
2012-05-05-17_31_20.608,423,3,7,1,-29.174,-29.298,1.213
2012-05-05-17_31_20.608,423,3,7,1,-29.149,-29.201,1.313
2012-05-05-17_31_20.609,423,3,7,1,-29.247,-29.281,1.213
2012-05-05-17_31_20.611,423,4,7,1,-38.171,-29.300,1.013
2012-05-05-17_31_20.613,423,4,7,1,-38.146,-29.203,0.913
2012-05-05-17_31_20.614,423,4,7,1,-38.244,-29.283,1.013
2012-05-05-17_31_20.615,423,5,7,1,-47.189,-29.289,1.513
2012-05-05-17_31_20.616,423,5,7,1,-47.275,-29.266,1.413
2012-05-05-17_31_20.617,423,5,7,1,-47.243,-29.293,1.513
2012-05-05-17_31_20.618,423,6,7,1,-56.216,-29.361,1.413
2012-05-05-17_31_20.619,423,6,7,1,-56.191,-29.263,1.513
2012-05-05-17_31_20.619,423,6,7,1,-56.289,-29.344,1.513
2012-05-05-17_31_20.620,423,7,7,1,-65.184,-29.280,2.013
2012-05-05-17_31_20.621,423,7,7,1,-65.194,-29.277,2.013
2012-05-05-17_31_20.621,423,7,7,1,-65.171,-29.177,2.113
2012-05-05-17_31_20.622,423,0,8,0,2.267,-33.778,1.927
2012-05-05-17_31_20.623,423,0,8,0,2.304,-33.688,2.027
2012-05-05-17_31_20.623,423,0,8,0,2.192,-33.756,1.927
2012-05-05-17_31_20.624,423,1,8,0,-6.744,-33.788,1.827
2012-05-05-17_31_20.624,423,1,8,0,-6.819,-33.769,1.727
2012-05-05-17_31_20.625,423,1,8,0,-6.763,-33.703,1.727
2012-05-05-17_31_20.626,423,2,8,0,-15.698,-33.708,1.127
2012-05-05-17_31_20.627,423,2,8,0,-15.773,-33.686,1.127
2012-05-05-17_31_20.627,423,2,8,0,-15.712,-33.638,1.127
2012-05-05-17_31_20.628,423,3,8,0,-24.720,-33.790,1.527
2012-05-05-17_31_20.628,423,3,8,0,-24.683,-33.700,1.527
2012-05-05-17_31_20.629,423,3,8,0,-24.795,-33.768,1.427
2012-05-05-17_31_20.630,423,4,8,0,-33.716,-33.792,1.027
2012-05-05-17_31_20.631,423,4,8,0,-33.679,-33.702,1.027
2012-05-05-17_31_20.632,423,4,8,0,-33.792,-33.770,1.027
2012-05-05-17_31_20.632,423,5,8,0,-42.723,-33.788,1.327
2012-05-05-17_31_20.633,423,5,8,0,-42.672,-33.837,1.327
2012-05-05-17_31_20.634,423,5,8,0,-42.774,-33.808,1.327
2012-05-05-17_31_20.636,423,6,8,0,-51.762,-33.853,1.327
2012-05-05-17_31_20.637,423,6,8,0,-51.725,-33.763,1.327
2012-05-05-17_31_20.638,423,6,8,0,-51.837,-33.830,1.327
2012-05-05-17_31_20.639,423,7,8,0,-60.656,-33.789,2.227
2012-05-05-17_31_20.640,423,7,8,0,-60.732,-33.766,2.227
2012-05-05-17_31_20.641,423,7,8,0,-60.671,-33.719,2.227
2012-05-05-17_31_20.641,423,0,8,1,-2.190,-33.787,2.036
2012-05-05-17_31_20.642,423,0,8,1,-2.165,-33.687,2.036
2012-05-05-17_31_20.643,423,0,8,1,-2.261,-33.766,2.036
2012-05-05-17_31_20.644,423,1,8,1,-11.213,-33.787,1.836
2012-05-05-17_31_20.645,423,1,8,1,-11.339,-33.719,1.836
2012-05-05-17_31_20.645,423,1,8,1,-11.237,-33.702,1.736
2012-05-05-17_31_20.646,423,2,8,1,-20.155,-33.716,1.236
2012-05-05-17_31_20.647,423,2,8,1,-20.226,-33.696,1.236
2012-05-05-17_31_20.648,423,2,8,1,-20.233,-33.694,1.236
2012-05-05-17_31_20.649,423,3,8,1,-29.177,-33.799,1.136
2012-05-05-17_31_20.649,423,3,8,1,-29.152,-33.699,1.136
2012-05-05-17_31_20.650,423,3,8,1,-29.248,-33.778,1.136
2012-05-05-17_31_20.651,423,4,8,1,-38.174,-33.801,0.936
2012-05-05-17_31_20.652,423,4,8,1,-38.148,-33.701,1.036
2012-05-05-17_31_20.653,423,4,8,1,-38.244,-33.780,1.036
2012-05-05-17_31_20.653,423,5,8,1,-47.192,-33.787,1.436
2012-05-05-17_31_20.654,423,5,8,1,-47.275,-33.763,1.536
2012-05-05-17_31_20.655,423,5,8,1,-47.244,-33.793,1.536
2012-05-05-17_31_20.655,423,6,8,1,-56.219,-33.861,1.436
2012-05-05-17_31_20.656,423,6,8,1,-56.194,-33.762,1.436
2012-05-05-17_31_20.657,423,6,8,1,-56.290,-33.840,1.536
2012-05-05-17_31_20.657,423,7,8,1,-65.184,-33.777,2.136
2012-05-05-17_31_20.658,423,7,8,1,-65.192,-33.775,2.236
2012-05-05-17_31_20.659,423,7,8,1,-65.171,-33.674,2.336
2012-05-05-17_31_20.660,423,0,9,0,2.276,-38.281,2.045
2012-05-05-17_31_20.660,423,0,9,0,2.304,-38.195,1.945
2012-05-05-17_31_20.661,423,0,9,0,2.194,-38.254,2.045
2012-05-05-17_31_20.662,423,1,9,0,-6.746,-38.289,1.845
2012-05-05-17_31_20.663,423,1,9,0,-6.820,-38.268,1.845
2012-05-05-17_31_20.664,423,1,9,0,-6.765,-38.210,1.845
2012-05-05-17_31_20.664,423,2,9,0,-15.688,-38.211,1.245
2012-05-05-17_31_20.666,423,2,9,0,-15.771,-38.184,1.245
2012-05-05-17_31_20.666,423,2,9,0,-15.710,-38.141,1.245
2012-05-05-17_31_20.667,423,3,9,0,-24.710,-38.294,1.545
2012-05-05-17_31_20.668,423,3,9,0,-24.683,-38.207,1.545
2012-05-05-17_31_20.668,423,3,9,0,-24.793,-38.266,1.545
2012-05-05-17_31_20.669,423,4,9,0,-33.707,-38.295,1.045
2012-05-05-17_31_20.670,423,4,9,0,-33.680,-38.209,1.045
2012-05-05-17_31_20.671,423,4,9,0,-33.790,-38.268,0.945
2012-05-05-17_31_20.671,423,5,9,0,-42.723,-38.295,1.445
2012-05-05-17_31_20.672,423,5,9,0,-42.672,-38.336,1.445
2012-05-05-17_31_20.673,423,5,9,0,-42.772,-38.311,1.345
2012-05-05-17_31_20.674,423,6,9,0,-51.753,-38.356,1.345
2012-05-05-17_31_20.675,423,6,9,0,-51.725,-38.270,1.345
2012-05-05-17_31_20.676,423,6,9,0,-51.835,-38.329,1.345
2012-05-05-17_31_20.677,423,7,9,0,-60.647,-38.292,2.145
2012-05-05-17_31_20.678,423,7,9,0,-60.730,-38.265,2.145
2012-05-05-17_31_20.679,423,7,9,0,-60.669,-38.222,2.145
2012-05-05-17_31_20.680,423,0,9,1,-2.191,-38.293,2.054
2012-05-05-17_31_20.681,423,0,9,1,-2.165,-38.195,1.954
2012-05-05-17_31_20.682,423,0,9,1,-2.261,-38.267,2.054
2012-05-05-17_31_20.683,423,1,9,1,-11.213,-38.289,1.854
2012-05-05-17_31_20.684,423,1,9,1,-11.340,-38.227,1.854
2012-05-05-17_31_20.685,423,1,9,1,-11.235,-38.209,1.854
2012-05-05-17_31_20.686,423,2,9,1,-20.155,-38.223,1.254
2012-05-05-17_31_20.686,423,2,9,1,-20.226,-38.197,1.254
2012-05-05-17_31_20.688,423,2,9,1,-20.233,-38.195,1.254
2012-05-05-17_31_20.689,423,3,9,1,-29.178,-38.305,1.354
2012-05-05-17_31_20.690,423,3,9,1,-29.152,-38.207,1.354
2012-05-05-17_31_20.690,423,3,9,1,-29.248,-38.280,1.354
2012-05-05-17_31_20.691,423,4,9,1,-38.174,-38.307,1.054
2012-05-05-17_31_20.692,423,4,9,1,-38.149,-38.209,1.054
2012-05-05-17_31_20.693,423,4,9,1,-38.245,-38.281,1.054
2012-05-05-17_31_20.694,423,5,9,1,-47.193,-38.295,1.554
2012-05-05-17_31_20.694,423,5,9,1,-47.276,-38.269,1.554
2012-05-05-17_31_20.695,423,5,9,1,-47.246,-38.299,1.554
2012-05-05-17_31_20.697,423,6,9,1,-56.194,-38.270,1.554
2012-05-05-17_31_20.698,423,6,9,1,-56.290,-38.342,1.554
2012-05-05-17_31_20.699,423,6,9,1,-56.297,-38.340,1.554
2012-05-05-17_31_20.699,423,7,9,1,-65.185,-38.278,2.054
2012-05-05-17_31_20.700,423,7,9,1,-65.192,-38.276,2.054
2012-05-05-17_31_20.701,423,7,9,1,-65.172,-38.180,2.054
2012-05-05-17_31_20.702,423,0,10,0,2.278,-42.783,2.066
2012-05-05-17_31_20.703,423,0,10,0,2.303,-42.696,2.066
2012-05-05-17_31_20.703,423,0,10,0,2.196,-42.755,2.066
2012-05-05-17_31_20.704,423,1,10,0,-6.749,-42.793,1.866
2012-05-05-17_31_20.705,423,1,10,0,-6.822,-42.767,1.866
2012-05-05-17_31_20.706,423,1,10,0,-6.768,-42.715,1.866
2012-05-05-17_31_20.706,423,2,10,0,-15.686,-42.713,1.266
2012-05-05-17_31_20.707,423,2,10,0,-15.769,-42.685,1.266
2012-05-05-17_31_20.708,423,2,10,0,-15.708,-42.639,1.266
2012-05-05-17_31_20.709,423,3,10,0,-24.708,-42.796,1.566
2012-05-05-17_31_20.710,423,3,10,0,-24.683,-42.708,1.366
2012-05-05-17_31_20.710,423,3,10,0,-24.791,-42.767,1.466
2012-05-05-17_31_20.711,423,4,10,0,-33.705,-42.797,0.966
2012-05-05-17_31_20.712,423,4,10,0,-33.680,-42.710,0.966
2012-05-05-17_31_20.712,423,4,10,0,-33.788,-42.769,1.066
2012-05-05-17_31_20.713,423,5,10,0,-42.724,-42.796,1.566
2012-05-05-17_31_20.714,423,5,10,0,-42.675,-42.835,1.466
2012-05-05-17_31_20.716,423,5,10,0,-42.770,-42.809,1.466
2012-05-05-17_31_20.717,423,6,10,0,-51.751,-42.858,1.366
2012-05-05-17_31_20.718,423,6,10,0,-51.725,-42.770,1.366
2012-05-05-17_31_20.719,423,6,10,0,-51.833,-42.830,1.366
2012-05-05-17_31_20.720,423,7,10,0,-60.645,-42.794,2.166
2012-05-05-17_31_20.722,423,7,10,0,-60.728,-42.766,2.166
2012-05-05-17_31_20.723,423,7,10,0,-60.667,-42.720,2.166
2012-05-05-17_31_20.723,423,0,10,1,-2.191,-42.792,2.078
2012-05-05-17_31_20.724,423,0,10,1,-2.168,-42.695,1.978
2012-05-05-17_31_20.725,423,0,10,1,-2.262,-42.770,5.978
2012-05-05-17_31_20.725,423,1,10,1,-11.214,-42.793,1.878
2012-05-05-17_31_20.726,423,1,10,1,-11.343,-42.727,1.878
2012-05-05-17_31_20.726,423,1,10,1,-11.235,-42.714,1.878
2012-05-05-17_31_20.728,423,2,10,1,-20.156,-42.722,1.278
2012-05-05-17_31_20.728,423,2,10,1,-20.226,-42.700,1.378
2012-05-05-17_31_20.729,423,2,10,1,-20.236,-42.698,1.278
2012-05-05-17_31_20.730,423,3,10,1,-29.178,-42.804,1.378
2012-05-05-17_31_20.731,423,3,10,1,-29.155,-42.707,1.278
2012-05-05-17_31_20.732,423,3,10,1,-29.249,-42.782,1.278
2012-05-05-17_31_20.733,423,4,10,1,-38.174,-42.806,1.078
2012-05-05-17_31_20.734,423,4,10,1,-38.152,-42.709,1.078
2012-05-05-17_31_20.735,423,4,10,1,-38.245,-42.784,0.978
2012-05-05-17_31_20.735,423,5,10,1,-47.196,-42.795,1.578
2012-05-05-17_31_20.736,423,5,10,1,-47.278,-42.773,1.578
2012-05-05-17_31_20.737,423,5,10,1,-47.249,-42.798,1.478
2012-05-05-17_31_20.738,423,6,10,1,-56.197,-42.770,1.578
2012-05-05-17_31_20.738,423,6,10,1,-56.291,-42.844,1.578
2012-05-05-17_31_20.739,423,6,10,1,-56.300,-42.842,1.578
2012-05-05-17_31_20.740,423,7,10,1,-65.185,-42.780,10.278
2012-05-05-17_31_20.741,423,7,10,1,-65.195,-42.779,2.078
2012-05-05-17_31_20.741,423,7,10,1,-65.175,-42.684,2.178
2012-05-05-17_31_20.742,423,0,11,0,2.278,-47.282,2.090
2012-05-05-17_31_20.743,423,0,11,0,2.301,-47.190,2.090
2012-05-05-17_31_20.745,423,0,11,0,2.195,-47.258,1.990
2012-05-05-17_31_20.746,423,1,11,0,-6.750,-47.295,3.090
2012-05-05-17_31_20.746,423,1,11,0,-6.825,-47.268,1.790
2012-05-05-17_31_20.747,423,1,11,0,-6.771,-47.209,1.890
2012-05-05-17_31_20.748,423,2,11,0,-15.687,-47.212,1.290
2012-05-05-17_31_20.748,423,2,11,0,-15.770,-47.188,1.290
2012-05-05-17_31_20.749,423,2,11,0,-15.740,-47.198,1.290
2012-05-05-17_31_20.750,423,3,11,0,-24.709,-47.294,1.590
2012-05-05-17_31_20.751,423,3,11,0,-24.686,-47.202,1.590
2012-05-05-17_31_20.752,423,3,11,0,-24.792,-47.270,1.590
2012-05-05-17_31_20.752,423,4,11,0,-33.705,-47.296,0.990
2012-05-05-17_31_20.753,423,4,11,0,-33.683,-47.204,0.990
2012-05-05-17_31_20.754,423,4,11,0,-33.788,-47.272,0.990
2012-05-05-17_31_20.755,423,5,11,0,-42.727,-47.290,1.390
2012-05-05-17_31_20.756,423,5,11,0,-42.678,-47.336,1.390
2012-05-05-17_31_20.756,423,5,11,0,-42.768,-47.304,1.390
2012-05-05-17_31_20.757,423,6,11,0,-51.751,-47.357,1.390
2012-05-05-17_31_20.758,423,6,11,0,-51.728,-47.264,1.390
2012-05-05-17_31_20.759,423,6,11,0,-51.834,-47.333,1.390
2012-05-05-17_31_20.759,423,7,11,0,-60.646,-47.293,2.190
2012-05-05-17_31_20.760,423,7,11,0,-60.728,-47.269,2.190
2012-05-05-17_31_20.761,423,7,11,0,-60.665,-47.215,2.190
2012-05-05-17_31_20.762,423,0,11,1,-2.194,-47.290,2.099
2012-05-05-17_31_20.762,423,0,11,1,-2.171,-47.189,2.099
2012-05-05-17_31_20.763,423,0,11,1,-2.262,-47.270,2.099
2012-05-05-17_31_20.764,423,1,11,1,-11.214,-47.295,1.899
2012-05-05-17_31_20.764,423,1,11,1,-11.346,-47.221,1.899
2012-05-05-17_31_20.765,423,1,11,1,-11.236,-47.209,1.899
2012-05-05-17_31_20.766,423,2,11,1,-20.159,-47.220,1.299
2012-05-05-17_31_20.767,423,2,11,1,-20.227,-47.200,1.299
2012-05-05-17_31_20.768,423,2,11,1,-20.234,-47.199,1.299
2012-05-05-17_31_20.768,423,3,11,1,-29.181,-47.302,1.299
2012-05-05-17_31_20.769,423,3,11,1,-29.158,-47.201,1.499
2012-05-05-17_31_20.770,423,3,11,1,-29.249,-47.283,1.299
2012-05-05-17_31_20.771,423,4,11,1,-38.177,-47.304,1.099
2012-05-05-17_31_20.772,423,4,11,1,-38.155,-47.203,1.099
2012-05-05-17_31_20.772,423,4,11,1,-38.246,-47.284,1.099
2012-05-05-17_31_20.773,423,5,11,1,-47.198,-47.289,1.599
2012-05-05-17_31_20.774,423,5,11,1,-47.279,-47.269,1.499
2012-05-05-17_31_20.774,423,5,11,1,-47.247,-47.292,1.499
2012-05-05-17_31_20.775,423,6,11,1,-56.223,-47.365,1.599
2012-05-05-17_31_20.776,423,6,11,1,-56.200,-47.264,1.499
2012-05-05-17_31_20.777,423,6,11,1,-56.291,-47.345,1.599
2012-05-05-17_31_20.778,423,7,11,1,-65.186,-47.281,2.199
2012-05-05-17_31_20.778,423,7,11,1,-65.193,-47.280,2.199
2012-05-05-17_31_20.780,423,7,11,1,-65.175,-47.180,2.299
2012-05-05-17_31_20.781,423,0,12,0,2.268,-51.780,2.307
2012-05-05-17_31_20.782,423,0,12,0,2.303,-51.690,2.307
2012-05-05-17_31_20.783,423,0,12,0,2.195,-51.759,2.307
2012-05-05-17_31_20.784,423,1,12,0,-6.753,-51.794,1.907
2012-05-05-17_31_20.785,423,1,12,0,-6.826,-51.773,1.907
2012-05-05-17_31_20.785,423,1,12,0,-6.772,-51.706,2.007
2012-05-05-17_31_20.786,423,2,12,0,-15.697,-51.710,1.307
2012-05-05-17_31_20.787,423,2,12,0,-15.770,-51.689,1.307
2012-05-05-17_31_20.788,423,2,12,0,-15.709,-51.638,1.307
2012-05-05-17_31_20.788,423,3,12,0,-24.719,-51.792,1.707
2012-05-05-17_31_20.789,423,3,12,0,-24.684,-51.702,1.707
2012-05-05-17_31_20.790,423,3,12,0,-24.792,-51.771,1.707
2012-05-05-17_31_20.791,423,4,12,0,-33.716,-51.794,1.107
2012-05-05-17_31_20.791,423,4,12,0,-33.681,-51.704,1.107
2012-05-05-17_31_20.792,423,4,12,0,-33.789,-51.773,1.107
2012-05-05-17_31_20.793,423,5,12,0,-42.725,-51.790,1.407
2012-05-05-17_31_20.795,423,5,12,0,-42.679,-51.841,1.307
2012-05-05-17_31_20.796,423,5,12,0,-42.771,-51.808,1.307
2012-05-05-17_31_20.797,423,6,12,0,-51.761,-51.855,1.407
2012-05-05-17_31_20.797,423,6,12,0,-51.726,-51.765,1.407
2012-05-05-17_31_20.798,423,6,12,0,-51.834,-51.834,1.407
2012-05-05-17_31_20.798,423,7,12,0,-60.656,-51.791,2.107
2012-05-05-17_31_20.799,423,7,12,0,-60.729,-51.770,2.107
2012-05-05-17_31_20.800,423,7,12,0,-60.667,-51.719,2.107
2012-05-05-17_31_20.801,423,0,12,1,-2.199,-51.786,2.216
2012-05-05-17_31_20.802,423,0,12,1,-2.172,-51.690,2.216
2012-05-05-17_31_20.803,423,0,12,1,-2.265,-51.769,2.216
2012-05-05-17_31_20.803,423,1,12,1,-11.215,-51.793,1.916
2012-05-05-17_31_20.804,423,1,12,1,-11.346,-51.721,1.916
2012-05-05-17_31_20.805,423,1,12,1,-11.236,-51.706,1.916
2012-05-05-17_31_20.806,423,2,12,1,-20.164,-51.716,1.316
2012-05-05-17_31_20.807,423,2,12,1,-20.230,-51.699,1.316
2012-05-05-17_31_20.807,423,2,12,1,-20.237,-51.697,1.316
2012-05-05-17_31_20.808,423,3,12,1,-29.186,-51.799,1.316
2012-05-05-17_31_20.809,423,3,12,1,-29.159,-51.702,1.616
2012-05-05-17_31_20.810,423,3,12,1,-29.252,-51.781,1.516
2012-05-05-17_31_20.811,423,4,12,1,-38.183,-51.800,1.116
2012-05-05-17_31_20.811,423,4,12,1,-38.155,-51.704,1.116
2012-05-05-17_31_20.812,423,4,12,1,-38.248,-51.783,1.116
2012-05-05-17_31_20.813,423,5,12,1,-47.199,-51.790,1.316
2012-05-05-17_31_20.813,423,5,12,1,-47.279,-51.767,1.316
2012-05-05-17_31_20.814,423,5,12,1,-47.253,-51.792,1.316
2012-05-05-17_31_20.815,423,6,12,1,-56.228,-51.861,1.616
2012-05-05-17_31_20.815,423,6,12,1,-56.201,-51.764,1.616
2012-05-05-17_31_20.816,423,6,12,1,-56.294,-51.844,1.516
2012-05-05-17_31_20.817,423,7,12,1,-65.188,-51.780,2.216
2012-05-05-17_31_20.818,423,7,12,1,-65.196,-51.778,2.216
2012-05-05-17_31_20.819,423,7,12,1,-65.176,-51.678,2.216
2012-05-05-17_31_20.819,423,0,13,0,2.275,-56.278,2.327
2012-05-05-17_31_20.820,423,0,13,0,2.300,-56.190,2.227
2012-05-05-17_31_20.821,423,0,13,0,2.199,-56.254,2.227
2012-05-05-17_31_20.822,423,1,13,0,-6.753,-56.289,2.027
2012-05-05-17_31_20.823,423,1,13,0,-6.829,-56.269,1.927
2012-05-05-17_31_20.823,423,1,13,0,-6.774,-56.204,2.027
2012-05-05-17_31_20.824,423,2,13,0,-15.690,-56.208,1.327
2012-05-05-17_31_20.825,423,2,13,0,-15.766,-56.184,1.327
2012-05-05-17_31_20.826,423,2,13,0,-15.712,-56.139,1.327
2012-05-05-17_31_20.827,423,3,13,0,-24.712,-56.290,1.727
2012-05-05-17_31_20.827,423,3,13,0,-24.687,-56.202,1.627
2012-05-05-17_31_20.828,423,3,13,0,-24.788,-56.267,1.627
2012-05-05-17_31_20.829,423,4,13,0,-33.709,-56.292,1.127
2012-05-05-17_31_20.830,423,4,13,0,-33.684,-56.204,1.127
2012-05-05-17_31_20.830,423,4,13,0,-33.784,-56.268,1.127
2012-05-05-17_31_20.831,423,5,13,0,-42.727,-56.290,1.327
2012-05-05-17_31_20.832,423,5,13,0,-42.681,-56.338,1.327
2012-05-05-17_31_20.833,423,5,13,0,-42.774,-56.309,1.427
2012-05-05-17_31_20.833,423,6,13,0,-51.754,-56.353,1.427
2012-05-05-17_31_20.834,423,6,13,0,-51.729,-56.264,1.527
2012-05-05-17_31_20.835,423,6,13,0,-51.830,-56.329,1.427
2012-05-05-17_31_20.835,423,7,13,0,-60.649,-56.289,2.127
2012-05-05-17_31_20.836,423,7,13,0,-60.724,-56.265,2.127
2012-05-05-17_31_20.837,423,7,13,0,-60.670,-56.220,2.127
2012-05-05-17_31_20.837,423,0,13,1,-2.200,-56.289,2.239
2012-05-05-17_31_20.838,423,0,13,1,-2.172,-56.189,2.139
2012-05-05-17_31_20.839,423,0,13,1,-2.268,-56.265,2.239
2012-05-05-17_31_20.840,423,1,13,1,-11.213,-56.289,1.939
2012-05-05-17_31_20.841,423,1,13,1,-11.346,-56.221,1.939
2012-05-05-17_31_20.843,423,1,13,1,-11.236,-56.204,1.939
2012-05-05-17_31_20.844,423,2,13,1,-20.164,-56.219,1.339
2012-05-05-17_31_20.844,423,2,13,1,-20.233,-56.195,1.339
2012-05-05-17_31_20.845,423,2,13,1,-20.240,-56.193,1.339
2012-05-05-17_31_20.846,423,3,13,1,-29.186,-56.301,1.439
2012-05-05-17_31_20.846,423,3,13,1,-29.159,-56.202,1.639
2012-05-05-17_31_20.847,423,3,13,1,-29.255,-56.277,1.439
2012-05-05-17_31_20.848,423,4,13,1,-38.183,-56.303,1.139
2012-05-05-17_31_20.848,423,4,13,1,-38.155,-56.203,1.139
2012-05-05-17_31_20.849,423,4,13,1,-38.251,-56.279,1.139
2012-05-05-17_31_20.850,423,5,13,1,-47.199,-56.289,1.639
2012-05-05-17_31_20.850,423,5,13,1,-47.282,-56.265,1.639
2012-05-05-17_31_20.851,423,5,13,1,-47.253,-56.292,1.639
2012-05-05-17_31_20.852,423,6,13,1,-56.229,-56.363,1.639
2012-05-05-17_31_20.852,423,6,13,1,-56.201,-56.264,1.639
2012-05-05-17_31_20.853,423,6,13,1,-56.297,-56.340,1.539
2012-05-05-17_31_20.854,423,7,13,1,-65.191,-56.276,2.239
2012-05-05-17_31_20.855,423,7,13,1,-65.199,-56.274,2.239
2012-05-05-17_31_20.855,423,7,13,1,-65.178,-56.176,2.239
2012-05-05-17_31_20.856,423,0,14,0,2.272,-60.782,2.251
2012-05-05-17_31_20.857,423,0,14,0,2.297,-60.696,2.251
2012-05-05-17_31_20.858,423,0,14,0,2.196,-60.754,2.251
2012-05-05-17_31_20.858,423,1,14,0,-6.753,-60.789,2.051
2012-05-05-17_31_20.860,423,1,14,0,-6.831,-60.768,1.951
2012-05-05-17_31_20.861,423,1,14,0,-6.775,-60.711,2.051
2012-05-05-17_31_20.862,423,2,14,0,-15.693,-60.712,1.351
2012-05-05-17_31_20.862,423,2,14,0,-15.768,-60.684,1.351
2012-05-05-17_31_20.863,423,2,14,0,-15.712,-60.641,1.351
2012-05-05-17_31_20.863,423,3,14,0,-24.715,-60.794,1.651
2012-05-05-17_31_20.864,423,3,14,0,-24.690,-60.708,1.651
2012-05-05-17_31_20.865,423,3,14,0,-24.791,-60.766,1.651
2012-05-05-17_31_20.865,423,4,14,0,-33.712,-60.796,1.051
2012-05-05-17_31_20.866,423,4,14,0,-33.687,-60.710,1.051
2012-05-05-17_31_20.867,423,4,14,0,-33.787,-60.768,1.051
2012-05-05-17_31_20.867,423,5,14,0,-42.730,-60.796,1.451
2012-05-05-17_31_20.868,423,5,14,0,-42.684,-60.836,1.351
2012-05-05-17_31_20.869,423,5,14,0,-42.774,-60.811,1.451
2012-05-05-17_31_20.871,423,6,14,0,-51.757,-60.857,1.451
2012-05-05-17_31_20.872,423,6,14,0,-51.732,-60.770,1.451
2012-05-05-17_31_20.873,423,6,14,0,-51.833,-60.828,1.451
2012-05-05-17_31_20.874,423,7,14,0,-60.652,-60.793,2.151
2012-05-05-17_31_20.875,423,7,14,0,-60.727,-60.764,2.151
2012-05-05-17_31_20.876,423,7,14,0,-60.671,-60.722,2.151
2012-05-05-17_31_20.878,423,0,14,1,-2.200,-60.793,2.161
2012-05-05-17_31_20.878,423,0,14,1,-2.172,-60.695,2.161
2012-05-05-17_31_20.879,423,0,14,1,-2.271,-60.767,2.261
2012-05-05-17_31_20.880,423,1,14,1,-11.211,-60.790,1.961
2012-05-05-17_31_20.880,423,1,14,1,-11.347,-60.727,1.961
2012-05-05-17_31_20.881,423,1,14,1,-11.234,-60.710,1.961
2012-05-05-17_31_20.881,423,2,14,1,-20.165,-60.723,1.361
2012-05-05-17_31_20.882,423,2,14,1,-20.235,-60.697,1.361
2012-05-05-17_31_20.883,423,2,14,1,-20.243,-60.696,1.361
2012-05-05-17_31_20.884,423,3,14,1,-29.187,-60.805,1.261
2012-05-05-17_31_20.884,423,3,14,1,-29.159,-60.708,1.461
2012-05-05-17_31_20.885,423,3,14,1,-29.258,-60.779,1.361
2012-05-05-17_31_20.886,423,4,14,1,-38.184,-60.807,1.161
2012-05-05-17_31_20.887,423,4,14,1,-38.156,-60.709,1.161
2012-05-05-17_31_20.888,423,4,14,1,-38.254,-60.781,1.061
2012-05-05-17_31_20.889,423,5,14,1,-47.200,-60.795,1.661
2012-05-05-17_31_20.890,423,5,14,1,-47.283,-60.770,1.561
2012-05-05-17_31_20.890,423,5,14,1,-47.256,-60.799,1.561
2012-05-05-17_31_20.891,423,6,14,1,-56.229,-60.868,1.661
2012-05-05-17_31_20.893,423,6,14,1,-56.201,-60.770,1.661
2012-05-05-17_31_20.894,423,6,14,1,-56.300,-60.842,1.561
2012-05-05-17_31_20.895,423,7,14,1,-65.194,-60.778,2.261
2012-05-05-17_31_20.897,423,7,14,1,-65.202,-60.777,2.261
2012-05-05-17_31_20.897,423,7,14,1,-65.179,-60.681,2.261
2012-05-05-17_31_20.898,423,0,15,0,2.269,-65.283,2.270
2012-05-05-17_31_20.899,423,0,15,0,2.296,-65.196,2.370
2012-05-05-17_31_20.899,423,0,15,0,2.196,-65.256,2.270
2012-05-05-17_31_20.900,423,1,15,0,-6.749,-65.292,2.070
2012-05-05-17_31_20.901,423,1,15,0,-6.832,-65.267,2.070
2012-05-05-17_31_20.901,423,1,15,0,-6.770,-65.215,2.070
2012-05-05-17_31_20.902,423,2,15,0,-15.696,-65.213,1.370
2012-05-05-17_31_20.903,423,2,15,0,-15.769,-65.186,1.370
2012-05-05-17_31_20.904,423,2,15,0,-15.712,-65.139,1.370
2012-05-05-17_31_20.904,423,3,15,0,-24.718,-65.296,1.770
2012-05-05-17_31_20.905,423,3,15,0,-24.690,-65.208,1.770
2012-05-05-17_31_20.906,423,3,15,0,-24.791,-65.268,1.670
2012-05-05-17_31_20.907,423,4,15,0,-33.714,-65.297,1.070
2012-05-05-17_31_20.908,423,4,15,0,-33.687,-65.210,1.070
2012-05-05-17_31_20.908,423,4,15,0,-33.788,-65.270,0.970
2012-05-05-17_31_20.909,423,5,15,0,-42.731,-65.296,1.570
2012-05-05-17_31_20.910,423,5,15,0,-42.685,-65.335,1.370
2012-05-05-17_31_20.911,423,5,15,0,-42.775,-65.309,1.570
2012-05-05-17_31_20.912,423,6,15,0,-51.760,-65.358,1.470
2012-05-05-17_31_20.913,423,6,15,0,-51.732,-65.271,1.570
2012-05-05-17_31_20.914,423,6,15,0,-51.833,-65.330,1.470
2012-05-05-17_31_20.914,423,7,15,0,-60.655,-65.294,2.070
2012-05-05-17_31_20.916,423,7,15,0,-60.728,-65.266,2.070
2012-05-05-17_31_20.917,423,7,15,0,-60.671,-65.220,2.070
2012-05-05-17_31_20.918,423,0,15,1,-2.200,-65.291,2.179
2012-05-05-17_31_20.919,423,0,15,1,-2.173,-65.195,2.179
2012-05-05-17_31_20.919,423,0,15,1,-2.271,-65.269,2.279
2012-05-05-17_31_20.920,423,1,15,1,-11.214,-65.293,3.279
2012-05-05-17_31_20.922,423,1,15,1,-11.347,-65.227,2.079
2012-05-05-17_31_20.923,423,1,15,1,-11.232,-65.214,1.979
2012-05-05-17_31_20.923,423,2,15,1,-20.165,-65.221,1.379
2012-05-05-17_31_20.924,423,2,15,1,-20.236,-65.199,1.379
2012-05-05-17_31_20.925,423,2,15,1,-20.243,-65.198,1.379
2012-05-05-17_31_20.925,423,3,15,1,-29.187,-65.303,1.379
2012-05-05-17_31_20.926,423,3,15,1,-29.160,-65.207,1.379
2012-05-05-17_31_20.927,423,3,15,1,-29.258,-65.281,1.379
2012-05-05-17_31_20.928,423,4,15,1,-38.184,-65.305,1.179
2012-05-05-17_31_20.928,423,4,15,1,-38.156,-65.209,1.079
2012-05-05-17_31_20.929,423,4,15,1,-38.255,-65.283,1.079
2012-05-05-17_31_20.930,423,5,15,1,-47.200,-65.295,1.379
2012-05-05-17_31_20.931,423,5,15,1,-47.285,-65.273,1.379
2012-05-05-17_31_20.932,423,5,15,1,-47.256,-65.298,1.479
2012-05-05-17_31_20.932,423,6,15,1,-56.229,-65.366,1.679
2012-05-05-17_31_20.933,423,6,15,1,-56.202,-65.270,1.679
2012-05-05-17_31_20.933,423,6,15,1,-56.300,-65.343,1.679
2012-05-05-17_31_20.934,423,7,15,1,-65.195,-65.280,2.179
2012-05-05-17_31_20.935,423,7,15,1,-65.202,-65.279,2.179
2012-05-05-17_31_20.936,423,7,15,1,-65.182,-65.184,2.179
2012-05-05-17_31_20.936,423,0,16,0,2.266,-69.783,2.391
2012-05-05-17_31_20.937,423,0,16,0,2.294,-69.689,2.291
2012-05-05-17_31_20.938,423,0,16,0,2.193,-69.759,2.391
2012-05-05-17_31_20.939,423,1,16,0,-6.747,-69.795,2.091
2012-05-05-17_31_20.939,423,1,16,0,-6.832,-69.767,2.091
2012-05-05-17_31_20.940,423,1,16,0,-6.773,-69.708,2.091
2012-05-05-17_31_20.941,423,2,16,0,-15.699,-69.713,1.391
2012-05-05-17_31_20.942,423,2,16,0,-15.772,-69.689,1.391
2012-05-05-17_31_20.943,423,2,16,0,-15.750,-69.698,1.391
2012-05-05-17_31_20.945,423,3,16,0,-24.721,-69.795,1.691
2012-05-05-17_31_20.947,423,3,16,0,-24.693,-69.701,1.691
2012-05-05-17_31_20.948,423,3,16,0,-24.794,-69.771,1.691
2012-05-05-17_31_20.949,423,4,16,0,-33.717,-69.797,0.991
2012-05-05-17_31_20.950,423,4,16,0,-33.690,-69.703,0.991
2012-05-05-17_31_20.950,423,4,16,0,-33.790,-69.773,0.991
2012-05-05-17_31_20.951,423,5,16,0,-42.734,-69.789,1.491
2012-05-05-17_31_20.952,423,5,16,0,-42.685,-69.835,1.391
2012-05-05-17_31_20.953,423,5,16,0,-42.778,-69.803,1.591
2012-05-05-17_31_20.954,423,6,16,0,-51.763,-69.857,1.391
2012-05-05-17_31_20.954,423,6,16,0,-51.735,-69.764,1.491
2012-05-05-17_31_20.955,423,6,16,0,-51.836,-69.834,1.391
2012-05-05-17_31_20.956,423,7,16,0,-60.657,-69.793,2.091
2012-05-05-17_31_20.957,423,7,16,0,-60.731,-69.770,2.191
2012-05-05-17_31_20.957,423,7,16,0,-60.674,-69.714,2.091
2012-05-05-17_31_20.958,423,0,16,1,-2.198,-69.789,2.203
2012-05-05-17_31_20.959,423,0,16,1,-2.171,-69.688,2.203
2012-05-05-17_31_20.960,423,0,16,1,-2.274,-69.771,2.203
2012-05-05-17_31_20.960,423,1,16,1,-11.214,-69.795,2.003
2012-05-05-17_31_20.961,423,1,16,1,-11.345,-69.720,2.003
2012-05-05-17_31_20.962,423,1,16,1,-11.235,-69.708,2.103
2012-05-05-17_31_20.963,423,2,16,1,-20.163,-69.719,1.403
2012-05-05-17_31_20.964,423,2,16,1,-20.239,-69.701,1.403
2012-05-05-17_31_20.965,423,2,16,1,-20.246,-69.699,1.403
2012-05-05-17_31_20.965,423,3,16,1,-29.185,-69.801,1.503
2012-05-05-17_31_20.966,423,3,16,1,-29.158,-69.700,1.403
2012-05-05-17_31_20.967,423,3,16,1,-29.261,-69.783,1.503
2012-05-05-17_31_20.967,423,4,16,1,-38.182,-69.803,1.103
2012-05-05-17_31_20.968,423,4,16,1,-38.154,-69.702,1.103
2012-05-05-17_31_20.969,423,4,16,1,-38.257,-69.785,1.103
2012-05-05-17_31_20.970,423,5,16,1,-47.198,-69.788,1.403
2012-05-05-17_31_20.970,423,5,16,1,-47.288,-69.769,1.403
2012-05-05-17_31_20.971,423,5,16,1,-47.257,-69.792,1.403
2012-05-05-17_31_20.972,423,6,16,1,-56.227,-69.863,1.603
2012-05-05-17_31_20.973,423,6,16,1,-56.200,-69.763,1.603
2012-05-05-17_31_20.974,423,6,16,1,-56.303,-69.846,1.603
2012-05-05-17_31_20.974,423,7,16,1,-65.198,-69.782,2.203
2012-05-05-17_31_20.975,423,7,16,1,-65.205,-69.780,2.203
2012-05-05-17_31_20.976,423,7,16,1,-65.185,-69.680,2.203
2012-05-05-17_31_20.977,423,0,17,0,2.258,-74.280,2.315
2012-05-05-17_31_20.978,423,0,17,0,2.291,-74.189,2.315
2012-05-05-17_31_20.978,423,0,17,0,2.190,-74.259,2.315
2012-05-05-17_31_20.979,423,1,17,0,-6.747,-74.293,2.115
2012-05-05-17_31_20.981,423,1,17,0,-6.830,-74.272,2.115
2012-05-05-17_31_20.981,423,1,17,0,-6.771,-74.206,2.115
2012-05-05-17_31_20.982,423,2,17,0,-15.706,-74.210,1.315
2012-05-05-17_31_20.982,423,2,17,0,-15.775,-74.189,1.415
2012-05-05-17_31_20.983,423,2,17,0,-15.718,-74.138,1.415
2012-05-05-17_31_20.983,423,3,17,0,-24.729,-74.292,1.715
2012-05-05-17_31_20.984,423,3,17,0,-24.696,-74.201,1.715
2012-05-05-17_31_20.985,423,3,17,0,-24.797,-74.271,1.715
2012-05-05-17_31_20.986,423,4,17,0,-33.725,-74.294,1.115
2012-05-05-17_31_20.987,423,4,17,0,-33.693,-74.203,1.115
2012-05-05-17_31_20.988,423,4,17,0,-33.793,-74.273,1.115
2012-05-05-17_31_20.989,423,5,17,0,-42.736,-74.289,1.615
2012-05-05-17_31_20.989,423,5,17,0,-42.683,-74.340,1.315
2012-05-05-17_31_20.990,423,5,17,0,-42.781,-74.308,1.515
2012-05-05-17_31_20.991,423,6,17,0,-51.771,-74.354,1.515
2012-05-05-17_31_20.991,423,6,17,0,-51.738,-74.264,1.515
2012-05-05-17_31_20.992,423,6,17,0,-51.685,-74.315,1.515
2012-05-05-17_31_20.993,423,7,17,0,-60.665,-74.290,2.115
2012-05-05-17_31_20.994,423,7,17,0,-60.733,-74.270,2.115
2012-05-05-17_31_20.994,423,7,17,0,-60.677,-74.218,2.115
2012-05-05-17_31_20.997,423,0,17,1,-2.199,-74.286,2.224
2012-05-05-17_31_20.998,423,0,17,1,-2.169,-74.188,2.224
2012-05-05-17_31_20.999,423,0,17,1,-2.272,-74.269,3.724
2012-05-05-17_31_21.000,423,1,17,1,-11.214,-74.292,2.024
2012-05-05-17_31_21.001,423,1,17,1,-11.343,-74.220,2.024
2012-05-05-17_31_21.001,423,1,17,1,-11.236,-74.206,2.024
2012-05-05-17_31_21.002,423,2,17,1,-20.164,-74.216,1.424
2012-05-05-17_31_21.003,423,2,17,1,-20.237,-74.199,5.324
2012-05-05-17_31_21.004,423,2,17,1,-20.244,-74.196,1.424
2012-05-05-17_31_21.005,423,3,17,1,-29.186,-74.298,1.424
2012-05-05-17_31_21.005,423,3,17,1,-29.156,-74.200,1.524
2012-05-05-17_31_21.006,423,3,17,1,-29.259,-74.281,5.624
2012-05-05-17_31_21.007,423,4,17,1,-38.182,-74.300,1.124
2012-05-05-17_31_21.008,423,4,17,1,-38.152,-74.202,1.124
2012-05-05-17_31_21.009,423,4,17,1,-38.255,-74.283,1.024
2012-05-05-17_31_21.009,423,5,17,1,-47.196,-74.288,1.724
2012-05-05-17_31_21.010,423,5,17,1,-47.286,-74.266,1.724
2012-05-05-17_31_21.011,423,5,17,1,-47.255,-74.292,1.624
2012-05-05-17_31_21.012,423,6,17,1,-56.228,-74.361,1.624
2012-05-05-17_31_21.012,423,6,17,1,-56.198,-74.263,1.724
2012-05-05-17_31_21.013,423,6,17,1,-56.301,-74.343,4.124
2012-05-05-17_31_21.014,423,7,17,1,-65.195,-74.279,13.124
2012-05-05-17_31_21.015,423,7,17,1,-65.203,-74.277,2.224
2012-05-05-17_31_21.015,423,7,17,1,-65.183,-74.177,2.224
2012-05-05-17_31_21.017,423,0,18,0,2.268,-78.779,2.233
2012-05-05-17_31_21.018,423,0,18,0,2.293,-78.689,2.133
2012-05-05-17_31_21.019,423,0,18,0,2.190,-78.755,2.133
2012-05-05-17_31_21.020,423,1,18,0,-6.745,-78.788,1.933
2012-05-05-17_31_21.020,423,1,18,0,-6.828,-78.769,2.033
2012-05-05-17_31_21.021,423,1,18,0,-6.769,-78.703,2.033
2012-05-05-17_31_21.022,423,2,18,0,-15.697,-78.708,1.433
2012-05-05-17_31_21.023,423,2,18,0,-15.775,-78.685,1.433
2012-05-05-17_31_21.023,423,2,18,0,-15.719,-78.639,1.433
2012-05-05-17_31_21.024,423,3,18,0,-24.719,-78.791,1.733
2012-05-05-17_31_21.025,423,3,18,0,-24.694,-78.701,1.733
2012-05-05-17_31_21.025,423,3,18,0,-24.797,-78.767,1.733
2012-05-05-17_31_21.026,423,4,18,0,-33.716,-78.793,1.133
2012-05-05-17_31_21.027,423,4,18,0,-33.691,-78.703,1.133
2012-05-05-17_31_21.029,423,4,18,0,-33.794,-78.769,1.133
2012-05-05-17_31_21.030,423,5,18,0,-42.734,-78.788,1.833
2012-05-05-17_31_21.030,423,5,18,0,-42.681,-78.837,1.633
2012-05-05-17_31_21.031,423,5,18,0,-42.781,-78.809,1.833
2012-05-05-17_31_21.032,423,6,18,0,-51.761,-78.853,1.633
2012-05-05-17_31_21.033,423,6,18,0,-51.736,-78.763,1.733
2012-05-05-17_31_21.033,423,6,18,0,-51.839,-78.830,1.633
2012-05-05-17_31_21.034,423,7,18,0,-60.656,-78.789,2.433
2012-05-05-17_31_21.035,423,7,18,0,-60.734,-78.766,2.333
2012-05-05-17_31_21.035,423,7,18,0,-60.677,-78.719,2.433
2012-05-05-17_31_21.036,423,0,18,1,-2.197,-78.787,2.142
2012-05-05-17_31_21.037,423,0,18,1,-2.169,-78.688,2.142
2012-05-05-17_31_21.038,423,0,18,1,-2.270,-78.765,2.142
2012-05-05-17_31_21.038,423,1,18,1,-11.212,-78.788,1.942
2012-05-05-17_31_21.039,423,1,18,1,-11.344,-78.719,1.942
2012-05-05-17_31_21.040,423,1,18,1,-11.236,-78.703,1.942
2012-05-05-17_31_21.041,423,2,18,1,-20.162,-78.717,1.542
2012-05-05-17_31_21.041,423,2,18,1,-20.235,-78.695,1.542
2012-05-05-17_31_21.042,423,2,18,1,-20.244,-78.694,1.542
2012-05-05-17_31_21.043,423,3,18,1,-29.184,-78.800,1.542
2012-05-05-17_31_21.043,423,3,18,1,-29.156,-78.700,1.842
2012-05-05-17_31_21.044,423,3,18,1,-29.257,-78.778,1.542
2012-05-05-17_31_21.045,423,4,18,1,-38.180,-78.801,1.242
2012-05-05-17_31_21.046,423,4,18,1,-38.153,-78.702,1.242
2012-05-05-17_31_21.047,423,4,18,1,-38.253,-78.779,1.242
2012-05-05-17_31_21.048,423,5,18,1,-47.196,-78.788,1.642
2012-05-05-17_31_21.049,423,5,18,1,-47.284,-78.763,1.742
2012-05-05-17_31_21.050,423,5,18,1,-47.253,-78.793,1.642
2012-05-05-17_31_21.051,423,6,18,1,-56.226,-78.862,1.742
2012-05-05-17_31_21.052,423,6,18,1,-56.198,-78.762,1.742
2012-05-05-17_31_21.052,423,6,18,1,-56.299,-78.840,1.642
2012-05-05-17_31_21.053,423,7,18,1,-65.193,-78.776,2.442
2012-05-05-17_31_21.054,423,7,18,1,-65.203,-78.775,2.442
2012-05-05-17_31_21.055,423,7,18,1,-65.181,-78.674,2.442
2012-05-05-17_31_21.056,423,0,19,0,2.265,-83.282,2.153
2012-05-05-17_31_21.056,423,0,19,0,2.295,-83.195,2.153
2012-05-05-17_31_21.057,423,0,19,0,2.189,-83.254,2.153
2012-05-05-17_31_21.058,423,1,19,0,-6.748,-83.289,2.053
2012-05-05-17_31_21.059,423,1,19,0,-6.829,-83.268,2.053
2012-05-05-17_31_21.059,423,1,19,0,-6.767,-83.211,2.053
2012-05-05-17_31_21.061,423,2,19,0,-15.700,-83.212,1.453
2012-05-05-17_31_21.062,423,2,19,0,-15.775,-83.184,1.453
2012-05-05-17_31_21.063,423,2,19,0,-15.721,-83.141,1.453
2012-05-05-17_31_21.063,423,3,19,0,-24.722,-83.294,1.853
2012-05-05-17_31_21.064,423,3,19,0,-24.692,-83.207,1.853
2012-05-05-17_31_21.064,423,3,19,0,-24.798,-83.266,1.853
2012-05-05-17_31_21.065,423,4,19,0,-33.719,-83.296,1.153
2012-05-05-17_31_21.066,423,4,19,0,-33.689,-83.209,1.153
2012-05-05-17_31_21.067,423,4,19,0,-33.794,-83.268,1.153
2012-05-05-17_31_21.067,423,5,19,0,-42.732,-83.295,1.753
2012-05-05-17_31_21.068,423,5,19,0,-42.681,-83.336,1.553
2012-05-05-17_31_21.069,423,5,19,0,-42.784,-83.311,1.853
2012-05-05-17_31_21.070,423,6,19,0,-51.764,-83.356,1.553
2012-05-05-17_31_21.070,423,6,19,0,-51.734,-83.270,1.553
2012-05-05-17_31_21.071,423,6,19,0,-51.840,-83.329,1.653
2012-05-05-17_31_21.072,423,7,19,0,-60.659,-83.293,2.453
2012-05-05-17_31_21.073,423,7,19,0,-60.734,-83.265,2.453
2012-05-05-17_31_21.074,423,7,19,0,-60.680,-83.222,2.353
2012-05-05-17_31_21.074,423,0,19,1,-2.195,-83.293,2.166
2012-05-05-17_31_21.075,423,0,19,1,-2.170,-83.195,2.166
2012-05-05-17_31_21.076,423,0,19,1,-2.270,-83.266,2.166
2012-05-05-17_31_21.077,423,1,19,1,-11.213,-83.289,1.966
2012-05-05-17_31_21.078,423,1,19,1,-11.344,-83.227,1.966
2012-05-05-17_31_21.078,423,1,19,1,-11.237,-83.209,1.966
2012-05-05-17_31_21.079,423,2,19,1,-20.160,-83.223,1.566
2012-05-05-17_31_21.080,423,2,19,1,-20.235,-83.195,1.566
2012-05-05-17_31_21.081,423,2,19,1,-20.242,-83.195,1.566
2012-05-05-17_31_21.081,423,3,19,1,-29.182,-83.305,1.566
2012-05-05-17_31_21.082,423,3,19,1,-29.157,-83.207,1.766
2012-05-05-17_31_21.082,423,3,19,1,-29.257,-83.278,1.766
2012-05-05-17_31_21.083,423,4,19,1,-38.178,-83.307,1.266
2012-05-05-17_31_21.084,423,4,19,1,-38.153,-83.209,1.266
2012-05-05-17_31_21.084,423,4,19,1,-38.254,-83.280,1.266
2012-05-05-17_31_21.085,423,5,19,1,-47.197,-83.295,1.666
2012-05-05-17_31_21.086,423,5,19,1,-47.285,-83.269,1.766
2012-05-05-17_31_21.087,423,5,19,1,-47.253,-83.298,1.766
2012-05-05-17_31_21.087,423,6,19,1,-56.199,-83.270,1.766
2012-05-05-17_31_21.088,423,6,19,1,-56.299,-83.340,1.666
2012-05-05-17_31_21.089,423,6,19,1,-56.307,-83.339,1.666
2012-05-05-17_31_21.090,423,7,19,1,-65.194,-83.276,2.466
2012-05-05-17_31_21.091,423,7,19,1,-65.201,-83.275,2.466
2012-05-05-17_31_21.091,423,7,19,1,-65.181,-83.180,2.466
2012-05-05-17_31_21.092,423,0,20,0,2.267,-87.783,2.178
2012-05-05-17_31_21.093,423,0,20,0,2.297,-87.696,2.178
2012-05-05-17_31_21.094,423,0,20,0,2.187,-87.754,2.178
2012-05-05-17_31_21.095,423,1,20,0,-6.751,-87.793,1.978
2012-05-05-17_31_21.095,423,1,20,0,-6.827,-87.767,1.978
2012-05-05-17_31_21.096,423,1,20,0,-6.768,-87.715,1.978
2012-05-05-17_31_21.099,423,2,20,0,-15.698,-87.713,1.478
2012-05-05-17_31_21.100,423,2,20,0,-15.778,-87.684,1.478
2012-05-05-17_31_21.100,423,2,20,0,-15.717,-87.639,1.478
2012-05-05-17_31_21.101,423,3,20,0,-24.720,-87.795,1.778
2012-05-05-17_31_21.101,423,3,20,0,-24.690,-87.708,1.778
2012-05-05-17_31_21.102,423,3,20,0,-24.800,-87.767,1.778
2012-05-05-17_31_21.103,423,4,20,0,-33.717,-87.797,1.178
2012-05-05-17_31_21.103,423,4,20,0,-33.687,-87.710,1.178
2012-05-05-17_31_21.104,423,4,20,0,-33.797,-87.768,1.178
2012-05-05-17_31_21.105,423,5,20,0,-42.730,-87.796,1.878
2012-05-05-17_31_21.106,423,5,20,0,-42.679,-87.835,1.578
2012-05-05-17_31_21.107,423,5,20,0,-42.779,-87.809,1.878
2012-05-05-17_31_21.107,423,6,20,0,-51.762,-87.857,1.578
2012-05-05-17_31_21.110,423,6,20,0,-51.732,-87.770,1.678
2012-05-05-17_31_21.111,423,6,20,0,-51.681,-87.810,1.578
2012-05-05-17_31_21.111,423,7,20,0,-60.657,-87.794,2.378
2012-05-05-17_31_21.112,423,7,20,0,-60.737,-87.765,2.478
2012-05-05-17_31_21.113,423,7,20,0,-60.676,-87.720,2.478
2012-05-05-17_31_21.114,423,0,20,1,-2.193,-87.791,2.087
2012-05-05-17_31_21.114,423,0,20,1,-2.278,-87.772,2.087
2012-05-05-17_31_21.116,423,0,20,1,-2.219,-87.710,2.087
2012-05-05-17_31_21.117,423,1,20,1,-11.294,-87.768,1.787
2012-05-05-17_31_21.118,423,2,20,1,-20.158,-87.721,1.587
2012-05-05-17_31_21.118,423,2,20,1,-20.243,-87.702,1.587
2012-05-05-17_31_21.119,423,3,20,1,-29.180,-87.803,1.487
2012-05-05-17_31_21.119,423,3,20,1,-29.265,-87.784,1.587
2012-05-05-17_31_21.120,423,3,20,1,-29.206,-87.722,1.787
2012-05-05-17_31_21.121,423,4,20,1,-38.176,-87.805,1.287
2012-05-05-17_31_21.122,423,4,20,1,-38.262,-87.786,1.287
2012-05-05-17_31_21.122,423,4,20,1,-38.203,-87.724,1.287
2012-05-05-17_31_21.123,423,5,20,1,-47.246,-87.809,1.787
2012-05-05-17_31_21.124,423,6,20,1,-56.222,-87.866,1.587
2012-05-05-17_31_21.125,423,6,20,1,-56.307,-87.846,1.687
2012-05-05-17_31_21.126,423,6,20,1,-56.148,-87.811,1.787
2012-05-05-17_31_21.127,423,7,20,1,-65.202,-87.783,2.387
2012-05-05-17_31_21.127,423,7,20,1,-65.143,-87.720,2.487
2012-05-05-17_31_21.128,423,0,21,0,2.269,-92.282,2.196
2012-05-05-17_31_21.129,423,0,21,0,2.299,-92.190,2.096
2012-05-05-17_31_21.130,423,0,21,0,2.189,-92.258,2.096
2012-05-05-17_31_21.130,423,1,21,0,-6.749,-92.295,1.996
2012-05-05-17_31_21.131,423,1,21,0,-6.825,-92.269,1.996
2012-05-05-17_31_21.132,423,1,21,0,-6.770,-92.210,1.996
2012-05-05-17_31_21.133,423,2,21,0,-15.696,-92.212,1.396
2012-05-05-17_31_21.133,423,2,21,0,-15.776,-92.188,1.396
2012-05-05-17_31_21.134,423,2,21,0,-15.752,-92.198,2.796
2012-05-05-17_31_21.135,423,3,21,0,-24.718,-92.294,1.796
2012-05-05-17_31_21.136,423,3,21,0,-24.688,-92.202,1.796
2012-05-05-17_31_21.137,423,3,21,0,-24.798,-92.271,1.796
2012-05-05-17_31_21.138,423,4,21,0,-33.715,-92.296,1.196
2012-05-05-17_31_21.138,423,4,21,0,-33.685,-92.204,1.196
2012-05-05-17_31_21.139,423,4,21,0,-33.795,-92.272,1.096
2012-05-05-17_31_21.140,423,5,21,0,-42.728,-92.290,1.896
2012-05-05-17_31_21.140,423,5,21,0,-42.677,-92.337,1.696
2012-05-05-17_31_21.141,423,5,21,0,-42.777,-92.304,1.896
2012-05-05-17_31_21.142,423,6,21,0,-51.760,-92.357,1.596
2012-05-05-17_31_21.143,423,6,21,0,-51.730,-92.264,1.596
2012-05-05-17_31_21.143,423,6,21,0,-51.679,-92.312,1.596
2012-05-05-17_31_21.144,423,7,21,0,-60.655,-92.293,2.396
2012-05-05-17_31_21.145,423,7,21,0,-60.735,-92.269,2.396
2012-05-05-17_31_21.145,423,7,21,0,-60.674,-92.215,2.396
2012-05-05-17_31_21.146,423,0,21,1,-2.193,-92.290,2.105
2012-05-05-17_31_21.147,423,0,21,1,-2.168,-92.190,2.105
2012-05-05-17_31_21.149,423,0,21,1,-2.269,-92.270,2.205
2012-05-05-17_31_21.150,423,1,21,1,-11.214,-92.295,2.105
2012-05-05-17_31_21.151,423,1,21,1,-11.342,-92.222,2.105
2012-05-05-17_31_21.152,423,1,21,1,-11.235,-92.209,2.105
2012-05-05-17_31_21.152,423,2,21,1,-20.158,-92.220,1.505
2012-05-05-17_31_21.153,423,2,21,1,-20.234,-92.200,1.505
2012-05-05-17_31_21.154,423,2,21,1,-20.241,-92.199,1.505
2012-05-05-17_31_21.155,423,3,21,1,-29.180,-92.302,1.505
2012-05-05-17_31_21.155,423,3,21,1,-29.155,-92.202,1.605
2012-05-05-17_31_21.156,423,3,21,1,-29.256,-92.282,1.605
2012-05-05-17_31_21.157,423,4,21,1,-38.177,-92.304,1.205
2012-05-05-17_31_21.158,423,4,21,1,-38.152,-92.204,1.205
2012-05-05-17_31_21.158,423,4,21,1,-38.252,-92.284,1.205
2012-05-05-17_31_21.159,423,5,21,1,-47.195,-92.290,1.705
2012-05-05-17_31_21.160,423,5,21,1,-47.283,-92.270,1.705
2012-05-05-17_31_21.160,423,5,21,1,-47.251,-92.292,1.705
2012-05-05-17_31_21.161,423,6,21,1,-56.222,-92.365,1.605
2012-05-05-17_31_21.162,423,6,21,1,-56.197,-92.264,1.705
2012-05-05-17_31_21.163,423,6,21,1,-56.298,-92.345,1.605
2012-05-05-17_31_21.163,423,7,21,1,-65.192,-92.281,2.205
2012-05-05-17_31_21.164,423,7,21,1,-65.200,-92.280,2.205
2012-05-05-17_31_21.165,423,7,21,1,-65.179,-92.181,2.305
2012-05-05-17_31_21.166,423,0,22,0,2.259,-96.779,2.216
2012-05-05-17_31_21.167,423,0,22,0,2.298,-96.691,2.116
2012-05-05-17_31_21.167,423,0,22,0,2.188,-96.758,2.116
2012-05-05-17_31_21.168,423,1,22,0,-6.752,-96.794,2.016
2012-05-05-17_31_21.169,423,1,22,0,-6.828,-96.774,2.016
2012-05-05-17_31_21.170,423,1,22,0,-6.773,-96.707,2.016
2012-05-05-17_31_21.170,423,2,22,0,-15.706,-96.709,1.416
2012-05-05-17_31_21.171,423,2,22,0,-15.777,-96.688,1.416
2012-05-05-17_31_21.172,423,2,22,0,-15.715,-96.639,1.416
2012-05-05-17_31_21.173,423,3,22,0,-24.728,-96.791,1.816
2012-05-05-17_31_21.173,423,3,22,0,-24.689,-96.703,1.816
2012-05-05-17_31_21.174,423,3,22,0,-24.799,-96.770,1.816
2012-05-05-17_31_21.175,423,4,22,0,-33.725,-96.793,1.216
2012-05-05-17_31_21.176,423,4,22,0,-33.685,-96.705,1.116
2012-05-05-17_31_21.177,423,4,22,0,-33.795,-96.772,1.116
2012-05-05-17_31_21.177,423,5,22,0,-42.729,-96.791,1.916
2012-05-05-17_31_21.178,423,5,22,0,-42.680,-96.842,1.616
2012-05-05-17_31_21.178,423,5,22,0,-42.778,-96.809,1.816
2012-05-05-17_31_21.179,423,6,22,0,-51.770,-96.854,1.616
2012-05-05-17_31_21.180,423,6,22,0,-51.731,-96.766,1.616
2012-05-05-17_31_21.181,423,6,22,0,-51.682,-96.817,1.516
2012-05-05-17_31_21.181,423,7,22,0,-60.665,-96.790,2.316
2012-05-05-17_31_21.182,423,7,22,0,-60.735,-96.769,2.416
2012-05-05-17_31_21.183,423,7,22,0,-60.674,-96.720,2.316
2012-05-05-17_31_21.184,423,0,22,1,-2.194,-96.786,2.125
2012-05-05-17_31_21.184,423,0,22,1,-2.168,-96.690,2.125
2012-05-05-17_31_21.185,423,0,22,1,-2.264,-96.768,2.125
2012-05-05-17_31_21.186,423,1,22,1,-11.216,-96.793,2.025
2012-05-05-17_31_21.187,423,1,22,1,-11.343,-96.722,2.025
2012-05-05-17_31_21.187,423,1,22,1,-11.235,-96.707,2.025
2012-05-05-17_31_21.190,423,2,22,1,-20.158,-96.716,1.525
2012-05-05-17_31_21.191,423,2,22,1,-20.229,-96.698,1.525
2012-05-05-17_31_21.192,423,2,22,1,-20.239,-96.697,1.525
2012-05-05-17_31_21.193,423,3,22,1,-29.181,-96.799,1.525
2012-05-05-17_31_21.194,423,3,22,1,-29.155,-96.702,1.525
2012-05-05-17_31_21.194,423,3,22,1,-29.251,-96.781,1.525
2012-05-05-17_31_21.196,423,4,22,1,-38.177,-96.800,1.125
2012-05-05-17_31_21.197,423,4,22,1,-38.152,-96.704,1.125
2012-05-05-17_31_21.198,423,4,22,1,-38.248,-96.782,1.125
2012-05-05-17_31_21.199,423,5,22,1,-47.196,-96.790,1.625
2012-05-05-17_31_21.199,423,5,22,1,-47.281,-96.768,1.625
2012-05-05-17_31_21.202,423,5,22,1,-47.252,-96.792,1.625
2012-05-05-17_31_21.203,423,6,22,1,-56.223,-96.861,1.625
2012-05-05-17_31_21.204,423,6,22,1,-56.197,-96.765,1.625
2012-05-05-17_31_21.204,423,6,22,1,-56.293,-96.843,1.625
2012-05-05-17_31_21.205,423,7,22,1,-65.188,-96.779,2.225
2012-05-05-17_31_21.206,423,7,22,1,-65.198,-96.778,2.225
2012-05-05-17_31_21.206,423,7,22,1,-65.177,-96.679,2.225
2012-05-05-17_31_21.207,423,0,23,0,2.273,-101.278,2.040
2012-05-05-17_31_21.208,423,0,23,0,2.298,-101.190,2.140
2012-05-05-17_31_21.208,423,0,23,0,2.190,-101.254,2.140
2012-05-05-17_31_21.209,423,1,23,0,-6.755,-101.289,2.040
2012-05-05-17_31_21.210,423,1,23,0,-6.830,-101.270,2.040
2012-05-05-17_31_21.210,423,1,23,0,-6.774,-101.204,1.940
2012-05-05-17_31_21.211,423,2,23,0,-15.692,-101.208,1.340
2012-05-05-17_31_21.212,423,2,23,0,-15.775,-101.184,1.340
2012-05-05-17_31_21.213,423,2,23,0,-15.713,-101.139,1.340
2012-05-05-17_31_21.214,423,3,23,0,-24.714,-101.290,1.740
2012-05-05-17_31_21.214,423,3,23,0,-24.689,-101.203,1.640
2012-05-05-17_31_21.215,423,3,23,0,-24.797,-101.267,1.640
2012-05-05-17_31_21.216,423,4,23,0,-33.711,-101.292,1.140
2012-05-05-17_31_21.217,423,4,23,0,-33.685,-101.204,1.140
2012-05-05-17_31_21.218,423,4,23,0,-33.793,-101.268,1.140
2012-05-05-17_31_21.219,423,5,23,0,-42.729,-101.290,1.740
2012-05-05-17_31_21.220,423,5,23,0,-42.683,-101.338,1.540
2012-05-05-17_31_21.221,423,5,23,0,-42.776,-101.309,1.840
2012-05-05-17_31_21.222,423,6,23,0,-51.756,-101.353,1.540
2012-05-05-17_31_21.223,423,6,23,0,-51.731,-101.265,1.540
2012-05-05-17_31_21.223,423,6,23,0,-51.839,-101.329,1.540
2012-05-05-17_31_21.224,423,7,23,0,-60.651,-101.289,2.340
2012-05-05-17_31_21.225,423,7,23,0,-60.733,-101.265,2.340
2012-05-05-17_31_21.226,423,7,23,0,-60.672,-101.220,2.240
2012-05-05-17_31_21.226,423,0,23,1,-2.184,-101.277,2.140
2012-05-05-17_31_21.227,423,0,23,1,-2.166,-101.190,2.140
2012-05-05-17_31_21.228,423,0,23,1,-2.262,-101.265,2.140
2012-05-05-17_31_21.229,423,1,23,1,-11.210,-101.288,2.040
2012-05-05-17_31_21.230,423,1,23,1,-11.341,-101.222,2.040
2012-05-05-17_31_21.231,423,1,23,1,-11.236,-101.204,2.040
2012-05-05-17_31_21.232,423,2,23,1,-20.149,-101.207,1.440
2012-05-05-17_31_21.233,423,2,23,1,-20.227,-101.195,1.440
2012-05-05-17_31_21.235,423,2,23,1,-20.237,-101.194,1.440
2012-05-05-17_31_21.235,423,3,23,1,-29.171,-101.289,1.540
2012-05-05-17_31_21.236,423,3,23,1,-29.153,-101.202,1.540
2012-05-05-17_31_21.237,423,3,23,1,-29.249,-101.277,1.540
2012-05-05-17_31_21.237,423,4,23,1,-38.168,-101.291,1.240
2012-05-05-17_31_21.238,423,4,23,1,-38.150,-101.204,1.140
2012-05-05-17_31_21.239,423,4,23,1,-38.246,-101.279,1.140
2012-05-05-17_31_21.239,423,5,23,1,-47.194,-101.290,1.740
2012-05-05-17_31_21.240,423,5,23,1,-47.279,-101.266,1.640
2012-05-05-17_31_21.241,423,5,23,1,-47.250,-101.292,1.640
2012-05-05-17_31_21.242,423,6,23,1,-56.213,-101.351,1.640
2012-05-05-17_31_21.242,423,6,23,1,-56.195,-101.264,1.640
2012-05-05-17_31_21.243,423,6,23,1,-56.291,-101.340,1.640
2012-05-05-17_31_21.244,423,7,23,1,-65.186,-101.276,2.140
2012-05-05-17_31_21.245,423,7,23,1,-65.196,-101.275,2.240
2012-05-05-17_31_21.246,423,7,23,1,-65.175,-101.176,2.140
