2012-05-05-09_44_48.024,303,0,0,0,2.256,2.217,1.664
2012-05-05-09_44_48.025,303,0,0,0,2.293,2.304,1.664
2012-05-05-09_44_48.056,303,0,0,0,2.193,2.246,1.564
2012-05-05-09_44_48.059,303,1,0,0,-6.755,2.207,2.164
2012-05-05-09_44_48.060,303,1,0,0,-6.830,2.233,2.164
2012-05-05-09_44_48.060,303,1,0,0,-6.774,2.285,2.164
2012-05-05-09_44_48.061,303,2,0,0,-15.709,2.287,1.764
2012-05-05-09_44_48.062,303,2,0,0,-15.772,2.316,1.664
2012-05-05-09_44_48.062,303,2,0,0,-15.713,2.361,1.764
2012-05-05-09_44_48.063,303,3,0,0,-24.731,2.205,2.564
2012-05-05-09_44_48.063,303,3,0,0,-24.694,2.292,2.664
2012-05-05-09_44_48.064,303,3,0,0,-24.794,2.233,2.564
2012-05-05-09_44_48.065,303,4,0,0,-33.728,2.203,1.664
2012-05-05-09_44_48.066,303,4,0,0,-33.690,2.290,1.664
2012-05-05-09_44_48.067,303,4,0,0,-33.791,2.232,1.564
2012-05-05-09_44_48.067,303,5,0,0,-42.734,2.204,1.864
2012-05-05-09_44_48.068,303,5,0,0,-42.683,2.165,1.864
2012-05-05-09_44_48.068,303,5,0,0,-42.776,2.191,1.764
2012-05-05-09_44_48.069,303,6,0,0,-51.773,2.142,1.264
2012-05-05-09_44_48.070,303,6,0,0,-51.736,2.230,1.164
2012-05-05-09_44_48.072,303,6,0,0,-51.836,2.171,1.164
2012-05-05-09_44_48.073,303,7,0,0,-60.668,2.206,2.364
2012-05-05-09_44_48.074,303,7,0,0,-60.731,2.235,2.364
2012-05-05-09_44_48.074,303,7,0,0,-60.672,2.280,2.364
2012-05-05-09_44_48.075,303,0,0,1,-2.189,2.209,2.165
2012-05-05-09_44_48.076,303,0,0,1,-2.162,2.304,2.065
2012-05-05-09_44_48.077,303,0,0,1,-2.257,2.232,2.165
2012-05-05-09_44_48.078,303,1,0,1,-11.205,2.207,2.365
2012-05-05-09_44_48.079,303,1,0,1,-11.336,2.272,2.365
2012-05-05-09_44_48.079,303,1,0,1,-11.229,2.285,2.365
2012-05-05-09_44_48.080,303,2,0,1,-20.154,2.279,1.765
2012-05-05-09_44_48.081,303,2,0,1,-20.222,2.302,1.765
2012-05-05-09_44_48.082,303,2,0,1,-20.227,2.302,1.765
2012-05-05-09_44_48.083,303,3,0,1,-29.176,2.197,2.865
2012-05-05-09_44_48.084,303,3,0,1,-29.149,2.292,2.865
2012-05-05-09_44_48.084,303,3,0,1,-29.244,2.220,2.965
2012-05-05-09_44_48.085,303,4,0,1,-38.173,2.195,2.465
2012-05-05-09_44_48.086,303,4,0,1,-38.145,2.290,2.465
2012-05-05-09_44_48.087,303,4,0,1,-38.241,2.218,2.465
2012-05-05-09_44_48.088,303,5,0,1,-47.189,2.204,0.965
2012-05-05-09_44_48.088,303,5,0,1,-47.272,2.226,1.065
2012-05-05-09_44_48.089,303,5,0,1,-47.245,2.203,0.965
2012-05-05-09_44_48.090,303,6,0,1,-56.218,2.134,2.065
2012-05-05-09_44_48.091,303,6,0,1,-56.191,2.230,1.965
2012-05-05-09_44_48.091,303,6,0,1,-56.286,2.157,2.065
2012-05-05-09_44_48.092,303,7,0,1,-65.181,2.221,1.665
2012-05-05-09_44_48.092,303,7,0,1,-65.186,2.221,1.665
2012-05-05-09_44_48.093,303,7,0,1,-65.168,2.315,1.765
2012-05-05-09_44_48.094,303,0,1,0,2.270,-2.283,1.778
2012-05-05-09_44_48.094,303,0,1,0,2.295,-2.190,1.878
2012-05-05-09_44_48.095,303,0,1,0,2.195,-2.258,1.778
2012-05-05-09_44_48.096,303,1,1,0,-6.750,-2.295,1.578
2012-05-05-09_44_48.097,303,1,1,0,-6.831,-2.268,1.578
2012-05-05-09_44_48.097,303,1,1,0,-6.772,-2.209,1.578
2012-05-05-09_44_48.098,303,2,1,0,-15.695,-2.213,0.878
2012-05-05-09_44_48.099,303,2,1,0,-15.770,-2.188,0.878
2012-05-05-09_44_48.099,303,2,1,0,-15.746,-2.198,0.878
2012-05-05-09_44_48.100,303,3,1,0,-24.717,-2.295,1.278
2012-05-05-09_44_48.100,303,3,1,0,-24.692,-2.202,1.278
2012-05-05-09_44_48.101,303,3,1,0,-24.792,-2.271,1.278
2012-05-05-09_44_48.101,303,4,1,0,-33.713,-2.297,0.478
2012-05-05-09_44_48.102,303,4,1,0,-33.688,-2.204,0.478
2012-05-05-09_44_48.102,303,4,1,0,-33.789,-2.272,0.478
2012-05-05-09_44_48.103,303,5,1,0,-42.732,-2.290,1.078
2012-05-05-09_44_48.104,303,5,1,0,-42.684,-2.336,1.178
2012-05-05-09_44_48.104,303,5,1,0,-42.779,-2.304,1.178
2012-05-05-09_44_48.105,303,6,1,0,-51.759,-2.358,0.878
2012-05-05-09_44_48.105,303,6,1,0,-51.734,-2.264,0.778
2012-05-05-09_44_48.106,303,6,1,0,-51.834,-2.333,0.878
2012-05-05-09_44_48.107,303,7,1,0,-60.654,-2.294,1.578
2012-05-05-09_44_48.108,303,7,1,0,-60.729,-2.269,1.578
2012-05-05-09_44_48.109,303,7,1,0,-60.675,-2.215,1.578
2012-05-05-09_44_48.110,303,0,1,1,-2.190,-2.289,1.288
2012-05-05-09_44_48.111,303,0,1,1,-2.164,-2.190,1.188
2012-05-05-09_44_48.112,303,0,1,1,-2.260,-2.270,1.288
2012-05-05-09_44_48.113,303,1,1,1,-11.203,-2.295,1.188
2012-05-05-09_44_48.114,303,1,1,1,-11.339,-2.221,1.288
2012-05-05-09_44_48.115,303,1,1,1,-11.229,-2.209,1.188
2012-05-05-09_44_48.115,303,2,1,1,-20.154,-2.219,0.788
2012-05-05-09_44_48.116,303,2,1,1,-20.225,-2.200,0.788
2012-05-05-09_44_48.117,303,2,1,1,-20.232,-2.199,0.788
2012-05-05-09_44_48.117,303,3,1,1,-29.177,-2.301,0.988
2012-05-05-09_44_48.118,303,3,1,1,-29.151,-2.202,0.888
2012-05-05-09_44_48.119,303,3,1,1,-29.247,-2.283,0.988
2012-05-05-09_44_48.120,303,4,1,1,-38.173,-2.303,0.688
2012-05-05-09_44_48.120,303,4,1,1,-38.148,-2.204,0.788
2012-05-05-09_44_48.121,303,4,1,1,-38.244,-2.284,0.688
2012-05-05-09_44_48.122,303,5,1,1,-47.192,-2.289,0.988
2012-05-05-09_44_48.123,303,5,1,1,-47.277,-2.270,1.088
2012-05-05-09_44_48.124,303,5,1,1,-47.248,-2.292,0.988
2012-05-05-09_44_48.125,303,6,1,1,-56.219,-2.363,0.988
2012-05-05-09_44_48.125,303,6,1,1,-56.193,-2.264,0.988
2012-05-05-09_44_48.126,303,6,1,1,-56.289,-2.345,0.988
2012-05-05-09_44_48.127,303,7,1,1,-65.184,-2.281,1.488
2012-05-05-09_44_48.128,303,7,1,1,-65.191,-2.280,1.488
2012-05-05-09_44_48.129,303,7,1,1,-65.173,-2.181,1.588
2012-05-05-09_44_48.130,303,0,2,0,2.260,-6.781,1.802
2012-05-05-09_44_48.130,303,0,2,0,2.295,-6.689,1.802
2012-05-05-09_44_48.131,303,0,2,0,2.197,-6.759,1.802
2012-05-05-09_44_48.132,303,1,2,0,-6.748,-6.793,1.702
2012-05-05-09_44_48.133,303,1,2,0,-6.831,-6.773,1.702
2012-05-05-09_44_48.134,303,1,2,0,-6.770,-6.706,1.702
2012-05-05-09_44_48.135,303,2,2,0,-15.705,-6.710,0.902
2012-05-05-09_44_48.136,303,2,2,0,-15.768,-6.689,0.902
2012-05-05-09_44_48.137,303,2,2,0,-15.714,-6.638,1.002
2012-05-05-09_44_48.137,303,3,2,0,-24.727,-6.793,1.502
2012-05-05-09_44_48.138,303,3,2,0,-24.692,-6.701,1.502
2012-05-05-09_44_48.139,303,3,2,0,-24.790,-6.771,1.402
2012-05-05-09_44_48.140,303,4,2,0,-33.724,-6.795,0.802
2012-05-05-09_44_48.141,303,4,2,0,-33.689,-6.703,0.802
2012-05-05-09_44_48.142,303,4,2,0,-33.787,-6.773,0.802
2012-05-05-09_44_48.142,303,5,2,0,-42.733,-6.789,1.002
2012-05-05-09_44_48.143,303,5,2,0,-42.684,-6.841,1.002
2012-05-05-09_44_48.144,303,5,2,0,-42.777,-6.808,1.002
2012-05-05-09_44_48.145,303,6,2,0,-51.769,-6.855,1.102
2012-05-05-09_44_48.146,303,6,2,0,-51.734,-6.764,1.102
2012-05-05-09_44_48.147,303,6,2,0,-51.832,-6.834,1.002
2012-05-05-09_44_48.148,303,7,2,0,-60.664,-6.791,1.602
2012-05-05-09_44_48.148,303,7,2,0,-60.727,-6.770,1.602
2012-05-05-09_44_48.149,303,7,2,0,-60.673,-6.718,1.602
2012-05-05-09_44_48.157,303,0,2,1,-2.190,-6.786,1.810
2012-05-05-09_44_48.159,303,0,2,1,-2.165,-6.689,1.810
2012-05-05-09_44_48.160,303,0,2,1,-2.263,-6.769,1.810
2012-05-05-09_44_48.161,303,1,2,1,-11.206,-6.793,1.610
2012-05-05-09_44_48.161,303,1,2,1,-11.339,-6.721,1.610
2012-05-05-09_44_48.162,303,1,2,1,-11.227,-6.706,1.610
2012-05-05-09_44_48.162,303,2,2,1,-20.155,-6.716,1.010
2012-05-05-09_44_48.163,303,2,2,1,-20.228,-6.699,1.010
2012-05-05-09_44_48.164,303,2,2,1,-20.235,-6.697,1.010
2012-05-05-09_44_48.164,303,3,2,1,-29.177,-6.798,1.210
2012-05-05-09_44_48.165,303,3,2,1,-29.152,-6.701,1.110
2012-05-05-09_44_48.165,303,3,2,1,-29.250,-6.781,1.210
2012-05-05-09_44_48.166,303,4,2,1,-38.173,-6.800,0.710
2012-05-05-09_44_48.166,303,4,2,1,-38.148,-6.703,0.710
2012-05-05-09_44_48.167,303,4,2,1,-38.247,-6.783,0.710
2012-05-05-09_44_48.167,303,5,2,1,-47.192,-6.789,1.010
2012-05-05-09_44_48.168,303,5,2,1,-47.277,-6.766,1.010
2012-05-05-09_44_48.168,303,5,2,1,-47.246,-6.792,1.010
2012-05-05-09_44_48.169,303,6,2,1,-56.219,-6.860,1.110
2012-05-05-09_44_48.169,303,6,2,1,-56.194,-6.763,1.110
2012-05-05-09_44_48.170,303,6,2,1,-56.292,-6.843,1.110
2012-05-05-09_44_48.170,303,7,2,1,-65.187,-6.779,1.510
2012-05-05-09_44_48.171,303,7,2,1,-65.194,-6.778,1.410
2012-05-05-09_44_48.171,303,7,2,1,-65.174,-6.677,1.510
2012-05-05-09_44_48.172,303,0,3,0,2.269,-11.278,1.920
2012-05-05-09_44_48.173,303,0,3,0,2.294,-11.191,2.020
2012-05-05-09_44_48.173,303,0,3,0,2.194,-11.254,1.920
2012-05-05-09_44_48.174,303,1,3,0,-6.746,-11.290,1.720
2012-05-05-09_44_48.174,303,1,3,0,-6.829,-11.270,1.720
2012-05-05-09_44_48.175,303,1,3,0,-6.768,-11.205,1.720
2012-05-05-09_44_48.175,303,2,3,0,-15.696,-11.208,1.120
2012-05-05-09_44_48.176,303,2,3,0,-15.771,-11.184,1.120
2012-05-05-09_44_48.176,303,2,3,0,-15.715,-11.140,2.620
2012-05-05-09_44_48.177,303,3,3,0,-24.718,-11.290,1.520
2012-05-05-09_44_48.178,303,3,3,0,-24.693,-11.203,1.520
2012-05-05-09_44_48.178,303,3,3,0,-24.793,-11.267,1.520
2012-05-05-09_44_48.178,303,4,3,0,-33.714,-11.292,0.720
2012-05-05-09_44_48.179,303,4,3,0,-33.689,-11.205,0.720
2012-05-05-09_44_48.179,303,4,3,0,-33.790,-11.268,0.720
2012-05-05-09_44_48.180,303,5,3,0,-42.733,-11.291,1.020
2012-05-05-09_44_48.180,303,5,3,0,-42.682,-11.338,1.020
2012-05-05-09_44_48.181,303,5,3,0,-42.777,-11.310,5.220
2012-05-05-09_44_48.181,303,6,3,0,-51.760,-11.353,1.020
2012-05-05-09_44_48.182,303,6,3,0,-51.735,-11.266,1.120
2012-05-05-09_44_48.182,303,6,3,0,-51.835,-11.329,1.020
2012-05-05-09_44_48.183,303,7,3,0,-60.654,-11.289,1.720
2012-05-05-09_44_48.183,303,7,3,0,-60.730,-11.265,1.820
2012-05-05-09_44_48.184,303,7,3,0,-60.673,-11.221,4.220
2012-05-05-09_44_48.184,303,0,3,1,-2.188,-11.288,2.128
2012-05-05-09_44_48.185,303,0,3,1,-2.163,-11.190,2.127
2012-05-05-09_44_48.185,303,0,3,1,-2.263,-11.265,1.927
2012-05-05-09_44_48.186,303,1,3,1,-11.204,-11.289,1.728
2012-05-05-09_44_48.186,303,1,3,1,-11.337,-11.222,1.727
2012-05-05-09_44_48.187,303,1,3,1,-11.225,-11.205,1.727
2012-05-05-09_44_48.187,303,2,3,1,-20.153,-11.218,1.128
2012-05-05-09_44_48.188,303,2,3,1,-20.228,-11.195,1.127
2012-05-05-09_44_48.188,303,2,3,1,-20.236,-11.194,1.027
2012-05-05-09_44_48.189,303,3,3,1,-29.175,-11.300,1.228
2012-05-05-09_44_48.189,303,3,3,1,-29.150,-11.203,1.227
2012-05-05-09_44_48.190,303,3,3,1,-29.250,-11.277,1.227
2012-05-05-09_44_48.190,303,4,3,1,-38.171,-11.302,0.728
2012-05-05-09_44_48.191,303,4,3,1,-38.146,-11.204,0.727
2012-05-05-09_44_48.191,303,4,3,1,-38.247,-11.279,0.727
2012-05-05-09_44_48.200,303,5,3,1,-47.190,-11.290,1.027
2012-05-05-09_44_48.201,303,5,3,1,-47.280,-11.266,1.027
2012-05-05-09_44_48.201,303,5,3,1,-47.249,-11.291,1.027
2012-05-05-09_44_48.202,303,6,3,1,-56.217,-11.362,1.128
2012-05-05-09_44_48.203,303,6,3,1,-56.192,-11.265,1.127
2012-05-05-09_44_48.203,303,6,3,1,-56.292,-11.339,1.127
2012-05-05-09_44_48.204,303,7,3,1,-65.187,-11.276,1.527
2012-05-05-09_44_48.204,303,7,3,1,-65.194,-11.274,1.527
2012-05-05-09_44_48.205,303,7,3,1,-65.177,-11.176,1.827
2012-05-05-09_44_48.205,303,0,4,0,2.269,-15.781,2.039
2012-05-05-09_44_48.206,303,0,4,0,2.296,-15.697,2.039
2012-05-05-09_44_48.206,303,0,4,0,2.191,-15.753,2.039
2012-05-05-09_44_48.207,303,1,4,0,-6.742,-15.790,1.839
2012-05-05-09_44_48.207,303,1,4,0,-6.827,-15.769,1.739
2012-05-05-09_44_48.208,303,1,4,0,-6.766,-15.712,1.739
2012-05-05-09_44_48.208,303,2,4,0,-15.696,-15.711,1.139
2012-05-05-09_44_48.209,303,2,4,0,-15.774,-15.683,1.139
2012-05-05-09_44_48.209,303,2,4,0,-15.715,-15.642,1.139
2012-05-05-09_44_48.210,303,3,4,0,-24.718,-15.794,1.539
2012-05-05-09_44_48.210,303,3,4,0,-24.691,-15.709,1.639
2012-05-05-09_44_48.211,303,3,4,0,-24.796,-15.765,1.639
2012-05-05-09_44_48.211,303,4,4,0,-33.715,-15.795,0.839
2012-05-05-09_44_48.212,303,4,4,0,-33.687,-15.711,0.839
2012-05-05-09_44_48.212,303,4,4,0,-33.793,-15.767,0.839
2012-05-05-09_44_48.213,303,5,4,0,-42.731,-15.797,1.039
2012-05-05-09_44_48.213,303,5,4,0,-42.680,-15.837,1.139
2012-05-05-09_44_48.214,303,5,4,0,-42.777,-15.812,1.039
2012-05-05-09_44_48.214,303,6,4,0,-51.760,-15.856,1.039
2012-05-05-09_44_48.214,303,6,4,0,-51.733,-15.772,1.139
2012-05-05-09_44_48.215,303,6,4,0,-51.838,-15.828,1.039
2012-05-05-09_44_48.215,303,7,4,0,-60.655,-15.792,1.839
2012-05-05-09_44_48.216,303,7,4,0,-60.733,-15.764,1.839
2012-05-05-09_44_48.216,303,7,4,0,-60.674,-15.723,1.839
2012-05-05-09_44_48.217,303,0,4,1,-2.186,-15.793,2.051
2012-05-05-09_44_48.217,303,0,4,1,-2.158,-15.697,1.950
2012-05-05-09_44_48.218,303,0,4,1,-2.264,-15.766,2.050
2012-05-05-09_44_48.218,303,1,4,1,-11.206,-15.791,1.750
2012-05-05-09_44_48.219,303,1,4,1,-11.333,-15.728,1.750
2012-05-05-09_44_48.219,303,1,4,1,-11.228,-15.711,1.750
2012-05-05-09_44_48.221,303,2,4,1,-20.151,-15.723,1.151
2012-05-05-09_44_48.222,303,2,4,1,-20.229,-15.695,1.250
2012-05-05-09_44_48.222,303,2,4,1,-20.236,-15.695,1.150
2012-05-05-09_44_48.223,303,3,4,1,-29.173,-15.805,1.251
2012-05-05-09_44_48.223,303,3,4,1,-29.145,-15.709,1.250
2012-05-05-09_44_48.224,303,3,4,1,-29.251,-15.778,1.250
2012-05-05-09_44_48.224,303,4,4,1,-38.170,-15.807,0.851
2012-05-05-09_44_48.225,303,4,4,1,-38.142,-15.711,0.850
2012-05-05-09_44_48.225,303,4,4,1,-38.247,-15.780,0.850
2012-05-05-09_44_48.226,303,5,4,1,-47.186,-15.796,1.150
2012-05-05-09_44_48.226,303,5,4,1,-47.278,-15.771,1.150
2012-05-05-09_44_48.227,303,5,4,1,-47.247,-15.798,1.150
2012-05-05-09_44_48.227,303,6,4,1,-56.187,-15.771,1.150
2012-05-05-09_44_48.228,303,6,4,1,-56.293,-15.840,1.150
2012-05-05-09_44_48.228,303,6,4,1,-56.300,-15.840,1.150
2012-05-05-09_44_48.229,303,7,4,1,-65.188,-15.776,1.650
2012-05-05-09_44_48.229,303,7,4,1,-65.195,-15.776,1.650
2012-05-05-09_44_48.230,303,7,4,1,-65.175,-15.682,1.750
2012-05-05-09_44_48.230,303,0,5,0,2.266,-20.283,2.064
2012-05-05-09_44_48.231,303,0,5,0,2.293,-20.197,1.964
2012-05-05-09_44_48.231,303,0,5,0,2.188,-20.253,2.064
2012-05-05-09_44_48.232,303,1,5,0,-6.742,-20.295,1.864
2012-05-05-09_44_48.232,303,1,5,0,-6.825,-20.268,1.864
2012-05-05-09_44_48.233,303,1,5,0,-6.764,-20.216,1.764
2012-05-05-09_44_48.234,303,2,5,0,-15.699,-20.213,1.064
2012-05-05-09_44_48.234,303,2,5,0,-15.777,-20.183,1.164
2012-05-05-09_44_48.235,303,2,5,0,-15.718,-20.141,1.064
2012-05-05-09_44_48.235,303,3,5,0,-24.721,-20.295,1.564
2012-05-05-09_44_48.236,303,3,5,0,-24.694,-20.209,1.664
2012-05-05-09_44_48.236,303,3,5,0,-24.799,-20.266,1.564
2012-05-05-09_44_48.237,303,4,5,0,-33.718,-20.297,0.864
2012-05-05-09_44_48.237,303,4,5,0,-33.690,-20.211,0.964
2012-05-05-09_44_48.238,303,4,5,0,-33.795,-20.267,0.864
2012-05-05-09_44_48.238,303,5,5,0,-42.734,-20.297,1.064
2012-05-05-09_44_48.239,303,5,5,0,-42.678,-20.337,1.064
2012-05-05-09_44_48.239,303,5,5,0,-42.780,-20.311,1.064
2012-05-05-09_44_48.240,303,6,5,0,-51.763,-20.357,1.064
2012-05-05-09_44_48.240,303,6,5,0,-51.736,-20.272,1.164
2012-05-05-09_44_48.241,303,6,5,0,-51.841,-20.328,1.064
2012-05-05-09_44_48.241,303,7,5,0,-60.658,-20.294,1.864
2012-05-05-09_44_48.241,303,7,5,0,-60.736,-20.264,1.864
2012-05-05-09_44_48.242,303,7,5,0,-60.677,-20.222,1.864
2012-05-05-09_44_48.243,303,0,5,1,-2.186,-20.291,2.072
2012-05-05-09_44_48.243,303,0,5,1,-2.159,-20.196,2.072
2012-05-05-09_44_48.244,303,0,5,1,-2.262,-20.267,2.072
2012-05-05-09_44_48.244,303,1,5,1,-11.209,-20.295,1.772
2012-05-05-09_44_48.245,303,1,5,1,-11.333,-20.228,1.772
2012-05-05-09_44_48.245,303,1,5,1,-11.231,-20.215,1.872
2012-05-05-09_44_48.246,303,2,5,1,-20.151,-20.221,1.172
2012-05-05-09_44_48.246,303,2,5,1,-20.227,-20.197,1.172
2012-05-05-09_44_48.247,303,2,5,1,-20.234,-20.197,1.272
2012-05-05-09_44_48.247,303,3,5,1,-29.173,-20.303,1.272
2012-05-05-09_44_48.248,303,3,5,1,-29.146,-20.209,1.372
2012-05-05-09_44_48.248,303,3,5,1,-29.249,-20.279,1.272
2012-05-05-09_44_48.248,303,4,5,1,-38.170,-20.305,0.872
2012-05-05-09_44_48.249,303,4,5,1,-38.142,-20.210,0.872
2012-05-05-09_44_48.249,303,4,5,1,-38.245,-20.281,0.872
2012-05-05-09_44_48.250,303,5,5,1,-47.186,-20.296,1.172
2012-05-05-09_44_48.250,303,5,5,1,-47.276,-20.275,1.172
2012-05-05-09_44_48.251,303,5,5,1,-47.245,-20.297,1.172
2012-05-05-09_44_48.251,303,6,5,1,-56.188,-20.271,1.272
2012-05-05-09_44_48.252,303,6,5,1,-56.291,-20.342,1.172
2012-05-05-09_44_48.252,303,6,5,1,-56.298,-20.341,1.172
2012-05-05-09_44_48.253,303,7,5,1,-65.186,-20.278,1.672
2012-05-05-09_44_48.253,303,7,5,1,-65.193,-20.277,1.572
2012-05-05-09_44_48.254,303,7,5,1,-65.173,-20.186,1.772
2012-05-05-09_44_48.254,303,0,6,0,2.273,-24.783,1.881
2012-05-05-09_44_48.255,303,0,6,0,2.300,-24.690,1.881
2012-05-05-09_44_48.255,303,0,6,0,2.190,-24.757,1.881
2012-05-05-09_44_48.255,303,1,6,0,-6.743,-24.796,1.581
2012-05-05-09_44_48.256,303,1,6,0,-6.821,-24.770,1.681
2012-05-05-09_44_48.256,303,1,6,0,-6.762,-24.710,1.581
2012-05-05-09_44_48.257,303,2,6,0,-15.692,-24.713,1.081
2012-05-05-09_44_48.257,303,2,6,0,-15.775,-24.687,1.081
2012-05-05-09_44_48.258,303,2,6,0,-15.716,-24.635,1.081
2012-05-05-09_44_48.258,303,3,6,0,-24.714,-24.795,1.581
2012-05-05-09_44_48.259,303,3,6,0,-24.687,-24.703,1.581
2012-05-05-09_44_48.259,303,3,6,0,-24.797,-24.769,1.581
2012-05-05-09_44_48.260,303,4,6,0,-33.711,-24.797,0.881
2012-05-05-09_44_48.260,303,4,6,0,-33.683,-24.704,0.881
2012-05-05-09_44_48.261,303,4,6,0,-33.793,-24.771,0.881
2012-05-05-09_44_48.261,303,5,6,0,-42.727,-24.790,1.381
2012-05-05-09_44_48.262,303,5,6,0,-42.674,-24.838,1.281
2012-05-05-09_44_48.262,303,5,6,0,-42.778,-24.805,1.281
2012-05-05-09_44_48.263,303,6,6,0,-51.756,-24.858,1.281
2012-05-05-09_44_48.263,303,6,6,0,-51.729,-24.765,1.281
2012-05-05-09_44_48.265,303,6,6,0,-51.675,-24.813,1.281
2012-05-05-09_44_48.265,303,7,6,0,-60.651,-24.794,2.081
2012-05-05-09_44_48.266,303,7,6,0,-60.734,-24.768,2.081
2012-05-05-09_44_48.266,303,7,6,0,-60.675,-24.716,2.081
2012-05-05-09_44_48.267,303,0,6,1,-2.187,-24.788,1.890
2012-05-05-09_44_48.267,303,0,6,1,-2.159,-24.690,1.890
2012-05-05-09_44_48.268,303,0,6,1,-2.260,-24.770,1.890
2012-05-05-09_44_48.268,303,1,6,1,-11.212,-24.796,1.690
2012-05-05-09_44_48.269,303,1,6,1,-11.334,-24.722,1.690
2012-05-05-09_44_48.269,303,1,6,1,-11.234,-24.710,1.689
2012-05-05-09_44_48.270,303,2,6,1,-20.152,-24.718,1.090
2012-05-05-09_44_48.270,303,2,6,1,-20.225,-24.700,1.090
2012-05-05-09_44_48.271,303,2,6,1,-20.232,-24.699,1.090
2012-05-05-09_44_48.271,303,3,6,1,-29.174,-24.801,1.290
2012-05-05-09_44_48.271,303,3,6,1,-29.146,-24.702,1.490
2012-05-05-09_44_48.273,303,3,6,1,-29.247,-24.782,1.290
2012-05-05-09_44_48.273,303,4,6,1,-38.170,-24.802,0.990
2012-05-05-09_44_48.274,303,4,6,1,-38.143,-24.704,0.890
2012-05-05-09_44_48.274,303,4,6,1,-38.243,-24.784,0.990
2012-05-05-09_44_48.275,303,5,6,1,-47.187,-24.790,1.390
2012-05-05-09_44_48.275,303,5,6,1,-47.274,-24.770,1.390
2012-05-05-09_44_48.276,303,5,6,1,-47.243,-24.791,1.389
2012-05-05-09_44_48.276,303,6,6,1,-56.216,-24.863,1.290
2012-05-05-09_44_48.277,303,6,6,1,-56.188,-24.765,1.390
2012-05-05-09_44_48.277,303,6,6,1,-56.289,-24.844,1.290
2012-05-05-09_44_48.278,303,7,6,1,-65.184,-24.781,1.890
2012-05-05-09_44_48.278,303,7,6,1,-65.191,-24.780,1.890
2012-05-05-09_44_48.279,303,7,6,1,-65.171,-24.681,1.890
2012-05-05-09_44_48.279,303,0,7,0,2.272,-29.280,1.901
2012-05-05-09_44_48.279,303,0,7,0,2.302,-29.190,1.901
2012-05-05-09_44_48.280,303,0,7,0,2.190,-29.259,1.901
2012-05-05-09_44_48.280,303,1,7,0,-6.743,-29.293,1.701
2012-05-05-09_44_48.281,303,1,7,0,-6.819,-29.272,1.601
2012-05-05-09_44_48.281,303,1,7,0,-6.762,-29.206,1.702
2012-05-05-09_44_48.282,303,2,7,0,-15.692,-29.210,1.101
2012-05-05-09_44_48.282,303,2,7,0,-15.775,-29.189,1.101
2012-05-05-09_44_48.283,303,2,7,0,-15.716,-29.138,1.102
2012-05-05-09_44_48.283,303,3,7,0,-24.715,-29.292,1.501
2012-05-05-09_44_48.284,303,3,7,0,-24.685,-29.202,1.601
2012-05-05-09_44_48.284,303,3,7,0,-24.797,-29.271,1.501
2012-05-05-09_44_48.285,303,4,7,0,-33.711,-29.294,1.001
2012-05-05-09_44_48.285,303,4,7,0,-33.681,-29.204,1.001
2012-05-05-09_44_48.286,303,4,7,0,-33.794,-29.273,1.001
2012-05-05-09_44_48.286,303,5,7,0,-42.725,-29.290,1.401
2012-05-05-09_44_48.287,303,5,7,0,-42.672,-29.340,1.401
2012-05-05-09_44_48.287,303,5,7,0,-42.779,-29.308,1.302
2012-05-05-09_44_48.288,303,6,7,0,-51.757,-29.355,1.301
2012-05-05-09_44_48.288,303,6,7,0,-51.727,-29.264,1.401
2012-05-05-09_44_48.289,303,6,7,0,-51.673,-29.315,1.301
2012-05-05-09_44_48.289,303,7,7,0,-60.651,-29.291,2.101
2012-05-05-09_44_48.290,303,7,7,0,-60.734,-29.269,2.201
2012-05-05-09_44_48.290,303,7,7,0,-60.675,-29.218,2.102
2012-05-05-09_44_48.291,303,0,7,1,-2.187,-29.286,1.913
2012-05-05-09_44_48.291,303,0,7,1,-2.160,-29.189,1.913
2012-05-05-09_44_48.292,303,0,7,1,-2.260,-29.269,1.913
2012-05-05-09_44_48.292,303,1,7,1,-11.213,-29.292,1.713
2012-05-05-09_44_48.293,303,1,7,1,-11.334,-29.221,1.713
2012-05-05-09_44_48.293,303,1,7,1,-11.234,-29.206,1.613
2012-05-05-09_44_48.294,303,2,7,1,-20.152,-29.216,1.113
2012-05-05-09_44_48.294,303,2,7,1,-20.225,-29.199,1.113
2012-05-05-09_44_48.295,303,2,7,1,-20.233,-29.197,1.113
2012-05-05-09_44_48.295,303,3,7,1,-29.174,-29.298,1.313
2012-05-05-09_44_48.296,303,3,7,1,-29.147,-29.201,1.513
2012-05-05-09_44_48.296,303,3,7,1,-29.247,-29.281,1.413
2012-05-05-09_44_48.298,303,4,7,1,-38.171,-29.300,1.013
2012-05-05-09_44_48.298,303,4,7,1,-38.143,-29.203,0.913
2012-05-05-09_44_48.299,303,4,7,1,-38.244,-29.283,1.013
2012-05-05-09_44_48.299,303,5,7,1,-47.187,-29.289,1.513
2012-05-05-09_44_48.300,303,5,7,1,-47.272,-29.267,1.513
2012-05-05-09_44_48.300,303,5,7,1,-47.243,-29.292,1.513
2012-05-05-09_44_48.300,303,6,7,1,-56.216,-29.360,1.313
2012-05-05-09_44_48.301,303,6,7,1,-56.189,-29.263,1.313
2012-05-05-09_44_48.301,303,6,7,1,-56.289,-29.344,1.313
2012-05-05-09_44_48.302,303,7,7,1,-65.184,-29.280,1.913
2012-05-05-09_44_48.302,303,7,7,1,-65.191,-29.278,2.013
2012-05-05-09_44_48.303,303,7,7,1,-65.169,-29.178,2.013
2012-05-05-09_44_48.303,303,0,8,0,2.274,-33.778,1.927
2012-05-05-09_44_48.304,303,0,8,0,2.304,-33.689,7.327
2012-05-05-09_44_48.304,303,0,8,0,2.189,-33.755,1.927
2012-05-05-09_44_48.305,303,1,8,0,-6.748,-33.788,1.727
2012-05-05-09_44_48.306,303,1,8,0,-6.822,-33.769,1.727
2012-05-05-09_44_48.306,303,1,8,0,-6.767,-33.704,1.727
2012-05-05-09_44_48.306,303,2,8,0,-15.690,-33.708,1.127
2012-05-05-09_44_48.307,303,2,8,0,-15.776,-33.685,1.127
2012-05-05-09_44_48.307,303,2,8,0,-15.712,-33.639,1.127
2012-05-05-09_44_48.308,303,3,8,0,-24.712,-33.790,1.527
2012-05-05-09_44_48.308,303,3,8,0,-24.683,-33.701,2.627
2012-05-05-09_44_48.309,303,3,8,0,-24.798,-33.767,1.527
2012-05-05-09_44_48.309,303,4,8,0,-33.709,-33.792,1.027
2012-05-05-09_44_48.310,303,4,8,0,-33.679,-33.703,1.027
2012-05-05-09_44_48.310,303,4,8,0,-33.794,-33.769,1.027
2012-05-05-09_44_48.311,303,5,8,0,-42.723,-33.788,12.927
2012-05-05-09_44_48.311,303,5,8,0,-42.674,-33.837,1.327
2012-05-05-09_44_48.312,303,5,8,0,-42.774,-33.809,1.327
2012-05-05-09_44_48.312,303,6,8,0,-51.755,-33.853,1.327
2012-05-05-09_44_48.313,303,6,8,0,-51.725,-33.763,2.927
2012-05-05-09_44_48.313,303,6,8,0,-51.676,-33.812,1.327
2012-05-05-09_44_48.313,303,7,8,0,-60.649,-33.789,2.127
2012-05-05-09_44_48.314,303,7,8,0,-60.734,-33.766,2.227
2012-05-05-09_44_48.315,303,7,8,0,-60.671,-33.720,2.127
2012-05-05-09_44_48.315,303,0,8,1,-2.185,-33.787,1.936
2012-05-05-09_44_48.316,303,0,8,1,-2.165,-33.688,1.935
2012-05-05-09_44_48.316,303,0,8,1,-2.258,-33.765,1.935
2012-05-05-09_44_48.317,303,1,8,1,-11.213,-33.788,1.736
2012-05-05-09_44_48.317,303,1,8,1,-11.339,-33.720,1.735
2012-05-05-09_44_48.318,303,1,8,1,-11.237,-33.703,1.735
2012-05-05-09_44_48.318,303,2,8,1,-20.150,-33.717,1.136
2012-05-05-09_44_48.318,303,2,8,1,-20.223,-33.695,1.135
2012-05-05-09_44_48.319,303,2,8,1,-20.230,-33.693,1.135
2012-05-05-09_44_48.319,303,3,8,1,-29.172,-33.799,1.236
2012-05-05-09_44_48.320,303,3,8,1,-29.152,-33.700,1.435
2012-05-05-09_44_48.320,303,3,8,1,-29.245,-33.778,1.235
2012-05-05-09_44_48.321,303,4,8,1,-38.169,-33.801,1.036
2012-05-05-09_44_48.321,303,4,8,1,-38.148,-33.702,0.935
2012-05-05-09_44_48.322,303,4,8,1,-38.242,-33.779,1.035
2012-05-05-09_44_48.322,303,5,8,1,-47.192,-33.788,1.535
2012-05-05-09_44_48.324,303,5,8,1,-47.273,-33.764,1.535
2012-05-05-09_44_48.324,303,5,8,1,-47.244,-33.793,1.435
2012-05-05-09_44_48.325,303,6,8,1,-56.214,-33.861,1.336
2012-05-05-09_44_48.325,303,6,8,1,-56.194,-33.763,1.435
2012-05-05-09_44_48.326,303,6,8,1,-56.287,-33.840,1.335
2012-05-05-09_44_48.326,303,7,8,1,-65.182,-33.776,2.035
2012-05-05-09_44_48.327,303,7,8,1,-65.189,-33.774,2.035
2012-05-05-09_44_48.327,303,7,8,1,-65.169,-33.675,2.235
2012-05-05-09_44_48.328,303,0,9,0,2.274,-38.282,1.945
2012-05-05-09_44_48.328,303,0,9,0,2.304,-38.196,1.945
2012-05-05-09_44_48.330,303,0,9,0,2.194,-38.254,1.945
2012-05-05-09_44_48.330,303,1,9,0,-6.746,-38.290,1.745
2012-05-05-09_44_48.331,303,1,9,0,-6.820,-38.269,1.745
2012-05-05-09_44_48.331,303,1,9,0,-6.768,-38.212,1.745
2012-05-05-09_44_48.332,303,2,9,0,-15.691,-38.212,1.245
2012-05-05-09_44_48.332,303,2,9,0,-15.771,-38.184,1.245
2012-05-05-09_44_48.333,303,2,9,0,-15.710,-38.142,1.245
2012-05-05-09_44_48.333,303,3,9,0,-24.713,-38.294,1.745
2012-05-05-09_44_48.334,303,3,9,0,-24.683,-38.208,1.645
2012-05-05-09_44_48.334,303,3,9,0,-24.793,-38.266,1.645
2012-05-05-09_44_48.335,303,4,9,0,-33.710,-38.296,1.045
2012-05-05-09_44_48.335,303,4,9,0,-33.680,-38.210,1.045
2012-05-05-09_44_48.336,303,4,9,0,-33.790,-38.268,1.045
2012-05-05-09_44_48.336,303,5,9,0,-42.723,-38.296,1.345
2012-05-05-09_44_48.337,303,5,9,0,-42.672,-38.337,1.445
2012-05-05-09_44_48.337,303,5,9,0,-42.772,-38.312,1.445
2012-05-05-09_44_48.338,303,6,9,0,-51.755,-38.357,1.245
2012-05-05-09_44_48.338,303,6,9,0,-51.725,-38.271,1.345
2012-05-05-09_44_48.339,303,6,9,0,-51.835,-38.329,1.245
2012-05-05-09_44_48.339,303,7,9,0,-60.650,-38.293,2.145
2012-05-05-09_44_48.339,303,7,9,0,-60.730,-38.265,2.145
2012-05-05-09_44_48.340,303,7,9,0,-60.669,-38.223,2.145
2012-05-05-09_44_48.340,303,0,9,1,-2.188,-38.292,1.954
2012-05-05-09_44_48.341,303,0,9,1,-2.168,-38.196,1.954
2012-05-05-09_44_48.341,303,0,9,1,-2.259,-38.267,1.954
2012-05-05-09_44_48.342,303,1,9,1,-11.213,-38.290,1.854
2012-05-05-09_44_48.342,303,1,9,1,-11.342,-38.228,1.754
2012-05-05-09_44_48.343,303,1,9,1,-11.232,-38.210,1.854
2012-05-05-09_44_48.343,303,2,9,1,-20.153,-38.222,1.354
2012-05-05-09_44_48.344,303,2,9,1,-20.224,-38.197,1.354
2012-05-05-09_44_48.344,303,2,9,1,-20.231,-38.196,1.354
2012-05-05-09_44_48.345,303,3,9,1,-29.175,-38.304,1.454
2012-05-05-09_44_48.345,303,3,9,1,-29.155,-38.208,1.654
2012-05-05-09_44_48.346,303,3,9,1,-29.246,-38.279,1.554
2012-05-05-09_44_48.346,303,4,9,1,-38.172,-38.306,1.054
2012-05-05-09_44_48.346,303,4,9,1,-38.151,-38.210,1.054
2012-05-05-09_44_48.347,303,4,9,1,-38.242,-38.281,1.054
2012-05-05-09_44_48.347,303,5,9,1,-47.195,-38.296,1.554
2012-05-05-09_44_48.348,303,5,9,1,-47.273,-38.270,1.554
2012-05-05-09_44_48.349,303,5,9,1,-47.244,-38.299,1.554
2012-05-05-09_44_48.349,303,6,9,1,-56.197,-38.271,1.354
2012-05-05-09_44_48.350,303,6,9,1,-56.288,-38.342,1.354
2012-05-05-09_44_48.350,303,6,9,1,-56.295,-38.341,1.354
2012-05-05-09_44_48.350,303,7,9,1,-65.182,-38.278,1.954
2012-05-05-09_44_48.351,303,7,9,1,-65.190,-38.277,1.954
2012-05-05-09_44_48.351,303,7,9,1,-65.169,-38.181,2.254
2012-05-05-09_44_48.352,303,0,10,0,2.276,-42.784,1.966
2012-05-05-09_44_48.352,303,0,10,0,2.303,-42.696,1.966
2012-05-05-09_44_48.353,303,0,10,0,2.193,-42.754,1.966
2012-05-05-09_44_48.353,303,1,10,0,-6.752,-42.794,1.766
2012-05-05-09_44_48.354,303,1,10,0,-6.825,-42.767,1.766
2012-05-05-09_44_48.354,303,1,10,0,-6.771,-42.715,1.766
2012-05-05-09_44_48.355,303,2,10,0,-15.689,-42.714,1.266
2012-05-05-09_44_48.355,303,2,10,0,-15.772,-42.684,1.266
2012-05-05-09_44_48.356,303,2,10,0,-15.710,-42.639,1.266
2012-05-05-09_44_48.356,303,3,10,0,-24.711,-42.796,1.666
2012-05-05-09_44_48.357,303,3,10,0,-24.683,-42.709,1.666
2012-05-05-09_44_48.357,303,3,10,0,-24.794,-42.767,1.666
2012-05-05-09_44_48.358,303,4,10,0,-33.708,-42.798,1.066
2012-05-05-09_44_48.358,303,4,10,0,-33.680,-42.710,1.066
2012-05-05-09_44_48.359,303,4,10,0,-33.790,-42.768,1.066
2012-05-05-09_44_48.359,303,5,10,0,-42.724,-42.796,1.466
2012-05-05-09_44_48.360,303,5,10,0,-42.678,-42.835,1.466
2012-05-05-09_44_48.361,303,5,10,0,-42.773,-42.809,1.366
2012-05-05-09_44_48.362,303,6,10,0,-51.753,-42.859,1.366
2012-05-05-09_44_48.362,303,6,10,0,-51.725,-42.771,1.366
2012-05-05-09_44_48.363,303,6,10,0,-51.836,-42.829,1.366
2012-05-05-09_44_48.363,303,7,10,0,-60.648,-42.795,2.166
2012-05-05-09_44_48.364,303,7,10,0,-60.730,-42.765,2.266
2012-05-05-09_44_48.364,303,7,10,0,-60.669,-42.720,2.166
2012-05-05-09_44_48.365,303,0,10,1,-2.191,-42.791,1.978
2012-05-05-09_44_48.365,303,0,10,1,-2.166,-42.696,1.978
2012-05-05-09_44_48.366,303,0,10,1,-2.262,-42.768,1.978
2012-05-05-09_44_48.366,303,1,10,1,-11.211,-42.794,1.878
2012-05-05-09_44_48.366,303,1,10,1,-11.340,-42.728,1.878
2012-05-05-09_44_48.367,303,1,10,1,-11.235,-42.714,1.878
2012-05-05-09_44_48.367,303,2,10,1,-20.156,-42.721,1.278
2012-05-05-09_44_48.368,303,2,10,1,-20.226,-42.698,1.378
2012-05-05-09_44_48.368,303,2,10,1,-20.231,-42.697,1.378
2012-05-05-09_44_48.369,303,3,10,1,-29.178,-42.803,1.378
2012-05-05-09_44_48.369,303,3,10,1,-29.153,-42.708,1.578
2012-05-05-09_44_48.370,303,3,10,1,-29.249,-42.781,1.478
2012-05-05-09_44_48.370,303,4,10,1,-38.174,-42.805,1.078
2012-05-05-09_44_48.371,303,4,10,1,-38.149,-42.710,1.078
2012-05-05-09_44_48.371,303,4,10,1,-38.245,-42.782,1.078
2012-05-05-09_44_48.372,303,5,10,1,-47.193,-42.796,1.578
2012-05-05-09_44_48.372,303,5,10,1,-47.276,-42.774,1.578
2012-05-05-09_44_48.373,303,5,10,1,-47.247,-42.797,1.578
2012-05-05-09_44_48.373,303,6,10,1,-56.220,-42.866,1.378
2012-05-05-09_44_48.374,303,6,10,1,-56.195,-42.770,1.378
2012-05-05-09_44_48.375,303,6,10,1,-56.291,-42.843,1.378
2012-05-05-09_44_48.377,303,7,10,1,-65.185,-42.779,1.978
2012-05-05-09_44_48.377,303,7,10,1,-65.190,-42.778,1.978
2012-05-05-09_44_48.378,303,7,10,1,-65.172,-42.685,2.178
2012-05-05-09_44_48.379,303,0,11,0,2.278,-47.283,1.990
2012-05-05-09_44_48.379,303,0,11,0,2.301,-47.190,1.890
2012-05-05-09_44_48.380,303,0,11,0,2.193,-47.257,1.990
2012-05-05-09_44_48.380,303,1,11,0,-6.752,-47.296,1.790
2012-05-05-09_44_48.381,303,1,11,0,-6.825,-47.269,1.790
2012-05-05-09_44_48.381,303,1,11,0,-6.774,-47.210,1.790
2012-05-05-09_44_48.382,303,2,11,0,-15.687,-47.213,1.290
2012-05-05-09_44_48.382,303,2,11,0,-15.772,-47.187,1.290
2012-05-05-09_44_48.383,303,2,11,0,-15.743,-47.197,1.190
2012-05-05-09_44_48.383,303,3,11,0,-24.709,-47.295,1.690
2012-05-05-09_44_48.384,303,3,11,0,-24.686,-47.203,1.690
2012-05-05-09_44_48.384,303,3,11,0,-24.794,-47.269,1.790
2012-05-05-09_44_48.385,303,4,11,0,-33.705,-47.297,0.990
2012-05-05-09_44_48.385,303,4,11,0,-33.683,-47.204,0.990
2012-05-05-09_44_48.385,303,4,11,0,-33.791,-47.271,1.090
2012-05-05-09_44_48.386,303,5,11,0,-42.727,-47.290,1.390
2012-05-05-09_44_48.386,303,5,11,0,-42.678,-47.337,1.390
2012-05-05-09_44_48.387,303,5,11,0,-42.771,-47.305,1.390
2012-05-05-09_44_48.387,303,6,11,0,-51.751,-47.358,1.390
2012-05-05-09_44_48.388,303,6,11,0,-51.728,-47.265,1.390
2012-05-05-09_44_48.388,303,6,11,0,-51.836,-47.332,1.290
2012-05-05-09_44_48.389,303,7,11,0,-60.646,-47.294,2.190
2012-05-05-09_44_48.389,303,7,11,0,-60.731,-47.268,2.290
2012-05-05-09_44_48.390,303,7,11,0,-60.667,-47.216,2.190
2012-05-05-09_44_48.390,303,0,11,1,-2.194,-47.289,1.999
2012-05-05-09_44_48.391,303,0,11,1,-2.171,-47.190,1.999
2012-05-05-09_44_48.391,303,0,11,1,-2.262,-47.269,1.999
2012-05-05-09_44_48.392,303,1,11,1,-11.214,-47.296,1.799
2012-05-05-09_44_48.392,303,1,11,1,-11.346,-47.222,1.799
2012-05-05-09_44_48.393,303,1,11,1,-11.236,-47.209,1.799
2012-05-05-09_44_48.393,303,2,11,1,-20.159,-47.219,1.399
2012-05-05-09_44_48.394,303,2,11,1,-20.227,-47.199,1.399
2012-05-05-09_44_48.395,303,2,11,1,-20.232,-47.199,1.399
2012-05-05-09_44_48.396,303,3,11,1,-29.181,-47.301,1.399
2012-05-05-09_44_48.396,303,3,11,1,-29.158,-47.202,1.599
2012-05-05-09_44_48.397,303,3,11,1,-29.249,-47.282,1.399
2012-05-05-09_44_48.397,303,4,11,1,-38.177,-47.303,1.099
2012-05-05-09_44_48.398,303,4,11,1,-38.155,-47.204,1.099
2012-05-05-09_44_48.398,303,4,11,1,-38.246,-47.283,1.099
2012-05-05-09_44_48.399,303,5,11,1,-47.198,-47.290,1.599
2012-05-05-09_44_48.399,303,5,11,1,-47.279,-47.270,1.599
2012-05-05-09_44_48.400,303,5,11,1,-47.247,-47.292,1.499
2012-05-05-09_44_48.400,303,6,11,1,-56.223,-47.364,1.399
2012-05-05-09_44_48.401,303,6,11,1,-56.200,-47.264,1.399
2012-05-05-09_44_48.401,303,6,11,1,-56.291,-47.344,1.399
2012-05-05-09_44_48.402,303,7,11,1,-65.186,-47.280,2.199
2012-05-05-09_44_48.402,303,7,11,1,-65.190,-47.280,2.299
2012-05-05-09_44_48.403,303,7,11,1,-65.175,-47.181,2.299
2012-05-05-09_44_48.403,303,0,12,0,2.265,-51.780,2.208
2012-05-05-09_44_48.404,303,0,12,0,2.303,-51.691,2.208
2012-05-05-09_44_48.404,303,0,12,0,2.195,-51.758,2.108
2012-05-05-09_44_48.404,303,1,12,0,-6.755,-51.794,1.908
2012-05-05-09_44_48.405,303,1,12,0,-6.831,-51.774,1.908
2012-05-05-09_44_48.405,303,1,12,0,-6.774,-51.708,1.908
2012-05-05-09_44_48.406,303,2,12,0,-15.699,-51.710,1.208
2012-05-05-09_44_48.406,303,2,12,0,-15.770,-51.688,1.208
2012-05-05-09_44_48.407,303,2,12,0,-15.709,-51.640,1.408
2012-05-05-09_44_48.407,303,3,12,0,-24.722,-51.792,1.708
2012-05-05-09_44_48.408,303,3,12,0,-24.684,-51.703,1.708
2012-05-05-09_44_48.408,303,3,12,0,-24.792,-51.770,1.708
2012-05-05-09_44_48.409,303,4,12,0,-33.718,-51.794,1.108
2012-05-05-09_44_48.409,303,4,12,0,-33.681,-51.705,1.108
2012-05-05-09_44_48.410,303,4,12,0,-33.789,-51.772,1.108
2012-05-05-09_44_48.410,303,5,12,0,-42.725,-51.791,1.508
2012-05-05-09_44_48.410,303,5,12,0,-42.683,-51.842,1.308
2012-05-05-09_44_48.411,303,5,12,0,-42.771,-51.810,1.408
2012-05-05-09_44_48.411,303,6,12,0,-51.764,-51.854,1.308
2012-05-05-09_44_48.412,303,6,12,0,-51.726,-51.766,1.308
2012-05-05-09_44_48.412,303,6,12,0,-51.834,-51.833,1.308
2012-05-05-09_44_48.413,303,7,12,0,-60.658,-51.790,2.108
2012-05-05-09_44_48.413,303,7,12,0,-60.729,-51.769,2.208
2012-05-05-09_44_48.414,303,7,12,0,-60.667,-51.721,12.608
2012-05-05-09_44_48.414,303,0,12,1,-2.197,-51.786,2.116
2012-05-05-09_44_48.415,303,0,12,1,-2.172,-51.691,2.116
2012-05-05-09_44_48.415,303,0,12,1,-2.265,-51.768,2.116
2012-05-05-09_44_48.416,303,1,12,1,-11.215,-51.793,1.816
2012-05-05-09_44_48.416,303,1,12,1,-11.346,-51.722,1.816
2012-05-05-09_44_48.417,303,1,12,1,-11.236,-51.707,1.816
2012-05-05-09_44_48.417,303,2,12,1,-20.162,-51.716,1.216
2012-05-05-09_44_48.418,303,2,12,1,-20.230,-51.698,1.216
2012-05-05-09_44_48.418,303,2,12,1,-20.235,-51.697,1.216
2012-05-05-09_44_48.419,303,3,12,1,-29.184,-51.799,1.516
2012-05-05-09_44_48.419,303,3,12,1,-29.159,-51.703,1.616
2012-05-05-09_44_48.420,303,3,12,1,-29.252,-51.780,1.616
2012-05-05-09_44_48.420,303,4,12,1,-38.180,-51.800,1.116
2012-05-05-09_44_48.421,303,4,12,1,-38.155,-51.705,1.116
2012-05-05-09_44_48.421,303,4,12,1,-38.248,-51.782,1.116
2012-05-05-09_44_48.421,303,5,12,1,-47.199,-51.790,1.316
2012-05-05-09_44_48.422,303,5,12,1,-47.279,-51.768,1.216
2012-05-05-09_44_48.422,303,5,12,1,-47.250,-51.791,1.316
2012-05-05-09_44_48.423,303,6,12,1,-56.226,-51.861,1.416
2012-05-05-09_44_48.424,303,6,12,1,-56.201,-51.765,1.416
2012-05-05-09_44_48.424,303,6,12,1,-56.294,-51.843,1.416
2012-05-05-09_44_48.425,303,7,12,1,-65.188,-51.779,2.216
2012-05-05-09_44_48.425,303,7,12,1,-65.193,-51.778,2.216
2012-05-05-09_44_48.426,303,7,12,1,-65.176,-51.679,2.216
2012-05-05-09_44_48.427,303,0,13,0,2.275,-56.279,2.227
2012-05-05-09_44_48.428,303,0,13,0,2.300,-56.191,2.127
2012-05-05-09_44_48.429,303,0,13,0,2.197,-56.254,2.127
2012-05-05-09_44_48.429,303,1,13,0,-6.755,-56.289,1.927
2012-05-05-09_44_48.430,303,1,13,0,-6.831,-56.270,1.927
2012-05-05-09_44_48.431,303,1,13,0,-6.774,-56.205,1.927
2012-05-05-09_44_48.431,303,2,13,0,-15.690,-56.208,1.327
2012-05-05-09_44_48.432,303,2,13,0,-15.768,-56.184,1.227
2012-05-05-09_44_48.432,303,2,13,0,-15.712,-56.140,1.327
2012-05-05-09_44_48.432,303,3,13,0,-24.712,-56.291,1.827
2012-05-05-09_44_48.433,303,3,13,0,-24.687,-56.203,1.727
2012-05-05-09_44_48.433,303,3,13,0,-24.790,-56.266,1.727
2012-05-05-09_44_48.434,303,4,13,0,-33.709,-56.293,1.127
2012-05-05-09_44_48.434,303,4,13,0,-33.684,-56.205,1.127
2012-05-05-09_44_48.435,303,4,13,0,-33.787,-56.268,1.027
2012-05-05-09_44_48.435,303,5,13,0,-42.727,-56.291,1.527
2012-05-05-09_44_48.436,303,5,13,0,-42.684,-56.338,1.327
2012-05-05-09_44_48.436,303,5,13,0,-42.774,-56.310,1.527
2012-05-05-09_44_48.437,303,6,13,0,-51.754,-56.353,1.327
2012-05-05-09_44_48.437,303,6,13,0,-51.729,-56.266,1.327
2012-05-05-09_44_48.438,303,6,13,0,-51.832,-56.329,1.327
2012-05-05-09_44_48.438,303,7,13,0,-60.649,-56.289,3.327
2012-05-05-09_44_48.439,303,7,13,0,-60.727,-56.265,5.427
2012-05-05-09_44_48.439,303,7,13,0,-60.670,-56.221,10.127
2012-05-05-09_44_48.440,303,0,13,1,-2.197,-56.288,2.038
2012-05-05-09_44_48.440,303,0,13,1,-2.172,-56.190,2.038
2012-05-05-09_44_48.441,303,0,13,1,-2.265,-56.264,2.138
2012-05-05-09_44_48.441,303,1,13,1,-11.210,-56.289,1.938
2012-05-05-09_44_48.442,303,1,13,1,-11.346,-56.222,1.938
2012-05-05-09_44_48.442,303,1,13,1,-11.236,-56.205,1.938
2012-05-05-09_44_48.442,303,2,13,1,-20.162,-56.218,1.338
2012-05-05-09_44_48.443,303,2,13,1,-20.230,-56.194,1.338
2012-05-05-09_44_48.443,303,2,13,1,-20.237,-56.194,1.338
2012-05-05-09_44_48.444,303,3,13,1,-29.184,-56.300,1.438
2012-05-05-09_44_48.444,303,3,13,1,-29.159,-56.202,1.638
2012-05-05-09_44_48.445,303,3,13,1,-29.252,-56.276,1.638
2012-05-05-09_44_48.445,303,4,13,1,-38.181,-56.302,1.138
2012-05-05-09_44_48.446,303,4,13,1,-38.155,-56.204,1.138
2012-05-05-09_44_48.446,303,4,13,1,-38.249,-56.278,1.138
2012-05-05-09_44_48.447,303,5,13,1,-47.199,-56.290,1.538
2012-05-05-09_44_48.447,303,5,13,1,-47.280,-56.266,1.538
2012-05-05-09_44_48.448,303,5,13,1,-47.251,-56.291,1.538
2012-05-05-09_44_48.448,303,6,13,1,-56.226,-56.363,1.438
2012-05-05-09_44_48.449,303,6,13,1,-56.201,-56.265,1.438
2012-05-05-09_44_48.449,303,6,13,1,-56.294,-56.339,1.438
2012-05-05-09_44_48.450,303,7,13,1,-65.189,-56.275,2.238
2012-05-05-09_44_48.450,303,7,13,1,-65.196,-56.274,2.138
2012-05-05-09_44_48.450,303,7,13,1,-65.176,-56.176,2.138
2012-05-05-09_44_48.451,303,0,14,0,2.269,-60.782,2.152
2012-05-05-09_44_48.451,303,0,14,0,2.297,-60.696,2.152
2012-05-05-09_44_48.452,303,0,14,0,2.199,-60.753,2.152
2012-05-05-09_44_48.452,303,1,14,0,-6.756,-60.790,1.952
2012-05-05-09_44_48.453,303,1,14,0,-6.834,-60.769,1.952
2012-05-05-09_44_48.453,303,1,14,0,-6.775,-60.712,1.952
2012-05-05-09_44_48.454,303,2,14,0,-15.695,-60.712,1.352
2012-05-05-09_44_48.454,303,2,14,0,-15.766,-60.683,1.352
2012-05-05-09_44_48.455,303,2,14,0,-15.712,-60.642,1.352
2012-05-05-09_44_48.455,303,3,14,0,-24.717,-60.794,1.752
2012-05-05-09_44_48.456,303,3,14,0,-24.690,-60.708,1.752
2012-05-05-09_44_48.456,303,3,14,0,-24.788,-60.766,1.752
2012-05-05-09_44_48.457,303,4,14,0,-33.714,-60.796,1.052
2012-05-05-09_44_48.457,303,4,14,0,-33.687,-60.710,1.052
2012-05-05-09_44_48.458,303,4,14,0,-33.785,-60.767,1.052
2012-05-05-09_44_48.458,303,5,14,0,-42.730,-60.796,1.452
2012-05-05-09_44_48.459,303,5,14,0,-42.687,-60.837,1.452
2012-05-05-09_44_48.460,303,5,14,0,-42.774,-60.812,1.452
2012-05-05-09_44_48.461,303,6,14,0,-51.760,-60.857,1.252
2012-05-05-09_44_48.461,303,6,14,0,-51.732,-60.770,1.452
2012-05-05-09_44_48.462,303,6,14,0,-51.830,-60.828,1.352
2012-05-05-09_44_48.462,303,7,14,0,-60.654,-60.793,2.152
2012-05-05-09_44_48.463,303,7,14,0,-60.725,-60.764,3.352
2012-05-05-09_44_48.463,303,7,14,0,-60.671,-60.723,2.152
2012-05-05-09_44_48.464,303,0,14,1,-2.198,-60.792,2.161
2012-05-05-09_44_48.464,303,0,14,1,-2.172,-60.696,2.161
2012-05-05-09_44_48.465,303,0,14,1,-2.268,-60.766,2.161
2012-05-05-09_44_48.465,303,1,14,1,-11.211,-60.791,1.961
2012-05-05-09_44_48.466,303,1,14,1,-11.347,-60.728,1.861
2012-05-05-09_44_48.466,303,1,14,1,-11.237,-60.710,1.861
2012-05-05-09_44_48.466,303,2,14,1,-20.162,-60.722,1.261
2012-05-05-09_44_48.467,303,2,14,1,-20.233,-60.696,1.361
2012-05-05-09_44_48.467,303,2,14,1,-20.240,-60.695,1.261
2012-05-05-09_44_48.468,303,3,14,1,-29.184,-60.804,1.361
2012-05-05-09_44_48.468,303,3,14,1,-29.159,-60.708,1.561
2012-05-05-09_44_48.469,303,3,14,1,-29.255,-60.778,1.461
2012-05-05-09_44_48.469,303,4,14,1,-38.181,-60.806,1.161
2012-05-05-09_44_48.470,303,4,14,1,-38.156,-60.710,1.061
2012-05-05-09_44_48.470,303,4,14,1,-38.252,-60.780,1.061
2012-05-05-09_44_48.471,303,5,14,1,-47.200,-60.796,1.561
2012-05-05-09_44_48.471,303,5,14,1,-47.283,-60.770,1.561
2012-05-05-09_44_48.471,303,5,14,1,-47.253,-60.798,1.561
2012-05-05-09_44_48.472,303,6,14,1,-56.227,-60.866,1.461
2012-05-05-09_44_48.472,303,6,14,1,-56.201,-60.771,1.461
2012-05-05-09_44_48.473,303,6,14,1,-56.297,-60.841,1.461
2012-05-05-09_44_48.473,303,7,14,1,-65.192,-60.777,2.261
2012-05-05-09_44_48.474,303,7,14,1,-65.199,-60.776,2.261
2012-05-05-09_44_48.474,303,7,14,1,-65.179,-60.681,2.261
2012-05-05-09_44_48.475,303,0,15,0,2.269,-65.283,2.270
2012-05-05-09_44_48.475,303,0,15,0,2.294,-65.196,2.270
2012-05-05-09_44_48.476,303,0,15,0,2.196,-65.255,2.270
2012-05-05-09_44_48.476,303,1,15,0,-6.751,-65.294,1.970
2012-05-05-09_44_48.477,303,1,15,0,-6.837,-65.268,1.970
2012-05-05-09_44_48.477,303,1,15,0,-6.775,-65.215,1.970
2012-05-05-09_44_48.478,303,2,15,0,-15.696,-65.213,1.370
2012-05-05-09_44_48.479,303,2,15,0,-15.769,-65.185,1.370
2012-05-05-09_44_48.480,303,2,15,0,-15.715,-65.140,1.470
2012-05-05-09_44_48.480,303,3,15,0,-24.718,-65.295,1.770
2012-05-05-09_44_48.481,303,3,15,0,-24.693,-65.208,1.770
2012-05-05-09_44_48.481,303,3,15,0,-24.791,-65.267,1.770
2012-05-05-09_44_48.482,303,4,15,0,-33.714,-65.297,1.070
2012-05-05-09_44_48.483,303,4,15,0,-33.689,-65.210,1.070
2012-05-05-09_44_48.483,303,4,15,0,-33.788,-65.269,1.070
2012-05-05-09_44_48.484,303,5,15,0,-42.733,-65.296,1.470
2012-05-05-09_44_48.484,303,5,15,0,-42.690,-65.336,1.370
2012-05-05-09_44_48.485,303,5,15,0,-42.777,-65.310,1.470
2012-05-05-09_44_48.485,303,6,15,0,-51.760,-65.358,1.270
2012-05-05-09_44_48.486,303,6,15,0,-51.735,-65.271,1.270
2012-05-05-09_44_48.486,303,6,15,0,-51.833,-65.329,1.270
2012-05-05-09_44_48.487,303,7,15,0,-60.655,-65.294,2.070
2012-05-05-09_44_48.487,303,7,15,0,-60.728,-65.266,2.070
2012-05-05-09_44_48.487,303,7,15,0,-60.674,-65.221,2.070
2012-05-05-09_44_48.488,303,0,15,1,-2.196,-65.291,2.279
2012-05-05-09_44_48.488,303,0,15,1,-2.170,-65.196,2.279
2012-05-05-09_44_48.489,303,0,15,1,-2.269,-65.268,2.279
2012-05-05-09_44_48.489,303,1,15,1,-11.211,-65.293,1.979
2012-05-05-09_44_48.490,303,1,15,1,-11.345,-65.228,1.979
2012-05-05-09_44_48.490,303,1,15,1,-11.235,-65.215,1.979
2012-05-05-09_44_48.491,303,2,15,1,-20.160,-65.221,1.379
2012-05-05-09_44_48.492,303,2,15,1,-20.233,-65.198,1.379
2012-05-05-09_44_48.493,303,2,15,1,-20.243,-65.198,1.379
2012-05-05-09_44_48.493,303,3,15,1,-29.182,-65.303,1.479
2012-05-05-09_44_48.494,303,3,15,1,-29.157,-65.208,1.679
2012-05-05-09_44_48.494,303,3,15,1,-29.256,-65.281,1.579
2012-05-05-09_44_48.495,303,4,15,1,-38.179,-65.305,1.079
2012-05-05-09_44_48.495,303,4,15,1,-38.154,-65.210,1.179
2012-05-05-09_44_48.496,303,4,15,1,-38.252,-65.282,1.079
2012-05-05-09_44_48.496,303,5,15,1,-47.198,-65.296,1.379
2012-05-05-09_44_48.497,303,5,15,1,-47.285,-65.274,1.479
2012-05-05-09_44_48.497,303,5,15,1,-47.256,-65.297,1.479
2012-05-05-09_44_48.498,303,6,15,1,-56.224,-65.366,1.379
2012-05-05-09_44_48.498,303,6,15,1,-56.199,-65.270,1.479
2012-05-05-09_44_48.499,303,6,15,1,-56.298,-65.343,1.379
2012-05-05-09_44_48.499,303,7,15,1,-65.192,-65.279,2.179
2012-05-05-09_44_48.500,303,7,15,1,-65.202,-65.279,2.079
2012-05-05-09_44_48.500,303,7,15,1,-65.182,-65.185,5.879
2012-05-05-09_44_48.501,303,0,16,0,2.266,-69.783,4.891
2012-05-05-09_44_48.501,303,0,16,0,2.294,-69.689,2.291
2012-05-05-09_44_48.502,303,0,16,0,2.193,-69.758,2.291
2012-05-05-09_44_48.502,303,1,16,0,-6.752,-69.795,1.991
2012-05-05-09_44_48.503,303,1,16,0,-6.832,-69.769,1.991
2012-05-05-09_44_48.503,303,1,16,0,-6.773,-69.709,1.991
2012-05-05-09_44_48.504,303,2,16,0,-15.699,-69.713,5.391
2012-05-05-09_44_48.504,303,2,16,0,-15.772,-69.688,1.391
2012-05-05-09_44_48.505,303,2,16,0,-15.750,-69.698,1.391
2012-05-05-09_44_48.505,303,3,16,0,-24.721,-69.795,5.691
2012-05-05-09_44_48.506,303,3,16,0,-24.693,-69.701,1.791
2012-05-05-09_44_48.506,303,3,16,0,-24.794,-69.770,1.791
2012-05-05-09_44_48.507,303,4,16,0,-33.717,-69.797,0.891
2012-05-05-09_44_48.507,303,4,16,0,-33.690,-69.703,1.091
2012-05-05-09_44_48.508,303,4,16,0,-33.790,-69.772,0.991
2012-05-05-09_44_48.508,303,5,16,0,-42.734,-69.789,1.591
2012-05-05-09_44_48.509,303,5,16,0,-42.685,-69.837,1.391
2012-05-05-09_44_48.509,303,5,16,0,-42.778,-69.804,1.591
2012-05-05-09_44_48.510,303,6,16,0,-51.763,-69.858,2.691
2012-05-05-09_44_48.510,303,6,16,0,-51.735,-69.764,1.391
2012-05-05-09_44_48.511,303,6,16,0,-51.836,-69.833,1.291
2012-05-05-09_44_48.511,303,7,16,0,-60.657,-69.794,12.691
2012-05-05-09_44_48.512,303,7,16,0,-60.730,-69.769,3.291
2012-05-05-09_44_48.512,303,7,16,0,-60.674,-69.715,3.291
2012-05-05-09_44_48.513,303,0,16,1,-2.196,-69.788,2.303
2012-05-05-09_44_48.513,303,0,16,1,-2.168,-69.689,2.302
2012-05-05-09_44_48.514,303,0,16,1,-2.271,-69.771,2.302
2012-05-05-09_44_48.514,303,1,16,1,-11.211,-69.795,1.903
2012-05-05-09_44_48.515,303,1,16,1,-11.343,-69.721,2.002
2012-05-05-09_44_48.515,303,1,16,1,-11.233,-69.709,1.902
2012-05-05-09_44_48.516,303,2,16,1,-20.161,-69.718,1.403
2012-05-05-09_44_48.516,303,2,16,1,-20.236,-69.701,1.402
2012-05-05-09_44_48.517,303,2,16,1,-20.244,-69.699,1.302
2012-05-05-09_44_48.517,303,3,16,1,-29.183,-69.801,1.603
2012-05-05-09_44_48.518,303,3,16,1,-29.155,-69.701,1.602
2012-05-05-09_44_48.518,303,3,16,1,-29.258,-69.783,1.602
2012-05-05-09_44_48.519,303,4,16,1,-38.179,-69.802,1.103
2012-05-05-09_44_48.519,303,4,16,1,-38.152,-69.703,1.102
2012-05-05-09_44_48.520,303,4,16,1,-38.255,-69.785,1.102
2012-05-05-09_44_48.520,303,5,16,1,-47.196,-69.789,1.402
2012-05-05-09_44_48.521,303,5,16,1,-47.286,-69.770,1.402
2012-05-05-09_44_48.521,303,5,16,1,-47.257,-69.792,1.402
2012-05-05-09_44_48.522,303,6,16,1,-56.225,-69.863,1.403
2012-05-05-09_44_48.522,303,6,16,1,-56.197,-69.764,1.502
2012-05-05-09_44_48.523,303,6,16,1,-56.300,-69.846,1.502
2012-05-05-09_44_48.523,303,7,16,1,-65.195,-69.782,2.202
2012-05-05-09_44_48.525,303,7,16,1,-65.202,-69.780,2.202
2012-05-05-09_44_48.525,303,7,16,1,-65.182,-69.680,2.202
2012-05-05-09_44_48.526,303,0,17,0,2.256,-74.280,2.315
2012-05-05-09_44_48.526,303,0,17,0,2.288,-74.190,2.215
2012-05-05-09_44_48.530,303,0,17,0,2.193,-74.258,2.315
2012-05-05-09_44_48.531,303,1,17,0,-6.750,-74.293,1.915
2012-05-05-09_44_48.531,303,1,17,0,-6.833,-74.273,2.015
2012-05-05-09_44_48.532,303,1,17,0,-6.774,-74.206,2.015
2012-05-05-09_44_48.532,303,2,17,0,-15.709,-74.210,1.315
2012-05-05-09_44_48.533,303,2,17,0,-15.772,-74.188,1.415
2012-05-05-09_44_48.533,303,2,17,0,-15.718,-74.138,1.315
2012-05-05-09_44_48.534,303,3,17,0,-24.731,-74.292,1.815
2012-05-05-09_44_48.534,303,3,17,0,-24.699,-74.202,1.815
2012-05-05-09_44_48.535,303,3,17,0,-24.794,-74.270,1.815
2012-05-05-09_44_48.536,303,4,17,0,-33.728,-74.294,1.115
2012-05-05-09_44_48.537,303,4,17,0,-33.695,-74.204,1.115
2012-05-05-09_44_48.537,303,4,17,0,-33.791,-74.272,1.115
2012-05-05-09_44_48.538,303,5,17,0,-42.739,-74.290,1.615
2012-05-05-09_44_48.538,303,5,17,0,-42.686,-74.341,1.415
2012-05-05-09_44_48.539,303,5,17,0,-42.781,-74.308,1.515
2012-05-05-09_44_48.539,303,6,17,0,-51.773,-74.355,1.415
2012-05-05-09_44_48.540,303,6,17,0,-51.741,-74.265,1.415
2012-05-05-09_44_48.540,303,6,17,0,-51.836,-74.333,1.415
2012-05-05-09_44_48.541,303,7,17,0,-60.668,-74.291,2.115
2012-05-05-09_44_48.541,303,7,17,0,-60.731,-74.269,2.115
2012-05-05-09_44_48.542,303,7,17,0,-60.677,-74.219,2.215
2012-05-05-09_44_48.542,303,0,17,1,-2.196,-74.285,2.224
2012-05-05-09_44_48.543,303,0,17,1,-2.169,-74.189,2.324
2012-05-05-09_44_48.543,303,0,17,1,-2.269,-74.268,2.324
2012-05-05-09_44_48.544,303,1,17,1,-11.214,-74.293,2.024
2012-05-05-09_44_48.544,303,1,17,1,-11.343,-74.221,1.924
2012-05-05-09_44_48.545,303,1,17,1,-11.233,-74.206,1.924
2012-05-05-09_44_48.546,303,2,17,1,-20.161,-74.215,1.424
2012-05-05-09_44_48.547,303,2,17,1,-20.234,-74.198,1.424
2012-05-05-09_44_48.547,303,2,17,1,-20.242,-74.196,1.424
2012-05-05-09_44_48.548,303,3,17,1,-29.183,-74.298,1.624
2012-05-05-09_44_48.548,303,3,17,1,-29.156,-74.201,1.724
2012-05-05-09_44_48.548,303,3,17,1,-29.256,-74.281,1.624
2012-05-05-09_44_48.549,303,4,17,1,-38.180,-74.299,1.124
2012-05-05-09_44_48.549,303,4,17,1,-38.152,-74.203,1.124
2012-05-05-09_44_48.550,303,4,17,1,-38.253,-74.282,1.124
2012-05-05-09_44_48.550,303,5,17,1,-47.196,-74.289,1.624
2012-05-05-09_44_48.551,303,5,17,1,-47.284,-74.267,1.624
2012-05-05-09_44_48.551,303,5,17,1,-47.252,-74.292,1.624
2012-05-05-09_44_48.552,303,6,17,1,-56.225,-74.360,1.424
2012-05-05-09_44_48.552,303,6,17,1,-56.198,-74.263,1.524
2012-05-05-09_44_48.553,303,6,17,1,-56.298,-74.343,1.424
2012-05-05-09_44_48.553,303,7,17,1,-65.193,-74.279,2.224
2012-05-05-09_44_48.554,303,7,17,1,-65.200,-74.277,2.224
2012-05-05-09_44_48.554,303,7,17,1,-65.180,-74.178,2.224
2012-05-05-09_44_48.555,303,0,18,0,2.265,-78.779,2.033
2012-05-05-09_44_48.555,303,0,18,0,2.293,-78.689,2.033
2012-05-05-09_44_48.555,303,0,18,0,2.187,-78.755,2.033
2012-05-05-09_44_48.556,303,1,18,0,-6.750,-78.789,1.933
2012-05-05-09_44_48.556,303,1,18,0,-6.831,-78.769,1.933
2012-05-05-09_44_48.557,303,1,18,0,-6.772,-78.704,1.933
2012-05-05-09_44_48.557,303,2,18,0,-15.700,-78.708,1.433
2012-05-05-09_44_48.558,303,2,18,0,-15.777,-78.685,1.433
2012-05-05-09_44_48.558,303,2,18,0,-15.721,-78.639,1.533
2012-05-05-09_44_48.559,303,3,18,0,-24.722,-78.791,1.833
2012-05-05-09_44_48.559,303,3,18,0,-24.694,-78.702,1.933
2012-05-05-09_44_48.560,303,3,18,0,-24.800,-78.767,1.833
2012-05-05-09_44_48.561,303,4,18,0,-33.718,-78.793,1.233
2012-05-05-09_44_48.562,303,4,18,0,-33.691,-78.703,1.233
2012-05-05-09_44_48.562,303,4,18,0,-33.796,-78.769,1.133
2012-05-05-09_44_48.563,303,5,18,0,-42.734,-78.789,1.833
2012-05-05-09_44_48.563,303,5,18,0,-42.684,-78.837,1.533
2012-05-05-09_44_48.564,303,5,18,0,-42.783,-78.809,1.833
2012-05-05-09_44_48.564,303,6,18,0,-51.764,-78.853,1.533
2012-05-05-09_44_48.565,303,6,18,0,-51.736,-78.764,1.633
2012-05-05-09_44_48.565,303,6,18,0,-51.685,-78.812,1.633
2012-05-05-09_44_48.566,303,7,18,0,-60.658,-78.789,2.333
2012-05-05-09_44_48.566,303,7,18,0,-60.736,-78.766,2.333
2012-05-05-09_44_48.567,303,7,18,0,-60.680,-78.719,2.333
2012-05-05-09_44_48.567,303,0,18,1,-2.194,-78.788,2.042
2012-05-05-09_44_48.568,303,0,18,1,-2.169,-78.689,2.041
2012-05-05-09_44_48.568,303,0,18,1,-2.270,-78.765,2.041
2012-05-05-09_44_48.569,303,1,18,1,-11.212,-78.788,1.942
2012-05-05-09_44_48.569,303,1,18,1,-11.344,-78.720,1.841
2012-05-05-09_44_48.570,303,1,18,1,-11.236,-78.703,1.841
2012-05-05-09_44_48.570,303,2,18,1,-20.159,-78.718,1.442
2012-05-05-09_44_48.571,303,2,18,1,-20.235,-78.695,1.541
2012-05-05-09_44_48.571,303,2,18,1,-20.242,-78.693,1.441
2012-05-05-09_44_48.572,303,3,18,1,-29.181,-78.800,1.642
2012-05-05-09_44_48.572,303,3,18,1,-29.156,-78.701,1.841
2012-05-05-09_44_48.573,303,3,18,1,-29.257,-78.778,1.841
2012-05-05-09_44_48.573,303,4,18,1,-38.178,-78.802,1.242
2012-05-05-09_44_48.573,303,4,18,1,-38.153,-78.703,1.241
2012-05-05-09_44_48.574,303,4,18,1,-38.253,-78.779,1.341
2012-05-05-09_44_48.574,303,5,18,1,-47.196,-78.788,1.741
2012-05-05-09_44_48.575,303,5,18,1,-47.284,-78.764,1.741
2012-05-05-09_44_48.575,303,5,18,1,-47.253,-78.792,1.641
2012-05-05-09_44_48.576,303,6,18,1,-56.223,-78.862,1.642
2012-05-05-09_44_48.576,303,6,18,1,-56.198,-78.763,1.641
2012-05-05-09_44_48.577,303,6,18,1,-56.299,-78.840,1.641
2012-05-05-09_44_48.577,303,7,18,1,-65.193,-78.776,2.341
2012-05-05-09_44_48.578,303,7,18,1,-65.201,-78.774,2.341
2012-05-05-09_44_48.578,303,7,18,1,-65.181,-78.675,2.341
2012-05-05-09_44_48.579,303,0,19,0,2.265,-83.282,2.053
2012-05-05-09_44_48.579,303,0,19,0,2.292,-83.196,1.953
2012-05-05-09_44_48.580,303,0,19,0,2.187,-83.253,2.053
2012-05-05-09_44_48.580,303,1,19,0,-6.751,-83.290,1.953
2012-05-05-09_44_48.581,303,1,19,0,-6.831,-83.269,1.953
2012-05-05-09_44_48.581,303,1,19,0,-6.772,-83.212,1.953
2012-05-05-09_44_48.582,303,2,19,0,-15.700,-83.212,1.553
2012-05-05-09_44_48.582,303,2,19,0,-15.778,-83.183,1.553
2012-05-05-09_44_48.582,303,2,19,0,-15.721,-83.142,1.553
2012-05-05-09_44_48.583,303,3,19,0,-24.722,-83.294,1.853
2012-05-05-09_44_48.583,303,3,19,0,-24.695,-83.208,1.853
2012-05-05-09_44_48.584,303,3,19,0,-24.800,-83.266,1.853
2012-05-05-09_44_48.584,303,4,19,0,-33.719,-83.296,1.153
2012-05-05-09_44_48.585,303,4,19,0,-33.691,-83.210,1.153
2012-05-05-09_44_48.585,303,4,19,0,-33.797,-83.267,1.153
2012-05-05-09_44_48.586,303,5,19,0,-42.735,-83.296,1.853
2012-05-05-09_44_48.586,303,5,19,0,-42.684,-83.337,1.553
2012-05-05-09_44_48.588,303,5,19,0,-42.784,-83.312,1.753
2012-05-05-09_44_48.588,303,6,19,0,-51.764,-83.356,1.553
2012-05-05-09_44_48.589,303,6,19,0,-51.737,-83.271,1.553
2012-05-05-09_44_48.589,303,6,19,0,-51.686,-83.312,1.553
2012-05-05-09_44_48.590,303,7,19,0,-60.659,-83.293,2.353
2012-05-05-09_44_48.590,303,7,19,0,-60.737,-83.264,2.353
2012-05-05-09_44_48.591,303,7,19,0,-60.680,-83.223,2.353
2012-05-05-09_44_48.591,303,0,19,1,-2.195,-83.292,2.065
2012-05-05-09_44_48.592,303,0,19,1,-2.167,-83.196,2.065
2012-05-05-09_44_48.593,303,0,19,1,-2.268,-83.266,2.065
2012-05-05-09_44_48.594,303,1,19,1,-11.213,-83.290,1.865
2012-05-05-09_44_48.594,303,1,19,1,-11.342,-83.227,1.865
2012-05-05-09_44_48.595,303,1,19,1,-11.237,-83.210,1.865
2012-05-05-09_44_48.595,303,2,19,1,-20.160,-83.222,1.565
2012-05-05-09_44_48.596,303,2,19,1,-20.233,-83.195,1.565
2012-05-05-09_44_48.596,303,2,19,1,-20.242,-83.195,1.565
2012-05-05-09_44_48.597,303,3,19,1,-29.182,-83.305,1.865
2012-05-05-09_44_48.597,303,3,19,1,-29.154,-83.208,1.865
2012-05-05-09_44_48.598,303,3,19,1,-29.255,-83.278,1.865
2012-05-05-09_44_48.598,303,4,19,1,-38.178,-83.306,1.265
2012-05-05-09_44_48.599,303,4,19,1,-38.151,-83.210,1.365
2012-05-05-09_44_48.599,303,4,19,1,-38.251,-83.280,1.265
2012-05-05-09_44_48.600,303,5,19,1,-47.194,-83.296,1.565
2012-05-05-09_44_48.600,303,5,19,1,-47.285,-83.270,1.665
2012-05-05-09_44_48.601,303,5,19,1,-47.253,-83.298,1.665
2012-05-05-09_44_48.601,303,6,19,1,-56.224,-83.367,1.665
2012-05-05-09_44_48.602,303,6,19,1,-56.196,-83.270,1.665
2012-05-05-09_44_48.602,303,6,19,1,-56.297,-83.340,1.565
2012-05-05-09_44_48.603,303,7,19,1,-65.191,-83.276,2.365
2012-05-05-09_44_48.603,303,7,19,1,-65.201,-83.275,2.365
2012-05-05-09_44_48.603,303,7,19,1,-65.181,-83.181,2.365
2012-05-05-09_44_48.604,303,0,20,0,2.267,-87.783,2.078
2012-05-05-09_44_48.604,303,0,20,0,2.294,-87.696,2.078
2012-05-05-09_44_48.605,303,0,20,0,2.187,-87.753,2.078
2012-05-05-09_44_48.605,303,1,20,0,-6.754,-87.794,1.878
2012-05-05-09_44_48.606,303,1,20,0,-6.829,-87.768,1.878
2012-05-05-09_44_48.606,303,1,20,0,-6.770,-87.716,1.878
2012-05-05-09_44_48.607,303,2,20,0,-15.698,-87.713,1.478
2012-05-05-09_44_48.607,303,2,20,0,-15.778,-87.683,1.578
2012-05-05-09_44_48.608,303,2,20,0,-15.719,-87.640,1.578
2012-05-05-09_44_48.608,303,3,20,0,-24.720,-87.795,1.978
2012-05-05-09_44_48.609,303,3,20,0,-24.693,-87.708,1.978
2012-05-05-09_44_48.609,303,3,20,0,-24.800,-87.766,1.878
2012-05-05-09_44_48.609,303,4,20,0,-33.717,-87.797,1.178
2012-05-05-09_44_48.610,303,4,20,0,-33.689,-87.710,1.178
2012-05-05-09_44_48.610,303,4,20,0,-33.797,-87.767,1.178
2012-05-05-09_44_48.611,303,5,20,0,-42.733,-87.796,1.778
2012-05-05-09_44_48.611,303,5,20,0,-42.682,-87.836,1.578
2012-05-05-09_44_48.612,303,5,20,0,-42.782,-87.810,1.778
2012-05-05-09_44_48.612,303,6,20,0,-51.762,-87.858,1.578
2012-05-05-09_44_48.613,303,6,20,0,-51.735,-87.771,1.578
2012-05-05-09_44_48.613,303,6,20,0,-51.684,-87.811,1.578
2012-05-05-09_44_48.614,303,7,20,0,-60.657,-87.794,2.378
2012-05-05-09_44_48.614,303,7,20,0,-60.737,-87.764,2.378
2012-05-05-09_44_48.615,303,7,20,0,-60.678,-87.721,2.378
2012-05-05-09_44_48.615,303,0,20,1,-2.193,-87.791,2.087
2012-05-05-09_44_48.616,303,0,20,1,-2.276,-87.773,2.087
2012-05-05-09_44_48.616,303,0,20,1,-2.217,-87.710,2.087
2012-05-05-09_44_48.617,303,2,20,1,-20.158,-87.721,1.587
2012-05-05-09_44_48.617,303,2,20,1,-20.241,-87.703,1.587
2012-05-05-09_44_48.618,303,3,20,1,-29.180,-87.803,1.887
2012-05-05-09_44_48.618,303,3,20,1,-29.263,-87.785,1.887
2012-05-05-09_44_48.619,303,3,20,1,-29.204,-87.722,1.887
2012-05-05-09_44_48.619,303,4,20,1,-38.176,-87.805,1.387
2012-05-05-09_44_48.620,303,4,20,1,-38.259,-87.787,1.287
2012-05-05-09_44_48.620,303,4,20,1,-38.200,-87.724,1.287
2012-05-05-09_44_48.621,303,5,20,1,-47.244,-87.810,1.787
2012-05-05-09_44_48.621,303,6,20,1,-56.222,-87.865,1.587
2012-05-05-09_44_48.622,303,6,20,1,-56.305,-87.848,1.587
2012-05-05-09_44_48.622,303,6,20,1,-56.148,-87.812,1.587
2012-05-05-09_44_48.622,303,7,20,1,-65.199,-87.784,2.387
2012-05-05-09_44_48.623,303,7,20,1,-65.140,-87.721,13.487
2012-05-05-09_44_48.625,303,0,21,0,2.266,-92.283,2.096
2012-05-05-09_44_48.625,303,0,21,0,2.294,-92.190,2.096
2012-05-05-09_44_48.626,303,0,21,0,2.186,-92.258,2.096
2012-05-05-09_44_48.626,303,1,21,0,-6.754,-92.296,1.896
2012-05-05-09_44_48.627,303,1,21,0,-6.830,-92.269,1.896
2012-05-05-09_44_48.627,303,1,21,0,-6.773,-92.210,1.896
2012-05-05-09_44_48.628,303,2,21,0,-15.698,-92.213,1.496
2012-05-05-09_44_48.628,303,2,21,0,-15.779,-92.187,1.396
2012-05-05-09_44_48.629,303,2,21,0,-15.720,-92.134,1.496
2012-05-05-09_44_48.629,303,3,21,0,-24.720,-92.295,1.896
2012-05-05-09_44_48.630,303,3,21,0,-24.693,-92.203,1.896
2012-05-05-09_44_48.630,303,3,21,0,-24.801,-92.270,1.896
2012-05-05-09_44_48.631,303,4,21,0,-33.717,-92.297,1.196
2012-05-05-09_44_48.631,303,4,21,0,-33.690,-92.204,1.196
2012-05-05-09_44_48.632,303,4,21,0,-33.797,-92.272,1.196
2012-05-05-09_44_48.632,303,5,21,0,-42.733,-92.290,1.796
2012-05-05-09_44_48.633,303,5,21,0,-42.682,-92.337,1.596
2012-05-05-09_44_48.633,303,5,21,0,-42.782,-92.304,1.796
2012-05-05-09_44_48.634,303,6,21,0,-51.762,-92.357,1.496
2012-05-05-09_44_48.634,303,6,21,0,-51.735,-92.265,1.496
2012-05-05-09_44_48.635,303,6,21,0,-51.684,-92.312,1.596
2012-05-05-09_44_48.635,303,7,21,0,-60.657,-92.293,2.296
2012-05-05-09_44_48.636,303,7,21,0,-60.737,-92.268,2.296
2012-05-05-09_44_48.636,303,7,21,0,-60.679,-92.215,2.296
2012-05-05-09_44_48.636,303,0,21,1,-2.191,-92.289,2.105
2012-05-05-09_44_48.637,303,0,21,1,-2.168,-92.190,2.104
2012-05-05-09_44_48.637,303,0,21,1,-2.266,-92.269,2.104
2012-05-05-09_44_48.638,303,1,21,1,-11.214,-92.296,2.005
2012-05-05-09_44_48.639,303,1,21,1,-11.342,-92.222,2.004
2012-05-05-09_44_48.641,303,1,21,1,-11.235,-92.210,2.004
2012-05-05-09_44_48.642,303,2,21,1,-20.156,-92.219,1.505
2012-05-05-09_44_48.642,303,2,21,1,-20.231,-92.199,1.504
2012-05-05-09_44_48.643,303,2,21,1,-20.241,-92.199,1.504
2012-05-05-09_44_48.643,303,3,21,1,-29.178,-92.301,1.605
2012-05-05-09_44_48.644,303,3,21,1,-29.155,-92.202,1.904
2012-05-05-09_44_48.644,303,3,21,1,-29.253,-92.282,1.904
2012-05-05-09_44_48.644,303,4,21,1,-38.174,-92.303,1.305
2012-05-05-09_44_48.645,303,4,21,1,-38.152,-92.204,1.304
2012-05-05-09_44_48.645,303,4,21,1,-38.250,-92.283,1.204
2012-05-05-09_44_48.646,303,5,21,1,-47.195,-92.290,1.604
2012-05-05-09_44_48.646,303,5,21,1,-47.281,-92.270,1.704
2012-05-05-09_44_48.647,303,5,21,1,-47.251,-92.292,1.604
2012-05-05-09_44_48.647,303,6,21,1,-56.220,-92.364,1.605
2012-05-05-09_44_48.648,303,6,21,1,-56.197,-92.265,1.604
2012-05-05-09_44_48.648,303,6,21,1,-56.295,-92.344,1.604
2012-05-05-09_44_48.649,303,7,21,1,-65.190,-92.280,2.104
2012-05-05-09_44_48.649,303,7,21,1,-65.200,-92.280,2.104
2012-05-05-09_44_48.650,303,7,21,1,-65.177,-92.181,2.104
2012-05-05-09_44_48.650,303,0,22,0,2.266,-96.780,2.016
2012-05-05-09_44_48.650,303,0,22,0,2.296,-96.691,2.016
2012-05-05-09_44_48.651,303,0,22,0,2.186,-96.758,2.116
2012-05-05-09_44_48.651,303,1,22,0,-6.754,-96.794,1.916
2012-05-05-09_44_48.652,303,1,22,0,-6.830,-96.774,1.916
2012-05-05-09_44_48.652,303,1,22,0,-6.776,-96.708,1.916
2012-05-05-09_44_48.653,303,2,22,0,-15.699,-96.710,1.416
2012-05-05-09_44_48.653,303,2,22,0,-15.779,-96.688,1.416
2012-05-05-09_44_48.654,303,2,22,0,-15.718,-96.640,1.416
2012-05-05-09_44_48.654,303,3,22,0,-24.721,-96.792,1.916
2012-05-05-09_44_48.655,303,3,22,0,-24.691,-96.703,1.916
2012-05-05-09_44_48.655,303,3,22,0,-24.801,-96.770,1.916
2012-05-05-09_44_48.655,303,4,22,0,-33.717,-96.794,1.216
2012-05-05-09_44_48.656,303,4,22,0,-33.688,-96.705,1.116
2012-05-05-09_44_48.657,303,4,22,0,-33.798,-96.772,1.116
2012-05-05-09_44_48.658,303,5,22,0,-42.731,-96.791,1.816
2012-05-05-09_44_48.659,303,5,22,0,-42.683,-96.842,1.616
2012-05-05-09_44_48.659,303,5,22,0,-42.780,-96.810,1.816
2012-05-05-09_44_48.660,303,6,22,0,-51.763,-96.855,1.516
2012-05-05-09_44_48.660,303,6,22,0,-51.733,-96.766,1.616
2012-05-05-09_44_48.660,303,6,22,0,-51.685,-96.817,1.516
2012-05-05-09_44_48.661,303,7,22,0,-60.658,-96.791,2.316
2012-05-05-09_44_48.661,303,7,22,0,-60.738,-96.769,2.316
2012-05-05-09_44_48.662,303,7,22,0,-60.677,-96.721,2.316
2012-05-05-09_44_48.662,303,0,22,1,-2.194,-96.786,2.125
2012-05-05-09_44_48.663,303,0,22,1,-2.171,-96.691,2.125
2012-05-05-09_44_48.663,303,0,22,1,-2.264,-96.768,2.125
2012-05-05-09_44_48.664,303,1,22,1,-11.214,-96.794,1.925
2012-05-05-09_44_48.664,303,1,22,1,-11.345,-96.723,2.025
2012-05-05-09_44_48.665,303,1,22,1,-11.235,-96.708,1.925
2012-05-05-09_44_48.665,303,2,22,1,-20.158,-96.716,1.525
2012-05-05-09_44_48.666,303,2,22,1,-20.229,-96.698,1.525
2012-05-05-09_44_48.666,303,2,22,1,-20.234,-96.697,1.525
2012-05-05-09_44_48.666,303,3,22,1,-29.181,-96.798,1.625
2012-05-05-09_44_48.667,303,3,22,1,-29.158,-96.703,1.825
2012-05-05-09_44_48.667,303,3,22,1,-29.251,-96.780,1.625
2012-05-05-09_44_48.668,303,4,22,1,-38.177,-96.800,1.225
2012-05-05-09_44_48.668,303,4,22,1,-38.154,-96.705,1.225
2012-05-05-09_44_48.669,303,4,22,1,-38.248,-96.782,1.225
2012-05-05-09_44_48.669,303,5,22,1,-47.198,-96.791,1.625
2012-05-05-09_44_48.670,303,5,22,1,-47.279,-96.768,1.625
2012-05-05-09_44_48.670,303,5,22,1,-47.249,-96.791,1.625
2012-05-05-09_44_48.671,303,6,22,1,-56.223,-96.860,1.625
2012-05-05-09_44_48.671,303,6,22,1,-56.200,-96.766,1.625
2012-05-05-09_44_48.671,303,6,22,1,-56.293,-96.842,1.625
2012-05-05-09_44_48.672,303,7,22,1,-65.188,-96.779,2.125
2012-05-05-09_44_48.672,303,7,22,1,-65.193,-96.778,2.125
2012-05-05-09_44_48.673,303,7,22,1,-65.175,-96.679,2.125
2012-05-05-09_44_48.673,303,0,23,0,2.271,-101.279,2.040
2012-05-05-09_44_48.674,303,0,23,0,2.296,-101.191,2.040
2012-05-05-09_44_48.674,303,0,23,0,2.185,-101.254,2.040
2012-05-05-09_44_48.675,303,1,23,0,-6.757,-101.289,1.940
2012-05-05-09_44_48.675,303,1,23,0,-6.830,-101.270,1.940
2012-05-05-09_44_48.676,303,1,23,0,-6.776,-101.204,1.840
2012-05-05-09_44_48.676,303,2,23,0,-15.694,-101.208,1.340
2012-05-05-09_44_48.677,303,2,23,0,-15.780,-101.184,1.340
2012-05-05-09_44_48.677,303,2,23,0,-15.716,-101.140,1.340
2012-05-05-09_44_48.678,303,3,23,0,-24.716,-101.291,1.840
2012-05-05-09_44_48.678,303,3,23,0,-24.691,-101.203,1.840
2012-05-05-09_44_48.679,303,3,23,0,-24.802,-101.267,1.840
2012-05-05-09_44_48.679,303,4,23,0,-33.713,-101.293,1.140
2012-05-05-09_44_48.680,303,4,23,0,-33.688,-101.205,1.140
2012-05-05-09_44_48.680,303,4,23,0,-33.798,-101.268,1.140
2012-05-05-09_44_48.681,303,5,23,0,-42.732,-101.291,1.640
2012-05-05-09_44_48.681,303,5,23,0,-42.683,-101.338,1.540
2012-05-05-09_44_48.682,303,5,23,0,-42.778,-101.310,1.740
2012-05-05-09_44_48.682,303,6,23,0,-51.758,-101.353,1.540
2012-05-05-09_44_48.683,303,6,23,0,-51.733,-101.265,1.540
2012-05-05-09_44_48.683,303,6,23,0,-51.685,-101.313,1.540
2012-05-05-09_44_48.684,303,7,23,0,-60.653,-101.289,2.240
2012-05-05-09_44_48.684,303,7,23,0,-60.738,-101.265,2.240
2012-05-05-09_44_48.684,303,7,23,0,-60.675,-101.221,2.240
2012-05-05-09_44_48.685,303,0,23,1,-2.179,-101.276,2.140
2012-05-05-09_44_48.685,303,0,23,1,-2.169,-101.190,2.140
2012-05-05-09_44_48.686,303,0,23,1,-2.265,-101.265,2.040
2012-05-05-09_44_48.686,303,1,23,1,-11.354,-101.308,1.940
2012-05-05-09_44_48.687,303,1,23,1,-11.343,-101.222,1.940
2012-05-05-09_44_48.687,303,1,23,1,-11.236,-101.204,1.940
2012-05-05-09_44_48.689,303,2,23,1,-20.144,-101.206,1.440
2012-05-05-09_44_48.689,303,2,23,1,-20.230,-101.194,1.440
2012-05-05-09_44_48.690,303,2,23,1,-20.237,-101.194,1.440
2012-05-05-09_44_48.690,303,3,23,1,-29.166,-101.288,1.740
2012-05-05-09_44_48.692,303,3,23,1,-29.156,-101.202,1.840
2012-05-05-09_44_48.692,303,3,23,1,-29.252,-101.277,1.840
2012-05-05-09_44_48.693,303,4,23,1,-38.163,-101.290,1.240
2012-05-05-09_44_48.693,303,4,23,1,-38.152,-101.204,1.240
2012-05-05-09_44_48.694,303,4,23,1,-38.248,-101.279,1.240
2012-05-05-09_44_48.694,303,5,23,1,-47.196,-101.290,1.640
2012-05-05-09_44_48.695,303,5,23,1,-47.279,-101.266,1.640
2012-05-05-09_44_48.695,303,5,23,1,-47.250,-101.292,1.640
2012-05-05-09_44_48.696,303,6,23,1,-56.208,-101.350,1.540
2012-05-05-09_44_48.696,303,6,23,1,-56.198,-101.265,1.640
2012-05-05-09_44_48.697,303,6,23,1,-56.294,-101.339,1.640
2012-05-05-09_44_48.697,303,7,23,1,-65.188,-101.275,2.140
2012-05-05-09_44_48.698,303,7,23,1,-65.196,-101.274,2.040
2012-05-05-09_44_48.698,303,7,23,1,-65.175,-101.176,2.040
