2012-05-04-11_00_33.244,3,3,0,0,-24.796,2.248,24.799
2012-05-04-11_00_33.247,3,6,0,0,-51.794,2.210,1.499
2012-05-04-11_00_33.249,3,6,0,0,-51.850,2.278,1.499
2012-05-04-11_00_33.283,3,2,0,1,-20.225,2.320,2.400
2012-05-04-11_00_33.284,3,3,0,1,-29.243,2.242,2.300
2012-05-04-11_00_33.285,3,3,0,1,-29.302,2.315,2.200
2012-05-04-11_00_33.286,3,4,0,1,-38.229,2.252,1.600
2012-05-04-11_00_33.287,3,4,0,1,-38.288,2.325,1.600
2012-05-04-11_00_33.288,3,6,0,1,-56.241,2.203,1.800
2012-05-04-11_00_33.289,3,6,0,1,-56.300,2.276,1.900
2012-05-04-11_00_33.290,3,7,0,1,-65.174,2.278,24.500
2012-05-04-11_00_33.291,3,3,1,0,-24.759,-2.248,24.704
2012-05-04-11_00_33.291,3,3,1,0,-24.813,-2.182,24.704
2012-05-04-11_00_33.292,3,3,1,1,-29.212,-2.255,2.414
2012-05-04-11_00_33.293,3,3,1,1,-29.268,-2.183,2.614
2012-05-04-11_00_33.294,3,4,1,1,-38.197,-2.245,1.614
2012-05-04-11_00_33.295,3,4,1,1,-38.253,-2.173,1.914
2012-05-04-11_00_33.295,3,7,1,1,-65.142,-2.219,21.314
2012-05-04-11_00_33.296,3,7,1,1,-65.198,-2.147,3.214
2012-05-04-11_00_33.305,3,3,2,0,-24.725,-6.747,24.318
2012-05-04-11_00_33.306,3,3,2,0,-24.779,-6.687,24.318
2012-05-04-11_00_33.307,3,1,2,1,-11.351,-6.799,2.333
2012-05-04-11_00_33.308,3,3,2,1,-29.182,-6.756,2.433
2012-05-04-11_00_33.309,3,3,2,1,-29.236,-6.689,2.433
2012-05-04-11_00_33.309,3,4,2,1,-38.222,-6.679,1.933
2012-05-04-11_00_33.310,3,6,2,1,-56.180,-6.795,1.933
2012-05-04-11_00_33.311,3,6,2,1,-56.234,-6.728,2.033
2012-05-04-11_00_33.312,3,1,3,0,-6.860,-11.291,25.038
2012-05-04-11_00_33.313,3,3,3,0,-24.691,-11.248,24.538
2012-05-04-11_00_33.314,3,3,3,0,-24.745,-11.190,24.638
2012-05-04-11_00_33.314,3,1,3,1,-11.317,-11.302,2.650
2012-05-04-11_00_33.315,3,3,3,1,-29.148,-11.259,2.350
2012-05-04-11_00_33.316,3,3,3,1,-29.204,-11.189,2.450
2012-05-04-11_00_33.317,3,6,3,1,-56.263,-11.155,2.550
2012-05-04-11_00_33.318,3,1,4,0,-6.826,-15.794,24.854
2012-05-04-11_00_33.318,3,3,4,0,-24.657,-15.751,24.354
2012-05-04-11_00_33.319,3,3,4,0,-24.710,-15.685,24.554
2012-05-04-11_00_33.320,3,1,4,1,-11.283,-15.803,2.364
2012-05-04-11_00_33.321,3,1,4,1,-11.341,-15.728,2.664
2012-05-04-11_00_33.322,3,3,4,1,-29.173,-15.685,5.164
2012-05-04-11_00_33.322,3,1,5,0,-6.794,-20.294,24.966
2012-05-04-11_00_33.323,3,1,5,0,-6.850,-20.228,25.066
2012-05-04-11_00_33.324,3,3,5,0,-24.681,-20.185,24.366
2012-05-04-11_00_33.325,3,1,5,1,-11.249,-20.302,2.677
2012-05-04-11_00_33.325,3,1,5,1,-11.307,-20.229,2.677
2012-05-04-11_00_33.326,3,6,5,1,-56.200,-20.157,1.677
2012-05-04-11_00_33.327,3,1,6,0,-6.762,-24.791,25.081
2012-05-04-11_00_33.328,3,1,6,0,-6.816,-24.730,25.081
2012-05-04-11_00_33.328,3,1,6,1,-11.205,-24.798,2.397
2012-05-04-11_00_33.329,3,1,6,1,-11.268,-24.729,2.597
2012-05-04-11_00_33.330,3,1,7,0,-6.730,-29.292,25.102
2012-05-04-11_00_33.330,3,1,7,0,-6.784,-29.237,25.202
2012-05-04-11_00_33.331,3,1,7,1,-11.168,-29.300,2.714
2012-05-04-11_00_33.332,3,1,7,1,-11.234,-29.236,2.714
2012-05-04-11_00_33.333,3,1,8,0,-6.696,-33.791,25.018
2012-05-04-11_00_33.333,3,1,8,0,-6.752,-33.737,25.218
2012-05-04-11_00_33.334,3,1,8,1,-11.197,-33.736,2.828
2012-05-04-11_00_33.335,3,1,9,0,-6.662,-38.295,25.130
2012-05-04-11_00_33.337,3,1,9,0,-6.721,-38.230,25.130
2012-05-04-11_00_33.338,3,1,9,1,-11.161,-38.230,2.842
2012-05-04-11_00_33.339,3,1,10,0,-6.686,-42.730,25.245
2012-05-04-11_00_33.340,3,1,11,0,-6.652,-47.229,25.265
