2012-05-05-13_15_22.641,357,0,0,0,2.256,2.217,1.665
2012-05-05-13_15_22.643,357,0,0,0,2.296,2.304,1.665
2012-05-05-13_15_22.668,357,0,0,0,2.195,2.246,1.665
2012-05-05-13_15_22.668,357,1,0,0,-6.752,2.208,2.065
2012-05-05-13_15_22.669,357,1,0,0,-6.830,2.234,2.065
2012-05-05-13_15_22.670,357,1,0,0,-6.771,2.286,2.165
2012-05-05-13_15_22.670,357,2,0,0,-15.709,2.287,1.565
2012-05-05-13_15_22.671,357,2,0,0,-15.770,2.316,1.565
2012-05-05-13_15_22.671,357,2,0,0,-15.713,2.361,1.565
2012-05-05-13_15_22.672,357,3,0,0,-24.731,2.204,2.565
2012-05-05-13_15_22.673,357,3,0,0,-24.691,2.292,2.565
2012-05-05-13_15_22.673,357,3,0,0,-24.792,2.233,2.465
2012-05-05-13_15_22.674,357,4,0,0,-33.728,2.203,1.565
2012-05-05-13_15_22.674,357,4,0,0,-33.688,2.290,1.565
2012-05-05-13_15_22.675,357,4,0,0,-33.788,2.232,1.465
2012-05-05-13_15_22.675,357,5,0,0,-42.732,2.205,1.765
2012-05-05-13_15_22.676,357,5,0,0,-42.683,2.166,1.765
2012-05-05-13_15_22.676,357,5,0,0,-42.776,2.191,1.765
2012-05-05-13_15_22.678,357,6,0,0,-51.773,2.142,1.165
2012-05-05-13_15_22.679,357,6,0,0,-51.733,2.230,1.165
2012-05-05-13_15_22.679,357,6,0,0,-51.834,2.171,1.165
2012-05-05-13_15_22.681,357,7,0,0,-60.668,2.206,2.365
2012-05-05-13_15_22.681,357,7,0,0,-60.729,2.235,2.365
2012-05-05-13_15_22.682,357,7,0,0,-60.672,2.280,2.365
2012-05-05-13_15_22.683,357,0,0,1,-2.192,2.209,2.065
2012-05-05-13_15_22.684,357,0,0,1,-2.164,2.304,2.065
2012-05-05-13_15_22.684,357,0,0,1,-2.260,2.231,2.065
2012-05-05-13_15_22.685,357,1,0,1,-11.205,2.207,2.265
2012-05-05-13_15_22.686,357,1,0,1,-11.339,2.273,2.265
2012-05-05-13_15_22.686,357,1,0,1,-11.226,2.286,2.265
2012-05-05-13_15_22.687,357,2,0,1,-20.157,2.279,1.765
2012-05-05-13_15_22.688,357,2,0,1,-20.225,2.301,1.665
2012-05-05-13_15_22.689,357,2,0,1,-20.230,2.302,1.665
2012-05-05-13_15_22.689,357,3,0,1,-29.179,2.197,2.765
2012-05-05-13_15_22.690,357,3,0,1,-29.151,2.292,2.865
2012-05-05-13_15_22.691,357,3,0,1,-29.247,2.219,2.765
2012-05-05-13_15_22.692,357,4,0,1,-38.175,2.195,2.465
2012-05-05-13_15_22.693,357,4,0,1,-38.148,2.290,2.365
2012-05-05-13_15_22.693,357,4,0,1,-38.243,2.217,2.465
2012-05-05-13_15_22.694,357,5,0,1,-47.191,2.205,0.965
2012-05-05-13_15_22.694,357,5,0,1,-47.274,2.227,0.965
2012-05-05-13_15_22.696,357,5,0,1,-47.245,2.203,0.865
2012-05-05-13_15_22.696,357,6,0,1,-56.221,2.134,1.965
2012-05-05-13_15_22.697,357,6,0,1,-56.193,2.230,1.865
2012-05-05-13_15_22.697,357,6,0,1,-56.289,2.157,1.965
2012-05-05-13_15_22.698,357,7,0,1,-65.183,2.220,1.465
2012-05-05-13_15_22.699,357,7,0,1,-65.188,2.221,1.465
2012-05-05-13_15_22.700,357,7,0,1,-65.171,2.316,1.465
2012-05-05-13_15_22.700,357,0,1,0,2.270,-2.283,1.978
2012-05-05-13_15_22.701,357,0,1,0,2.298,-2.189,1.978
2012-05-05-13_15_22.708,357,0,1,0,2.197,-2.259,1.878
2012-05-05-13_15_22.709,357,1,1,0,-6.750,-2.295,1.578
2012-05-05-13_15_22.710,357,1,1,0,-6.828,-2.268,1.678
2012-05-05-13_15_22.710,357,1,1,0,-6.769,-2.209,1.578
2012-05-05-13_15_22.711,357,2,1,0,-15.695,-2.213,0.878
2012-05-05-13_15_22.711,357,2,1,0,-15.768,-2.189,0.778
2012-05-05-13_15_22.712,357,2,1,0,-15.746,-2.198,2.278
2012-05-05-13_15_22.712,357,3,1,0,-24.717,-2.295,1.178
2012-05-05-13_15_22.713,357,3,1,0,-24.689,-2.201,1.178
2012-05-05-13_15_22.714,357,3,1,0,-24.790,-2.271,1.178
2012-05-05-13_15_22.714,357,4,1,0,-33.713,-2.297,0.578
2012-05-05-13_15_22.715,357,4,1,0,-33.686,-2.203,0.578
2012-05-05-13_15_22.716,357,4,1,0,-33.787,-2.273,0.478
2012-05-05-13_15_22.717,357,5,1,0,-42.730,-2.289,1.078
2012-05-05-13_15_22.718,357,5,1,0,-42.681,-2.336,1.078
2012-05-05-13_15_22.718,357,5,1,0,-42.776,-2.304,1.078
2012-05-05-13_15_22.719,357,6,1,0,-51.759,-2.358,0.978
2012-05-05-13_15_22.720,357,6,1,0,-51.731,-2.264,0.878
2012-05-05-13_15_22.721,357,6,1,0,-51.832,-2.333,0.978
2012-05-05-13_15_22.722,357,7,1,0,-60.654,-2.294,1.678
2012-05-05-13_15_22.722,357,7,1,0,-60.727,-2.270,1.578
2012-05-05-13_15_22.723,357,7,1,0,-60.673,-2.215,1.578
2012-05-05-13_15_22.724,357,0,1,1,-2.190,-2.289,1.488
2012-05-05-13_15_22.725,357,0,1,1,-2.164,-2.189,1.488
2012-05-05-13_15_22.726,357,0,1,1,-2.263,-2.271,1.488
2012-05-05-13_15_22.727,357,1,1,1,-11.203,-2.294,1.188
2012-05-05-13_15_22.728,357,1,1,1,-11.339,-2.221,1.188
2012-05-05-13_15_22.728,357,1,1,1,-11.227,-2.209,3.288
2012-05-05-13_15_22.729,357,2,1,1,-20.154,-2.219,0.688
2012-05-05-13_15_22.730,357,2,1,1,-20.228,-2.201,0.688
2012-05-05-13_15_22.731,357,2,1,1,-20.232,-2.199,0.688
2012-05-05-13_15_22.732,357,3,1,1,-29.177,-2.301,0.988
2012-05-05-13_15_22.732,357,3,1,1,-29.151,-2.201,0.988
2012-05-05-13_15_22.733,357,3,1,1,-29.250,-2.283,0.988
2012-05-05-13_15_22.734,357,4,1,1,-38.173,-2.303,0.788
2012-05-05-13_15_22.734,357,4,1,1,-38.148,-2.203,0.888
2012-05-05-13_15_22.735,357,4,1,1,-38.246,-2.285,0.788
2012-05-05-13_15_22.736,357,5,1,1,-47.192,-2.289,1.088
2012-05-05-13_15_22.737,357,5,1,1,-47.277,-2.269,1.088
2012-05-05-13_15_22.737,357,5,1,1,-47.248,-2.292,1.088
2012-05-05-13_15_22.738,357,6,1,1,-56.219,-2.364,1.088
2012-05-05-13_15_22.739,357,6,1,1,-56.193,-2.264,1.088
2012-05-05-13_15_22.740,357,6,1,1,-56.292,-2.346,1.088
2012-05-05-13_15_22.740,357,7,1,1,-65.186,-2.282,1.488
2012-05-05-13_15_22.741,357,7,1,1,-65.191,-2.280,1.488
2012-05-05-13_15_22.743,357,7,1,1,-65.173,-2.180,1.488
2012-05-05-13_15_22.744,357,0,2,0,2.260,-6.780,1.802
2012-05-05-13_15_22.744,357,0,2,0,2.295,-6.689,1.802
2012-05-05-13_15_22.745,357,0,2,0,2.197,-6.759,1.802
2012-05-05-13_15_22.746,357,1,2,0,-6.746,-6.793,1.602
2012-05-05-13_15_22.747,357,1,2,0,-6.829,-6.772,1.602
2012-05-05-13_15_22.747,357,1,2,0,-6.770,-6.706,8.401
2012-05-05-13_15_22.748,357,2,2,0,-15.705,-6.710,1.002
2012-05-05-13_15_22.749,357,2,2,0,-15.768,-6.689,1.002
2012-05-05-13_15_22.749,357,2,2,0,-15.712,-6.637,1.002
2012-05-05-13_15_22.750,357,3,2,0,-24.727,-6.792,1.402
2012-05-05-13_15_22.751,357,3,2,0,-24.692,-6.701,1.402
2012-05-05-13_15_22.752,357,3,2,0,-24.790,-6.771,1.402
2012-05-05-13_15_22.753,357,4,2,0,-33.724,-6.794,0.802
2012-05-05-13_15_22.753,357,4,2,0,-33.689,-6.703,0.802
2012-05-05-13_15_22.754,357,4,2,0,-33.787,-6.773,0.802
2012-05-05-13_15_22.755,357,5,2,0,-42.733,-6.789,1.102
2012-05-05-13_15_22.756,357,5,2,0,-42.682,-6.840,1.002
2012-05-05-13_15_22.765,357,5,2,0,-42.774,-6.807,1.002
2012-05-05-13_15_22.766,357,6,2,0,-51.769,-6.854,1.102
2012-05-05-13_15_22.767,357,6,2,0,-51.734,-6.764,1.102
2012-05-05-13_15_22.768,357,6,2,0,-51.832,-6.834,1.102
2012-05-05-13_15_22.768,357,7,2,0,-60.664,-6.790,1.702
2012-05-05-13_15_22.770,357,7,2,0,-60.727,-6.770,1.702
2012-05-05-13_15_22.771,357,7,2,0,-60.671,-6.718,1.702
2012-05-05-13_15_22.773,357,0,2,1,-2.190,-6.787,1.810
2012-05-05-13_15_22.773,357,0,2,1,-2.162,-6.689,1.710
2012-05-05-13_15_22.774,357,0,2,1,-2.263,-6.769,1.710
2012-05-05-13_15_22.775,357,1,2,1,-11.203,-6.792,1.610
2012-05-05-13_15_22.776,357,1,2,1,-11.337,-6.721,1.610
2012-05-05-13_15_22.777,357,1,2,1,-11.229,-6.706,1.610
2012-05-05-13_15_22.777,357,2,2,1,-20.155,-6.717,0.910
2012-05-05-13_15_22.778,357,2,2,1,-20.228,-6.699,1.010
2012-05-05-13_15_22.779,357,2,2,1,-20.235,-6.697,1.010
2012-05-05-13_15_22.779,357,3,2,1,-29.177,-6.799,1.110
2012-05-05-13_15_22.780,357,3,2,1,-29.149,-6.701,1.110
2012-05-05-13_15_22.781,357,3,2,1,-29.250,-6.781,1.110
2012-05-05-13_15_22.781,357,4,2,1,-38.173,-6.801,0.710
2012-05-05-13_15_22.782,357,4,2,1,-38.146,-6.703,0.710
2012-05-05-13_15_22.782,357,4,2,1,-38.247,-6.783,0.710
2012-05-05-13_15_22.783,357,5,2,1,-47.190,-6.789,1.110
2012-05-05-13_15_22.784,357,5,2,1,-47.277,-6.767,1.110
2012-05-05-13_15_22.785,357,5,2,1,-47.248,-6.793,1.110
2012-05-05-13_15_22.786,357,6,2,1,-56.219,-6.861,1.110
2012-05-05-13_15_22.787,357,6,2,1,-56.191,-6.763,1.110
2012-05-05-13_15_22.788,357,6,2,1,-56.292,-6.844,1.110
2012-05-05-13_15_22.789,357,7,2,1,-65.187,-6.780,1.510
2012-05-05-13_15_22.789,357,7,2,1,-65.194,-6.778,1.510
2012-05-05-13_15_22.790,357,7,2,1,-65.174,-6.678,1.510
2012-05-05-13_15_22.791,357,0,3,0,2.269,-11.279,1.920
2012-05-05-13_15_22.791,357,0,3,0,2.294,-11.191,1.920
2012-05-05-13_15_22.792,357,0,3,0,2.194,-11.255,1.920
2012-05-05-13_15_22.792,357,1,3,0,-6.744,-11.289,1.720
2012-05-05-13_15_22.793,357,1,3,0,-6.829,-11.270,1.720
2012-05-05-13_15_22.794,357,1,3,0,-6.765,-11.205,1.720
2012-05-05-13_15_22.795,357,2,3,0,-15.696,-11.208,1.120
2012-05-05-13_15_22.795,357,2,3,0,-15.771,-11.185,1.120
2012-05-05-13_15_22.796,357,2,3,0,-15.715,-11.140,1.120
2012-05-05-13_15_22.796,357,3,3,0,-24.718,-11.291,1.520
2012-05-05-13_15_22.797,357,3,3,0,-24.693,-11.203,1.520
2012-05-05-13_15_22.798,357,3,3,0,-24.793,-11.267,1.520
2012-05-05-13_15_22.798,357,4,3,0,-33.714,-11.293,0.820
2012-05-05-13_15_22.799,357,4,3,0,-33.689,-11.205,0.820
2012-05-05-13_15_22.800,357,4,3,0,-33.790,-11.269,0.820
2012-05-05-13_15_22.800,357,5,3,0,-42.733,-11.291,1.120
2012-05-05-13_15_22.801,357,5,3,0,-42.682,-11.338,1.120
2012-05-05-13_15_22.802,357,5,3,0,-42.777,-11.310,1.120
2012-05-05-13_15_22.802,357,6,3,0,-51.760,-11.353,1.120
2012-05-05-13_15_22.803,357,6,3,0,-51.735,-11.266,1.120
2012-05-05-13_15_22.804,357,6,3,0,-51.835,-11.329,1.120
2012-05-05-13_15_22.805,357,7,3,0,-60.654,-11.289,1.820
2012-05-05-13_15_22.806,357,7,3,0,-60.730,-11.266,1.820
2012-05-05-13_15_22.806,357,7,3,0,-60.673,-11.221,1.820
2012-05-05-13_15_22.807,357,0,3,1,-2.188,-11.289,11.028
2012-05-05-13_15_22.808,357,0,3,1,-2.163,-11.190,1.928
2012-05-05-13_15_22.809,357,0,3,1,-2.266,-11.265,1.928
2012-05-05-13_15_22.810,357,1,3,1,-11.204,-11.289,1.728
2012-05-05-13_15_22.810,357,1,3,1,-11.337,-11.222,1.728
2012-05-05-13_15_22.812,357,1,3,1,-11.225,-11.204,1.728
2012-05-05-13_15_22.813,357,2,3,1,-20.153,-11.219,1.128
2012-05-05-13_15_22.813,357,2,3,1,-20.231,-11.195,1.028
2012-05-05-13_15_22.814,357,2,3,1,-20.236,-11.195,1.028
2012-05-05-13_15_22.815,357,3,3,1,-29.175,-11.301,2.528
2012-05-05-13_15_22.816,357,3,3,1,-29.150,-11.203,1.228
2012-05-05-13_15_22.817,357,3,3,1,-29.253,-11.278,1.128
2012-05-05-13_15_22.817,357,4,3,1,-38.171,-11.303,2.028
2012-05-05-13_15_22.818,357,4,3,1,-38.146,-11.204,0.828
2012-05-05-13_15_22.819,357,4,3,1,-38.249,-11.279,0.828
2012-05-05-13_15_22.820,357,5,3,1,-47.190,-11.290,1.128
2012-05-05-13_15_22.821,357,5,3,1,-47.278,-11.265,1.128
2012-05-05-13_15_22.821,357,5,3,1,-47.249,-11.292,1.128
2012-05-05-13_15_22.822,357,6,3,1,-56.217,-11.363,1.228
2012-05-05-13_15_22.823,357,6,3,1,-56.192,-11.265,1.228
2012-05-05-13_15_22.824,357,6,3,1,-56.295,-11.340,1.228
2012-05-05-13_15_22.825,357,7,3,1,-65.190,-11.276,1.528
2012-05-05-13_15_22.825,357,7,3,1,-65.194,-11.276,1.528
2012-05-05-13_15_22.826,357,7,3,1,-65.174,-11.176,1.528
2012-05-05-13_15_22.827,357,0,4,0,2.269,-15.781,1.939
2012-05-05-13_15_22.828,357,0,4,0,2.296,-15.697,1.939
2012-05-05-13_15_22.828,357,0,4,0,2.193,-15.753,1.939
2012-05-05-13_15_22.829,357,1,4,0,-6.739,-15.790,1.739
2012-05-05-13_15_22.830,357,1,4,0,-6.827,-15.768,1.739
2012-05-05-13_15_22.831,357,1,4,0,-6.766,-15.712,1.739
2012-05-05-13_15_22.832,357,2,4,0,-15.696,-15.711,1.139
2012-05-05-13_15_22.832,357,2,4,0,-15.772,-15.683,1.139
2012-05-05-13_15_22.833,357,2,4,0,-15.715,-15.641,1.139
2012-05-05-13_15_22.834,357,3,4,0,-24.718,-15.794,1.539
2012-05-05-13_15_22.835,357,3,4,0,-24.691,-15.709,1.539
2012-05-05-13_15_22.835,357,3,4,0,-24.794,-15.766,1.539
2012-05-05-13_15_22.836,357,4,4,0,-33.715,-15.795,0.839
2012-05-05-13_15_22.837,357,4,4,0,-33.687,-15.711,0.839
2012-05-05-13_15_22.839,357,4,4,0,-33.790,-15.767,0.839
2012-05-05-13_15_22.840,357,5,4,0,-42.731,-15.796,1.039
2012-05-05-13_15_22.840,357,5,4,0,-42.680,-15.836,1.139
2012-05-05-13_15_22.841,357,5,4,0,-42.777,-15.811,1.139
2012-05-05-13_15_22.841,357,6,4,0,-51.760,-15.856,1.139
2012-05-05-13_15_22.842,357,6,4,0,-51.733,-15.771,1.139
2012-05-05-13_15_22.843,357,6,4,0,-51.836,-15.828,1.139
2012-05-05-13_15_22.843,357,7,4,0,-60.655,-15.792,1.839
2012-05-05-13_15_22.844,357,7,4,0,-60.730,-15.764,1.839
2012-05-05-13_15_22.845,357,7,4,0,-60.674,-15.722,1.839
2012-05-05-13_15_22.846,357,0,4,1,-2.186,-15.793,1.951
2012-05-05-13_15_22.847,357,0,4,1,-2.161,-15.696,1.951
2012-05-05-13_15_22.847,357,0,4,1,-2.266,-15.766,1.951
2012-05-05-13_15_22.848,357,1,4,1,-11.206,-15.790,1.751
2012-05-05-13_15_22.850,357,1,4,1,-11.335,-15.728,1.751
2012-05-05-13_15_22.851,357,1,4,1,-11.228,-15.711,1.750
2012-05-05-13_15_22.852,357,2,4,1,-20.151,-15.723,1.151
2012-05-05-13_15_22.853,357,2,4,1,-20.231,-15.696,1.151
2012-05-05-13_15_22.854,357,2,4,1,-20.239,-15.695,1.151
2012-05-05-13_15_22.854,357,3,4,1,-29.173,-15.805,1.251
2012-05-05-13_15_22.855,357,3,4,1,-29.148,-15.708,1.251
2012-05-05-13_15_22.856,357,3,4,1,-29.253,-15.778,1.251
2012-05-05-13_15_22.857,357,4,4,1,-38.170,-15.807,0.851
2012-05-05-13_15_22.858,357,4,4,1,-38.144,-15.710,0.851
2012-05-05-13_15_22.858,357,4,4,1,-38.250,-15.780,0.851
2012-05-05-13_15_22.859,357,5,4,1,-47.188,-15.796,1.251
2012-05-05-13_15_22.860,357,5,4,1,-47.278,-15.770,1.251
2012-05-05-13_15_22.861,357,5,4,1,-47.249,-15.798,1.250
2012-05-05-13_15_22.861,357,6,4,1,-56.190,-15.771,1.251
2012-05-05-13_15_22.862,357,6,4,1,-56.295,-15.841,1.251
2012-05-05-13_15_22.864,357,6,4,1,-56.303,-15.840,1.251
2012-05-05-13_15_22.865,357,7,4,1,-65.190,-15.777,1.551
2012-05-05-13_15_22.866,357,7,4,1,-65.197,-15.776,1.651
2012-05-05-13_15_22.866,357,7,4,1,-65.175,-15.681,1.651
2012-05-05-13_15_22.867,357,0,5,0,2.268,-20.282,1.964
2012-05-05-13_15_22.867,357,0,5,0,2.296,-20.196,1.964
2012-05-05-13_15_22.869,357,0,5,0,2.190,-20.254,1.964
2012-05-05-13_15_22.869,357,1,5,0,-6.740,-20.294,1.764
2012-05-05-13_15_22.870,357,1,5,0,-6.823,-20.268,1.764
2012-05-05-13_15_22.871,357,1,5,0,-6.761,-20.216,1.764
2012-05-05-13_15_22.871,357,2,5,0,-15.697,-20.212,1.164
2012-05-05-13_15_22.872,357,2,5,0,-15.774,-20.184,1.164
2012-05-05-13_15_22.873,357,2,5,0,-15.718,-20.140,1.164
2012-05-05-13_15_22.873,357,3,5,0,-24.719,-20.295,1.564
2012-05-05-13_15_22.874,357,3,5,0,-24.691,-20.209,1.564
2012-05-05-13_15_22.875,357,3,5,0,-24.796,-20.266,1.564
2012-05-05-13_15_22.875,357,4,5,0,-33.715,-20.296,0.964
2012-05-05-13_15_22.876,357,4,5,0,-33.688,-20.210,0.864
2012-05-05-13_15_22.877,357,4,5,0,-33.793,-20.268,0.964
2012-05-05-13_15_22.877,357,5,5,0,-42.731,-20.296,1.164
2012-05-05-13_15_22.878,357,5,5,0,-42.676,-20.336,1.064
2012-05-05-13_15_22.879,357,5,5,0,-42.780,-20.310,1.064
2012-05-05-13_15_22.879,357,6,5,0,-51.761,-20.357,1.164
2012-05-05-13_15_22.880,357,6,5,0,-51.733,-20.271,1.164
2012-05-05-13_15_22.881,357,6,5,0,-51.839,-20.328,1.164
2012-05-05-13_15_22.882,357,7,5,0,-60.655,-20.293,1.864
2012-05-05-13_15_22.883,357,7,5,0,-60.733,-20.265,1.864
2012-05-05-13_15_22.883,357,7,5,0,-60.677,-20.221,1.864
2012-05-05-13_15_22.884,357,0,5,1,-2.186,-20.292,1.972
2012-05-05-13_15_22.885,357,0,5,1,-2.161,-20.196,1.972
2012-05-05-13_15_22.885,357,0,5,1,-2.262,-20.268,1.972
2012-05-05-13_15_22.887,357,1,5,1,-11.209,-20.294,1.772
2012-05-05-13_15_22.888,357,1,5,1,-11.336,-20.228,1.772
2012-05-05-13_15_22.889,357,1,5,1,-11.228,-20.215,1.772
2012-05-05-13_15_22.889,357,2,5,1,-20.151,-20.222,1.172
2012-05-05-13_15_22.890,357,2,5,1,-20.227,-20.198,1.172
2012-05-05-13_15_22.891,357,2,5,1,-20.234,-20.198,1.172
2012-05-05-13_15_22.892,357,3,5,1,-29.173,-20.304,1.272
2012-05-05-13_15_22.893,357,3,5,1,-29.148,-20.208,1.272
2012-05-05-13_15_22.893,357,3,5,1,-29.249,-20.281,1.272
2012-05-05-13_15_22.894,357,4,5,1,-38.170,-20.306,0.972
2012-05-05-13_15_22.895,357,4,5,1,-38.145,-20.210,0.872
2012-05-05-13_15_22.896,357,4,5,1,-38.245,-20.282,0.972
2012-05-05-13_15_22.897,357,5,5,1,-47.189,-20.296,1.272
2012-05-05-13_15_22.897,357,5,5,1,-47.279,-20.274,1.172
2012-05-05-13_15_22.898,357,5,5,1,-47.247,-20.297,8.272
2012-05-05-13_15_22.900,357,6,5,1,-56.190,-20.271,1.272
2012-05-05-13_15_22.901,357,6,5,1,-56.291,-20.343,1.272
2012-05-05-13_15_22.902,357,6,5,1,-56.298,-20.342,1.272
2012-05-05-13_15_22.903,357,7,5,1,-65.186,-20.279,1.672
2012-05-05-13_15_22.903,357,7,5,1,-65.193,-20.279,1.672
2012-05-05-13_15_22.904,357,7,5,1,-65.175,-20.185,1.672
2012-05-05-13_15_22.904,357,0,6,0,2.273,-24.783,4.182
2012-05-05-13_15_22.905,357,0,6,0,2.300,-24.690,1.882
2012-05-05-13_15_22.905,357,0,6,0,2.192,-24.758,1.782
2012-05-05-13_15_22.906,357,1,6,0,-6.740,-24.796,1.582
2012-05-05-13_15_22.907,357,1,6,0,-6.818,-24.770,1.582
2012-05-05-13_15_22.908,357,1,6,0,-6.759,-24.710,1.582
2012-05-05-13_15_22.909,357,2,6,0,-15.692,-24.713,1.182
2012-05-05-13_15_22.909,357,2,6,0,-15.772,-24.688,1.082
2012-05-05-13_15_22.910,357,2,6,0,-15.748,-24.697,1.082
2012-05-05-13_15_22.911,357,3,6,0,-24.714,-24.795,2.582
2012-05-05-13_15_22.912,357,3,6,0,-24.687,-24.702,1.482
2012-05-05-13_15_22.914,357,3,6,0,-24.794,-24.770,1.482
2012-05-05-13_15_22.915,357,4,6,0,-33.711,-24.797,0.982
2012-05-05-13_15_22.916,357,4,6,0,-33.683,-24.704,0.982
2012-05-05-13_15_22.917,357,4,6,0,-33.791,-24.772,0.982
2012-05-05-13_15_22.917,357,5,6,0,-42.727,-24.790,1.382
2012-05-05-13_15_22.918,357,5,6,0,-42.671,-24.838,1.282
2012-05-05-13_15_22.919,357,5,6,0,-42.776,-24.805,1.382
2012-05-05-13_15_22.921,357,6,6,0,-51.756,-24.858,1.382
2012-05-05-13_15_22.922,357,6,6,0,-51.729,-24.765,1.382
2012-05-05-13_15_22.924,357,6,6,0,-51.837,-24.833,1.382
2012-05-05-13_15_22.925,357,7,6,0,-60.651,-24.794,5.682
2012-05-05-13_15_22.926,357,7,6,0,-60.731,-24.769,2.182
2012-05-05-13_15_22.927,357,7,6,0,-60.672,-24.716,2.182
2012-05-05-13_15_22.929,357,0,6,1,-2.187,-24.788,1.890
2012-05-05-13_15_22.930,357,0,6,1,-2.159,-24.690,1.890
2012-05-05-13_15_22.931,357,0,6,1,-2.262,-24.770,1.890
2012-05-05-13_15_22.933,357,1,6,1,-11.212,-24.796,1.690
2012-05-05-13_15_22.934,357,1,6,1,-11.334,-24.722,1.690
2012-05-05-13_15_22.934,357,1,6,1,-11.234,-24.710,1.690
2012-05-05-13_15_22.935,357,2,6,1,-20.152,-24.718,1.090
2012-05-05-13_15_22.936,357,2,6,1,-20.227,-24.700,1.090
2012-05-05-13_15_22.937,357,2,6,1,-20.232,-24.700,1.090
2012-05-05-13_15_22.938,357,3,6,1,-29.174,-24.801,1.290
2012-05-05-13_15_22.939,357,3,6,1,-29.146,-24.702,1.490
2012-05-05-13_15_22.940,357,3,6,1,-29.249,-24.783,1.290
2012-05-05-13_15_22.941,357,4,6,1,-38.170,-24.802,0.990
2012-05-05-13_15_22.941,357,4,6,1,-38.143,-24.704,0.990
2012-05-05-13_15_22.942,357,4,6,1,-38.246,-24.784,0.990
2012-05-05-13_15_22.944,357,5,6,1,-47.187,-24.790,1.490
2012-05-05-13_15_22.944,357,5,6,1,-47.274,-24.770,1.390
2012-05-05-13_15_22.945,357,5,6,1,-47.245,-24.791,1.390
2012-05-05-13_15_22.946,357,6,6,1,-56.216,-24.863,1.390
2012-05-05-13_15_22.946,357,6,6,1,-56.188,-24.764,1.390
2012-05-05-13_15_22.947,357,6,6,1,-56.291,-24.845,1.490
2012-05-05-13_15_22.947,357,7,6,1,-65.186,-24.781,1.990
2012-05-05-13_15_22.948,357,7,6,1,-65.191,-24.781,1.990
2012-05-05-13_15_22.949,357,7,6,1,-65.171,-24.680,1.890
2012-05-05-13_15_22.950,357,0,7,0,2.263,-29.280,1.901
2012-05-05-13_15_22.951,357,0,7,0,2.300,-29.190,1.901
2012-05-05-13_15_22.951,357,0,7,0,2.190,-29.259,1.901
2012-05-05-13_15_22.953,357,1,7,0,-6.743,-29.293,1.701
2012-05-05-13_15_22.954,357,1,7,0,-6.819,-29.272,1.701
2012-05-05-13_15_22.955,357,1,7,0,-6.762,-29.206,1.701
2012-05-05-13_15_22.955,357,2,7,0,-15.702,-29.210,1.201
2012-05-05-13_15_22.956,357,2,7,0,-15.775,-29.189,1.101
2012-05-05-13_15_22.957,357,2,7,0,-15.714,-29.137,1.101
2012-05-05-13_15_22.958,357,3,7,0,-24.724,-29.292,1.501
2012-05-05-13_15_22.959,357,3,7,0,-24.687,-29.202,1.501
2012-05-05-13_15_22.959,357,3,7,0,-24.797,-29.271,1.501
2012-05-05-13_15_22.960,357,4,7,0,-33.721,-29.294,1.001
2012-05-05-13_15_22.961,357,4,7,0,-33.684,-29.204,1.001
2012-05-05-13_15_22.962,357,4,7,0,-33.794,-29.273,1.001
2012-05-05-13_15_22.962,357,5,7,0,-42.727,-29.290,1.401
2012-05-05-13_15_22.963,357,5,7,0,-42.672,-29.340,1.401
2012-05-05-13_15_22.964,357,5,7,0,-42.776,-29.307,1.401
2012-05-05-13_15_22.964,357,6,7,0,-51.766,-29.355,1.301
2012-05-05-13_15_22.965,357,6,7,0,-51.729,-29.264,1.401
2012-05-05-13_15_22.966,357,6,7,0,-51.673,-29.315,1.401
2012-05-05-13_15_22.966,357,7,7,0,-60.661,-29.291,2.201
2012-05-05-13_15_22.967,357,7,7,0,-60.734,-29.270,2.201
2012-05-05-13_15_22.968,357,7,7,0,-60.673,-29.218,2.201
2012-05-05-13_15_22.969,357,0,7,1,-2.187,-29.286,1.913
2012-05-05-13_15_22.971,357,0,7,1,-2.162,-29.189,1.913
2012-05-05-13_15_22.972,357,0,7,1,-2.260,-29.269,1.913
2012-05-05-13_15_22.972,357,1,7,1,-11.213,-29.292,1.713
2012-05-05-13_15_22.973,357,1,7,1,-11.337,-29.221,1.713
2012-05-05-13_15_22.974,357,1,7,1,-11.236,-29.206,1.713
2012-05-05-13_15_22.974,357,2,7,1,-20.152,-29.216,1.113
2012-05-05-13_15_22.975,357,2,7,1,-20.225,-29.199,1.213
2012-05-05-13_15_22.976,357,2,7,1,-20.233,-29.196,1.113
2012-05-05-13_15_22.976,357,3,7,1,-29.174,-29.298,1.313
2012-05-05-13_15_22.977,357,3,7,1,-29.149,-29.201,1.513
2012-05-05-13_15_22.978,357,3,7,1,-29.247,-29.281,1.313
2012-05-05-13_15_22.979,357,4,7,1,-38.171,-29.300,1.013
2012-05-05-13_15_22.979,357,4,7,1,-38.146,-29.203,1.013
2012-05-05-13_15_22.980,357,4,7,1,-38.244,-29.283,1.013
2012-05-05-13_15_22.981,357,5,7,1,-47.189,-29.289,1.513
2012-05-05-13_15_22.982,357,5,7,1,-47.272,-29.266,1.513
2012-05-05-13_15_22.983,357,5,7,1,-47.243,-29.293,1.513
2012-05-05-13_15_22.984,357,6,7,1,-56.216,-29.360,1.413
2012-05-05-13_15_22.984,357,6,7,1,-56.191,-29.263,1.413
2012-05-05-13_15_22.985,357,6,7,1,-56.289,-29.344,1.413
2012-05-05-13_15_22.986,357,7,7,1,-65.184,-29.280,2.013
2012-05-05-13_15_22.986,357,7,7,1,-65.191,-29.277,2.013
2012-05-05-13_15_22.987,357,7,7,1,-65.169,-29.177,2.013
2012-05-05-13_15_22.988,357,0,8,0,2.274,-33.778,1.827
2012-05-05-13_15_22.989,357,0,8,0,2.304,-33.688,1.827
2012-05-05-13_15_22.989,357,0,8,0,2.192,-33.755,1.927
2012-05-05-13_15_22.990,357,1,8,0,-6.746,-33.788,1.727
2012-05-05-13_15_22.991,357,1,8,0,-6.819,-33.768,1.727
2012-05-05-13_15_22.992,357,1,8,0,-6.763,-33.703,1.727
2012-05-05-13_15_22.993,357,2,8,0,-15.690,-33.708,1.127
2012-05-05-13_15_22.993,357,2,8,0,-15.773,-33.685,1.127
2012-05-05-13_15_22.994,357,2,8,0,-15.712,-33.638,1.127
2012-05-05-13_15_22.994,357,3,8,0,-24.712,-33.790,1.527
2012-05-05-13_15_22.995,357,3,8,0,-24.683,-33.700,1.527
2012-05-05-13_15_22.996,357,3,8,0,-24.795,-33.767,1.527
2012-05-05-13_15_22.996,357,4,8,0,-33.709,-33.792,1.027
2012-05-05-13_15_22.997,357,4,8,0,-33.679,-33.702,1.027
2012-05-05-13_15_22.998,357,4,8,0,-33.792,-33.769,1.027
2012-05-05-13_15_22.998,357,5,8,0,-42.723,-33.788,1.427
2012-05-05-13_15_22.999,357,5,8,0,-42.672,-33.836,1.327
2012-05-05-13_15_23.000,357,5,8,0,-42.774,-33.808,1.427
2012-05-05-13_15_23.000,357,6,8,0,-51.755,-33.853,1.327
2012-05-05-13_15_23.001,357,6,8,0,-51.725,-33.763,1.427
2012-05-05-13_15_23.002,357,6,8,0,-51.837,-33.829,1.327
2012-05-05-13_15_23.003,357,7,8,0,-60.649,-33.789,2.227
2012-05-05-13_15_23.003,357,7,8,0,-60.732,-33.766,2.227
2012-05-05-13_15_23.004,357,7,8,0,-60.671,-33.719,2.227
2012-05-05-13_15_23.005,357,0,8,1,-2.188,-33.787,1.936
2012-05-05-13_15_23.006,357,0,8,1,-2.165,-33.687,1.936
2012-05-05-13_15_23.007,357,0,8,1,-2.261,-33.765,1.936
2012-05-05-13_15_23.008,357,1,8,1,-11.213,-33.787,1.736
2012-05-05-13_15_23.008,357,1,8,1,-11.339,-33.719,1.736
2012-05-05-13_15_23.009,357,1,8,1,-11.237,-33.702,1.736
2012-05-05-13_15_23.010,357,2,8,1,-20.153,-33.717,1.136
2012-05-05-13_15_23.011,357,2,8,1,-20.226,-33.695,1.136
2012-05-05-13_15_23.012,357,2,8,1,-20.230,-33.693,1.236
2012-05-05-13_15_23.012,357,3,8,1,-29.175,-33.799,1.236
2012-05-05-13_15_23.013,357,3,8,1,-29.152,-33.699,1.336
2012-05-05-13_15_23.014,357,3,8,1,-29.248,-33.778,1.136
2012-05-05-13_15_23.015,357,4,8,1,-38.171,-33.801,1.036
2012-05-05-13_15_23.016,357,4,8,1,-38.148,-33.701,1.036
2012-05-05-13_15_23.017,357,4,8,1,-38.244,-33.779,1.036
2012-05-05-13_15_23.018,357,5,8,1,-47.192,-33.787,1.536
2012-05-05-13_15_23.020,357,5,8,1,-47.273,-33.763,1.536
2012-05-05-13_15_23.021,357,5,8,1,-47.244,-33.793,1.536
2012-05-05-13_15_23.022,357,6,8,1,-56.217,-33.861,1.436
2012-05-05-13_15_23.023,357,6,8,1,-56.194,-33.762,1.436
2012-05-05-13_15_23.023,357,6,8,1,-56.290,-33.840,1.436
2012-05-05-13_15_23.024,357,7,8,1,-65.184,-33.776,2.036
2012-05-05-13_15_23.025,357,7,8,1,-65.189,-33.774,2.136
2012-05-05-13_15_23.026,357,7,8,1,-65.169,-33.674,2.136
2012-05-05-13_15_23.027,357,0,9,0,2.274,-38.282,1.845
2012-05-05-13_15_23.027,357,0,9,0,2.304,-38.196,1.845
2012-05-05-13_15_23.028,357,0,9,0,2.194,-38.254,1.845
2012-05-05-13_15_23.029,357,1,9,0,-6.746,-38.289,1.745
2012-05-05-13_15_23.031,357,1,9,0,-6.820,-38.268,1.745
2012-05-05-13_15_23.031,357,1,9,0,-6.765,-38.212,1.745
2012-05-05-13_15_23.032,357,2,9,0,-15.691,-38.212,1.245
2012-05-05-13_15_23.032,357,2,9,0,-15.771,-38.184,1.245
2012-05-05-13_15_23.033,357,2,9,0,-15.710,-38.141,1.245
2012-05-05-13_15_23.034,357,3,9,0,-24.713,-38.294,1.645
2012-05-05-13_15_23.034,357,3,9,0,-24.683,-38.208,1.645
2012-05-05-13_15_23.035,357,3,9,0,-24.793,-38.266,1.645
2012-05-05-13_15_23.036,357,4,9,0,-33.710,-38.296,1.045
2012-05-05-13_15_23.037,357,4,9,0,-33.680,-38.210,1.045
2012-05-05-13_15_23.037,357,4,9,0,-33.790,-38.268,1.045
2012-05-05-13_15_23.038,357,5,9,0,-42.723,-38.296,1.445
2012-05-05-13_15_23.039,357,5,9,0,-42.672,-38.336,1.545
2012-05-05-13_15_23.040,357,5,9,0,-42.772,-38.311,1.445
2012-05-05-13_15_23.041,357,6,9,0,-51.755,-38.357,1.345
2012-05-05-13_15_23.041,357,6,9,0,-51.725,-38.270,1.345
2012-05-05-13_15_23.042,357,6,9,0,-51.835,-38.329,1.345
2012-05-05-13_15_23.043,357,7,9,0,-60.650,-38.293,2.245
2012-05-05-13_15_23.044,357,7,9,0,-60.730,-38.265,2.245
2012-05-05-13_15_23.044,357,7,9,0,-60.669,-38.222,2.245
2012-05-05-13_15_23.045,357,0,9,1,-2.188,-38.293,1.954
2012-05-05-13_15_23.046,357,0,9,1,-2.165,-38.195,1.954
2012-05-05-13_15_23.046,357,0,9,1,-2.259,-38.267,1.954
2012-05-05-13_15_23.047,357,1,9,1,-11.211,-38.290,1.854
2012-05-05-13_15_23.048,357,1,9,1,-11.340,-38.227,1.854
2012-05-05-13_15_23.048,357,1,9,1,-11.232,-38.209,1.854
2012-05-05-13_15_23.049,357,2,9,1,-20.153,-38.223,1.254
2012-05-05-13_15_23.050,357,2,9,1,-20.224,-38.197,1.254
2012-05-05-13_15_23.050,357,2,9,1,-20.231,-38.195,1.254
2012-05-05-13_15_23.051,357,3,9,1,-29.175,-38.305,1.454
2012-05-05-13_15_23.052,357,3,9,1,-29.152,-38.207,1.454
2012-05-05-13_15_23.052,357,3,9,1,-29.246,-38.280,1.454
2012-05-05-13_15_23.053,357,4,9,1,-38.172,-38.307,1.054
2012-05-05-13_15_23.054,357,4,9,1,-38.149,-38.209,1.054
2012-05-05-13_15_23.054,357,4,9,1,-38.242,-38.281,1.054
2012-05-05-13_15_23.055,357,5,9,1,-47.193,-38.295,1.554
2012-05-05-13_15_23.056,357,5,9,1,-47.276,-38.269,1.654
2012-05-05-13_15_23.057,357,5,9,1,-47.244,-38.299,1.654
2012-05-05-13_15_23.058,357,6,9,1,-56.194,-38.270,1.454
2012-05-05-13_15_23.058,357,6,9,1,-56.288,-38.342,1.554
2012-05-05-13_15_23.059,357,6,9,1,-56.295,-38.340,1.454
2012-05-05-13_15_23.060,357,7,9,1,-65.182,-38.278,2.054
2012-05-05-13_15_23.061,357,7,9,1,-65.190,-38.276,2.054
2012-05-05-13_15_23.062,357,7,9,1,-65.172,-38.180,2.054
2012-05-05-13_15_23.062,357,0,10,0,2.276,-42.783,1.966
2012-05-05-13_15_23.063,357,0,10,0,2.303,-42.696,1.866
2012-05-05-13_15_23.064,357,0,10,0,2.193,-42.755,1.966
2012-05-05-13_15_23.064,357,1,10,0,-6.749,-42.793,1.766
2012-05-05-13_15_23.065,357,1,10,0,-6.822,-42.767,1.766
2012-05-05-13_15_23.066,357,1,10,0,-6.768,-42.715,1.766
2012-05-05-13_15_23.068,357,2,10,0,-15.689,-42.713,1.266
2012-05-05-13_15_23.069,357,2,10,0,-15.772,-42.685,1.266
2012-05-05-13_15_23.070,357,2,10,0,-15.708,-42.639,1.266
2012-05-05-13_15_23.071,357,3,10,0,-24.711,-42.795,1.566
2012-05-05-13_15_23.072,357,3,10,0,-24.683,-42.708,1.566
2012-05-05-13_15_23.072,357,3,10,0,-24.794,-42.767,1.566
2012-05-05-13_15_23.073,357,4,10,0,-33.707,-42.797,1.066
2012-05-05-13_15_23.074,357,4,10,0,-33.680,-42.710,1.066
2012-05-05-13_15_23.075,357,4,10,0,-33.790,-42.769,1.066
2012-05-05-13_15_23.075,357,5,10,0,-42.724,-42.796,1.466
2012-05-05-13_15_23.076,357,5,10,0,-42.675,-42.835,1.466
2012-05-05-13_15_23.077,357,5,10,0,-42.770,-42.809,1.466
2012-05-05-13_15_23.078,357,6,10,0,-51.753,-42.858,1.366
2012-05-05-13_15_23.078,357,6,10,0,-51.725,-42.770,1.366
2012-05-05-13_15_23.079,357,6,10,0,-51.836,-42.830,1.366
2012-05-05-13_15_23.080,357,7,10,0,-60.648,-42.794,2.266
2012-05-05-13_15_23.080,357,7,10,0,-60.730,-42.766,2.266
2012-05-05-13_15_23.081,357,7,10,0,-60.667,-42.720,2.266
2012-05-05-13_15_23.082,357,0,10,1,-2.191,-42.791,1.978
2012-05-05-13_15_23.083,357,0,10,1,-2.166,-42.696,1.978
2012-05-05-13_15_23.084,357,0,10,1,-2.262,-42.769,1.878
2012-05-05-13_15_23.084,357,1,10,1,-11.214,-42.793,1.778
2012-05-05-13_15_23.085,357,1,10,1,-11.340,-42.727,1.878
2012-05-05-13_15_23.086,357,1,10,1,-11.235,-42.714,1.878
2012-05-05-13_15_23.087,357,2,10,1,-20.156,-42.721,1.278
2012-05-05-13_15_23.087,357,2,10,1,-20.226,-42.699,1.378
2012-05-05-13_15_23.088,357,2,10,1,-20.234,-42.698,1.278
2012-05-05-13_15_23.089,357,3,10,1,-29.178,-42.803,1.378
2012-05-05-13_15_23.090,357,3,10,1,-29.153,-42.708,1.478
2012-05-05-13_15_23.091,357,3,10,1,-29.249,-42.781,1.378
2012-05-05-13_15_23.091,357,4,10,1,-38.174,-42.805,1.078
2012-05-05-13_15_23.092,357,4,10,1,-38.149,-42.710,1.078
2012-05-05-13_15_23.093,357,4,10,1,-38.245,-42.783,1.078
2012-05-05-13_15_23.094,357,5,10,1,-47.193,-42.795,1.578
2012-05-05-13_15_23.095,357,5,10,1,-47.276,-42.773,1.578
2012-05-05-13_15_23.095,357,5,10,1,-47.247,-42.798,1.578
2012-05-05-13_15_23.096,357,6,10,1,-56.220,-42.865,1.478
2012-05-05-13_15_23.098,357,6,10,1,-56.195,-42.770,1.478
2012-05-05-13_15_23.099,357,6,10,1,-56.291,-42.844,1.478
2012-05-05-13_15_23.100,357,7,10,1,-65.185,-42.780,2.078
2012-05-05-13_15_23.100,357,7,10,1,-65.193,-42.779,2.078
2012-05-05-13_15_23.101,357,7,10,1,-65.172,-42.684,2.078
2012-05-05-13_15_23.102,357,0,11,0,2.278,-47.283,1.890
2012-05-05-13_15_23.103,357,0,11,0,2.301,-47.190,1.890
2012-05-05-13_15_23.104,357,0,11,0,2.193,-47.258,1.990
2012-05-05-13_15_23.105,357,1,11,0,-6.752,-47.295,1.790
2012-05-05-13_15_23.105,357,1,11,0,-6.825,-47.269,1.790
2012-05-05-13_15_23.106,357,1,11,0,-6.774,-47.209,1.790
2012-05-05-13_15_23.107,357,2,11,0,-15.687,-47.213,1.290
2012-05-05-13_15_23.108,357,2,11,0,-15.772,-47.188,1.290
2012-05-05-13_15_23.110,357,2,11,0,-15.743,-47.197,1.190
2012-05-05-13_15_23.111,357,3,11,0,-24.709,-47.295,1.690
2012-05-05-13_15_23.112,357,3,11,0,-24.686,-47.202,1.690
2012-05-05-13_15_23.113,357,3,11,0,-24.794,-47.270,1.690
2012-05-05-13_15_23.114,357,4,11,0,-33.705,-47.297,1.090
2012-05-05-13_15_23.114,357,4,11,0,-33.683,-47.204,1.090
2012-05-05-13_15_23.115,357,4,11,0,-33.791,-47.272,1.090
2012-05-05-13_15_23.116,357,5,11,0,-42.727,-47.290,1.490
2012-05-05-13_15_23.117,357,5,11,0,-42.678,-47.337,1.490
2012-05-05-13_15_23.118,357,5,11,0,-42.771,-47.304,1.390
2012-05-05-13_15_23.120,357,6,11,0,-51.751,-47.358,1.390
2012-05-05-13_15_23.121,357,6,11,0,-51.728,-47.264,1.390
2012-05-05-13_15_23.121,357,6,11,0,-51.836,-47.333,1.390
2012-05-05-13_15_23.124,357,7,11,0,-60.646,-47.294,2.290
2012-05-05-13_15_23.125,357,7,11,0,-60.731,-47.269,2.290
2012-05-05-13_15_23.125,357,7,11,0,-60.667,-47.215,2.290
2012-05-05-13_15_23.126,357,0,11,1,-2.194,-47.289,1.999
2012-05-05-13_15_23.127,357,0,11,1,-2.169,-47.190,1.999
2012-05-05-13_15_23.128,357,0,11,1,-2.262,-47.271,1.999
2012-05-05-13_15_23.129,357,1,11,1,-11.214,-47.295,1.799
2012-05-05-13_15_23.129,357,1,11,1,-11.343,-47.222,1.799
2012-05-05-13_15_23.130,357,1,11,1,-11.236,-47.209,1.799
2012-05-05-13_15_23.131,357,2,11,1,-20.159,-47.219,1.299
2012-05-05-13_15_23.132,357,2,11,1,-20.227,-47.201,1.299
2012-05-05-13_15_23.133,357,2,11,1,-20.232,-47.200,1.299
2012-05-05-13_15_23.133,357,3,11,1,-29.181,-47.301,1.399
2012-05-05-13_15_23.134,357,3,11,1,-29.156,-47.202,1.599
2012-05-05-13_15_23.135,357,3,11,1,-29.249,-47.283,1.399
2012-05-05-13_15_23.136,357,4,11,1,-38.177,-47.303,1.099
2012-05-05-13_15_23.137,357,4,11,1,-38.152,-47.204,1.099
2012-05-05-13_15_23.138,357,4,11,1,-38.246,-47.285,1.099
2012-05-05-13_15_23.139,357,5,11,1,-47.196,-47.290,1.599
2012-05-05-13_15_23.140,357,5,11,1,-47.279,-47.270,1.599
2012-05-05-13_15_23.140,357,5,11,1,-47.247,-47.292,1.599
2012-05-05-13_15_23.141,357,6,11,1,-56.223,-47.364,1.499
2012-05-05-13_15_23.141,357,6,11,1,-56.198,-47.264,1.399
2012-05-05-13_15_23.142,357,6,11,1,-56.291,-47.345,1.499
2012-05-05-13_15_23.143,357,7,11,1,-65.186,-47.282,2.099
2012-05-05-13_15_23.143,357,7,11,1,-65.191,-47.281,2.199
2012-05-05-13_15_23.144,357,7,11,1,-65.175,-47.181,2.199
2012-05-05-13_15_23.145,357,0,12,0,2.265,-51.780,2.207
2012-05-05-13_15_23.145,357,0,12,0,2.303,-51.690,2.107
2012-05-05-13_15_23.146,357,0,12,0,2.197,-51.759,2.107
2012-05-05-13_15_23.147,357,1,12,0,-6.755,-51.794,1.807
2012-05-05-13_15_23.148,357,1,12,0,-6.831,-51.774,1.907
2012-05-05-13_15_23.148,357,1,12,0,-6.774,-51.707,1.907
2012-05-05-13_15_23.149,357,2,12,0,-15.699,-51.710,1.207
2012-05-05-13_15_23.150,357,2,12,0,-15.768,-51.689,1.207
2012-05-05-13_15_23.151,357,2,12,0,-15.709,-51.639,1.307
2012-05-05-13_15_23.151,357,3,12,0,-24.722,-51.792,1.707
2012-05-05-13_15_23.152,357,3,12,0,-24.684,-51.702,1.707
2012-05-05-13_15_23.153,357,3,12,0,-24.790,-51.771,1.707
2012-05-05-13_15_23.154,357,4,12,0,-33.718,-51.794,1.107
2012-05-05-13_15_23.155,357,4,12,0,-33.681,-51.704,1.107
2012-05-05-13_15_23.155,357,4,12,0,-33.786,-51.773,1.107
2012-05-05-13_15_23.156,357,5,12,0,-42.725,-51.790,1.507
2012-05-05-13_15_23.157,357,5,12,0,-42.683,-51.842,1.307
2012-05-05-13_15_23.158,357,5,12,0,-42.771,-51.809,1.507
2012-05-05-13_15_23.158,357,6,12,0,-51.764,-51.855,1.307
2012-05-05-13_15_23.159,357,6,12,0,-51.726,-51.765,1.407
2012-05-05-13_15_23.160,357,6,12,0,-51.832,-51.833,1.307
2012-05-05-13_15_23.160,357,7,12,0,-60.658,-51.791,2.207
2012-05-05-13_15_23.161,357,7,12,0,-60.726,-51.769,2.207
2012-05-05-13_15_23.162,357,7,12,0,-60.667,-51.720,2.207
2012-05-05-13_15_23.163,357,0,12,1,-2.197,-51.787,2.116
2012-05-05-13_15_23.163,357,0,12,1,-2.169,-51.690,2.116
2012-05-05-13_15_23.164,357,0,12,1,-2.265,-51.768,2.116
2012-05-05-13_15_23.165,357,1,12,1,-11.212,-51.793,1.816
2012-05-05-13_15_23.166,357,1,12,1,-11.344,-51.722,1.816
2012-05-05-13_15_23.166,357,1,12,1,-11.236,-51.707,1.816
2012-05-05-13_15_23.167,357,2,12,1,-20.162,-51.717,1.316
2012-05-05-13_15_23.167,357,2,12,1,-20.230,-51.698,1.316
2012-05-05-13_15_23.168,357,2,12,1,-20.235,-51.697,1.316
2012-05-05-13_15_23.169,357,3,12,1,-29.184,-51.799,1.416
2012-05-05-13_15_23.169,357,3,12,1,-29.156,-51.702,1.616
2012-05-05-13_15_23.171,357,3,12,1,-29.252,-51.781,1.616
2012-05-05-13_15_23.172,357,4,12,1,-38.180,-51.801,1.116
2012-05-05-13_15_23.174,357,4,12,1,-38.153,-51.704,1.116
2012-05-05-13_15_23.174,357,4,12,1,-38.248,-51.782,1.116
2012-05-05-13_15_23.175,357,5,12,1,-47.196,-51.790,1.516
2012-05-05-13_15_23.175,357,5,12,1,-47.279,-51.767,1.416
2012-05-05-13_15_23.176,357,5,12,1,-47.250,-51.792,1.416
2012-05-05-13_15_23.177,357,6,12,1,-56.226,-51.861,1.516
2012-05-05-13_15_23.178,357,6,12,1,-56.198,-51.765,1.516
2012-05-05-13_15_23.178,357,6,12,1,-56.294,-51.843,1.416
2012-05-05-13_15_23.179,357,7,12,1,-65.188,-51.779,2.216
2012-05-05-13_15_23.180,357,7,12,1,-65.193,-51.778,2.216
2012-05-05-13_15_23.181,357,7,12,1,-65.176,-51.678,2.216
2012-05-05-13_15_23.183,357,0,13,0,2.272,-56.278,2.127
2012-05-05-13_15_23.183,357,0,13,0,2.300,-56.191,2.127
2012-05-05-13_15_23.184,357,0,13,0,2.199,-56.255,2.127
2012-05-05-13_15_23.185,357,1,13,0,-6.753,-56.290,1.927
2012-05-05-13_15_23.186,357,1,13,0,-6.831,-56.270,1.927
2012-05-05-13_15_23.186,357,1,13,0,-6.774,-56.205,1.927
2012-05-05-13_15_23.187,357,2,13,0,-15.693,-56.208,1.327
2012-05-05-13_15_23.188,357,2,13,0,-15.766,-56.185,1.327
2012-05-05-13_15_23.189,357,2,13,0,-15.712,-56.140,1.227
2012-05-05-13_15_23.189,357,3,13,0,-24.715,-56.290,1.727
2012-05-05-13_15_23.190,357,3,13,0,-24.687,-56.203,1.727
2012-05-05-13_15_23.191,357,3,13,0,-24.788,-56.267,1.727
2012-05-05-13_15_23.191,357,4,13,0,-33.711,-56.292,1.127
2012-05-05-13_15_23.192,357,4,13,0,-33.684,-56.205,1.127
2012-05-05-13_15_23.193,357,4,13,0,-33.784,-56.269,1.127
2012-05-05-13_15_23.193,357,5,13,0,-42.727,-56.291,1.627
2012-05-05-13_15_23.194,357,5,13,0,-42.684,-56.338,1.327
2012-05-05-13_15_23.195,357,5,13,0,-42.774,-56.310,1.527
2012-05-05-13_15_23.196,357,6,13,0,-51.757,-56.353,1.427
2012-05-05-13_15_23.197,357,6,13,0,-51.729,-56.266,1.427
2012-05-05-13_15_23.197,357,6,13,0,-51.830,-56.329,1.427
2012-05-05-13_15_23.198,357,7,13,0,-60.651,-56.289,2.227
2012-05-05-13_15_23.199,357,7,13,0,-60.724,-56.266,2.127
2012-05-05-13_15_23.199,357,7,13,0,-60.670,-56.221,2.227
2012-05-05-13_15_23.200,357,0,13,1,-2.200,-56.288,2.139
2012-05-05-13_15_23.201,357,0,13,1,-2.172,-56.190,2.139
2012-05-05-13_15_23.202,357,0,13,1,-2.268,-56.265,2.139
2012-05-05-13_15_23.202,357,1,13,1,-11.213,-56.288,1.839
2012-05-05-13_15_23.203,357,1,13,1,-11.346,-56.222,1.939
2012-05-05-13_15_23.204,357,1,13,1,-11.236,-56.204,1.839
2012-05-05-13_15_23.205,357,2,13,1,-20.164,-56.218,1.339
2012-05-05-13_15_23.206,357,2,13,1,-20.233,-56.195,1.339
2012-05-05-13_15_23.206,357,2,13,1,-20.237,-56.194,1.339
2012-05-05-13_15_23.207,357,3,13,1,-29.186,-56.300,1.439
2012-05-05-13_15_23.208,357,3,13,1,-29.159,-56.202,1.639
2012-05-05-13_15_23.209,357,3,13,1,-29.255,-56.277,1.639
2012-05-05-13_15_23.209,357,4,13,1,-38.183,-56.302,1.139
2012-05-05-13_15_23.210,357,4,13,1,-38.155,-56.204,1.139
2012-05-05-13_15_23.211,357,4,13,1,-38.251,-56.279,1.139
2012-05-05-13_15_23.212,357,5,13,1,-47.199,-56.290,1.639
2012-05-05-13_15_23.213,357,5,13,1,-47.282,-56.265,1.639
2012-05-05-13_15_23.213,357,5,13,1,-47.253,-56.291,1.639
2012-05-05-13_15_23.214,357,6,13,1,-56.229,-56.363,1.539
2012-05-05-13_15_23.214,357,6,13,1,-56.201,-56.265,1.539
2012-05-05-13_15_23.215,357,6,13,1,-56.297,-56.340,1.539
2012-05-05-13_15_23.216,357,7,13,1,-65.191,-56.276,2.239
2012-05-05-13_15_23.217,357,7,13,1,-65.196,-56.275,2.239
2012-05-05-13_15_23.217,357,7,13,1,-65.178,-56.176,2.139
2012-05-05-13_15_23.218,357,0,14,0,2.272,-60.782,2.151
2012-05-05-13_15_23.219,357,0,14,0,2.297,-60.696,2.151
2012-05-05-13_15_23.221,357,0,14,0,2.196,-60.754,2.151
2012-05-05-13_15_23.222,357,1,14,0,-6.753,-60.790,1.851
2012-05-05-13_15_23.223,357,1,14,0,-6.831,-60.768,1.951
2012-05-05-13_15_23.223,357,1,14,0,-6.775,-60.711,1.951
2012-05-05-13_15_23.224,357,2,14,0,-15.693,-60.712,1.351
2012-05-05-13_15_23.225,357,2,14,0,-15.768,-60.684,1.351
2012-05-05-13_15_23.225,357,2,14,0,-15.712,-60.641,1.351
2012-05-05-13_15_23.226,357,3,14,0,-24.715,-60.794,1.651
2012-05-05-13_15_23.227,357,3,14,0,-24.690,-60.708,1.751
2012-05-05-13_15_23.228,357,3,14,0,-24.791,-60.766,1.751
2012-05-05-13_15_23.228,357,4,14,0,-33.712,-60.796,1.051
2012-05-05-13_15_23.229,357,4,14,0,-33.687,-60.710,1.151
2012-05-05-13_15_23.230,357,4,14,0,-33.787,-60.768,1.051
2012-05-05-13_15_23.231,357,5,14,0,-42.730,-60.796,1.551
2012-05-05-13_15_23.232,357,5,14,0,-42.684,-60.836,1.351
2012-05-05-13_15_23.232,357,5,14,0,-42.774,-60.811,1.551
2012-05-05-13_15_23.233,357,6,14,0,-51.757,-60.857,1.351
2012-05-05-13_15_23.234,357,6,14,0,-51.732,-60.770,1.451
2012-05-05-13_15_23.235,357,6,14,0,-51.833,-60.828,1.451
2012-05-05-13_15_23.235,357,7,14,0,-60.652,-60.793,2.151
2012-05-05-13_15_23.236,357,7,14,0,-60.727,-60.764,2.151
2012-05-05-13_15_23.236,357,7,14,0,-60.671,-60.722,2.151
2012-05-05-13_15_23.237,357,0,14,1,-2.200,-60.793,2.161
2012-05-05-13_15_23.238,357,0,14,1,-2.172,-60.696,2.161
2012-05-05-13_15_23.239,357,0,14,1,-2.268,-60.766,2.161
2012-05-05-13_15_23.240,357,1,14,1,-11.211,-60.791,1.861
2012-05-05-13_15_23.240,357,1,14,1,-11.347,-60.727,1.861
2012-05-05-13_15_23.241,357,1,14,1,-11.234,-60.710,1.961
2012-05-05-13_15_23.242,357,2,14,1,-20.165,-60.723,1.261
2012-05-05-13_15_23.243,357,2,14,1,-20.233,-60.696,1.261
2012-05-05-13_15_23.244,357,2,14,1,-20.240,-60.695,1.261
2012-05-05-13_15_23.245,357,3,14,1,-29.187,-60.805,1.361
2012-05-05-13_15_23.246,357,3,14,1,-29.159,-60.708,1.561
2012-05-05-13_15_23.247,357,3,14,1,-29.255,-60.778,1.561
2012-05-05-13_15_23.247,357,4,14,1,-38.184,-60.807,1.161
2012-05-05-13_15_23.248,357,4,14,1,-38.156,-60.710,1.161
2012-05-05-13_15_23.249,357,4,14,1,-38.252,-60.780,1.161
2012-05-05-13_15_23.249,357,5,14,1,-47.200,-60.796,1.661
2012-05-05-13_15_23.250,357,5,14,1,-47.285,-60.770,1.561
2012-05-05-13_15_23.251,357,5,14,1,-47.256,-60.798,1.661
2012-05-05-13_15_23.252,357,6,14,1,-56.229,-60.867,1.561
2012-05-05-13_15_23.252,357,6,14,1,-56.201,-60.770,1.561
2012-05-05-13_15_23.253,357,6,14,1,-56.297,-60.841,1.461
2012-05-05-13_15_23.254,357,7,14,1,-65.192,-60.777,6.061
2012-05-05-13_15_23.255,357,7,14,1,-65.199,-60.776,2.261
2012-05-05-13_15_23.255,357,7,14,1,-65.181,-60.681,2.261
2012-05-05-13_15_23.256,357,0,15,0,2.269,-65.284,2.170
2012-05-05-13_15_23.257,357,0,15,0,2.294,-65.196,2.170
2012-05-05-13_15_23.257,357,0,15,0,2.196,-65.255,2.170
2012-05-05-13_15_23.258,357,1,15,0,-6.754,-65.293,1.970
2012-05-05-13_15_23.259,357,1,15,0,-6.834,-65.268,1.970
2012-05-05-13_15_23.261,357,1,15,0,-6.773,-65.215,1.970
2012-05-05-13_15_23.262,357,2,15,0,-15.696,-65.214,1.370
2012-05-05-13_15_23.263,357,2,15,0,-15.769,-65.185,1.370
2012-05-05-13_15_23.264,357,2,15,0,-15.715,-65.140,1.370
2012-05-05-13_15_23.264,357,3,15,0,-24.718,-65.296,1.770
2012-05-05-13_15_23.265,357,3,15,0,-24.693,-65.208,1.770
2012-05-05-13_15_23.266,357,3,15,0,-24.791,-65.267,1.770
2012-05-05-13_15_23.266,357,4,15,0,-33.714,-65.298,1.070
2012-05-05-13_15_23.267,357,4,15,0,-33.689,-65.210,1.170
2012-05-05-13_15_23.268,357,4,15,0,-33.788,-65.269,1.070
2012-05-05-13_15_23.269,357,5,15,0,-42.733,-65.296,1.670
2012-05-05-13_15_23.271,357,5,15,0,-42.687,-65.336,1.370
2012-05-05-13_15_23.272,357,5,15,0,-42.777,-65.310,1.570
2012-05-05-13_15_23.273,357,6,15,0,-51.760,-65.358,1.370
2012-05-05-13_15_23.273,357,6,15,0,-51.735,-65.270,1.470
2012-05-05-13_15_23.274,357,6,15,0,-51.833,-65.330,1.370
2012-05-05-13_15_23.275,357,7,15,0,-60.655,-65.295,2.170
2012-05-05-13_15_23.275,357,7,15,0,-60.728,-65.266,2.170
2012-05-05-13_15_23.276,357,7,15,0,-60.674,-65.221,2.170
2012-05-05-13_15_23.277,357,0,15,1,-2.198,-65.291,2.179
2012-05-05-13_15_23.278,357,0,15,1,-2.170,-65.196,2.179
2012-05-05-13_15_23.279,357,0,15,1,-2.271,-65.269,2.179
2012-05-05-13_15_23.279,357,1,15,1,-11.211,-65.293,1.979
2012-05-05-13_15_23.280,357,1,15,1,-11.345,-65.227,1.979
2012-05-05-13_15_23.281,357,1,15,1,-11.232,-65.214,1.879
2012-05-05-13_15_23.282,357,2,15,1,-20.163,-65.221,1.379
2012-05-05-13_15_23.282,357,2,15,1,-20.236,-65.199,1.379
2012-05-05-13_15_23.283,357,2,15,1,-20.243,-65.198,1.379
2012-05-05-13_15_23.284,357,3,15,1,-29.185,-65.303,1.479
2012-05-05-13_15_23.285,357,3,15,1,-29.157,-65.208,1.479
2012-05-05-13_15_23.286,357,3,15,1,-29.258,-65.281,1.479
2012-05-05-13_15_23.286,357,4,15,1,-38.181,-65.305,1.179
2012-05-05-13_15_23.287,357,4,15,1,-38.154,-65.210,1.079
2012-05-05-13_15_23.290,357,4,15,1,-38.255,-65.283,1.179
2012-05-05-13_15_23.290,357,5,15,1,-47.198,-65.295,1.679
2012-05-05-13_15_23.291,357,5,15,1,-47.285,-65.274,1.679
2012-05-05-13_15_23.292,357,5,15,1,-47.256,-65.298,1.679
2012-05-05-13_15_23.292,357,6,15,1,-56.227,-65.366,1.479
2012-05-05-13_15_23.293,357,6,15,1,-56.199,-65.270,1.479
2012-05-05-13_15_23.293,357,6,15,1,-56.300,-65.344,1.479
2012-05-05-13_15_23.294,357,7,15,1,-65.195,-65.280,2.179
2012-05-05-13_15_23.295,357,7,15,1,-65.202,-65.279,2.179
2012-05-05-13_15_23.296,357,7,15,1,-65.182,-65.185,2.179
2012-05-05-13_15_23.296,357,0,16,0,2.266,-69.783,2.191
2012-05-05-13_15_23.297,357,0,16,0,2.294,-69.689,2.191
2012-05-05-13_15_23.298,357,0,16,0,2.196,-69.759,2.191
2012-05-05-13_15_23.299,357,1,16,0,-6.749,-69.795,1.991
2012-05-05-13_15_23.300,357,1,16,0,-6.832,-69.768,1.991
2012-05-05-13_15_23.300,357,1,16,0,-6.773,-69.708,1.991
2012-05-05-13_15_23.301,357,2,16,0,-15.699,-69.713,1.391
2012-05-05-13_15_23.302,357,2,16,0,-15.769,-69.689,1.391
2012-05-05-13_15_23.303,357,2,16,0,-15.747,-69.698,1.391
2012-05-05-13_15_23.304,357,3,16,0,-24.721,-69.795,1.791
2012-05-05-13_15_23.304,357,3,16,0,-24.693,-69.701,1.791
2012-05-05-13_15_23.305,357,3,16,0,-24.791,-69.771,1.791
2012-05-05-13_15_23.306,357,4,16,0,-33.717,-69.797,1.091
2012-05-05-13_15_23.307,357,4,16,0,-33.690,-69.703,1.091
2012-05-05-13_15_23.308,357,4,16,0,-33.788,-69.773,0.991
2012-05-05-13_15_23.309,357,5,16,0,-42.734,-69.789,1.591
2012-05-05-13_15_23.310,357,5,16,0,-42.685,-69.836,1.391
2012-05-05-13_15_23.310,357,5,16,0,-42.780,-69.804,1.691
2012-05-05-13_15_23.311,357,6,16,0,-51.763,-69.858,1.391
2012-05-05-13_15_23.312,357,6,16,0,-51.735,-69.764,1.391
2012-05-05-13_15_23.313,357,6,16,0,-51.833,-69.833,1.391
2012-05-05-13_15_23.313,357,7,16,0,-60.657,-69.794,2.191
2012-05-05-13_15_23.314,357,7,16,0,-60.728,-69.770,2.191
2012-05-05-13_15_23.315,357,7,16,0,-60.676,-69.715,2.191
2012-05-05-13_15_23.316,357,0,16,1,-2.198,-69.788,2.203
2012-05-05-13_15_23.317,357,0,16,1,-2.171,-69.689,2.203
2012-05-05-13_15_23.317,357,0,16,1,-2.274,-69.771,2.203
2012-05-05-13_15_23.318,357,1,16,1,-11.214,-69.794,2.003
2012-05-05-13_15_23.319,357,1,16,1,-11.345,-69.720,2.003
2012-05-05-13_15_23.320,357,1,16,1,-11.233,-69.708,1.902
2012-05-05-13_15_23.323,357,2,16,1,-20.163,-69.718,1.403
2012-05-05-13_15_23.323,357,2,16,1,-20.239,-69.701,1.403
2012-05-05-13_15_23.325,357,2,16,1,-20.246,-69.699,1.303
2012-05-05-13_15_23.325,357,3,16,1,-29.185,-69.801,1.503
2012-05-05-13_15_23.326,357,3,16,1,-29.158,-69.701,1.503
2012-05-05-13_15_23.327,357,3,16,1,-29.261,-69.783,1.503
2012-05-05-13_15_23.327,357,4,16,1,-38.182,-69.802,1.203
2012-05-05-13_15_23.328,357,4,16,1,-38.154,-69.703,1.103
2012-05-05-13_15_23.329,357,4,16,1,-38.257,-69.785,1.103
2012-05-05-13_15_23.330,357,5,16,1,-47.198,-69.788,1.703
2012-05-05-13_15_23.330,357,5,16,1,-47.286,-69.769,1.703
2012-05-05-13_15_23.332,357,5,16,1,-47.257,-69.792,1.702
2012-05-05-13_15_23.333,357,6,16,1,-56.227,-69.863,1.603
2012-05-05-13_15_23.334,357,6,16,1,-56.200,-69.763,1.503
2012-05-05-13_15_23.335,357,6,16,1,-56.303,-69.845,1.503
2012-05-05-13_15_23.336,357,7,16,1,-65.198,-69.782,2.203
2012-05-05-13_15_23.336,357,7,16,1,-65.205,-69.780,2.203
2012-05-05-13_15_23.337,357,7,16,1,-65.182,-69.680,2.203
2012-05-05-13_15_23.338,357,0,17,0,2.258,-74.280,2.215
2012-05-05-13_15_23.339,357,0,17,0,2.291,-74.189,2.215
2012-05-05-13_15_23.339,357,0,17,0,2.190,-74.258,2.215
2012-05-05-13_15_23.340,357,1,17,0,-6.750,-74.293,2.015
2012-05-05-13_15_23.341,357,1,17,0,-6.830,-74.272,2.015
2012-05-05-13_15_23.342,357,1,17,0,-6.774,-74.206,2.015
2012-05-05-13_15_23.342,357,2,17,0,-15.706,-74.210,1.315
2012-05-05-13_15_23.343,357,2,17,0,-15.775,-74.188,1.415
2012-05-05-13_15_23.344,357,2,17,0,-15.718,-74.138,1.415
2012-05-05-13_15_23.344,357,3,17,0,-24.729,-74.292,1.815
2012-05-05-13_15_23.346,357,3,17,0,-24.696,-74.201,1.815
2012-05-05-13_15_23.347,357,3,17,0,-24.797,-74.270,1.815
2012-05-05-13_15_23.348,357,4,17,0,-33.725,-74.294,1.215
2012-05-05-13_15_23.349,357,4,17,0,-33.693,-74.203,1.215
2012-05-05-13_15_23.349,357,4,17,0,-33.793,-74.272,1.215
2012-05-05-13_15_23.350,357,5,17,0,-42.736,-74.289,1.615
2012-05-05-13_15_23.351,357,5,17,0,-42.683,-74.340,1.415
2012-05-05-13_15_23.352,357,5,17,0,-42.781,-74.308,1.615
2012-05-05-13_15_23.353,357,6,17,0,-51.771,-74.354,1.415
2012-05-05-13_15_23.354,357,6,17,0,-51.738,-74.264,1.415
2012-05-05-13_15_23.354,357,6,17,0,-51.685,-74.315,1.515
2012-05-05-13_15_23.355,357,7,17,0,-60.665,-74.290,2.215
2012-05-05-13_15_23.356,357,7,17,0,-60.733,-74.269,2.215
2012-05-05-13_15_23.357,357,7,17,0,-60.677,-74.219,2.215
2012-05-05-13_15_23.357,357,0,17,1,-2.196,-74.286,2.224
2012-05-05-13_15_23.358,357,0,17,1,-2.169,-74.188,2.224
2012-05-05-13_15_23.359,357,0,17,1,-2.272,-74.268,2.224
2012-05-05-13_15_23.360,357,1,17,1,-11.214,-74.292,2.024
2012-05-05-13_15_23.360,357,1,17,1,-11.343,-74.220,1.924
2012-05-05-13_15_23.361,357,1,17,1,-11.233,-74.206,1.924
2012-05-05-13_15_23.362,357,2,17,1,-20.161,-74.216,1.424
2012-05-05-13_15_23.363,357,2,17,1,-20.237,-74.198,1.424
2012-05-05-13_15_23.364,357,2,17,1,-20.244,-74.197,1.424
2012-05-05-13_15_23.364,357,3,17,1,-29.183,-74.298,1.524
2012-05-05-13_15_23.365,357,3,17,1,-29.156,-74.201,1.524
2012-05-05-13_15_23.366,357,3,17,1,-29.259,-74.281,1.524
2012-05-05-13_15_23.368,357,4,17,1,-38.180,-74.300,1.124
2012-05-05-13_15_23.368,357,4,17,1,-38.152,-74.202,1.224
2012-05-05-13_15_23.369,357,4,17,1,-38.255,-74.282,1.124
2012-05-05-13_15_23.370,357,5,17,1,-47.196,-74.288,1.724
2012-05-05-13_15_23.371,357,5,17,1,-47.284,-74.266,1.724
2012-05-05-13_15_23.371,357,5,17,1,-47.255,-74.292,1.724
2012-05-05-13_15_23.372,357,6,17,1,-56.225,-74.361,1.624
2012-05-05-13_15_23.373,357,6,17,1,-56.198,-74.263,1.524
2012-05-05-13_15_23.375,357,6,17,1,-56.301,-74.343,1.624
2012-05-05-13_15_23.376,357,7,17,1,-65.195,-74.279,2.224
2012-05-05-13_15_23.377,357,7,17,1,-65.203,-74.278,2.224
2012-05-05-13_15_23.378,357,7,17,1,-65.180,-74.177,2.224
2012-05-05-13_15_23.378,357,0,18,0,2.265,-78.778,2.033
2012-05-05-13_15_23.379,357,0,18,0,2.293,-78.689,2.033
2012-05-05-13_15_23.380,357,0,18,0,2.190,-78.755,2.033
2012-05-05-13_15_23.381,357,1,18,0,-6.748,-78.789,1.933
2012-05-05-13_15_23.382,357,1,18,0,-6.831,-78.769,1.933
2012-05-05-13_15_23.382,357,1,18,0,-6.769,-78.704,1.933
2012-05-05-13_15_23.383,357,2,18,0,-15.700,-78.708,1.433
2012-05-05-13_15_23.384,357,2,18,0,-15.775,-78.685,1.433
2012-05-05-13_15_23.385,357,2,18,0,-15.721,-78.639,1.433
2012-05-05-13_15_23.385,357,3,18,0,-24.722,-78.790,1.833
2012-05-05-13_15_23.386,357,3,18,0,-24.694,-78.701,1.833
2012-05-05-13_15_23.387,357,3,18,0,-24.797,-78.768,1.833
2012-05-05-13_15_23.388,357,4,18,0,-33.718,-78.792,1.233
2012-05-05-13_15_23.389,357,4,18,0,-33.691,-78.703,1.233
2012-05-05-13_15_23.389,357,4,18,0,-33.794,-78.769,1.233
2012-05-05-13_15_23.390,357,5,18,0,-42.734,-78.789,1.833
2012-05-05-13_15_23.391,357,5,18,0,-42.684,-78.837,1.633
2012-05-05-13_15_23.392,357,5,18,0,-42.783,-78.809,1.833
2012-05-05-13_15_23.393,357,6,18,0,-51.764,-78.853,1.633
2012-05-05-13_15_23.393,357,6,18,0,-51.736,-78.764,1.633
2012-05-05-13_15_23.394,357,6,18,0,-51.839,-78.830,1.733
2012-05-05-13_15_23.395,357,7,18,0,-60.658,-78.789,2.333
2012-05-05-13_15_23.396,357,7,18,0,-60.734,-78.766,2.433
2012-05-05-13_15_23.397,357,7,18,0,-60.680,-78.720,2.433
2012-05-05-13_15_23.398,357,0,18,1,-2.194,-78.787,2.042
2012-05-05-13_15_23.399,357,0,18,1,-2.167,-78.689,2.041
2012-05-05-13_15_23.399,357,0,18,1,-2.270,-78.765,2.041
2012-05-05-13_15_23.400,357,1,18,1,-11.210,-78.788,1.942
2012-05-05-13_15_23.401,357,1,18,1,-11.341,-78.720,1.941
2012-05-05-13_15_23.402,357,1,18,1,-11.236,-78.703,1.941
2012-05-05-13_15_23.403,357,2,18,1,-20.159,-78.717,1.442
2012-05-05-13_15_23.404,357,2,18,1,-20.235,-78.695,1.441
2012-05-05-13_15_23.404,357,2,18,1,-20.242,-78.694,1.541
2012-05-05-13_15_23.405,357,3,18,1,-29.181,-78.800,1.542
2012-05-05-13_15_23.406,357,3,18,1,-29.154,-78.701,1.841
2012-05-05-13_15_23.407,357,3,18,1,-29.257,-78.777,1.741
2012-05-05-13_15_23.407,357,4,18,1,-38.178,-78.801,1.242
2012-05-05-13_15_23.408,357,4,18,1,-38.150,-78.703,1.341
2012-05-05-13_15_23.409,357,4,18,1,-38.253,-78.779,1.241
2012-05-05-13_15_23.409,357,5,18,1,-47.194,-78.788,1.941
2012-05-05-13_15_23.410,357,5,18,1,-47.284,-78.764,1.841
2012-05-05-13_15_23.411,357,5,18,1,-47.253,-78.793,1.941
2012-05-05-13_15_23.411,357,6,18,1,-56.223,-78.862,1.642
2012-05-05-13_15_23.412,357,6,18,1,-56.196,-78.763,1.641
2012-05-05-13_15_23.413,357,6,18,1,-56.299,-78.840,1.641
2012-05-05-13_15_23.414,357,7,18,1,-65.193,-78.776,2.341
2012-05-05-13_15_23.415,357,7,18,1,-65.201,-78.775,2.341
2012-05-05-13_15_23.415,357,7,18,1,-65.181,-78.675,2.341
2012-05-05-13_15_23.416,357,0,19,0,2.265,-83.281,2.053
2012-05-05-13_15_23.417,357,0,19,0,2.295,-83.196,1.953
2012-05-05-13_15_23.417,357,0,19,0,2.187,-83.253,2.053
2012-05-05-13_15_23.418,357,1,19,0,-6.748,-83.289,1.953
2012-05-05-13_15_23.419,357,1,19,0,-6.829,-83.269,12.753
2012-05-05-13_15_23.419,357,1,19,0,-6.770,-83.211,1.953
2012-05-05-13_15_23.420,357,2,19,0,-15.700,-83.211,1.553
2012-05-05-13_15_23.421,357,2,19,0,-15.778,-83.183,1.453
2012-05-05-13_15_23.421,357,2,19,0,-15.721,-83.142,1.553
2012-05-05-13_15_23.422,357,3,19,0,-24.722,-83.293,1.853
2012-05-05-13_15_23.422,357,3,19,0,-24.692,-83.208,1.853
2012-05-05-13_15_23.425,357,3,19,0,-24.800,-83.266,1.853
2012-05-05-13_15_23.426,357,4,19,0,-33.719,-83.295,1.253
2012-05-05-13_15_23.427,357,4,19,0,-33.689,-83.210,1.253
2012-05-05-13_15_23.427,357,4,19,0,-33.797,-83.267,1.253
2012-05-05-13_15_23.429,357,5,19,0,-42.732,-83.296,1.853
2012-05-05-13_15_23.430,357,5,19,0,-42.681,-83.337,10.153
2012-05-05-13_15_23.430,357,5,19,0,-42.784,-83.312,1.853
2012-05-05-13_15_23.431,357,6,19,0,-51.764,-83.356,1.653
2012-05-05-13_15_23.431,357,6,19,0,-51.734,-83.270,1.653
2012-05-05-13_15_23.432,357,6,19,0,-51.683,-83.312,7.153
2012-05-05-13_15_23.433,357,7,19,0,-60.659,-83.292,2.453
2012-05-05-13_15_23.434,357,7,19,0,-60.737,-83.264,2.453
2012-05-05-13_15_23.435,357,7,19,0,-60.680,-83.223,2.453
2012-05-05-13_15_23.437,357,0,19,1,-2.197,-83.293,2.065
2012-05-05-13_15_23.437,357,0,19,1,-2.170,-83.196,2.065
2012-05-05-13_15_23.438,357,0,19,1,-2.270,-83.266,2.065
2012-05-05-13_15_23.440,357,1,19,1,-11.213,-83.290,1.865
2012-05-05-13_15_23.441,357,1,19,1,-11.344,-83.227,1.865
2012-05-05-13_15_23.441,357,1,19,1,-11.237,-83.210,1.965
2012-05-05-13_15_23.442,357,2,19,1,-20.162,-83.223,1.565
2012-05-05-13_15_23.443,357,2,19,1,-20.235,-83.196,1.465
2012-05-05-13_15_23.444,357,2,19,1,-20.242,-83.195,1.465
2012-05-05-13_15_23.445,357,3,19,1,-29.184,-83.305,1.665
2012-05-05-13_15_23.446,357,3,19,1,-29.157,-83.208,1.765
2012-05-05-13_15_23.447,357,3,19,1,-29.257,-83.278,1.765
2012-05-05-13_15_23.447,357,4,19,1,-38.181,-83.307,1.265
2012-05-05-13_15_23.448,357,4,19,1,-38.153,-83.210,1.265
2012-05-05-13_15_23.448,357,4,19,1,-38.254,-83.280,1.265
2012-05-05-13_15_23.449,357,5,19,1,-47.197,-83.296,1.865
2012-05-05-13_15_23.450,357,5,19,1,-47.285,-83.269,1.865
2012-05-05-13_15_23.451,357,5,19,1,-47.253,-83.299,1.865
2012-05-05-13_15_23.452,357,6,19,1,-56.226,-83.367,1.665
2012-05-05-13_15_23.452,357,6,19,1,-56.199,-83.270,1.665
2012-05-05-13_15_23.453,357,6,19,1,-56.299,-83.341,1.565
2012-05-05-13_15_23.454,357,7,19,1,-65.194,-83.277,2.165
2012-05-05-13_15_23.455,357,7,19,1,-65.201,-83.276,2.265
2012-05-05-13_15_23.455,357,7,19,1,-65.181,-83.180,2.265
2012-05-05-13_15_23.456,357,0,20,0,2.267,-87.784,2.078
2012-05-05-13_15_23.457,357,0,20,0,2.294,-87.696,2.078
2012-05-05-13_15_23.458,357,0,20,0,2.187,-87.754,1.978
2012-05-05-13_15_23.458,357,1,20,0,-6.754,-87.794,1.878
2012-05-05-13_15_23.459,357,1,20,0,-6.829,-87.768,1.878
2012-05-05-13_15_23.460,357,1,20,0,-6.770,-87.716,1.878
2012-05-05-13_15_23.460,357,2,20,0,-15.698,-87.714,1.478
2012-05-05-13_15_23.461,357,2,20,0,-15.778,-87.684,1.578
2012-05-05-13_15_23.462,357,2,20,0,-15.717,-87.640,1.578
2012-05-05-13_15_23.463,357,3,20,0,-24.720,-87.796,1.878
2012-05-05-13_15_23.463,357,3,20,0,-24.693,-87.708,1.878
2012-05-05-13_15_23.464,357,3,20,0,-24.800,-87.766,1.878
2012-05-05-13_15_23.465,357,4,20,0,-33.717,-87.798,1.178
2012-05-05-13_15_23.466,357,4,20,0,-33.689,-87.710,1.278
2012-05-05-13_15_23.467,357,4,20,0,-33.797,-87.768,1.178
2012-05-05-13_15_23.467,357,5,20,0,-42.733,-87.796,1.878
2012-05-05-13_15_23.468,357,5,20,0,-42.682,-87.836,1.678
2012-05-05-13_15_23.469,357,5,20,0,-42.779,-87.810,1.778
2012-05-05-13_15_23.470,357,6,20,0,-51.762,-87.859,1.578
2012-05-05-13_15_23.470,357,6,20,0,-51.735,-87.770,1.678
2012-05-05-13_15_23.471,357,6,20,0,-51.684,-87.810,1.678
2012-05-05-13_15_23.472,357,7,20,0,-60.657,-87.795,2.378
2012-05-05-13_15_23.473,357,7,20,0,-60.737,-87.765,2.478
2012-05-05-13_15_23.474,357,7,20,0,-60.676,-87.721,2.478
2012-05-05-13_15_23.474,357,0,20,1,-2.193,-87.791,1.987
2012-05-05-13_15_23.477,357,0,20,1,-2.278,-87.772,2.087
2012-05-05-13_15_23.477,357,0,20,1,-2.219,-87.710,1.987
2012-05-05-13_15_23.478,357,2,20,1,-20.158,-87.721,1.487
2012-05-05-13_15_23.479,357,2,20,1,-20.243,-87.702,1.587
2012-05-05-13_15_23.479,357,3,20,1,-29.180,-87.803,1.587
2012-05-05-13_15_23.480,357,3,20,1,-29.265,-87.784,1.787
2012-05-05-13_15_23.481,357,3,20,1,-29.206,-87.722,1.887
2012-05-05-13_15_23.482,357,4,20,1,-38.176,-87.805,1.387
2012-05-05-13_15_23.482,357,4,20,1,-38.262,-87.786,1.387
2012-05-05-13_15_23.483,357,4,20,1,-38.203,-87.724,1.387
2012-05-05-13_15_23.484,357,5,20,1,-47.246,-87.810,1.887
2012-05-05-13_15_23.485,357,6,20,1,-56.222,-87.866,1.687
2012-05-05-13_15_23.486,357,6,20,1,-56.307,-87.847,1.587
2012-05-05-13_15_23.486,357,6,20,1,-56.148,-87.811,1.687
2012-05-05-13_15_23.487,357,7,20,1,-65.202,-87.783,2.287
2012-05-05-13_15_23.489,357,7,20,1,-65.143,-87.721,2.187
2012-05-05-13_15_23.490,357,0,21,0,2.269,-92.283,1.996
2012-05-05-13_15_23.491,357,0,21,0,2.296,-92.190,2.096
2012-05-05-13_15_23.491,357,0,21,0,2.186,-92.257,2.096
2012-05-05-13_15_23.492,357,1,21,0,-6.752,-92.296,1.996
2012-05-05-13_15_23.493,357,1,21,0,-6.830,-92.269,1.996
2012-05-05-13_15_23.494,357,1,21,0,-6.773,-92.209,1.996
2012-05-05-13_15_23.495,357,2,21,0,-15.696,-92.213,1.396
2012-05-05-13_15_23.495,357,2,21,0,-15.779,-92.187,1.396
2012-05-05-13_15_23.496,357,2,21,0,-15.717,-92.135,1.496
2012-05-05-13_15_23.497,357,3,21,0,-24.718,-92.295,1.896
2012-05-05-13_15_23.498,357,3,21,0,-24.691,-92.202,1.896
2012-05-05-13_15_23.498,357,3,21,0,-24.801,-92.269,1.896
2012-05-05-13_15_23.499,357,4,21,0,-33.715,-92.297,1.296
2012-05-05-13_15_23.500,357,4,21,0,-33.687,-92.204,1.196
2012-05-05-13_15_23.501,357,4,21,0,-33.797,-92.271,1.196
2012-05-05-13_15_23.501,357,5,21,0,-42.731,-92.290,1.796
2012-05-05-13_15_23.503,357,5,21,0,-42.682,-92.337,1.696
2012-05-05-13_15_23.503,357,5,21,0,-42.780,-92.305,1.896
2012-05-05-13_15_23.504,357,6,21,0,-51.760,-92.357,1.596
2012-05-05-13_15_23.505,357,6,21,0,-51.733,-92.265,1.596
2012-05-05-13_15_23.505,357,6,21,0,-51.684,-92.312,1.596
2012-05-05-13_15_23.506,357,7,21,0,-60.655,-92.293,2.396
2012-05-05-13_15_23.507,357,7,21,0,-60.737,-92.268,2.396
2012-05-05-13_15_23.508,357,7,21,0,-60.676,-92.216,2.396
2012-05-05-13_15_23.509,357,0,21,1,-2.193,-92.290,2.105
2012-05-05-13_15_23.509,357,0,21,1,-2.168,-92.190,2.104
2012-05-05-13_15_23.510,357,0,21,1,-2.269,-92.270,2.104
2012-05-05-13_15_23.512,357,1,21,1,-11.214,-92.296,2.005
2012-05-05-13_15_23.513,357,1,21,1,-11.342,-92.222,2.004
2012-05-05-13_15_23.514,357,1,21,1,-11.235,-92.209,2.004
2012-05-05-13_15_23.515,357,2,21,1,-20.158,-92.220,1.505
2012-05-05-13_15_23.516,357,2,21,1,-20.234,-92.200,1.504
2012-05-05-13_15_23.517,357,2,21,1,-20.241,-92.199,1.504
2012-05-05-13_15_23.517,357,3,21,1,-29.180,-92.302,1.605
2012-05-05-13_15_23.518,357,3,21,1,-29.155,-92.202,1.804
2012-05-05-13_15_23.519,357,3,21,1,-29.256,-92.283,1.704
2012-05-05-13_15_23.520,357,4,21,1,-38.177,-92.304,1.305
2012-05-05-13_15_23.520,357,4,21,1,-38.152,-92.204,1.304
2012-05-05-13_15_23.521,357,4,21,1,-38.252,-92.284,1.304
2012-05-05-13_15_23.522,357,5,21,1,-47.195,-92.290,1.704
2012-05-05-13_15_23.523,357,5,21,1,-47.283,-92.270,1.704
2012-05-05-13_15_23.524,357,5,21,1,-47.251,-92.291,1.704
2012-05-05-13_15_23.524,357,6,21,1,-56.222,-92.364,1.605
2012-05-05-13_15_23.525,357,6,21,1,-56.197,-92.265,1.604
2012-05-05-13_15_23.526,357,6,21,1,-56.298,-92.345,1.604
2012-05-05-13_15_23.527,357,7,21,1,-65.192,-92.281,2.204
2012-05-05-13_15_23.529,357,7,21,1,-65.200,-92.280,2.204
2012-05-05-13_15_23.530,357,7,21,1,-65.179,-92.181,2.204
2012-05-05-13_15_23.531,357,0,22,0,2.269,-96.779,2.016
2012-05-05-13_15_23.531,357,0,22,0,2.296,-96.691,2.016
2012-05-05-13_15_23.532,357,0,22,0,2.188,-96.758,2.016
2012-05-05-13_15_23.533,357,1,22,0,-6.754,-96.794,1.916
2012-05-05-13_15_23.533,357,1,22,0,-6.830,-96.774,1.916
2012-05-05-13_15_23.534,357,1,22,0,-6.773,-96.708,1.916
2012-05-05-13_15_23.535,357,2,22,0,-15.696,-96.709,1.416
2012-05-05-13_15_23.536,357,2,22,0,-15.777,-96.688,1.416
2012-05-05-13_15_23.537,357,2,22,0,-15.715,-96.639,1.416
2012-05-05-13_15_23.537,357,3,22,0,-24.718,-96.792,1.816
2012-05-05-13_15_23.538,357,3,22,0,-24.691,-96.704,1.816
2012-05-05-13_15_23.539,357,3,22,0,-24.799,-96.770,1.816
2012-05-05-13_15_23.540,357,4,22,0,-33.715,-96.793,1.216
2012-05-05-13_15_23.541,357,4,22,0,-33.688,-96.705,1.216
2012-05-05-13_15_23.541,357,4,22,0,-33.795,-96.772,1.216
2012-05-05-13_15_23.542,357,5,22,0,-42.731,-96.791,1.816
2012-05-05-13_15_23.543,357,5,22,0,-42.683,-96.842,1.616
2012-05-05-13_15_23.544,357,5,22,0,-42.778,-96.809,1.816
2012-05-05-13_15_23.545,357,6,22,0,-51.760,-96.854,1.616
2012-05-05-13_15_23.545,357,6,22,0,-51.733,-96.766,1.616
2012-05-05-13_15_23.546,357,6,22,0,-51.685,-96.817,1.616
2012-05-05-13_15_23.547,357,7,22,0,-60.655,-96.790,2.416
2012-05-05-13_15_23.548,357,7,22,0,-60.735,-96.769,2.416
2012-05-05-13_15_23.548,357,7,22,0,-60.674,-96.720,2.316
2012-05-05-13_15_23.549,357,0,22,1,-2.194,-96.786,2.025
2012-05-05-13_15_23.550,357,0,22,1,-2.171,-96.691,2.025
2012-05-05-13_15_23.550,357,0,22,1,-2.264,-96.768,2.025
2012-05-05-13_15_23.551,357,1,22,1,-11.214,-96.794,2.025
2012-05-05-13_15_23.552,357,1,22,1,-11.345,-96.723,2.025
2012-05-05-13_15_23.553,357,1,22,1,-11.235,-96.707,2.025
2012-05-05-13_15_23.553,357,2,22,1,-20.158,-96.716,1.525
2012-05-05-13_15_23.554,357,2,22,1,-20.229,-96.698,1.525
2012-05-05-13_15_23.555,357,2,22,1,-20.239,-96.697,1.525
2012-05-05-13_15_23.556,357,3,22,1,-29.181,-96.799,1.525
2012-05-05-13_15_23.556,357,3,22,1,-29.158,-96.703,1.625
2012-05-05-13_15_23.557,357,3,22,1,-29.251,-96.780,1.625
2012-05-05-13_15_23.559,357,4,22,1,-38.177,-96.800,1.325
2012-05-05-13_15_23.560,357,4,22,1,-38.154,-96.705,1.225
2012-05-05-13_15_23.560,357,4,22,1,-38.248,-96.782,1.225
2012-05-05-13_15_23.561,357,5,22,1,-47.198,-96.791,1.725
2012-05-05-13_15_23.561,357,5,22,1,-47.281,-96.768,10.125
2012-05-05-13_15_23.562,357,5,22,1,-47.252,-96.791,1.725
2012-05-05-13_15_23.563,357,6,22,1,-56.223,-96.861,1.625
2012-05-05-13_15_23.564,357,6,22,1,-56.200,-96.766,1.625
2012-05-05-13_15_23.564,357,6,22,1,-56.293,-96.842,1.625
2012-05-05-13_15_23.565,357,7,22,1,-65.188,-96.779,2.225
2012-05-05-13_15_23.566,357,7,22,1,-65.198,-96.778,2.225
2012-05-05-13_15_23.568,357,7,22,1,-65.177,-96.679,10.525
2012-05-05-13_15_23.569,357,0,23,0,2.271,-101.278,2.040
2012-05-05-13_15_23.570,357,0,23,0,2.296,-101.191,1.940
2012-05-05-13_15_23.570,357,0,23,0,2.190,-101.254,2.040
2012-05-05-13_15_23.571,357,1,23,0,-6.757,-101.289,1.940
2012-05-05-13_15_23.572,357,1,23,0,-6.830,-101.270,1.940
2012-05-05-13_15_23.574,357,1,23,0,-6.774,-101.204,1.940
2012-05-05-13_15_23.574,357,2,23,0,-15.694,-101.208,1.340
2012-05-05-13_15_23.575,357,2,23,0,-15.775,-101.184,1.340
2012-05-05-13_15_23.575,357,2,23,0,-15.716,-101.140,1.340
2012-05-05-13_15_23.576,357,3,23,0,-24.716,-101.290,1.840
2012-05-05-13_15_23.577,357,3,23,0,-24.691,-101.203,1.840
2012-05-05-13_15_23.577,357,3,23,0,-24.797,-101.266,1.740
2012-05-05-13_15_23.578,357,4,23,0,-33.713,-101.292,1.240
2012-05-05-13_15_23.580,357,4,23,0,-33.688,-101.205,1.140
2012-05-05-13_15_23.581,357,4,23,0,-33.793,-101.268,1.140
2012-05-05-13_15_23.582,357,5,23,0,-42.732,-101.291,1.840
2012-05-05-13_15_23.583,357,5,23,0,-42.683,-101.338,1.540
2012-05-05-13_15_23.584,357,5,23,0,-42.778,-101.309,1.840
2012-05-05-13_15_23.584,357,6,23,0,-51.758,-101.353,1.540
2012-05-05-13_15_23.585,357,6,23,0,-51.733,-101.265,1.540
2012-05-05-13_15_23.586,357,6,23,0,-51.839,-101.329,1.540
2012-05-05-13_15_23.586,357,7,23,0,-60.653,-101.289,2.340
2012-05-05-13_15_23.587,357,7,23,0,-60.733,-101.265,2.340
2012-05-05-13_15_23.588,357,7,23,0,-60.675,-101.220,2.340
2012-05-05-13_15_23.589,357,0,23,1,-2.182,-101.276,2.040
2012-05-05-13_15_23.590,357,0,23,1,-2.164,-101.190,2.040
2012-05-05-13_15_23.590,357,0,23,1,-2.262,-101.265,2.040
2012-05-05-13_15_23.591,357,1,23,1,-11.210,-101.289,1.940
2012-05-05-13_15_23.592,357,1,23,1,-11.338,-101.222,1.940
2012-05-05-13_15_23.593,357,1,23,1,-11.236,-101.204,1.940
2012-05-05-13_15_23.594,357,2,23,1,-20.147,-101.206,1.440
2012-05-05-13_15_23.595,357,2,23,1,-20.227,-101.195,1.440
2012-05-05-13_15_23.596,357,2,23,1,-20.237,-101.193,1.440
2012-05-05-13_15_23.597,357,3,23,1,-29.169,-101.288,1.640
2012-05-05-13_15_23.598,357,3,23,1,-29.151,-101.203,1.640
2012-05-05-13_15_23.599,357,3,23,1,-29.249,-101.277,1.640
2012-05-05-13_15_23.599,357,4,23,1,-38.165,-101.290,1.240
2012-05-05-13_15_23.600,357,4,23,1,-38.148,-101.204,1.240
2012-05-05-13_15_23.601,357,4,23,1,-38.246,-101.279,1.240
2012-05-05-13_15_23.602,357,5,23,1,-47.191,-101.290,1.640
2012-05-05-13_15_23.603,357,5,23,1,-47.279,-101.266,1.640
2012-05-05-13_15_23.603,357,5,23,1,-47.250,-101.292,1.640
2012-05-05-13_15_23.604,357,6,23,1,-56.211,-101.351,1.640
2012-05-05-13_15_23.604,357,6,23,1,-56.193,-101.265,1.640
2012-05-05-13_15_23.605,357,6,23,1,-56.291,-101.340,1.640
2012-05-05-13_15_23.606,357,7,23,1,-65.186,-101.276,2.140
2012-05-05-13_15_23.607,357,7,23,1,-65.196,-101.274,2.140
2012-05-05-13_15_23.608,357,7,23,1,-65.175,-101.176,2.140
