2012-05-07-16_51_39.512,26,0,0,0,2.255,2.219,4.307
2012-05-07-16_51_39.515,26,0,0,0,2.200,2.279,4.207
2012-05-07-16_51_39.538,26,1,0,0,-6.747,2.292,4.215
2012-05-07-16_51_39.539,26,1,0,0,-6.803,2.352,4.215
2012-05-07-16_51_39.540,26,2,0,0,-15.725,2.234,4.138
2012-05-07-16_51_39.541,26,2,0,0,-15.781,2.294,4.138
2012-05-07-16_51_39.541,26,3,0,0,-24.749,2.242,4.215
2012-05-07-16_51_39.556,26,3,0,0,-24.805,2.301,4.215
2012-05-07-16_51_39.558,26,4,0,0,-33.740,2.260,3.730
2012-05-07-16_51_39.558,26,4,0,0,-33.795,2.320,3.730
2012-05-07-16_51_39.559,26,5,0,0,-42.787,2.235,4.220
2012-05-07-16_51_39.560,26,5,0,0,-42.843,2.294,4.220
2012-05-07-16_51_39.561,26,6,0,0,-51.766,2.168,4.166
2012-05-07-16_51_39.562,26,6,0,0,-51.822,2.228,4.166
2012-05-07-16_51_39.563,26,7,0,0,-60.820,2.244,4.264
2012-05-07-16_51_39.564,26,7,0,0,-60.815,2.288,4.164
2012-05-07-16_51_39.565,26,0,0,1,-2.195,2.212,4.207
2012-05-07-16_51_39.566,26,0,0,1,-2.260,2.279,4.207
2012-05-07-16_51_39.567,26,1,0,1,-11.197,2.285,4.215
2012-05-07-16_51_39.568,26,1,0,1,-11.263,2.352,4.215
2012-05-07-16_51_39.569,26,2,0,1,-20.175,2.227,4.334
2012-05-07-16_51_39.569,26,2,0,1,-20.241,2.294,4.334
2012-05-07-16_51_39.571,26,3,0,1,-29.199,2.235,4.216
2012-05-07-16_51_39.571,26,3,0,1,-29.265,2.302,4.215
2012-05-07-16_51_39.572,26,4,0,1,-38.189,2.254,4.024
2012-05-07-16_51_39.573,26,4,0,1,-38.255,2.321,4.024
2012-05-07-16_51_39.574,26,5,0,1,-47.237,2.228,4.122
2012-05-07-16_51_39.575,26,5,0,1,-47.303,2.295,4.024
2012-05-07-16_51_39.575,26,6,0,1,-56.216,2.161,4.265
2012-05-07-16_51_39.576,26,6,0,1,-56.282,2.228,4.166
2012-05-07-16_51_39.576,26,7,0,1,-65.270,2.238,4.364
2012-05-07-16_51_39.577,26,7,0,1,-65.335,2.304,4.364
2012-05-07-16_51_39.578,26,0,1,0,2.252,-2.278,4.419
2012-05-07-16_51_39.579,26,0,1,0,2.199,-2.225,4.319
2012-05-07-16_51_39.580,26,1,1,0,-6.750,-2.205,4.424
2012-05-07-16_51_39.580,26,1,1,0,-6.803,-2.152,4.424
2012-05-07-16_51_39.581,26,2,1,0,-15.728,-2.263,4.248
2012-05-07-16_51_39.582,26,2,1,0,-15.782,-2.210,4.248
2012-05-07-16_51_39.583,26,3,1,0,-24.752,-2.255,4.227
2012-05-07-16_51_39.584,26,3,1,0,-24.805,-2.202,4.227
2012-05-07-16_51_39.584,26,4,1,0,-33.742,-2.236,3.840
2012-05-07-16_51_39.585,26,4,1,0,-33.796,-2.183,3.840
2012-05-07-16_51_39.586,26,5,1,0,-42.790,-2.262,4.134
2012-05-07-16_51_39.586,26,5,1,0,-42.844,-2.209,4.134
2012-05-07-16_51_39.587,26,6,1,0,-51.769,-2.329,4.178
2012-05-07-16_51_39.588,26,6,1,0,-51.822,-2.275,4.178
2012-05-07-16_51_39.589,26,7,1,0,-60.823,-2.253,4.276
2012-05-07-16_51_39.589,26,7,1,0,-60.815,-2.212,4.276
2012-05-07-16_51_39.590,26,0,1,1,-2.195,-2.287,4.429
2012-05-07-16_51_39.591,26,0,1,1,-2.258,-2.224,4.428
2012-05-07-16_51_39.592,26,1,1,1,-11.198,-2.213,4.434
2012-05-07-16_51_39.593,26,1,1,1,-11.261,-2.151,4.433
2012-05-07-16_51_39.594,26,2,1,1,-20.176,-2.272,4.356
2012-05-07-16_51_39.594,26,2,1,1,-20.239,-2.209,4.257
2012-05-07-16_51_39.595,26,3,1,1,-29.200,-2.264,4.237
2012-05-07-16_51_39.596,26,3,1,1,-29.263,-2.201,4.237
2012-05-07-16_51_39.597,26,4,1,1,-38.190,-2.245,3.752
2012-05-07-16_51_39.597,26,4,1,1,-38.253,-2.183,3.752
2012-05-07-16_51_39.598,26,5,1,1,-47.238,-2.271,4.046
2012-05-07-16_51_39.599,26,5,1,1,-47.301,-2.208,4.046
2012-05-07-16_51_39.600,26,6,1,1,-56.217,-2.337,4.188
2012-05-07-16_51_39.600,26,6,1,1,-56.280,-2.275,4.188
2012-05-07-16_51_39.601,26,7,1,1,-65.270,-2.261,4.286
2012-05-07-16_51_39.602,26,7,1,1,-65.333,-2.199,4.286
2012-05-07-16_51_39.603,26,0,2,0,2.252,-6.781,4.446
2012-05-07-16_51_39.604,26,0,2,0,2.199,-6.718,4.446
2012-05-07-16_51_39.604,26,1,2,0,-6.751,-6.708,4.549
2012-05-07-16_51_39.605,26,1,2,0,-6.804,-6.645,4.549
2012-05-07-16_51_39.606,26,2,2,0,-15.729,-6.766,4.275
2012-05-07-16_51_39.607,26,2,2,0,-15.782,-6.704,4.275
2012-05-07-16_51_39.608,26,3,2,0,-24.753,-6.758,4.254
2012-05-07-16_51_39.610,26,3,2,0,-24.806,-6.696,4.157
2012-05-07-16_51_39.611,26,4,2,0,-33.743,-6.739,4.063
2012-05-07-16_51_39.611,26,4,2,0,-33.796,-6.677,3.867
2012-05-07-16_51_39.613,26,5,2,0,-42.791,-6.765,4.455
2012-05-07-16_51_39.614,26,5,2,0,-42.844,-6.703,4.357
2012-05-07-16_51_39.615,26,6,2,0,-51.770,-6.831,4.205
2012-05-07-16_51_39.615,26,6,2,0,-51.823,-6.769,4.205
2012-05-07-16_51_39.616,26,7,2,0,-60.823,-6.755,4.503
2012-05-07-16_51_39.617,26,7,2,0,-60.816,-6.706,4.503
2012-05-07-16_51_39.617,26,0,2,1,-2.191,-6.791,4.456
2012-05-07-16_51_39.618,26,0,2,1,-2.258,-6.718,4.456
2012-05-07-16_51_39.619,26,1,2,1,-11.193,-6.718,4.461
2012-05-07-16_51_39.620,26,1,2,1,-11.261,-6.645,4.461
2012-05-07-16_51_39.620,26,2,2,1,-20.171,-6.776,4.285
2012-05-07-16_51_39.621,26,2,2,1,-20.239,-6.703,4.285
2012-05-07-16_51_39.622,26,3,2,1,-29.195,-6.768,4.362
2012-05-07-16_51_39.623,26,3,2,1,-29.263,-6.695,4.264
2012-05-07-16_51_39.624,26,4,2,1,-38.185,-6.750,4.171
2012-05-07-16_51_39.624,26,4,2,1,-38.253,-6.677,4.073
2012-05-07-16_51_39.625,26,5,2,1,-47.233,-6.775,4.171
2012-05-07-16_51_39.629,26,5,2,1,-47.301,-6.702,4.367
2012-05-07-16_51_39.630,26,6,2,1,-56.212,-6.842,4.314
2012-05-07-16_51_39.631,26,6,2,1,-56.280,-6.769,4.313
2012-05-07-16_51_39.632,26,7,2,1,-65.266,-6.766,4.413
2012-05-07-16_51_39.632,26,7,2,1,-65.334,-6.693,4.413
2012-05-07-16_51_39.634,26,0,3,0,2.254,-11.284,4.467
2012-05-07-16_51_39.634,26,0,3,0,2.196,-11.218,4.367
2012-05-07-16_51_39.635,26,1,3,0,-6.749,-11.211,4.570
2012-05-07-16_51_39.636,26,1,3,0,-6.807,-11.145,4.570
2012-05-07-16_51_39.636,26,2,3,0,-15.727,-11.270,4.296
2012-05-07-16_51_39.637,26,2,3,0,-15.785,-11.203,4.296
2012-05-07-16_51_39.638,26,3,3,0,-24.751,-11.262,4.275
2012-05-07-16_51_39.639,26,3,3,0,-24.809,-11.195,4.178
2012-05-07-16_51_39.640,26,4,3,0,-33.741,-11.243,4.182
2012-05-07-16_51_39.640,26,4,3,0,-33.799,-11.176,4.084
2012-05-07-16_51_39.641,26,5,3,0,-42.789,-11.269,4.280
2012-05-07-16_51_39.643,26,5,3,0,-42.847,-11.202,4.084
2012-05-07-16_51_39.644,26,6,3,0,-51.768,-11.335,4.226
2012-05-07-16_51_39.644,26,6,3,0,-51.826,-11.269,4.226
2012-05-07-16_51_39.646,26,7,3,0,-60.821,-11.259,4.324
2012-05-07-16_51_39.646,26,7,3,0,-60.816,-11.206,4.324
2012-05-07-16_51_39.647,26,0,3,1,-2.191,-11.292,4.476
2012-05-07-16_51_39.648,26,0,3,1,-2.254,-11.218,4.476
2012-05-07-16_51_39.648,26,1,3,1,-11.194,-11.219,4.579
2012-05-07-16_51_39.649,26,1,3,1,-11.256,-11.145,4.481
2012-05-07-16_51_39.650,26,2,3,1,-20.172,-11.277,4.305
2012-05-07-16_51_39.651,26,2,3,1,-20.235,-11.203,4.304
2012-05-07-16_51_39.651,26,3,3,1,-29.196,-11.269,4.285
2012-05-07-16_51_39.652,26,3,3,1,-29.258,-11.195,4.284
2012-05-07-16_51_39.653,26,4,3,1,-38.186,-11.250,4.191
2012-05-07-16_51_39.655,26,4,3,1,-38.249,-11.176,4.190
2012-05-07-16_51_39.656,26,5,3,1,-47.234,-11.276,4.191
2012-05-07-16_51_39.656,26,5,3,1,-47.297,-11.202,4.387
2012-05-07-16_51_39.657,26,6,3,1,-56.213,-11.343,4.235
2012-05-07-16_51_39.658,26,6,3,1,-56.276,-11.269,4.333
2012-05-07-16_51_39.658,26,7,3,1,-65.266,-11.267,4.333
2012-05-07-16_51_39.659,26,7,3,1,-65.329,-11.193,4.233
2012-05-07-16_51_39.660,26,0,4,0,2.256,-15.782,4.488
2012-05-07-16_51_39.661,26,0,4,0,2.195,-15.718,4.488
2012-05-07-16_51_39.661,26,1,4,0,-6.746,-15.709,4.591
2012-05-07-16_51_39.662,26,1,4,0,-6.807,-15.645,4.591
2012-05-07-16_51_39.663,26,2,4,0,-15.725,-15.767,4.317
2012-05-07-16_51_39.664,26,2,4,0,-15.785,-15.703,4.317
2012-05-07-16_51_39.665,26,3,4,0,-24.748,-15.759,4.296
2012-05-07-16_51_39.665,26,3,4,0,-24.809,-15.695,4.296
2012-05-07-16_51_39.666,26,4,4,0,-33.739,-15.740,3.811
2012-05-07-16_51_39.667,26,4,4,0,-33.799,-15.676,3.811
2012-05-07-16_51_39.668,26,5,4,0,-42.787,-15.766,4.203
2012-05-07-16_51_39.669,26,5,4,0,-42.847,-15.702,4.203
2012-05-07-16_51_39.669,26,6,4,0,-51.766,-15.833,4.247
2012-05-07-16_51_39.670,26,6,4,0,-51.826,-15.769,4.149
2012-05-07-16_51_39.671,26,7,4,0,-60.819,-15.757,4.445
2012-05-07-16_51_39.672,26,7,4,0,-60.817,-15.709,4.345
2012-05-07-16_51_39.672,26,0,4,1,-2.191,-15.789,4.500
2012-05-07-16_51_39.673,26,0,4,1,-2.254,-15.718,4.400
2012-05-07-16_51_39.674,26,1,4,1,-11.194,-15.715,4.505
2012-05-07-16_51_39.675,26,1,4,1,-11.257,-15.645,4.406
2012-05-07-16_51_39.676,26,2,4,1,-20.172,-15.774,4.329
2012-05-07-16_51_39.677,26,2,4,1,-20.235,-15.703,4.328
2012-05-07-16_51_39.677,26,3,4,1,-29.196,-15.766,4.308
2012-05-07-16_51_39.678,26,3,4,1,-29.259,-15.695,4.308
2012-05-07-16_51_39.679,26,4,4,1,-38.186,-15.747,3.921
2012-05-07-16_51_39.680,26,4,4,1,-38.249,-15.677,3.921
2012-05-07-16_51_39.681,26,5,4,1,-47.234,-15.773,4.019
2012-05-07-16_51_39.681,26,5,4,1,-47.297,-15.702,4.215
2012-05-07-16_51_39.682,26,6,4,1,-56.213,-15.839,4.259
2012-05-07-16_51_39.683,26,6,4,1,-56.276,-15.769,4.161
2012-05-07-16_51_39.683,26,7,4,1,-65.267,-15.763,4.357
2012-05-07-16_51_39.684,26,7,4,1,-65.330,-15.693,4.357
2012-05-07-16_51_39.685,26,0,5,0,2.258,-20.281,4.415
2012-05-07-16_51_39.686,26,0,5,0,2.200,-20.223,4.415
2012-05-07-16_51_39.686,26,1,5,0,-6.744,-20.208,4.520
2012-05-07-16_51_39.687,26,1,5,0,-6.803,-20.150,4.520
2012-05-07-16_51_39.688,26,2,5,0,-15.723,-20.266,4.343
2012-05-07-16_51_39.689,26,2,5,0,-15.781,-20.208,4.343
2012-05-07-16_51_39.690,26,3,5,0,-24.746,-20.258,4.226
2012-05-07-16_51_39.690,26,3,5,0,-24.805,-20.200,4.128
2012-05-07-16_51_39.691,26,4,5,0,-33.737,-20.239,4.034
2012-05-07-16_51_39.692,26,4,5,0,-33.795,-20.181,3.936
2012-05-07-16_51_39.693,26,5,5,0,-42.785,-20.265,4.230
2012-05-07-16_51_39.693,26,5,5,0,-42.843,-20.207,4.230
2012-05-07-16_51_39.695,26,6,5,0,-51.764,-20.332,4.274
2012-05-07-16_51_39.696,26,6,5,0,-51.822,-20.274,4.176
2012-05-07-16_51_39.697,26,7,5,0,-60.817,-20.255,4.272
2012-05-07-16_51_39.698,26,7,5,0,-60.815,-20.212,4.272
2012-05-07-16_51_39.699,26,0,5,1,-2.192,-20.289,4.524
2012-05-07-16_51_39.699,26,0,5,1,-2.255,-20.223,4.524
2012-05-07-16_51_39.700,26,1,5,1,-11.194,-20.216,4.431
2012-05-07-16_51_39.701,26,1,5,1,-11.257,-20.150,4.431
2012-05-07-16_51_39.702,26,2,5,1,-20.173,-20.274,4.255
2012-05-07-16_51_39.702,26,2,5,1,-20.236,-20.208,4.255
2012-05-07-16_51_39.703,26,3,5,1,-29.196,-20.266,4.235
2012-05-07-16_51_39.704,26,3,5,1,-29.259,-20.200,4.235
2012-05-07-16_51_39.705,26,4,5,1,-38.187,-20.248,3.946
2012-05-07-16_51_39.706,26,4,5,1,-38.250,-20.181,3.945
2012-05-07-16_51_39.706,26,5,5,1,-47.234,-20.273,4.142
2012-05-07-16_51_39.707,26,5,5,1,-47.297,-20.207,4.239
2012-05-07-16_51_39.708,26,6,5,1,-56.213,-20.340,4.284
2012-05-07-16_51_39.708,26,6,5,1,-56.276,-20.274,4.284
2012-05-07-16_51_39.709,26,7,5,1,-65.267,-20.264,4.481
2012-05-07-16_51_39.710,26,7,5,1,-65.330,-20.197,4.481
2012-05-07-16_51_39.710,26,0,6,0,2.258,-24.778,4.434
2012-05-07-16_51_39.711,26,0,6,0,2.199,-24.727,4.534
2012-05-07-16_51_39.712,26,1,6,0,-6.745,-24.705,4.539
2012-05-07-16_51_39.713,26,1,6,0,-6.803,-24.653,4.539
2012-05-07-16_51_39.714,26,2,6,0,-15.723,-24.763,4.265
2012-05-07-16_51_39.714,26,2,6,0,-15.781,-24.712,4.363
2012-05-07-16_51_39.715,26,3,6,0,-24.747,-24.755,4.343
2012-05-07-16_51_39.717,26,3,6,0,-24.805,-24.704,4.343
2012-05-07-16_51_39.718,26,4,6,0,-33.737,-24.737,3.858
2012-05-07-16_51_39.719,26,4,6,0,-33.795,-24.685,3.858
2012-05-07-16_51_39.720,26,5,6,0,-42.785,-24.762,4.152
2012-05-07-16_51_39.721,26,5,6,0,-42.843,-24.711,4.348
2012-05-07-16_51_39.721,26,6,6,0,-51.764,-24.829,4.294
2012-05-07-16_51_39.722,26,6,6,0,-51.822,-24.777,4.294
2012-05-07-16_51_39.723,26,7,6,0,-60.818,-24.753,4.491
2012-05-07-16_51_39.724,26,7,6,0,-60.810,-24.711,4.491
2012-05-07-16_51_39.725,26,0,6,1,-2.192,-24.787,4.444
2012-05-07-16_51_39.726,26,0,6,1,-2.253,-24.726,4.444
2012-05-07-16_51_39.726,26,1,6,1,-11.195,-24.714,4.549
2012-05-07-16_51_39.727,26,1,6,1,-11.255,-24.652,4.549
2012-05-07-16_51_39.728,26,2,6,1,-20.173,-24.772,4.373
2012-05-07-16_51_39.728,26,2,6,1,-20.234,-24.711,4.275
2012-05-07-16_51_39.729,26,3,6,1,-29.197,-24.764,4.450
2012-05-07-16_51_39.730,26,3,6,1,-29.257,-24.703,4.353
2012-05-07-16_51_39.731,26,4,6,1,-38.187,-24.745,3.965
2012-05-07-16_51_39.731,26,4,6,1,-38.248,-24.684,3.867
2012-05-07-16_51_39.732,26,5,6,1,-47.235,-24.771,4.161
2012-05-07-16_51_39.733,26,5,6,1,-47.295,-24.710,4.357
2012-05-07-16_51_39.734,26,6,6,1,-56.214,-24.838,4.303
2012-05-07-16_51_39.735,26,6,6,1,-56.274,-24.776,4.303
2012-05-07-16_51_39.736,26,7,6,1,-65.268,-24.762,4.401
2012-05-07-16_51_39.736,26,7,6,1,-65.328,-24.700,4.401
2012-05-07-16_51_39.737,26,0,7,0,2.260,-29.281,4.458
2012-05-07-16_51_39.738,26,0,7,0,2.199,-29.219,4.458
2012-05-07-16_51_39.739,26,1,7,0,-6.743,-29.208,4.464
2012-05-07-16_51_39.739,26,1,7,0,-6.803,-29.146,4.464
2012-05-07-16_51_39.740,26,2,7,0,-15.721,-29.266,4.387
2012-05-07-16_51_39.741,26,2,7,0,-15.782,-29.204,4.387
2012-05-07-16_51_39.742,26,3,7,0,-24.745,-29.258,4.367
2012-05-07-16_51_39.742,26,3,7,0,-24.805,-29.196,4.269
2012-05-07-16_51_39.743,26,4,7,0,-33.735,-29.240,4.175
2012-05-07-16_51_39.744,26,4,7,0,-33.796,-29.177,4.175
2012-05-07-16_51_39.745,26,5,7,0,-42.783,-29.265,4.273
2012-05-07-16_51_39.745,26,5,7,0,-42.844,-29.203,4.469
2012-05-07-16_51_39.746,26,6,7,0,-51.762,-29.332,4.318
2012-05-07-16_51_39.747,26,6,7,0,-51.822,-29.269,4.318
2012-05-07-16_51_39.748,26,7,7,0,-60.816,-29.256,4.415
2012-05-07-16_51_39.748,26,7,7,0,-60.810,-29.206,4.415
2012-05-07-16_51_39.749,26,0,7,1,-2.193,-29.290,4.571
2012-05-07-16_51_39.750,26,0,7,1,-2.256,-29.218,4.571
2012-05-07-16_51_39.750,26,1,7,1,-11.195,-29.217,4.576
2012-05-07-16_51_39.751,26,1,7,1,-11.258,-29.145,4.576
2012-05-07-16_51_39.752,26,2,7,1,-20.173,-29.276,4.400
2012-05-07-16_51_39.753,26,2,7,1,-20.236,-29.203,4.400
2012-05-07-16_51_39.753,26,3,7,1,-29.197,-29.268,4.380
2012-05-07-16_51_39.754,26,3,7,1,-29.260,-29.195,4.282
2012-05-07-16_51_39.755,26,4,7,1,-38.187,-29.249,4.090
2012-05-07-16_51_39.756,26,4,7,1,-38.250,-29.176,4.090
2012-05-07-16_51_39.757,26,5,7,1,-47.235,-29.275,4.287
2012-05-07-16_51_39.758,26,5,7,1,-47.298,-29.202,4.384
2012-05-07-16_51_39.765,26,6,7,1,-56.214,-29.341,4.331
2012-05-07-16_51_39.766,26,6,7,1,-56.277,-29.269,4.331
2012-05-07-16_51_39.766,26,7,7,1,-65.268,-29.265,4.528
2012-05-07-16_51_39.767,26,7,7,1,-65.331,-29.193,4.528
2012-05-07-16_51_39.767,26,0,8,0,2.259,-33.784,4.583
2012-05-07-16_51_39.768,26,0,8,0,2.201,-33.717,4.483
2012-05-07-16_51_39.768,26,1,8,0,-6.743,-33.711,4.588
2012-05-07-16_51_39.769,26,1,8,0,-6.801,-33.644,4.588
2012-05-07-16_51_39.769,26,2,8,0,-15.722,-33.769,4.314
2012-05-07-16_51_39.770,26,2,8,0,-15.780,-33.702,4.314
2012-05-07-16_51_39.771,26,3,8,0,-24.745,-33.761,4.392
2012-05-07-16_51_39.771,26,3,8,0,-24.803,-33.694,4.295
2012-05-07-16_51_39.772,26,4,8,0,-33.736,-33.743,4.298
2012-05-07-16_51_39.772,26,4,8,0,-33.794,-33.676,4.200
2012-05-07-16_51_39.773,26,5,8,0,-42.783,-33.768,4.299
2012-05-07-16_51_39.773,26,5,8,0,-42.842,-33.701,4.495
2012-05-07-16_51_39.774,26,6,8,0,-51.762,-33.835,4.343
2012-05-07-16_51_39.774,26,6,8,0,-51.820,-33.768,4.343
2012-05-07-16_51_39.775,26,7,8,0,-60.816,-33.759,4.540
2012-05-07-16_51_39.775,26,7,8,0,-60.811,-33.706,4.640
2012-05-07-16_51_39.776,26,0,8,1,-2.196,-33.791,4.493
2012-05-07-16_51_39.777,26,0,8,1,-2.256,-33.716,4.593
2012-05-07-16_51_39.778,26,1,8,1,-11.198,-33.718,4.598
2012-05-07-16_51_39.779,26,1,8,1,-11.259,-33.643,4.598
2012-05-07-16_51_39.780,26,2,8,1,-20.176,-33.776,4.422
2012-05-07-16_51_39.780,26,2,8,1,-20.237,-33.702,4.422
2012-05-07-16_51_39.781,26,3,8,1,-29.200,-33.768,4.402
2012-05-07-16_51_39.782,26,3,8,1,-29.261,-33.694,4.402
2012-05-07-16_51_39.782,26,4,8,1,-38.190,-33.749,4.308
2012-05-07-16_51_39.783,26,4,8,1,-38.251,-33.675,4.210
2012-05-07-16_51_39.784,26,5,8,1,-47.238,-33.775,4.309
2012-05-07-16_51_39.784,26,5,8,1,-47.299,-33.701,4.504
2012-05-07-16_51_39.785,26,6,8,1,-56.217,-33.842,4.353
2012-05-07-16_51_39.786,26,6,8,1,-56.278,-33.767,4.353
2012-05-07-16_51_39.786,26,7,8,1,-65.271,-33.766,4.550
2012-05-07-16_51_39.787,26,7,8,1,-65.331,-33.691,4.450
2012-05-07-16_51_39.788,26,0,9,0,2.259,-38.281,4.604
2012-05-07-16_51_39.788,26,0,9,0,2.201,-38.217,4.504
2012-05-07-16_51_39.789,26,1,9,0,-6.744,-38.208,4.609
2012-05-07-16_51_39.790,26,1,9,0,-6.802,-38.144,4.609
2012-05-07-16_51_39.791,26,2,9,0,-15.722,-38.266,4.433
2012-05-07-16_51_39.791,26,2,9,0,-15.780,-38.203,4.433
2012-05-07-16_51_39.792,26,3,9,0,-24.746,-38.259,4.412
2012-05-07-16_51_39.793,26,3,9,0,-24.804,-38.195,4.315
2012-05-07-16_51_39.793,26,4,9,0,-33.736,-38.240,4.123
2012-05-07-16_51_39.794,26,4,9,0,-33.794,-38.176,4.025
2012-05-07-16_51_39.794,26,5,9,0,-42.784,-38.266,4.319
2012-05-07-16_51_39.795,26,5,9,0,-42.842,-38.202,4.417
2012-05-07-16_51_39.795,26,6,9,0,-51.763,-38.332,4.363
2012-05-07-16_51_39.796,26,6,9,0,-51.821,-38.268,4.363
2012-05-07-16_51_39.796,26,7,9,0,-60.817,-38.256,4.361
2012-05-07-16_51_39.797,26,7,9,0,-60.811,-38.209,4.361
2012-05-07-16_51_39.797,26,0,9,1,-2.198,-38.288,4.515
2012-05-07-16_51_39.798,26,0,9,1,-2.257,-38.217,4.515
2012-05-07-16_51_39.799,26,1,9,1,-11.201,-38.215,4.620
2012-05-07-16_51_39.799,26,1,9,1,-11.259,-38.144,4.521
2012-05-07-16_51_39.800,26,2,9,1,-20.179,-38.273,4.444
2012-05-07-16_51_39.800,26,2,9,1,-20.237,-38.203,4.444
2012-05-07-16_51_39.800,26,3,9,1,-29.203,-38.266,4.423
2012-05-07-16_51_39.801,26,3,9,1,-29.261,-38.195,4.326
2012-05-07-16_51_39.801,26,4,9,1,-38.193,-38.247,4.036
2012-05-07-16_51_39.811,26,4,9,1,-38.251,-38.176,3.938
2012-05-07-16_51_39.812,26,5,9,1,-47.241,-38.273,4.232
2012-05-07-16_51_39.812,26,5,9,1,-47.299,-38.202,4.134
2012-05-07-16_51_39.813,26,6,9,1,-56.220,-38.339,4.374
2012-05-07-16_51_39.813,26,6,9,1,-56.278,-38.268,4.374
2012-05-07-16_51_39.814,26,7,9,1,-65.274,-38.263,4.472
2012-05-07-16_51_39.814,26,7,9,1,-65.332,-38.192,4.472
2012-05-07-16_51_39.814,26,0,10,0,2.258,-42.781,4.531
2012-05-07-16_51_39.815,26,0,10,0,2.203,-42.722,4.531
2012-05-07-16_51_39.815,26,1,10,0,-6.744,-42.708,4.636
2012-05-07-16_51_39.816,26,1,10,0,-6.800,-42.648,4.636
2012-05-07-16_51_39.816,26,2,10,0,-15.722,-42.766,4.460
2012-05-07-16_51_39.817,26,2,10,0,-15.778,-42.707,4.460
2012-05-07-16_51_39.817,26,3,10,0,-24.746,-42.758,4.439
2012-05-07-16_51_39.818,26,3,10,0,-24.802,-42.699,4.439
2012-05-07-16_51_39.818,26,4,10,0,-33.736,-42.740,4.150
2012-05-07-16_51_39.819,26,4,10,0,-33.792,-42.680,4.052
2012-05-07-16_51_39.819,26,5,10,0,-42.784,-42.765,4.346
2012-05-07-16_51_39.820,26,5,10,0,-42.840,-42.706,4.346
2012-05-07-16_51_39.820,26,6,10,0,-51.763,-42.832,4.390
2012-05-07-16_51_39.821,26,6,10,0,-51.819,-42.772,4.390
2012-05-07-16_51_39.821,26,7,10,0,-60.817,-42.756,4.488
2012-05-07-16_51_39.822,26,7,10,0,-60.814,-42.712,4.588
2012-05-07-16_51_39.822,26,0,10,1,-2.201,-42.789,4.642
2012-05-07-16_51_39.823,26,0,10,1,-2.259,-42.722,4.642
2012-05-07-16_51_39.823,26,1,10,1,-11.204,-42.716,4.647
2012-05-07-16_51_39.824,26,1,10,1,-11.262,-42.648,4.549
2012-05-07-16_51_39.824,26,2,10,1,-20.182,-42.774,4.373
2012-05-07-16_51_39.825,26,2,10,1,-20.240,-42.707,4.373
2012-05-07-16_51_39.825,26,3,10,1,-29.206,-42.766,4.451
2012-05-07-16_51_39.826,26,3,10,1,-29.264,-42.699,4.451
2012-05-07-16_51_39.826,26,4,10,1,-38.196,-42.748,4.259
2012-05-07-16_51_39.827,26,4,10,1,-38.254,-42.680,4.161
2012-05-07-16_51_39.827,26,5,10,1,-47.244,-42.773,4.358
2012-05-07-16_51_39.828,26,5,10,1,-47.302,-42.706,4.357
2012-05-07-16_51_39.828,26,6,10,1,-56.223,-42.840,4.402
2012-05-07-16_51_39.829,26,6,10,1,-56.281,-42.772,4.402
2012-05-07-16_51_39.830,26,7,10,1,-65.277,-42.764,4.499
2012-05-07-16_51_39.830,26,7,10,1,-65.335,-42.696,4.400
2012-05-07-16_51_39.830,26,0,11,0,2.255,-47.278,4.652
2012-05-07-16_51_39.831,26,0,11,0,2.205,-47.226,4.552
2012-05-07-16_51_39.831,26,1,11,0,-6.747,-47.205,4.755
2012-05-07-16_51_39.832,26,1,11,0,-6.798,-47.152,4.657
2012-05-07-16_51_39.833,26,2,11,0,-15.725,-47.264,4.481
2012-05-07-16_51_39.833,26,2,11,0,-15.776,-47.211,4.383
2012-05-07-16_51_39.834,26,3,11,0,-24.749,-47.256,4.461
2012-05-07-16_51_39.834,26,3,11,0,-24.800,-47.203,4.363
2012-05-07-16_51_39.834,26,4,11,0,-33.739,-47.237,4.269
2012-05-07-16_51_39.835,26,4,11,0,-33.790,-47.184,4.171
2012-05-07-16_51_39.835,26,5,11,0,-42.787,-47.263,4.269
2012-05-07-16_51_39.836,26,5,11,0,-42.838,-47.210,4.367
2012-05-07-16_51_39.836,26,6,11,0,-51.766,-47.329,4.411
2012-05-07-16_51_39.837,26,6,11,0,-51.817,-47.276,4.510
2012-05-07-16_51_39.837,26,7,11,0,-60.820,-47.253,4.409
2012-05-07-16_51_39.838,26,7,11,0,-60.812,-47.211,4.410
2012-05-07-16_51_39.838,26,0,11,1,-2.202,-47.288,4.561
2012-05-07-16_51_39.839,26,0,11,1,-2.262,-47.225,4.561
2012-05-07-16_51_39.839,26,1,11,1,-11.204,-47.214,4.666
2012-05-07-16_51_39.840,26,1,11,1,-11.265,-47.152,4.666
2012-05-07-16_51_39.841,26,2,11,1,-20.182,-47.273,4.392
2012-05-07-16_51_39.841,26,2,11,1,-20.243,-47.210,4.490
2012-05-07-16_51_39.843,26,3,11,1,-29.206,-47.265,4.470
2012-05-07-16_51_39.844,26,3,11,1,-29.267,-47.202,4.470
2012-05-07-16_51_39.845,26,4,11,1,-38.196,-47.246,4.278
2012-05-07-16_51_39.845,26,4,11,1,-38.257,-47.184,4.278
2012-05-07-16_51_39.846,26,5,11,1,-47.244,-47.272,4.377
2012-05-07-16_51_39.847,26,5,11,1,-47.305,-47.209,4.376
2012-05-07-16_51_39.847,26,6,11,1,-56.223,-47.338,4.519
2012-05-07-16_51_39.847,26,6,11,1,-56.284,-47.276,4.519
2012-05-07-16_51_39.848,26,7,11,1,-65.277,-47.262,4.519
2012-05-07-16_51_39.849,26,7,11,1,-65.338,-47.200,4.518
2012-05-07-16_51_39.850,26,0,12,0,2.253,-51.781,4.571
2012-05-07-16_51_39.850,26,0,12,0,2.202,-51.719,4.571
2012-05-07-16_51_39.851,26,1,12,0,-6.750,-51.708,4.676
2012-05-07-16_51_39.851,26,1,12,0,-6.801,-51.646,4.676
2012-05-07-16_51_39.851,26,2,12,0,-15.728,-51.766,4.500
2012-05-07-16_51_39.852,26,2,12,0,-15.779,-51.705,4.500
2012-05-07-16_51_39.852,26,3,12,0,-24.752,-51.758,4.382
2012-05-07-16_51_39.853,26,3,12,0,-24.803,-51.697,4.382
2012-05-07-16_51_39.853,26,4,12,0,-33.742,-51.740,4.093
2012-05-07-16_51_39.854,26,4,12,0,-33.793,-51.678,3.995
2012-05-07-16_51_39.854,26,5,12,0,-42.790,-51.765,4.387
2012-05-07-16_51_39.855,26,5,12,0,-42.841,-51.704,4.289
2012-05-07-16_51_39.855,26,6,12,0,-51.769,-51.832,4.431
2012-05-07-16_51_39.856,26,6,12,0,-51.820,-51.770,4.431
2012-05-07-16_51_39.856,26,7,12,0,-60.823,-51.756,4.529
2012-05-07-16_51_39.857,26,7,12,0,-60.815,-51.706,4.529
2012-05-07-16_51_39.857,26,0,12,1,-2.202,-51.791,4.684
2012-05-07-16_51_39.858,26,0,12,1,-2.265,-51.719,4.584
2012-05-07-16_51_39.859,26,1,12,1,-11.205,-51.718,4.689
2012-05-07-16_51_39.859,26,1,12,1,-11.268,-51.646,4.689
2012-05-07-16_51_39.860,26,2,12,1,-20.183,-51.776,4.513
2012-05-07-16_51_39.860,26,2,12,1,-20.246,-51.705,4.513
2012-05-07-16_51_39.861,26,3,12,1,-29.207,-51.768,4.492
2012-05-07-16_51_39.861,26,3,12,1,-29.270,-51.697,4.492
2012-05-07-16_51_39.862,26,4,12,1,-38.197,-51.750,4.301
2012-05-07-16_51_39.862,26,4,12,1,-38.260,-51.678,4.301
2012-05-07-16_51_39.863,26,5,12,1,-47.245,-51.775,4.399
2012-05-07-16_51_39.863,26,5,12,1,-47.308,-51.704,4.399
2012-05-07-16_51_39.863,26,6,12,1,-56.224,-51.842,4.443
2012-05-07-16_51_39.864,26,6,12,1,-56.287,-51.770,4.541
2012-05-07-16_51_39.864,26,7,12,1,-65.277,-51.766,4.641
2012-05-07-16_51_39.865,26,7,12,1,-65.340,-51.694,4.641
2012-05-07-16_51_39.865,26,0,13,0,2.250,-56.284,4.699
2012-05-07-16_51_39.866,26,0,13,0,2.199,-56.218,4.599
2012-05-07-16_51_39.866,26,1,13,0,-6.753,-56.211,4.704
2012-05-07-16_51_39.867,26,1,13,0,-6.804,-56.144,4.704
2012-05-07-16_51_39.867,26,2,13,0,-15.731,-56.270,4.430
2012-05-07-16_51_39.868,26,2,13,0,-15.782,-56.203,4.430
2012-05-07-16_51_39.868,26,3,13,0,-24.755,-56.262,4.410
2012-05-07-16_51_39.869,26,3,13,0,-24.806,-56.195,4.313
2012-05-07-16_51_39.869,26,4,13,0,-33.745,-56.243,4.218
2012-05-07-16_51_39.870,26,4,13,0,-33.796,-56.176,4.120
2012-05-07-16_51_39.870,26,5,13,0,-42.793,-56.269,4.317
2012-05-07-16_51_39.871,26,5,13,0,-42.844,-56.202,4.512
2012-05-07-16_51_39.871,26,6,13,0,-51.772,-56.335,4.459
2012-05-07-16_51_39.872,26,6,13,0,-51.823,-56.268,4.360
2012-05-07-16_51_39.872,26,7,13,0,-60.826,-56.259,4.457
2012-05-07-16_51_39.873,26,7,13,0,-60.818,-56.205,4.457
2012-05-07-16_51_39.873,26,0,13,1,-2.200,-56.291,4.710
2012-05-07-16_51_39.873,26,0,13,1,-2.266,-56.218,4.710
2012-05-07-16_51_39.875,26,1,13,1,-11.203,-56.218,4.715
2012-05-07-16_51_39.875,26,1,13,1,-11.268,-56.144,4.715
2012-05-07-16_51_39.876,26,2,13,1,-20.181,-56.276,4.441
2012-05-07-16_51_39.877,26,2,13,1,-20.246,-56.203,4.441
2012-05-07-16_51_39.877,26,3,13,1,-29.205,-56.268,4.519
2012-05-07-16_51_39.877,26,3,13,1,-29.270,-56.195,4.421
2012-05-07-16_51_39.878,26,4,13,1,-38.195,-56.250,4.131
2012-05-07-16_51_39.879,26,4,13,1,-38.260,-56.176,4.131
2012-05-07-16_51_39.879,26,5,13,1,-47.243,-56.275,4.425
2012-05-07-16_51_39.880,26,5,13,1,-47.308,-56.202,4.425
2012-05-07-16_51_39.880,26,6,13,1,-56.222,-56.342,4.469
2012-05-07-16_51_39.881,26,6,13,1,-56.287,-56.268,4.371
2012-05-07-16_51_39.881,26,7,13,1,-65.275,-56.266,4.567
2012-05-07-16_51_39.882,26,7,13,1,-65.341,-56.192,4.567
2012-05-07-16_51_39.882,26,0,14,0,2.247,-60.782,4.620
2012-05-07-16_51_39.883,26,0,14,0,2.196,-60.717,4.620
2012-05-07-16_51_39.883,26,1,14,0,-6.756,-60.709,4.725
2012-05-07-16_51_39.884,26,1,14,0,-6.806,-60.644,4.725
2012-05-07-16_51_39.884,26,2,14,0,-15.734,-60.767,4.451
2012-05-07-16_51_39.885,26,2,14,0,-15.785,-60.703,4.451
2012-05-07-16_51_39.885,26,3,14,0,-24.758,-60.759,4.431
2012-05-07-16_51_39.886,26,3,14,0,-24.808,-60.695,4.529
2012-05-07-16_51_39.886,26,4,14,0,-33.748,-60.740,4.337
2012-05-07-16_51_39.887,26,4,14,0,-33.799,-60.676,4.337
2012-05-07-16_51_39.887,26,5,14,0,-42.796,-60.766,4.338
2012-05-07-16_51_39.888,26,5,14,0,-42.847,-60.702,4.338
2012-05-07-16_51_39.888,26,6,14,0,-51.775,-60.833,4.480
2012-05-07-16_51_39.889,26,6,14,0,-51.825,-60.768,4.480
2012-05-07-16_51_39.889,26,7,14,0,-60.828,-60.757,4.677
2012-05-07-16_51_39.890,26,7,14,0,-60.821,-60.708,4.677
2012-05-07-16_51_39.890,26,0,14,1,-2.201,-60.789,4.731
2012-05-07-16_51_39.891,26,0,14,1,-2.264,-60.717,4.630
2012-05-07-16_51_39.891,26,1,14,1,-11.203,-60.716,4.735
2012-05-07-16_51_39.892,26,1,14,1,-11.266,-60.644,4.735
2012-05-07-16_51_39.892,26,2,14,1,-20.181,-60.774,4.559
2012-05-07-16_51_39.893,26,2,14,1,-20.244,-60.703,4.461
2012-05-07-16_51_39.893,26,3,14,1,-29.205,-60.766,4.539
2012-05-07-16_51_39.894,26,3,14,1,-29.268,-60.695,4.539
2012-05-07-16_51_39.894,26,4,14,1,-38.195,-60.747,4.347
2012-05-07-16_51_39.895,26,4,14,1,-38.258,-60.676,4.347
2012-05-07-16_51_39.895,26,5,14,1,-47.243,-60.773,4.446
2012-05-07-16_51_39.897,26,5,14,1,-47.306,-60.702,4.445
2012-05-07-16_51_39.897,26,6,14,1,-56.222,-60.840,4.588
2012-05-07-16_51_39.898,26,6,14,1,-56.285,-60.768,4.490
2012-05-07-16_51_39.898,26,7,14,1,-65.276,-60.764,4.588
2012-05-07-16_51_39.899,26,7,14,1,-65.339,-60.692,4.587
2012-05-07-16_51_39.899,26,0,15,0,2.246,-65.281,4.643
2012-05-07-16_51_39.900,26,0,15,0,2.193,-65.222,4.743
2012-05-07-16_51_39.900,26,1,15,0,-6.756,-65.208,4.748
2012-05-07-16_51_39.901,26,1,15,0,-6.809,-65.149,4.748
2012-05-07-16_51_39.901,26,2,15,0,-15.734,-65.267,4.572
2012-05-07-16_51_39.902,26,2,15,0,-15.787,-65.207,4.474
2012-05-07-16_51_39.902,26,3,15,0,-24.758,-65.259,4.454
2012-05-07-16_51_39.903,26,3,15,0,-24.811,-65.199,4.454
2012-05-07-16_51_39.903,26,4,15,0,-33.748,-65.240,4.360
2012-05-07-16_51_39.904,26,4,15,0,-33.802,-65.181,4.262
2012-05-07-16_51_39.904,26,5,15,0,-42.796,-65.266,4.263
2012-05-07-16_51_39.905,26,5,15,0,-42.849,-65.206,4.263
2012-05-07-16_51_39.905,26,6,15,0,-51.775,-65.332,4.503
2012-05-07-16_51_39.906,26,6,15,0,-51.828,-65.273,4.404
2012-05-07-16_51_39.906,26,7,15,0,-60.829,-65.256,4.401
2012-05-07-16_51_39.907,26,7,15,0,-60.824,-65.212,4.401
2012-05-07-16_51_39.908,26,0,15,1,-2.201,-65.289,4.657
2012-05-07-16_51_39.909,26,0,15,1,-2.264,-65.222,4.657
2012-05-07-16_51_39.909,26,1,15,1,-11.203,-65.216,4.664
2012-05-07-16_51_39.910,26,1,15,1,-11.266,-65.149,4.762
2012-05-07-16_51_39.910,26,2,15,1,-20.182,-65.274,4.586
2012-05-07-16_51_39.911,26,2,15,1,-20.245,-65.207,4.488
2012-05-07-16_51_39.911,26,3,15,1,-29.205,-65.266,4.468
2012-05-07-16_51_39.912,26,3,15,1,-29.268,-65.199,4.565
2012-05-07-16_51_39.912,26,4,15,1,-38.196,-65.247,4.276
2012-05-07-16_51_39.913,26,4,15,1,-38.259,-65.181,4.178
2012-05-07-16_51_39.913,26,5,15,1,-47.244,-65.273,4.472
2012-05-07-16_51_39.914,26,5,15,1,-47.307,-65.206,4.374
2012-05-07-16_51_39.915,26,6,15,1,-56.223,-65.339,4.418
2012-05-07-16_51_39.915,26,6,15,1,-56.285,-65.273,4.418
2012-05-07-16_51_39.916,26,7,15,1,-65.276,-65.263,4.614
2012-05-07-16_51_39.916,26,7,15,1,-65.339,-65.197,4.614
2012-05-07-16_51_39.917,26,0,16,0,2.248,-69.778,4.769
2012-05-07-16_51_39.917,26,0,16,0,2.193,-69.725,4.769
2012-05-07-16_51_39.918,26,1,16,0,-6.754,-69.705,4.774
2012-05-07-16_51_39.919,26,1,16,0,-6.810,-69.652,4.774
2012-05-07-16_51_39.919,26,2,16,0,-15.732,-69.764,4.598
2012-05-07-16_51_39.920,26,2,16,0,-15.788,-69.710,4.500
2012-05-07-16_51_39.920,26,3,16,0,-24.756,-69.756,4.480
2012-05-07-16_51_39.921,26,3,16,0,-24.812,-69.702,4.383
2012-05-07-16_51_39.921,26,4,16,0,-33.746,-69.737,4.190
2012-05-07-16_51_39.922,26,4,16,0,-33.802,-69.684,4.093
2012-05-07-16_51_39.922,26,5,16,0,-42.794,-69.763,4.484
2012-05-07-16_51_39.923,26,5,16,0,-42.850,-69.709,4.485
2012-05-07-16_51_39.924,26,6,16,0,-51.773,-69.829,4.529
2012-05-07-16_51_39.924,26,6,16,0,-51.829,-69.776,4.431
2012-05-07-16_51_39.925,26,7,16,0,-60.827,-69.753,4.626
2012-05-07-16_51_39.925,26,7,16,0,-60.824,-69.711,4.627
2012-05-07-16_51_39.926,26,0,16,1,-2.199,-69.786,4.679
2012-05-07-16_51_39.926,26,0,16,1,-2.264,-69.724,4.679
2012-05-07-16_51_39.927,26,1,16,1,-11.201,-69.713,4.686
2012-05-07-16_51_39.927,26,1,16,1,-11.267,-69.651,4.784
2012-05-07-16_51_39.927,26,2,16,1,-20.180,-69.772,4.510
2012-05-07-16_51_39.928,26,2,16,1,-20.245,-69.710,4.510
2012-05-07-16_51_39.928,26,3,16,1,-29.203,-69.764,4.588
2012-05-07-16_51_39.929,26,3,16,1,-29.269,-69.702,4.588
2012-05-07-16_51_39.929,26,4,16,1,-38.194,-69.745,4.298
2012-05-07-16_51_39.930,26,4,16,1,-38.259,-69.683,4.298
2012-05-07-16_51_39.930,26,5,16,1,-47.242,-69.771,4.299
2012-05-07-16_51_39.931,26,5,16,1,-47.307,-69.709,4.201
2012-05-07-16_51_39.931,26,6,16,1,-56.220,-69.837,4.440
2012-05-07-16_51_39.932,26,6,16,1,-56.286,-69.775,4.539
2012-05-07-16_51_39.932,26,7,16,1,-65.274,-69.761,4.636
2012-05-07-16_51_39.933,26,7,16,1,-65.340,-69.699,4.636
2012-05-07-16_51_39.933,26,0,17,0,2.248,-74.281,4.689
2012-05-07-16_51_39.934,26,0,17,0,2.192,-74.219,4.689
2012-05-07-16_51_39.934,26,1,17,0,-6.754,-74.208,4.794
2012-05-07-16_51_39.935,26,1,17,0,-6.811,-74.208,4.794
2012-05-07-16_51_39.935,26,2,17,0,-15.733,-74.266,4.520
2012-05-07-16_51_39.936,26,2,17,0,-15.788,-74.204,4.618
2012-05-07-16_51_39.936,26,3,17,0,-24.756,-74.259,4.403
2012-05-07-16_51_39.936,26,3,17,0,-24.812,-74.196,4.403
2012-05-07-16_51_39.937,26,4,17,0,-33.747,-74.240,4.210
2012-05-07-16_51_39.937,26,4,17,0,-33.802,-74.177,4.112
2012-05-07-16_51_39.938,26,5,17,0,-42.795,-74.266,4.504
2012-05-07-16_51_39.938,26,5,17,0,-42.850,-74.203,4.406
2012-05-07-16_51_39.939,26,6,17,0,-51.773,-74.332,4.548
2012-05-07-16_51_39.941,26,6,17,0,-51.829,-74.269,4.450
2012-05-07-16_51_39.941,26,7,17,0,-60.827,-74.256,4.546
2012-05-07-16_51_39.942,26,7,17,0,-60.822,-74.216,4.546
2012-05-07-16_51_39.942,26,0,17,1,-2.199,-74.290,4.700
2012-05-07-16_51_39.943,26,0,17,1,-2.262,-74.217,4.700
2012-05-07-16_51_39.943,26,1,17,1,-11.202,-74.217,4.804
2012-05-07-16_51_39.944,26,1,17,1,-11.265,-74.144,4.804
2012-05-07-16_51_39.944,26,2,17,1,-20.180,-74.275,4.530
2012-05-07-16_51_39.945,26,2,17,1,-20.243,-74.203,4.530
2012-05-07-16_51_39.945,26,3,17,1,-29.204,-74.267,4.511
2012-05-07-16_51_39.946,26,3,17,1,-29.267,-74.195,4.511
2012-05-07-16_51_39.946,26,4,17,1,-38.194,-74.249,4.221
2012-05-07-16_51_39.947,26,4,17,1,-38.257,-74.176,4.123
2012-05-07-16_51_39.947,26,5,17,1,-47.242,-74.274,4.417
2012-05-07-16_51_39.948,26,5,17,1,-47.305,-74.202,4.319
2012-05-07-16_51_39.948,26,6,17,1,-56.221,-74.341,4.461
2012-05-07-16_51_39.948,26,6,17,1,-56.284,-74.268,4.461
2012-05-07-16_51_39.949,26,7,17,1,-65.275,-74.265,4.657
2012-05-07-16_51_39.949,26,7,17,1,-65.338,-74.192,4.657
2012-05-07-16_51_39.951,26,0,18,0,2.248,-78.784,4.715
2012-05-07-16_51_39.952,26,0,18,0,2.192,-78.717,4.615
2012-05-07-16_51_39.952,26,1,18,0,-6.755,-78.711,4.820
2012-05-07-16_51_39.953,26,1,18,0,-6.811,-78.712,4.820
2012-05-07-16_51_39.953,26,2,18,0,-15.733,-78.769,4.545
2012-05-07-16_51_39.954,26,2,18,0,-15.789,-78.703,4.545
2012-05-07-16_51_39.954,26,3,18,0,-24.757,-78.761,4.428
2012-05-07-16_51_39.955,26,3,18,0,-24.813,-78.695,4.428
2012-05-07-16_51_39.955,26,4,18,0,-33.747,-78.743,4.431
2012-05-07-16_51_39.956,26,4,18,0,-33.803,-78.676,4.334
2012-05-07-16_51_39.956,26,5,18,0,-42.795,-78.768,4.432
2012-05-07-16_51_39.957,26,5,18,0,-42.851,-78.702,4.530
2012-05-07-16_51_39.957,26,6,18,0,-51.774,-78.835,4.476
2012-05-07-16_51_39.958,26,6,18,0,-51.830,-78.768,4.476
2012-05-07-16_51_39.958,26,7,18,0,-60.828,-78.759,4.672
2012-05-07-16_51_39.959,26,7,18,0,-60.820,-78.717,4.672
2012-05-07-16_51_39.959,26,0,18,1,-2.200,-78.791,4.728
2012-05-07-16_51_39.960,26,0,18,1,-2.263,-78.717,4.627
2012-05-07-16_51_39.960,26,1,18,1,-11.202,-78.718,4.833
2012-05-07-16_51_39.961,26,1,18,1,-11.265,-78.644,4.832
2012-05-07-16_51_39.961,26,2,18,1,-20.181,-78.777,4.558
2012-05-07-16_51_39.961,26,2,18,1,-20.243,-78.702,4.558
2012-05-07-16_51_39.962,26,3,18,1,-29.204,-78.769,4.539
2012-05-07-16_51_39.962,26,3,18,1,-29.267,-78.694,4.538
2012-05-07-16_51_39.963,26,4,18,1,-38.195,-78.750,4.151
2012-05-07-16_51_39.963,26,4,18,1,-38.258,-78.675,4.151
2012-05-07-16_51_39.964,26,5,18,1,-47.242,-78.776,4.445
2012-05-07-16_51_39.964,26,5,18,1,-47.305,-78.701,4.641
2012-05-07-16_51_39.965,26,6,18,1,-56.221,-78.842,4.489
2012-05-07-16_51_39.965,26,6,18,1,-56.284,-78.767,4.489
2012-05-07-16_51_39.966,26,7,18,1,-65.275,-78.766,4.785
2012-05-07-16_51_39.966,26,7,18,1,-65.338,-78.691,4.685
2012-05-07-16_51_39.967,26,0,19,0,2.250,-83.282,4.738
2012-05-07-16_51_39.967,26,0,19,0,2.191,-83.217,4.738
2012-05-07-16_51_39.967,26,1,19,0,-6.753,-83.209,4.843
2012-05-07-16_51_39.968,26,1,19,0,-6.811,-83.210,4.843
2012-05-07-16_51_39.968,26,2,19,0,-15.731,-83.267,4.667
2012-05-07-16_51_39.969,26,2,19,0,-15.789,-83.202,4.569
2012-05-07-16_51_39.969,26,3,19,0,-24.755,-83.259,4.646
2012-05-07-16_51_39.970,26,3,19,0,-24.813,-83.194,4.549
2012-05-07-16_51_39.971,26,4,19,0,-33.745,-83.240,4.063
2012-05-07-16_51_39.972,26,4,19,0,-33.803,-83.176,4.064
2012-05-07-16_51_39.972,26,5,19,0,-42.793,-83.266,4.455
2012-05-07-16_51_39.973,26,5,19,0,-42.851,-83.201,4.651
2012-05-07-16_51_39.973,26,6,19,0,-51.772,-83.333,4.499
2012-05-07-16_51_39.974,26,6,19,0,-51.830,-83.268,4.597
2012-05-07-16_51_39.974,26,7,19,0,-60.826,-83.257,4.595
2012-05-07-16_51_39.975,26,7,19,0,-60.821,-83.221,4.595
2012-05-07-16_51_39.975,26,0,19,1,-2.198,-83.288,4.648
2012-05-07-16_51_39.976,26,0,19,1,-2.263,-83.217,4.748
2012-05-07-16_51_39.976,26,1,19,1,-11.200,-83.215,4.754
2012-05-07-16_51_39.977,26,1,19,1,-11.266,-83.144,4.754
2012-05-07-16_51_39.977,26,2,19,1,-20.178,-83.273,4.579
2012-05-07-16_51_39.978,26,2,19,1,-20.244,-83.202,4.578
2012-05-07-16_51_39.978,26,3,19,1,-29.202,-83.266,4.559
2012-05-07-16_51_39.979,26,3,19,1,-29.268,-83.194,4.559
2012-05-07-16_51_39.979,26,4,19,1,-38.193,-83.247,4.465
2012-05-07-16_51_39.980,26,4,19,1,-38.258,-83.176,4.464
2012-05-07-16_51_39.980,26,5,19,1,-47.240,-83.273,4.563
2012-05-07-16_51_39.981,26,5,19,1,-47.306,-83.201,4.563
2012-05-07-16_51_39.981,26,6,19,1,-56.219,-83.339,4.607
2012-05-07-16_51_39.982,26,6,19,1,-56.285,-83.268,4.607
2012-05-07-16_51_39.982,26,7,19,1,-65.273,-83.263,4.705
2012-05-07-16_51_39.983,26,7,19,1,-65.339,-83.192,4.705
2012-05-07-16_51_39.983,26,0,20,0,2.249,-87.782,4.758
2012-05-07-16_51_39.984,26,0,20,0,2.193,-87.722,4.758
2012-05-07-16_51_39.984,26,1,20,0,-6.753,-87.708,4.764
2012-05-07-16_51_39.985,26,1,20,0,-6.809,-87.649,4.764
2012-05-07-16_51_39.985,26,2,20,0,-15.731,-87.767,4.589
2012-05-07-16_51_39.986,26,2,20,0,-15.787,-87.707,4.589
2012-05-07-16_51_39.986,26,3,20,0,-24.755,-87.759,4.666
2012-05-07-16_51_39.987,26,3,20,0,-24.811,-87.699,4.569
2012-05-07-16_51_39.987,26,4,20,0,-33.746,-87.740,4.475
2012-05-07-16_51_39.988,26,4,20,0,-33.801,-87.680,4.377
2012-05-07-16_51_39.988,26,5,20,0,-42.793,-87.766,4.475
2012-05-07-16_51_39.989,26,5,20,0,-42.849,-87.706,4.671
2012-05-07-16_51_39.989,26,6,20,0,-51.772,-87.832,4.519
2012-05-07-16_51_39.990,26,6,20,0,-51.828,-87.773,4.519
2012-05-07-16_51_39.990,26,7,20,0,-60.826,-87.756,4.815
2012-05-07-16_51_39.991,26,7,20,0,-60.818,-87.712,4.715
2012-05-07-16_51_39.991,26,0,20,1,-2.198,-87.789,4.770
2012-05-07-16_51_39.992,26,0,20,1,-2.261,-87.722,4.770
2012-05-07-16_51_39.992,26,1,20,1,-11.201,-87.716,4.777
2012-05-07-16_51_39.993,26,1,20,1,-11.264,-87.649,4.776
2012-05-07-16_51_39.993,26,2,20,1,-20.179,-87.774,4.601
2012-05-07-16_51_39.994,26,2,20,1,-20.242,-87.707,4.601
2012-05-07-16_51_39.994,26,3,20,1,-29.203,-87.766,4.581
2012-05-07-16_51_39.994,26,3,20,1,-29.266,-87.699,4.678
2012-05-07-16_51_39.995,26,4,20,1,-38.193,-87.747,4.487
2012-05-07-16_51_39.995,26,4,20,1,-38.256,-87.681,4.487
2012-05-07-16_51_39.996,26,5,20,1,-47.241,-87.773,4.488
2012-05-07-16_51_39.996,26,5,20,1,-47.304,-87.706,4.487
2012-05-07-16_51_39.997,26,6,20,1,-56.220,-87.839,4.630
2012-05-07-16_51_39.997,26,6,20,1,-56.283,-87.773,4.629
2012-05-07-16_51_39.998,26,7,20,1,-65.274,-87.763,4.827
2012-05-07-16_51_39.999,26,7,20,1,-65.337,-87.697,4.827
2012-05-07-16_51_39.999,26,0,21,0,2.251,-92.277,4.884
2012-05-07-16_51_40.000,26,0,21,0,2.193,-92.226,4.884
2012-05-07-16_51_40.000,26,1,21,0,-6.751,-92.204,4.889
2012-05-07-16_51_40.001,26,1,21,0,-6.809,-92.153,4.889
2012-05-07-16_51_40.001,26,2,21,0,-15.729,-92.263,4.615
2012-05-07-16_51_40.002,26,2,21,0,-15.788,-92.211,4.713
2012-05-07-16_51_40.004,26,3,21,0,-24.753,-92.255,4.596
2012-05-07-16_51_40.005,26,3,21,0,-24.811,-92.203,4.498
2012-05-07-16_51_40.005,26,4,21,0,-33.743,-92.236,4.404
2012-05-07-16_51_40.006,26,4,21,0,-33.802,-92.184,4.404
2012-05-07-16_51_40.006,26,5,21,0,-42.791,-92.262,4.502
2012-05-07-16_51_40.007,26,5,21,0,-42.850,-92.210,4.502
2012-05-07-16_51_40.007,26,6,21,0,-51.770,-92.328,4.546
2012-05-07-16_51_40.008,26,6,21,0,-51.828,-92.277,4.546
2012-05-07-16_51_40.008,26,7,21,0,-60.824,-92.252,4.642
2012-05-07-16_51_40.008,26,7,21,0,-60.819,-92.211,4.642
2012-05-07-16_51_40.009,26,0,21,1,-2.201,-92.288,4.895
2012-05-07-16_51_40.009,26,0,21,1,-2.262,-92.225,4.895
2012-05-07-16_51_40.010,26,1,21,1,-11.204,-92.214,4.802
2012-05-07-16_51_40.010,26,1,21,1,-11.264,-92.152,4.802
2012-05-07-16_51_40.011,26,2,21,1,-20.182,-92.273,4.626
2012-05-07-16_51_40.011,26,2,21,1,-20.242,-92.210,4.626
2012-05-07-16_51_40.012,26,3,21,1,-29.206,-92.265,4.607
2012-05-07-16_51_40.012,26,3,21,1,-29.266,-92.202,4.607
2012-05-07-16_51_40.013,26,4,21,1,-38.196,-92.246,4.317
2012-05-07-16_51_40.013,26,4,21,1,-38.256,-92.184,4.317
2012-05-07-16_51_40.014,26,5,21,1,-47.244,-92.272,4.611
2012-05-07-16_51_40.014,26,5,21,1,-47.304,-92.209,4.513
2012-05-07-16_51_40.015,26,6,21,1,-56.223,-92.338,4.557
2012-05-07-16_51_40.015,26,6,21,1,-56.283,-92.276,4.557
2012-05-07-16_51_40.016,26,7,21,1,-65.276,-92.262,4.753
2012-05-07-16_51_40.016,26,7,21,1,-65.337,-92.200,4.753
2012-05-07-16_51_40.017,26,0,22,0,2.253,-96.781,4.805
2012-05-07-16_51_40.017,26,0,22,0,2.195,-96.719,4.705
2012-05-07-16_51_40.018,26,1,22,0,-6.749,-96.708,4.910
2012-05-07-16_51_40.019,26,1,22,0,-6.807,-96.646,4.910
2012-05-07-16_51_40.019,26,2,22,0,-15.727,-96.766,4.734
2012-05-07-16_51_40.020,26,2,22,0,-15.786,-96.705,4.636
2012-05-07-16_51_40.020,26,3,22,0,-24.751,-96.758,4.616
2012-05-07-16_51_40.021,26,3,22,0,-24.809,-96.697,4.616
2012-05-07-16_51_40.021,26,4,22,0,-33.741,-96.739,4.522
2012-05-07-16_51_40.022,26,4,22,0,-33.800,-96.678,4.522
2012-05-07-16_51_40.022,26,5,22,0,-42.789,-96.765,4.523
2012-05-07-16_51_40.023,26,5,22,0,-42.847,-96.704,4.425
2012-05-07-16_51_40.023,26,6,22,0,-51.768,-96.831,4.665
2012-05-07-16_51_40.024,26,6,22,0,-51.826,-96.770,4.665
2012-05-07-16_51_40.024,26,7,22,0,-60.822,-96.755,4.663
2012-05-07-16_51_40.025,26,7,22,0,-60.819,-96.705,4.563
2012-05-07-16_51_40.025,26,0,22,1,-2.202,-96.791,4.812
2012-05-07-16_51_40.025,26,0,22,1,-2.262,-96.720,4.812
2012-05-07-16_51_40.026,26,1,22,1,-11.204,-96.718,4.917
2012-05-07-16_51_40.026,26,1,22,1,-11.265,-96.646,4.917
2012-05-07-16_51_40.027,26,2,22,1,-20.182,-96.777,4.643
2012-05-07-16_51_40.027,26,2,22,1,-20.243,-96.705,4.545
2012-05-07-16_51_40.028,26,3,22,1,-29.206,-96.769,4.721
2012-05-07-16_51_40.028,26,3,22,1,-29.267,-96.697,4.721
2012-05-07-16_51_40.029,26,4,22,1,-38.196,-96.750,4.627
2012-05-07-16_51_40.030,26,4,22,1,-38.257,-96.678,4.529
2012-05-07-16_51_40.030,26,5,22,1,-47.244,-96.776,4.627
2012-05-07-16_51_40.031,26,5,22,1,-47.305,-96.704,4.627
2012-05-07-16_51_40.031,26,6,22,1,-56.223,-96.842,4.672
2012-05-07-16_51_40.032,26,6,22,1,-56.284,-96.770,4.672
2012-05-07-16_51_40.032,26,7,22,1,-65.277,-96.766,4.769
2012-05-07-16_51_40.032,26,7,22,1,-65.337,-96.694,4.769
2012-05-07-16_51_40.033,26,0,23,0,2.250,-101.284,4.927
2012-05-07-16_51_40.033,26,0,23,0,2.197,-101.219,4.927
2012-05-07-16_51_40.034,26,1,23,0,-6.752,-101.210,4.932
2012-05-07-16_51_40.034,26,1,23,0,-6.805,-101.146,4.932
2012-05-07-16_51_40.036,26,2,23,0,-15.730,-101.269,4.658
2012-05-07-16_51_40.036,26,2,23,0,-15.784,-101.204,4.756
2012-05-07-16_51_40.037,26,3,23,0,-24.754,-101.261,4.736
2012-05-07-16_51_40.037,26,3,23,0,-24.807,-101.196,4.736
2012-05-07-16_51_40.038,26,4,23,0,-33.744,-101.242,4.544
2012-05-07-16_51_40.038,26,4,23,0,-33.798,-101.177,4.544
2012-05-07-16_51_40.039,26,5,23,0,-42.792,-101.268,4.544
2012-05-07-16_51_40.039,26,5,23,0,-42.845,-101.203,4.544
2012-05-07-16_51_40.040,26,6,23,0,-51.771,-101.334,4.490
2012-05-07-16_51_40.040,26,6,23,0,-51.824,-101.270,4.490
2012-05-07-16_51_40.041,26,7,23,0,-60.825,-101.258,4.585
2012-05-07-16_51_40.041,26,7,23,0,-60.820,-101.205,4.585
2012-05-07-16_51_40.041,26,0,23,1,-2.190,-101.282,4.827
2012-05-07-16_51_40.042,26,0,23,1,-2.262,-101.219,4.827
2012-05-07-16_51_40.042,26,1,23,1,-11.192,-101.209,4.833
2012-05-07-16_51_40.043,26,1,23,1,-11.265,-101.145,4.833
2012-05-07-16_51_40.043,26,2,23,1,-20.170,-101.268,4.658
2012-05-07-16_51_40.044,26,2,23,1,-20.243,-101.204,4.658
2012-05-07-16_51_40.044,26,3,23,1,-29.194,-101.260,4.736
2012-05-07-16_51_40.045,26,3,23,1,-29.267,-101.196,4.736
2012-05-07-16_51_40.045,26,4,23,1,-38.184,-101.241,4.446
2012-05-07-16_51_40.046,26,4,23,1,-38.257,-101.177,4.446
2012-05-07-16_51_40.046,26,5,23,1,-47.232,-101.267,4.642
2012-05-07-16_51_40.047,26,5,23,1,-47.305,-101.203,4.642
2012-05-07-16_51_40.047,26,6,23,1,-56.211,-101.333,4.588
2012-05-07-16_51_40.048,26,6,23,1,-56.284,-101.269,4.686
2012-05-07-16_51_40.048,26,7,23,1,-65.265,-101.257,4.784
2012-05-07-16_51_40.049,26,7,23,1,-65.338,-101.193,4.684
