2012-05-05-22_59_22.370,327,0,0,0,2.259,2.220,3.497
2012-05-05-22_59_22.371,327,1,0,0,-6.749,2.205,2.896
2012-05-05-22_59_22.373,327,2,0,0,-15.738,2.300,2.497
2012-05-05-22_59_22.374,327,3,0,0,-24.792,2.205,2.897
2012-05-05-22_59_22.375,327,4,0,0,-33.779,2.230,1.997
2012-05-05-22_59_22.376,327,5,0,0,-42.794,2.167,2.797
2012-05-05-22_59_22.377,327,6,0,0,-51.793,2.164,2.597
2012-05-05-22_59_22.378,327,7,0,0,-60.715,2.246,3.297
2012-05-05-22_59_22.379,327,0,0,1,-2.183,2.213,3.696
2012-05-05-22_59_22.380,327,1,0,1,-11.199,2.205,3.096
2012-05-05-22_59_22.380,327,2,0,1,-20.180,2.293,2.696
2012-05-05-22_59_22.381,327,3,0,1,-29.235,2.197,2.696
2012-05-05-22_59_22.382,327,4,0,1,-38.222,2.223,2.296
2012-05-05-22_59_22.382,327,5,0,1,-47.237,2.160,2.596
2012-05-05-22_59_22.383,327,6,0,1,-56.235,2.157,2.696
2012-05-05-22_59_22.384,327,7,0,1,-65.157,2.239,3.396
2012-05-05-22_59_22.385,327,0,1,0,2.274,-2.280,3.612
2012-05-05-22_59_22.386,327,1,1,0,-6.745,-2.290,3.112
2012-05-05-22_59_22.387,327,2,1,0,-15.723,-2.200,2.512
2012-05-05-22_59_22.388,327,3,1,0,-24.778,-2.295,2.912
2012-05-05-22_59_22.389,327,4,1,0,-33.765,-2.270,2.012
2012-05-05-22_59_22.389,327,5,1,0,-42.780,-2.332,2.612
2012-05-05-22_59_22.390,327,6,1,0,-51.779,-2.336,2.612
2012-05-05-22_59_22.391,327,7,1,0,-60.700,-2.254,3.312
2012-05-05-22_59_22.391,327,0,1,1,-2.186,-2.289,3.820
2012-05-05-22_59_22.392,327,1,1,1,-11.202,-2.289,3.220
2012-05-05-22_59_22.393,327,2,1,1,-20.183,-2.209,2.620
2012-05-05-22_59_22.394,327,3,1,1,-29.238,-2.305,2.620
2012-05-05-22_59_22.395,327,4,1,1,-38.225,-2.280,2.020
2012-05-05-22_59_22.396,327,5,1,1,-47.239,-2.342,2.620
2012-05-05-22_59_22.396,327,6,1,1,-56.238,-2.346,2.620
2012-05-05-22_59_22.397,327,7,1,1,-65.160,-2.263,3.320
2012-05-05-22_59_22.400,327,0,2,0,2.271,-6.784,3.628
2012-05-05-22_59_22.401,327,1,2,0,-6.743,-6.787,3.228
2012-05-05-22_59_22.402,327,2,2,0,-15.726,-6.704,2.628
2012-05-05-22_59_22.403,327,3,2,0,-24.781,-6.799,2.928
2012-05-05-22_59_22.403,327,4,2,0,-33.768,-6.774,2.228
2012-05-05-22_59_22.404,327,5,2,0,-42.783,-6.836,2.928
2012-05-05-22_59_22.404,327,6,2,0,-51.781,-6.840,2.728
2012-05-05-22_59_22.405,327,7,2,0,-60.703,-6.758,3.528
2012-05-05-22_59_22.405,327,0,2,1,-2.186,-6.792,3.637
2012-05-05-22_59_22.406,327,1,2,1,-11.200,-6.787,3.137
2012-05-05-22_59_22.414,327,2,2,1,-20.184,-6.712,2.637
2012-05-05-22_59_22.415,327,3,2,1,-29.238,-6.808,2.837
2012-05-05-22_59_22.417,327,4,2,1,-38.225,-6.783,2.237
2012-05-05-22_59_22.418,327,5,2,1,-47.240,-6.845,2.737
2012-05-05-22_59_22.419,327,6,2,1,-56.239,-6.848,2.737
2012-05-05-22_59_22.420,327,7,2,1,-65.161,-6.766,3.437
2012-05-05-22_59_22.421,327,0,3,0,2.270,-11.282,3.647
2012-05-05-22_59_22.422,327,1,3,0,-6.743,-11.286,3.247
2012-05-05-22_59_22.423,327,2,3,0,-15.727,-11.202,2.647
2012-05-05-22_59_22.424,327,3,3,0,-24.781,-11.297,2.847
2012-05-05-22_59_22.425,327,4,3,0,-33.769,-11.272,2.347
2012-05-05-22_59_22.426,327,5,3,0,-42.783,-11.335,2.847
2012-05-05-22_59_22.428,327,6,3,0,-51.782,-11.338,2.847
2012-05-05-22_59_22.429,327,7,3,0,-60.704,-11.256,3.247
2012-05-05-22_59_22.429,327,0,3,1,-2.187,-11.289,3.759
2012-05-05-22_59_22.430,327,1,3,1,-11.200,-11.286,3.259
2012-05-05-22_59_22.431,327,2,3,1,-20.184,-11.209,2.659
2012-05-05-22_59_22.432,327,3,3,1,-29.239,-11.304,2.859
2012-05-05-22_59_22.433,327,4,3,1,-38.226,-11.279,2.359
2012-05-05-22_59_22.433,327,5,3,1,-47.240,-11.341,2.659
2012-05-05-22_59_22.435,327,6,3,1,-56.239,-11.345,2.759
2012-05-05-22_59_22.436,327,7,3,1,-65.161,-11.263,3.259
2012-05-05-22_59_22.436,327,0,4,0,2.270,-15.781,3.672
2012-05-05-22_59_22.437,327,1,4,0,-6.741,-15.794,3.172
2012-05-05-22_59_22.438,327,2,4,0,-15.727,-15.701,2.572
2012-05-05-22_59_22.439,327,3,4,0,-24.782,-15.797,2.972
2012-05-05-22_59_22.440,327,4,4,0,-33.769,-15.772,1.972
2012-05-05-22_59_22.441,327,5,4,0,-42.784,-15.834,2.572
2012-05-05-22_59_22.441,327,6,4,0,-51.782,-15.837,2.672
2012-05-05-22_59_22.443,327,7,4,0,-60.704,-15.755,3.472
2012-05-05-22_59_22.444,327,0,4,1,-2.187,-15.789,3.683
2012-05-05-22_59_22.445,327,1,4,1,-11.203,-15.794,3.183
2012-05-05-22_59_22.446,327,2,4,1,-20.184,-15.708,2.683
2012-05-05-22_59_22.447,327,3,4,1,-29.239,-15.804,2.983
2012-05-05-22_59_22.448,327,4,4,1,-38.226,-15.779,2.083
2012-05-05-22_59_22.449,327,5,4,1,-47.241,-15.841,2.583
2012-05-05-22_59_22.450,327,6,4,1,-56.239,-15.845,2.683
2012-05-05-22_59_22.451,327,7,4,1,-65.161,-15.762,3.383
2012-05-05-22_59_22.452,327,0,5,0,2.270,-20.280,3.691
2012-05-05-22_59_22.453,327,1,5,0,-6.741,-20.297,3.191
2012-05-05-22_59_22.454,327,2,5,0,-15.728,-20.199,2.691
2012-05-05-22_59_22.455,327,3,5,0,-24.782,-20.295,2.891
2012-05-05-22_59_22.456,327,4,5,0,-33.769,-20.270,2.191
2012-05-05-22_59_22.457,327,5,5,0,-42.784,-20.332,2.791
2012-05-05-22_59_22.458,327,6,5,0,-51.783,-20.336,2.691
2012-05-05-22_59_22.459,327,7,5,0,-60.705,-20.253,3.191
2012-05-05-22_59_22.460,327,0,5,1,-2.185,-20.288,3.800
2012-05-05-22_59_22.461,327,1,5,1,-11.206,-20.297,3.100
2012-05-05-22_59_22.462,327,2,5,1,-20.182,-20.207,2.600
2012-05-05-22_59_22.462,327,3,5,1,-29.237,-20.303,2.900
2012-05-05-22_59_22.463,327,4,5,1,-38.224,-20.278,2.100
2012-05-05-22_59_22.464,327,5,5,1,-47.239,-20.340,2.600
2012-05-05-22_59_22.465,327,6,5,1,-56.237,-20.344,2.700
2012-05-05-22_59_22.466,327,7,5,1,-65.159,-20.261,3.500
2012-05-05-22_59_22.467,327,0,6,0,2.274,-24.780,3.710
2012-05-05-22_59_22.468,327,1,6,0,-6.737,-24.791,3.210
2012-05-05-22_59_22.469,327,2,6,0,-15.723,-24.700,2.710
2012-05-05-22_59_22.470,327,3,6,0,-24.778,-24.795,2.910
2012-05-05-22_59_22.471,327,4,6,0,-33.765,-24.770,2.010
2012-05-05-22_59_22.471,327,5,6,0,-42.780,-24.833,2.710
2012-05-05-22_59_22.475,327,6,6,0,-51.778,-24.836,2.710
2012-05-05-22_59_22.476,327,7,6,0,-60.700,-24.754,3.510
2012-05-05-22_59_22.477,327,0,6,1,-2.183,-24.789,3.722
2012-05-05-22_59_22.478,327,1,6,1,-11.209,-24.790,3.222
2012-05-05-22_59_22.478,327,2,6,1,-20.180,-24.709,2.722
2012-05-05-22_59_22.479,327,3,6,1,-29.235,-24.805,3.022
2012-05-05-22_59_22.481,327,4,6,1,-38.222,-24.780,2.022
2012-05-05-22_59_22.482,327,5,6,1,-47.237,-24.842,2.722
2012-05-05-22_59_22.483,327,6,6,1,-56.235,-24.846,2.822
2012-05-05-22_59_22.484,327,7,6,1,-65.157,-24.763,3.522
2012-05-05-22_59_22.485,327,0,7,0,2.271,-29.284,3.735
2012-05-05-22_59_22.486,327,1,7,0,-6.740,-29.287,3.135
2012-05-05-22_59_22.487,327,2,7,0,-15.726,-29.204,2.735
2012-05-05-22_59_22.488,327,3,7,0,-24.781,-29.299,2.935
2012-05-05-22_59_22.489,327,4,7,0,-33.768,-29.274,2.435
2012-05-05-22_59_22.490,327,5,7,0,-42.782,-29.336,2.735
2012-05-05-22_59_22.491,327,6,7,0,-51.781,-29.340,2.835
2012-05-05-22_59_22.492,327,7,7,0,-60.703,-29.258,3.435
2012-05-05-22_59_22.493,327,0,7,1,-2.181,-29.291,3.745
2012-05-05-22_59_22.494,327,1,7,1,-11.212,-29.287,3.245
2012-05-05-22_59_22.495,327,2,7,1,-20.178,-29.211,2.745
2012-05-05-22_59_22.497,327,3,7,1,-29.233,-29.306,2.945
2012-05-05-22_59_22.498,327,4,7,1,-38.220,-29.281,2.345
2012-05-05-22_59_22.499,327,5,7,1,-47.235,-29.344,2.845
2012-05-05-22_59_22.500,327,6,7,1,-56.233,-29.347,2.845
2012-05-05-22_59_22.501,327,7,7,1,-65.155,-29.265,3.545
2012-05-05-22_59_22.502,327,0,8,0,2.276,-33.782,3.754
2012-05-05-22_59_22.503,327,1,8,0,-6.743,-33.785,3.254
2012-05-05-22_59_22.504,327,2,8,0,-15.722,-33.702,2.654
2012-05-05-22_59_22.505,327,3,8,0,-24.776,-33.797,2.954
2012-05-05-22_59_22.505,327,4,8,0,-33.763,-33.772,2.454
2012-05-05-22_59_22.506,327,5,8,0,-42.778,-33.834,2.754
2012-05-05-22_59_22.507,327,6,8,0,-51.777,-33.838,2.854
2012-05-05-22_59_22.509,327,7,8,0,-60.699,-33.756,3.454
2012-05-05-22_59_22.510,327,0,8,1,-2.182,-33.788,3.863
2012-05-05-22_59_22.511,327,1,8,1,-11.212,-33.785,3.262
2012-05-05-22_59_22.511,327,2,8,1,-20.179,-33.708,2.763
2012-05-05-22_59_22.512,327,3,8,1,-29.233,-33.803,3.063
2012-05-05-22_59_22.514,327,4,8,1,-38.221,-33.778,2.463
2012-05-05-22_59_22.514,327,5,8,1,-47.235,-33.840,2.763
2012-05-05-22_59_22.515,327,6,8,1,-56.234,-33.844,2.863
2012-05-05-22_59_22.516,327,7,8,1,-65.156,-33.762,3.463
2012-05-05-22_59_22.518,327,0,9,0,2.275,-38.282,3.772
2012-05-05-22_59_22.520,327,1,9,0,-6.746,-38.293,3.272
2012-05-05-22_59_22.521,327,2,9,0,-15.722,-38.202,2.772
2012-05-05-22_59_22.522,327,3,9,0,-24.777,-38.298,2.972
2012-05-05-22_59_22.523,327,4,9,0,-33.764,-38.272,2.272
2012-05-05-22_59_22.524,327,5,9,0,-42.778,-38.335,2.772
2012-05-05-22_59_22.525,327,6,9,0,-51.777,-38.338,2.772
2012-05-05-22_59_22.526,327,7,9,0,-60.699,-38.256,3.372
2012-05-05-22_59_22.527,327,0,9,1,-2.185,-38.288,3.685
2012-05-05-22_59_22.528,327,1,9,1,-11.210,-38.292,3.085
2012-05-05-22_59_22.529,327,2,9,1,-20.182,-38.208,2.785
2012-05-05-22_59_22.530,327,3,9,1,-29.236,-38.303,2.785
2012-05-05-22_59_22.531,327,4,9,1,-38.223,-38.278,2.185
2012-05-05-22_59_22.532,327,5,9,1,-47.238,-38.341,2.785
2012-05-05-22_59_22.533,327,6,9,1,-56.237,-38.344,2.885
2012-05-05-22_59_22.534,327,7,9,1,-65.159,-38.262,3.585
2012-05-05-22_59_22.535,327,0,10,0,2.277,-42.779,3.798
2012-05-05-22_59_22.536,327,1,10,0,-6.748,-42.796,3.298
2012-05-05-22_59_22.538,327,2,10,0,-15.720,-42.699,2.798
2012-05-05-22_59_22.540,327,3,10,0,-24.775,-42.795,2.998
2012-05-05-22_59_22.541,327,4,10,0,-33.762,-42.770,2.298
2012-05-05-22_59_22.542,327,5,10,0,-42.776,-42.832,2.798
2012-05-05-22_59_22.543,327,6,10,0,-51.775,-42.835,2.998
2012-05-05-22_59_22.544,327,7,10,0,-60.697,-42.753,3.498
2012-05-05-22_59_22.545,327,0,10,1,-2.187,-42.788,3.808
2012-05-05-22_59_22.546,327,1,10,1,-11.213,-42.795,3.208
2012-05-05-22_59_22.546,327,2,10,1,-20.184,-42.707,2.708
2012-05-05-22_59_22.547,327,3,10,1,-29.239,-42.803,3.108
2012-05-05-22_59_22.548,327,4,10,1,-38.226,-42.778,2.408
2012-05-05-22_59_22.550,327,5,10,1,-47.241,-42.840,2.908
2012-05-05-22_59_22.551,327,6,10,1,-56.240,-42.844,2.908
2012-05-05-22_59_22.552,327,7,10,1,-65.162,-42.761,3.508
2012-05-05-22_59_22.552,327,0,11,0,2.277,-47.279,3.717
2012-05-05-22_59_22.553,327,1,11,0,-6.749,-47.291,3.317
2012-05-05-22_59_22.554,327,2,11,0,-15.720,-47.199,2.817
2012-05-05-22_59_22.555,327,3,11,0,-24.775,-47.294,3.017
2012-05-05-22_59_22.556,327,4,11,0,-33.762,-47.269,2.417
2012-05-05-22_59_22.556,327,5,11,0,-42.777,-47.332,2.717
2012-05-05-22_59_22.557,327,6,11,0,-51.775,-47.335,2.917
2012-05-05-22_59_22.558,327,7,11,0,-60.697,-47.253,3.417
2012-05-05-22_59_22.559,327,0,11,1,-2.190,-47.290,3.826
2012-05-05-22_59_22.560,327,1,11,1,-11.213,-47.290,3.326
2012-05-05-22_59_22.561,327,2,11,1,-20.187,-47.210,2.726
2012-05-05-22_59_22.562,327,3,11,1,-29.242,-47.305,2.926
2012-05-05-22_59_22.563,327,4,11,1,-38.229,-47.280,2.526
2012-05-05-22_59_22.565,327,5,11,1,-47.244,-47.342,2.826
2012-05-05-22_59_22.566,327,6,11,1,-56.242,-47.346,3.026
2012-05-05-22_59_22.567,327,7,11,1,-65.164,-47.264,3.626
2012-05-05-22_59_22.568,327,0,12,0,2.279,-51.784,3.736
2012-05-05-22_59_22.569,327,1,12,0,-6.752,-51.788,3.336
2012-05-05-22_59_22.569,327,2,12,0,-15.718,-51.704,2.836
2012-05-05-22_59_22.570,327,3,12,0,-24.773,-51.800,3.036
2012-05-05-22_59_22.571,327,4,12,0,-33.760,-51.775,2.136
2012-05-05-22_59_22.572,327,5,12,0,-42.775,-51.837,2.836
2012-05-05-22_59_22.573,327,6,12,0,-51.773,-51.841,2.936
2012-05-05-22_59_22.574,327,7,12,0,-60.695,-51.758,3.536
2012-05-05-22_59_22.575,327,0,12,1,-2.191,-51.792,3.849
2012-05-05-22_59_22.576,327,1,12,1,-11.211,-51.788,3.349
2012-05-05-22_59_22.577,327,2,12,1,-20.188,-51.712,2.849
2012-05-05-22_59_22.578,327,3,12,1,-29.242,-51.807,2.949
2012-05-05-22_59_22.579,327,4,12,1,-38.230,-51.782,2.549
2012-05-05-22_59_22.580,327,5,12,1,-47.244,-51.845,2.849
2012-05-05-22_59_22.582,327,6,12,1,-56.243,-51.848,3.049
2012-05-05-22_59_22.583,327,7,12,1,-65.165,-51.766,3.649
2012-05-05-22_59_22.584,327,0,13,0,2.276,-56.282,3.862
2012-05-05-22_59_22.585,327,1,13,0,-6.752,-56.286,3.362
2012-05-05-22_59_22.586,327,2,13,0,-15.721,-56.202,2.762
2012-05-05-22_59_22.587,327,3,13,0,-24.776,-56.297,3.062
2012-05-05-22_59_22.587,327,4,13,0,-33.763,-56.272,2.362
2012-05-05-22_59_22.588,327,5,13,0,-42.778,-56.335,2.862
2012-05-05-22_59_22.589,327,6,13,0,-51.776,-56.338,2.862
2012-05-05-22_59_22.590,327,7,13,0,-60.698,-56.256,3.462
2012-05-05-22_59_22.590,327,0,13,1,-2.191,-56.288,3.872
2012-05-05-22_59_22.592,327,1,13,1,-11.209,-56.286,3.271
2012-05-05-22_59_22.592,327,2,13,1,-20.188,-56.208,2.772
2012-05-05-22_59_22.593,327,3,13,1,-29.243,-56.303,2.872
2012-05-05-22_59_22.594,327,4,13,1,-38.230,-56.278,2.372
2012-05-05-22_59_22.595,327,5,13,1,-47.245,-56.341,2.872
2012-05-05-22_59_22.599,327,6,13,1,-56.243,-56.344,2.872
2012-05-05-22_59_22.600,327,7,13,1,-65.165,-56.262,3.672
2012-05-05-22_59_22.601,327,0,14,0,2.275,-60.783,3.879
2012-05-05-22_59_22.602,327,1,14,0,-6.753,-60.793,3.379
2012-05-05-22_59_22.602,327,2,14,0,-15.722,-60.702,2.779
2012-05-05-22_59_22.603,327,3,14,0,-24.776,-60.798,3.079
2012-05-05-22_59_22.604,327,4,14,0,-33.763,-60.773,2.579
2012-05-05-22_59_22.605,327,5,14,0,-42.778,-60.835,2.879
2012-05-05-22_59_22.606,327,6,14,0,-51.777,-60.839,2.879
2012-05-05-22_59_22.607,327,7,14,0,-60.699,-60.756,3.679
2012-05-05-22_59_22.608,327,0,14,1,-2.194,-60.788,3.888
2012-05-05-22_59_22.609,327,1,14,1,-11.210,-60.794,3.388
2012-05-05-22_59_22.610,327,2,14,1,-20.191,-60.708,2.788
2012-05-05-22_59_22.612,327,3,14,1,-29.246,-60.804,2.888
2012-05-05-22_59_22.613,327,4,14,1,-38.233,-60.779,2.488
2012-05-05-22_59_22.614,327,5,14,1,-47.247,-60.841,2.888
2012-05-05-22_59_22.615,327,6,14,1,-56.246,-60.844,3.088
2012-05-05-22_59_22.616,327,7,14,1,-65.168,-60.762,3.688
2012-05-05-22_59_22.618,327,0,15,0,2.273,-65.280,3.897
2012-05-05-22_59_22.619,327,1,15,0,-6.751,-65.296,3.397
2012-05-05-22_59_22.620,327,2,15,0,-15.725,-65.199,2.897
2012-05-05-22_59_22.621,327,3,15,0,-24.779,-65.295,3.097
2012-05-05-22_59_22.622,327,4,15,0,-33.766,-65.270,2.497
2012-05-05-22_59_22.623,327,5,15,0,-42.781,-65.332,2.797
2012-05-05-22_59_22.625,327,6,15,0,-51.780,-65.336,2.997
2012-05-05-22_59_22.626,327,7,15,0,-60.702,-65.253,3.497
2012-05-05-22_59_22.627,327,0,15,1,-2.197,-65.288,3.910
2012-05-05-22_59_22.628,327,1,15,1,-11.208,-65.296,3.410
2012-05-05-22_59_22.629,327,2,15,1,-20.194,-65.208,2.910
2012-05-05-22_59_22.630,327,3,15,1,-29.249,-65.303,2.910
2012-05-05-22_59_22.631,327,4,15,1,-38.236,-65.278,2.510
2012-05-05-22_59_22.633,327,5,15,1,-47.250,-65.340,2.910
2012-05-05-22_59_22.633,327,6,15,1,-56.249,-65.344,2.910
2012-05-05-22_59_22.635,327,7,15,1,-65.171,-65.262,3.610
2012-05-05-22_59_22.635,327,0,16,0,2.270,-69.780,3.923
2012-05-05-22_59_22.637,327,1,16,0,-6.751,-69.790,3.423
2012-05-05-22_59_22.638,327,2,16,0,-15.727,-69.700,2.923
2012-05-05-22_59_22.640,327,3,16,0,-24.782,-69.795,3.123
2012-05-05-22_59_22.640,327,4,16,0,-33.769,-69.770,2.323
2012-05-05-22_59_22.641,327,5,16,0,-42.784,-69.832,2.823
2012-05-05-22_59_22.642,327,6,16,0,-51.782,-69.836,2.923
2012-05-05-22_59_22.643,327,7,16,0,-60.704,-69.754,3.623
2012-05-05-22_59_22.644,327,0,16,1,-2.197,-69.789,3.934
2012-05-05-22_59_22.646,327,1,16,1,-11.208,-69.789,3.433
2012-05-05-22_59_22.647,327,2,16,1,-20.194,-69.709,2.834
2012-05-05-22_59_22.649,327,3,16,1,-29.249,-69.804,2.934
2012-05-05-22_59_22.650,327,4,16,1,-38.236,-69.779,2.534
2012-05-05-22_59_22.650,327,5,16,1,-47.251,-69.841,2.834
2012-05-05-22_59_22.652,327,6,16,1,-56.249,-69.845,2.934
2012-05-05-22_59_22.653,327,7,16,1,-65.171,-69.763,3.634
2012-05-05-22_59_22.654,327,0,17,0,2.267,-74.283,3.942
2012-05-05-22_59_22.656,327,1,17,0,-6.747,-74.287,3.442
2012-05-05-22_59_22.657,327,2,17,0,-15.730,-74.203,2.842
2012-05-05-22_59_22.658,327,3,17,0,-24.785,-74.299,3.042
2012-05-05-22_59_22.659,327,4,17,0,-33.772,-74.274,2.342
2012-05-05-22_59_22.661,327,5,17,0,-42.787,-74.336,2.842
2012-05-05-22_59_22.662,327,6,17,0,-51.785,-74.340,2.942
2012-05-05-22_59_22.663,327,7,17,0,-60.707,-74.257,3.542
2012-05-05-22_59_22.664,327,0,17,1,-2.195,-74.291,3.952
2012-05-05-22_59_22.666,327,1,17,1,-11.211,-74.287,3.451
2012-05-05-22_59_22.667,327,2,17,1,-20.192,-74.211,2.852
2012-05-05-22_59_22.668,327,3,17,1,-29.247,-74.306,2.952
2012-05-05-22_59_22.669,327,4,17,1,-38.234,-74.281,2.252
2012-05-05-22_59_22.670,327,5,17,1,-47.249,-74.344,2.852
2012-05-05-22_59_22.670,327,6,17,1,-56.247,-74.347,2.952
2012-05-05-22_59_22.671,327,7,17,1,-65.169,-74.265,3.652
2012-05-05-22_59_22.672,327,0,18,0,2.264,-78.783,3.862
2012-05-05-22_59_22.673,327,1,18,0,-6.747,-78.785,3.462
2012-05-05-22_59_22.674,327,2,18,0,-15.733,-78.703,2.862
2012-05-05-22_59_22.675,327,3,18,0,-24.788,-78.798,3.062
2012-05-05-22_59_22.676,327,4,18,0,-33.775,-78.773,2.562
2012-05-05-22_59_22.677,327,5,18,0,-42.789,-78.835,2.862
2012-05-05-22_59_22.678,327,6,18,0,-51.788,-78.839,2.962
2012-05-05-22_59_22.679,327,7,18,0,-60.710,-78.757,3.762
2012-05-05-22_59_22.680,327,0,18,1,-2.193,-78.788,3.975
2012-05-05-22_59_22.680,327,1,18,1,-11.211,-78.785,3.474
2012-05-05-22_59_22.681,327,2,18,1,-20.190,-78.708,2.875
2012-05-05-22_59_22.682,327,3,18,1,-29.245,-78.803,3.175
2012-05-05-22_59_22.683,327,4,18,1,-38.232,-78.778,2.275
2012-05-05-22_59_22.684,327,5,18,1,-47.247,-78.840,2.875
2012-05-05-22_59_22.685,327,6,18,1,-56.245,-78.844,2.975
2012-05-05-22_59_22.686,327,7,18,1,-65.167,-78.762,3.775
2012-05-05-22_59_22.687,327,0,19,0,2.264,-83.282,3.887
2012-05-05-22_59_22.688,327,1,19,0,-6.747,-83.292,3.487
2012-05-05-22_59_22.689,327,2,19,0,-15.734,-83.201,2.887
2012-05-05-22_59_22.690,327,3,19,0,-24.788,-83.297,3.187
2012-05-05-22_59_22.690,327,4,19,0,-33.775,-83.272,2.187
2012-05-05-22_59_22.691,327,5,19,0,-42.790,-83.334,2.987
2012-05-05-22_59_22.692,327,6,19,0,-51.789,-83.338,2.987
2012-05-05-22_59_22.693,327,7,19,0,-60.711,-83.255,3.587
2012-05-05-22_59_22.693,327,0,19,1,-2.194,-83.288,3.997
2012-05-05-22_59_22.694,327,1,19,1,-11.214,-83.293,3.397
2012-05-05-22_59_22.695,327,2,19,1,-20.191,-83.208,2.897
2012-05-05-22_59_22.696,327,3,19,1,-29.245,-83.303,2.897
2012-05-05-22_59_22.697,327,4,19,1,-38.232,-83.278,2.597
2012-05-05-22_59_22.698,327,5,19,1,-47.247,-83.340,2.997
2012-05-05-22_59_22.699,327,6,19,1,-56.246,-83.344,3.097
2012-05-05-22_59_22.700,327,7,19,1,-65.168,-83.262,3.797
2012-05-05-22_59_22.701,327,0,20,0,2.263,-87.780,4.005
2012-05-05-22_59_22.701,327,1,20,0,-6.748,-87.796,3.405
2012-05-05-22_59_22.702,327,2,20,0,-15.734,-87.699,2.905
2012-05-05-22_59_22.703,327,3,20,0,-24.789,-87.795,3.205
2012-05-05-22_59_22.703,327,4,20,0,-33.776,-87.770,2.605
2012-05-05-22_59_22.705,327,5,20,0,-42.790,-87.832,3.005
2012-05-05-22_59_22.705,327,6,20,0,-51.789,-87.836,2.905
2012-05-05-22_59_22.706,327,7,20,0,-60.711,-87.753,3.805
2012-05-05-22_59_22.707,327,0,20,1,-2.192,-87.788,4.014
2012-05-05-22_59_22.708,327,1,20,1,-11.212,-87.796,3.514
2012-05-05-22_59_22.709,327,2,20,1,-20.189,-87.708,2.914
2012-05-05-22_59_22.710,327,3,20,1,-29.243,-87.803,3.214
2012-05-05-22_59_22.711,327,4,20,1,-38.230,-87.778,2.614
2012-05-05-22_59_22.712,327,5,20,1,-47.245,-87.840,3.014
2012-05-05-22_59_22.713,327,6,20,1,-56.244,-87.844,3.014
2012-05-05-22_59_22.714,327,7,20,1,-65.166,-87.762,3.814
2012-05-05-22_59_22.715,327,0,21,0,2.268,-92.280,4.024
2012-05-05-22_59_22.716,327,1,21,0,-6.751,-92.290,3.524
2012-05-05-22_59_22.717,327,2,21,0,-15.729,-92.200,3.024
2012-05-05-22_59_22.718,327,3,21,0,-24.784,-92.295,3.124
2012-05-05-22_59_22.718,327,4,21,0,-33.771,-92.270,2.524
2012-05-05-22_59_22.719,327,5,21,0,-42.786,-92.333,2.924
2012-05-05-22_59_22.723,327,6,21,0,-51.785,-92.336,3.024
2012-05-05-22_59_22.724,327,7,21,0,-60.707,-92.254,3.624
2012-05-05-22_59_22.725,327,0,21,1,-2.190,-92.290,4.037
2012-05-05-22_59_22.725,327,1,21,1,-11.213,-92.290,3.437
2012-05-05-22_59_22.726,327,2,21,1,-20.187,-92.210,2.937
2012-05-05-22_59_22.728,327,3,21,1,-29.241,-92.305,2.937
2012-05-05-22_59_22.729,327,4,21,1,-38.228,-92.280,2.437
2012-05-05-22_59_22.730,327,5,21,1,-47.243,-92.342,3.037
2012-05-05-22_59_22.731,327,6,21,1,-56.242,-92.346,3.037
2012-05-05-22_59_22.731,327,7,21,1,-65.164,-92.264,3.737
2012-05-05-22_59_22.732,327,0,22,0,2.270,-96.783,3.950
2012-05-05-22_59_22.733,327,1,22,0,-6.754,-96.788,3.550
2012-05-05-22_59_22.734,327,2,22,0,-15.728,-96.703,3.050
2012-05-05-22_59_22.735,327,3,22,0,-24.782,-96.799,3.250
2012-05-05-22_59_22.736,327,4,22,0,-33.769,-96.774,2.650
2012-05-05-22_59_22.737,327,5,22,0,-42.784,-96.836,2.950
2012-05-05-22_59_22.738,327,6,22,0,-51.783,-96.840,3.050
2012-05-05-22_59_22.738,327,7,22,0,-60.705,-96.757,3.750
2012-05-05-22_59_22.739,327,0,22,1,-2.190,-96.792,4.058
2012-05-05-22_59_22.740,327,1,22,1,-11.213,-96.789,3.558
2012-05-05-22_59_22.740,327,2,22,1,-20.187,-96.712,2.958
2012-05-05-22_59_22.741,327,3,22,1,-29.242,-96.808,3.058
2012-05-05-22_59_22.742,327,4,22,1,-38.229,-96.783,2.658
2012-05-05-22_59_22.742,327,5,22,1,-47.244,-96.845,3.058
2012-05-05-22_59_22.743,327,6,22,1,-56.242,-96.848,3.058
2012-05-05-22_59_22.744,327,7,22,1,-65.164,-96.766,3.758
2012-05-05-22_59_22.745,327,0,23,0,2.269,-101.281,4.068
2012-05-05-22_59_22.745,327,1,23,0,-6.751,-101.286,3.568
2012-05-05-22_59_22.746,327,2,23,0,-15.728,-101.201,2.968
2012-05-05-22_59_22.747,327,3,23,0,-24.783,-101.297,3.268
2012-05-05-22_59_22.747,327,4,23,0,-33.770,-101.272,2.668
2012-05-05-22_59_22.748,327,5,23,0,-42.784,-101.334,2.968
2012-05-05-22_59_22.748,327,6,23,0,-51.783,-101.338,2.868
2012-05-05-22_59_22.749,327,7,23,0,-60.705,-101.255,3.568
2012-05-05-22_59_22.750,327,0,23,1,-2.181,-101.280,4.068
2012-05-05-22_59_22.750,327,1,23,1,-11.209,-101.286,3.568
2012-05-05-22_59_22.751,327,2,23,1,-20.178,-101.200,2.968
2012-05-05-22_59_22.751,327,3,23,1,-29.232,-101.295,3.068
2012-05-05-22_59_22.752,327,4,23,1,-38.219,-101.270,2.568
2012-05-05-22_59_22.753,327,5,23,1,-47.234,-101.332,3.068
2012-05-05-22_59_22.754,327,6,23,1,-56.233,-101.336,3.068
2012-05-05-22_59_22.754,327,7,23,1,-65.155,-101.254,3.768
