2012-05-04-18_34_54.501,61,0,0,0,2.256,2.217,1.665
2012-05-04-18_34_54.503,61,0,0,0,2.293,2.304,1.665
2012-05-04-18_34_54.505,61,0,0,0,2.193,2.246,1.564
2012-05-04-18_34_54.506,61,1,0,0,-6.752,2.208,2.265
2012-05-04-18_34_54.508,61,1,0,0,-6.830,2.234,2.164
2012-05-04-18_34_54.509,61,1,0,0,-6.771,2.286,2.264
2012-05-04-18_34_54.511,61,2,0,0,-15.709,2.287,1.765
2012-05-04-18_34_54.512,61,2,0,0,-15.772,2.316,1.764
2012-05-04-18_34_54.522,61,2,0,0,-15.713,2.361,1.764
2012-05-04-18_34_54.523,61,3,0,0,-24.731,2.204,2.965
2012-05-04-18_34_54.523,61,3,0,0,-24.694,2.292,2.865
2012-05-04-18_34_54.524,61,3,0,0,-24.794,2.233,2.864
2012-05-04-18_34_54.525,61,4,0,0,-33.728,2.203,1.965
2012-05-04-18_34_54.526,61,4,0,0,-33.690,2.290,1.965
2012-05-04-18_34_54.526,61,4,0,0,-33.791,2.232,1.864
2012-05-04-18_34_54.527,61,5,0,0,-42.734,2.204,2.165
2012-05-04-18_34_54.528,61,5,0,0,-42.683,2.166,2.164
2012-05-04-18_34_54.528,61,5,0,0,-42.776,2.191,2.164
2012-05-04-18_34_54.529,61,6,0,0,-51.773,2.142,1.565
2012-05-04-18_34_54.529,61,6,0,0,-51.736,2.230,1.465
2012-05-04-18_34_54.530,61,6,0,0,-51.836,2.171,1.464
2012-05-04-18_34_54.531,61,7,0,0,-60.668,2.206,2.365
2012-05-04-18_34_54.531,61,7,0,0,-60.731,2.235,2.464
2012-05-04-18_34_54.532,61,7,0,0,-60.672,2.280,2.464
2012-05-04-18_34_54.532,61,0,0,1,-2.192,2.209,2.265
2012-05-04-18_34_54.539,61,0,0,1,-2.167,2.305,2.265
2012-05-04-18_34_54.539,61,0,0,1,-2.260,2.231,2.265
2012-05-04-18_34_54.541,61,1,0,1,-11.207,2.208,2.565
2012-05-04-18_34_54.542,61,1,0,1,-11.341,2.273,2.565
2012-05-04-18_34_54.543,61,1,0,1,-11.229,2.286,2.565
2012-05-04-18_34_54.544,61,2,0,1,-20.157,2.279,1.965
2012-05-04-18_34_54.544,61,2,0,1,-20.225,2.301,1.865
2012-05-04-18_34_54.545,61,2,0,1,-20.232,2.302,3.765
2012-05-04-18_34_54.546,61,3,0,1,-29.179,2.197,2.565
2012-05-04-18_34_54.546,61,3,0,1,-29.153,2.293,2.765
2012-05-04-18_34_54.547,61,3,0,1,-29.247,2.219,2.565
2012-05-04-18_34_54.547,61,4,0,1,-38.175,2.195,2.365
2012-05-04-18_34_54.548,61,4,0,1,-38.150,2.291,2.365
2012-05-04-18_34_54.548,61,4,0,1,-38.243,2.217,2.365
2012-05-04-18_34_54.549,61,5,0,1,-47.194,2.205,1.365
2012-05-04-18_34_54.549,61,5,0,1,-47.274,2.227,1.465
2012-05-04-18_34_54.550,61,5,0,1,-47.247,2.203,1.365
2012-05-04-18_34_54.550,61,6,0,1,-56.221,2.135,2.365
2012-05-04-18_34_54.551,61,6,0,1,-56.195,2.230,2.365
2012-05-04-18_34_54.551,61,6,0,1,-56.289,2.156,2.365
2012-05-04-18_34_54.552,61,7,0,1,-65.183,2.220,1.465
2012-05-04-18_34_54.552,61,7,0,1,-65.191,2.221,12.665
2012-05-04-18_34_54.553,61,7,0,1,-65.171,2.316,1.465
2012-05-04-18_34_54.553,61,0,1,0,2.272,-2.283,1.478
2012-05-04-18_34_54.554,61,0,1,0,2.298,-2.189,1.478
2012-05-04-18_34_54.554,61,0,1,0,2.195,-2.259,1.478
2012-05-04-18_34_54.554,61,1,1,0,-6.748,-2.295,1.578
2012-05-04-18_34_54.555,61,1,1,0,-6.828,-2.268,1.578
2012-05-04-18_34_54.555,61,1,1,0,-6.769,-2.209,1.578
2012-05-04-18_34_54.556,61,2,1,0,-15.692,-2.213,1.378
2012-05-04-18_34_54.556,61,2,1,0,-15.770,-2.189,1.378
2012-05-04-18_34_54.557,61,2,1,0,-15.746,-2.198,1.378
2012-05-04-18_34_54.558,61,3,1,0,-24.714,-2.295,1.478
2012-05-04-18_34_54.558,61,3,1,0,-24.689,-2.201,1.478
2012-05-04-18_34_54.559,61,3,1,0,-24.792,-2.271,1.478
2012-05-04-18_34_54.559,61,4,1,0,-33.711,-2.297,0.678
2012-05-04-18_34_54.560,61,4,1,0,-33.686,-2.203,0.678
2012-05-04-18_34_54.560,61,4,1,0,-33.789,-2.273,0.578
2012-05-04-18_34_54.561,61,5,1,0,-42.730,-2.289,1.578
2012-05-04-18_34_54.561,61,5,1,0,-42.681,-2.336,1.578
2012-05-04-18_34_54.562,61,5,1,0,-42.776,-2.303,1.578
2012-05-04-18_34_54.562,61,6,1,0,-51.756,-2.357,1.078
2012-05-04-18_34_54.563,61,6,1,0,-51.731,-2.264,0.978
2012-05-04-18_34_54.563,61,6,1,0,-51.834,-2.333,1.078
2012-05-04-18_34_54.564,61,7,1,0,-60.651,-2.293,1.578
2012-05-04-18_34_54.564,61,7,1,0,-60.729,-2.270,1.578
2012-05-04-18_34_54.565,61,7,1,0,-60.672,-2.214,1.478
2012-05-04-18_34_54.565,61,0,1,1,-2.192,-2.289,1.788
2012-05-04-18_34_54.565,61,0,1,1,-2.164,-2.189,1.788
2012-05-04-18_34_54.566,61,0,1,1,-2.263,-2.272,1.788
2012-05-04-18_34_54.566,61,1,1,1,-11.203,-2.295,1.088
2012-05-04-18_34_54.567,61,1,1,1,-11.339,-2.220,1.488
2012-05-04-18_34_54.567,61,1,1,1,-11.227,-2.208,1.388
2012-05-04-18_34_54.568,61,2,1,1,-20.157,-2.219,1.188
2012-05-04-18_34_54.568,61,2,1,1,-20.228,-2.202,1.288
2012-05-04-18_34_54.569,61,2,1,1,-20.232,-2.200,1.188
2012-05-04-18_34_54.569,61,3,1,1,-29.179,-2.301,0.988
2012-05-04-18_34_54.570,61,3,1,1,-29.151,-2.201,0.988
2012-05-04-18_34_54.570,61,3,1,1,-29.250,-2.284,0.988
2012-05-04-18_34_54.571,61,4,1,1,-38.176,-2.303,0.588
2012-05-04-18_34_54.571,61,4,1,1,-38.148,-2.203,0.588
2012-05-04-18_34_54.572,61,4,1,1,-38.246,-2.286,0.588
2012-05-04-18_34_54.572,61,5,1,1,-47.192,-2.288,0.888
2012-05-04-18_34_54.581,61,5,1,1,-47.277,-2.270,0.888
2012-05-04-18_34_54.582,61,5,1,1,-47.248,-2.292,0.888
2012-05-04-18_34_54.583,61,6,1,1,-56.221,-2.364,0.888
2012-05-04-18_34_54.583,61,6,1,1,-56.193,-2.263,0.988
2012-05-04-18_34_54.584,61,6,1,1,-56.292,-2.346,0.888
2012-05-04-18_34_54.585,61,7,1,1,-65.186,-2.282,1.488
2012-05-04-18_34_54.585,61,7,1,1,-65.191,-2.281,1.388
2012-05-04-18_34_54.586,61,7,1,1,-65.173,-2.180,1.488
2012-05-04-18_34_54.602,61,0,2,0,2.260,-6.779,1.902
2012-05-04-18_34_54.603,61,0,2,0,2.295,-6.689,1.902
2012-05-04-18_34_54.604,61,0,2,0,2.197,-6.759,1.902
2012-05-04-18_34_54.605,61,1,2,0,-6.748,-6.793,1.702
2012-05-04-18_34_54.606,61,1,2,0,-6.829,-6.772,1.702
2012-05-04-18_34_54.606,61,1,2,0,-6.770,-6.706,1.702
2012-05-04-18_34_54.607,61,2,2,0,-15.705,-6.709,0.902
2012-05-04-18_34_54.608,61,2,2,0,-15.768,-6.689,1.002
2012-05-04-18_34_54.609,61,2,2,0,-15.712,-6.637,1.002
2012-05-04-18_34_54.610,61,3,2,0,-24.727,-6.792,1.402
2012-05-04-18_34_54.611,61,3,2,0,-24.692,-6.701,1.402
2012-05-04-18_34_54.612,61,3,2,0,-24.790,-6.771,1.402
2012-05-04-18_34_54.613,61,4,2,0,-33.724,-6.793,0.802
2012-05-04-18_34_54.613,61,4,2,0,-33.689,-6.703,0.702
2012-05-04-18_34_54.614,61,4,2,0,-33.787,-6.773,0.702
2012-05-04-18_34_54.615,61,5,2,0,-42.733,-6.789,1.002
2012-05-04-18_34_54.616,61,5,2,0,-42.682,-6.840,1.002
2012-05-04-18_34_54.616,61,5,2,0,-42.774,-6.807,1.002
2012-05-04-18_34_54.617,61,6,2,0,-51.769,-6.854,1.102
2012-05-04-18_34_54.618,61,6,2,0,-51.734,-6.764,1.102
2012-05-04-18_34_54.619,61,6,2,0,-51.832,-6.834,1.102
2012-05-04-18_34_54.621,61,7,2,0,-60.664,-6.790,1.702
2012-05-04-18_34_54.622,61,7,2,0,-60.727,-6.770,1.702
2012-05-04-18_34_54.622,61,7,2,0,-60.671,-6.718,1.702
2012-05-04-18_34_54.623,61,0,2,1,-2.192,-6.787,1.810
2012-05-04-18_34_54.623,61,0,2,1,-2.167,-6.688,1.710
2012-05-04-18_34_54.624,61,0,2,1,-2.266,-6.769,1.810
2012-05-04-18_34_54.625,61,1,2,1,-11.206,-6.792,1.610
2012-05-04-18_34_54.626,61,1,2,1,-11.342,-6.720,1.610
2012-05-04-18_34_54.628,61,1,2,1,-11.227,-6.705,1.610
2012-05-04-18_34_54.629,61,2,2,1,-20.157,-6.717,0.910
2012-05-04-18_34_54.629,61,2,2,1,-20.230,-6.699,0.910
2012-05-04-18_34_54.631,61,2,2,1,-20.235,-6.697,0.910
2012-05-04-18_34_54.632,61,3,2,1,-29.179,-6.799,1.010
2012-05-04-18_34_54.633,61,3,2,1,-29.154,-6.700,1.010
2012-05-04-18_34_54.634,61,3,2,1,-29.252,-6.781,1.110
2012-05-04-18_34_54.635,61,4,2,1,-38.176,-6.801,0.710
2012-05-04-18_34_54.635,61,4,2,1,-38.151,-6.702,0.710
2012-05-04-18_34_54.636,61,4,2,1,-38.249,-6.783,0.710
2012-05-04-18_34_54.637,61,5,2,1,-47.195,-6.788,1.010
2012-05-04-18_34_54.638,61,5,2,1,-47.277,-6.766,1.010
2012-05-04-18_34_54.639,61,5,2,1,-47.248,-6.792,1.010
2012-05-04-18_34_54.640,61,6,2,1,-56.221,-6.861,1.110
2012-05-04-18_34_54.640,61,6,2,1,-56.196,-6.763,1.110
2012-05-04-18_34_54.641,61,6,2,1,-56.295,-6.844,1.110
2012-05-04-18_34_54.642,61,7,2,1,-65.189,-6.780,1.610
2012-05-04-18_34_54.642,61,7,2,1,-65.194,-6.778,1.510
2012-05-04-18_34_54.644,61,7,2,1,-65.174,-6.677,1.510
2012-05-04-18_34_54.644,61,0,3,0,2.269,-11.278,2.020
2012-05-04-18_34_54.645,61,0,3,0,2.294,-11.190,1.920
2012-05-04-18_34_54.646,61,0,3,0,2.194,-11.255,1.920
2012-05-04-18_34_54.647,61,1,3,0,-6.746,-11.289,1.820
2012-05-04-18_34_54.647,61,1,3,0,-6.829,-11.270,1.820
2012-05-04-18_34_54.648,61,1,3,0,-6.765,-11.204,1.820
2012-05-04-18_34_54.649,61,2,3,0,-15.696,-11.208,1.120
2012-05-04-18_34_54.651,61,2,3,0,-15.771,-11.185,1.120
2012-05-04-18_34_54.652,61,2,3,0,-15.715,-11.139,1.120
2012-05-04-18_34_54.653,61,3,3,0,-24.718,-11.290,1.420
2012-05-04-18_34_54.653,61,3,3,0,-24.693,-11.202,1.420
2012-05-04-18_34_54.654,61,3,3,0,-24.793,-11.267,1.420
2012-05-04-18_34_54.655,61,4,3,0,-33.714,-11.292,0.820
2012-05-04-18_34_54.656,61,4,3,0,-33.689,-11.204,0.820
2012-05-04-18_34_54.656,61,4,3,0,-33.790,-11.269,0.820
2012-05-04-18_34_54.657,61,5,3,0,-42.733,-11.290,1.020
2012-05-04-18_34_54.658,61,5,3,0,-42.682,-11.338,1.120
2012-05-04-18_34_54.658,61,5,3,0,-42.777,-11.309,1.120
2012-05-04-18_34_54.659,61,6,3,0,-51.760,-11.353,1.120
2012-05-04-18_34_54.660,61,6,3,0,-51.735,-11.264,1.220
2012-05-04-18_34_54.661,61,6,3,0,-51.835,-11.330,1.120
2012-05-04-18_34_54.661,61,7,3,0,-60.654,-11.289,1.720
2012-05-04-18_34_54.662,61,7,3,0,-60.730,-11.266,1.720
2012-05-04-18_34_54.663,61,7,3,0,-60.673,-11.220,1.820
2012-05-04-18_34_54.664,61,0,3,1,-2.190,-11.288,1.828
2012-05-04-18_34_54.664,61,0,3,1,-2.165,-11.190,1.827
2012-05-04-18_34_54.665,61,0,3,1,-2.266,-11.266,1.827
2012-05-04-18_34_54.665,61,1,3,1,-11.206,-11.289,1.628
2012-05-04-18_34_54.666,61,1,3,1,-11.340,-11.222,1.727
2012-05-04-18_34_54.667,61,1,3,1,-11.227,-11.204,1.727
2012-05-04-18_34_54.668,61,2,3,1,-20.155,-11.218,1.028
2012-05-04-18_34_54.670,61,2,3,1,-20.231,-11.196,1.027
2012-05-04-18_34_54.671,61,2,3,1,-20.238,-11.194,1.027
2012-05-04-18_34_54.671,61,3,3,1,-29.177,-11.300,1.128
2012-05-04-18_34_54.672,61,3,3,1,-29.152,-11.203,1.127
2012-05-04-18_34_54.673,61,3,3,1,-29.253,-11.278,1.127
2012-05-04-18_34_54.674,61,4,3,1,-38.174,-11.302,0.828
2012-05-04-18_34_54.674,61,4,3,1,-38.149,-11.204,0.727
2012-05-04-18_34_54.675,61,4,3,1,-38.249,-11.280,0.727
2012-05-04-18_34_54.676,61,5,3,1,-47.193,-11.290,1.027
2012-05-04-18_34_54.677,61,5,3,1,-47.280,-11.265,1.127
2012-05-04-18_34_54.678,61,5,3,1,-47.249,-11.293,1.127
2012-05-04-18_34_54.678,61,6,3,1,-56.219,-11.363,1.228
2012-05-04-18_34_54.680,61,6,3,1,-56.194,-11.265,1.227
2012-05-04-18_34_54.680,61,6,3,1,-56.295,-11.341,1.227
2012-05-04-18_34_54.681,61,7,3,1,-65.190,-11.277,1.727
2012-05-04-18_34_54.683,61,7,3,1,-65.197,-11.274,1.727
2012-05-04-18_34_54.684,61,7,3,1,-65.177,-11.176,1.727
2012-05-04-18_34_54.685,61,0,4,0,2.269,-15.781,2.039
2012-05-04-18_34_54.685,61,0,4,0,2.294,-15.696,1.939
2012-05-04-18_34_54.686,61,0,4,0,2.193,-15.754,2.039
2012-05-04-18_34_54.687,61,1,4,0,-6.739,-15.790,1.839
2012-05-04-18_34_54.688,61,1,4,0,-6.827,-15.769,1.839
2012-05-04-18_34_54.690,61,1,4,0,-6.763,-15.711,1.839
2012-05-04-18_34_54.691,61,2,4,0,-15.696,-15.711,1.139
2012-05-04-18_34_54.691,61,2,4,0,-15.772,-15.684,1.139
2012-05-04-18_34_54.692,61,2,4,0,-15.718,-15.641,1.139
2012-05-04-18_34_54.693,61,3,4,0,-24.718,-15.793,1.539
2012-05-04-18_34_54.693,61,3,4,0,-24.693,-15.708,1.539
2012-05-04-18_34_54.694,61,3,4,0,-24.794,-15.766,1.539
2012-05-04-18_34_54.694,61,4,4,0,-33.715,-15.795,0.839
2012-05-04-18_34_54.695,61,4,4,0,-33.690,-15.710,0.839
2012-05-04-18_34_54.696,61,4,4,0,-33.790,-15.768,0.839
2012-05-04-18_34_54.697,61,5,4,0,-42.733,-15.796,1.139
2012-05-04-18_34_54.698,61,5,4,0,-42.680,-15.837,1.139
2012-05-04-18_34_54.700,61,5,4,0,-42.780,-15.811,1.139
2012-05-04-18_34_54.700,61,6,4,0,-51.760,-15.856,1.239
2012-05-04-18_34_54.701,61,6,4,0,-51.735,-15.771,1.239
2012-05-04-18_34_54.702,61,6,4,0,-51.836,-15.828,1.139
2012-05-04-18_34_54.704,61,7,4,0,-60.655,-15.792,1.839
2012-05-04-18_34_54.705,61,7,4,0,-60.730,-15.764,1.839
2012-05-04-18_34_54.706,61,7,4,0,-60.676,-15.722,1.839
2012-05-04-18_34_54.706,61,0,4,1,-2.188,-15.793,1.950
2012-05-04-18_34_54.707,61,0,4,1,-2.163,-15.696,1.950
2012-05-04-18_34_54.708,61,0,4,1,-2.266,-15.766,1.950
2012-05-04-18_34_54.709,61,1,4,1,-11.209,-15.790,1.750
2012-05-04-18_34_54.709,61,1,4,1,-11.338,-15.728,1.750
2012-05-04-18_34_54.710,61,1,4,1,-11.228,-15.710,1.750
2012-05-04-18_34_54.711,61,2,4,1,-20.153,-15.723,1.150
2012-05-04-18_34_54.712,61,2,4,1,-20.231,-15.696,1.150
2012-05-04-18_34_54.713,61,2,4,1,-20.239,-15.696,1.150
2012-05-04-18_34_54.713,61,3,4,1,-29.175,-15.805,1.150
2012-05-04-18_34_54.714,61,3,4,1,-29.150,-15.708,1.150
2012-05-04-18_34_54.715,61,3,4,1,-29.253,-15.779,1.150
2012-05-04-18_34_54.715,61,4,4,1,-38.172,-15.807,0.850
2012-05-04-18_34_54.717,61,4,4,1,-38.147,-15.710,0.750
2012-05-04-18_34_54.719,61,4,4,1,-38.250,-15.780,0.850
2012-05-04-18_34_54.720,61,5,4,1,-47.191,-15.796,1.150
2012-05-04-18_34_54.721,61,5,4,1,-47.278,-15.770,1.150
2012-05-04-18_34_54.722,61,5,4,1,-47.249,-15.799,1.150
2012-05-04-18_34_54.722,61,6,4,1,-56.192,-15.771,1.250
2012-05-04-18_34_54.723,61,6,4,1,-56.295,-15.841,1.250
2012-05-04-18_34_54.724,61,6,4,1,-56.303,-15.841,1.250
2012-05-04-18_34_54.725,61,7,4,1,-65.190,-15.777,1.850
2012-05-04-18_34_54.726,61,7,4,1,-65.197,-15.777,1.850
2012-05-04-18_34_54.726,61,7,4,1,-65.175,-15.681,1.850
2012-05-04-18_34_54.727,61,0,5,0,2.266,-20.283,2.064
2012-05-04-18_34_54.728,61,0,5,0,2.296,-20.197,2.064
2012-05-04-18_34_54.729,61,0,5,0,2.190,-20.254,2.064
2012-05-04-18_34_54.730,61,1,5,0,-6.742,-20.294,1.864
2012-05-04-18_34_54.730,61,1,5,0,-6.823,-20.268,1.864
2012-05-04-18_34_54.731,61,1,5,0,-6.761,-20.215,1.864
2012-05-04-18_34_54.732,61,2,5,0,-15.699,-20.213,1.164
2012-05-04-18_34_54.732,61,2,5,0,-15.774,-20.184,1.064
2012-05-04-18_34_54.733,61,2,5,0,-15.718,-20.140,1.064
2012-05-04-18_34_54.734,61,3,5,0,-24.721,-20.295,1.564
2012-05-04-18_34_54.735,61,3,5,0,-24.691,-20.209,1.564
2012-05-04-18_34_54.735,61,3,5,0,-24.796,-20.266,1.564
2012-05-04-18_34_54.736,61,4,5,0,-33.718,-20.297,0.864
2012-05-04-18_34_54.737,61,4,5,0,-33.688,-20.211,0.864
2012-05-04-18_34_54.738,61,4,5,0,-33.793,-20.268,0.864
2012-05-04-18_34_54.738,61,5,5,0,-42.731,-20.297,1.164
2012-05-04-18_34_54.739,61,5,5,0,-42.676,-20.336,1.164
2012-05-04-18_34_54.741,61,5,5,0,-42.780,-20.310,1.164
2012-05-04-18_34_54.741,61,6,5,0,-51.763,-20.357,1.164
2012-05-04-18_34_54.742,61,6,5,0,-51.733,-20.271,1.164
2012-05-04-18_34_54.743,61,6,5,0,-51.839,-20.328,1.164
2012-05-04-18_34_54.744,61,7,5,0,-60.658,-20.294,1.764
2012-05-04-18_34_54.745,61,7,5,0,-60.733,-20.265,1.864
2012-05-04-18_34_54.746,61,7,5,0,-60.677,-20.221,1.764
2012-05-04-18_34_54.746,61,0,5,1,-2.186,-20.291,1.972
2012-05-04-18_34_54.747,61,0,5,1,-2.159,-20.196,1.872
2012-05-04-18_34_54.748,61,0,5,1,-2.262,-20.268,1.972
2012-05-04-18_34_54.749,61,1,5,1,-11.209,-20.294,1.772
2012-05-04-18_34_54.749,61,1,5,1,-11.333,-20.228,1.772
2012-05-04-18_34_54.750,61,1,5,1,-11.231,-20.215,1.872
2012-05-04-18_34_54.751,61,2,5,1,-20.151,-20.221,1.172
2012-05-04-18_34_54.752,61,2,5,1,-20.227,-20.198,1.172
2012-05-04-18_34_54.753,61,2,5,1,-20.234,-20.198,1.172
2012-05-04-18_34_54.754,61,3,5,1,-29.173,-20.303,1.172
2012-05-04-18_34_54.754,61,3,5,1,-29.146,-20.208,1.172
2012-05-04-18_34_54.755,61,3,5,1,-29.249,-20.280,1.272
2012-05-04-18_34_54.757,61,4,5,1,-38.170,-20.305,0.872
2012-05-04-18_34_54.758,61,4,5,1,-38.142,-20.210,0.872
2012-05-04-18_34_54.759,61,4,5,1,-38.245,-20.282,0.872
2012-05-04-18_34_54.761,61,5,5,1,-47.186,-20.296,1.172
2012-05-04-18_34_54.761,61,5,5,1,-47.279,-20.274,1.072
2012-05-04-18_34_54.762,61,5,5,1,-47.247,-20.298,1.172
2012-05-04-18_34_54.763,61,6,5,1,-56.188,-20.271,1.272
2012-05-04-18_34_54.763,61,6,5,1,-56.291,-20.343,1.372
2012-05-04-18_34_54.764,61,6,5,1,-56.298,-20.342,1.272
2012-05-04-18_34_54.764,61,7,5,1,-65.186,-20.279,1.772
2012-05-04-18_34_54.765,61,7,5,1,-65.193,-20.279,1.772
2012-05-04-18_34_54.766,61,7,5,1,-65.175,-20.185,1.772
2012-05-04-18_34_54.766,61,0,6,0,2.270,-24.783,1.881
2012-05-04-18_34_54.767,61,0,6,0,2.300,-24.690,1.981
2012-05-04-18_34_54.768,61,0,6,0,2.188,-24.758,1.981
2012-05-04-18_34_54.768,61,1,6,0,-6.740,-24.796,1.681
2012-05-04-18_34_54.769,61,1,6,0,-6.821,-24.769,1.681
2012-05-04-18_34_54.770,61,1,6,0,-6.762,-24.710,1.681
2012-05-04-18_34_54.770,61,2,6,0,-15.695,-24.713,1.081
2012-05-04-18_34_54.771,61,2,6,0,-15.777,-24.688,1.081
2012-05-04-18_34_54.772,61,2,6,0,-15.718,-24.634,1.081
2012-05-04-18_34_54.773,61,3,6,0,-24.717,-24.795,1.481
2012-05-04-18_34_54.773,61,3,6,0,-24.687,-24.702,1.481
2012-05-04-18_34_54.774,61,3,6,0,-24.799,-24.770,1.481
2012-05-04-18_34_54.775,61,4,6,0,-33.713,-24.797,0.981
2012-05-04-18_34_54.776,61,4,6,0,-33.683,-24.704,0.881
2012-05-04-18_34_54.776,61,4,6,0,-33.796,-24.772,0.881
2012-05-04-18_34_54.777,61,5,6,0,-42.727,-24.790,1.381
2012-05-04-18_34_54.777,61,5,6,0,-42.674,-24.837,1.281
2012-05-04-18_34_54.778,61,5,6,0,-42.781,-24.804,1.381
2012-05-04-18_34_54.779,61,6,6,0,-51.759,-24.858,1.281
2012-05-04-18_34_54.779,61,6,6,0,-51.729,-24.765,1.281
2012-05-04-18_34_54.780,61,6,6,0,-51.675,-24.812,1.381
2012-05-04-18_34_54.780,61,7,6,0,-60.653,-24.794,2.081
2012-05-04-18_34_54.781,61,7,6,0,-60.736,-24.769,2.181
2012-05-04-18_34_54.782,61,7,6,0,-60.677,-24.715,2.081
2012-05-04-18_34_54.783,61,0,6,1,-2.187,-24.789,1.890
2012-05-04-18_34_54.783,61,0,6,1,-2.159,-24.689,1.890
2012-05-04-18_34_54.784,61,0,6,1,-2.260,-24.771,1.990
2012-05-04-18_34_54.785,61,1,6,1,-11.212,-24.795,1.690
2012-05-04-18_34_54.786,61,1,6,1,-11.334,-24.721,1.690
2012-05-04-18_34_54.787,61,1,6,1,-11.231,-24.709,1.690
2012-05-04-18_34_54.787,61,2,6,1,-20.152,-24.719,1.090
2012-05-04-18_34_54.788,61,2,6,1,-20.225,-24.701,1.090
2012-05-04-18_34_54.790,61,2,6,1,-20.235,-24.700,1.090
2012-05-04-18_34_54.791,61,3,6,1,-29.174,-24.801,1.190
2012-05-04-18_34_54.792,61,3,6,1,-29.146,-24.701,1.290
2012-05-04-18_34_54.792,61,3,6,1,-29.247,-24.783,1.290
2012-05-04-18_34_54.793,61,4,6,1,-38.170,-24.803,0.890
2012-05-04-18_34_54.794,61,4,6,1,-38.143,-24.703,0.890
2012-05-04-18_34_54.795,61,4,6,1,-38.243,-24.785,0.890
2012-05-04-18_34_54.796,61,5,6,1,-47.187,-24.789,1.390
2012-05-04-18_34_54.797,61,5,6,1,-47.274,-24.770,1.390
2012-05-04-18_34_54.798,61,5,6,1,-47.243,-24.791,1.390
2012-05-04-18_34_54.800,61,6,6,1,-56.216,-24.864,1.390
2012-05-04-18_34_54.801,61,6,6,1,-56.188,-24.764,1.390
2012-05-04-18_34_54.802,61,6,6,1,-56.289,-24.845,1.290
2012-05-04-18_34_54.802,61,7,6,1,-65.184,-24.782,1.990
2012-05-04-18_34_54.803,61,7,6,1,-65.193,-24.781,1.990
2012-05-04-18_34_54.804,61,7,6,1,-65.171,-24.680,1.990
2012-05-04-18_34_54.805,61,0,7,0,2.272,-29.280,2.001
2012-05-04-18_34_54.806,61,0,7,0,2.300,-29.189,2.001
2012-05-04-18_34_54.808,61,0,7,0,2.190,-29.259,2.001
2012-05-04-18_34_54.809,61,1,7,0,-6.743,-29.292,1.701
2012-05-04-18_34_54.809,61,1,7,0,-6.819,-29.272,1.701
2012-05-04-18_34_54.810,61,1,7,0,-6.762,-29.206,1.701
2012-05-04-18_34_54.811,61,2,7,0,-15.692,-29.210,1.101
2012-05-04-18_34_54.812,61,2,7,0,-15.775,-29.189,1.101
2012-05-04-18_34_54.812,61,2,7,0,-15.716,-29.137,1.101
2012-05-04-18_34_54.813,61,3,7,0,-24.715,-29.292,1.501
2012-05-04-18_34_54.814,61,3,7,0,-24.687,-29.201,1.501
2012-05-04-18_34_54.815,61,3,7,0,-24.797,-29.271,1.401
2012-05-04-18_34_54.816,61,4,7,0,-33.711,-29.294,1.001
2012-05-04-18_34_54.818,61,4,7,0,-33.684,-29.203,1.001
2012-05-04-18_34_54.819,61,4,7,0,-33.794,-29.273,1.001
2012-05-04-18_34_54.819,61,5,7,0,-42.727,-29.289,1.401
2012-05-04-18_34_54.820,61,5,7,0,-42.672,-29.340,1.401
2012-05-04-18_34_54.820,61,5,7,0,-42.779,-29.307,1.301
2012-05-04-18_34_54.821,61,6,7,0,-51.757,-29.355,1.301
2012-05-04-18_34_54.822,61,6,7,0,-51.729,-29.263,1.401
2012-05-04-18_34_54.823,61,6,7,0,-51.673,-29.315,1.301
2012-05-04-18_34_54.823,61,7,7,0,-60.651,-29.291,2.101
2012-05-04-18_34_54.824,61,7,7,0,-60.734,-29.269,2.201
2012-05-04-18_34_54.825,61,7,7,0,-60.675,-29.218,2.201
2012-05-04-18_34_54.826,61,0,7,1,-2.187,-29.286,2.013
2012-05-04-18_34_54.827,61,0,7,1,-2.162,-29.188,1.913
2012-05-04-18_34_54.828,61,0,7,1,-2.263,-29.269,1.913
2012-05-04-18_34_54.829,61,1,7,1,-11.213,-29.292,1.613
2012-05-04-18_34_54.829,61,1,7,1,-11.337,-29.220,1.713
2012-05-04-18_34_54.830,61,1,7,1,-11.234,-29.205,1.713
2012-05-04-18_34_54.831,61,2,7,1,-20.152,-29.216,1.113
2012-05-04-18_34_54.832,61,2,7,1,-20.228,-29.199,1.113
2012-05-04-18_34_54.833,61,2,7,1,-20.233,-29.196,1.113
2012-05-04-18_34_54.833,61,3,7,1,-29.174,-29.298,1.213
2012-05-04-18_34_54.834,61,3,7,1,-29.149,-29.200,1.313
2012-05-04-18_34_54.835,61,3,7,1,-29.250,-29.281,1.213
2012-05-04-18_34_54.836,61,4,7,1,-38.171,-29.300,0.913
2012-05-04-18_34_54.838,61,4,7,1,-38.146,-29.202,0.913
2012-05-04-18_34_54.838,61,4,7,1,-38.246,-29.283,0.913
2012-05-04-18_34_54.839,61,5,7,1,-47.189,-29.288,1.513
2012-05-04-18_34_54.839,61,5,7,1,-47.275,-29.266,1.513
2012-05-04-18_34_54.840,61,5,7,1,-47.243,-29.293,1.513
2012-05-04-18_34_54.841,61,6,7,1,-56.216,-29.360,1.313
2012-05-04-18_34_54.841,61,6,7,1,-56.191,-29.262,1.413
2012-05-04-18_34_54.842,61,6,7,1,-56.292,-29.344,1.313
2012-05-04-18_34_54.843,61,7,7,1,-65.186,-29.280,2.013
2012-05-04-18_34_54.844,61,7,7,1,-65.191,-29.277,2.013
2012-05-04-18_34_54.845,61,7,7,1,-65.171,-29.177,2.213
2012-05-04-18_34_54.846,61,0,8,0,2.274,-33.778,1.927
2012-05-04-18_34_54.847,61,0,8,0,2.304,-33.688,1.927
2012-05-04-18_34_54.847,61,0,8,0,2.189,-33.755,1.927
2012-05-04-18_34_54.848,61,1,8,0,-6.746,-33.788,1.727
2012-05-04-18_34_54.849,61,1,8,0,-6.819,-33.768,1.727
2012-05-04-18_34_54.850,61,1,8,0,-6.765,-33.703,1.727
2012-05-04-18_34_54.851,61,2,8,0,-15.690,-33.708,1.127
2012-05-04-18_34_54.851,61,2,8,0,-15.776,-33.685,1.127
2012-05-04-18_34_54.852,61,2,8,0,-15.709,-33.638,1.127
2012-05-04-18_34_54.853,61,3,8,0,-24.712,-33.790,1.427
2012-05-04-18_34_54.854,61,3,8,0,-24.683,-33.700,1.527
2012-05-04-18_34_54.855,61,3,8,0,-24.798,-33.767,1.527
2012-05-04-18_34_54.855,61,4,8,0,-33.709,-33.792,1.027
2012-05-04-18_34_54.856,61,4,8,0,-33.679,-33.702,1.027
2012-05-04-18_34_54.857,61,4,8,0,-33.794,-33.769,1.027
2012-05-04-18_34_54.858,61,5,8,0,-42.723,-33.788,1.427
2012-05-04-18_34_54.859,61,5,8,0,-42.672,-33.836,1.327
2012-05-04-18_34_54.861,61,5,8,0,-42.772,-33.808,1.327
2012-05-04-18_34_54.862,61,6,8,0,-51.755,-33.853,1.327
2012-05-04-18_34_54.862,61,6,8,0,-51.725,-33.763,1.327
2012-05-04-18_34_54.863,61,6,8,0,-51.674,-33.811,1.427
2012-05-04-18_34_54.864,61,7,8,0,-60.649,-33.789,2.127
2012-05-04-18_34_54.865,61,7,8,0,-60.734,-33.766,2.227
2012-05-04-18_34_54.866,61,7,8,0,-60.668,-33.719,2.227
2012-05-04-18_34_54.866,61,0,8,1,-2.190,-33.787,2.036
2012-05-04-18_34_54.867,61,0,8,1,-2.165,-33.687,1.935
2012-05-04-18_34_54.868,61,0,8,1,-2.261,-33.766,2.035
2012-05-04-18_34_54.869,61,1,8,1,-11.213,-33.787,1.736
2012-05-04-18_34_54.870,61,1,8,1,-11.339,-33.719,1.735
2012-05-04-18_34_54.871,61,1,8,1,-11.237,-33.702,1.735
2012-05-04-18_34_54.871,61,2,8,1,-20.155,-33.716,1.136
2012-05-04-18_34_54.872,61,2,8,1,-20.226,-33.696,1.135
2012-05-04-18_34_54.873,61,2,8,1,-20.233,-33.693,1.135
2012-05-04-18_34_54.874,61,3,8,1,-29.177,-33.799,1.136
2012-05-04-18_34_54.875,61,3,8,1,-29.152,-33.699,1.135
2012-05-04-18_34_54.876,61,3,8,1,-29.248,-33.778,1.135
2012-05-04-18_34_54.876,61,4,8,1,-38.174,-33.801,1.036
2012-05-04-18_34_54.877,61,4,8,1,-38.148,-33.701,0.935
2012-05-04-18_34_54.878,61,4,8,1,-38.244,-33.780,0.935
2012-05-04-18_34_54.879,61,5,8,1,-47.192,-33.787,1.435
2012-05-04-18_34_54.879,61,5,8,1,-47.273,-33.763,1.435
2012-05-04-18_34_54.880,61,5,8,1,-47.244,-33.793,1.535
2012-05-04-18_34_54.881,61,6,8,1,-56.219,-33.861,1.336
2012-05-04-18_34_54.882,61,6,8,1,-56.194,-33.762,1.335
2012-05-04-18_34_54.883,61,6,8,1,-56.290,-33.841,1.435
2012-05-04-18_34_54.883,61,7,8,1,-65.184,-33.777,2.235
2012-05-04-18_34_54.884,61,7,8,1,-65.192,-33.774,2.235
2012-05-04-18_34_54.886,61,7,8,1,-65.169,-33.674,2.235
2012-05-04-18_34_54.887,61,0,9,0,2.276,-38.282,2.045
2012-05-04-18_34_54.888,61,0,9,0,2.304,-38.195,1.945
2012-05-04-18_34_54.888,61,0,9,0,2.194,-38.254,1.945
2012-05-04-18_34_54.890,61,1,9,0,-6.746,-38.289,1.845
2012-05-04-18_34_54.890,61,1,9,0,-6.820,-38.268,1.845
2012-05-04-18_34_54.891,61,1,9,0,-6.765,-38.211,1.845
2012-05-04-18_34_54.892,61,2,9,0,-15.688,-38.212,1.245
2012-05-04-18_34_54.893,61,2,9,0,-15.771,-38.184,1.145
2012-05-04-18_34_54.893,61,2,9,0,-15.710,-38.141,1.145
2012-05-04-18_34_54.894,61,3,9,0,-24.711,-38.294,1.645
2012-05-04-18_34_54.895,61,3,9,0,-24.683,-38.208,1.545
2012-05-04-18_34_54.896,61,3,9,0,-24.793,-38.266,1.545
2012-05-04-18_34_54.898,61,4,9,0,-33.707,-38.296,1.045
2012-05-04-18_34_54.898,61,4,9,0,-33.680,-38.209,0.945
2012-05-04-18_34_54.900,61,4,9,0,-33.790,-38.268,0.945
2012-05-04-18_34_54.901,61,5,9,0,-42.723,-38.295,1.445
2012-05-04-18_34_54.902,61,5,9,0,-42.672,-38.336,1.345
2012-05-04-18_34_54.902,61,5,9,0,-42.772,-38.311,1.345
2012-05-04-18_34_54.903,61,6,9,0,-51.753,-38.357,1.345
2012-05-04-18_34_54.904,61,6,9,0,-51.725,-38.270,1.345
2012-05-04-18_34_54.905,61,6,9,0,-51.835,-38.329,1.245
2012-05-04-18_34_54.905,61,7,9,0,-60.647,-38.293,2.145
2012-05-04-18_34_54.906,61,7,9,0,-60.730,-38.265,2.145
2012-05-04-18_34_54.907,61,7,9,0,-60.669,-38.222,2.145
2012-05-04-18_34_54.908,61,0,9,1,-2.188,-38.293,1.954
2012-05-04-18_34_54.908,61,0,9,1,-2.168,-38.194,1.954
2012-05-04-18_34_54.909,61,0,9,1,-2.261,-38.267,1.954
2012-05-04-18_34_54.910,61,1,9,1,-11.213,-38.289,1.754
2012-05-04-18_34_54.911,61,1,9,1,-11.342,-38.226,1.754
2012-05-04-18_34_54.911,61,1,9,1,-11.235,-38.209,1.854
2012-05-04-18_34_54.914,61,2,9,1,-20.153,-38.223,1.254
2012-05-04-18_34_54.914,61,2,9,1,-20.226,-38.197,1.254
2012-05-04-18_34_54.915,61,2,9,1,-20.233,-38.195,1.254
2012-05-04-18_34_54.915,61,3,9,1,-29.175,-38.305,1.354
2012-05-04-18_34_54.916,61,3,9,1,-29.155,-38.207,1.354
2012-05-04-18_34_54.917,61,3,9,1,-29.248,-38.279,1.354
2012-05-04-18_34_54.918,61,4,9,1,-38.172,-38.307,1.054
2012-05-04-18_34_54.918,61,4,9,1,-38.151,-38.208,0.954
2012-05-04-18_34_54.919,61,4,9,1,-38.245,-38.281,0.954
2012-05-04-18_34_54.920,61,5,9,1,-47.195,-38.294,1.554
2012-05-04-18_34_54.921,61,5,9,1,-47.276,-38.269,1.554
2012-05-04-18_34_54.922,61,5,9,1,-47.246,-38.300,1.554
2012-05-04-18_34_54.923,61,6,9,1,-56.197,-38.269,1.454
2012-05-04-18_34_54.924,61,6,9,1,-56.290,-38.342,1.454
2012-05-04-18_34_54.925,61,6,9,1,-56.297,-38.340,1.454
2012-05-04-18_34_54.925,61,7,9,1,-65.185,-38.278,2.154
2012-05-04-18_34_54.926,61,7,9,1,-65.192,-38.276,2.254
2012-05-04-18_34_54.926,61,7,9,1,-65.172,-38.180,2.254
2012-05-04-18_34_54.927,61,0,10,0,2.276,-42.783,1.966
2012-05-04-18_34_54.928,61,0,10,0,2.303,-42.696,1.966
2012-05-04-18_34_54.930,61,0,10,0,2.193,-42.755,1.966
2012-05-04-18_34_54.931,61,1,10,0,-6.749,-42.793,1.766
2012-05-04-18_34_54.931,61,1,10,0,-6.822,-42.767,1.766
2012-05-04-18_34_54.932,61,1,10,0,-6.768,-42.715,1.766
2012-05-04-18_34_54.932,61,2,10,0,-15.689,-42.713,1.166
2012-05-04-18_34_54.933,61,2,10,0,-15.772,-42.685,1.266
2012-05-04-18_34_54.934,61,2,10,0,-15.708,-42.639,1.266
2012-05-04-18_34_54.934,61,3,10,0,-24.711,-42.795,1.566
2012-05-04-18_34_54.935,61,3,10,0,-24.683,-42.708,1.566
2012-05-04-18_34_54.936,61,3,10,0,-24.794,-42.767,1.566
2012-05-04-18_34_54.937,61,4,10,0,-33.707,-42.797,0.966
2012-05-04-18_34_54.937,61,4,10,0,-33.680,-42.710,0.966
2012-05-04-18_34_54.938,61,4,10,0,-33.790,-42.769,0.966
2012-05-04-18_34_54.939,61,5,10,0,-42.724,-42.795,1.366
2012-05-04-18_34_54.940,61,5,10,0,-42.675,-42.835,1.366
2012-05-04-18_34_54.941,61,5,10,0,-42.770,-42.809,1.366
2012-05-04-18_34_54.942,61,6,10,0,-51.753,-42.858,1.266
2012-05-04-18_34_54.942,61,6,10,0,-51.725,-42.770,1.366
2012-05-04-18_34_54.943,61,6,10,0,-51.836,-42.830,1.266
2012-05-04-18_34_54.944,61,7,10,0,-60.648,-42.794,2.166
2012-05-04-18_34_54.945,61,7,10,0,-60.730,-42.766,2.166
2012-05-04-18_34_54.946,61,7,10,0,-60.667,-42.720,2.166
2012-05-04-18_34_54.946,61,0,10,1,-2.191,-42.791,1.978
2012-05-04-18_34_54.947,61,0,10,1,-2.168,-42.695,1.978
2012-05-04-18_34_54.948,61,0,10,1,-2.264,-42.769,1.978
2012-05-04-18_34_54.949,61,1,10,1,-11.214,-42.793,1.878
2012-05-04-18_34_54.949,61,1,10,1,-11.343,-42.727,1.878
2012-05-04-18_34_54.950,61,1,10,1,-11.235,-42.714,1.877
2012-05-04-18_34_54.951,61,2,10,1,-20.156,-42.721,1.278
2012-05-04-18_34_54.952,61,2,10,1,-20.229,-42.699,1.278
2012-05-04-18_34_54.953,61,2,10,1,-20.234,-42.698,1.278
2012-05-04-18_34_54.954,61,3,10,1,-29.178,-42.803,1.278
2012-05-04-18_34_54.954,61,3,10,1,-29.155,-42.707,1.278
2012-05-04-18_34_54.955,61,3,10,1,-29.251,-42.781,1.378
2012-05-04-18_34_54.956,61,4,10,1,-38.174,-42.805,1.078
2012-05-04-18_34_54.957,61,4,10,1,-38.152,-42.709,0.978
2012-05-04-18_34_54.958,61,4,10,1,-38.248,-42.783,0.978
2012-05-04-18_34_54.958,61,5,10,1,-47.196,-42.795,1.578
2012-05-04-18_34_54.959,61,5,10,1,-47.276,-42.773,1.577
2012-05-04-18_34_54.960,61,5,10,1,-47.249,-42.798,1.577
2012-05-04-18_34_54.961,61,6,10,1,-56.220,-42.866,1.478
2012-05-04-18_34_54.961,61,6,10,1,-56.197,-42.770,1.478
2012-05-04-18_34_54.962,61,6,10,1,-56.293,-42.844,1.378
2012-05-04-18_34_54.966,61,7,10,1,-65.188,-42.780,2.278
2012-05-04-18_34_54.966,61,7,10,1,-65.193,-42.779,2.178
2012-05-04-18_34_54.967,61,7,10,1,-65.172,-42.684,2.277
2012-05-04-18_34_54.968,61,0,11,0,2.278,-47.283,2.090
2012-05-04-18_34_54.968,61,0,11,0,2.303,-47.190,1.990
2012-05-04-18_34_54.969,61,0,11,0,2.195,-47.258,2.090
2012-05-04-18_34_54.970,61,1,11,0,-6.750,-47.295,1.790
2012-05-04-18_34_54.972,61,1,11,0,-6.825,-47.269,1.790
2012-05-04-18_34_54.973,61,1,11,0,-6.771,-47.209,1.890
2012-05-04-18_34_54.974,61,2,11,0,-15.687,-47.213,1.290
2012-05-04-18_34_54.974,61,2,11,0,-15.770,-47.188,1.190
2012-05-04-18_34_54.975,61,2,11,0,-15.743,-47.198,1.190
2012-05-04-18_34_54.976,61,3,11,0,-24.709,-47.295,1.690
2012-05-04-18_34_54.977,61,3,11,0,-24.684,-47.202,1.690
2012-05-04-18_34_54.978,61,3,11,0,-24.792,-47.270,1.690
2012-05-04-18_34_54.978,61,4,11,0,-33.705,-47.297,1.090
2012-05-04-18_34_54.979,61,4,11,0,-33.680,-47.204,1.090
2012-05-04-18_34_54.980,61,4,11,0,-33.788,-47.272,0.990
2012-05-04-18_34_54.981,61,5,11,0,-42.724,-47.290,1.390
2012-05-04-18_34_54.981,61,5,11,0,-42.678,-47.337,1.390
2012-05-04-18_34_54.982,61,5,11,0,-42.771,-47.304,1.390
2012-05-04-18_34_54.983,61,6,11,0,-51.751,-47.358,1.290
2012-05-04-18_34_54.984,61,6,11,0,-51.726,-47.264,1.390
2012-05-04-18_34_54.985,61,6,11,0,-51.834,-47.333,1.290
2012-05-04-18_34_54.986,61,7,11,0,-60.646,-47.294,2.190
2012-05-04-18_34_54.986,61,7,11,0,-60.728,-47.269,2.190
2012-05-04-18_34_54.987,61,7,11,0,-60.667,-47.215,2.190
2012-05-04-18_34_54.988,61,0,11,1,-2.194,-47.289,1.999
2012-05-04-18_34_54.989,61,0,11,1,-2.171,-47.189,1.999
2012-05-04-18_34_54.989,61,0,11,1,-2.262,-47.270,1.999
2012-05-04-18_34_54.990,61,1,11,1,-11.214,-47.295,1.799
2012-05-04-18_34_54.991,61,1,11,1,-11.346,-47.221,1.799
2012-05-04-18_34_54.992,61,1,11,1,-11.236,-47.209,1.799
2012-05-04-18_34_54.993,61,2,11,1,-20.159,-47.219,1.299
2012-05-04-18_34_54.993,61,2,11,1,-20.227,-47.200,1.199
2012-05-04-18_34_54.994,61,2,11,1,-20.234,-47.199,1.299
2012-05-04-18_34_54.996,61,3,11,1,-29.181,-47.301,1.299
2012-05-04-18_34_54.997,61,3,11,1,-29.158,-47.201,1.499
2012-05-04-18_34_54.998,61,3,11,1,-29.249,-47.282,1.299
2012-05-04-18_34_54.999,61,4,11,1,-38.177,-47.303,1.099
2012-05-04-18_34_54.999,61,4,11,1,-38.155,-47.203,1.099
2012-05-04-18_34_55.000,61,4,11,1,-38.246,-47.284,0.999
2012-05-04-18_34_55.001,61,5,11,1,-47.198,-47.289,1.599
2012-05-04-18_34_55.002,61,5,11,1,-47.279,-47.269,1.499
2012-05-04-18_34_55.004,61,5,11,1,-47.247,-47.292,1.499
2012-05-04-18_34_55.005,61,6,11,1,-56.223,-47.364,1.499
2012-05-04-18_34_55.005,61,6,11,1,-56.200,-47.264,1.499
2012-05-04-18_34_55.006,61,6,11,1,-56.291,-47.345,1.499
2012-05-04-18_34_55.007,61,7,11,1,-65.186,-47.281,2.299
2012-05-04-18_34_55.008,61,7,11,1,-65.193,-47.280,2.299
2012-05-04-18_34_55.008,61,7,11,1,-65.175,-47.180,2.299
2012-05-04-18_34_55.009,61,0,12,0,2.268,-51.780,2.307
2012-05-04-18_34_55.010,61,0,12,0,2.303,-51.690,2.207
2012-05-04-18_34_55.011,61,0,12,0,2.197,-51.759,2.308
2012-05-04-18_34_55.011,61,1,12,0,-6.753,-51.794,1.907
2012-05-04-18_34_55.012,61,1,12,0,-6.828,-51.773,1.908
2012-05-04-18_34_55.013,61,1,12,0,-6.772,-51.707,1.908
2012-05-04-18_34_55.014,61,2,12,0,-15.697,-51.710,1.307
2012-05-04-18_34_55.014,61,2,12,0,-15.768,-51.689,1.308
2012-05-04-18_34_55.015,61,2,12,0,-15.709,-51.638,1.208
2012-05-04-18_34_55.016,61,3,12,0,-24.719,-51.792,1.707
2012-05-04-18_34_55.017,61,3,12,0,-24.684,-51.702,1.707
2012-05-04-18_34_55.018,61,3,12,0,-24.790,-51.771,1.708
2012-05-04-18_34_55.020,61,4,12,0,-33.716,-51.794,1.107
2012-05-04-18_34_55.021,61,4,12,0,-33.681,-51.704,1.107
2012-05-04-18_34_55.022,61,4,12,0,-33.786,-51.773,1.108
2012-05-04-18_34_55.023,61,5,12,0,-42.725,-51.790,1.307
2012-05-04-18_34_55.023,61,5,12,0,-42.681,-51.841,1.308
2012-05-04-18_34_55.024,61,5,12,0,-42.771,-51.808,1.308
2012-05-04-18_34_55.025,61,6,12,0,-51.761,-51.855,1.407
2012-05-04-18_34_55.026,61,6,12,0,-51.726,-51.765,1.307
2012-05-04-18_34_55.027,61,6,12,0,-51.832,-51.834,1.308
2012-05-04-18_34_55.028,61,7,12,0,-60.656,-51.791,2.107
2012-05-04-18_34_55.029,61,7,12,0,-60.726,-51.770,2.108
2012-05-04-18_34_55.030,61,7,12,0,-60.667,-51.719,2.108
2012-05-04-18_34_55.031,61,0,12,1,-2.197,-51.786,2.216
2012-05-04-18_34_55.032,61,0,12,1,-2.172,-51.689,2.216
2012-05-04-18_34_55.032,61,0,12,1,-2.265,-51.769,2.116
2012-05-04-18_34_55.033,61,1,12,1,-11.212,-51.793,1.916
2012-05-04-18_34_55.033,61,1,12,1,-11.346,-51.721,1.916
2012-05-04-18_34_55.034,61,1,12,1,-11.236,-51.706,1.816
2012-05-04-18_34_55.035,61,2,12,1,-20.162,-51.716,1.216
2012-05-04-18_34_55.036,61,2,12,1,-20.230,-51.699,1.216
2012-05-04-18_34_55.037,61,2,12,1,-20.237,-51.697,1.316
2012-05-04-18_34_55.038,61,3,12,1,-29.184,-51.799,1.316
2012-05-04-18_34_55.038,61,3,12,1,-29.159,-51.701,1.516
2012-05-04-18_34_55.039,61,3,12,1,-29.252,-51.781,1.516
2012-05-04-18_34_55.040,61,4,12,1,-38.180,-51.800,1.116
2012-05-04-18_34_55.041,61,4,12,1,-38.155,-51.703,1.016
2012-05-04-18_34_55.042,61,4,12,1,-38.248,-51.783,1.116
2012-05-04-18_34_55.043,61,5,12,1,-47.199,-51.789,1.316
2012-05-04-18_34_55.043,61,5,12,1,-47.279,-51.767,1.316
2012-05-04-18_34_55.044,61,5,12,1,-47.253,-51.792,1.316
2012-05-04-18_34_55.045,61,6,12,1,-56.226,-51.861,1.416
2012-05-04-18_34_55.046,61,6,12,1,-56.201,-51.764,1.516
2012-05-04-18_34_55.047,61,6,12,1,-56.294,-51.844,1.416
2012-05-04-18_34_55.047,61,7,12,1,-65.188,-51.780,2.216
2012-05-04-18_34_55.048,61,7,12,1,-65.196,-51.778,2.216
2012-05-04-18_34_55.049,61,7,12,1,-65.176,-51.678,2.216
2012-05-04-18_34_55.050,61,0,13,0,2.272,-56.278,2.227
2012-05-04-18_34_55.050,61,0,13,0,2.300,-56.190,2.227
2012-05-04-18_34_55.051,61,0,13,0,2.199,-56.254,2.227
2012-05-04-18_34_55.052,61,1,13,0,-6.755,-56.289,1.927
2012-05-04-18_34_55.053,61,1,13,0,-6.831,-56.269,1.927
2012-05-04-18_34_55.054,61,1,13,0,-6.774,-56.204,1.927
2012-05-04-18_34_55.055,61,2,13,0,-15.693,-56.208,1.227
2012-05-04-18_34_55.055,61,2,13,0,-15.766,-56.184,1.327
2012-05-04-18_34_55.056,61,2,13,0,-15.712,-56.140,1.227
2012-05-04-18_34_55.058,61,3,13,0,-24.715,-56.290,1.727
2012-05-04-18_34_55.059,61,3,13,0,-24.687,-56.202,1.727
2012-05-04-18_34_55.060,61,3,13,0,-24.788,-56.267,1.727
2012-05-04-18_34_55.061,61,4,13,0,-33.711,-56.292,1.127
2012-05-04-18_34_55.061,61,4,13,0,-33.684,-56.204,1.127
2012-05-04-18_34_55.062,61,4,13,0,-33.784,-56.268,1.127
2012-05-04-18_34_55.063,61,5,13,0,-42.727,-56.290,1.327
2012-05-04-18_34_55.064,61,5,13,0,-42.684,-56.338,1.327
2012-05-04-18_34_55.065,61,5,13,0,-42.774,-56.309,1.327
2012-05-04-18_34_55.066,61,6,13,0,-51.757,-56.353,1.427
2012-05-04-18_34_55.066,61,6,13,0,-51.729,-56.265,1.427
2012-05-04-18_34_55.067,61,6,13,0,-51.830,-56.329,1.327
2012-05-04-18_34_55.068,61,7,13,0,-60.651,-56.289,2.127
2012-05-04-18_34_55.069,61,7,13,0,-60.724,-56.265,3.327
2012-05-04-18_34_55.069,61,7,13,0,-60.670,-56.220,3.327
2012-05-04-18_34_55.070,61,0,13,1,-2.200,-56.288,2.139
2012-05-04-18_34_55.071,61,0,13,1,-2.172,-56.189,2.139
2012-05-04-18_34_55.073,61,0,13,1,-2.268,-56.265,2.139
2012-05-04-18_34_55.074,61,1,13,1,-11.213,-56.288,1.939
2012-05-04-18_34_55.075,61,1,13,1,-11.346,-56.221,1.939
2012-05-04-18_34_55.075,61,1,13,1,-11.236,-56.204,1.938
2012-05-04-18_34_55.076,61,2,13,1,-20.164,-56.218,1.239
2012-05-04-18_34_55.077,61,2,13,1,-20.233,-56.195,1.239
2012-05-04-18_34_55.078,61,2,13,1,-20.237,-56.194,1.339
2012-05-04-18_34_55.078,61,3,13,1,-29.186,-56.300,1.439
2012-05-04-18_34_55.079,61,3,13,1,-29.159,-56.202,1.639
2012-05-04-18_34_55.080,61,3,13,1,-29.255,-56.277,1.439
2012-05-04-18_34_55.081,61,4,13,1,-38.183,-56.302,1.039
2012-05-04-18_34_55.082,61,4,13,1,-38.155,-56.203,1.039
2012-05-04-18_34_55.083,61,4,13,1,-38.251,-56.279,1.039
2012-05-04-18_34_55.083,61,5,13,1,-47.199,-56.289,1.639
2012-05-04-18_34_55.084,61,5,13,1,-47.282,-56.265,1.638
2012-05-04-18_34_55.085,61,5,13,1,-47.253,-56.292,1.638
2012-05-04-18_34_55.085,61,6,13,1,-56.229,-56.363,1.539
2012-05-04-18_34_55.086,61,6,13,1,-56.201,-56.264,1.539
2012-05-04-18_34_55.086,61,6,13,1,-56.297,-56.340,1.439
2012-05-04-18_34_55.087,61,7,13,1,-65.191,-56.276,2.139
2012-05-04-18_34_55.088,61,7,13,1,-65.196,-56.275,2.239
2012-05-04-18_34_55.090,61,7,13,1,-65.178,-56.176,2.138
2012-05-04-18_34_55.091,61,0,14,0,2.272,-60.781,2.251
2012-05-04-18_34_55.091,61,0,14,0,2.297,-60.695,2.251
2012-05-04-18_34_55.092,61,0,14,0,2.196,-60.754,2.152
2012-05-04-18_34_55.093,61,1,14,0,-6.753,-60.789,1.951
2012-05-04-18_34_55.094,61,1,14,0,-6.831,-60.768,1.952
2012-05-04-18_34_55.095,61,1,14,0,-6.775,-60.711,1.952
2012-05-04-18_34_55.096,61,2,14,0,-15.693,-60.711,1.251
2012-05-04-18_34_55.096,61,2,14,0,-15.768,-60.684,1.252
2012-05-04-18_34_55.097,61,2,14,0,-15.712,-60.641,1.252
2012-05-04-18_34_55.098,61,3,14,0,-24.715,-60.794,1.651
2012-05-04-18_34_55.099,61,3,14,0,-24.690,-60.708,1.651
2012-05-04-18_34_55.099,61,3,14,0,-24.791,-60.766,1.652
2012-05-04-18_34_55.100,61,4,14,0,-33.712,-60.795,1.051
2012-05-04-18_34_55.101,61,4,14,0,-33.687,-60.709,1.051
2012-05-04-18_34_55.101,61,4,14,0,-33.787,-60.768,0.952
2012-05-04-18_34_55.102,61,5,14,0,-42.730,-60.795,1.451
2012-05-04-18_34_55.103,61,5,14,0,-42.684,-60.836,1.352
2012-05-04-18_34_55.104,61,5,14,0,-42.774,-60.811,1.352
2012-05-04-18_34_55.105,61,6,14,0,-51.757,-60.856,1.351
2012-05-04-18_34_55.106,61,6,14,0,-51.732,-60.770,1.451
2012-05-04-18_34_55.106,61,6,14,0,-51.833,-60.829,1.352
2012-05-04-18_34_55.107,61,7,14,0,-60.652,-60.792,2.051
2012-05-04-18_34_55.108,61,7,14,0,-60.727,-60.765,3.352
2012-05-04-18_34_55.109,61,7,14,0,-60.671,-60.722,2.152
2012-05-04-18_34_55.109,61,0,14,1,-2.200,-60.793,2.161
2012-05-04-18_34_55.110,61,0,14,1,-2.172,-60.695,2.161
2012-05-04-18_34_55.110,61,0,14,1,-2.271,-60.766,2.161
2012-05-04-18_34_55.111,61,1,14,1,-11.211,-60.790,1.861
2012-05-04-18_34_55.112,61,1,14,1,-11.347,-60.727,1.961
2012-05-04-18_34_55.113,61,1,14,1,-11.237,-60.710,1.861
2012-05-04-18_34_55.113,61,2,14,1,-20.165,-60.723,1.261
2012-05-04-18_34_55.114,61,2,14,1,-20.235,-60.696,1.261
2012-05-04-18_34_55.115,61,2,14,1,-20.243,-60.695,1.261
2012-05-04-18_34_55.116,61,3,14,1,-29.187,-60.805,1.261
2012-05-04-18_34_55.116,61,3,14,1,-29.159,-60.708,1.361
2012-05-04-18_34_55.117,61,3,14,1,-29.258,-60.778,1.261
2012-05-04-18_34_55.118,61,4,14,1,-38.184,-60.807,1.061
2012-05-04-18_34_55.119,61,4,14,1,-38.156,-60.709,1.061
2012-05-04-18_34_55.119,61,4,14,1,-38.254,-60.780,1.161
2012-05-04-18_34_55.120,61,5,14,1,-47.200,-60.795,1.561
2012-05-04-18_34_55.121,61,5,14,1,-47.285,-60.770,1.561
2012-05-04-18_34_55.124,61,5,14,1,-47.256,-60.799,1.561
2012-05-04-18_34_55.125,61,6,14,1,-56.229,-60.868,1.461
2012-05-04-18_34_55.126,61,6,14,1,-56.201,-60.770,1.561
2012-05-04-18_34_55.126,61,6,14,1,-56.300,-60.841,1.561
2012-05-04-18_34_55.127,61,7,14,1,-65.194,-60.777,2.261
2012-05-04-18_34_55.127,61,7,14,1,-65.202,-60.776,2.361
2012-05-04-18_34_55.128,61,7,14,1,-65.181,-60.681,2.261
2012-05-04-18_34_55.129,61,0,15,0,2.269,-65.284,2.270
2012-05-04-18_34_55.130,61,0,15,0,2.294,-65.196,2.170
2012-05-04-18_34_55.131,61,0,15,0,2.196,-65.256,2.270
2012-05-04-18_34_55.131,61,1,15,0,-6.751,-65.293,2.070
2012-05-04-18_34_55.132,61,1,15,0,-6.832,-65.267,2.070
2012-05-04-18_34_55.133,61,1,15,0,-6.773,-65.215,2.070
2012-05-04-18_34_55.134,61,2,15,0,-15.696,-65.214,1.370
2012-05-04-18_34_55.135,61,2,15,0,-15.769,-65.186,1.370
2012-05-04-18_34_55.136,61,2,15,0,-15.712,-65.140,1.270
2012-05-04-18_34_55.136,61,3,15,0,-24.718,-65.296,1.770
2012-05-04-18_34_55.137,61,3,15,0,-24.693,-65.208,1.670
2012-05-04-18_34_55.138,61,3,15,0,-24.791,-65.268,1.670
2012-05-04-18_34_55.139,61,4,15,0,-33.714,-65.298,0.970
2012-05-04-18_34_55.139,61,4,15,0,-33.689,-65.210,0.970
2012-05-04-18_34_55.142,61,4,15,0,-33.788,-65.270,0.970
2012-05-04-18_34_55.142,61,5,15,0,-42.733,-65.296,1.370
2012-05-04-18_34_55.143,61,5,15,0,-42.685,-65.335,1.270
2012-05-04-18_34_55.144,61,5,15,0,-42.775,-65.310,1.470
2012-05-04-18_34_55.144,61,6,15,0,-51.760,-65.359,1.470
2012-05-04-18_34_55.145,61,6,15,0,-51.735,-65.271,1.470
2012-05-04-18_34_55.146,61,6,15,0,-51.833,-65.330,1.370
2012-05-04-18_34_55.147,61,7,15,0,-60.655,-65.295,2.070
2012-05-04-18_34_55.147,61,7,15,0,-60.728,-65.266,2.070
2012-05-04-18_34_55.148,61,7,15,0,-60.671,-65.221,2.070
2012-05-04-18_34_55.149,61,0,15,1,-2.198,-65.291,2.179
2012-05-04-18_34_55.150,61,0,15,1,-2.170,-65.195,2.179
2012-05-04-18_34_55.151,61,0,15,1,-2.271,-65.269,2.179
2012-05-04-18_34_55.151,61,1,15,1,-11.211,-65.293,1.979
2012-05-04-18_34_55.152,61,1,15,1,-11.345,-65.227,1.979
2012-05-04-18_34_55.153,61,1,15,1,-11.235,-65.214,1.979
2012-05-04-18_34_55.154,61,2,15,1,-20.163,-65.221,1.279
2012-05-04-18_34_55.154,61,2,15,1,-20.236,-65.199,1.279
2012-05-04-18_34_55.155,61,2,15,1,-20.243,-65.198,1.279
2012-05-04-18_34_55.156,61,3,15,1,-29.185,-65.303,1.479
2012-05-04-18_34_55.157,61,3,15,1,-29.157,-65.207,1.379
2012-05-04-18_34_55.158,61,3,15,1,-29.258,-65.281,1.379
2012-05-04-18_34_55.159,61,4,15,1,-38.181,-65.305,1.079
2012-05-04-18_34_55.159,61,4,15,1,-38.154,-65.209,1.079
2012-05-04-18_34_55.160,61,4,15,1,-38.255,-65.283,1.079
2012-05-04-18_34_55.161,61,5,15,1,-47.198,-65.295,1.379
2012-05-04-18_34_55.162,61,5,15,1,-47.285,-65.273,1.379
2012-05-04-18_34_55.162,61,5,15,1,-47.256,-65.298,1.379
2012-05-04-18_34_55.163,61,6,15,1,-56.227,-65.366,1.479
2012-05-04-18_34_55.164,61,6,15,1,-56.199,-65.270,1.479
2012-05-04-18_34_55.165,61,6,15,1,-56.300,-65.344,1.479
2012-05-04-18_34_55.166,61,7,15,1,-65.195,-65.280,2.179
2012-05-04-18_34_55.166,61,7,15,1,-65.202,-65.279,3.479
2012-05-04-18_34_55.167,61,7,15,1,-65.182,-65.184,2.179
2012-05-04-18_34_55.168,61,0,16,0,2.266,-69.783,2.191
2012-05-04-18_34_55.169,61,0,16,0,2.294,-69.689,2.291
2012-05-04-18_34_55.169,61,0,16,0,2.193,-69.758,2.291
2012-05-04-18_34_55.170,61,1,16,0,-6.749,-69.795,1.991
2012-05-04-18_34_55.171,61,1,16,0,-6.832,-69.768,1.991
2012-05-04-18_34_55.172,61,1,16,0,-6.773,-69.708,1.991
2012-05-04-18_34_55.173,61,2,16,0,-15.699,-69.713,1.391
2012-05-04-18_34_55.175,61,2,16,0,-15.772,-69.688,1.291
2012-05-04-18_34_55.176,61,2,16,0,-15.750,-69.698,1.291
2012-05-04-18_34_55.177,61,3,16,0,-24.721,-69.795,1.791
2012-05-04-18_34_55.177,61,3,16,0,-24.693,-69.701,1.791
2012-05-04-18_34_55.178,61,3,16,0,-24.794,-69.771,1.791
2012-05-04-18_34_55.179,61,4,16,0,-33.717,-69.797,0.991
2012-05-04-18_34_55.180,61,4,16,0,-33.690,-69.703,0.991
2012-05-04-18_34_55.181,61,4,16,0,-33.790,-69.772,0.991
2012-05-04-18_34_55.181,61,5,16,0,-42.734,-69.788,1.291
2012-05-04-18_34_55.182,61,5,16,0,-42.685,-69.836,1.291
2012-05-04-18_34_55.183,61,5,16,0,-42.780,-69.803,1.391
2012-05-04-18_34_55.184,61,6,16,0,-51.763,-69.858,1.391
2012-05-04-18_34_55.184,61,6,16,0,-51.735,-69.763,1.391
2012-05-04-18_34_55.185,61,6,16,0,-51.836,-69.833,1.391
2012-05-04-18_34_55.186,61,7,16,0,-60.657,-69.794,2.091
2012-05-04-18_34_55.187,61,7,16,0,-60.730,-69.769,2.091
2012-05-04-18_34_55.188,61,7,16,0,-60.676,-69.714,2.091
2012-05-04-18_34_55.188,61,0,16,1,-2.198,-69.788,2.203
2012-05-04-18_34_55.189,61,0,16,1,-2.171,-69.688,2.203
2012-05-04-18_34_55.190,61,0,16,1,-2.274,-69.771,2.203
2012-05-04-18_34_55.190,61,1,16,1,-11.211,-69.794,2.003
2012-05-04-18_34_55.191,61,1,16,1,-11.345,-69.720,2.003
2012-05-04-18_34_55.192,61,1,16,1,-11.233,-69.707,2.002
2012-05-04-18_34_55.193,61,2,16,1,-20.163,-69.718,1.303
2012-05-04-18_34_55.193,61,2,16,1,-20.239,-69.701,1.303
2012-05-04-18_34_55.194,61,2,16,1,-20.246,-69.699,1.303
2012-05-04-18_34_55.195,61,3,16,1,-29.185,-69.801,1.503
2012-05-04-18_34_55.196,61,3,16,1,-29.158,-69.700,1.503
2012-05-04-18_34_55.196,61,3,16,1,-29.261,-69.783,1.503
2012-05-04-18_34_55.197,61,4,16,1,-38.182,-69.802,1.103
2012-05-04-18_34_55.198,61,4,16,1,-38.154,-69.702,1.103
2012-05-04-18_34_55.199,61,4,16,1,-38.257,-69.785,1.103
2012-05-04-18_34_55.200,61,5,16,1,-47.198,-69.788,1.303
2012-05-04-18_34_55.200,61,5,16,1,-47.286,-69.768,1.303
2012-05-04-18_34_55.201,61,5,16,1,-47.257,-69.792,1.402
2012-05-04-18_34_55.202,61,6,16,1,-56.227,-69.863,1.503
2012-05-04-18_34_55.202,61,6,16,1,-56.200,-69.763,1.603
2012-05-04-18_34_55.204,61,6,16,1,-56.303,-69.846,1.603
2012-05-04-18_34_55.205,61,7,16,1,-65.198,-69.782,2.203
2012-05-04-18_34_55.206,61,7,16,1,-65.205,-69.780,2.203
2012-05-04-18_34_55.206,61,7,16,1,-65.182,-69.679,2.203
2012-05-04-18_34_55.207,61,0,17,0,2.256,-74.280,2.215
2012-05-04-18_34_55.208,61,0,17,0,2.291,-74.189,2.215
2012-05-04-18_34_55.208,61,0,17,0,2.193,-74.259,2.215
2012-05-04-18_34_55.209,61,1,17,0,-6.747,-74.293,2.015
2012-05-04-18_34_55.210,61,1,17,0,-6.830,-74.272,2.015
2012-05-04-18_34_55.211,61,1,17,0,-6.771,-74.206,2.015
2012-05-04-18_34_55.212,61,2,17,0,-15.709,-74.210,1.315
2012-05-04-18_34_55.212,61,2,17,0,-15.772,-74.189,1.315
2012-05-04-18_34_55.213,61,2,17,0,-15.718,-74.138,1.315
2012-05-04-18_34_55.214,61,3,17,0,-24.731,-74.292,1.815
2012-05-04-18_34_55.215,61,3,17,0,-24.696,-74.201,1.715
2012-05-04-18_34_55.216,61,3,17,0,-24.794,-74.271,1.715
2012-05-04-18_34_55.217,61,4,17,0,-33.728,-74.294,1.115
2012-05-04-18_34_55.218,61,4,17,0,-33.693,-74.203,1.115
2012-05-04-18_34_55.219,61,4,17,0,-33.791,-74.273,1.115
2012-05-04-18_34_55.219,61,5,17,0,-42.736,-74.289,1.415
2012-05-04-18_34_55.220,61,5,17,0,-42.683,-74.340,1.315
2012-05-04-18_34_55.221,61,5,17,0,-42.781,-74.308,1.415
2012-05-04-18_34_55.221,61,6,17,0,-51.773,-74.355,1.415
2012-05-04-18_34_55.224,61,6,17,0,-51.738,-74.264,1.415
2012-05-04-18_34_55.225,61,6,17,0,-51.685,-74.315,1.415
2012-05-04-18_34_55.226,61,7,17,0,-60.668,-74.291,2.115
2012-05-04-18_34_55.228,61,7,17,0,-60.731,-74.270,2.115
2012-05-04-18_34_55.229,61,7,17,0,-60.677,-74.218,2.115
2012-05-04-18_34_55.230,61,0,17,1,-2.196,-74.286,2.224
2012-05-04-18_34_55.231,61,0,17,1,-2.169,-74.188,2.224
2012-05-04-18_34_55.232,61,0,17,1,-2.269,-74.269,2.224
2012-05-04-18_34_55.232,61,1,17,1,-11.212,-74.291,2.024
2012-05-04-18_34_55.233,61,1,17,1,-11.343,-74.220,2.024
2012-05-04-18_34_55.234,61,1,17,1,-11.233,-74.206,2.024
2012-05-04-18_34_55.234,61,2,17,1,-20.161,-74.216,1.324
2012-05-04-18_34_55.235,61,2,17,1,-20.234,-74.199,1.324
2012-05-04-18_34_55.236,61,2,17,1,-20.242,-74.196,1.324
2012-05-04-18_34_55.237,61,3,17,1,-29.183,-74.298,1.524
2012-05-04-18_34_55.238,61,3,17,1,-29.156,-74.200,1.524
2012-05-04-18_34_55.239,61,3,17,1,-29.256,-74.281,1.524
2012-05-04-18_34_55.240,61,4,17,1,-38.180,-74.300,1.124
2012-05-04-18_34_55.240,61,4,17,1,-38.152,-74.202,1.124
2012-05-04-18_34_55.241,61,4,17,1,-38.253,-74.283,1.124
2012-05-04-18_34_55.242,61,5,17,1,-47.196,-74.288,1.424
2012-05-04-18_34_55.242,61,5,17,1,-47.284,-74.266,1.524
2012-05-04-18_34_55.243,61,5,17,1,-47.252,-74.292,1.524
2012-05-04-18_34_55.244,61,6,17,1,-56.225,-74.361,1.624
2012-05-04-18_34_55.244,61,6,17,1,-56.198,-74.263,1.624
2012-05-04-18_34_55.245,61,6,17,1,-56.298,-74.343,1.624
2012-05-04-18_34_55.246,61,7,17,1,-65.193,-74.279,2.224
2012-05-04-18_34_55.247,61,7,17,1,-65.200,-74.277,2.224
2012-05-04-18_34_55.248,61,7,17,1,-65.180,-74.177,2.224
2012-05-04-18_34_55.248,61,0,18,0,2.268,-78.779,2.133
2012-05-04-18_34_55.249,61,0,18,0,2.295,-78.689,2.133
2012-05-04-18_34_55.250,61,0,18,0,2.187,-78.755,2.033
2012-05-04-18_34_55.251,61,1,18,0,-6.748,-78.788,1.933
2012-05-04-18_34_55.252,61,1,18,0,-6.828,-78.769,1.933
2012-05-04-18_34_55.252,61,1,18,0,-6.769,-78.704,1.933
2012-05-04-18_34_55.253,61,2,18,0,-15.697,-78.708,1.433
2012-05-04-18_34_55.254,61,2,18,0,-15.777,-78.685,1.333
2012-05-04-18_34_55.254,61,2,18,0,-15.721,-78.638,1.333
2012-05-04-18_34_55.255,61,3,18,0,-24.719,-78.791,1.833
2012-05-04-18_34_55.256,61,3,18,0,-24.692,-78.701,1.833
2012-05-04-18_34_55.258,61,3,18,0,-24.800,-78.767,1.733
2012-05-04-18_34_55.259,61,4,18,0,-33.716,-78.793,1.133
2012-05-04-18_34_55.259,61,4,18,0,-33.688,-78.703,1.133
2012-05-04-18_34_55.261,61,4,18,0,-33.796,-78.769,1.133
2012-05-04-18_34_55.262,61,5,18,0,-42.732,-78.789,1.633
2012-05-04-18_34_55.263,61,5,18,0,-42.681,-78.837,1.633
2012-05-04-18_34_55.264,61,5,18,0,-42.783,-78.808,1.633
2012-05-04-18_34_55.265,61,6,18,0,-51.761,-78.853,1.633
2012-05-04-18_34_55.266,61,6,18,0,-51.734,-78.764,1.633
2012-05-04-18_34_55.266,61,6,18,0,-51.683,-78.812,1.633
2012-05-04-18_34_55.267,61,7,18,0,-60.656,-78.789,2.333
2012-05-04-18_34_55.268,61,7,18,0,-60.736,-78.766,2.333
2012-05-04-18_34_55.269,61,7,18,0,-60.680,-78.719,2.433
2012-05-04-18_34_55.270,61,0,18,1,-2.197,-78.787,2.142
2012-05-04-18_34_55.270,61,0,18,1,-2.169,-78.688,2.042
2012-05-04-18_34_55.271,61,0,18,1,-2.270,-78.766,2.141
2012-05-04-18_34_55.272,61,1,18,1,-11.212,-78.788,1.942
2012-05-04-18_34_55.272,61,1,18,1,-11.344,-78.720,1.942
2012-05-04-18_34_55.273,61,1,18,1,-11.234,-78.703,1.941
2012-05-04-18_34_55.274,61,2,18,1,-20.162,-78.717,1.442
2012-05-04-18_34_55.275,61,2,18,1,-20.235,-78.696,1.441
2012-05-04-18_34_55.276,61,2,18,1,-20.242,-78.694,1.441
2012-05-04-18_34_55.276,61,3,18,1,-29.184,-78.799,1.542
2012-05-04-18_34_55.277,61,3,18,1,-29.156,-78.700,1.842
2012-05-04-18_34_55.278,61,3,18,1,-29.257,-78.778,1.641
2012-05-04-18_34_55.279,61,4,18,1,-38.180,-78.801,1.242
2012-05-04-18_34_55.282,61,4,18,1,-38.153,-78.702,1.242
2012-05-04-18_34_55.282,61,4,18,1,-38.253,-78.780,1.241
2012-05-04-18_34_55.283,61,5,18,1,-47.196,-78.788,1.642
2012-05-04-18_34_55.284,61,5,18,1,-47.284,-78.764,1.541
2012-05-04-18_34_55.284,61,5,18,1,-47.253,-78.793,1.541
2012-05-04-18_34_55.285,61,6,18,1,-56.226,-78.862,1.542
2012-05-04-18_34_55.286,61,6,18,1,-56.198,-78.763,1.542
2012-05-04-18_34_55.286,61,6,18,1,-56.299,-78.840,1.641
2012-05-04-18_34_55.287,61,7,18,1,-65.193,-78.777,2.341
2012-05-04-18_34_55.288,61,7,18,1,-65.201,-78.775,2.341
2012-05-04-18_34_55.289,61,7,18,1,-65.181,-78.675,2.341
2012-05-04-18_34_55.290,61,0,19,0,2.267,-83.281,2.053
2012-05-04-18_34_55.291,61,0,19,0,2.297,-83.195,2.153
2012-05-04-18_34_55.292,61,0,19,0,2.189,-83.254,2.053
2012-05-04-18_34_55.293,61,1,19,0,-6.748,-83.289,2.053
2012-05-04-18_34_55.294,61,1,19,0,-6.829,-83.268,1.953
2012-05-04-18_34_55.296,61,1,19,0,-6.767,-83.211,1.953
2012-05-04-18_34_55.297,61,2,19,0,-15.698,-83.211,3.853
2012-05-04-18_34_55.297,61,2,19,0,-15.775,-83.184,1.453
2012-05-04-18_34_55.298,61,2,19,0,-15.719,-83.141,1.353
2012-05-04-18_34_55.299,61,3,19,0,-24.720,-83.294,7.053
2012-05-04-18_34_55.300,61,3,19,0,-24.690,-83.207,1.853
2012-05-04-18_34_55.301,61,3,19,0,-24.798,-83.266,1.753
2012-05-04-18_34_55.301,61,4,19,0,-33.716,-83.295,1.153
2012-05-04-18_34_55.302,61,4,19,0,-33.686,-83.209,1.153
2012-05-04-18_34_55.303,61,4,19,0,-33.794,-83.268,1.153
2012-05-04-18_34_55.304,61,5,19,0,-42.730,-83.295,1.553
2012-05-04-18_34_55.304,61,5,19,0,-42.681,-83.336,1.553
2012-05-04-18_34_55.305,61,5,19,0,-42.781,-83.311,1.553
2012-05-04-18_34_55.306,61,6,19,0,-51.762,-83.356,1.553
2012-05-04-18_34_55.307,61,6,19,0,-51.732,-83.270,1.553
2012-05-04-18_34_55.307,61,6,19,0,-51.840,-83.329,1.553
2012-05-04-18_34_55.308,61,7,19,0,-60.656,-83.292,10.153
2012-05-04-18_34_55.309,61,7,19,0,-60.734,-83.265,3.553
2012-05-04-18_34_55.311,61,7,19,0,-60.678,-83.222,2.353
2012-05-04-18_34_55.312,61,0,19,1,-2.195,-83.293,2.166
2012-05-04-18_34_55.313,61,0,19,1,-2.170,-83.195,2.065
2012-05-04-18_34_55.314,61,0,19,1,-2.270,-83.266,2.165
2012-05-04-18_34_55.315,61,1,19,1,-11.213,-83.290,1.966
2012-05-04-18_34_55.315,61,1,19,1,-11.344,-83.227,1.865
2012-05-04-18_34_55.316,61,1,19,1,-11.237,-83.209,8.465
2012-05-04-18_34_55.317,61,2,19,1,-20.160,-83.223,1.466
2012-05-04-18_34_55.318,61,2,19,1,-20.235,-83.196,1.465
2012-05-04-18_34_55.319,61,2,19,1,-20.242,-83.195,1.465
2012-05-04-18_34_55.319,61,3,19,1,-29.182,-83.305,1.566
2012-05-04-18_34_55.320,61,3,19,1,-29.157,-83.207,1.765
2012-05-04-18_34_55.321,61,3,19,1,-29.257,-83.278,1.765
2012-05-04-18_34_55.322,61,4,19,1,-38.178,-83.307,1.166
2012-05-04-18_34_55.322,61,4,19,1,-38.153,-83.209,1.165
2012-05-04-18_34_55.323,61,4,19,1,-38.254,-83.280,1.165
2012-05-04-18_34_55.324,61,5,19,1,-47.197,-83.295,1.665
2012-05-04-18_34_55.325,61,5,19,1,-47.285,-83.268,1.565
2012-05-04-18_34_55.326,61,5,19,1,-47.253,-83.299,1.665
2012-05-04-18_34_55.326,61,6,19,1,-56.199,-83.270,1.665
2012-05-04-18_34_55.327,61,6,19,1,-56.299,-83.341,1.565
2012-05-04-18_34_55.328,61,6,19,1,-56.307,-83.340,1.565
2012-05-04-18_34_55.329,61,7,19,1,-65.194,-83.277,2.365
2012-05-04-18_34_55.330,61,7,19,1,-65.201,-83.276,2.465
2012-05-04-18_34_55.330,61,7,19,1,-65.181,-83.179,2.465
2012-05-04-18_34_55.331,61,0,20,0,2.269,-87.783,2.078
2012-05-04-18_34_55.332,61,0,20,0,2.299,-87.696,2.178
2012-05-04-18_34_55.333,61,0,20,0,2.189,-87.754,2.078
2012-05-04-18_34_55.336,61,1,20,0,-6.749,-87.793,1.978
2012-05-04-18_34_55.336,61,1,20,0,-6.824,-87.768,1.978
2012-05-04-18_34_55.337,61,1,20,0,-6.768,-87.715,1.978
2012-05-04-18_34_55.338,61,2,20,0,-15.696,-87.713,1.378
2012-05-04-18_34_55.338,61,2,20,0,-15.776,-87.684,1.478
2012-05-04-18_34_55.339,61,2,20,0,-15.717,-87.640,1.478
2012-05-04-18_34_55.340,61,3,20,0,-24.718,-87.796,1.878
2012-05-04-18_34_55.340,61,3,20,0,-24.688,-87.708,1.778
2012-05-04-18_34_55.341,61,3,20,0,-24.798,-87.767,1.878
2012-05-04-18_34_55.342,61,4,20,0,-33.714,-87.797,1.178
2012-05-04-18_34_55.343,61,4,20,0,-33.684,-87.710,1.178
2012-05-04-18_34_55.344,61,4,20,0,-33.795,-87.768,1.178
2012-05-04-18_34_55.345,61,5,20,0,-42.728,-87.796,1.578
2012-05-04-18_34_55.345,61,5,20,0,-42.677,-87.836,1.578
2012-05-04-18_34_55.346,61,5,20,0,-42.779,-87.810,1.778
2012-05-04-18_34_55.347,61,6,20,0,-51.760,-87.858,1.578
2012-05-04-18_34_55.348,61,6,20,0,-51.730,-87.771,1.578
2012-05-04-18_34_55.348,61,6,20,0,-51.840,-87.829,1.578
2012-05-04-18_34_55.349,61,7,20,0,-60.654,-87.794,2.378
2012-05-04-18_34_55.350,61,7,20,0,-60.735,-87.765,2.478
2012-05-04-18_34_55.352,61,7,20,0,-60.676,-87.721,2.378
2012-05-04-18_34_55.353,61,0,20,1,-2.193,-87.791,2.087
2012-05-04-18_34_55.353,61,0,20,1,-2.278,-87.772,2.087
2012-05-04-18_34_55.354,61,0,20,1,-2.217,-87.709,1.987
2012-05-04-18_34_55.355,61,2,20,1,-20.158,-87.721,1.387
2012-05-04-18_34_55.356,61,2,20,1,-20.243,-87.702,1.487
2012-05-04-18_34_55.357,61,3,20,1,-29.180,-87.803,1.587
2012-05-04-18_34_55.357,61,3,20,1,-29.265,-87.784,1.587
2012-05-04-18_34_55.358,61,3,20,1,-29.204,-87.721,1.787
2012-05-04-18_34_55.359,61,4,20,1,-38.176,-87.805,1.187
2012-05-04-18_34_55.360,61,4,20,1,-38.262,-87.786,1.187
2012-05-04-18_34_55.361,61,4,20,1,-38.200,-87.723,1.187
2012-05-04-18_34_55.361,61,5,20,1,-47.244,-87.809,1.587
2012-05-04-18_34_55.362,61,6,20,1,-56.222,-87.866,1.587
2012-05-04-18_34_55.363,61,6,20,1,-56.307,-87.846,1.587
2012-05-04-18_34_55.364,61,6,20,1,-56.148,-87.811,1.587
2012-05-04-18_34_55.364,61,7,20,1,-65.202,-87.783,2.387
2012-05-04-18_34_55.365,61,7,20,1,-65.140,-87.720,2.387
2012-05-04-18_34_55.366,61,0,21,0,2.269,-92.282,2.096
2012-05-04-18_34_55.366,61,0,21,0,2.299,-92.190,2.096
2012-05-04-18_34_55.367,61,0,21,0,2.189,-92.258,2.096
2012-05-04-18_34_55.368,61,1,21,0,-6.749,-92.295,1.996
2012-05-04-18_34_55.369,61,1,21,0,-6.827,-92.269,1.996
2012-05-04-18_34_55.369,61,1,21,0,-6.768,-92.209,1.996
2012-05-04-18_34_55.370,61,2,21,0,-15.696,-92.212,1.296
2012-05-04-18_34_55.371,61,2,21,0,-15.776,-92.187,1.296
2012-05-04-18_34_55.372,61,2,21,0,-15.752,-92.197,1.296
2012-05-04-18_34_55.372,61,3,21,0,-24.718,-92.294,1.796
2012-05-04-18_34_55.373,61,3,21,0,-24.688,-92.202,1.796
2012-05-04-18_34_55.374,61,3,21,0,-24.798,-92.270,1.796
2012-05-04-18_34_55.375,61,4,21,0,-33.715,-92.296,1.096
2012-05-04-18_34_55.375,61,4,21,0,-33.685,-92.204,1.196
2012-05-04-18_34_55.376,61,4,21,0,-33.795,-92.272,1.096
2012-05-04-18_34_55.377,61,5,21,0,-42.728,-92.290,1.696
2012-05-04-18_34_55.378,61,5,21,0,-42.680,-92.337,1.596
2012-05-04-18_34_55.379,61,5,21,0,-42.777,-92.304,1.796
2012-05-04-18_34_55.379,61,6,21,0,-51.760,-92.357,1.496
2012-05-04-18_34_55.380,61,6,21,0,-51.730,-92.265,1.596
2012-05-04-18_34_55.381,61,6,21,0,-51.682,-92.312,1.596
2012-05-04-18_34_55.382,61,7,21,0,-60.655,-92.293,2.296
2012-05-04-18_34_55.383,61,7,21,0,-60.735,-92.268,2.396
2012-05-04-18_34_55.383,61,7,21,0,-60.674,-92.215,2.396
2012-05-04-18_34_55.384,61,0,21,1,-2.193,-92.290,2.105
2012-05-04-18_34_55.386,61,0,21,1,-2.168,-92.190,2.105
2012-05-04-18_34_55.387,61,0,21,1,-2.266,-92.271,2.104
2012-05-04-18_34_55.388,61,1,21,1,-11.214,-92.295,2.005
2012-05-04-18_34_55.389,61,1,21,1,-11.342,-92.222,2.005
2012-05-04-18_34_55.389,61,1,21,1,-11.235,-92.209,2.004
2012-05-04-18_34_55.390,61,2,21,1,-20.158,-92.220,1.505
2012-05-04-18_34_55.391,61,2,21,1,-20.231,-92.201,1.404
2012-05-04-18_34_55.392,61,2,21,1,-20.241,-92.200,1.404
2012-05-04-18_34_55.393,61,3,21,1,-29.180,-92.302,1.505
2012-05-04-18_34_55.393,61,3,21,1,-29.155,-92.202,1.705
2012-05-04-18_34_55.394,61,3,21,1,-29.253,-92.283,1.704
2012-05-04-18_34_55.396,61,4,21,1,-38.177,-92.304,1.205
2012-05-04-18_34_55.397,61,4,21,1,-38.152,-92.204,1.205
2012-05-04-18_34_55.398,61,4,21,1,-38.250,-92.285,1.204
2012-05-04-18_34_55.398,61,5,21,1,-47.195,-92.290,1.705
2012-05-04-18_34_55.399,61,5,21,1,-47.283,-92.270,1.604
2012-05-04-18_34_55.400,61,5,21,1,-47.251,-92.292,1.604
2012-05-04-18_34_55.401,61,6,21,1,-56.222,-92.364,1.505
2012-05-04-18_34_55.403,61,6,21,1,-56.197,-92.264,1.605
2012-05-04-18_34_55.404,61,6,21,1,-56.295,-92.345,1.504
2012-05-04-18_34_55.404,61,7,21,1,-65.190,-92.282,2.304
2012-05-04-18_34_55.405,61,7,21,1,-65.200,-92.281,2.404
2012-05-04-18_34_55.406,61,7,21,1,-65.179,-92.181,2.404
2012-05-04-18_34_55.407,61,0,22,0,2.259,-96.779,2.116
2012-05-04-18_34_55.408,61,0,22,0,2.298,-96.690,2.116
2012-05-04-18_34_55.409,61,0,22,0,2.188,-96.758,2.116
2012-05-04-18_34_55.410,61,1,22,0,-6.752,-96.794,2.016
2012-05-04-18_34_55.411,61,1,22,0,-6.828,-96.774,2.016
2012-05-04-18_34_55.411,61,1,22,0,-6.773,-96.707,1.916
2012-05-04-18_34_55.412,61,2,22,0,-15.706,-96.709,1.316
2012-05-04-18_34_55.413,61,2,22,0,-15.777,-96.688,1.316
2012-05-04-18_34_55.414,61,2,22,0,-15.715,-96.639,1.316
2012-05-04-18_34_55.415,61,3,22,0,-24.728,-96.792,1.816
2012-05-04-18_34_55.416,61,3,22,0,-24.688,-96.702,1.816
2012-05-04-18_34_55.417,61,3,22,0,-24.799,-96.770,1.816
2012-05-04-18_34_55.418,61,4,22,0,-33.725,-96.793,1.116
2012-05-04-18_34_55.419,61,4,22,0,-33.685,-96.704,1.116
2012-05-04-18_34_55.420,61,4,22,0,-33.795,-96.772,1.116
2012-05-04-18_34_55.420,61,5,22,0,-42.729,-96.790,1.616
2012-05-04-18_34_55.421,61,5,22,0,-42.680,-96.842,1.616
2012-05-04-18_34_55.423,61,5,22,0,-42.778,-96.809,1.616
2012-05-04-18_34_55.424,61,6,22,0,-51.770,-96.854,1.516
2012-05-04-18_34_55.425,61,6,22,0,-51.731,-96.765,1.616
2012-05-04-18_34_55.425,61,6,22,0,-51.682,-96.817,1.516
2012-05-04-18_34_55.426,61,7,22,0,-60.665,-96.790,2.316
2012-05-04-18_34_55.427,61,7,22,0,-60.735,-96.769,2.416
2012-05-04-18_34_55.428,61,7,22,0,-60.674,-96.720,2.316
2012-05-04-18_34_55.428,61,0,22,1,-2.194,-96.786,2.125
2012-05-04-18_34_55.429,61,0,22,1,-2.168,-96.690,2.125
2012-05-04-18_34_55.430,61,0,22,1,-2.264,-96.768,2.125
2012-05-04-18_34_55.431,61,1,22,1,-11.214,-96.793,2.025
2012-05-04-18_34_55.431,61,1,22,1,-11.343,-96.722,2.025
2012-05-04-18_34_55.432,61,1,22,1,-11.235,-96.707,2.025
2012-05-04-18_34_55.433,61,2,22,1,-20.158,-96.716,1.425
2012-05-04-18_34_55.434,61,2,22,1,-20.229,-96.698,1.425
2012-05-04-18_34_55.435,61,2,22,1,-20.236,-96.697,1.425
2012-05-04-18_34_55.436,61,3,22,1,-29.181,-96.799,1.525
2012-05-04-18_34_55.436,61,3,22,1,-29.155,-96.702,1.525
2012-05-04-18_34_55.437,61,3,22,1,-29.251,-96.780,1.525
2012-05-04-18_34_55.438,61,4,22,1,-38.177,-96.800,1.225
2012-05-04-18_34_55.439,61,4,22,1,-38.152,-96.704,1.125
2012-05-04-18_34_55.442,61,4,22,1,-38.248,-96.782,1.125
2012-05-04-18_34_55.443,61,5,22,1,-47.196,-96.790,1.625
2012-05-04-18_34_55.444,61,5,22,1,-47.281,-96.768,1.625
2012-05-04-18_34_55.444,61,5,22,1,-47.252,-96.792,1.625
2012-05-04-18_34_55.445,61,6,22,1,-56.223,-96.861,1.625
2012-05-04-18_34_55.445,61,6,22,1,-56.197,-96.765,1.625
2012-05-04-18_34_55.446,61,6,22,1,-56.293,-96.843,1.525
2012-05-04-18_34_55.446,61,7,22,1,-65.188,-96.779,2.125
2012-05-04-18_34_55.447,61,7,22,1,-65.195,-96.778,2.225
2012-05-04-18_34_55.448,61,7,22,1,-65.177,-96.678,2.325
2012-05-04-18_34_55.448,61,0,23,0,2.271,-101.278,2.040
2012-05-04-18_34_55.449,61,0,23,0,2.296,-101.189,2.040
2012-05-04-18_34_55.449,61,0,23,0,2.188,-101.255,2.040
2012-05-04-18_34_55.450,61,1,23,0,-6.755,-101.289,1.940
2012-05-04-18_34_55.450,61,1,23,0,-6.828,-101.269,1.940
2012-05-04-18_34_55.451,61,1,23,0,-6.774,-101.204,1.940
2012-05-04-18_34_55.451,61,2,23,0,-15.694,-101.208,1.240
2012-05-04-18_34_55.452,61,2,23,0,-15.777,-101.185,1.240
2012-05-04-18_34_55.452,61,2,23,0,-15.713,-101.139,1.240
2012-05-04-18_34_55.453,61,3,23,0,-24.716,-101.290,1.740
2012-05-04-18_34_55.453,61,3,23,0,-24.691,-101.202,1.740
2012-05-04-18_34_55.454,61,3,23,0,-24.799,-101.267,1.740
2012-05-04-18_34_55.454,61,4,23,0,-33.713,-101.292,1.140
2012-05-04-18_34_55.455,61,4,23,0,-33.688,-101.203,1.040
2012-05-04-18_34_55.456,61,4,23,0,-33.796,-101.269,1.040
2012-05-04-18_34_55.457,61,5,23,0,-42.732,-101.289,1.540
2012-05-04-18_34_55.457,61,5,23,0,-42.681,-101.338,1.540
2012-05-04-18_34_55.458,61,5,23,0,-42.776,-101.309,1.840
2012-05-04-18_34_55.459,61,6,23,0,-51.758,-101.353,1.540
2012-05-04-18_34_55.459,61,6,23,0,-51.733,-101.264,1.540
2012-05-04-18_34_55.460,61,6,23,0,-51.682,-101.312,1.540
2012-05-04-18_34_55.461,61,7,23,0,-60.653,-101.289,2.240
2012-05-04-18_34_55.461,61,7,23,0,-60.736,-101.266,2.240
2012-05-04-18_34_55.462,61,7,23,0,-60.672,-101.220,2.240
2012-05-04-18_34_55.463,61,0,23,1,-2.182,-101.276,2.040
2012-05-04-18_34_55.463,61,0,23,1,-2.164,-101.189,2.040
2012-05-04-18_34_55.464,61,0,23,1,-2.260,-101.265,2.040
2012-05-04-18_34_55.465,61,1,23,1,-11.212,-101.288,1.940
2012-05-04-18_34_55.466,61,1,23,1,-11.338,-101.221,1.940
2012-05-04-18_34_55.466,61,1,23,1,-11.236,-101.204,1.940
2012-05-04-18_34_55.467,61,2,23,1,-20.147,-101.206,1.440
2012-05-04-18_34_55.468,61,2,23,1,-20.225,-101.195,1.440
2012-05-04-18_34_55.468,61,2,23,1,-20.237,-101.194,1.340
2012-05-04-18_34_55.469,61,3,23,1,-29.169,-101.288,1.540
2012-05-04-18_34_55.470,61,3,23,1,-29.151,-101.202,1.640
2012-05-04-18_34_55.470,61,3,23,1,-29.247,-101.277,1.540
2012-05-04-18_34_55.471,61,4,23,1,-38.165,-101.290,1.140
2012-05-04-18_34_55.472,61,4,23,1,-38.148,-101.203,1.140
2012-05-04-18_34_55.472,61,4,23,1,-38.243,-101.279,1.140
2012-05-04-18_34_55.473,61,5,23,1,-47.191,-101.289,1.640
2012-05-04-18_34_55.473,61,5,23,1,-47.279,-101.265,1.540
2012-05-04-18_34_55.475,61,5,23,1,-47.250,-101.292,1.640
2012-05-04-18_34_55.476,61,6,23,1,-56.211,-101.350,1.540
2012-05-04-18_34_55.476,61,6,23,1,-56.193,-101.264,1.540
2012-05-04-18_34_55.477,61,6,23,1,-56.289,-101.339,1.540
2012-05-04-18_34_55.477,61,7,23,1,-65.183,-101.276,2.140
2012-05-04-18_34_55.478,61,7,23,1,-65.196,-101.275,2.140
2012-05-04-18_34_55.479,61,7,23,1,-65.175,-101.176,2.240
