2012-05-04-11_33_28.393,7,0,0,0,2.216,2.238,12.871
2012-05-04-11_33_28.393,7,0,0,0,2.203,2.241,12.871
2012-05-04-11_33_28.394,7,0,0,0,2.233,2.266,12.871
2012-05-04-11_33_28.413,7,1,0,0,-6.789,2.229,12.471
2012-05-04-11_33_28.414,7,1,0,0,-6.818,2.238,12.471
2012-05-04-11_33_28.415,7,1,0,0,-6.791,2.267,12.471
2012-05-04-11_33_28.416,7,2,0,0,-15.797,2.348,11.971
2012-05-04-11_33_28.418,7,2,0,0,-15.809,2.350,11.971
2012-05-04-11_33_28.418,7,2,0,0,-15.768,2.280,12.071
2012-05-04-11_33_28.422,7,3,0,0,-24.815,2.270,12.271
2012-05-04-11_33_28.423,7,3,0,0,-24.828,2.272,12.271
2012-05-04-11_33_28.424,7,3,0,0,-24.649,2.282,12.271
2012-05-04-11_33_28.424,7,4,0,0,-33.801,2.280,11.271
2012-05-04-11_33_28.425,7,4,0,0,-33.813,2.283,11.271
2012-05-04-11_33_28.425,7,4,0,0,-33.784,2.307,11.271
2012-05-04-11_33_28.426,7,5,0,0,-42.681,2.197,12.271
2012-05-04-11_33_28.427,7,5,0,0,-42.710,2.206,12.271
2012-05-04-11_33_28.428,7,5,0,0,-42.859,2.221,12.371
2012-05-04-11_33_28.429,7,6,0,0,-51.813,2.231,11.271
2012-05-04-11_33_28.429,7,6,0,0,-51.826,2.234,11.271
2012-05-04-11_33_28.430,7,6,0,0,-51.647,2.243,10.771
2012-05-04-11_33_28.431,7,7,0,0,-60.746,2.306,12.571
2012-05-04-11_33_28.432,7,7,0,0,-60.758,2.308,12.571
2012-05-04-11_33_28.433,7,7,0,0,-60.729,2.333,12.471
2012-05-04-11_33_28.433,7,0,0,1,-2.220,2.230,12.572
2012-05-04-11_33_28.434,7,0,0,1,-2.198,2.242,12.472
2012-05-04-11_33_28.435,7,0,0,1,-2.251,2.242,12.572
2012-05-04-11_33_28.437,7,1,0,1,-11.249,2.230,12.372
2012-05-04-11_33_28.438,7,1,0,1,-11.280,2.237,12.372
2012-05-04-11_33_28.438,7,1,0,1,-11.258,2.266,12.272
2012-05-04-11_33_28.439,7,2,0,1,-20.232,2.339,11.772
2012-05-04-11_33_28.440,7,2,0,1,-20.210,2.351,11.772
2012-05-04-11_33_28.441,7,2,0,1,-20.264,2.351,11.772
2012-05-04-11_33_28.442,7,3,0,1,-29.251,2.261,11.972
2012-05-04-11_33_28.442,7,3,0,1,-29.229,2.273,11.872
2012-05-04-11_33_28.443,7,3,0,1,-29.282,2.273,11.872
2012-05-04-11_33_28.443,7,4,0,1,-38.236,2.271,10.772
2012-05-04-11_33_28.444,7,4,0,1,-38.214,2.283,10.772
2012-05-04-11_33_28.445,7,4,0,1,-38.268,2.283,10.672
2012-05-04-11_33_28.446,7,5,0,1,-47.312,2.185,12.072
2012-05-04-11_33_28.447,7,5,0,1,-47.290,2.197,11.972
2012-05-04-11_33_28.447,7,5,0,1,-47.343,2.197,12.072
2012-05-04-11_33_28.448,7,6,0,1,-56.227,2.234,7.872
2012-05-04-11_33_28.448,7,6,0,1,-56.268,2.258,4.372
2012-05-04-11_33_28.449,7,6,0,1,-56.236,2.271,2.472
2012-05-04-11_33_28.450,7,7,0,1,-65.181,2.297,12.472
2012-05-04-11_33_28.451,7,7,0,1,-65.159,2.309,12.372
2012-05-04-11_33_28.452,7,7,0,1,-65.213,2.309,12.372
2012-05-04-11_33_28.453,7,0,1,0,2.264,-2.261,12.878
2012-05-04-11_33_28.454,7,0,1,0,2.243,-2.257,12.878
2012-05-04-11_33_28.455,7,0,1,0,2.269,-2.235,12.878
2012-05-04-11_33_28.456,7,1,1,0,-6.750,-2.269,12.478
2012-05-04-11_33_28.457,7,1,1,0,-6.782,-2.261,12.478
2012-05-04-11_33_28.458,7,1,1,0,-6.760,-2.234,12.478
2012-05-04-11_33_28.459,7,2,1,0,-15.748,-2.151,11.978
2012-05-04-11_33_28.464,7,2,1,0,-15.770,-2.148,11.978
2012-05-04-11_33_28.465,7,2,1,0,-15.731,-2.224,12.078
2012-05-04-11_33_28.465,7,3,1,0,-24.767,-2.229,12.378
2012-05-04-11_33_28.466,7,3,1,0,-24.789,-2.226,12.378
2012-05-04-11_33_28.467,7,3,1,0,-24.762,-2.204,12.278
2012-05-04-11_33_28.467,7,4,1,0,-33.752,-2.219,11.378
2012-05-04-11_33_28.468,7,4,1,0,-33.774,-2.216,11.378
2012-05-04-11_33_28.468,7,4,1,0,-33.747,-2.194,11.278
2012-05-04-11_33_28.469,7,5,1,0,-42.828,-2.305,12.378
2012-05-04-11_33_28.469,7,5,1,0,-42.642,-2.302,12.278
2012-05-04-11_33_28.470,7,5,1,0,-42.849,-2.302,12.378
2012-05-04-11_33_28.471,7,6,1,0,-51.765,-2.268,11.278
2012-05-04-11_33_28.471,7,6,1,0,-51.787,-2.265,11.378
2012-05-04-11_33_28.472,7,6,1,0,-51.760,-2.243,11.078
2012-05-04-11_33_28.472,7,7,1,0,-60.697,-2.194,12.578
2012-05-04-11_33_28.474,7,7,1,0,-60.719,-2.190,12.678
2012-05-04-11_33_28.475,7,7,1,0,-60.692,-2.168,12.578
2012-05-04-11_33_28.476,7,0,1,1,-2.190,-2.267,12.586
2012-05-04-11_33_28.476,7,0,1,1,-2.166,-2.258,12.586
2012-05-04-11_33_28.477,7,0,1,1,-2.220,-2.258,12.586
2012-05-04-11_33_28.478,7,1,1,1,-11.212,-2.270,12.386
2012-05-04-11_33_28.479,7,1,1,1,-11.366,-2.270,12.386
2012-05-04-11_33_28.479,7,1,1,1,-11.222,-2.221,12.186
2012-05-04-11_33_28.480,7,2,1,1,-20.203,-2.158,11.886
2012-05-04-11_33_28.480,7,2,1,1,-20.232,-2.149,11.786
2012-05-04-11_33_28.481,7,2,1,1,-20.203,-2.225,11.886
2012-05-04-11_33_28.482,7,3,1,1,-29.221,-2.236,11.986
2012-05-04-11_33_28.482,7,3,1,1,-29.197,-2.227,11.986
2012-05-04-11_33_28.483,7,3,1,1,-29.251,-2.227,11.986
2012-05-04-11_33_28.483,7,4,1,1,-38.207,-2.226,10.986
2012-05-04-11_33_28.484,7,4,1,1,-38.183,-2.216,10.886
2012-05-04-11_33_28.486,7,4,1,1,-38.236,-2.216,10.886
2012-05-04-11_33_28.486,7,5,1,1,-47.282,-2.312,12.086
2012-05-04-11_33_28.487,7,5,1,1,-47.258,-2.302,12.086
2012-05-04-11_33_28.488,7,5,1,1,-47.312,-2.302,12.086
2012-05-04-11_33_28.489,7,6,1,1,-56.195,-2.265,5.286
2012-05-04-11_33_28.489,7,6,1,1,-56.249,-2.265,7.386
2012-05-04-11_33_28.490,7,6,1,1,-56.232,-2.244,0.386
2012-05-04-11_33_28.491,7,7,1,1,-65.152,-2.200,12.486
2012-05-04-11_33_28.491,7,7,1,1,-65.181,-2.191,12.486
2012-05-04-11_33_28.492,7,7,1,1,-65.152,-2.267,12.586
2012-05-04-11_33_28.493,7,0,2,0,2.301,-6.760,12.890
2012-05-04-11_33_28.493,7,0,2,0,2.272,-6.828,12.990
2012-05-04-11_33_28.494,7,0,2,0,2.279,-6.758,12.890
2012-05-04-11_33_28.495,7,1,2,0,-6.721,-6.768,12.590
2012-05-04-11_33_28.496,7,1,2,0,-6.750,-6.762,12.490
2012-05-04-11_33_28.497,7,1,2,0,-6.726,-6.741,12.490
2012-05-04-11_33_28.497,7,2,2,0,-15.711,-6.650,11.990
2012-05-04-11_33_28.498,7,2,2,0,-15.741,-6.719,12.190
2012-05-04-11_33_28.499,7,2,2,0,-15.733,-6.649,11.990
2012-05-04-11_33_28.500,7,3,2,0,-24.730,-6.728,12.390
2012-05-04-11_33_28.501,7,3,2,0,-24.759,-6.797,12.490
2012-05-04-11_33_28.501,7,3,2,0,-24.752,-6.727,12.290
2012-05-04-11_33_28.502,7,4,2,0,-33.716,-6.718,11.390
2012-05-04-11_33_28.503,7,4,2,0,-33.745,-6.787,11.690
2012-05-04-11_33_28.504,7,4,2,0,-33.738,-6.716,11.290
2012-05-04-11_33_28.505,7,5,2,0,-42.791,-6.804,12.390
2012-05-04-11_33_28.506,7,5,2,0,-42.813,-6.802,12.390
2012-05-04-11_33_28.507,7,5,2,0,-42.642,-6.794,12.190
2012-05-04-11_33_28.507,7,6,2,0,-51.728,-6.767,11.490
2012-05-04-11_33_28.508,7,6,2,0,-51.757,-6.836,11.890
2012-05-04-11_33_28.511,7,6,2,0,-51.750,-6.765,11.190
2012-05-04-11_33_28.512,7,7,2,0,-60.819,-6.777,12.690
2012-05-04-11_33_28.513,7,7,2,0,-60.673,-6.670,12.690
2012-05-04-11_33_28.513,7,7,2,0,-60.697,-6.723,12.690
2012-05-04-11_33_28.514,7,0,2,1,-2.161,-6.766,12.599
2012-05-04-11_33_28.515,7,0,2,1,-2.190,-6.759,12.599
2012-05-04-11_33_28.515,7,0,2,1,-2.185,-6.799,12.599
2012-05-04-11_33_28.516,7,1,2,1,-11.361,-6.778,12.499
2012-05-04-11_33_28.517,7,1,2,1,-11.344,-6.824,12.399
2012-05-04-11_33_28.518,7,1,2,1,-11.190,-6.727,12.199
2012-05-04-11_33_28.519,7,2,2,1,-20.161,-6.756,11.899
2012-05-04-11_33_28.519,7,2,2,1,-20.156,-6.703,11.899
2012-05-04-11_33_28.520,7,2,2,1,-20.203,-6.650,11.799
2012-05-04-11_33_28.521,7,3,2,1,-29.192,-6.735,11.999
2012-05-04-11_33_28.521,7,3,2,1,-29.180,-6.834,12.099
2012-05-04-11_33_28.522,7,3,2,1,-29.175,-6.781,11.999
2012-05-04-11_33_28.522,7,4,2,1,-38.170,-6.723,9.399
2012-05-04-11_33_28.523,7,5,2,1,-47.270,-6.782,0.599
2012-05-04-11_33_28.524,7,5,2,1,-47.246,-6.809,0.599
2012-05-04-11_33_28.524,7,6,2,1,-56.190,-6.774,0.199
2012-05-04-11_33_28.525,7,6,2,1,-56.219,-6.766,0.399
2012-05-04-11_33_28.526,7,6,2,1,-56.214,-6.806,0.199
2012-05-04-11_33_28.527,7,7,2,1,-65.152,-6.692,1.099
2012-05-04-11_33_28.528,7,7,2,1,-65.147,-6.732,1.099
2012-05-04-11_33_28.530,7,0,3,0,2.330,-11.259,12.904
2012-05-04-11_33_28.531,7,0,3,0,2.311,-11.337,13.104
2012-05-04-11_33_28.531,7,0,3,0,2.311,-11.259,12.904
2012-05-04-11_33_28.532,7,1,3,0,-6.682,-11.266,12.604
2012-05-04-11_33_28.533,7,1,3,0,-6.716,-11.259,12.604
2012-05-04-11_33_28.534,7,1,3,0,-6.694,-11.240,12.604
2012-05-04-11_33_28.535,7,2,3,0,-15.655,-11.255,12.304
2012-05-04-11_33_28.536,7,2,3,0,-15.702,-11.228,12.304
2012-05-04-11_33_28.536,7,2,3,0,-15.702,-11.149,12.104
2012-05-04-11_33_28.537,7,3,3,0,-24.701,-11.227,12.404
2012-05-04-11_33_28.538,7,3,3,0,-24.674,-11.333,12.504
2012-05-04-11_33_28.539,7,3,3,0,-24.720,-11.305,12.504
2012-05-04-11_33_28.540,7,4,3,0,-33.686,-11.217,11.404
2012-05-04-11_33_28.540,7,4,3,0,-33.660,-11.323,11.804
2012-05-04-11_33_28.541,7,4,3,0,-33.706,-11.295,11.704
2012-05-04-11_33_28.541,7,5,3,0,-42.762,-11.303,12.304
2012-05-04-11_33_28.542,7,5,3,0,-42.781,-11.303,12.404
2012-05-04-11_33_28.544,7,5,3,0,-42.769,-11.280,12.304
2012-05-04-11_33_28.545,7,6,3,0,-51.699,-11.266,10.904
2012-05-04-11_33_28.545,7,6,3,0,-51.718,-11.344,11.904
2012-05-04-11_33_28.594,7,6,3,0,-51.718,-11.266,11.204
2012-05-04-11_33_28.596,7,7,3,0,-60.651,-11.270,12.704
2012-05-04-11_33_28.598,7,0,3,1,-2.151,-11.257,12.617
2012-05-04-11_33_28.601,7,0,3,1,-2.149,-11.236,12.617
2012-05-04-11_33_28.603,7,1,3,1,-11.319,-11.278,12.417
2012-05-04-11_33_28.606,7,1,3,1,-11.351,-11.269,12.517
2012-05-04-11_33_28.608,7,1,3,1,-11.349,-11.247,12.417
2012-05-04-11_33_28.610,7,3,3,1,-29.151,-11.235,12.017
2012-05-04-11_33_28.612,7,3,3,1,-29.182,-11.226,12.017
2012-05-04-11_33_28.616,7,3,3,1,-29.180,-11.204,12.017
2012-05-04-11_33_28.617,7,5,3,1,-47.241,-11.280,2.117
2012-05-04-11_33_28.618,7,6,3,1,-56.149,-11.273,0.417
2012-05-04-11_33_28.618,7,6,3,1,-56.180,-11.265,0.417
2012-05-04-11_33_28.620,7,6,3,1,-56.178,-11.243,0.517
2012-05-04-11_33_28.620,7,0,4,0,2.362,-15.757,12.924
2012-05-04-11_33_28.622,7,0,4,0,2.340,-15.761,12.924
2012-05-04-11_33_28.625,7,0,4,0,2.311,-15.816,13.024
2012-05-04-11_33_28.625,7,1,4,0,-6.838,-15.769,12.624
2012-05-04-11_33_28.626,7,1,4,0,-6.860,-15.772,12.724
2012-05-04-11_33_28.627,7,1,4,0,-6.845,-15.743,12.624
2012-05-04-11_33_28.627,7,2,4,0,-15.636,-15.759,12.324
2012-05-04-11_33_28.628,7,2,4,0,-15.672,-15.725,12.324
2012-05-04-11_33_28.629,7,2,4,0,-15.702,-15.707,12.224
2012-05-04-11_33_28.630,7,3,4,0,-24.669,-15.726,12.424
2012-05-04-11_33_28.631,7,3,4,0,-24.691,-15.803,12.524
2012-05-04-11_33_28.632,7,3,4,0,-24.691,-15.729,12.424
2012-05-04-11_33_28.632,7,4,4,0,-33.655,-15.716,11.424
2012-05-04-11_33_28.633,7,4,4,0,-33.677,-15.793,11.824
2012-05-04-11_33_28.634,7,4,4,0,-33.677,-15.719,11.524
2012-05-04-11_33_28.635,7,5,4,0,-42.730,-15.802,12.424
2012-05-04-11_33_28.635,7,5,4,0,-42.752,-15.805,12.424
2012-05-04-11_33_28.636,7,5,4,0,-42.781,-15.860,12.524
2012-05-04-11_33_28.637,7,6,4,0,-51.667,-15.765,10.924
2012-05-04-11_33_28.638,7,6,4,0,-51.689,-15.842,11.924
2012-05-04-11_33_28.639,7,6,4,0,-51.689,-15.768,11.424
2012-05-04-11_33_28.639,7,1,4,1,-11.288,-15.780,12.536
2012-05-04-11_33_28.640,7,1,4,1,-11.317,-15.770,12.536
2012-05-04-11_33_28.641,7,1,4,1,-11.302,-15.744,12.436
2012-05-04-11_33_28.642,7,3,4,1,-29.148,-15.727,12.036
2012-05-04-11_33_28.643,7,5,4,1,-47.180,-15.813,0.636
2012-05-04-11_33_28.644,7,5,4,1,-47.209,-15.803,0.636
2012-05-04-11_33_28.644,7,5,4,1,-47.194,-15.776,0.636
2012-05-04-11_33_28.645,7,6,4,1,-56.146,-15.766,0.436
2012-05-04-11_33_28.646,7,6,4,1,-56.131,-15.739,0.236
2012-05-04-11_33_28.647,7,1,5,0,-6.806,-20.273,12.740
2012-05-04-11_33_28.648,7,1,5,0,-6.828,-20.273,12.740
2012-05-04-11_33_28.650,7,1,5,0,-6.813,-20.247,12.740
2012-05-04-11_33_28.650,7,3,5,0,-24.637,-20.230,12.440
2012-05-04-11_33_28.651,7,3,5,0,-24.659,-20.229,12.540
2012-05-04-11_33_28.653,7,3,5,0,-24.645,-20.204,12.540
2012-05-04-11_33_28.654,7,4,5,0,-33.645,-20.219,11.640
2012-05-04-11_33_28.654,7,5,5,0,-42.698,-20.306,12.540
2012-05-04-11_33_28.655,7,5,5,0,-42.720,-20.305,12.540
2012-05-04-11_33_28.655,7,5,5,0,-42.705,-20.279,12.540
2012-05-04-11_33_28.656,7,6,5,0,-51.635,-20.269,11.540
2012-05-04-11_33_28.657,7,6,5,0,-51.657,-20.268,11.640
2012-05-04-11_33_28.658,7,6,5,0,-51.643,-20.242,11.540
2012-05-04-11_33_28.659,7,1,5,1,-11.251,-20.283,12.549
2012-05-04-11_33_28.659,7,1,5,1,-11.283,-20.276,12.649
2012-05-04-11_33_28.660,7,1,5,1,-11.268,-20.247,12.549
2012-05-04-11_33_28.661,7,5,5,1,-47.175,-20.309,12.249
2012-05-04-11_33_28.662,7,1,6,0,-6.774,-24.772,12.753
2012-05-04-11_33_28.663,7,1,6,0,-6.794,-24.773,12.753
2012-05-04-11_33_28.663,7,1,6,0,-6.782,-24.749,12.753
2012-05-04-11_33_28.664,7,5,6,0,-42.652,-24.688,0.753
2012-05-04-11_33_28.665,7,1,6,1,-11.219,-24.779,12.563
2012-05-04-11_33_28.666,7,1,6,1,-11.251,-24.773,12.563
2012-05-04-11_33_28.667,7,1,6,1,-11.234,-24.749,12.563
2012-05-04-11_33_28.667,7,1,7,0,-6.743,-29.272,12.767
2012-05-04-11_33_28.668,7,1,7,0,-6.765,-29.271,12.767
2012-05-04-11_33_28.669,7,1,7,0,-6.752,-29.251,12.767
2012-05-04-11_33_28.670,7,5,7,0,-42.657,-29.304,12.367
2012-05-04-11_33_28.671,7,5,7,0,-42.644,-29.284,12.367
2012-05-04-11_33_28.673,7,1,7,1,-11.183,-29.279,12.580
2012-05-04-11_33_28.674,7,1,7,1,-11.214,-29.273,12.680
2012-05-04-11_33_28.674,7,1,7,1,-11.197,-29.252,12.580
2012-05-04-11_33_28.675,7,1,8,0,-6.711,-33.770,12.787
2012-05-04-11_33_28.678,7,1,8,0,-6.733,-33.769,12.787
2012-05-04-11_33_28.679,7,1,8,0,-6.718,-33.750,12.787
2012-05-04-11_33_28.679,7,1,8,1,-11.146,-33.778,12.598
2012-05-04-11_33_28.680,7,1,8,1,-11.178,-33.771,12.598
2012-05-04-11_33_28.683,7,1,8,1,-11.161,-33.750,12.598
2012-05-04-11_33_28.684,7,1,9,0,-6.677,-38.270,12.803
2012-05-04-11_33_28.684,7,1,9,0,-6.701,-38.269,12.803
2012-05-04-11_33_28.685,7,1,9,0,-6.684,-38.244,12.803
2012-05-04-11_33_28.687,7,1,9,1,-11.141,-38.271,12.712
2012-05-04-11_33_28.688,7,1,10,0,-6.643,-42.773,12.816
2012-05-04-11_33_28.688,7,1,10,0,-6.664,-42.773,12.916
2012-05-04-11_33_28.689,7,1,10,0,-6.650,-42.748,12.816
