2012-05-06-00_31_23.483,424,0,0,0,2.259,2.220,3.396
2012-05-06-00_31_23.484,424,1,0,0,-6.749,2.204,2.796
2012-05-06-00_31_23.485,424,2,0,0,-15.738,2.300,2.496
2012-05-06-00_31_23.486,424,3,0,0,-24.792,2.205,2.796
2012-05-06-00_31_23.487,424,4,0,0,-33.779,2.230,1.996
2012-05-06-00_31_23.488,424,5,0,0,-42.794,2.167,2.696
2012-05-06-00_31_23.489,424,6,0,0,-51.793,2.164,2.596
2012-05-06-00_31_23.490,424,7,0,0,-60.715,2.246,3.296
2012-05-06-00_31_23.491,424,0,0,1,-2.186,2.213,3.596
2012-05-06-00_31_23.493,424,1,0,1,-11.204,2.205,3.096
2012-05-06-00_31_23.494,424,2,0,1,-20.183,2.294,2.596
2012-05-06-00_31_23.495,424,3,0,1,-29.237,2.198,2.596
2012-05-06-00_31_23.496,424,4,0,1,-38.224,2.223,2.296
2012-05-06-00_31_23.497,424,5,0,1,-47.239,2.161,2.496
2012-05-06-00_31_23.498,424,6,0,1,-56.238,2.157,2.696
2012-05-06-00_31_23.499,424,7,0,1,-65.160,2.240,3.396
2012-05-06-00_31_23.500,424,0,1,0,2.271,-2.280,3.612
2012-05-06-00_31_23.501,424,1,1,0,-6.745,-2.290,3.112
2012-05-06-00_31_23.501,424,2,1,0,-15.726,-2.200,2.512
2012-05-06-00_31_23.503,424,3,1,0,-24.781,-2.295,2.812
2012-05-06-00_31_23.503,424,4,1,0,-33.768,-2.270,2.112
2012-05-06-00_31_23.504,424,5,1,0,-42.782,-2.332,2.612
2012-05-06-00_31_23.505,424,6,1,0,-51.781,-2.336,2.712
2012-05-06-00_31_23.506,424,7,1,0,-60.703,-2.254,3.212
2012-05-06-00_31_23.506,424,0,1,1,-2.186,-2.289,3.620
2012-05-06-00_31_23.507,424,1,1,1,-11.202,-2.289,3.119
2012-05-06-00_31_23.509,424,2,1,1,-20.183,-2.209,2.620
2012-05-06-00_31_23.511,424,3,1,1,-29.238,-2.304,2.620
2012-05-06-00_31_23.512,424,4,1,1,-38.225,-2.279,2.020
2012-05-06-00_31_23.513,424,5,1,1,-47.239,-2.342,2.620
2012-05-06-00_31_23.515,424,6,1,1,-56.238,-2.345,2.720
2012-05-06-00_31_23.516,424,7,1,1,-65.160,-2.263,3.320
2012-05-06-00_31_23.517,424,0,2,0,2.271,-6.784,3.628
2012-05-06-00_31_23.519,424,1,2,0,-6.745,-6.788,3.128
2012-05-06-00_31_23.520,424,2,2,0,-15.726,-6.704,2.628
2012-05-06-00_31_23.521,424,3,2,0,-24.781,-6.799,2.928
2012-05-06-00_31_23.523,424,4,2,0,-33.768,-6.774,2.228
2012-05-06-00_31_23.524,424,5,2,0,-42.783,-6.836,2.928
2012-05-06-00_31_23.525,424,6,2,0,-51.781,-6.840,2.828
2012-05-06-00_31_23.526,424,7,2,0,-60.703,-6.758,3.528
2012-05-06-00_31_23.528,424,0,2,1,-2.186,-6.792,3.637
2012-05-06-00_31_23.529,424,1,2,1,-11.202,-6.787,3.137
2012-05-06-00_31_23.530,424,2,2,1,-20.184,-6.712,2.637
2012-05-06-00_31_23.531,424,3,2,1,-29.238,-6.808,2.937
2012-05-06-00_31_23.532,424,4,2,1,-38.225,-6.783,2.337
2012-05-06-00_31_23.534,424,5,2,1,-47.240,-6.845,2.637
2012-05-06-00_31_23.535,424,6,2,1,-56.239,-6.848,2.837
2012-05-06-00_31_23.536,424,7,2,1,-65.161,-6.766,3.437
2012-05-06-00_31_23.538,424,0,3,0,2.270,-11.282,3.647
2012-05-06-00_31_23.539,424,1,3,0,-6.743,-11.286,3.247
2012-05-06-00_31_23.540,424,2,3,0,-15.727,-11.202,2.547
2012-05-06-00_31_23.541,424,3,3,0,-24.781,-11.297,2.847
2012-05-06-00_31_23.541,424,4,3,0,-33.769,-11.272,2.347
2012-05-06-00_31_23.543,424,5,3,0,-42.783,-11.334,2.747
2012-05-06-00_31_23.544,424,6,3,0,-51.782,-11.338,2.847
2012-05-06-00_31_23.545,424,7,3,0,-60.704,-11.256,3.347
2012-05-06-00_31_23.546,424,0,3,1,-2.187,-11.288,3.659
2012-05-06-00_31_23.547,424,1,3,1,-11.200,-11.286,3.259
2012-05-06-00_31_23.549,424,2,3,1,-20.184,-11.208,2.659
2012-05-06-00_31_23.550,424,3,3,1,-29.239,-11.303,2.959
2012-05-06-00_31_23.555,424,4,3,1,-38.226,-11.278,2.459
2012-05-06-00_31_23.556,424,5,3,1,-47.240,-11.341,2.659
2012-05-06-00_31_23.557,424,6,3,1,-56.239,-11.344,2.759
2012-05-06-00_31_23.558,424,7,3,1,-65.161,-11.262,3.259
2012-05-06-00_31_23.559,424,0,4,0,2.270,-15.782,3.673
2012-05-06-00_31_23.560,424,1,4,0,-6.741,-15.794,3.173
2012-05-06-00_31_23.561,424,2,4,0,-15.727,-15.701,2.573
2012-05-06-00_31_23.562,424,3,4,0,-24.782,-15.797,2.873
2012-05-06-00_31_23.563,424,4,4,0,-33.769,-15.772,2.073
2012-05-06-00_31_23.564,424,5,4,0,-42.784,-15.834,2.573
2012-05-06-00_31_23.567,424,6,4,0,-51.782,-15.838,2.673
2012-05-06-00_31_23.568,424,7,4,0,-60.704,-15.755,3.373
2012-05-06-00_31_23.569,424,0,4,1,-2.187,-15.788,3.683
2012-05-06-00_31_23.570,424,1,4,1,-11.203,-15.794,3.082
2012-05-06-00_31_23.571,424,2,4,1,-20.184,-15.708,2.683
2012-05-06-00_31_23.572,424,3,4,1,-29.239,-15.804,2.883
2012-05-06-00_31_23.574,424,4,4,1,-38.226,-15.779,2.183
2012-05-06-00_31_23.574,424,5,4,1,-47.241,-15.841,2.483
2012-05-06-00_31_23.575,424,6,4,1,-56.239,-15.844,2.683
2012-05-06-00_31_23.576,424,7,4,1,-65.161,-15.762,3.283
2012-05-06-00_31_23.578,424,0,5,0,2.270,-20.280,3.691
2012-05-06-00_31_23.579,424,1,5,0,-6.742,-20.297,3.192
2012-05-06-00_31_23.580,424,2,5,0,-15.728,-20.200,2.591
2012-05-06-00_31_23.583,424,3,5,0,-24.782,-20.295,2.891
2012-05-06-00_31_23.584,424,4,5,0,-33.769,-20.270,2.291
2012-05-06-00_31_23.585,424,5,5,0,-42.784,-20.333,2.691
2012-05-06-00_31_23.586,424,6,5,0,-51.783,-20.336,2.791
2012-05-06-00_31_23.588,424,7,5,0,-60.705,-20.254,3.291
2012-05-06-00_31_23.589,424,0,5,1,-2.185,-20.288,3.700
2012-05-06-00_31_23.590,424,1,5,1,-11.206,-20.297,3.100
2012-05-06-00_31_23.591,424,2,5,1,-20.182,-20.208,2.600
2012-05-06-00_31_23.593,424,3,5,1,-29.237,-20.303,2.900
2012-05-06-00_31_23.594,424,4,5,1,-38.224,-20.278,2.200
2012-05-06-00_31_23.595,424,5,5,1,-47.239,-20.341,2.600
2012-05-06-00_31_23.596,424,6,5,1,-56.237,-20.344,2.800
2012-05-06-00_31_23.597,424,7,5,1,-65.159,-20.262,3.500
2012-05-06-00_31_23.598,424,0,6,0,2.269,-24.780,3.710
2012-05-06-00_31_23.599,424,1,6,0,-6.739,-24.791,3.210
2012-05-06-00_31_23.600,424,2,6,0,-15.728,-24.700,2.610
2012-05-06-00_31_23.601,424,3,6,0,-24.783,-24.795,2.910
2012-05-06-00_31_23.602,424,4,6,0,-33.770,-24.770,2.110
2012-05-06-00_31_23.604,424,5,6,0,-42.784,-24.832,2.610
2012-05-06-00_31_23.605,424,6,6,0,-51.783,-24.836,2.710
2012-05-06-00_31_23.606,424,7,6,0,-60.705,-24.754,3.510
2012-05-06-00_31_23.607,424,0,6,1,-2.183,-24.789,3.722
2012-05-06-00_31_23.608,424,1,6,1,-11.209,-24.790,3.222
2012-05-06-00_31_23.609,424,2,6,1,-20.180,-24.709,2.622
2012-05-06-00_31_23.610,424,3,6,1,-29.235,-24.805,3.022
2012-05-06-00_31_23.611,424,4,6,1,-38.222,-24.780,2.122
2012-05-06-00_31_23.611,424,5,6,1,-47.237,-24.842,2.722
2012-05-06-00_31_23.612,424,6,6,1,-56.235,-24.846,2.922
2012-05-06-00_31_23.613,424,7,6,1,-65.157,-24.763,3.422
2012-05-06-00_31_23.614,424,0,7,0,2.269,-29.284,3.735
2012-05-06-00_31_23.614,424,1,7,0,-6.740,-29.288,3.135
2012-05-06-00_31_23.616,424,2,7,0,-15.728,-29.204,2.735
2012-05-06-00_31_23.616,424,3,7,0,-24.783,-29.299,2.935
2012-05-06-00_31_23.617,424,4,7,0,-33.770,-29.274,2.535
2012-05-06-00_31_23.618,424,5,7,0,-42.785,-29.337,2.735
2012-05-06-00_31_23.621,424,6,7,0,-51.784,-29.340,2.935
2012-05-06-00_31_23.630,424,7,7,0,-60.705,-29.258,3.435
2012-05-06-00_31_23.631,424,0,7,1,-2.184,-29.291,3.745
2012-05-06-00_31_23.634,424,1,7,1,-11.212,-29.287,3.244
2012-05-06-00_31_23.635,424,2,7,1,-20.181,-29.211,2.745
2012-05-06-00_31_23.636,424,3,7,1,-29.235,-29.306,2.945
2012-05-06-00_31_23.645,424,4,7,1,-38.223,-29.281,2.345
2012-05-06-00_31_23.646,424,5,7,1,-47.237,-29.343,2.745
2012-05-06-00_31_23.647,424,6,7,1,-56.236,-29.347,2.945
2012-05-06-00_31_23.648,424,7,7,1,-65.158,-29.265,3.545
2012-05-06-00_31_23.648,424,0,8,0,2.273,-33.782,3.654
2012-05-06-00_31_23.649,424,1,8,0,-6.743,-33.785,3.254
2012-05-06-00_31_23.650,424,2,8,0,-15.724,-33.702,2.654
2012-05-06-00_31_23.651,424,3,8,0,-24.779,-33.798,2.954
2012-05-06-00_31_23.651,424,4,8,0,-33.766,-33.773,2.454
2012-05-06-00_31_23.652,424,5,8,0,-42.780,-33.835,2.754
2012-05-06-00_31_23.653,424,6,8,0,-51.779,-33.839,2.954
2012-05-06-00_31_23.654,424,7,8,0,-60.701,-33.756,3.554
2012-05-06-00_31_23.655,424,0,8,1,-2.182,-33.788,3.763
2012-05-06-00_31_23.656,424,1,8,1,-11.212,-33.785,3.262
2012-05-06-00_31_23.657,424,2,8,1,-20.179,-33.708,2.763
2012-05-06-00_31_23.658,424,3,8,1,-29.233,-33.803,3.063
2012-05-06-00_31_23.659,424,4,8,1,-38.221,-33.778,2.463
2012-05-06-00_31_23.659,424,5,8,1,-47.235,-33.840,2.763
2012-05-06-00_31_23.660,424,6,8,1,-56.234,-33.844,2.863
2012-05-06-00_31_23.661,424,7,8,1,-65.156,-33.762,3.463
2012-05-06-00_31_23.662,424,0,9,0,2.275,-38.282,3.773
2012-05-06-00_31_23.663,424,1,9,0,-6.746,-38.293,3.273
2012-05-06-00_31_23.664,424,2,9,0,-15.722,-38.202,2.773
2012-05-06-00_31_23.665,424,3,9,0,-24.777,-38.298,2.973
2012-05-06-00_31_23.666,424,4,9,0,-33.764,-38.272,2.373
2012-05-06-00_31_23.667,424,5,9,0,-42.778,-38.335,2.673
2012-05-06-00_31_23.668,424,6,9,0,-51.777,-38.338,2.773
2012-05-06-00_31_23.669,424,7,9,0,-60.699,-38.256,3.373
2012-05-06-00_31_23.670,424,0,9,1,-2.185,-38.288,3.685
2012-05-06-00_31_23.671,424,1,9,1,-11.210,-38.293,3.185
2012-05-06-00_31_23.672,424,2,9,1,-20.182,-38.208,2.785
2012-05-06-00_31_23.673,424,3,9,1,-29.236,-38.304,2.985
2012-05-06-00_31_23.674,424,4,9,1,-38.223,-38.279,2.285
2012-05-06-00_31_23.675,424,5,9,1,-47.238,-38.341,2.785
2012-05-06-00_31_23.676,424,6,9,1,-56.237,-38.344,2.985
2012-05-06-00_31_23.676,424,7,9,1,-65.159,-38.262,3.585
2012-05-06-00_31_23.677,424,0,10,0,2.275,-42.780,3.698
2012-05-06-00_31_23.678,424,1,10,0,-6.748,-42.796,3.298
2012-05-06-00_31_23.679,424,2,10,0,-15.722,-42.700,2.798
2012-05-06-00_31_23.680,424,3,10,0,-24.777,-42.795,2.998
2012-05-06-00_31_23.681,424,4,10,0,-33.764,-42.770,2.298
2012-05-06-00_31_23.682,424,5,10,0,-42.779,-42.832,2.798
2012-05-06-00_31_23.683,424,6,10,0,-51.777,-42.836,2.998
2012-05-06-00_31_23.684,424,7,10,0,-60.699,-42.754,3.398
2012-05-06-00_31_23.685,424,0,10,1,-2.187,-42.788,3.808
2012-05-06-00_31_23.686,424,1,10,1,-11.213,-42.796,3.208
2012-05-06-00_31_23.687,424,2,10,1,-20.185,-42.708,2.708
2012-05-06-00_31_23.689,424,3,10,1,-29.239,-42.803,3.108
2012-05-06-00_31_23.691,424,4,10,1,-38.226,-42.778,2.508
2012-05-06-00_31_23.692,424,5,10,1,-47.241,-42.840,2.808
2012-05-06-00_31_23.693,424,6,10,1,-56.240,-42.844,3.008
2012-05-06-00_31_23.694,424,7,10,1,-65.162,-42.762,3.508
2012-05-06-00_31_23.695,424,0,11,0,2.274,-47.279,3.717
2012-05-06-00_31_23.695,424,1,11,0,-6.749,-47.291,3.317
2012-05-06-00_31_23.696,424,2,11,0,-15.723,-47.199,2.717
2012-05-06-00_31_23.699,424,3,11,0,-24.777,-47.295,3.117
2012-05-06-00_31_23.700,424,4,11,0,-33.765,-47.270,2.417
2012-05-06-00_31_23.701,424,5,11,0,-42.779,-47.332,2.717
2012-05-06-00_31_23.702,424,6,11,0,-51.778,-47.336,3.017
2012-05-06-00_31_23.703,424,7,11,0,-60.700,-47.253,3.417
2012-05-06-00_31_23.704,424,0,11,1,-2.190,-47.290,3.826
2012-05-06-00_31_23.705,424,1,11,1,-11.213,-47.290,3.326
2012-05-06-00_31_23.706,424,2,11,1,-20.187,-47.210,2.726
2012-05-06-00_31_23.706,424,3,11,1,-29.242,-47.305,2.826
2012-05-06-00_31_23.707,424,4,11,1,-38.229,-47.280,2.526
2012-05-06-00_31_23.709,424,5,11,1,-47.244,-47.342,2.826
2012-05-06-00_31_23.709,424,6,11,1,-56.242,-47.346,3.026
2012-05-06-00_31_23.710,424,7,11,1,-65.164,-47.264,3.626
2012-05-06-00_31_23.711,424,0,12,0,2.276,-51.785,3.636
2012-05-06-00_31_23.713,424,1,12,0,-6.752,-51.788,3.336
2012-05-06-00_31_23.713,424,2,12,0,-15.721,-51.705,2.736
2012-05-06-00_31_23.714,424,3,12,0,-24.776,-51.800,3.036
2012-05-06-00_31_23.715,424,4,12,0,-33.763,-51.775,2.236
2012-05-06-00_31_23.716,424,5,12,0,-42.777,-51.837,2.736
2012-05-06-00_31_23.716,424,6,12,0,-51.776,-51.841,3.036
2012-05-06-00_31_23.717,424,7,12,0,-60.698,-51.759,3.536
2012-05-06-00_31_23.718,424,0,12,1,-2.191,-51.792,3.849
2012-05-06-00_31_23.719,424,1,12,1,-11.211,-51.788,3.349
2012-05-06-00_31_23.720,424,2,12,1,-20.188,-51.712,2.749
2012-05-06-00_31_23.721,424,3,12,1,-29.242,-51.807,3.049
2012-05-06-00_31_23.722,424,4,12,1,-38.230,-51.782,2.549
2012-05-06-00_31_23.723,424,5,12,1,-47.244,-51.845,2.849
2012-05-06-00_31_23.724,424,6,12,1,-56.243,-51.848,3.049
2012-05-06-00_31_23.724,424,7,12,1,-65.165,-51.766,3.649
2012-05-06-00_31_23.725,424,0,13,0,2.273,-56.282,3.762
2012-05-06-00_31_23.726,424,1,13,0,-6.752,-56.286,3.362
2012-05-06-00_31_23.727,424,2,13,0,-15.724,-56.202,2.762
2012-05-06-00_31_23.729,424,3,13,0,-24.778,-56.297,2.962
2012-05-06-00_31_23.730,424,4,13,0,-33.765,-56.272,2.362
2012-05-06-00_31_23.731,424,5,13,0,-42.780,-56.334,2.762
2012-05-06-00_31_23.731,424,6,13,0,-51.779,-56.338,2.862
2012-05-06-00_31_23.732,424,7,13,0,-60.701,-56.256,3.462
2012-05-06-00_31_23.732,424,0,13,1,-2.194,-56.288,3.872
2012-05-06-00_31_23.733,424,1,13,1,-11.212,-56.286,3.371
2012-05-06-00_31_23.734,424,2,13,1,-20.191,-56.208,2.772
2012-05-06-00_31_23.735,424,3,13,1,-29.245,-56.303,2.872
2012-05-06-00_31_23.736,424,4,13,1,-38.232,-56.278,2.372
2012-05-06-00_31_23.737,424,5,13,1,-47.247,-56.341,2.872
2012-05-06-00_31_23.738,424,6,13,1,-56.246,-56.344,2.872
2012-05-06-00_31_23.739,424,7,13,1,-65.168,-56.262,3.672
2012-05-06-00_31_23.740,424,0,14,0,2.273,-60.782,3.779
2012-05-06-00_31_23.741,424,1,14,0,-6.753,-60.793,3.379
2012-05-06-00_31_23.742,424,2,14,0,-15.724,-60.702,2.779
2012-05-06-00_31_23.743,424,3,14,0,-24.779,-60.797,3.079
2012-05-06-00_31_23.744,424,4,14,0,-33.766,-60.772,2.579
2012-05-06-00_31_23.744,424,5,14,0,-42.780,-60.834,2.779
2012-05-06-00_31_23.745,424,6,14,0,-51.779,-60.838,2.979
2012-05-06-00_31_23.748,424,7,14,0,-60.701,-60.756,3.779
2012-05-06-00_31_23.749,424,0,14,1,-2.196,-60.788,3.788
2012-05-06-00_31_23.750,424,1,14,1,-11.212,-60.794,3.388
2012-05-06-00_31_23.751,424,2,14,1,-20.194,-60.708,2.788
2012-05-06-00_31_23.752,424,3,14,1,-29.248,-60.803,2.988
2012-05-06-00_31_23.752,424,4,14,1,-38.235,-60.778,2.588
2012-05-06-00_31_23.753,424,5,14,1,-47.250,-60.841,2.888
2012-05-06-00_31_23.755,424,6,14,1,-56.249,-60.844,2.988
2012-05-06-00_31_23.756,424,7,14,1,-65.171,-60.762,3.688
2012-05-06-00_31_23.758,424,0,15,0,2.273,-65.280,3.797
2012-05-06-00_31_23.759,424,1,15,0,-6.753,-65.297,3.397
2012-05-06-00_31_23.760,424,2,15,0,-15.725,-65.200,2.797
2012-05-06-00_31_23.761,424,3,15,0,-24.779,-65.295,3.097
2012-05-06-00_31_23.762,424,4,15,0,-33.766,-65.270,2.597
2012-05-06-00_31_23.763,424,5,15,0,-42.781,-65.332,2.797
2012-05-06-00_31_23.764,424,6,15,0,-51.780,-65.336,2.897
2012-05-06-00_31_23.765,424,7,15,0,-60.702,-65.254,3.397
2012-05-06-00_31_23.766,424,0,15,1,-2.194,-65.288,3.810
2012-05-06-00_31_23.767,424,1,15,1,-11.205,-65.296,3.410
2012-05-06-00_31_23.767,424,2,15,1,-20.191,-65.208,2.810
2012-05-06-00_31_23.768,424,3,15,1,-29.246,-65.303,2.910
2012-05-06-00_31_23.769,424,4,15,1,-38.233,-65.278,2.510
2012-05-06-00_31_23.770,424,5,15,1,-47.248,-65.340,2.910
2012-05-06-00_31_23.771,424,6,15,1,-56.247,-65.344,2.910
2012-05-06-00_31_23.772,424,7,15,1,-65.169,-65.262,3.610
2012-05-06-00_31_23.773,424,0,16,0,2.270,-69.779,3.923
2012-05-06-00_31_23.774,424,1,16,0,-6.749,-69.790,3.323
2012-05-06-00_31_23.775,424,2,16,0,-15.727,-69.699,2.823
2012-05-06-00_31_23.776,424,3,16,0,-24.782,-69.795,3.123
2012-05-06-00_31_23.777,424,4,16,0,-33.769,-69.770,2.323
2012-05-06-00_31_23.778,424,5,16,0,-42.784,-69.832,2.823
2012-05-06-00_31_23.779,424,6,16,0,-51.782,-69.836,2.923
2012-05-06-00_31_23.781,424,7,16,0,-60.704,-69.753,3.623
2012-05-06-00_31_23.782,424,0,16,1,-2.195,-69.789,3.834
2012-05-06-00_31_23.783,424,1,16,1,-11.208,-69.790,3.334
2012-05-06-00_31_23.784,424,2,16,1,-20.192,-69.708,2.834
2012-05-06-00_31_23.785,424,3,16,1,-29.247,-69.804,2.934
2012-05-06-00_31_23.786,424,4,16,1,-38.234,-69.779,2.634
2012-05-06-00_31_23.788,424,5,16,1,-47.248,-69.841,2.734
2012-05-06-00_31_23.789,424,6,16,1,-56.247,-69.845,3.034
2012-05-06-00_31_23.790,424,7,16,1,-65.169,-69.762,3.534
2012-05-06-00_31_23.792,424,0,17,0,2.267,-74.284,3.842
2012-05-06-00_31_23.793,424,1,17,0,-6.749,-74.288,3.442
2012-05-06-00_31_23.794,424,2,17,0,-15.730,-74.204,2.842
2012-05-06-00_31_23.795,424,3,17,0,-24.785,-74.299,3.042
2012-05-06-00_31_23.796,424,4,17,0,-33.772,-74.274,2.442
2012-05-06-00_31_23.797,424,5,17,0,-42.787,-74.336,2.842
2012-05-06-00_31_23.798,424,6,17,0,-51.785,-74.340,2.942
2012-05-06-00_31_23.798,424,7,17,0,-60.707,-74.258,3.542
2012-05-06-00_31_23.799,424,0,17,1,-2.193,-74.291,3.852
2012-05-06-00_31_23.800,424,1,17,1,-11.209,-74.287,3.451
2012-05-06-00_31_23.801,424,2,17,1,-20.190,-74.211,2.852
2012-05-06-00_31_23.802,424,3,17,1,-29.245,-74.307,2.952
2012-05-06-00_31_23.803,424,4,17,1,-38.232,-74.282,2.352
2012-05-06-00_31_23.804,424,5,17,1,-47.246,-74.344,2.852
2012-05-06-00_31_23.805,424,6,17,1,-56.245,-74.348,2.952
2012-05-06-00_31_23.806,424,7,17,1,-65.167,-74.265,3.652
2012-05-06-00_31_23.807,424,0,18,0,2.264,-78.782,3.862
2012-05-06-00_31_23.808,424,1,18,0,-6.747,-78.785,3.462
2012-05-06-00_31_23.808,424,2,18,0,-15.733,-78.702,2.862
2012-05-06-00_31_23.809,424,3,18,0,-24.788,-78.797,3.062
2012-05-06-00_31_23.810,424,4,18,0,-33.775,-78.772,2.562
2012-05-06-00_31_23.811,424,5,18,0,-42.789,-78.834,2.862
2012-05-06-00_31_23.812,424,6,18,0,-51.788,-78.838,2.962
2012-05-06-00_31_23.813,424,7,18,0,-60.710,-78.756,3.762
2012-05-06-00_31_23.813,424,0,18,1,-2.193,-78.788,3.875
2012-05-06-00_31_23.814,424,1,18,1,-11.211,-78.785,3.474
2012-05-06-00_31_23.815,424,2,18,1,-20.190,-78.708,2.875
2012-05-06-00_31_23.816,424,3,18,1,-29.245,-78.803,3.175
2012-05-06-00_31_23.817,424,4,18,1,-38.232,-78.778,2.275
2012-05-06-00_31_23.818,424,5,18,1,-47.247,-78.841,2.875
2012-05-06-00_31_23.819,424,6,18,1,-56.245,-78.844,2.975
2012-05-06-00_31_23.820,424,7,18,1,-65.167,-78.762,3.775
2012-05-06-00_31_23.821,424,0,19,0,2.264,-83.282,3.887
2012-05-06-00_31_23.824,424,1,19,0,-6.747,-83.293,3.487
2012-05-06-00_31_23.825,424,2,19,0,-15.734,-83.202,2.887
2012-05-06-00_31_23.825,424,3,19,0,-24.788,-83.297,3.187
2012-05-06-00_31_23.826,424,4,19,0,-33.775,-83.272,2.287
2012-05-06-00_31_23.827,424,5,19,0,-42.790,-83.334,2.887
2012-05-06-00_31_23.828,424,6,19,0,-51.789,-83.338,2.987
2012-05-06-00_31_23.828,424,7,19,0,-60.711,-83.256,3.587
2012-05-06-00_31_23.829,424,0,19,1,-2.194,-83.288,3.997
2012-05-06-00_31_23.830,424,1,19,1,-11.214,-83.293,3.397
2012-05-06-00_31_23.831,424,2,19,1,-20.191,-83.208,2.897
2012-05-06-00_31_23.832,424,3,19,1,-29.245,-83.304,2.897
2012-05-06-00_31_23.833,424,4,19,1,-38.233,-83.279,2.697
2012-05-06-00_31_23.834,424,5,19,1,-47.247,-83.341,2.997
2012-05-06-00_31_23.834,424,6,19,1,-56.246,-83.344,3.097
2012-05-06-00_31_23.835,424,7,19,1,-65.168,-83.262,3.797
2012-05-06-00_31_23.836,424,0,20,0,2.268,-87.780,3.905
2012-05-06-00_31_23.837,424,1,20,0,-6.748,-87.796,3.405
2012-05-06-00_31_23.838,424,2,20,0,-15.729,-87.700,2.905
2012-05-06-00_31_23.839,424,3,20,0,-24.784,-87.795,3.205
2012-05-06-00_31_23.839,424,4,20,0,-33.771,-87.770,2.605
2012-05-06-00_31_23.840,424,5,20,0,-42.785,-87.832,2.905
2012-05-06-00_31_23.841,424,6,20,0,-51.784,-87.836,3.005
2012-05-06-00_31_23.842,424,7,20,0,-60.706,-87.754,3.805
2012-05-06-00_31_23.843,424,0,20,1,-2.192,-87.788,3.914
2012-05-06-00_31_23.844,424,1,20,1,-11.212,-87.796,3.414
2012-05-06-00_31_23.845,424,2,20,1,-20.189,-87.708,2.914
2012-05-06-00_31_23.846,424,3,20,1,-29.243,-87.804,3.214
2012-05-06-00_31_23.847,424,4,20,1,-38.230,-87.779,2.714
2012-05-06-00_31_23.848,424,5,20,1,-47.245,-87.841,2.914
2012-05-06-00_31_23.849,424,6,20,1,-56.244,-87.845,3.114
2012-05-06-00_31_23.849,424,7,20,1,-65.166,-87.762,3.814
2012-05-06-00_31_23.850,424,0,21,0,2.268,-92.279,4.024
2012-05-06-00_31_23.852,424,1,21,0,-6.751,-92.291,3.424
2012-05-06-00_31_23.853,424,2,21,0,-15.729,-92.199,2.924
2012-05-06-00_31_23.854,424,3,21,0,-24.784,-92.294,3.124
2012-05-06-00_31_23.855,424,4,21,0,-33.771,-92.269,2.624
2012-05-06-00_31_23.856,424,5,21,0,-42.786,-92.332,2.924
2012-05-06-00_31_23.857,424,6,21,0,-51.785,-92.335,3.024
2012-05-06-00_31_23.858,424,7,21,0,-60.706,-92.253,3.624
2012-05-06-00_31_23.859,424,0,21,1,-2.194,-92.290,4.037
2012-05-06-00_31_23.859,424,1,21,1,-11.213,-92.291,3.437
2012-05-06-00_31_23.860,424,2,21,1,-20.192,-92.210,2.937
2012-05-06-00_31_23.861,424,3,21,1,-29.246,-92.305,2.937
2012-05-06-00_31_23.862,424,4,21,1,-38.233,-92.280,2.537
2012-05-06-00_31_23.863,424,5,21,1,-47.248,-92.342,3.037
2012-05-06-00_31_23.864,424,6,21,1,-56.247,-92.346,3.037
2012-05-06-00_31_23.865,424,7,21,1,-65.169,-92.264,3.737
2012-05-06-00_31_23.866,424,0,22,0,2.267,-96.784,3.949
2012-05-06-00_31_23.866,424,1,22,0,-6.754,-96.789,3.550
2012-05-06-00_31_23.867,424,2,22,0,-15.730,-96.704,2.949
2012-05-06-00_31_23.868,424,3,22,0,-24.785,-96.799,3.249
2012-05-06-00_31_23.869,424,4,22,0,-33.772,-96.774,2.549
2012-05-06-00_31_23.870,424,5,22,0,-42.786,-96.836,2.949
2012-05-06-00_31_23.871,424,6,22,0,-51.785,-96.840,3.049
2012-05-06-00_31_23.871,424,7,22,0,-60.707,-96.758,3.849
2012-05-06-00_31_23.874,424,0,22,1,-2.188,-96.793,4.058
2012-05-06-00_31_23.875,424,1,22,1,-11.213,-96.789,3.458
2012-05-06-00_31_23.876,424,2,22,1,-20.185,-96.713,2.958
2012-05-06-00_31_23.876,424,3,22,1,-29.239,-96.808,3.058
2012-05-06-00_31_23.877,424,4,22,1,-38.226,-96.783,2.758
2012-05-06-00_31_23.878,424,5,22,1,-47.241,-96.845,2.958
2012-05-06-00_31_23.878,424,6,22,1,-56.240,-96.849,3.158
2012-05-06-00_31_23.879,424,7,22,1,-65.162,-96.766,3.858
2012-05-06-00_31_23.880,424,0,23,0,2.267,-101.281,4.068
2012-05-06-00_31_23.881,424,1,23,0,-6.754,-101.287,3.468
2012-05-06-00_31_23.882,424,2,23,0,-15.730,-101.201,2.968
2012-05-06-00_31_23.883,424,3,23,0,-24.785,-101.297,3.268
2012-05-06-00_31_23.885,424,4,23,0,-33.772,-101.272,2.768
2012-05-06-00_31_23.887,424,5,23,0,-42.787,-101.334,2.968
2012-05-06-00_31_23.888,424,6,23,0,-51.785,-101.338,2.968
2012-05-06-00_31_23.889,424,7,23,0,-60.707,-101.255,3.568
2012-05-06-00_31_23.890,424,0,23,1,-2.181,-101.280,3.968
2012-05-06-00_31_23.890,424,1,23,1,-11.209,-101.287,3.568
2012-05-06-00_31_23.892,424,2,23,1,-20.178,-101.200,2.968
2012-05-06-00_31_23.893,424,3,23,1,-29.232,-101.295,2.968
2012-05-06-00_31_23.893,424,4,23,1,-38.219,-101.270,2.668
2012-05-06-00_31_23.894,424,5,23,1,-47.234,-101.332,3.068
2012-05-06-00_31_23.896,424,6,23,1,-56.233,-101.336,3.068
2012-05-06-00_31_23.897,424,7,23,1,-65.155,-101.254,3.768
