2012-05-05-20_14_48.535,153,0,0,0,2.259,2.220,3.496
2012-05-05-20_14_48.536,153,1,0,0,-6.747,2.205,2.896
2012-05-05-20_14_48.537,153,2,0,0,-15.738,2.300,2.496
2012-05-05-20_14_48.538,153,3,0,0,-24.792,2.205,2.596
2012-05-05-20_14_48.539,153,4,0,0,-33.779,2.230,1.896
2012-05-05-20_14_48.540,153,5,0,0,-42.794,2.167,2.696
2012-05-05-20_14_48.569,153,6,0,0,-51.793,2.164,2.596
2012-05-05-20_14_48.570,153,7,0,0,-60.715,2.246,3.296
2012-05-05-20_14_48.572,153,0,0,1,-2.186,2.213,3.596
2012-05-05-20_14_48.574,153,1,0,1,-11.204,2.205,3.096
2012-05-05-20_14_48.575,153,2,0,1,-20.183,2.293,2.596
2012-05-05-20_14_48.576,153,3,0,1,-29.237,2.198,2.596
2012-05-05-20_14_48.577,153,4,0,1,-38.224,2.223,2.196
2012-05-05-20_14_48.578,153,5,0,1,-47.239,2.161,2.496
2012-05-05-20_14_48.579,153,6,0,1,-56.238,2.157,2.796
2012-05-05-20_14_48.580,153,7,0,1,-65.160,2.239,3.496
2012-05-05-20_14_48.581,153,0,1,0,2.271,-2.280,3.612
2012-05-05-20_14_48.582,153,1,1,0,-6.745,-2.290,3.112
2012-05-05-20_14_48.583,153,2,1,0,-15.726,-2.200,2.612
2012-05-05-20_14_48.583,153,3,1,0,-24.781,-2.295,2.812
2012-05-05-20_14_48.584,153,4,1,0,-33.768,-2.270,2.012
2012-05-05-20_14_48.584,153,5,1,0,-42.782,-2.333,2.512
2012-05-05-20_14_48.585,153,6,1,0,-51.781,-2.336,2.712
2012-05-05-20_14_48.585,153,7,1,0,-60.703,-2.254,3.312
2012-05-05-20_14_48.586,153,0,1,1,-2.188,-2.289,3.719
2012-05-05-20_14_48.586,153,1,1,1,-11.204,-2.290,3.219
2012-05-05-20_14_48.642,153,2,1,1,-20.186,-2.208,2.619
2012-05-05-20_14_48.644,153,3,1,1,-29.240,-2.304,2.519
2012-05-05-20_14_48.645,153,4,1,1,-38.227,-2.279,2.019
2012-05-05-20_14_48.646,153,5,1,1,-47.242,-2.341,2.519
2012-05-05-20_14_48.648,153,6,1,1,-56.241,-2.345,2.719
2012-05-05-20_14_48.649,153,7,1,1,-65.163,-2.262,3.319
2012-05-05-20_14_48.652,153,0,2,0,2.271,-6.784,3.628
2012-05-05-20_14_48.654,153,1,2,0,-6.745,-6.787,3.228
2012-05-05-20_14_48.659,153,2,2,0,-15.726,-6.704,2.528
2012-05-05-20_14_48.660,153,3,2,0,-24.781,-6.800,2.828
2012-05-05-20_14_48.661,153,4,2,0,-33.768,-6.775,2.228
2012-05-05-20_14_48.662,153,5,2,0,-42.783,-6.837,2.828
2012-05-05-20_14_48.662,153,6,2,0,-51.781,-6.841,2.728
2012-05-05-20_14_48.663,153,7,2,0,-60.703,-6.758,3.528
2012-05-05-20_14_48.664,153,0,2,1,-2.189,-6.792,3.637
2012-05-05-20_14_48.665,153,1,2,1,-11.202,-6.787,3.137
2012-05-05-20_14_48.665,153,2,2,1,-20.186,-6.712,2.637
2012-05-05-20_14_48.666,153,3,2,1,-29.241,-6.807,2.637
2012-05-05-20_14_48.667,153,4,2,1,-38.228,-6.782,2.337
2012-05-05-20_14_48.668,153,5,2,1,-47.242,-6.845,2.537
2012-05-05-20_14_48.668,153,6,2,1,-56.241,-6.848,2.837
2012-05-05-20_14_48.669,153,7,2,1,-65.163,-6.766,3.437
2012-05-05-20_14_48.670,153,0,3,0,2.273,-11.282,3.647
2012-05-05-20_14_48.671,153,1,3,0,-6.741,-11.286,3.247
2012-05-05-20_14_48.671,153,2,3,0,-15.724,-11.202,2.547
2012-05-05-20_14_48.672,153,3,3,0,-24.779,-11.297,2.847
2012-05-05-20_14_48.673,153,4,3,0,-33.766,-11.272,2.247
2012-05-05-20_14_48.674,153,5,3,0,-42.781,-11.335,2.747
2012-05-05-20_14_48.675,153,6,3,0,-51.779,-11.338,2.847
2012-05-05-20_14_48.675,153,7,3,0,-60.701,-11.256,3.347
2012-05-05-20_14_48.676,153,0,3,1,-2.189,-11.289,3.759
2012-05-05-20_14_48.677,153,1,3,1,-11.200,-11.285,3.259
2012-05-05-20_14_48.678,153,2,3,1,-20.186,-11.208,2.659
2012-05-05-20_14_48.678,153,3,3,1,-29.241,-11.304,2.659
2012-05-05-20_14_48.679,153,4,3,1,-38.228,-11.279,2.359
2012-05-05-20_14_48.680,153,5,3,1,-47.243,-11.341,2.559
2012-05-05-20_14_48.680,153,6,3,1,-56.241,-11.345,2.859
2012-05-05-20_14_48.681,153,7,3,1,-65.163,-11.262,3.359
2012-05-05-20_14_48.682,153,0,4,0,2.272,-15.782,3.673
2012-05-05-20_14_48.685,153,1,4,0,-6.741,-15.793,3.173
2012-05-05-20_14_48.686,153,2,4,0,-15.725,-15.701,2.573
2012-05-05-20_14_48.686,153,3,4,0,-24.779,-15.797,2.973
2012-05-05-20_14_48.687,153,4,4,0,-33.767,-15.772,1.973
2012-05-05-20_14_48.688,153,5,4,0,-42.781,-15.834,2.573
2012-05-05-20_14_48.689,153,6,4,0,-51.780,-15.838,2.773
2012-05-05-20_14_48.690,153,7,4,0,-60.702,-15.755,3.473
2012-05-05-20_14_48.695,153,0,4,1,-2.187,-15.788,3.682
2012-05-05-20_14_48.696,153,1,4,1,-11.203,-15.793,3.182
2012-05-05-20_14_48.697,153,2,4,1,-20.184,-15.708,2.682
2012-05-05-20_14_48.698,153,3,4,1,-29.239,-15.804,2.882
2012-05-05-20_14_48.699,153,4,4,1,-38.226,-15.779,2.082
2012-05-05-20_14_48.700,153,5,4,1,-47.241,-15.841,2.482
2012-05-05-20_14_48.701,153,6,4,1,-56.239,-15.844,2.782
2012-05-05-20_14_48.702,153,7,4,1,-65.161,-15.762,3.382
2012-05-05-20_14_48.703,153,0,5,0,2.270,-20.280,3.692
2012-05-05-20_14_48.704,153,1,5,0,-6.739,-20.296,3.192
2012-05-05-20_14_48.705,153,2,5,0,-15.728,-20.199,2.592
2012-05-05-20_14_48.706,153,3,5,0,-24.782,-20.295,2.792
2012-05-05-20_14_48.707,153,4,5,0,-33.769,-20.270,2.192
2012-05-05-20_14_48.708,153,5,5,0,-42.784,-20.332,2.692
2012-05-05-20_14_48.708,153,6,5,0,-51.783,-20.336,2.792
2012-05-05-20_14_48.709,153,7,5,0,-60.705,-20.253,3.292
2012-05-05-20_14_48.710,153,0,5,1,-2.188,-20.288,3.700
2012-05-05-20_14_48.710,153,1,5,1,-11.208,-20.296,3.200
2012-05-05-20_14_48.711,153,2,5,1,-20.185,-20.207,2.600
2012-05-05-20_14_48.711,153,3,5,1,-29.239,-20.303,2.600
2012-05-05-20_14_48.712,153,4,5,1,-38.227,-20.278,2.100
2012-05-05-20_14_48.713,153,5,5,1,-47.241,-20.340,2.600
2012-05-05-20_14_48.713,153,6,5,1,-56.240,-20.344,2.800
2012-05-05-20_14_48.714,153,7,5,1,-65.162,-20.261,3.500
2012-05-05-20_14_48.715,153,0,6,0,2.269,-24.780,3.710
2012-05-05-20_14_48.715,153,1,6,0,-6.737,-24.791,3.210
2012-05-05-20_14_48.716,153,2,6,0,-15.728,-24.700,2.610
2012-05-05-20_14_48.716,153,3,6,0,-24.783,-24.795,2.910
2012-05-05-20_14_48.717,153,4,6,0,-33.770,-24.770,2.110
2012-05-05-20_14_48.717,153,5,6,0,-42.784,-24.833,2.610
2012-05-05-20_14_48.718,153,6,6,0,-51.783,-24.836,2.710
2012-05-05-20_14_48.719,153,7,6,0,-60.705,-24.754,3.610
2012-05-05-20_14_48.719,153,0,6,1,-2.183,-24.789,3.622
2012-05-05-20_14_48.720,153,1,6,1,-11.209,-24.790,2.722
2012-05-05-20_14_48.721,153,2,6,1,-20.180,-24.709,2.622
2012-05-05-20_14_48.721,153,3,6,1,-29.235,-24.804,2.722
2012-05-05-20_14_48.722,153,4,6,1,-38.222,-24.779,2.122
2012-05-05-20_14_48.723,153,5,6,1,-47.237,-24.842,2.622
2012-05-05-20_14_48.724,153,6,6,1,-56.235,-24.845,2.822
2012-05-05-20_14_48.724,153,7,6,1,-65.157,-24.763,3.522
2012-05-05-20_14_48.725,153,0,7,0,2.269,-29.284,3.735
2012-05-05-20_14_48.726,153,1,7,0,-6.740,-29.286,3.235
2012-05-05-20_14_48.726,153,2,7,0,-15.728,-29.204,2.735
2012-05-05-20_14_48.727,153,3,7,0,-24.783,-29.299,2.835
2012-05-05-20_14_48.728,153,4,7,0,-33.770,-29.274,2.435
2012-05-05-20_14_48.728,153,5,7,0,-42.785,-29.337,2.735
2012-05-05-20_14_48.729,153,6,7,0,-51.784,-29.340,2.935
2012-05-05-20_14_48.730,153,7,7,0,-60.705,-29.258,3.535
2012-05-05-20_14_48.731,153,0,7,1,-2.184,-29.291,3.745
2012-05-05-20_14_48.732,153,1,7,1,-11.212,-29.287,3.245
2012-05-05-20_14_48.732,153,2,7,1,-20.181,-29.211,2.645
2012-05-05-20_14_48.733,153,3,7,1,-29.235,-29.306,2.845
2012-05-05-20_14_48.734,153,4,7,1,-38.223,-29.281,2.345
2012-05-05-20_14_48.735,153,5,7,1,-47.237,-29.344,2.745
2012-05-05-20_14_48.735,153,6,7,1,-56.236,-29.347,2.845
2012-05-05-20_14_48.736,153,7,7,1,-65.158,-29.265,3.645
2012-05-05-20_14_48.737,153,0,8,0,2.276,-33.781,3.654
2012-05-05-20_14_48.738,153,1,8,0,-6.740,-33.785,3.254
2012-05-05-20_14_48.739,153,2,8,0,-15.722,-33.701,2.654
2012-05-05-20_14_48.739,153,3,8,0,-24.776,-33.797,2.854
2012-05-05-20_14_48.740,153,4,8,0,-33.763,-33.772,2.454
2012-05-05-20_14_48.747,153,5,8,0,-42.778,-33.834,2.654
2012-05-05-20_14_48.748,153,6,8,0,-51.777,-33.838,2.954
2012-05-05-20_14_48.749,153,7,8,0,-60.699,-33.755,3.554
2012-05-05-20_14_48.749,153,0,8,1,-2.184,-33.788,3.763
2012-05-05-20_14_48.751,153,1,8,1,-11.214,-33.785,3.262
2012-05-05-20_14_48.752,153,2,8,1,-20.181,-33.708,2.763
2012-05-05-20_14_48.753,153,3,8,1,-29.236,-33.803,2.963
2012-05-05-20_14_48.754,153,4,8,1,-38.223,-33.778,2.463
2012-05-05-20_14_48.755,153,5,8,1,-47.238,-33.841,2.663
2012-05-05-20_14_48.756,153,6,8,1,-56.236,-33.844,2.963
2012-05-05-20_14_48.757,153,7,8,1,-65.158,-33.762,3.563
2012-05-05-20_14_48.758,153,0,9,0,2.275,-38.282,3.772
2012-05-05-20_14_48.759,153,1,9,0,-6.746,-38.292,3.272
2012-05-05-20_14_48.760,153,2,9,0,-15.722,-38.201,2.672
2012-05-05-20_14_48.761,153,3,9,0,-24.777,-38.297,2.972
2012-05-05-20_14_48.762,153,4,9,0,-33.764,-38.272,2.272
2012-05-05-20_14_48.763,153,5,9,0,-42.778,-38.334,2.672
2012-05-05-20_14_48.764,153,6,9,0,-51.777,-38.338,2.772
2012-05-05-20_14_48.765,153,7,9,0,-60.699,-38.255,3.472
2012-05-05-20_14_48.766,153,0,9,1,-2.187,-38.287,3.685
2012-05-05-20_14_48.767,153,1,9,1,-11.213,-38.292,3.185
2012-05-05-20_14_48.768,153,2,9,1,-20.184,-38.207,2.785
2012-05-05-20_14_48.769,153,3,9,1,-29.239,-38.303,2.785
2012-05-05-20_14_48.770,153,4,9,1,-38.226,-38.278,2.185
2012-05-05-20_14_48.771,153,5,9,1,-47.240,-38.340,2.685
2012-05-05-20_14_48.772,153,6,9,1,-56.239,-38.344,2.985
2012-05-05-20_14_48.773,153,7,9,1,-65.161,-38.261,3.585
2012-05-05-20_14_48.774,153,0,10,0,2.277,-42.781,3.698
2012-05-05-20_14_48.775,153,1,10,0,-6.748,-42.795,3.298
2012-05-05-20_14_48.777,153,2,10,0,-15.720,-42.700,2.798
2012-05-05-20_14_48.778,153,3,10,0,-24.775,-42.796,2.998
2012-05-05-20_14_48.779,153,4,10,0,-33.762,-42.771,2.198
2012-05-05-20_14_48.780,153,5,10,0,-42.776,-42.833,2.698
2012-05-05-20_14_48.781,153,6,10,0,-51.775,-42.837,2.998
2012-05-05-20_14_48.782,153,7,10,0,-60.697,-42.754,3.498
2012-05-05-20_14_48.783,153,0,10,1,-2.187,-42.787,3.808
2012-05-05-20_14_48.784,153,1,10,1,-11.211,-42.795,3.308
2012-05-05-20_14_48.785,153,2,10,1,-20.184,-42.707,2.708
2012-05-05-20_14_48.786,153,3,10,1,-29.239,-42.803,3.008
2012-05-05-20_14_48.787,153,4,10,1,-38.226,-42.777,2.408
2012-05-05-20_14_48.788,153,5,10,1,-47.241,-42.840,2.708
2012-05-05-20_14_48.789,153,6,10,1,-56.240,-42.843,2.908
2012-05-05-20_14_48.789,153,7,10,1,-65.162,-42.761,3.608
2012-05-05-20_14_48.790,153,0,11,0,2.277,-47.280,3.717
2012-05-05-20_14_48.792,153,1,11,0,-6.749,-47.290,3.317
2012-05-05-20_14_48.793,153,2,11,0,-15.720,-47.200,2.817
2012-05-05-20_14_48.793,153,3,11,0,-24.775,-47.295,3.017
2012-05-05-20_14_48.794,153,4,11,0,-33.762,-47.270,2.417
2012-05-05-20_14_48.795,153,5,11,0,-42.777,-47.332,2.717
2012-05-05-20_14_48.798,153,6,11,0,-51.775,-47.336,3.017
2012-05-05-20_14_48.799,153,7,11,0,-60.697,-47.254,3.517
2012-05-05-20_14_48.800,153,0,11,1,-2.190,-47.289,3.726
2012-05-05-20_14_48.801,153,1,11,1,-11.211,-47.290,3.326
2012-05-05-20_14_48.803,153,2,11,1,-20.187,-47.209,2.726
2012-05-05-20_14_48.804,153,3,11,1,-29.242,-47.305,2.826
2012-05-05-20_14_48.805,153,4,11,1,-38.229,-47.280,2.526
2012-05-05-20_14_48.806,153,5,11,1,-47.244,-47.342,2.826
2012-05-05-20_14_48.806,153,6,11,1,-56.242,-47.346,3.026
2012-05-05-20_14_48.807,153,7,11,1,-65.164,-47.263,3.626
2012-05-05-20_14_48.808,153,0,12,0,2.279,-51.784,3.736
2012-05-05-20_14_48.811,153,1,12,0,-6.752,-51.787,3.336
2012-05-05-20_14_48.812,153,2,12,0,-15.718,-51.704,2.836
2012-05-05-20_14_48.813,153,3,12,0,-24.773,-51.800,2.936
2012-05-05-20_14_48.814,153,4,12,0,-33.760,-51.775,2.136
2012-05-05-20_14_48.815,153,5,12,0,-42.775,-51.837,2.736
2012-05-05-20_14_48.815,153,6,12,0,-51.773,-51.841,2.936
2012-05-05-20_14_48.816,153,7,12,0,-60.695,-51.758,3.536
2012-05-05-20_14_48.817,153,0,12,1,-2.191,-51.792,3.849
2012-05-05-20_14_48.818,153,1,12,1,-11.211,-51.787,3.349
2012-05-05-20_14_48.819,153,2,12,1,-20.188,-51.712,2.849
2012-05-05-20_14_48.820,153,3,12,1,-29.242,-51.807,2.849
2012-05-05-20_14_48.822,153,4,12,1,-38.230,-51.782,2.549
2012-05-05-20_14_48.823,153,5,12,1,-47.244,-51.844,2.749
2012-05-05-20_14_48.824,153,6,12,1,-56.243,-51.848,3.049
2012-05-05-20_14_48.825,153,7,12,1,-65.165,-51.766,3.649
2012-05-05-20_14_48.826,153,0,13,0,2.276,-56.282,3.762
2012-05-05-20_14_48.828,153,1,13,0,-6.752,-56.285,3.362
2012-05-05-20_14_48.829,153,2,13,0,-15.721,-56.202,2.762
2012-05-05-20_14_48.830,153,3,13,0,-24.776,-56.298,2.962
2012-05-05-20_14_48.831,153,4,13,0,-33.763,-56.273,2.262
2012-05-05-20_14_48.832,153,5,13,0,-42.778,-56.335,2.762
2012-05-05-20_14_48.833,153,6,13,0,-51.776,-56.339,2.962
2012-05-05-20_14_48.833,153,7,13,0,-60.698,-56.256,3.562
2012-05-05-20_14_48.834,153,0,13,1,-2.194,-56.288,3.872
2012-05-05-20_14_48.835,153,1,13,1,-11.209,-56.285,3.371
2012-05-05-20_14_48.836,153,2,13,1,-20.191,-56.208,2.772
2012-05-05-20_14_48.837,153,3,13,1,-29.245,-56.303,2.772
2012-05-05-20_14_48.838,153,4,13,1,-38.232,-56.278,2.272
2012-05-05-20_14_48.839,153,5,13,1,-47.247,-56.341,2.872
2012-05-05-20_14_48.840,153,6,13,1,-56.246,-56.344,2.872
2012-05-05-20_14_48.841,153,7,13,1,-65.168,-56.262,3.672
2012-05-05-20_14_48.842,153,0,14,0,2.275,-60.782,3.779
2012-05-05-20_14_48.843,153,1,14,0,-6.753,-60.792,3.379
2012-05-05-20_14_48.844,153,2,14,0,-15.722,-60.702,2.779
2012-05-05-20_14_48.845,153,3,14,0,-24.776,-60.797,2.979
2012-05-05-20_14_48.846,153,4,14,0,-33.763,-60.772,2.479
2012-05-05-20_14_48.848,153,5,14,0,-42.778,-60.834,2.679
2012-05-05-20_14_48.849,153,6,14,0,-51.777,-60.838,2.979
2012-05-05-20_14_48.850,153,7,14,0,-60.699,-60.756,3.579
2012-05-05-20_14_48.851,153,0,14,1,-2.194,-60.788,3.888
2012-05-05-20_14_48.852,153,1,14,1,-11.210,-60.792,3.388
2012-05-05-20_14_48.853,153,2,14,1,-20.191,-60.708,2.888
2012-05-05-20_14_48.854,153,3,14,1,-29.246,-60.803,2.988
2012-05-05-20_14_48.855,153,4,14,1,-38.233,-60.778,2.488
2012-05-05-20_14_48.856,153,5,14,1,-47.247,-60.840,2.888
2012-05-05-20_14_48.857,153,6,14,1,-56.246,-60.844,13.788
2012-05-05-20_14_48.858,153,7,14,1,-65.168,-60.762,13.288
2012-05-05-20_14_48.859,153,0,15,0,2.273,-65.280,3.797
2012-05-05-20_14_48.860,153,1,15,0,-6.751,-65.295,3.397
2012-05-05-20_14_48.861,153,2,15,0,-15.725,-65.200,2.797
2012-05-05-20_14_48.862,153,3,15,0,-24.779,-65.295,2.897
2012-05-05-20_14_48.863,153,4,15,0,-33.766,-65.270,2.397
2012-05-05-20_14_48.865,153,5,15,0,-42.781,-65.332,2.697
2012-05-05-20_14_48.865,153,6,15,0,-51.780,-65.336,8.697
2012-05-05-20_14_48.866,153,7,15,0,-60.702,-65.254,26.197
2012-05-05-20_14_48.867,153,0,15,1,-2.197,-65.287,3.910
2012-05-05-20_14_48.869,153,1,15,1,-11.208,-65.295,3.410
2012-05-05-20_14_48.869,153,2,15,1,-20.194,-65.207,2.810
2012-05-05-20_14_48.871,153,3,15,1,-29.249,-65.302,2.810
2012-05-05-20_14_48.874,153,4,15,1,-38.236,-65.277,2.510
2012-05-05-20_14_48.875,153,5,15,1,-47.250,-65.339,2.810
2012-05-05-20_14_48.876,153,6,15,1,-56.249,-65.343,2.910
2012-05-05-20_14_48.878,153,7,15,1,-65.171,-65.261,3.610
2012-05-05-20_14_48.879,153,0,16,0,2.270,-69.780,3.923
2012-05-05-20_14_48.879,153,1,16,0,-6.749,-69.790,3.423
2012-05-05-20_14_48.880,153,2,16,0,-15.727,-69.700,2.823
2012-05-05-20_14_48.881,153,3,16,0,-24.782,-69.795,3.023
2012-05-05-20_14_48.882,153,4,16,0,-33.769,-69.770,2.323
2012-05-05-20_14_48.883,153,5,16,0,-42.784,-69.832,2.823
2012-05-05-20_14_48.884,153,6,16,0,-51.782,-69.836,2.923
2012-05-05-20_14_48.885,153,7,16,0,-60.704,-69.754,3.623
2012-05-05-20_14_48.885,153,0,16,1,-2.197,-69.789,3.834
2012-05-05-20_14_48.886,153,1,16,1,-11.208,-69.789,3.434
2012-05-05-20_14_48.888,153,2,16,1,-20.194,-69.708,2.934
2012-05-05-20_14_48.888,153,3,16,1,-29.249,-69.804,2.834
2012-05-05-20_14_48.889,153,4,16,1,-38.236,-69.779,2.434
2012-05-05-20_14_48.891,153,5,16,1,-47.251,-69.841,2.734
2012-05-05-20_14_48.891,153,6,16,1,-56.249,-69.845,2.934
2012-05-05-20_14_48.892,153,7,16,1,-65.171,-69.762,3.734
2012-05-05-20_14_48.893,153,0,17,0,2.267,-74.284,3.942
2012-05-05-20_14_48.894,153,1,17,0,-6.744,-74.287,3.442
2012-05-05-20_14_48.896,153,2,17,0,-15.730,-74.204,2.942
2012-05-05-20_14_48.896,153,3,17,0,-24.785,-74.299,2.942
2012-05-05-20_14_48.898,153,4,17,0,-33.772,-74.274,2.342
2012-05-05-20_14_48.899,153,5,17,0,-42.787,-74.336,2.842
2012-05-05-20_14_48.900,153,6,17,0,-51.785,-74.340,2.942
2012-05-05-20_14_48.901,153,7,17,0,-60.707,-74.258,3.542
2012-05-05-20_14_48.901,153,0,17,1,-2.195,-74.291,3.952
2012-05-05-20_14_48.902,153,1,17,1,-11.211,-74.287,3.451
2012-05-05-20_14_48.903,153,2,17,1,-20.192,-74.211,2.852
2012-05-05-20_14_48.904,153,3,17,1,-29.247,-74.306,2.852
2012-05-05-20_14_48.905,153,4,17,1,-38.234,-74.281,2.352
2012-05-05-20_14_48.906,153,5,17,1,-47.249,-74.343,2.752
2012-05-05-20_14_48.908,153,6,17,1,-56.247,-74.347,2.952
2012-05-05-20_14_48.909,153,7,17,1,-65.169,-74.265,3.752
2012-05-05-20_14_48.910,153,0,18,0,2.264,-78.782,3.862
2012-05-05-20_14_48.911,153,1,18,0,-6.744,-78.785,3.462
2012-05-05-20_14_48.913,153,2,18,0,-15.733,-78.702,2.862
2012-05-05-20_14_48.913,153,3,18,0,-24.788,-78.798,3.062
2012-05-05-20_14_48.914,153,4,18,0,-33.775,-78.773,2.462
2012-05-05-20_14_48.915,153,5,18,0,-42.789,-78.835,2.762
2012-05-05-20_14_48.916,153,6,18,0,-51.788,-78.839,2.962
2012-05-05-20_14_48.919,153,7,18,0,-60.710,-78.756,3.662
2012-05-05-20_14_48.920,153,0,18,1,-2.196,-78.788,3.875
2012-05-05-20_14_48.921,153,1,18,1,-11.214,-78.785,3.474
2012-05-05-20_14_48.922,153,2,18,1,-20.193,-78.708,2.875
2012-05-05-20_14_48.923,153,3,18,1,-29.247,-78.803,2.975
2012-05-05-20_14_48.924,153,4,18,1,-38.235,-78.778,2.275
2012-05-05-20_14_48.925,153,5,18,1,-47.249,-78.840,2.875
2012-05-05-20_14_48.926,153,6,18,1,-56.248,-78.844,2.975
2012-05-05-20_14_48.927,153,7,18,1,-65.170,-78.762,3.775
2012-05-05-20_14_48.928,153,0,19,0,2.264,-83.282,3.886
2012-05-05-20_14_48.929,153,1,19,0,-6.747,-83.291,3.487
2012-05-05-20_14_48.931,153,2,19,0,-15.734,-83.202,2.986
2012-05-05-20_14_48.932,153,3,19,0,-24.788,-83.298,3.186
2012-05-05-20_14_48.933,153,4,19,0,-33.775,-83.272,2.186
2012-05-05-20_14_48.934,153,5,19,0,-42.790,-83.335,2.886
2012-05-05-20_14_48.935,153,6,19,0,-51.789,-83.338,3.086
2012-05-05-20_14_48.936,153,7,19,0,-60.711,-83.256,3.586
2012-05-05-20_14_48.938,153,0,19,1,-2.191,-83.288,3.997
2012-05-05-20_14_48.939,153,1,19,1,-11.214,-83.292,3.397
2012-05-05-20_14_48.940,153,2,19,1,-20.188,-83.208,2.897
2012-05-05-20_14_48.941,153,3,19,1,-29.243,-83.303,2.897
2012-05-05-20_14_48.942,153,4,19,1,-38.230,-83.278,2.597
2012-05-05-20_14_48.943,153,5,19,1,-47.245,-83.340,2.897
2012-05-05-20_14_48.945,153,6,19,1,-56.243,-83.344,3.097
2012-05-05-20_14_48.947,153,7,19,1,-65.165,-83.262,3.797
2012-05-05-20_14_48.948,153,0,20,0,2.268,-87.780,4.005
2012-05-05-20_14_48.949,153,1,20,0,-6.745,-87.795,3.405
2012-05-05-20_14_48.950,153,2,20,0,-15.729,-87.700,2.905
2012-05-05-20_14_48.951,153,3,20,0,-24.784,-87.795,3.105
2012-05-05-20_14_48.951,153,4,20,0,-33.771,-87.770,2.505
2012-05-05-20_14_48.952,153,5,20,0,-42.785,-87.833,2.905
2012-05-05-20_14_48.953,153,6,20,0,-51.784,-87.836,3.005
2012-05-05-20_14_48.954,153,7,20,0,-60.706,-87.754,3.905
2012-05-05-20_14_48.955,153,0,20,1,-2.189,-87.788,3.914
2012-05-05-20_14_48.956,153,1,20,1,-11.212,-87.795,3.414
2012-05-05-20_14_48.958,153,2,20,1,-20.186,-87.707,2.914
2012-05-05-20_14_48.959,153,3,20,1,-29.241,-87.803,3.014
2012-05-05-20_14_48.959,153,4,20,1,-38.228,-87.778,2.614
2012-05-05-20_14_48.960,153,5,20,1,-47.243,-87.840,2.914
2012-05-05-20_14_48.961,153,6,20,1,-56.241,-87.844,3.114
2012-05-05-20_14_48.962,153,7,20,1,-65.163,-87.761,3.814
2012-05-05-20_14_48.963,153,0,21,0,2.268,-92.279,4.024
2012-05-05-20_14_48.965,153,1,21,0,-6.751,-92.290,3.524
2012-05-05-20_14_48.965,153,2,21,0,-15.729,-92.199,3.024
2012-05-05-20_14_48.967,153,3,21,0,-24.784,-92.295,3.124
2012-05-05-20_14_48.968,153,4,21,0,-33.771,-92.270,2.524
2012-05-05-20_14_48.969,153,5,21,0,-42.786,-92.332,2.824
2012-05-05-20_14_48.970,153,6,21,0,-51.785,-92.336,3.024
2012-05-05-20_14_48.970,153,7,21,0,-60.706,-92.253,3.624
2012-05-05-20_14_48.971,153,0,21,1,-2.190,-92.289,4.037
2012-05-05-20_14_48.972,153,1,21,1,-11.213,-92.290,3.337
2012-05-05-20_14_48.973,153,2,21,1,-20.187,-92.209,2.937
2012-05-05-20_14_48.974,153,3,21,1,-29.241,-92.304,2.937
2012-05-05-20_14_48.975,153,4,21,1,-38.228,-92.279,2.437
2012-05-05-20_14_48.976,153,5,21,1,-47.243,-92.342,2.937
2012-05-05-20_14_48.979,153,6,21,1,-56.242,-92.345,3.037
2012-05-05-20_14_48.979,153,7,21,1,-65.164,-92.263,3.737
2012-05-05-20_14_48.980,153,0,22,0,2.270,-96.783,3.950
2012-05-05-20_14_48.981,153,1,22,0,-6.751,-96.787,3.550
2012-05-05-20_14_48.982,153,2,22,0,-15.728,-96.703,2.950
2012-05-05-20_14_48.983,153,3,22,0,-24.782,-96.799,3.150
2012-05-05-20_14_48.984,153,4,22,0,-33.769,-96.774,2.550
2012-05-05-20_14_48.985,153,5,22,0,-42.784,-96.836,2.850
2012-05-05-20_14_48.986,153,6,22,0,-51.783,-96.840,3.150
2012-05-05-20_14_48.987,153,7,22,0,-60.705,-96.757,3.750
2012-05-05-20_14_48.988,153,0,22,1,-2.190,-96.792,3.959
2012-05-05-20_14_48.989,153,1,22,1,-11.213,-96.788,3.558
2012-05-05-20_14_48.989,153,2,22,1,-20.187,-96.712,2.959
2012-05-05-20_14_48.991,153,3,22,1,-29.242,-96.807,2.959
2012-05-05-20_14_48.992,153,4,22,1,-38.229,-96.782,2.659
2012-05-05-20_14_48.993,153,5,22,1,-47.244,-96.844,2.959
2012-05-05-20_14_48.994,153,6,22,1,-56.242,-96.848,3.159
2012-05-05-20_14_48.996,153,7,22,1,-65.164,-96.766,3.859
2012-05-05-20_14_48.998,153,0,23,0,2.272,-101.282,4.068
2012-05-05-20_14_48.999,153,1,23,0,-6.751,-101.286,3.568
2012-05-05-20_14_49.000,153,2,23,0,-15.725,-101.202,2.968
2012-05-05-20_14_49.001,153,3,23,0,-24.780,-101.297,3.268
2012-05-05-20_14_49.003,153,4,23,0,-33.767,-101.272,2.568
2012-05-05-20_14_49.006,153,5,23,0,-42.782,-101.335,2.968
2012-05-05-20_14_49.006,153,6,23,0,-51.781,-101.338,2.968
2012-05-05-20_14_49.007,153,7,23,0,-60.702,-101.256,3.668
2012-05-05-20_14_49.008,153,0,23,1,-2.181,-101.280,3.968
2012-05-05-20_14_49.009,153,1,23,1,-11.209,-101.286,3.568
2012-05-05-20_14_49.009,153,2,23,1,-20.178,-101.200,2.968
2012-05-05-20_14_49.010,153,3,23,1,-29.232,-101.296,2.968
2012-05-05-20_14_49.011,153,4,23,1,-38.219,-101.271,2.568
2012-05-05-20_14_49.012,153,5,23,1,-47.234,-101.333,2.968
2012-05-05-20_14_49.013,153,6,23,1,-56.233,-101.336,3.068
2012-05-05-20_14_49.014,153,7,23,1,-65.155,-101.254,3.768
