2012-05-06-00_20_05.814,412,0,0,0,2.259,2.220,3.496
2012-05-06-00_20_05.816,412,1,0,0,-6.749,2.204,2.896
2012-05-06-00_20_05.836,412,2,0,0,-15.738,2.300,2.496
2012-05-06-00_20_05.837,412,3,0,0,-24.792,2.205,2.796
2012-05-06-00_20_05.838,412,4,0,0,-33.779,2.230,1.996
2012-05-06-00_20_05.839,412,5,0,0,-42.794,2.168,2.696
2012-05-06-00_20_05.839,412,6,0,0,-51.793,2.164,2.596
2012-05-06-00_20_05.840,412,7,0,0,-60.715,2.246,3.296
2012-05-06-00_20_05.841,412,0,0,1,-2.183,2.213,3.596
2012-05-06-00_20_05.841,412,1,0,1,-11.201,2.205,3.096
2012-05-06-00_20_05.842,412,2,0,1,-20.180,2.293,2.596
2012-05-06-00_20_05.843,412,3,0,1,-29.235,2.197,2.596
2012-05-06-00_20_05.844,412,4,0,1,-38.222,2.223,2.196
2012-05-06-00_20_05.844,412,5,0,1,-47.237,2.160,2.496
2012-05-06-00_20_05.845,412,6,0,1,-56.235,2.157,19.896
2012-05-06-00_20_05.846,412,7,0,1,-65.157,2.239,3.396
2012-05-06-00_20_05.848,412,0,1,0,2.271,-2.279,3.612
2012-05-06-00_20_05.848,412,1,1,0,-6.745,-2.290,3.012
2012-05-06-00_20_05.849,412,2,1,0,-15.726,-2.199,2.512
2012-05-06-00_20_05.849,412,3,1,0,-24.781,-2.295,2.812
2012-05-06-00_20_05.850,412,4,1,0,-33.768,-2.270,2.112
2012-05-06-00_20_05.850,412,5,1,0,-42.782,-2.332,2.612
2012-05-06-00_20_05.851,412,6,1,0,-51.781,-2.336,2.612
2012-05-06-00_20_05.852,412,7,1,0,-60.703,-2.253,3.212
2012-05-06-00_20_05.853,412,0,1,1,-2.186,-2.290,3.719
2012-05-06-00_20_05.854,412,1,1,1,-11.202,-2.289,3.119
2012-05-06-00_20_05.855,412,2,1,1,-20.183,-2.210,2.619
2012-05-06-00_20_05.855,412,3,1,1,-29.238,-2.305,2.619
2012-05-06-00_20_05.856,412,4,1,1,-38.225,-2.280,2.019
2012-05-06-00_20_05.856,412,5,1,1,-47.239,-2.342,2.519
2012-05-06-00_20_05.857,412,6,1,1,-56.238,-2.346,2.719
2012-05-06-00_20_05.858,412,7,1,1,-65.160,-2.264,3.319
2012-05-06-00_20_05.858,412,0,2,0,2.271,-6.784,3.628
2012-05-06-00_20_05.859,412,1,2,0,-6.745,-6.788,3.128
2012-05-06-00_20_05.859,412,2,2,0,-15.726,-6.704,2.528
2012-05-06-00_20_05.860,412,3,2,0,-24.781,-6.799,2.828
2012-05-06-00_20_05.861,412,4,2,0,-33.768,-6.774,2.228
2012-05-06-00_20_05.861,412,5,2,0,-42.783,-6.837,2.828
2012-05-06-00_20_05.862,412,6,2,0,-51.781,-6.840,2.728
2012-05-06-00_20_05.862,412,7,2,0,-60.703,-6.758,3.528
2012-05-06-00_20_05.863,412,0,2,1,-2.186,-6.792,3.637
2012-05-06-00_20_05.864,412,1,2,1,-11.202,-6.787,3.137
2012-05-06-00_20_05.864,412,2,2,1,-20.184,-6.712,2.637
2012-05-06-00_20_05.865,412,3,2,1,-29.238,-6.808,2.937
2012-05-06-00_20_05.865,412,4,2,1,-38.225,-6.783,2.337
2012-05-06-00_20_05.866,412,5,2,1,-47.240,-6.845,2.637
2012-05-06-00_20_05.868,412,6,2,1,-56.239,-6.848,2.837
2012-05-06-00_20_05.870,412,7,2,1,-65.161,-6.766,3.437
2012-05-06-00_20_05.872,412,0,3,0,2.270,-11.282,3.647
2012-05-06-00_20_05.874,412,1,3,0,-6.743,-11.286,3.247
2012-05-06-00_20_05.875,412,2,3,0,-15.727,-11.202,2.547
2012-05-06-00_20_05.875,412,3,3,0,-24.781,-11.297,2.847
2012-05-06-00_20_05.877,412,4,3,0,-33.769,-11.272,2.347
2012-05-06-00_20_05.879,412,5,3,0,-42.783,-11.335,2.747
2012-05-06-00_20_05.881,412,6,3,0,-51.782,-11.338,2.747
2012-05-06-00_20_05.882,412,7,3,0,-60.704,-11.256,3.447
2012-05-06-00_20_05.884,412,0,3,1,-2.187,-11.288,26.359
2012-05-06-00_20_05.886,412,1,3,1,-11.203,-11.287,3.159
2012-05-06-00_20_05.887,412,2,3,1,-20.184,-11.208,25.959
2012-05-06-00_20_05.889,412,3,3,1,-29.239,-11.303,5.359
2012-05-06-00_20_05.890,412,4,3,1,-38.226,-11.278,10.559
2012-05-06-00_20_05.890,412,5,3,1,-47.240,-11.341,19.459
2012-05-06-00_20_05.892,412,6,3,1,-56.187,-11.280,2.759
2012-05-06-00_20_05.893,412,7,3,1,-65.161,-11.262,25.959
2012-05-06-00_20_05.894,412,0,4,0,2.270,-15.781,3.673
2012-05-06-00_20_05.894,412,1,4,0,-6.741,-15.794,3.173
2012-05-06-00_20_05.895,412,2,4,0,-15.727,-15.701,2.573
2012-05-06-00_20_05.896,412,3,4,0,-24.782,-15.796,2.973
2012-05-06-00_20_05.897,412,4,4,0,-33.769,-15.771,2.073
2012-05-06-00_20_05.898,412,5,4,0,-42.784,-15.833,2.573
2012-05-06-00_20_05.899,412,6,4,0,-51.782,-15.837,2.673
2012-05-06-00_20_05.900,412,7,4,0,-60.704,-15.755,3.473
2012-05-06-00_20_05.901,412,0,4,1,-2.187,-15.789,3.683
2012-05-06-00_20_05.902,412,1,4,1,-11.203,-15.794,3.182
2012-05-06-00_20_05.903,412,2,4,1,-20.184,-15.708,2.683
2012-05-06-00_20_05.904,412,3,4,1,-29.239,-15.804,2.983
2012-05-06-00_20_05.905,412,4,4,1,-38.226,-15.779,2.083
2012-05-06-00_20_05.906,412,5,4,1,-47.241,-15.841,2.483
2012-05-06-00_20_05.907,412,6,4,1,-56.239,-15.845,2.683
2012-05-06-00_20_05.908,412,7,4,1,-65.161,-15.762,3.383
2012-05-06-00_20_05.910,412,0,5,0,2.270,-20.280,3.591
2012-05-06-00_20_05.911,412,1,5,0,-6.742,-20.297,3.191
2012-05-06-00_20_05.912,412,2,5,0,-15.728,-20.200,2.591
2012-05-06-00_20_05.913,412,3,5,0,-24.782,-20.295,2.891
2012-05-06-00_20_05.914,412,4,5,0,-33.769,-20.270,2.191
2012-05-06-00_20_05.917,412,5,5,0,-42.784,-20.332,2.691
2012-05-06-00_20_05.918,412,6,5,0,-51.783,-20.336,2.691
2012-05-06-00_20_05.919,412,7,5,0,-60.705,-20.254,26.391
2012-05-06-00_20_05.920,412,0,5,1,-2.185,-20.288,3.700
2012-05-06-00_20_05.921,412,1,5,1,-11.206,-20.296,3.100
2012-05-06-00_20_05.922,412,2,5,1,-20.182,-20.208,2.600
2012-05-06-00_20_05.923,412,3,5,1,-29.237,-20.303,2.900
2012-05-06-00_20_05.924,412,4,5,1,-38.224,-20.278,2.200
2012-05-06-00_20_05.925,412,5,5,1,-47.239,-20.340,2.600
2012-05-06-00_20_05.926,412,6,5,1,-56.237,-20.344,2.700
2012-05-06-00_20_05.928,412,7,5,1,-65.159,-20.262,3.500
2012-05-06-00_20_05.930,412,0,6,0,2.269,-24.780,3.710
2012-05-06-00_20_05.932,412,1,6,0,-6.737,-24.791,3.210
2012-05-06-00_20_05.933,412,2,6,0,-15.728,-24.700,2.610
2012-05-06-00_20_05.936,412,3,6,0,-24.783,-24.795,2.910
2012-05-06-00_20_05.937,412,4,6,0,-33.770,-24.770,2.110
2012-05-06-00_20_05.937,412,5,6,0,-42.784,-24.832,2.610
2012-05-06-00_20_05.938,412,6,6,0,-51.783,-24.836,2.710
2012-05-06-00_20_05.941,412,7,6,0,-60.705,-24.754,3.610
2012-05-06-00_20_05.942,412,0,6,1,-2.181,-24.789,3.722
2012-05-06-00_20_05.943,412,1,6,1,-11.209,-24.790,3.222
2012-05-06-00_20_05.943,412,2,6,1,-20.178,-24.709,2.622
2012-05-06-00_20_05.944,412,3,6,1,-29.233,-24.804,3.022
2012-05-06-00_20_05.945,412,4,6,1,-38.220,-24.779,2.222
2012-05-06-00_20_05.946,412,5,6,1,-47.234,-24.842,2.722
2012-05-06-00_20_05.947,412,6,6,1,-56.233,-24.845,2.922
2012-05-06-00_20_05.948,412,7,6,1,-65.155,-24.763,3.522
2012-05-06-00_20_05.949,412,0,7,0,2.269,-29.284,3.735
2012-05-06-00_20_05.950,412,1,7,0,-6.740,-29.288,3.135
2012-05-06-00_20_05.950,412,2,7,0,-15.728,-29.204,2.735
2012-05-06-00_20_05.951,412,3,7,0,-24.783,-29.299,3.035
2012-05-06-00_20_05.952,412,4,7,0,-33.770,-29.274,2.435
2012-05-06-00_20_05.955,412,5,7,0,-42.785,-29.336,2.735
2012-05-06-00_20_05.956,412,6,7,0,-51.784,-29.340,2.835
2012-05-06-00_20_05.958,412,7,7,0,-60.705,-29.258,3.435
2012-05-06-00_20_05.960,412,0,7,1,-2.181,-29.291,3.745
2012-05-06-00_20_05.960,412,1,7,1,-11.209,-29.287,3.245
2012-05-06-00_20_05.961,412,2,7,1,-20.178,-29.211,2.745
2012-05-06-00_20_05.964,412,3,7,1,-29.233,-29.306,2.945
2012-05-06-00_20_05.965,412,4,7,1,-38.220,-29.281,2.445
2012-05-06-00_20_05.966,412,5,7,1,-47.235,-29.343,2.745
2012-05-06-00_20_05.968,412,6,7,1,-56.233,-29.347,2.945
2012-05-06-00_20_05.968,412,7,7,1,-65.155,-29.265,3.545
2012-05-06-00_20_05.970,412,0,8,0,2.273,-33.782,3.754
2012-05-06-00_20_05.971,412,1,8,0,-6.743,-33.785,3.254
2012-05-06-00_20_05.972,412,2,8,0,-15.724,-33.702,2.654
2012-05-06-00_20_05.973,412,3,8,0,-24.779,-33.797,2.954
2012-05-06-00_20_05.975,412,4,8,0,-33.766,-33.772,2.554
2012-05-06-00_20_05.976,412,5,8,0,-42.780,-33.834,2.754
2012-05-06-00_20_05.976,412,6,8,0,-51.779,-33.838,2.754
2012-05-06-00_20_05.977,412,7,8,0,-60.701,-33.756,3.654
2012-05-06-00_20_05.979,412,0,8,1,-2.182,-33.788,3.763
2012-05-06-00_20_05.981,412,1,8,1,-11.212,-33.785,3.262
2012-05-06-00_20_05.982,412,2,8,1,-20.179,-33.708,2.763
2012-05-06-00_20_05.982,412,3,8,1,-29.233,-33.803,3.063
2012-05-06-00_20_05.985,412,4,8,1,-38.221,-33.778,2.563
2012-05-06-00_20_05.985,412,5,8,1,-47.235,-33.840,2.863
2012-05-06-00_20_05.986,412,6,8,1,-56.234,-33.844,2.963
2012-05-06-00_20_05.987,412,7,8,1,-65.156,-33.762,3.563
2012-05-06-00_20_05.990,412,0,9,0,2.275,-38.282,3.772
2012-05-06-00_20_05.991,412,1,9,0,-6.746,-38.292,3.272
2012-05-06-00_20_05.992,412,2,9,0,-15.722,-38.202,2.672
2012-05-06-00_20_05.993,412,3,9,0,-24.777,-38.297,3.072
2012-05-06-00_20_05.995,412,4,9,0,-33.764,-38.272,2.372
2012-05-06-00_20_05.996,412,5,9,0,-42.778,-38.334,2.672
2012-05-06-00_20_05.998,412,6,9,0,-51.777,-38.338,2.772
2012-05-06-00_20_05.999,412,7,9,0,-60.699,-38.256,3.472
2012-05-06-00_20_06.001,412,0,9,1,-2.185,-38.289,3.685
2012-05-06-00_20_06.002,412,1,9,1,-11.210,-38.293,3.184
2012-05-06-00_20_06.003,412,2,9,1,-20.182,-38.208,2.685
2012-05-06-00_20_06.004,412,3,9,1,-29.236,-38.304,2.885
2012-05-06-00_20_06.005,412,4,9,1,-38.223,-38.279,2.285
2012-05-06-00_20_06.006,412,5,9,1,-47.238,-38.341,2.685
2012-05-06-00_20_06.007,412,6,9,1,-56.237,-38.345,2.985
2012-05-06-00_20_06.009,412,7,9,1,-65.159,-38.262,3.585
2012-05-06-00_20_06.010,412,0,10,0,2.277,-42.780,3.698
2012-05-06-00_20_06.011,412,1,10,0,-6.748,-42.796,3.298
2012-05-06-00_20_06.014,412,2,10,0,-15.720,-42.700,2.698
2012-05-06-00_20_06.015,412,3,10,0,-24.775,-42.795,2.998
2012-05-06-00_20_06.016,412,4,10,0,-33.762,-42.770,2.298
2012-05-06-00_20_06.017,412,5,10,0,-42.776,-42.832,2.698
2012-05-06-00_20_06.018,412,6,10,0,-51.775,-42.836,2.898
2012-05-06-00_20_06.019,412,7,10,0,-60.697,-42.754,3.398
2012-05-06-00_20_06.020,412,0,10,1,-2.187,-42.788,3.808
2012-05-06-00_20_06.021,412,1,10,1,-11.211,-42.796,3.208
2012-05-06-00_20_06.022,412,2,10,1,-20.185,-42.708,2.708
2012-05-06-00_20_06.023,412,3,10,1,-29.239,-42.803,3.108
2012-05-06-00_20_06.024,412,4,10,1,-38.226,-42.778,2.508
2012-05-06-00_20_06.025,412,5,10,1,-47.241,-42.840,2.808
2012-05-06-00_20_06.026,412,6,10,1,-56.240,-42.844,2.908
2012-05-06-00_20_06.027,412,7,10,1,-65.162,-42.762,3.508
2012-05-06-00_20_06.028,412,0,11,0,2.277,-47.280,3.717
2012-05-06-00_20_06.030,412,1,11,0,-6.749,-47.291,3.317
2012-05-06-00_20_06.030,412,2,11,0,-15.720,-47.200,2.717
2012-05-06-00_20_06.031,412,3,11,0,-24.775,-47.295,3.017
2012-05-06-00_20_06.032,412,4,11,0,-33.762,-47.270,2.417
2012-05-06-00_20_06.033,412,5,11,0,-42.777,-47.332,2.717
2012-05-06-00_20_06.034,412,6,11,0,-51.775,-47.336,2.917
2012-05-06-00_20_06.035,412,7,11,0,-60.697,-47.254,3.517
2012-05-06-00_20_06.036,412,0,11,1,-2.190,-47.290,3.826
2012-05-06-00_20_06.037,412,1,11,1,-11.213,-47.290,3.326
2012-05-06-00_20_06.038,412,2,11,1,-20.187,-47.210,2.726
2012-05-06-00_20_06.039,412,3,11,1,-29.242,-47.305,2.826
2012-05-06-00_20_06.040,412,4,11,1,-38.229,-47.280,2.526
2012-05-06-00_20_06.041,412,5,11,1,-47.244,-47.342,2.826
2012-05-06-00_20_06.042,412,6,11,1,-56.242,-47.346,2.926
2012-05-06-00_20_06.042,412,7,11,1,-65.164,-47.264,3.626
2012-05-06-00_20_06.043,412,0,12,0,2.276,-51.785,3.636
2012-05-06-00_20_06.044,412,1,12,0,-6.752,-51.788,3.236
2012-05-06-00_20_06.045,412,2,12,0,-15.721,-51.705,2.736
2012-05-06-00_20_06.046,412,3,12,0,-24.776,-51.800,3.036
2012-05-06-00_20_06.047,412,4,12,0,-33.763,-51.775,2.236
2012-05-06-00_20_06.048,412,5,12,0,-42.777,-51.837,2.836
2012-05-06-00_20_06.049,412,6,12,0,-51.776,-51.841,2.836
2012-05-06-00_20_06.050,412,7,12,0,-60.698,-51.759,3.536
2012-05-06-00_20_06.051,412,0,12,1,-2.191,-51.792,3.849
2012-05-06-00_20_06.052,412,1,12,1,-11.211,-51.788,3.349
2012-05-06-00_20_06.053,412,2,12,1,-20.188,-51.712,2.749
2012-05-06-00_20_06.055,412,3,12,1,-29.242,-51.807,3.049
2012-05-06-00_20_06.057,412,4,12,1,-38.230,-51.782,2.549
2012-05-06-00_20_06.058,412,5,12,1,-47.244,-51.845,2.849
2012-05-06-00_20_06.059,412,6,12,1,-56.243,-51.848,3.049
2012-05-06-00_20_06.060,412,7,12,1,-65.165,-51.766,3.649
2012-05-06-00_20_06.061,412,0,13,0,2.276,-56.282,3.762
2012-05-06-00_20_06.062,412,1,13,0,-6.752,-56.286,3.362
2012-05-06-00_20_06.063,412,2,13,0,-15.721,-56.202,2.762
2012-05-06-00_20_06.064,412,3,13,0,-24.776,-56.297,2.962
2012-05-06-00_20_06.065,412,4,13,0,-33.763,-56.272,2.362
2012-05-06-00_20_06.066,412,5,13,0,-42.778,-56.335,2.762
2012-05-06-00_20_06.067,412,6,13,0,-51.776,-56.338,2.862
2012-05-06-00_20_06.068,412,7,13,0,-60.698,-56.256,3.462
2012-05-06-00_20_06.069,412,0,13,1,-2.194,-56.288,3.871
2012-05-06-00_20_06.071,412,1,13,1,-11.212,-56.286,3.371
2012-05-06-00_20_06.073,412,2,13,1,-20.191,-56.208,2.771
2012-05-06-00_20_06.074,412,3,13,1,-29.245,-56.303,2.871
2012-05-06-00_20_06.075,412,4,13,1,-38.232,-56.278,2.371
2012-05-06-00_20_06.076,412,5,13,1,-47.247,-56.341,2.871
2012-05-06-00_20_06.077,412,6,13,1,-56.246,-56.344,2.871
2012-05-06-00_20_06.078,412,7,13,1,-65.168,-56.262,3.671
2012-05-06-00_20_06.079,412,0,14,0,2.275,-60.782,3.779
2012-05-06-00_20_06.080,412,1,14,0,-6.753,-60.793,3.279
2012-05-06-00_20_06.081,412,2,14,0,-15.722,-60.702,2.779
2012-05-06-00_20_06.082,412,3,14,0,-24.776,-60.797,3.079
2012-05-06-00_20_06.083,412,4,14,0,-33.763,-60.772,2.579
2012-05-06-00_20_06.084,412,5,14,0,-42.778,-60.834,2.779
2012-05-06-00_20_06.085,412,6,14,0,-51.777,-60.838,2.879
2012-05-06-00_20_06.086,412,7,14,0,-60.699,-60.756,3.779
2012-05-06-00_20_06.087,412,0,14,1,-2.194,-60.788,3.788
2012-05-06-00_20_06.088,412,1,14,1,-11.210,-60.794,3.388
2012-05-06-00_20_06.090,412,2,14,1,-20.191,-60.708,2.888
2012-05-06-00_20_06.090,412,3,14,1,-29.246,-60.803,2.888
2012-05-06-00_20_06.091,412,4,14,1,-38.233,-60.778,2.588
2012-05-06-00_20_06.093,412,5,14,1,-47.247,-60.841,2.888
2012-05-06-00_20_06.095,412,6,14,1,-56.246,-60.844,3.088
2012-05-06-00_20_06.096,412,7,14,1,-65.168,-60.762,3.688
2012-05-06-00_20_06.097,412,0,15,0,2.273,-65.281,3.797
2012-05-06-00_20_06.098,412,1,15,0,-6.753,-65.296,3.397
2012-05-06-00_20_06.099,412,2,15,0,-15.725,-65.200,2.897
2012-05-06-00_20_06.099,412,3,15,0,-24.779,-65.296,3.097
2012-05-06-00_20_06.101,412,4,15,0,-33.766,-65.271,2.597
2012-05-06-00_20_06.102,412,5,15,0,-42.781,-65.333,2.797
2012-05-06-00_20_06.103,412,6,15,0,-51.780,-65.337,2.897
2012-05-06-00_20_06.104,412,7,15,0,-60.702,-65.254,3.497
2012-05-06-00_20_06.104,412,0,15,1,-2.194,-65.288,3.910
2012-05-06-00_20_06.105,412,1,15,1,-11.208,-65.295,3.310
2012-05-06-00_20_06.106,412,2,15,1,-20.191,-65.207,2.810
2012-05-06-00_20_06.108,412,3,15,1,-29.246,-65.303,2.810
2012-05-06-00_20_06.109,412,4,15,1,-38.233,-65.278,2.510
2012-05-06-00_20_06.110,412,5,15,1,-47.248,-65.340,2.810
2012-05-06-00_20_06.111,412,6,15,1,-56.247,-65.344,2.910
2012-05-06-00_20_06.112,412,7,15,1,-65.168,-65.261,3.610
2012-05-06-00_20_06.113,412,0,16,0,2.270,-69.779,3.923
2012-05-06-00_20_06.114,412,1,16,0,-6.751,-69.790,3.423
2012-05-06-00_20_06.116,412,2,16,0,-15.727,-69.699,2.823
2012-05-06-00_20_06.117,412,3,16,0,-24.782,-69.795,3.123
2012-05-06-00_20_06.118,412,4,16,0,-33.769,-69.770,2.423
2012-05-06-00_20_06.119,412,5,16,0,-42.784,-69.832,2.823
2012-05-06-00_20_06.120,412,6,16,0,-51.782,-69.836,2.923
2012-05-06-00_20_06.122,412,7,16,0,-60.704,-69.753,3.623
2012-05-06-00_20_06.123,412,0,16,1,-2.197,-69.789,3.834
2012-05-06-00_20_06.125,412,1,16,1,-11.208,-69.789,3.333
2012-05-06-00_20_06.126,412,2,16,1,-20.194,-69.709,2.834
2012-05-06-00_20_06.127,412,3,16,1,-29.249,-69.804,2.934
2012-05-06-00_20_06.128,412,4,16,1,-38.236,-69.779,2.534
2012-05-06-00_20_06.130,412,5,16,1,-47.251,-69.841,2.734
2012-05-06-00_20_06.131,412,6,16,1,-56.249,-69.845,2.934
2012-05-06-00_20_06.132,412,7,16,1,-65.171,-69.763,3.634
2012-05-06-00_20_06.134,412,0,17,0,2.267,-74.284,3.942
2012-05-06-00_20_06.135,412,1,17,0,-6.747,-74.288,3.342
2012-05-06-00_20_06.137,412,2,17,0,-15.730,-74.204,2.842
2012-05-06-00_20_06.138,412,3,17,0,-24.785,-74.299,3.042
2012-05-06-00_20_06.139,412,4,17,0,-33.772,-74.274,2.342
2012-05-06-00_20_06.140,412,5,17,0,-42.787,-74.337,2.842
2012-05-06-00_20_06.141,412,6,17,0,-51.785,-74.340,2.842
2012-05-06-00_20_06.142,412,7,17,0,-60.707,-74.258,3.542
2012-05-06-00_20_06.143,412,0,17,1,-2.193,-74.291,3.852
2012-05-06-00_20_06.144,412,1,17,1,-11.211,-74.287,3.351
2012-05-06-00_20_06.145,412,2,17,1,-20.190,-74.211,2.852
2012-05-06-00_20_06.146,412,3,17,1,-29.245,-74.306,3.052
2012-05-06-00_20_06.147,412,4,17,1,-38.232,-74.281,2.452
2012-05-06-00_20_06.148,412,5,17,1,-47.246,-74.344,2.852
2012-05-06-00_20_06.149,412,6,17,1,-56.245,-74.347,2.952
2012-05-06-00_20_06.150,412,7,17,1,-65.167,-74.265,3.752
2012-05-06-00_20_06.151,412,0,18,0,2.266,-78.782,3.862
2012-05-06-00_20_06.152,412,1,18,0,-6.747,-78.785,3.462
2012-05-06-00_20_06.153,412,2,18,0,-15.731,-78.702,2.862
2012-05-06-00_20_06.154,412,3,18,0,-24.785,-78.797,3.062
2012-05-06-00_20_06.155,412,4,18,0,-33.772,-78.772,2.562
2012-05-06-00_20_06.156,412,5,18,0,-42.787,-78.834,2.862
2012-05-06-00_20_06.157,412,6,18,0,-51.786,-78.838,2.862
2012-05-06-00_20_06.158,412,7,18,0,-60.708,-78.756,3.762
2012-05-06-00_20_06.159,412,0,18,1,-2.193,-78.788,3.875
2012-05-06-00_20_06.160,412,1,18,1,-11.211,-78.785,3.374
2012-05-06-00_20_06.161,412,2,18,1,-20.190,-78.708,2.875
2012-05-06-00_20_06.162,412,3,18,1,-29.245,-78.803,3.075
2012-05-06-00_20_06.163,412,4,18,1,-38.232,-78.778,2.375
2012-05-06-00_20_06.164,412,5,18,1,-47.247,-78.840,2.875
2012-05-06-00_20_06.165,412,6,18,1,-56.245,-78.844,2.975
2012-05-06-00_20_06.166,412,7,18,1,-65.167,-78.762,3.775
2012-05-06-00_20_06.167,412,0,19,0,2.264,-83.282,3.887
2012-05-06-00_20_06.168,412,1,19,0,-6.747,-83.293,3.387
2012-05-06-00_20_06.169,412,2,19,0,-15.734,-83.202,2.887
2012-05-06-00_20_06.170,412,3,19,0,-24.788,-83.297,3.187
2012-05-06-00_20_06.171,412,4,19,0,-33.775,-83.272,2.287
2012-05-06-00_20_06.172,412,5,19,0,-42.790,-83.334,2.887
2012-05-06-00_20_06.173,412,6,19,0,-51.789,-83.338,2.887
2012-05-06-00_20_06.174,412,7,19,0,-60.711,-83.256,3.587
2012-05-06-00_20_06.175,412,0,19,1,-2.194,-83.288,3.897
2012-05-06-00_20_06.176,412,1,19,1,-11.214,-83.293,3.497
2012-05-06-00_20_06.177,412,2,19,1,-20.191,-83.208,2.897
2012-05-06-00_20_06.178,412,3,19,1,-29.245,-83.304,2.997
2012-05-06-00_20_06.179,412,4,19,1,-38.233,-83.279,2.597
2012-05-06-00_20_06.181,412,5,19,1,-47.247,-83.341,2.897
2012-05-06-00_20_06.182,412,6,19,1,-56.246,-83.344,2.997
2012-05-06-00_20_06.184,412,7,19,1,-65.168,-83.262,3.797
2012-05-06-00_20_06.185,412,0,20,0,2.266,-87.780,3.905
2012-05-06-00_20_06.186,412,1,20,0,-6.748,-87.796,3.405
2012-05-06-00_20_06.187,412,2,20,0,-15.732,-87.700,2.905
2012-05-06-00_20_06.190,412,3,20,0,-24.786,-87.795,3.105
2012-05-06-00_20_06.191,412,4,20,0,-33.773,-87.770,2.605
2012-05-06-00_20_06.192,412,5,20,0,-42.788,-87.832,2.905
2012-05-06-00_20_06.192,412,6,20,0,-51.787,-87.836,2.905
2012-05-06-00_20_06.193,412,7,20,0,-60.709,-87.754,3.805
2012-05-06-00_20_06.194,412,0,20,1,-2.194,-87.788,3.914
2012-05-06-00_20_06.195,412,1,20,1,-11.212,-87.796,3.414
2012-05-06-00_20_06.196,412,2,20,1,-20.191,-87.708,2.914
2012-05-06-00_20_06.197,412,3,20,1,-29.246,-87.803,3.214
2012-05-06-00_20_06.198,412,4,20,1,-38.233,-87.778,2.714
2012-05-06-00_20_06.199,412,5,20,1,-47.248,-87.840,2.914
2012-05-06-00_20_06.200,412,6,20,1,-56.246,-87.844,3.014
2012-05-06-00_20_06.202,412,7,20,1,-65.168,-87.762,3.814
2012-05-06-00_20_06.202,412,0,21,0,2.268,-92.279,3.924
2012-05-06-00_20_06.203,412,1,21,0,-6.751,-92.291,3.424
2012-05-06-00_20_06.205,412,2,21,0,-15.729,-92.199,2.924
2012-05-06-00_20_06.205,412,3,21,0,-24.784,-92.294,3.124
2012-05-06-00_20_06.206,412,4,21,0,-33.771,-92.269,2.624
2012-05-06-00_20_06.207,412,5,21,0,-42.786,-92.332,2.924
2012-05-06-00_20_06.208,412,6,21,0,-51.785,-92.335,3.024
2012-05-06-00_20_06.209,412,7,21,0,-60.706,-92.253,3.624
2012-05-06-00_20_06.210,412,0,21,1,-2.190,-92.290,4.037
2012-05-06-00_20_06.211,412,1,21,1,-11.213,-92.290,3.437
2012-05-06-00_20_06.213,412,2,21,1,-20.187,-92.210,2.937
2012-05-06-00_20_06.213,412,3,21,1,-29.241,-92.305,2.937
2012-05-06-00_20_06.214,412,4,21,1,-38.228,-92.280,2.537
2012-05-06-00_20_06.216,412,5,21,1,-47.243,-92.342,2.937
2012-05-06-00_20_06.217,412,6,21,1,-56.242,-92.346,3.037
2012-05-06-00_20_06.217,412,7,21,1,-65.164,-92.264,3.737
2012-05-06-00_20_06.219,412,0,22,0,2.267,-96.783,3.950
2012-05-06-00_20_06.219,412,1,22,0,-6.754,-96.789,3.450
2012-05-06-00_20_06.220,412,2,22,0,-15.730,-96.703,2.950
2012-05-06-00_20_06.221,412,3,22,0,-24.785,-96.799,3.250
2012-05-06-00_20_06.222,412,4,22,0,-33.772,-96.774,2.650
2012-05-06-00_20_06.223,412,5,22,0,-42.786,-96.836,2.950
2012-05-06-00_20_06.224,412,6,22,0,-51.785,-96.840,3.050
2012-05-06-00_20_06.225,412,7,22,0,-60.707,-96.757,3.850
2012-05-06-00_20_06.227,412,0,22,1,-2.188,-96.793,3.958
2012-05-06-00_20_06.228,412,1,22,1,-11.213,-96.789,3.558
2012-05-06-00_20_06.229,412,2,22,1,-20.185,-96.713,2.958
2012-05-06-00_20_06.230,412,3,22,1,-29.239,-96.808,3.058
2012-05-06-00_20_06.231,412,4,22,1,-38.226,-96.783,2.758
2012-05-06-00_20_06.233,412,5,22,1,-47.241,-96.845,2.958
2012-05-06-00_20_06.234,412,6,22,1,-56.240,-96.849,3.158
2012-05-06-00_20_06.235,412,7,22,1,-65.162,-96.766,3.758
2012-05-06-00_20_06.236,412,0,23,0,2.269,-101.282,4.068
2012-05-06-00_20_06.237,412,1,23,0,-6.754,-101.286,3.468
2012-05-06-00_20_06.239,412,2,23,0,-15.728,-101.202,2.868
2012-05-06-00_20_06.240,412,3,23,0,-24.783,-101.297,3.268
2012-05-06-00_20_06.241,412,4,23,0,-33.770,-101.272,2.668
2012-05-06-00_20_06.242,412,5,23,0,-42.784,-101.334,2.968
2012-05-06-00_20_06.243,412,6,23,0,-51.783,-101.338,2.868
2012-05-06-00_20_06.244,412,7,23,0,-60.705,-101.256,3.568
2012-05-06-00_20_06.245,412,0,23,1,-2.181,-101.280,3.968
2012-05-06-00_20_06.246,412,1,23,1,-11.211,-101.286,3.468
2012-05-06-00_20_06.248,412,2,23,1,-20.178,-101.200,2.968
2012-05-06-00_20_06.249,412,3,23,1,-29.232,-101.295,3.068
2012-05-06-00_20_06.250,412,4,23,1,-38.219,-101.270,2.668
2012-05-06-00_20_06.251,412,5,23,1,-47.234,-101.332,2.968
2012-05-06-00_20_06.252,412,6,23,1,-56.233,-101.336,3.068
2012-05-06-00_20_06.255,412,7,23,1,-65.155,-101.254,3.768
