2012-05-06-02_27_03.154,543,0,0,0,2.259,2.220,3.396
2012-05-06-02_27_03.155,543,1,0,0,-6.749,2.204,2.796
2012-05-06-02_27_03.158,543,2,0,0,-15.738,2.301,2.396
2012-05-06-02_27_03.160,543,3,0,0,-24.792,2.205,2.796
2012-05-06-02_27_03.161,543,4,0,0,-33.779,2.230,1.996
2012-05-06-02_27_03.162,543,5,0,0,-42.794,2.168,2.696
2012-05-06-02_27_03.163,543,6,0,0,-51.793,2.164,2.596
2012-05-06-02_27_03.164,543,7,0,0,-60.715,2.247,3.296
2012-05-06-02_27_03.165,543,0,0,1,-2.183,2.212,3.596
2012-05-06-02_27_03.166,543,1,0,1,-11.204,2.204,3.096
2012-05-06-02_27_03.166,543,2,0,1,-20.180,2.292,2.596
2012-05-06-02_27_03.167,543,3,0,1,-29.235,2.197,2.596
2012-05-06-02_27_03.168,543,4,0,1,-38.222,2.222,2.296
2012-05-06-02_27_03.168,543,5,0,1,-47.237,2.160,2.496
2012-05-06-02_27_03.169,543,6,0,1,-56.235,2.156,2.696
2012-05-06-02_27_03.170,543,7,0,1,-65.157,2.238,3.496
2012-05-06-02_27_03.171,543,0,1,0,2.271,-2.280,3.612
2012-05-06-02_27_03.171,543,1,1,0,-6.745,-2.291,3.012
2012-05-06-02_27_03.172,543,2,1,0,-15.726,-2.200,2.512
2012-05-06-02_27_03.173,543,3,1,0,-24.781,-2.296,2.912
2012-05-06-02_27_03.174,543,4,1,0,-33.768,-2.271,2.112
2012-05-06-02_27_03.174,543,5,1,0,-42.782,-2.333,2.712
2012-05-06-02_27_03.175,543,6,1,0,-51.781,-2.336,2.612
2012-05-06-02_27_03.176,543,7,1,0,-60.703,-2.254,3.412
2012-05-06-02_27_03.177,543,0,1,1,-2.188,-2.289,3.619
2012-05-06-02_27_03.178,543,1,1,1,-11.204,-2.290,3.019
2012-05-06-02_27_03.179,543,2,1,1,-20.186,-2.209,2.619
2012-05-06-02_27_03.179,543,3,1,1,-29.240,-2.304,2.619
2012-05-06-02_27_03.180,543,4,1,1,-38.227,-2.279,2.019
2012-05-06-02_27_03.181,543,5,1,1,-47.242,-2.341,2.619
2012-05-06-02_27_03.182,543,6,1,1,-56.241,-2.345,2.619
2012-05-06-02_27_03.182,543,7,1,1,-65.163,-2.263,3.319
2012-05-06-02_27_03.183,543,0,2,0,2.271,-6.784,3.528
2012-05-06-02_27_03.184,543,1,2,0,-6.745,-6.788,3.128
2012-05-06-02_27_03.184,543,2,2,0,-15.726,-6.704,2.528
2012-05-06-02_27_03.185,543,3,2,0,-24.781,-6.799,2.928
2012-05-06-02_27_03.186,543,4,2,0,-33.768,-6.774,2.228
2012-05-06-02_27_03.192,543,5,2,0,-42.783,-6.836,2.828
2012-05-06-02_27_03.193,543,6,2,0,-51.781,-6.840,2.628
2012-05-06-02_27_03.194,543,7,2,0,-60.703,-6.758,3.528
2012-05-06-02_27_03.195,543,0,2,1,-2.186,-6.792,3.537
2012-05-06-02_27_03.195,543,1,2,1,-11.202,-6.788,3.137
2012-05-06-02_27_03.196,543,2,2,1,-20.184,-6.712,2.537
2012-05-06-02_27_03.197,543,3,2,1,-29.238,-6.808,2.937
2012-05-06-02_27_03.198,543,4,2,1,-38.225,-6.783,2.337
2012-05-06-02_27_03.198,543,5,2,1,-47.240,-6.845,2.637
2012-05-06-02_27_03.199,543,6,2,1,-56.239,-6.848,2.737
2012-05-06-02_27_03.199,543,7,2,1,-65.161,-6.766,3.437
2012-05-06-02_27_03.200,543,0,3,0,2.270,-11.282,3.647
2012-05-06-02_27_03.201,543,1,3,0,-6.743,-11.287,3.147
2012-05-06-02_27_03.201,543,2,3,0,-15.727,-11.202,2.547
2012-05-06-02_27_03.202,543,3,3,0,-24.781,-11.297,2.947
2012-05-06-02_27_03.202,543,4,3,0,-33.769,-11.272,2.347
2012-05-06-02_27_03.203,543,5,3,0,-42.783,-11.334,2.747
2012-05-06-02_27_03.203,543,6,3,0,-51.782,-11.338,2.747
2012-05-06-02_27_03.204,543,7,3,0,-60.704,-11.256,3.447
2012-05-06-02_27_03.204,543,0,3,1,-2.187,-11.288,3.659
2012-05-06-02_27_03.205,543,1,3,1,-11.200,-11.286,3.159
2012-05-06-02_27_03.206,543,2,3,1,-20.184,-11.208,2.559
2012-05-06-02_27_03.207,543,3,3,1,-29.239,-11.303,2.959
2012-05-06-02_27_03.207,543,4,3,1,-38.226,-11.278,2.459
2012-05-06-02_27_03.208,543,5,3,1,-47.240,-11.341,2.659
2012-05-06-02_27_03.209,543,6,3,1,-56.239,-11.344,2.659
2012-05-06-02_27_03.210,543,7,3,1,-65.161,-11.262,3.359
2012-05-06-02_27_03.210,543,0,4,0,2.270,-15.782,3.572
2012-05-06-02_27_03.211,543,1,4,0,-6.741,-15.794,3.173
2012-05-06-02_27_03.212,543,2,4,0,-15.727,-15.701,2.572
2012-05-06-02_27_03.213,543,3,4,0,-24.782,-15.797,2.972
2012-05-06-02_27_03.213,543,4,4,0,-33.769,-15.772,2.072
2012-05-06-02_27_03.214,543,5,4,0,-42.784,-15.834,2.572
2012-05-06-02_27_03.215,543,6,4,0,-51.782,-15.838,2.672
2012-05-06-02_27_03.216,543,7,4,0,-60.704,-15.755,3.472
2012-05-06-02_27_03.216,543,0,4,1,-2.185,-15.788,3.683
2012-05-06-02_27_03.217,543,1,4,1,-11.203,-15.794,3.082
2012-05-06-02_27_03.219,543,2,4,1,-20.182,-15.708,2.583
2012-05-06-02_27_03.220,543,3,4,1,-29.237,-15.804,2.983
2012-05-06-02_27_03.220,543,4,4,1,-38.224,-15.779,2.183
2012-05-06-02_27_03.221,543,5,4,1,-47.238,-15.841,2.583
2012-05-06-02_27_03.222,543,6,4,1,-56.237,-15.844,2.683
2012-05-06-02_27_03.223,543,7,4,1,-65.159,-15.762,3.383
2012-05-06-02_27_03.223,543,0,5,0,2.270,-20.279,3.592
2012-05-06-02_27_03.224,543,1,5,0,-6.739,-20.297,3.192
2012-05-06-02_27_03.225,543,2,5,0,-15.728,-20.199,2.592
2012-05-06-02_27_03.225,543,3,5,0,-24.782,-20.294,2.892
2012-05-06-02_27_03.226,543,4,5,0,-33.769,-20.269,2.292
2012-05-06-02_27_03.226,543,5,5,0,-42.784,-20.332,2.692
2012-05-06-02_27_03.227,543,6,5,0,-51.783,-20.335,2.692
2012-05-06-02_27_03.228,543,7,5,0,-60.705,-20.253,3.392
2012-05-06-02_27_03.228,543,0,5,1,-2.185,-20.288,3.600
2012-05-06-02_27_03.229,543,1,5,1,-11.204,-20.297,3.100
2012-05-06-02_27_03.230,543,2,5,1,-20.182,-20.207,2.600
2012-05-06-02_27_03.230,543,3,5,1,-29.237,-20.303,2.900
2012-05-06-02_27_03.231,543,4,5,1,-38.224,-20.278,2.200
2012-05-06-02_27_03.232,543,5,5,1,-47.239,-20.340,2.600
2012-05-06-02_27_03.232,543,6,5,1,-56.237,-20.344,2.700
2012-05-06-02_27_03.233,543,7,5,1,-65.159,-20.261,3.500
2012-05-06-02_27_03.234,543,0,6,0,2.269,-24.780,3.610
2012-05-06-02_27_03.235,543,1,6,0,-6.739,-24.792,3.210
2012-05-06-02_27_03.242,543,2,6,0,-15.728,-24.700,2.610
2012-05-06-02_27_03.243,543,3,6,0,-24.783,-24.795,2.910
2012-05-06-02_27_03.244,543,4,6,0,-33.770,-24.770,2.110
2012-05-06-02_27_03.244,543,5,6,0,-42.784,-24.833,2.610
2012-05-06-02_27_03.245,543,6,6,0,-51.783,-24.836,2.710
2012-05-06-02_27_03.245,543,7,6,0,-60.705,-24.754,3.510
2012-05-06-02_27_03.246,543,0,6,1,-2.181,-24.789,3.622
2012-05-06-02_27_03.247,543,1,6,1,-11.209,-24.791,3.122
2012-05-06-02_27_03.247,543,2,6,1,-20.178,-24.709,2.622
2012-05-06-02_27_03.248,543,3,6,1,-29.233,-24.804,3.022
2012-05-06-02_27_03.249,543,4,6,1,-38.220,-24.779,2.122
2012-05-06-02_27_03.249,543,5,6,1,-47.234,-24.842,2.622
2012-05-06-02_27_03.250,543,6,6,1,-56.233,-24.845,2.822
2012-05-06-02_27_03.251,543,7,6,1,-65.155,-24.763,3.522
2012-05-06-02_27_03.251,543,0,7,0,2.271,-29.284,3.635
2012-05-06-02_27_03.252,543,1,7,0,-6.740,-29.288,3.035
2012-05-06-02_27_03.253,543,2,7,0,-15.726,-29.204,2.635
2012-05-06-02_27_03.253,543,3,7,0,-24.781,-29.299,2.935
2012-05-06-02_27_03.254,543,4,7,0,-33.768,-29.274,2.435
2012-05-06-02_27_03.255,543,5,7,0,-42.782,-29.336,2.735
2012-05-06-02_27_03.255,543,6,7,0,-51.781,-29.340,2.835
2012-05-06-02_27_03.256,543,7,7,0,-60.703,-29.258,3.535
2012-05-06-02_27_03.257,543,0,7,1,-2.181,-29.291,3.745
2012-05-06-02_27_03.258,543,1,7,1,-11.209,-29.287,3.145
2012-05-06-02_27_03.258,543,2,7,1,-20.178,-29.211,2.645
2012-05-06-02_27_03.259,543,3,7,1,-29.233,-29.306,2.945
2012-05-06-02_27_03.260,543,4,7,1,-38.220,-29.281,2.345
2012-05-06-02_27_03.261,543,5,7,1,-47.235,-29.344,2.745
2012-05-06-02_27_03.261,543,6,7,1,-56.233,-29.347,2.845
2012-05-06-02_27_03.262,543,7,7,1,-65.155,-29.265,3.545
2012-05-06-02_27_03.263,543,0,8,0,2.276,-33.782,3.654
2012-05-06-02_27_03.263,543,1,8,0,-6.743,-33.785,3.254
2012-05-06-02_27_03.264,543,2,8,0,-15.722,-33.702,2.654
2012-05-06-02_27_03.265,543,3,8,0,-24.776,-33.797,2.954
2012-05-06-02_27_03.265,543,4,8,0,-33.763,-33.772,2.454
2012-05-06-02_27_03.266,543,5,8,0,-42.778,-33.834,2.754
2012-05-06-02_27_03.267,543,6,8,0,-51.777,-33.838,2.854
2012-05-06-02_27_03.267,543,7,8,0,-60.699,-33.756,3.654
2012-05-06-02_27_03.268,543,0,8,1,-2.182,-33.787,3.663
2012-05-06-02_27_03.269,543,1,8,1,-11.212,-33.785,3.162
2012-05-06-02_27_03.269,543,2,8,1,-20.179,-33.707,2.663
2012-05-06-02_27_03.271,543,3,8,1,-29.233,-33.803,3.063
2012-05-06-02_27_03.271,543,4,8,1,-38.221,-33.778,2.463
2012-05-06-02_27_03.272,543,5,8,1,-47.235,-33.840,2.863
2012-05-06-02_27_03.273,543,6,8,1,-56.234,-33.843,2.863
2012-05-06-02_27_03.273,543,7,8,1,-65.156,-33.761,3.563
2012-05-06-02_27_03.274,543,0,9,0,2.275,-38.283,3.672
2012-05-06-02_27_03.274,543,1,9,0,-6.746,-38.294,3.272
2012-05-06-02_27_03.275,543,2,9,0,-15.722,-38.202,2.772
2012-05-06-02_27_03.276,543,3,9,0,-24.777,-38.298,2.972
2012-05-06-02_27_03.276,543,4,9,0,-33.764,-38.273,2.272
2012-05-06-02_27_03.277,543,5,9,0,-42.778,-38.335,2.672
2012-05-06-02_27_03.278,543,6,9,0,-51.777,-38.339,2.772
2012-05-06-02_27_03.278,543,7,9,0,-60.699,-38.256,3.472
2012-05-06-02_27_03.279,543,0,9,1,-2.185,-38.287,3.585
2012-05-06-02_27_03.279,543,1,9,1,-11.213,-38.294,3.185
2012-05-06-02_27_03.280,543,2,9,1,-20.182,-38.207,2.685
2012-05-06-02_27_03.281,543,3,9,1,-29.236,-38.303,3.085
2012-05-06-02_27_03.281,543,4,9,1,-38.223,-38.278,2.285
2012-05-06-02_27_03.282,543,5,9,1,-47.238,-38.340,2.685
2012-05-06-02_27_03.284,543,6,9,1,-56.237,-38.344,2.885
2012-05-06-02_27_03.285,543,7,9,1,-65.159,-38.261,3.585
2012-05-06-02_27_03.286,543,0,10,0,2.277,-42.780,3.598
2012-05-06-02_27_03.287,543,1,10,0,-6.751,-42.795,3.198
2012-05-06-02_27_03.287,543,2,10,0,-15.720,-42.700,2.798
2012-05-06-02_27_03.288,543,3,10,0,-24.775,-42.795,2.998
2012-05-06-02_27_03.289,543,4,10,0,-33.762,-42.770,2.298
2012-05-06-02_27_03.290,543,5,10,0,-42.776,-42.832,2.798
2012-05-06-02_27_03.291,543,6,10,0,-51.775,-42.836,2.898
2012-05-06-02_27_03.291,543,7,10,0,-60.697,-42.754,3.598
2012-05-06-02_27_03.292,543,0,10,1,-2.187,-42.788,3.708
2012-05-06-02_27_03.293,543,1,10,1,-11.211,-42.795,3.208
2012-05-06-02_27_03.293,543,2,10,1,-20.185,-42.708,2.708
2012-05-06-02_27_03.294,543,3,10,1,-29.239,-42.803,3.108
2012-05-06-02_27_03.295,543,4,10,1,-38.226,-42.778,2.508
2012-05-06-02_27_03.295,543,5,10,1,-47.241,-42.840,2.808
2012-05-06-02_27_03.296,543,6,10,1,-56.240,-42.844,2.908
2012-05-06-02_27_03.298,543,7,10,1,-65.162,-42.762,3.508
2012-05-06-02_27_03.299,543,0,11,0,2.274,-47.279,3.617
2012-05-06-02_27_03.300,543,1,11,0,-6.751,-47.292,3.317
2012-05-06-02_27_03.301,543,2,11,0,-15.723,-47.199,2.717
2012-05-06-02_27_03.302,543,3,11,0,-24.777,-47.295,3.017
2012-05-06-02_27_03.302,543,4,11,0,-33.765,-47.270,2.417
2012-05-06-02_27_03.303,543,5,11,0,-42.779,-47.332,2.717
2012-05-06-02_27_03.304,543,6,11,0,-51.778,-47.336,2.917
2012-05-06-02_27_03.304,543,7,11,0,-60.700,-47.253,3.517
2012-05-06-02_27_03.305,543,0,11,1,-2.190,-47.289,3.726
2012-05-06-02_27_03.306,543,1,11,1,-11.211,-47.291,3.226
2012-05-06-02_27_03.307,543,2,11,1,-20.187,-47.209,2.726
2012-05-06-02_27_03.308,543,3,11,1,-29.242,-47.304,3.026
2012-05-06-02_27_03.308,543,4,11,1,-38.229,-47.279,2.526
2012-05-06-02_27_03.309,543,5,11,1,-47.244,-47.342,2.826
2012-05-06-02_27_03.309,543,6,11,1,-56.242,-47.345,3.026
2012-05-06-02_27_03.310,543,7,11,1,-65.164,-47.263,3.626
2012-05-06-02_27_03.311,543,0,12,0,2.276,-51.785,3.636
2012-05-06-02_27_03.311,543,1,12,0,-6.752,-51.789,3.336
2012-05-06-02_27_03.312,543,2,12,0,-15.721,-51.705,2.736
2012-05-06-02_27_03.313,543,3,12,0,-24.776,-51.800,3.036
2012-05-06-02_27_03.313,543,4,12,0,-33.763,-51.775,2.236
2012-05-06-02_27_03.314,543,5,12,0,-42.777,-51.838,2.736
2012-05-06-02_27_03.315,543,6,12,0,-51.776,-51.841,2.836
2012-05-06-02_27_03.316,543,7,12,0,-60.698,-51.759,3.736
2012-05-06-02_27_03.316,543,0,12,1,-2.188,-51.792,3.749
2012-05-06-02_27_03.317,543,1,12,1,-11.211,-51.789,3.249
2012-05-06-02_27_03.318,543,2,12,1,-20.185,-51.712,2.849
2012-05-06-02_27_03.318,543,3,12,1,-29.240,-51.807,3.049
2012-05-06-02_27_03.319,543,4,12,1,-38.227,-51.782,2.549
2012-05-06-02_27_03.320,543,5,12,1,-47.242,-51.845,2.849
2012-05-06-02_27_03.321,543,6,12,1,-56.240,-51.848,2.949
2012-05-06-02_27_03.321,543,7,12,1,-65.162,-51.766,3.749
2012-05-06-02_27_03.322,543,0,13,0,2.276,-56.282,3.762
2012-05-06-02_27_03.323,543,1,13,0,-6.755,-56.286,3.262
2012-05-06-02_27_03.323,543,2,13,0,-15.721,-56.202,2.762
2012-05-06-02_27_03.324,543,3,13,0,-24.776,-56.297,3.062
2012-05-06-02_27_03.325,543,4,13,0,-33.763,-56.272,2.362
2012-05-06-02_27_03.325,543,5,13,0,-42.778,-56.335,2.762
2012-05-06-02_27_03.326,543,6,13,0,-51.776,-56.338,2.862
2012-05-06-02_27_03.327,543,7,13,0,-60.698,-56.256,3.762
2012-05-06-02_27_03.327,543,0,13,1,-2.194,-56.288,3.772
2012-05-06-02_27_03.328,543,1,13,1,-11.209,-56.287,3.271
2012-05-06-02_27_03.329,543,2,13,1,-20.191,-56.208,2.772
2012-05-06-02_27_03.329,543,3,13,1,-29.245,-56.303,3.072
2012-05-06-02_27_03.331,543,4,13,1,-38.232,-56.278,2.372
2012-05-06-02_27_03.331,543,5,13,1,-47.247,-56.341,2.872
2012-05-06-02_27_03.332,543,6,13,1,-56.246,-56.344,2.872
2012-05-06-02_27_03.333,543,7,13,1,-65.168,-56.262,3.672
2012-05-06-02_27_03.333,543,0,14,0,2.273,-60.782,3.779
2012-05-06-02_27_03.334,543,1,14,0,-6.753,-60.794,3.379
2012-05-06-02_27_03.335,543,2,14,0,-15.724,-60.702,2.779
2012-05-06-02_27_03.335,543,3,14,0,-24.779,-60.797,3.079
2012-05-06-02_27_03.336,543,4,14,0,-33.766,-60.772,2.579
2012-05-06-02_27_03.337,543,5,14,0,-42.780,-60.834,2.779
2012-05-06-02_27_03.337,543,6,14,0,-51.779,-60.838,2.879
2012-05-06-02_27_03.338,543,7,14,0,-60.701,-60.756,3.779
2012-05-06-02_27_03.339,543,0,14,1,-2.194,-60.789,3.788
2012-05-06-02_27_03.339,543,1,14,1,-11.210,-60.794,3.388
2012-05-06-02_27_03.340,543,2,14,1,-20.191,-60.708,2.788
2012-05-06-02_27_03.341,543,3,14,1,-29.246,-60.804,3.188
2012-05-06-02_27_03.341,543,4,14,1,-38.233,-60.779,2.588
2012-05-06-02_27_03.342,543,5,14,1,-47.247,-60.841,2.888
2012-05-06-02_27_03.343,543,6,14,1,-56.246,-60.845,2.988
2012-05-06-02_27_03.344,543,7,14,1,-65.168,-60.762,3.688
2012-05-06-02_27_03.344,543,0,15,0,2.273,-65.280,3.797
2012-05-06-02_27_03.345,543,1,15,0,-6.753,-65.297,3.297
2012-05-06-02_27_03.346,543,2,15,0,-15.725,-65.199,2.797
2012-05-06-02_27_03.346,543,3,15,0,-24.779,-65.295,3.097
2012-05-06-02_27_03.347,543,4,15,0,-33.766,-65.270,2.597
2012-05-06-02_27_03.348,543,5,15,0,-42.781,-65.332,2.797
2012-05-06-02_27_03.349,543,6,15,0,-51.780,-65.336,2.897
2012-05-06-02_27_03.349,543,7,15,0,-60.702,-65.253,3.597
2012-05-06-02_27_03.350,543,0,15,1,-2.194,-65.288,3.810
2012-05-06-02_27_03.351,543,1,15,1,-11.208,-65.296,3.310
2012-05-06-02_27_03.352,543,2,15,1,-20.191,-65.207,2.810
2012-05-06-02_27_03.352,543,3,15,1,-29.246,-65.303,2.910
2012-05-06-02_27_03.353,543,4,15,1,-38.233,-65.278,2.510
2012-05-06-02_27_03.353,543,5,15,1,-47.248,-65.340,2.810
2012-05-06-02_27_03.354,543,6,15,1,-56.247,-65.344,2.910
2012-05-06-02_27_03.354,543,7,15,1,-65.168,-65.261,3.710
2012-05-06-02_27_03.355,543,0,16,0,2.270,-69.779,3.823
2012-05-06-02_27_03.356,543,1,16,0,-6.753,-69.791,3.323
2012-05-06-02_27_03.356,543,2,16,0,-15.727,-69.699,2.823
2012-05-06-02_27_03.357,543,3,16,0,-24.782,-69.795,3.123
2012-05-06-02_27_03.357,543,4,16,0,-33.769,-69.770,2.423
2012-05-06-02_27_03.358,543,5,16,0,-42.784,-69.832,2.823
2012-05-06-02_27_03.358,543,6,16,0,-51.782,-69.836,2.923
2012-05-06-02_27_03.359,543,7,16,0,-60.704,-69.753,3.623
2012-05-06-02_27_03.360,543,0,16,1,-2.195,-69.789,3.834
2012-05-06-02_27_03.360,543,1,16,1,-11.208,-69.790,3.333
2012-05-06-02_27_03.361,543,2,16,1,-20.192,-69.709,2.834
2012-05-06-02_27_03.362,543,3,16,1,-29.247,-69.804,3.134
2012-05-06-02_27_03.363,543,4,16,1,-38.234,-69.779,2.534
2012-05-06-02_27_03.363,543,5,16,1,-47.248,-69.841,2.734
2012-05-06-02_27_03.364,543,6,16,1,-56.247,-69.845,2.934
2012-05-06-02_27_03.365,543,7,16,1,-65.169,-69.763,3.634
2012-05-06-02_27_03.366,543,0,17,0,2.267,-74.284,3.842
2012-05-06-02_27_03.367,543,1,17,0,-6.749,-74.288,3.342
2012-05-06-02_27_03.367,543,2,17,0,-15.730,-74.204,2.742
2012-05-06-02_27_03.368,543,3,17,0,-24.785,-74.299,3.042
2012-05-06-02_27_03.370,543,4,17,0,-33.772,-74.274,2.442
2012-05-06-02_27_03.371,543,5,17,0,-42.787,-74.336,2.842
2012-05-06-02_27_03.372,543,6,17,0,-51.785,-74.340,2.942
2012-05-06-02_27_03.372,543,7,17,0,-60.707,-74.258,3.742
2012-05-06-02_27_03.374,543,0,17,1,-2.193,-74.291,3.852
2012-05-06-02_27_03.375,543,1,17,1,-11.211,-74.288,3.351
2012-05-06-02_27_03.375,543,2,17,1,-20.190,-74.211,2.852
2012-05-06-02_27_03.376,543,3,17,1,-29.245,-74.307,3.152
2012-05-06-02_27_03.377,543,4,17,1,-38.232,-74.282,2.352
2012-05-06-02_27_03.377,543,5,17,1,-47.246,-74.344,2.852
2012-05-06-02_27_03.378,543,6,17,1,-56.245,-74.348,2.952
2012-05-06-02_27_03.378,543,7,17,1,-65.167,-74.265,3.652
2012-05-06-02_27_03.379,543,0,18,0,2.264,-78.782,3.762
2012-05-06-02_27_03.379,543,1,18,0,-6.749,-78.786,3.362
2012-05-06-02_27_03.380,543,2,18,0,-15.733,-78.702,2.862
2012-05-06-02_27_03.380,543,3,18,0,-24.788,-78.797,3.062
2012-05-06-02_27_03.381,543,4,18,0,-33.775,-78.772,2.562
2012-05-06-02_27_03.382,543,5,18,0,-42.789,-78.835,2.862
2012-05-06-02_27_03.382,543,6,18,0,-51.788,-78.838,2.962
2012-05-06-02_27_03.383,543,7,18,0,-60.710,-78.756,3.762
2012-05-06-02_27_03.383,543,0,18,1,-2.193,-78.789,3.875
2012-05-06-02_27_03.384,543,1,18,1,-11.211,-78.786,11.574
2012-05-06-02_27_03.385,543,2,18,1,-20.190,-78.708,2.775
2012-05-06-02_27_03.385,543,3,18,1,-29.245,-78.804,3.175
2012-05-06-02_27_03.386,543,4,18,1,-38.232,-78.779,2.375
2012-05-06-02_27_03.387,543,5,18,1,-47.247,-78.841,2.875
2012-05-06-02_27_03.387,543,6,18,1,-56.245,-78.845,2.975
2012-05-06-02_27_03.388,543,7,18,1,-65.167,-78.762,3.775
2012-05-06-02_27_03.389,543,0,19,0,2.264,-83.282,3.786
2012-05-06-02_27_03.389,543,1,19,0,-6.747,-83.294,3.386
2012-05-06-02_27_03.390,543,2,19,0,-15.734,-83.201,2.886
2012-05-06-02_27_03.391,543,3,19,0,-24.788,-83.297,3.186
2012-05-06-02_27_03.392,543,4,19,0,-33.775,-83.272,2.286
2012-05-06-02_27_03.392,543,5,19,0,-42.790,-83.334,2.886
2012-05-06-02_27_03.393,543,6,19,0,-51.789,-83.338,2.986
2012-05-06-02_27_03.394,543,7,19,0,-60.711,-83.255,3.586
2012-05-06-02_27_03.394,543,0,19,1,-2.191,-83.288,3.797
2012-05-06-02_27_03.395,543,1,19,1,-11.214,-83.294,3.397
2012-05-06-02_27_03.396,543,2,19,1,-20.188,-83.208,2.897
2012-05-06-02_27_03.396,543,3,19,1,-29.243,-83.303,3.197
2012-05-06-02_27_03.397,543,4,19,1,-38.230,-83.278,2.597
2012-05-06-02_27_03.398,543,5,19,1,-47.245,-83.341,2.897
2012-05-06-02_27_03.399,543,6,19,1,-56.243,-83.344,3.097
2012-05-06-02_27_03.399,543,7,19,1,-65.165,-83.262,3.797
2012-05-06-02_27_03.400,543,0,20,0,2.266,-87.780,3.905
2012-05-06-02_27_03.401,543,1,20,0,-6.750,-87.797,3.305
2012-05-06-02_27_03.401,543,2,20,0,-15.732,-87.700,2.905
2012-05-06-02_27_03.402,543,3,20,0,-24.786,-87.795,3.205
2012-05-06-02_27_03.402,543,4,20,0,-33.773,-87.770,2.605
2012-05-06-02_27_03.403,543,5,20,0,-42.788,-87.833,2.905
2012-05-06-02_27_03.404,543,6,20,0,-51.787,-87.836,2.905
2012-05-06-02_27_03.404,543,7,20,0,-60.709,-87.754,3.805
2012-05-06-02_27_03.405,543,0,20,1,-2.189,-87.788,3.914
2012-05-06-02_27_03.406,543,1,20,1,-11.212,-87.796,3.414
2012-05-06-02_27_03.407,543,2,20,1,-20.186,-87.707,2.914
2012-05-06-02_27_03.407,543,3,20,1,-29.241,-87.803,3.214
2012-05-06-02_27_03.408,543,4,20,1,-38.228,-87.778,2.614
2012-05-06-02_27_03.408,543,5,20,1,-47.243,-87.840,2.914
2012-05-06-02_27_03.409,543,6,20,1,-56.241,-87.844,3.114
2012-05-06-02_27_03.409,543,7,20,1,-65.163,-87.761,3.814
2012-05-06-02_27_03.410,543,0,21,0,2.265,-92.279,3.924
2012-05-06-02_27_03.411,543,1,21,0,-6.753,-92.291,3.424
2012-05-06-02_27_03.411,543,2,21,0,-15.732,-92.199,2.924
2012-05-06-02_27_03.412,543,3,21,0,-24.787,-92.295,3.224
2012-05-06-02_27_03.413,543,4,21,0,-33.774,-92.270,2.624
2012-05-06-02_27_03.415,543,5,21,0,-42.788,-92.332,2.924
2012-05-06-02_27_03.416,543,6,21,0,-51.787,-92.336,3.024
2012-05-06-02_27_03.416,543,7,21,0,-60.709,-92.253,3.824
2012-05-06-02_27_03.417,543,0,21,1,-2.190,-92.290,3.937
2012-05-06-02_27_03.418,543,1,21,1,-11.213,-92.290,3.437
2012-05-06-02_27_03.419,543,2,21,1,-20.187,-92.210,2.937
2012-05-06-02_27_03.420,543,3,21,1,-29.241,-92.305,3.037
2012-05-06-02_27_03.420,543,4,21,1,-38.228,-92.280,2.537
2012-05-06-02_27_03.421,543,5,21,1,-47.243,-92.342,2.937
2012-05-06-02_27_03.422,543,6,21,1,-56.242,-92.346,3.037
2012-05-06-02_27_03.423,543,7,21,1,-65.164,-92.264,3.737
2012-05-06-02_27_03.424,543,0,22,0,2.265,-96.783,3.850
2012-05-06-02_27_03.425,543,1,22,0,-6.756,-96.789,3.450
2012-05-06-02_27_03.426,543,2,22,0,-15.732,-96.703,2.950
2012-05-06-02_27_03.427,543,3,22,0,-24.787,-96.799,3.250
2012-05-06-02_27_03.427,543,4,22,0,-33.774,-96.774,2.650
2012-05-06-02_27_03.428,543,5,22,0,-42.789,-96.836,2.950
2012-05-06-02_27_03.429,543,6,22,0,-51.787,-96.840,3.150
2012-05-06-02_27_03.429,543,7,22,0,-60.709,-96.757,3.850
2012-05-06-02_27_03.430,543,0,22,1,-2.192,-96.792,3.958
2012-05-06-02_27_03.431,543,1,22,1,-11.213,-96.790,3.458
2012-05-06-02_27_03.432,543,2,22,1,-20.190,-96.712,2.958
2012-05-06-02_27_03.433,543,3,22,1,-29.244,-96.808,3.058
2012-05-06-02_27_03.433,543,4,22,1,-38.231,-96.783,2.758
2012-05-06-02_27_03.434,543,5,22,1,-47.246,-96.845,2.958
2012-05-06-02_27_03.435,543,6,22,1,-56.245,-96.848,3.058
2012-05-06-02_27_03.435,543,7,22,1,-65.167,-96.766,3.858
2012-05-06-02_27_03.436,543,0,23,0,2.267,-101.281,3.868
2012-05-06-02_27_03.437,543,1,23,0,-6.756,-101.287,3.468
2012-05-06-02_27_03.437,543,2,23,0,-15.730,-101.201,2.968
2012-05-06-02_27_03.438,543,3,23,0,-24.785,-101.297,3.268
2012-05-06-02_27_03.439,543,4,23,0,-33.772,-101.272,2.668
2012-05-06-02_27_03.440,543,5,23,0,-42.787,-101.334,2.868
2012-05-06-02_27_03.441,543,6,23,0,-51.785,-101.338,2.868
2012-05-06-02_27_03.441,543,7,23,0,-60.707,-101.255,3.868
2012-05-06-02_27_03.442,543,0,23,1,-2.181,-101.280,3.968
2012-05-06-02_27_03.444,543,1,23,1,-11.211,-101.286,3.468
2012-05-06-02_27_03.445,543,2,23,1,-20.178,-101.200,2.968
2012-05-06-02_27_03.446,543,3,23,1,-29.232,-101.295,2.968
2012-05-06-02_27_03.446,543,4,23,1,-38.219,-101.270,2.668
2012-05-06-02_27_03.447,543,5,23,1,-47.234,-101.332,2.968
2012-05-06-02_27_03.448,543,6,23,1,-56.233,-101.336,3.068
2012-05-06-02_27_03.449,543,7,23,1,-65.155,-101.253,3.768
