2012-05-06-01_14_56.357,469,0,0,0,2.259,2.219,3.496
2012-05-06-01_14_56.359,469,1,0,0,-6.749,2.205,2.796
2012-05-06-01_14_56.360,469,2,0,0,-15.738,2.300,2.496
2012-05-06-01_14_56.361,469,3,0,0,-24.792,2.204,2.796
2012-05-06-01_14_56.362,469,4,0,0,-33.779,2.229,1.896
2012-05-06-01_14_56.363,469,5,0,0,-42.794,2.167,2.696
2012-05-06-01_14_56.365,469,6,0,0,-51.793,2.163,2.596
2012-05-06-01_14_56.366,469,7,0,0,-60.715,2.246,3.296
2012-05-06-01_14_56.367,469,0,0,1,-2.186,2.213,3.596
2012-05-06-01_14_56.367,469,1,0,1,-11.201,2.205,3.096
2012-05-06-01_14_56.368,469,2,0,1,-20.183,2.293,2.596
2012-05-06-01_14_56.369,469,3,0,1,-29.237,2.197,2.696
2012-05-06-01_14_56.370,469,4,0,1,-38.224,2.223,2.296
2012-05-06-01_14_56.370,469,5,0,1,-47.239,2.160,2.596
2012-05-06-01_14_56.371,469,6,0,1,-56.238,2.157,2.596
2012-05-06-01_14_56.372,469,7,0,1,-65.160,2.239,3.396
2012-05-06-01_14_56.373,469,0,1,0,2.271,-2.280,3.612
2012-05-06-01_14_56.375,469,1,1,0,-6.745,-2.290,3.112
2012-05-06-01_14_56.376,469,2,1,0,-15.726,-2.200,2.512
2012-05-06-01_14_56.377,469,3,1,0,-24.781,-2.295,2.912
2012-05-06-01_14_56.378,469,4,1,0,-33.768,-2.270,2.112
2012-05-06-01_14_56.379,469,5,1,0,-42.782,-2.332,2.712
2012-05-06-01_14_56.380,469,6,1,0,-51.781,-2.336,2.612
2012-05-06-01_14_56.381,469,7,1,0,-60.703,-2.254,3.212
2012-05-06-01_14_56.382,469,0,1,1,-2.186,-2.289,3.620
2012-05-06-01_14_56.383,469,1,1,1,-11.202,-2.290,3.119
2012-05-06-01_14_56.383,469,2,1,1,-20.183,-2.209,2.620
2012-05-06-01_14_56.384,469,3,1,1,-29.238,-2.304,2.720
2012-05-06-01_14_56.384,469,4,1,1,-38.225,-2.279,2.020
2012-05-06-01_14_56.385,469,5,1,1,-47.239,-2.341,2.620
2012-05-06-01_14_56.386,469,6,1,1,-56.238,-2.345,2.620
2012-05-06-01_14_56.388,469,7,1,1,-65.160,-2.263,3.320
2012-05-06-01_14_56.389,469,0,2,0,2.271,-6.784,3.528
2012-05-06-01_14_56.390,469,1,2,0,-6.743,-6.788,3.128
2012-05-06-01_14_56.391,469,2,2,0,-15.726,-6.704,2.628
2012-05-06-01_14_56.392,469,3,2,0,-24.781,-6.799,2.928
2012-05-06-01_14_56.393,469,4,2,0,-33.768,-6.774,2.228
2012-05-06-01_14_56.393,469,5,2,0,-42.783,-6.836,2.828
2012-05-06-01_14_56.411,469,6,2,0,-51.781,-6.840,2.628
2012-05-06-01_14_56.412,469,7,2,0,-60.703,-6.758,3.628
2012-05-06-01_14_56.413,469,0,2,1,-2.186,-6.792,3.537
2012-05-06-01_14_56.414,469,1,2,1,-11.202,-6.787,3.137
2012-05-06-01_14_56.415,469,2,2,1,-20.184,-6.712,2.637
2012-05-06-01_14_56.416,469,3,2,1,-29.238,-6.807,2.937
2012-05-06-01_14_56.417,469,4,2,1,-38.225,-6.782,2.337
2012-05-06-01_14_56.418,469,5,2,1,-47.240,-6.845,2.637
2012-05-06-01_14_56.419,469,6,2,1,-56.239,-6.848,2.737
2012-05-06-01_14_56.420,469,7,2,1,-65.161,-6.766,3.537
2012-05-06-01_14_56.421,469,0,3,0,2.273,-11.282,3.647
2012-05-06-01_14_56.421,469,1,3,0,-6.743,-11.286,3.147
2012-05-06-01_14_56.422,469,2,3,0,-15.724,-11.202,2.547
2012-05-06-01_14_56.423,469,3,3,0,-24.779,-11.297,2.947
2012-05-06-01_14_56.430,469,4,3,0,-33.766,-11.272,2.347
2012-05-06-01_14_56.431,469,5,3,0,-42.781,-11.335,2.747
2012-05-06-01_14_56.432,469,6,3,0,-51.779,-11.338,2.747
2012-05-06-01_14_56.433,469,7,3,0,-60.701,-11.256,3.247
2012-05-06-01_14_56.434,469,0,3,1,-2.187,-11.289,3.659
2012-05-06-01_14_56.435,469,1,3,1,-11.200,-11.286,3.159
2012-05-06-01_14_56.436,469,2,3,1,-20.184,-11.208,2.559
2012-05-06-01_14_56.437,469,3,3,1,-29.239,-11.304,2.959
2012-05-06-01_14_56.438,469,4,3,1,-38.226,-11.279,2.459
2012-05-06-01_14_56.438,469,5,3,1,-47.240,-11.341,2.659
2012-05-06-01_14_56.439,469,6,3,1,-56.239,-11.345,2.759
2012-05-06-01_14_56.440,469,7,3,1,-65.161,-11.262,3.359
2012-05-06-01_14_56.441,469,0,4,0,2.267,-15.782,3.672
2012-05-06-01_14_56.441,469,1,4,0,-6.741,-15.794,3.172
2012-05-06-01_14_56.442,469,2,4,0,-15.730,-15.701,2.672
2012-05-06-01_14_56.442,469,3,4,0,-24.784,-15.797,2.972
2012-05-06-01_14_56.443,469,4,4,0,-33.771,-15.772,2.072
2012-05-06-01_14_56.443,469,5,4,0,-42.786,-15.834,2.772
2012-05-06-01_14_56.444,469,6,4,0,-51.785,-15.838,2.672
2012-05-06-01_14_56.445,469,7,4,0,-60.707,-15.755,3.472
2012-05-06-01_14_56.445,469,0,4,1,-2.187,-15.789,3.683
2012-05-06-01_14_56.446,469,1,4,1,-11.203,-15.794,3.183
2012-05-06-01_14_56.447,469,2,4,1,-20.184,-15.709,2.683
2012-05-06-01_14_56.448,469,3,4,1,-29.239,-15.804,2.883
2012-05-06-01_14_56.448,469,4,4,1,-38.226,-15.779,2.083
2012-05-06-01_14_56.449,469,5,4,1,-47.241,-15.841,2.483
2012-05-06-01_14_56.450,469,6,4,1,-56.239,-15.845,2.683
2012-05-06-01_14_56.450,469,7,4,1,-65.161,-15.763,3.383
2012-05-06-01_14_56.451,469,0,5,0,2.270,-20.280,3.691
2012-05-06-01_14_56.452,469,1,5,0,-6.742,-20.297,3.191
2012-05-06-01_14_56.453,469,2,5,0,-15.728,-20.200,2.691
2012-05-06-01_14_56.454,469,3,5,0,-24.782,-20.295,2.891
2012-05-06-01_14_56.454,469,4,5,0,-33.769,-20.270,2.191
2012-05-06-01_14_56.455,469,5,5,0,-42.784,-20.332,2.691
2012-05-06-01_14_56.456,469,6,5,0,-51.783,-20.336,2.691
2012-05-06-01_14_56.457,469,7,5,0,-60.705,-20.254,3.391
2012-05-06-01_14_56.457,469,0,5,1,-2.185,-20.288,3.700
2012-05-06-01_14_56.458,469,1,5,1,-11.206,-20.297,3.100
2012-05-06-01_14_56.459,469,2,5,1,-20.182,-20.207,2.600
2012-05-06-01_14_56.459,469,3,5,1,-29.237,-20.303,3.000
2012-05-06-01_14_56.460,469,4,5,1,-38.224,-20.278,2.200
2012-05-06-01_14_56.461,469,5,5,1,-47.239,-20.340,2.600
2012-05-06-01_14_56.461,469,6,5,1,-56.237,-20.344,2.700
2012-05-06-01_14_56.462,469,7,5,1,-65.159,-20.261,3.500
2012-05-06-01_14_56.462,469,0,6,0,2.267,-24.779,3.710
2012-05-06-01_14_56.463,469,1,6,0,-6.739,-24.792,3.210
2012-05-06-01_14_56.464,469,2,6,0,-15.730,-24.699,2.610
2012-05-06-01_14_56.465,469,3,6,0,-24.785,-24.795,3.010
2012-05-06-01_14_56.465,469,4,6,0,-33.772,-24.770,2.010
2012-05-06-01_14_56.466,469,5,6,0,-42.787,-24.832,2.610
2012-05-06-01_14_56.468,469,6,6,0,-51.786,-24.836,2.710
2012-05-06-01_14_56.469,469,7,6,0,-60.707,-24.753,3.510
2012-05-06-01_14_56.470,469,0,6,1,-2.183,-24.789,3.622
2012-05-06-01_14_56.470,469,1,6,1,-11.209,-24.790,3.222
2012-05-06-01_14_56.471,469,2,6,1,-20.180,-24.709,2.622
2012-05-06-01_14_56.472,469,3,6,1,-29.235,-24.804,3.122
2012-05-06-01_14_56.473,469,4,6,1,-38.222,-24.779,2.122
2012-05-06-01_14_56.473,469,5,6,1,-47.237,-24.841,2.722
2012-05-06-01_14_56.474,469,6,6,1,-56.235,-24.845,2.822
2012-05-06-01_14_56.475,469,7,6,1,-65.157,-24.763,3.522
2012-05-06-01_14_56.476,469,0,7,0,2.271,-29.283,3.635
2012-05-06-01_14_56.477,469,1,7,0,-6.737,-29.288,3.135
2012-05-06-01_14_56.478,469,2,7,0,-15.726,-29.203,2.735
2012-05-06-01_14_56.478,469,3,7,0,-24.781,-29.299,3.035
2012-05-06-01_14_56.479,469,4,7,0,-33.768,-29.274,2.435
2012-05-06-01_14_56.480,469,5,7,0,-42.782,-29.336,2.735
2012-05-06-01_14_56.480,469,6,7,0,-51.781,-29.340,2.735
2012-05-06-01_14_56.481,469,7,7,0,-60.703,-29.257,3.435
2012-05-06-01_14_56.482,469,0,7,1,-2.184,-29.291,3.745
2012-05-06-01_14_56.483,469,1,7,1,-11.212,-29.287,3.245
2012-05-06-01_14_56.483,469,2,7,1,-20.181,-29.211,2.645
2012-05-06-01_14_56.484,469,3,7,1,-29.235,-29.306,3.045
2012-05-06-01_14_56.485,469,4,7,1,-38.223,-29.281,2.345
2012-05-06-01_14_56.485,469,5,7,1,-47.237,-29.344,2.745
2012-05-06-01_14_56.486,469,6,7,1,-56.236,-29.347,2.845
2012-05-06-01_14_56.487,469,7,7,1,-65.158,-29.265,3.545
2012-05-06-01_14_56.487,469,0,8,0,2.276,-33.782,3.653
2012-05-06-01_14_56.488,469,1,8,0,-6.743,-33.785,3.154
2012-05-06-01_14_56.489,469,2,8,0,-15.722,-33.702,2.653
2012-05-06-01_14_56.489,469,3,8,0,-24.776,-33.798,2.953
2012-05-06-01_14_56.490,469,4,8,0,-33.763,-33.773,2.453
2012-05-06-01_14_56.491,469,5,8,0,-42.778,-33.835,2.753
2012-05-06-01_14_56.492,469,6,8,0,-51.777,-33.839,2.753
2012-05-06-01_14_56.492,469,7,8,0,-60.699,-33.756,3.653
2012-05-06-01_14_56.493,469,0,8,1,-2.182,-33.788,3.663
2012-05-06-01_14_56.494,469,1,8,1,-11.212,-33.785,3.262
2012-05-06-01_14_56.494,469,2,8,1,-20.179,-33.707,2.763
2012-05-06-01_14_56.495,469,3,8,1,-29.233,-33.803,3.063
2012-05-06-01_14_56.495,469,4,8,1,-38.221,-33.778,2.463
2012-05-06-01_14_56.496,469,5,8,1,-47.235,-33.840,2.863
2012-05-06-01_14_56.497,469,6,8,1,-56.234,-33.844,2.863
2012-05-06-01_14_56.497,469,7,8,1,-65.156,-33.761,3.563
2012-05-06-01_14_56.498,469,0,9,0,2.275,-38.282,3.672
2012-05-06-01_14_56.498,469,1,9,0,-6.746,-38.294,3.272
2012-05-06-01_14_56.499,469,2,9,0,-15.722,-38.201,2.672
2012-05-06-01_14_56.500,469,3,9,0,-24.777,-38.297,3.072
2012-05-06-01_14_56.500,469,4,9,0,-33.764,-38.272,2.272
2012-05-06-01_14_56.501,469,5,9,0,-42.778,-38.334,2.772
2012-05-06-01_14_56.501,469,6,9,0,-51.777,-38.338,2.772
2012-05-06-01_14_56.502,469,7,9,0,-60.699,-38.255,3.472
2012-05-06-01_14_56.503,469,0,9,1,-2.185,-38.288,3.685
2012-05-06-01_14_56.503,469,1,9,1,-11.213,-38.293,3.285
2012-05-06-01_14_56.504,469,2,9,1,-20.182,-38.208,2.785
2012-05-06-01_14_56.505,469,3,9,1,-29.236,-38.303,2.985
2012-05-06-01_14_56.505,469,4,9,1,-38.223,-38.278,2.285
2012-05-06-01_14_56.506,469,5,9,1,-47.238,-38.341,2.685
2012-05-06-01_14_56.506,469,6,9,1,-56.237,-38.344,2.885
2012-05-06-01_14_56.507,469,7,9,1,-65.159,-38.262,3.585
2012-05-06-01_14_56.507,469,0,10,0,2.277,-42.780,3.698
2012-05-06-01_14_56.508,469,1,10,0,-6.748,-42.796,3.298
2012-05-06-01_14_56.508,469,2,10,0,-15.720,-42.699,2.798
2012-05-06-01_14_56.509,469,3,10,0,-24.775,-42.795,2.998
2012-05-06-01_14_56.509,469,4,10,0,-33.762,-42.770,2.298
2012-05-06-01_14_56.510,469,5,10,0,-42.776,-42.832,2.798
2012-05-06-01_14_56.511,469,6,10,0,-51.775,-42.836,2.798
2012-05-06-01_14_56.511,469,7,10,0,-60.697,-42.753,3.498
2012-05-06-01_14_56.512,469,0,10,1,-2.187,-42.788,3.808
2012-05-06-01_14_56.513,469,1,10,1,-11.213,-42.795,3.208
2012-05-06-01_14_56.513,469,2,10,1,-20.185,-42.708,2.708
2012-05-06-01_14_56.514,469,3,10,1,-29.239,-42.803,3.108
2012-05-06-01_14_56.514,469,4,10,1,-38.226,-42.778,2.508
2012-05-06-01_14_56.516,469,5,10,1,-47.241,-42.841,2.908
2012-05-06-01_14_56.517,469,6,10,1,-56.240,-42.844,2.908
2012-05-06-01_14_56.517,469,7,10,1,-65.162,-42.762,3.508
2012-05-06-01_14_56.518,469,0,11,0,2.277,-47.279,3.717
2012-05-06-01_14_56.519,469,1,11,0,-6.751,-47.291,3.317
2012-05-06-01_14_56.519,469,2,11,0,-15.720,-47.199,2.717
2012-05-06-01_14_56.520,469,3,11,0,-24.775,-47.295,3.117
2012-05-06-01_14_56.521,469,4,11,0,-33.762,-47.270,2.417
2012-05-06-01_14_56.521,469,5,11,0,-42.777,-47.332,2.717
2012-05-06-01_14_56.522,469,6,11,0,-51.775,-47.336,2.917
2012-05-06-01_14_56.522,469,7,11,0,-60.697,-47.253,3.517
2012-05-06-01_14_56.523,469,0,11,1,-2.190,-47.290,3.726
2012-05-06-01_14_56.524,469,1,11,1,-11.213,-47.290,3.226
2012-05-06-01_14_56.524,469,2,11,1,-20.187,-47.210,2.726
2012-05-06-01_14_56.525,469,3,11,1,-29.242,-47.305,2.826
2012-05-06-01_14_56.526,469,4,11,1,-38.229,-47.280,2.526
2012-05-06-01_14_56.526,469,5,11,1,-47.244,-47.342,2.926
2012-05-06-01_14_56.526,469,6,11,1,-56.242,-47.346,2.926
2012-05-06-01_14_56.527,469,7,11,1,-65.164,-47.264,3.626
2012-05-06-01_14_56.528,469,0,12,0,2.276,-51.784,3.636
2012-05-06-01_14_56.528,469,1,12,0,-6.752,-51.788,3.236
2012-05-06-01_14_56.529,469,2,12,0,-15.721,-51.704,2.736
2012-05-06-01_14_56.530,469,3,12,0,-24.776,-51.799,3.036
2012-05-06-01_14_56.530,469,4,12,0,-33.763,-51.774,2.236
2012-05-06-01_14_56.531,469,5,12,0,-42.777,-51.837,2.836
2012-05-06-01_14_56.532,469,6,12,0,-51.776,-51.840,2.836
2012-05-06-01_14_56.533,469,7,12,0,-60.698,-51.758,3.536
2012-05-06-01_14_56.533,469,0,12,1,-2.188,-51.792,3.749
2012-05-06-01_14_56.534,469,1,12,1,-11.211,-51.788,3.349
2012-05-06-01_14_56.535,469,2,12,1,-20.185,-51.712,2.849
2012-05-06-01_14_56.537,469,3,12,1,-29.240,-51.807,3.049
2012-05-06-01_14_56.538,469,4,12,1,-38.227,-51.782,2.549
2012-05-06-01_14_56.538,469,5,12,1,-47.242,-51.845,2.849
2012-05-06-01_14_56.539,469,6,12,1,-56.240,-51.848,2.949
2012-05-06-01_14_56.540,469,7,12,1,-65.162,-51.766,3.649
2012-05-06-01_14_56.540,469,0,13,0,2.273,-56.282,3.762
2012-05-06-01_14_56.541,469,1,13,0,-6.752,-56.286,3.262
2012-05-06-01_14_56.542,469,2,13,0,-15.724,-56.202,2.762
2012-05-06-01_14_56.542,469,3,13,0,-24.778,-56.297,3.062
2012-05-06-01_14_56.543,469,4,13,0,-33.765,-56.272,2.362
2012-05-06-01_14_56.544,469,5,13,0,-42.780,-56.334,2.762
2012-05-06-01_14_56.544,469,6,13,0,-51.779,-56.338,2.862
2012-05-06-01_14_56.545,469,7,13,0,-60.701,-56.256,3.562
2012-05-06-01_14_56.546,469,0,13,1,-2.191,-56.288,3.772
2012-05-06-01_14_56.547,469,1,13,1,-11.209,-56.286,3.371
2012-05-06-01_14_56.547,469,2,13,1,-20.188,-56.208,2.772
2012-05-06-01_14_56.548,469,3,13,1,-29.243,-56.303,2.872
2012-05-06-01_14_56.549,469,4,13,1,-38.230,-56.278,2.372
2012-05-06-01_14_56.549,469,5,13,1,-47.245,-56.341,2.872
2012-05-06-01_14_56.550,469,6,13,1,-56.243,-56.344,2.872
2012-05-06-01_14_56.551,469,7,13,1,-65.165,-56.262,3.672
2012-05-06-01_14_56.551,469,0,14,0,2.275,-60.782,3.779
2012-05-06-01_14_56.552,469,1,14,0,-6.753,-60.794,3.379
2012-05-06-01_14_56.553,469,2,14,0,-15.722,-60.702,2.779
2012-05-06-01_14_56.553,469,3,14,0,-24.776,-60.797,3.079
2012-05-06-01_14_56.554,469,4,14,0,-33.763,-60.772,2.479
2012-05-06-01_14_56.555,469,5,14,0,-42.778,-60.834,2.779
2012-05-06-01_14_56.555,469,6,14,0,-51.777,-60.838,2.879
2012-05-06-01_14_56.556,469,7,14,0,-60.699,-60.756,3.779
2012-05-06-01_14_56.557,469,0,14,1,-2.194,-60.789,3.788
2012-05-06-01_14_56.557,469,1,14,1,-11.207,-60.793,3.388
2012-05-06-01_14_56.559,469,2,14,1,-20.191,-60.708,2.788
2012-05-06-01_14_56.560,469,3,14,1,-29.246,-60.804,3.088
2012-05-06-01_14_56.561,469,4,14,1,-38.233,-60.779,2.588
2012-05-06-01_14_56.561,469,5,14,1,-47.247,-60.841,2.888
2012-05-06-01_14_56.562,469,6,14,1,-56.246,-60.845,2.988
2012-05-06-01_14_56.563,469,7,14,1,-65.168,-60.762,3.688
2012-05-06-01_14_56.564,469,0,15,0,2.273,-65.280,3.797
2012-05-06-01_14_56.564,469,1,15,0,-6.753,-65.296,3.397
2012-05-06-01_14_56.565,469,2,15,0,-15.725,-65.199,2.797
2012-05-06-01_14_56.566,469,3,15,0,-24.779,-65.295,3.097
2012-05-06-01_14_56.566,469,4,15,0,-33.766,-65.270,2.497
2012-05-06-01_14_56.567,469,5,15,0,-42.781,-65.332,2.697
2012-05-06-01_14_56.568,469,6,15,0,-51.780,-65.336,2.897
2012-05-06-01_14_56.568,469,7,15,0,-60.702,-65.253,3.497
2012-05-06-01_14_56.569,469,0,15,1,-2.194,-65.288,3.910
2012-05-06-01_14_56.569,469,1,15,1,-11.208,-65.296,3.410
2012-05-06-01_14_56.570,469,2,15,1,-20.191,-65.207,2.910
2012-05-06-01_14_56.571,469,3,15,1,-29.246,-65.303,3.010
2012-05-06-01_14_56.571,469,4,15,1,-38.233,-65.278,2.510
2012-05-06-01_14_56.572,469,5,15,1,-47.248,-65.340,2.910
2012-05-06-01_14_56.573,469,6,15,1,-56.247,-65.344,2.910
2012-05-06-01_14_56.573,469,7,15,1,-65.168,-65.261,3.710
2012-05-06-01_14_56.574,469,0,16,0,2.270,-69.780,3.822
2012-05-06-01_14_56.575,469,1,16,0,-6.751,-69.791,3.422
2012-05-06-01_14_56.575,469,2,16,0,-15.727,-69.700,2.822
2012-05-06-01_14_56.576,469,3,16,0,-24.782,-69.795,3.122
2012-05-06-01_14_56.577,469,4,16,0,-33.769,-69.770,2.322
2012-05-06-01_14_56.578,469,5,16,0,-42.784,-69.832,2.922
2012-05-06-01_14_56.579,469,6,16,0,-51.782,-69.836,2.822
2012-05-06-01_14_56.579,469,7,16,0,-60.704,-69.754,3.622
2012-05-06-01_14_56.580,469,0,16,1,-2.197,-69.789,3.834
2012-05-06-01_14_56.581,469,1,16,1,-11.208,-69.790,3.334
2012-05-06-01_14_56.581,469,2,16,1,-20.194,-69.708,2.834
2012-05-06-01_14_56.582,469,3,16,1,-29.249,-69.804,3.134
2012-05-06-01_14_56.583,469,4,16,1,-38.236,-69.779,2.534
2012-05-06-01_14_56.583,469,5,16,1,-47.251,-69.841,2.734
2012-05-06-01_14_56.584,469,6,16,1,-56.249,-69.845,2.934
2012-05-06-01_14_56.584,469,7,16,1,-65.171,-69.762,3.634
2012-05-06-01_14_56.585,469,0,17,0,2.267,-74.284,3.842
2012-05-06-01_14_56.585,469,1,17,0,-6.747,-74.287,3.442
2012-05-06-01_14_56.586,469,2,17,0,-15.730,-74.204,2.842
2012-05-06-01_14_56.586,469,3,17,0,-24.785,-74.299,3.142
2012-05-06-01_14_56.587,469,4,17,0,-33.772,-74.274,2.442
2012-05-06-01_14_56.588,469,5,17,0,-42.787,-74.337,2.842
2012-05-06-01_14_56.588,469,6,17,0,-51.785,-74.340,2.842
2012-05-06-01_14_56.589,469,7,17,0,-60.707,-74.258,3.542
2012-05-06-01_14_56.589,469,0,17,1,-2.193,-74.291,3.852
2012-05-06-01_14_56.590,469,1,17,1,-11.211,-74.287,3.351
2012-05-06-01_14_56.590,469,2,17,1,-20.190,-74.211,2.852
2012-05-06-01_14_56.591,469,3,17,1,-29.245,-74.307,3.152
2012-05-06-01_14_56.592,469,4,17,1,-38.232,-74.282,2.352
2012-05-06-01_14_56.592,469,5,17,1,-47.246,-74.344,2.852
2012-05-06-01_14_56.593,469,6,17,1,-56.245,-74.348,2.952
2012-05-06-01_14_56.594,469,7,17,1,-65.167,-74.265,3.752
2012-05-06-01_14_56.595,469,0,18,0,2.266,-78.782,3.762
2012-05-06-01_14_56.595,469,1,18,0,-6.744,-78.785,3.362
2012-05-06-01_14_56.596,469,2,18,0,-15.731,-78.702,2.862
2012-05-06-01_14_56.597,469,3,18,0,-24.785,-78.797,3.162
2012-05-06-01_14_56.598,469,4,18,0,-33.772,-78.772,2.562
2012-05-06-01_14_56.598,469,5,18,0,-42.787,-78.835,2.762
2012-05-06-01_14_56.599,469,6,18,0,-51.786,-78.838,2.862
2012-05-06-01_14_56.601,469,7,18,0,-60.708,-78.756,3.762
2012-05-06-01_14_56.602,469,0,18,1,-2.193,-78.788,3.875
2012-05-06-01_14_56.602,469,1,18,1,-11.211,-78.785,3.374
2012-05-06-01_14_56.603,469,2,18,1,-20.190,-78.708,2.875
2012-05-06-01_14_56.604,469,3,18,1,-29.245,-78.803,3.175
2012-05-06-01_14_56.604,469,4,18,1,-38.232,-78.778,2.375
2012-05-06-01_14_56.605,469,5,18,1,-47.247,-78.841,2.975
2012-05-06-01_14_56.606,469,6,18,1,-56.245,-78.844,2.975
2012-05-06-01_14_56.607,469,7,18,1,-65.167,-78.762,3.775
2012-05-06-01_14_56.609,469,0,19,0,2.264,-83.282,3.886
2012-05-06-01_14_56.610,469,1,19,0,-6.747,-83.293,3.486
2012-05-06-01_14_56.611,469,2,19,0,-15.734,-83.202,2.886
2012-05-06-01_14_56.611,469,3,19,0,-24.788,-83.298,3.186
2012-05-06-01_14_56.612,469,4,19,0,-33.775,-83.272,2.286
2012-05-06-01_14_56.612,469,5,19,0,-42.790,-83.335,2.886
2012-05-06-01_14_56.613,469,6,19,0,-51.789,-83.338,2.986
2012-05-06-01_14_56.614,469,7,19,0,-60.711,-83.256,3.586
2012-05-06-01_14_56.614,469,0,19,1,-2.191,-83.288,3.997
2012-05-06-01_14_56.615,469,1,19,1,-11.214,-83.293,3.397
2012-05-06-01_14_56.615,469,2,19,1,-20.188,-83.208,2.897
2012-05-06-01_14_56.616,469,3,19,1,-29.243,-83.304,2.897
2012-05-06-01_14_56.616,469,4,19,1,-38.230,-83.279,2.697
2012-05-06-01_14_56.617,469,5,19,1,-47.245,-83.341,2.997
2012-05-06-01_14_56.617,469,6,19,1,-56.243,-83.344,2.997
2012-05-06-01_14_56.618,469,7,19,1,-65.165,-83.262,3.797
2012-05-06-01_14_56.619,469,0,20,0,2.266,-87.780,4.005
2012-05-06-01_14_56.619,469,1,20,0,-6.748,-87.796,3.405
2012-05-06-01_14_56.620,469,2,20,0,-15.732,-87.699,2.905
2012-05-06-01_14_56.620,469,3,20,0,-24.786,-87.795,3.205
2012-05-06-01_14_56.621,469,4,20,0,-33.773,-87.770,2.605
2012-05-06-01_14_56.621,469,5,20,0,-42.788,-87.832,2.905
2012-05-06-01_14_56.622,469,6,20,0,-51.787,-87.836,2.905
2012-05-06-01_14_56.622,469,7,20,0,-60.709,-87.753,3.805
2012-05-06-01_14_56.623,469,0,20,1,-2.192,-87.788,3.914
2012-05-06-01_14_56.623,469,1,20,1,-11.212,-87.796,3.414
2012-05-06-01_14_56.624,469,2,20,1,-20.189,-87.708,2.914
2012-05-06-01_14_56.625,469,3,20,1,-29.243,-87.803,3.314
2012-05-06-01_14_56.625,469,4,20,1,-38.230,-87.778,2.614
2012-05-06-01_14_56.626,469,5,20,1,-47.245,-87.841,2.914
2012-05-06-01_14_56.627,469,6,20,1,-56.244,-87.844,3.014
2012-05-06-01_14_56.627,469,7,20,1,-65.166,-87.762,3.814
2012-05-06-01_14_56.628,469,0,21,0,2.268,-92.279,4.024
2012-05-06-01_14_56.629,469,1,21,0,-6.751,-92.291,3.424
2012-05-06-01_14_56.629,469,2,21,0,-15.729,-92.199,2.924
2012-05-06-01_14_56.630,469,3,21,0,-24.784,-92.294,3.224
2012-05-06-01_14_56.630,469,4,21,0,-33.771,-92.269,2.524
2012-05-06-01_14_56.631,469,5,21,0,-42.786,-92.332,2.924
2012-05-06-01_14_56.632,469,6,21,0,-51.785,-92.335,2.924
2012-05-06-01_14_56.633,469,7,21,0,-60.706,-92.253,3.624
2012-05-06-01_14_56.633,469,0,21,1,-2.192,-92.289,4.037
2012-05-06-01_14_56.634,469,1,21,1,-11.213,-92.291,3.437
2012-05-06-01_14_56.635,469,2,21,1,-20.189,-92.209,2.937
2012-05-06-01_14_56.636,469,3,21,1,-29.244,-92.305,3.037
2012-05-06-01_14_56.636,469,4,21,1,-38.231,-92.280,2.537
2012-05-06-01_14_56.637,469,5,21,1,-47.246,-92.342,3.037
2012-05-06-01_14_56.637,469,6,21,1,-56.244,-92.346,2.937
2012-05-06-01_14_56.638,469,7,21,1,-65.166,-92.263,3.737
2012-05-06-01_14_56.639,469,0,22,0,2.267,-96.783,3.950
2012-05-06-01_14_56.639,469,1,22,0,-6.756,-96.789,3.450
2012-05-06-01_14_56.640,469,2,22,0,-15.730,-96.703,2.950
2012-05-06-01_14_56.640,469,3,22,0,-24.785,-96.799,3.250
2012-05-06-01_14_56.641,469,4,22,0,-33.772,-96.774,2.550
2012-05-06-01_14_56.642,469,5,22,0,-42.786,-96.836,2.950
2012-05-06-01_14_56.643,469,6,22,0,-51.785,-96.840,3.050
2012-05-06-01_14_56.644,469,7,22,0,-60.707,-96.757,3.750
2012-05-06-01_14_56.644,469,0,22,1,-2.195,-96.792,3.958
2012-05-06-01_14_56.645,469,1,22,1,-11.213,-96.789,3.558
2012-05-06-01_14_56.645,469,2,22,1,-20.192,-96.712,2.958
2012-05-06-01_14_56.646,469,3,22,1,-29.247,-96.808,3.058
2012-05-06-01_14_56.646,469,4,22,1,-38.234,-96.783,2.758
2012-05-06-01_14_56.647,469,5,22,1,-47.248,-96.845,3.058
2012-05-06-01_14_56.647,469,6,22,1,-56.247,-96.848,3.058
2012-05-06-01_14_56.648,469,7,22,1,-65.169,-96.766,3.858
2012-05-06-01_14_56.649,469,0,23,0,2.269,-101.281,3.968
2012-05-06-01_14_56.649,469,1,23,0,-6.756,-101.287,3.468
2012-05-06-01_14_56.650,469,2,23,0,-15.728,-101.201,2.968
2012-05-06-01_14_56.651,469,3,23,0,-24.783,-101.297,3.268
2012-05-06-01_14_56.652,469,4,23,0,-33.770,-101.272,2.668
2012-05-06-01_14_56.653,469,5,23,0,-42.784,-101.334,2.968
2012-05-06-01_14_56.653,469,6,23,0,-51.783,-101.338,2.868
2012-05-06-01_14_56.654,469,7,23,0,-60.705,-101.255,3.668
2012-05-06-01_14_56.655,469,0,23,1,-2.193,-101.280,3.968
2012-05-06-01_14_56.655,469,1,23,1,-11.214,-101.287,3.568
2012-05-06-01_14_56.656,469,2,23,1,-20.190,-101.200,2.968
2012-05-06-01_14_56.656,469,3,23,1,-29.245,-101.296,3.068
2012-05-06-01_14_56.657,469,4,23,1,-38.232,-101.271,2.668
2012-05-06-01_14_56.657,469,5,23,1,-47.246,-101.333,3.068
2012-05-06-01_14_56.658,469,6,23,1,-56.245,-101.336,3.068
2012-05-06-01_14_56.658,469,7,23,1,-65.167,-101.254,3.868
