2012-05-09-15_55_02.336,7,0,0,0,2.254,2.220,2.470
2012-05-09-15_55_02.342,7,0,0,0,2.202,2.219,2.470
2012-05-09-15_55_02.347,7,0,0,0,2.246,2.201,2.571
2012-05-09-15_55_02.353,7,0,0,0,2.200,2.277,2.470
2012-05-09-15_55_02.359,7,1,0,0,-6.776,2.215,2.157
2012-05-09-15_55_02.365,7,1,0,0,-6.828,2.213,2.157
2012-05-09-15_55_02.370,7,1,0,0,-6.784,2.196,2.157
2012-05-09-15_55_02.376,7,1,0,0,-6.830,2.272,2.157
2012-05-09-15_55_02.382,7,2,0,0,-15.762,2.251,1.967
2012-05-09-15_55_02.388,7,2,0,0,-15.814,2.250,1.967
2012-05-09-15_55_02.394,7,2,0,0,-15.770,2.232,1.967
2012-05-09-15_55_02.399,7,2,0,0,-15.816,2.308,1.966
2012-05-09-15_55_02.405,7,3,0,0,-24.778,2.264,2.855
2012-05-09-15_55_02.411,7,3,0,0,-24.830,2.263,2.855
2012-05-09-15_55_02.417,7,3,0,0,-24.786,2.245,2.855
2012-05-09-15_55_02.423,7,3,0,0,-24.785,2.314,2.855
2012-05-09-15_55_02.428,7,4,0,0,-33.806,2.237,1.849
2012-05-09-15_55_02.437,7,4,0,0,-33.813,2.218,1.849
2012-05-09-15_55_02.443,7,4,0,0,-33.813,2.287,1.750
2012-05-09-15_55_02.448,7,4,0,0,-33.803,2.293,1.849
2012-05-09-15_55_02.454,7,5,0,0,-42.765,2.271,0.000
2012-05-09-15_55_02.460,7,5,0,0,-42.816,2.270,0.000
2012-05-09-15_55_02.465,7,5,0,0,-42.773,2.252,0.000
2012-05-09-15_55_02.469,7,5,0,0,-42.772,2.321,0.000
2012-05-09-15_55_02.473,7,6,0,0,-51.790,2.254,2.110
2012-05-09-15_55_02.477,7,6,0,0,-51.841,2.253,2.110
2012-05-09-15_55_02.480,7,6,0,0,-51.797,2.235,2.012
2012-05-09-15_55_02.484,7,6,0,0,-51.797,2.304,2.110
2012-05-09-15_55_02.488,7,7,0,0,-60.819,2.240,2.218
2012-05-09-15_55_02.492,7,7,0,0,-60.827,2.221,2.218
2012-05-09-15_55_02.495,7,7,0,0,-60.826,2.290,2.118
2012-05-09-15_55_02.499,7,7,0,0,-60.817,2.296,2.118
2012-05-09-15_55_02.503,7,0,0,1,-2.196,2.210,2.471
2012-05-09-15_55_02.507,7,0,0,1,-2.262,2.213,2.471
2012-05-09-15_55_02.510,7,0,0,1,-2.262,2.281,2.470
2012-05-09-15_55_02.514,7,0,0,1,-2.198,2.282,2.470
2012-05-09-15_55_02.518,7,1,0,1,-11.226,2.205,2.257
2012-05-09-15_55_02.522,7,1,0,1,-11.292,2.208,2.256
2012-05-09-15_55_02.525,7,1,0,1,-11.292,2.276,2.256
2012-05-09-15_55_02.527,7,1,0,1,-11.228,2.276,2.355
2012-05-09-15_55_02.529,7,2,0,1,-20.212,2.241,1.770
2012-05-09-15_55_02.531,7,2,0,1,-20.278,2.244,1.770
2012-05-09-15_55_02.534,7,2,0,1,-20.278,2.312,1.769
2012-05-09-15_55_02.536,7,2,0,1,-20.214,2.312,1.769
2012-05-09-15_55_02.538,7,3,0,1,-29.228,2.255,2.659
2012-05-09-15_55_02.540,7,3,0,1,-29.294,2.257,2.560
2012-05-09-15_55_02.543,7,3,0,1,-29.294,2.325,2.659
2012-05-09-15_55_02.545,7,3,0,1,-29.230,2.326,2.560
2012-05-09-15_55_02.547,7,4,0,1,-38.256,2.227,2.929
2012-05-09-15_55_02.550,7,4,0,1,-38.322,2.230,2.929
2012-05-09-15_55_02.552,7,4,0,1,-38.321,2.298,2.928
2012-05-09-15_55_02.554,7,4,0,1,-38.258,2.299,2.928
2012-05-09-15_55_02.557,7,5,0,1,-47.215,2.261,2.158
2012-05-09-15_55_02.559,7,5,0,1,-47.281,2.264,2.256
2012-05-09-15_55_02.561,7,5,0,1,-47.281,2.332,2.255
2012-05-09-15_55_02.564,7,5,0,1,-47.217,2.333,2.255
2012-05-09-15_55_02.566,7,6,0,1,-56.240,2.244,1.320
2012-05-09-15_55_02.568,7,6,0,1,-56.306,2.247,1.221
2012-05-09-15_55_02.571,7,6,0,1,-56.306,2.315,1.221
2012-05-09-15_55_02.573,7,6,0,1,-56.242,2.316,1.320
2012-05-09-15_55_02.579,7,7,0,1,-65.269,2.230,2.319
2012-05-09-15_55_02.582,7,7,0,1,-65.335,2.233,2.319
2012-05-09-15_55_02.584,7,7,0,1,-65.335,2.301,2.319
2012-05-09-15_55_02.587,7,7,0,1,-65.271,2.302,2.318
2012-05-09-15_55_02.589,7,0,1,0,2.258,-2.284,2.583
2012-05-09-15_55_02.592,7,0,1,0,2.201,-2.285,2.583
2012-05-09-15_55_02.594,7,0,1,0,2.248,-2.300,2.583
2012-05-09-15_55_02.596,7,0,1,0,2.202,-2.217,2.583
2012-05-09-15_55_02.599,7,1,1,0,-6.773,-2.289,2.466
2012-05-09-15_55_02.601,7,1,1,0,-6.829,-2.291,2.466
2012-05-09-15_55_02.603,7,1,1,0,-6.782,-2.305,2.368
2012-05-09-15_55_02.606,7,1,1,0,-6.828,-2.223,2.466
2012-05-09-15_55_02.608,7,2,1,0,-15.759,-2.253,2.177
2012-05-09-15_55_02.610,7,2,1,0,-15.815,-2.255,2.177
2012-05-09-15_55_02.613,7,2,1,0,-15.768,-2.269,2.177
2012-05-09-15_55_02.615,7,2,1,0,-15.814,-2.186,2.276
2012-05-09-15_55_02.617,7,3,1,0,-24.774,-2.239,1.982
2012-05-09-15_55_02.620,7,3,1,0,-24.831,-2.241,1.982
2012-05-09-15_55_02.622,7,3,1,0,-24.784,-2.256,1.982
2012-05-09-15_55_02.624,7,3,1,0,-24.784,-2.180,1.982
2012-05-09-15_55_02.627,7,4,1,0,-33.802,-2.267,2.058
2012-05-09-15_55_02.629,7,4,1,0,-33.812,-2.283,2.058
2012-05-09-15_55_02.631,7,4,1,0,-33.811,-2.207,2.058
2012-05-09-15_55_02.634,7,4,1,0,-33.802,-2.201,2.058
2012-05-09-15_55_02.636,7,5,1,0,-42.761,-2.233,2.170
2012-05-09-15_55_02.638,7,5,1,0,-42.817,-2.234,2.170
2012-05-09-15_55_02.641,7,5,1,0,-42.771,-2.249,2.170
2012-05-09-15_55_02.643,7,5,1,0,-42.771,-2.173,2.170
2012-05-09-15_55_02.645,7,6,1,0,-51.786,-2.250,2.123
2012-05-09-15_55_02.648,7,6,1,0,-51.842,-2.251,2.123
2012-05-09-15_55_02.650,7,6,1,0,-51.796,-2.266,2.123
2012-05-09-15_55_02.652,7,6,1,0,-51.796,-2.191,2.123
2012-05-09-15_55_02.655,7,7,1,0,-60.815,-2.264,2.331
2012-05-09-15_55_02.657,7,7,1,0,-60.825,-2.280,2.331
2012-05-09-15_55_02.660,7,7,1,0,-60.825,-2.204,2.231
2012-05-09-15_55_02.662,7,7,1,0,-60.815,-2.198,2.331
2012-05-09-15_55_02.664,7,0,1,1,-2.195,-2.288,2.494
2012-05-09-15_55_02.666,7,0,1,1,-2.263,-2.285,2.594
2012-05-09-15_55_02.669,7,0,1,1,-2.263,-2.222,2.494
2012-05-09-15_55_02.672,7,0,1,1,-2.199,-2.221,2.494
2012-05-09-15_55_02.674,7,1,1,1,-11.225,-2.293,2.477
2012-05-09-15_55_02.676,7,1,1,1,-11.293,-2.290,2.378
2012-05-09-15_55_02.679,7,1,1,1,-11.293,-2.227,2.378
2012-05-09-15_55_02.681,7,1,1,1,-11.229,-2.226,2.378
2012-05-09-15_55_02.683,7,2,1,1,-20.211,-2.257,2.188
2012-05-09-15_55_02.686,7,2,1,1,-20.279,-2.254,2.187
2012-05-09-15_55_02.688,7,2,1,1,-20.279,-2.191,2.187
2012-05-09-15_55_02.691,7,2,1,1,-20.215,-2.190,2.187
2012-05-09-15_55_02.693,7,3,1,1,-29.227,-2.243,1.894
2012-05-09-15_55_02.695,7,3,1,1,-29.295,-2.240,1.992
2012-05-09-15_55_02.697,7,3,1,1,-29.295,-2.177,1.894
2012-05-09-15_55_02.700,7,3,1,1,-29.231,-2.176,1.992
2012-05-09-15_55_02.702,7,4,1,1,-38.254,-2.271,2.167
2012-05-09-15_55_02.705,7,4,1,1,-38.323,-2.268,2.167
2012-05-09-15_55_02.707,7,4,1,1,-38.322,-2.205,2.166
2012-05-09-15_55_02.709,7,4,1,1,-38.259,-2.204,2.166
2012-05-09-15_55_02.712,7,5,1,1,-47.214,-2.236,2.181
2012-05-09-15_55_02.714,7,5,1,1,-47.282,-2.233,2.279
2012-05-09-15_55_02.717,7,5,1,1,-47.282,-2.170,2.180
2012-05-09-15_55_02.720,7,5,1,1,-47.218,-2.169,2.278
2012-05-09-15_55_02.722,7,6,1,1,-56.238,-2.254,2.134
2012-05-09-15_55_02.725,7,6,1,1,-56.307,-2.251,2.134
2012-05-09-15_55_02.727,7,6,1,1,-56.307,-2.188,2.035
2012-05-09-15_55_02.729,7,6,1,1,-56.243,-2.187,2.035
2012-05-09-15_55_02.732,7,7,1,1,-65.268,-2.268,2.342
2012-05-09-15_55_02.734,7,7,1,1,-65.336,-2.265,2.342
2012-05-09-15_55_02.736,7,7,1,1,-65.336,-2.202,2.342
2012-05-09-15_55_02.739,7,7,1,1,-65.272,-2.201,2.342
2012-05-09-15_55_02.741,7,0,2,0,2.257,-6.783,2.710
2012-05-09-15_55_02.743,7,0,2,0,2.200,-6.785,2.610
2012-05-09-15_55_02.746,7,0,2,0,2.249,-6.796,2.610
2012-05-09-15_55_02.748,7,0,2,0,2.203,-6.717,2.710
2012-05-09-15_55_02.750,7,1,2,0,-6.774,-6.789,2.591
2012-05-09-15_55_02.753,7,1,2,0,-6.830,-6.790,2.493
2012-05-09-15_55_02.755,7,1,2,0,-6.781,-6.802,2.493
2012-05-09-15_55_02.758,7,1,2,0,-6.827,-6.722,2.394
2012-05-09-15_55_02.760,7,2,2,0,-15.760,-6.752,2.302
2012-05-09-15_55_02.762,7,2,2,0,-15.816,-6.754,2.203
2012-05-09-15_55_02.765,7,2,2,0,-15.767,-6.765,2.302
2012-05-09-15_55_02.767,7,2,2,0,-15.813,-6.686,2.302
2012-05-09-15_55_02.770,7,3,2,0,-24.775,-6.739,2.008
2012-05-09-15_55_02.772,7,3,2,0,-24.832,-6.740,2.008
2012-05-09-15_55_02.774,7,3,2,0,-24.783,-6.752,2.008
2012-05-09-15_55_02.777,7,3,2,0,-24.782,-6.681,2.008
2012-05-09-15_55_02.779,7,4,2,0,-33.803,-6.766,2.084
2012-05-09-15_55_02.781,7,4,2,0,-33.810,-6.779,2.182
2012-05-09-15_55_02.784,7,4,2,0,-33.810,-6.709,2.182
2012-05-09-15_55_02.786,7,4,2,0,-33.803,-6.700,2.084
2012-05-09-15_55_02.788,7,5,2,0,-42.762,-6.732,2.196
2012-05-09-15_55_02.791,7,5,2,0,-42.818,-6.733,2.294
2012-05-09-15_55_02.793,7,5,2,0,-42.770,-6.745,2.196
2012-05-09-15_55_02.795,7,5,2,0,-42.769,-6.674,2.196
2012-05-09-15_55_02.798,7,6,2,0,-51.787,-6.749,2.248
2012-05-09-15_55_02.800,7,6,2,0,-51.843,-6.751,2.248
2012-05-09-15_55_02.802,7,6,2,0,-51.795,-6.762,2.248
2012-05-09-15_55_02.805,7,6,2,0,-51.794,-6.692,2.248
2012-05-09-15_55_02.807,7,7,2,0,-60.816,-6.763,2.257
2012-05-09-15_55_02.809,7,7,2,0,-60.824,-6.776,2.257
2012-05-09-15_55_02.812,7,7,2,0,-60.823,-6.706,2.257
2012-05-09-15_55_02.814,7,7,2,0,-60.816,-6.697,2.257
2012-05-09-15_55_02.816,7,0,2,1,-2.193,-6.786,2.619
2012-05-09-15_55_02.819,7,0,2,1,-2.259,-6.783,2.619
2012-05-09-15_55_02.821,7,0,2,1,-2.259,-6.724,2.619
2012-05-09-15_55_02.823,7,0,2,1,-2.198,-6.724,2.619
2012-05-09-15_55_02.826,7,1,2,1,-11.223,-6.791,2.403
2012-05-09-15_55_02.828,7,1,2,1,-11.289,-6.788,2.403
2012-05-09-15_55_02.830,7,1,2,1,-11.289,-6.729,2.403
2012-05-09-15_55_02.833,7,1,2,1,-11.228,-6.729,2.403
2012-05-09-15_55_02.835,7,2,2,1,-20.209,-6.755,2.212
2012-05-09-15_55_02.837,7,2,2,1,-20.275,-6.752,2.212
2012-05-09-15_55_02.840,7,2,2,1,-20.275,-6.693,2.212
2012-05-09-15_55_02.842,7,2,2,1,-20.214,-6.693,2.212
2012-05-09-15_55_02.844,7,3,2,1,-29.225,-6.742,2.017
2012-05-09-15_55_02.852,7,3,2,1,-29.291,-6.739,2.017
2012-05-09-15_55_02.855,7,3,2,1,-29.291,-6.679,2.017
2012-05-09-15_55_02.857,7,3,2,1,-29.230,-6.679,2.017
2012-05-09-15_55_02.859,7,4,2,1,-38.253,-6.769,2.191
2012-05-09-15_55_02.862,7,4,2,1,-38.319,-6.766,2.191
2012-05-09-15_55_02.864,7,4,2,1,-38.318,-6.707,2.093
2012-05-09-15_55_02.866,7,4,2,1,-38.257,-6.707,2.093
2012-05-09-15_55_02.869,7,5,2,1,-47.212,-6.735,2.304
2012-05-09-15_55_02.871,7,5,2,1,-47.278,-6.732,2.303
2012-05-09-15_55_02.873,7,5,2,1,-47.278,-6.672,2.303
2012-05-09-15_55_02.876,7,5,2,1,-47.217,-6.672,2.303
2012-05-09-15_55_02.878,7,6,2,1,-56.237,-6.752,2.159
2012-05-09-15_55_02.880,7,6,2,1,-56.303,-6.749,2.158
2012-05-09-15_55_02.883,7,6,2,1,-56.303,-6.690,2.158
2012-05-09-15_55_02.885,7,6,2,1,-56.242,-6.690,2.158
2012-05-09-15_55_02.887,7,7,2,1,-65.266,-6.766,2.367
2012-05-09-15_55_02.889,7,7,2,1,-65.332,-6.763,2.267
2012-05-09-15_55_02.892,7,7,2,1,-65.332,-6.704,2.367
2012-05-09-15_55_02.894,7,7,2,1,-65.271,-6.704,2.366
2012-05-09-15_55_02.897,7,0,3,0,2.258,-11.281,2.729
2012-05-09-15_55_02.899,7,0,3,0,2.202,-11.282,2.730
2012-05-09-15_55_02.901,7,0,3,0,2.248,-11.293,2.730
2012-05-09-15_55_02.904,7,0,3,0,2.202,-11.218,2.730
2012-05-09-15_55_02.906,7,1,3,0,-6.772,-11.286,2.709
2012-05-09-15_55_02.908,7,1,3,0,-6.828,-11.287,2.611
2012-05-09-15_55_02.911,7,1,3,0,-6.782,-11.298,2.611
2012-05-09-15_55_02.913,7,1,3,0,-6.828,-11.223,2.611
2012-05-09-15_55_02.915,7,2,3,0,-15.758,-11.250,2.420
2012-05-09-15_55_02.918,7,2,3,0,-15.814,-11.251,2.420
2012-05-09-15_55_02.920,7,2,3,0,-15.768,-11.262,2.420
2012-05-09-15_55_02.922,7,2,3,0,-15.814,-11.187,2.420
2012-05-09-15_55_02.925,7,3,3,0,-24.774,-11.236,2.027
2012-05-09-15_55_02.927,7,3,3,0,-24.830,-11.237,2.126
2012-05-09-15_55_02.929,7,3,3,0,-24.784,-11.249,2.126
2012-05-09-15_55_02.932,7,3,3,0,-24.784,-11.183,2.126
2012-05-09-15_55_02.934,7,4,3,0,-33.801,-11.263,2.103
2012-05-09-15_55_02.936,7,4,3,0,-33.811,-11.276,2.104
2012-05-09-15_55_02.939,7,4,3,0,-33.811,-11.211,2.104
2012-05-09-15_55_02.941,7,4,3,0,-33.801,-11.201,2.104
2012-05-09-15_55_02.943,7,5,3,0,-42.761,-11.229,2.314
2012-05-09-15_55_02.946,7,5,3,0,-42.817,-11.230,2.314
2012-05-09-15_55_02.948,7,5,3,0,-42.771,-11.242,2.314
2012-05-09-15_55_02.950,7,5,3,0,-42.770,-11.176,2.314
2012-05-09-15_55_02.953,7,6,3,0,-51.786,-11.247,2.169
2012-05-09-15_55_02.955,7,6,3,0,-51.842,-11.248,2.169
2012-05-09-15_55_02.957,7,6,3,0,-51.796,-11.259,2.169
2012-05-09-15_55_02.961,7,6,3,0,-51.795,-11.194,2.169
2012-05-09-15_55_02.963,7,7,3,0,-60.815,-11.260,2.377
2012-05-09-15_55_02.965,7,7,3,0,-60.825,-11.273,2.377
2012-05-09-15_55_02.968,7,7,3,0,-60.824,-11.208,2.377
2012-05-09-15_55_02.970,7,7,3,0,-60.815,-11.198,2.377
2012-05-09-15_55_02.972,7,0,3,1,-2.192,-11.292,2.738
2012-05-09-15_55_02.975,7,0,3,1,-2.260,-11.290,2.738
2012-05-09-15_55_02.977,7,0,3,1,-2.260,-11.220,2.738
2012-05-09-15_55_02.979,7,0,3,1,-2.196,-11.220,2.737
2012-05-09-15_55_02.982,7,1,3,1,-11.222,-11.298,2.619
2012-05-09-15_55_02.984,7,1,3,1,-11.290,-11.295,2.619
2012-05-09-15_55_02.986,7,1,3,1,-11.290,-11.225,2.619
2012-05-09-15_55_02.989,7,1,3,1,-11.227,-11.225,2.619
2012-05-09-15_55_02.991,7,2,3,1,-20.208,-11.262,2.330
2012-05-09-15_55_02.993,7,2,3,1,-20.276,-11.259,2.330
2012-05-09-15_55_02.996,7,2,3,1,-20.276,-11.189,2.329
2012-05-09-15_55_02.998,7,2,3,1,-20.213,-11.189,2.329
2012-05-09-15_55_03.000,7,3,3,1,-29.224,-11.248,2.036
2012-05-09-15_55_03.003,7,3,3,1,-29.292,-11.245,2.036
2012-05-09-15_55_03.005,7,3,3,1,-29.292,-11.175,2.036
2012-05-09-15_55_03.007,7,3,3,1,-29.228,-11.176,2.035
2012-05-09-15_55_03.010,7,4,3,1,-38.251,-11.275,2.112
2012-05-09-15_55_03.012,7,4,3,1,-38.320,-11.272,2.112
2012-05-09-15_55_03.014,7,4,3,1,-38.319,-11.202,2.210
2012-05-09-15_55_03.017,7,4,3,1,-38.256,-11.203,2.111
2012-05-09-15_55_03.019,7,5,3,1,-47.211,-11.241,2.322
2012-05-09-15_55_03.022,7,5,3,1,-47.279,-11.238,2.322
2012-05-09-15_55_03.024,7,5,3,1,-47.279,-11.168,2.322
2012-05-09-15_55_03.026,7,5,3,1,-47.215,-11.169,2.322
2012-05-09-15_55_03.029,7,6,3,1,-56.236,-11.258,2.177
2012-05-09-15_55_03.031,7,6,3,1,-56.304,-11.256,2.276
2012-05-09-15_55_03.033,7,6,3,1,-56.304,-11.186,2.177
2012-05-09-15_55_03.036,7,6,3,1,-56.240,-11.186,2.276
2012-05-09-15_55_03.038,7,7,3,1,-65.265,-11.272,2.385
2012-05-09-15_55_03.040,7,7,3,1,-65.333,-11.269,2.385
2012-05-09-15_55_03.052,7,7,3,1,-65.333,-11.200,2.385
2012-05-09-15_55_03.054,7,7,3,1,-65.269,-11.200,2.385
2012-05-09-15_55_03.057,7,0,4,0,2.257,-15.780,2.850
2012-05-09-15_55_03.059,7,0,4,0,2.201,-15.781,2.850
2012-05-09-15_55_03.062,7,0,4,0,2.247,-15.796,2.750
2012-05-09-15_55_03.064,7,0,4,0,2.201,-15.724,2.850
2012-05-09-15_55_03.066,7,1,4,0,-6.773,-15.785,2.730
2012-05-09-15_55_03.069,7,1,4,0,-6.829,-15.786,2.730
2012-05-09-15_55_03.071,7,1,4,0,-6.783,-15.802,2.730
2012-05-09-15_55_03.074,7,1,4,0,-6.829,-15.729,2.730
2012-05-09-15_55_03.076,7,2,4,0,-15.759,-15.749,2.440
2012-05-09-15_55_03.078,7,2,4,0,-15.815,-15.750,2.440
2012-05-09-15_55_03.081,7,2,4,0,-15.769,-15.766,2.440
2012-05-09-15_55_03.083,7,2,4,0,-15.815,-15.693,2.440
2012-05-09-15_55_03.085,7,3,4,0,-24.775,-15.735,2.146
2012-05-09-15_55_03.088,7,3,4,0,-24.831,-15.737,2.146
2012-05-09-15_55_03.090,7,3,4,0,-24.785,-15.752,2.146
2012-05-09-15_55_03.092,7,3,4,0,-24.787,-15.688,2.048
2012-05-09-15_55_03.095,7,4,4,0,-33.802,-15.763,2.124
2012-05-09-15_55_03.097,7,4,4,0,-33.812,-15.779,2.124
2012-05-09-15_55_03.099,7,4,4,0,-33.814,-15.715,2.124
2012-05-09-15_55_03.102,7,4,4,0,-33.802,-15.708,2.124
2012-05-09-15_55_03.104,7,5,4,0,-42.762,-15.728,2.334
2012-05-09-15_55_03.106,7,5,4,0,-42.818,-15.730,2.334
2012-05-09-15_55_03.109,7,5,4,0,-42.772,-15.745,2.334
2012-05-09-15_55_03.111,7,5,4,0,-42.774,-15.681,2.334
2012-05-09-15_55_03.113,7,6,4,0,-51.787,-15.746,2.189
2012-05-09-15_55_03.115,7,6,4,0,-51.843,-15.747,2.090
2012-05-09-15_55_03.119,7,6,4,0,-51.797,-15.762,2.189
2012-05-09-15_55_03.121,7,6,4,0,-51.799,-15.698,2.189
2012-05-09-15_55_03.123,7,7,4,0,-60.816,-15.760,2.397
2012-05-09-15_55_03.126,7,7,4,0,-60.826,-15.776,2.397
2012-05-09-15_55_03.128,7,7,4,0,-60.828,-15.712,2.397
2012-05-09-15_55_03.130,7,7,4,0,-60.816,-15.705,2.397
2012-05-09-15_55_03.133,7,0,4,1,-2.190,-15.793,2.762
2012-05-09-15_55_03.135,7,0,4,1,-2.259,-15.790,2.762
2012-05-09-15_55_03.137,7,0,4,1,-2.258,-15.720,2.761
2012-05-09-15_55_03.139,7,0,4,1,-2.197,-15.720,2.761
2012-05-09-15_55_03.142,7,1,4,1,-11.221,-15.799,2.643
2012-05-09-15_55_03.144,7,1,4,1,-11.289,-15.796,2.643
2012-05-09-15_55_03.147,7,1,4,1,-11.289,-15.725,2.643
2012-05-09-15_55_03.149,7,1,4,1,-11.228,-15.725,2.643
2012-05-09-15_55_03.151,7,2,4,1,-20.207,-15.763,2.353
2012-05-09-15_55_03.154,7,2,4,1,-20.275,-15.760,2.353
2012-05-09-15_55_03.156,7,2,4,1,-20.275,-15.689,2.452
2012-05-09-15_55_03.158,7,2,4,1,-20.214,-15.689,2.353
2012-05-09-15_55_03.161,7,3,4,1,-29.222,-15.749,2.158
2012-05-09-15_55_03.163,7,3,4,1,-29.291,-15.746,2.158
2012-05-09-15_55_03.165,7,3,4,1,-29.290,-15.675,2.059
2012-05-09-15_55_03.168,7,3,4,1,-29.229,-15.675,2.059
2012-05-09-15_55_03.170,7,4,4,1,-38.250,-15.776,2.234
2012-05-09-15_55_03.172,7,4,4,1,-38.318,-15.773,2.234
2012-05-09-15_55_03.175,7,4,4,1,-38.318,-15.703,2.234
2012-05-09-15_55_03.177,7,4,4,1,-38.257,-15.703,2.233
2012-05-09-15_55_03.179,7,5,4,1,-47.209,-15.742,2.444
2012-05-09-15_55_03.182,7,5,4,1,-47.278,-15.739,2.444
2012-05-09-15_55_03.184,7,5,4,1,-47.277,-15.668,2.346
2012-05-09-15_55_03.186,7,5,4,1,-47.216,-15.668,2.345
2012-05-09-15_55_03.189,7,6,4,1,-56.234,-15.759,2.201
2012-05-09-15_55_03.191,7,6,4,1,-56.302,-15.756,2.201
2012-05-09-15_55_03.194,7,6,4,1,-56.302,-15.686,2.201
2012-05-09-15_55_03.196,7,6,4,1,-56.241,-15.686,2.201
2012-05-09-15_55_03.198,7,7,4,1,-65.263,-15.773,2.409
2012-05-09-15_55_03.200,7,7,4,1,-65.332,-15.770,2.409
2012-05-09-15_55_03.203,7,7,4,1,-65.331,-15.700,2.409
2012-05-09-15_55_03.205,7,7,4,1,-65.270,-15.700,2.409
2012-05-09-15_55_03.209,7,0,5,0,2.258,-20.281,2.775
2012-05-09-15_55_03.211,7,0,5,0,2.200,-20.283,2.775
2012-05-09-15_55_03.213,7,0,5,0,2.246,-20.298,2.876
2012-05-09-15_55_03.216,7,0,5,0,2.200,-20.224,2.876
2012-05-09-15_55_03.218,7,1,5,0,-6.772,-20.286,2.755
2012-05-09-15_55_03.220,7,1,5,0,-6.830,-20.288,2.657
2012-05-09-15_55_03.223,7,1,5,0,-6.784,-20.304,2.657
2012-05-09-15_55_03.225,7,1,5,0,-6.830,-20.229,2.756
2012-05-09-15_55_03.227,7,2,5,0,-15.758,-20.250,2.367
2012-05-09-15_55_03.230,7,2,5,0,-15.816,-20.252,2.367
2012-05-09-15_55_03.232,7,2,5,0,-15.770,-20.267,2.367
2012-05-09-15_55_03.234,7,2,5,0,-15.816,-20.193,2.367
2012-05-09-15_55_03.237,7,3,5,0,-24.774,-20.237,2.172
2012-05-09-15_55_03.239,7,3,5,0,-24.832,-20.238,2.172
2012-05-09-15_55_03.241,7,3,5,0,-24.786,-20.254,2.073
2012-05-09-15_55_03.244,7,3,5,0,-24.786,-20.186,2.172
2012-05-09-15_55_03.246,7,4,5,0,-33.801,-20.264,2.247
2012-05-09-15_55_03.249,7,4,5,0,-33.813,-20.281,2.248
2012-05-09-15_55_03.251,7,4,5,0,-33.813,-20.213,2.150
2012-05-09-15_55_03.253,7,4,5,0,-33.803,-20.208,2.248
2012-05-09-15_55_03.256,7,5,5,0,-42.760,-20.230,2.360
2012-05-09-15_55_03.258,7,5,5,0,-42.819,-20.231,2.360
2012-05-09-15_55_03.261,7,5,5,0,-42.773,-20.247,2.360
2012-05-09-15_55_03.263,7,5,5,0,-42.772,-20.179,2.360
2012-05-09-15_55_03.265,7,6,5,0,-51.785,-20.247,2.116
2012-05-09-15_55_03.268,7,6,5,0,-51.844,-20.249,2.116
2012-05-09-15_55_03.270,7,6,5,0,-51.798,-20.264,2.215
2012-05-09-15_55_03.273,7,6,5,0,-51.797,-20.196,2.215
2012-05-09-15_55_03.275,7,7,5,0,-60.814,-20.261,2.323
2012-05-09-15_55_03.277,7,7,5,0,-60.827,-20.278,2.423
2012-05-09-15_55_03.280,7,7,5,0,-60.826,-20.210,2.423
2012-05-09-15_55_03.282,7,7,5,0,-60.817,-20.205,2.323
2012-05-09-15_55_03.284,7,0,5,1,-2.191,-20.291,2.785
2012-05-09-15_55_03.287,7,0,5,1,-2.257,-20.288,2.785
2012-05-09-15_55_03.289,7,0,5,1,-2.257,-20.221,2.784
2012-05-09-15_55_03.291,7,0,5,1,-2.196,-20.220,2.784
2012-05-09-15_55_03.294,7,1,5,1,-11.222,-20.296,2.666
2012-05-09-15_55_03.296,7,1,5,1,-11.287,-20.293,2.666
2012-05-09-15_55_03.299,7,1,5,1,-11.287,-20.226,2.666
2012-05-09-15_55_03.301,7,1,5,1,-11.226,-20.225,2.666
2012-05-09-15_55_03.303,7,2,5,1,-20.208,-20.260,2.376
2012-05-09-15_55_03.305,7,2,5,1,-20.273,-20.257,2.376
2012-05-09-15_55_03.308,7,2,5,1,-20.273,-20.190,2.376
2012-05-09-15_55_03.310,7,2,5,1,-20.212,-20.189,2.376
2012-05-09-15_55_03.312,7,3,5,1,-29.223,-20.246,2.083
2012-05-09-15_55_03.315,7,3,5,1,-29.289,-20.243,2.083
2012-05-09-15_55_03.317,7,3,5,1,-29.289,-20.177,2.082
2012-05-09-15_55_03.319,7,3,5,1,-29.228,-20.175,2.082
2012-05-09-15_55_03.322,7,4,5,1,-38.251,-20.273,2.257
2012-05-09-15_55_03.324,7,4,5,1,-38.317,-20.271,2.257
2012-05-09-15_55_03.326,7,4,5,1,-38.317,-20.204,2.257
2012-05-09-15_55_03.329,7,4,5,1,-38.255,-20.202,2.256
2012-05-09-15_55_03.331,7,5,5,1,-47.210,-20.239,2.467
2012-05-09-15_55_03.333,7,5,5,1,-47.276,-20.236,2.369
2012-05-09-15_55_03.336,7,5,5,1,-47.276,-20.170,2.369
2012-05-09-15_55_03.338,7,5,5,1,-47.215,-20.168,2.467
2012-05-09-15_55_03.340,7,6,5,1,-56.235,-20.257,2.224
2012-05-09-15_55_03.342,7,6,5,1,-56.301,-20.254,2.224
2012-05-09-15_55_03.344,7,6,5,1,-56.301,-20.187,2.224
2012-05-09-15_55_03.346,7,6,5,1,-56.240,-20.186,2.224
2012-05-09-15_55_03.349,7,7,5,1,-65.264,-20.270,2.432
2012-05-09-15_55_03.351,7,7,5,1,-65.330,-20.268,2.432
2012-05-09-15_55_03.353,7,7,5,1,-65.330,-20.201,2.432
2012-05-09-15_55_03.355,7,7,5,1,-65.269,-20.199,2.432
2012-05-09-15_55_03.357,7,0,6,0,2.257,-24.784,2.694
2012-05-09-15_55_03.359,7,0,6,0,2.199,-24.786,2.694
2012-05-09-15_55_03.361,7,0,6,0,2.248,-24.799,2.694
2012-05-09-15_55_03.364,7,0,6,0,2.199,-24.718,2.694
2012-05-09-15_55_03.366,7,1,6,0,-6.773,-24.790,2.478
2012-05-09-15_55_03.368,7,1,6,0,-6.831,-24.791,2.478
2012-05-09-15_55_03.370,7,1,6,0,-6.783,-24.804,2.380
2012-05-09-15_55_03.372,7,1,6,0,-6.831,-24.723,2.380
2012-05-09-15_55_03.374,7,2,6,0,-15.759,-24.754,2.288
2012-05-09-15_55_03.377,7,2,6,0,-15.817,-24.755,2.288
2012-05-09-15_55_03.379,7,2,6,0,-15.768,-24.768,2.288
2012-05-09-15_55_03.382,7,2,6,0,-15.817,-24.687,2.288
2012-05-09-15_55_03.385,7,3,6,0,-24.775,-24.740,2.093
2012-05-09-15_55_03.387,7,3,6,0,-24.833,-24.741,2.093
2012-05-09-15_55_03.389,7,3,6,0,-24.784,-24.754,2.093
2012-05-09-15_55_03.392,7,3,6,0,-24.784,-24.679,2.093
2012-05-09-15_55_03.394,7,4,6,0,-33.802,-24.767,2.267
2012-05-09-15_55_03.396,7,4,6,0,-33.812,-24.782,2.169
2012-05-09-15_55_03.398,7,4,6,0,-33.812,-24.707,2.169
2012-05-09-15_55_03.401,7,4,6,0,-33.802,-24.701,2.169
2012-05-09-15_55_03.403,7,5,6,0,-42.761,-24.733,2.673
2012-05-09-15_55_03.405,7,5,6,0,-42.820,-24.734,2.673
2012-05-09-15_55_03.407,7,5,6,0,-42.771,-24.748,2.673
2012-05-09-15_55_03.409,7,5,6,0,-42.771,-24.672,2.575
2012-05-09-15_55_03.412,7,6,6,0,-51.786,-24.750,2.432
2012-05-09-15_55_03.414,7,6,6,0,-51.845,-24.752,2.333
2012-05-09-15_55_03.416,7,6,6,0,-51.796,-24.765,2.432
2012-05-09-15_55_03.418,7,6,6,0,-51.796,-24.690,2.432
2012-05-09-15_55_03.420,7,7,6,0,-60.815,-24.764,2.742
2012-05-09-15_55_03.422,7,7,6,0,-60.825,-24.779,2.742
2012-05-09-15_55_03.424,7,7,6,0,-60.825,-24.704,2.742
2012-05-09-15_55_03.426,7,7,6,0,-60.815,-24.698,2.742
2012-05-09-15_55_03.427,7,0,6,1,-2.190,-24.788,2.603
2012-05-09-15_55_03.429,7,0,6,1,-2.256,-24.785,2.603
2012-05-09-15_55_03.431,7,0,6,1,-2.258,-24.723,2.602
2012-05-09-15_55_03.434,7,0,6,1,-2.195,-24.721,2.602
2012-05-09-15_55_03.436,7,1,6,1,-11.220,-24.793,2.389
2012-05-09-15_55_03.439,7,1,6,1,-11.286,-24.791,2.487
2012-05-09-15_55_03.441,7,1,6,1,-11.288,-24.728,2.388
2012-05-09-15_55_03.444,7,1,6,1,-11.225,-24.726,2.388
2012-05-09-15_55_03.446,7,2,6,1,-20.206,-24.757,2.297
2012-05-09-15_55_03.448,7,2,6,1,-20.272,-24.755,2.297
2012-05-09-15_55_03.451,7,2,6,1,-20.274,-24.692,2.296
2012-05-09-15_55_03.453,7,2,6,1,-20.211,-24.690,2.296
2012-05-09-15_55_03.455,7,3,6,1,-29.222,-24.744,2.101
2012-05-09-15_55_03.457,7,3,6,1,-29.288,-24.741,2.101
2012-05-09-15_55_03.460,7,3,6,1,-29.290,-24.678,2.101
2012-05-09-15_55_03.462,7,3,6,1,-29.227,-24.677,2.101
2012-05-09-15_55_03.464,7,4,6,1,-38.249,-24.771,2.276
2012-05-09-15_55_03.467,7,4,6,1,-38.315,-24.768,2.276
2012-05-09-15_55_03.469,7,4,6,1,-38.318,-24.706,2.275
2012-05-09-15_55_03.472,7,4,6,1,-38.254,-24.704,2.275
2012-05-09-15_55_03.474,7,5,6,1,-47.209,-24.737,2.682
2012-05-09-15_55_03.477,7,5,6,1,-47.275,-24.734,2.682
2012-05-09-15_55_03.479,7,5,6,1,-47.277,-24.671,2.583
2012-05-09-15_55_03.481,7,5,6,1,-47.213,-24.670,2.681
2012-05-09-15_55_03.484,7,6,6,1,-56.234,-24.754,2.441
2012-05-09-15_55_03.486,7,6,6,1,-56.300,-24.751,2.441
2012-05-09-15_55_03.488,7,6,6,1,-56.302,-24.689,2.440
2012-05-09-15_55_03.490,7,6,6,1,-56.238,-24.687,2.440
2012-05-09-15_55_03.493,7,7,6,1,-65.263,-24.768,2.751
2012-05-09-15_55_03.495,7,7,6,1,-65.329,-24.765,2.751
2012-05-09-15_55_03.498,7,7,6,1,-65.331,-24.703,2.651
2012-05-09-15_55_03.500,7,7,6,1,-65.267,-24.701,2.751
2012-05-09-15_55_03.502,7,0,7,0,2.256,-29.283,2.616
2012-05-09-15_55_03.505,7,0,7,0,2.198,-29.284,2.616
2012-05-09-15_55_03.507,7,0,7,0,2.249,-29.296,2.616
2012-05-09-15_55_03.509,7,0,7,0,2.198,-29.217,2.616
2012-05-09-15_55_03.512,7,1,7,0,-6.774,-29.288,2.501
2012-05-09-15_55_03.514,7,1,7,0,-6.832,-29.290,2.402
2012-05-09-15_55_03.517,7,1,7,0,-6.781,-29.301,2.402
2012-05-09-15_55_03.519,7,1,7,0,-6.832,-29.222,2.402
2012-05-09-15_55_03.521,7,2,7,0,-15.760,-29.252,2.310
2012-05-09-15_55_03.523,7,2,7,0,-15.818,-29.254,2.310
2012-05-09-15_55_03.526,7,2,7,0,-15.767,-29.265,2.310
2012-05-09-15_55_03.528,7,2,7,0,-15.818,-29.186,2.310
2012-05-09-15_55_03.530,7,3,7,0,-24.776,-29.238,2.115
2012-05-09-15_55_03.533,7,3,7,0,-24.834,-29.240,2.115
2012-05-09-15_55_03.535,7,3,7,0,-24.783,-29.251,2.115
2012-05-09-15_55_03.537,7,3,7,0,-24.783,-29.181,2.115
2012-05-09-15_55_03.539,7,4,7,0,-33.803,-29.266,2.289
2012-05-09-15_55_03.541,7,4,7,0,-33.810,-29.279,2.289
2012-05-09-15_55_03.544,7,4,7,0,-33.810,-29.209,2.289
2012-05-09-15_55_03.546,7,4,7,0,-33.803,-29.200,2.289
2012-05-09-15_55_03.549,7,5,7,0,-42.762,-29.231,2.597
2012-05-09-15_55_03.551,7,5,7,0,-42.821,-29.233,2.597
2012-05-09-15_55_03.553,7,5,7,0,-42.770,-29.244,2.597
2012-05-09-15_55_03.555,7,5,7,0,-42.769,-29.174,2.597
2012-05-09-15_55_03.558,7,6,7,0,-51.787,-29.249,2.454
2012-05-09-15_55_03.560,7,6,7,0,-51.846,-29.250,2.454
2012-05-09-15_55_03.562,7,6,7,0,-51.795,-29.262,2.355
2012-05-09-15_55_03.564,7,6,7,0,-51.794,-29.192,2.454
2012-05-09-15_55_03.567,7,7,7,0,-60.816,-29.263,2.765
2012-05-09-15_55_03.569,7,7,7,0,-60.824,-29.276,2.765
2012-05-09-15_55_03.571,7,7,7,0,-60.823,-29.206,2.765
2012-05-09-15_55_03.574,7,7,7,0,-60.816,-29.197,2.765
2012-05-09-15_55_03.576,7,0,7,1,-2.191,-29.287,2.629
2012-05-09-15_55_03.578,7,0,7,1,-2.254,-29.284,2.629
2012-05-09-15_55_03.581,7,0,7,1,-2.254,-29.223,2.628
2012-05-09-15_55_03.583,7,0,7,1,-2.193,-29.224,2.628
2012-05-09-15_55_03.585,7,1,7,1,-11.221,-29.292,2.415
2012-05-09-15_55_03.588,7,1,7,1,-11.285,-29.289,2.415
2012-05-09-15_55_03.590,7,1,7,1,-11.284,-29.229,2.414
2012-05-09-15_55_03.593,7,1,7,1,-11.223,-29.229,2.414
2012-05-09-15_55_03.595,7,2,7,1,-20.207,-29.256,2.322
2012-05-09-15_55_03.597,7,2,7,1,-20.270,-29.253,2.322
2012-05-09-15_55_03.600,7,2,7,1,-20.270,-29.193,2.322
2012-05-09-15_55_03.602,7,2,7,1,-20.209,-29.193,2.322
2012-05-09-15_55_03.604,7,3,7,1,-29.223,-29.242,2.127
2012-05-09-15_55_03.607,7,3,7,1,-29.286,-29.239,2.127
2012-05-09-15_55_03.609,7,3,7,1,-29.286,-29.179,2.127
2012-05-09-15_55_03.611,7,3,7,1,-29.225,-29.179,2.127
2012-05-09-15_55_03.614,7,4,7,1,-38.250,-29.269,2.302
2012-05-09-15_55_03.616,7,4,7,1,-38.314,-29.266,2.302
2012-05-09-15_55_03.619,7,4,7,1,-38.314,-29.206,2.301
2012-05-09-15_55_03.621,7,4,7,1,-38.253,-29.206,2.399
2012-05-09-15_55_03.623,7,5,7,1,-47.210,-29.235,2.806
2012-05-09-15_55_03.626,7,5,7,1,-47.273,-29.232,2.708
2012-05-09-15_55_03.628,7,5,7,1,-47.273,-29.172,2.707
2012-05-09-15_55_03.630,7,5,7,1,-47.212,-29.172,2.707
2012-05-09-15_55_03.634,7,6,7,1,-56.235,-29.253,2.466
2012-05-09-15_55_03.636,7,6,7,1,-56.298,-29.250,2.466
2012-05-09-15_55_03.639,7,6,7,1,-56.298,-29.189,2.466
2012-05-09-15_55_03.641,7,6,7,1,-56.237,-29.190,2.466
2012-05-09-15_55_03.644,7,7,7,1,-65.264,-29.266,2.777
2012-05-09-15_55_03.646,7,7,7,1,-65.327,-29.264,2.777
2012-05-09-15_55_03.648,7,7,7,1,-65.327,-29.203,2.777
2012-05-09-15_55_03.651,7,7,7,1,-65.266,-29.203,2.777
2012-05-09-15_55_03.653,7,0,8,0,2.260,-33.780,2.641
2012-05-09-15_55_03.655,7,0,8,0,2.199,-33.781,2.641
2012-05-09-15_55_03.657,7,0,8,0,2.248,-33.793,2.641
2012-05-09-15_55_03.660,7,0,8,0,2.200,-33.717,2.641
2012-05-09-15_55_03.662,7,1,8,0,-6.770,-33.785,2.526
2012-05-09-15_55_03.664,7,1,8,0,-6.831,-33.786,2.427
2012-05-09-15_55_03.667,7,1,8,0,-6.782,-33.798,2.526
2012-05-09-15_55_03.669,7,1,8,0,-6.831,-33.722,2.427
2012-05-09-15_55_03.671,7,2,8,0,-15.756,-33.749,2.335
2012-05-09-15_55_03.674,7,2,8,0,-15.817,-33.750,2.335
2012-05-09-15_55_03.677,7,2,8,0,-15.768,-33.762,2.335
2012-05-09-15_55_03.680,7,2,8,0,-15.817,-33.686,2.335
2012-05-09-15_55_03.682,7,3,8,0,-24.772,-33.735,2.140
2012-05-09-15_55_03.685,7,3,8,0,-24.833,-33.737,2.140
2012-05-09-15_55_03.687,7,3,8,0,-24.784,-33.748,2.140
2012-05-09-15_55_03.689,7,3,8,0,-24.784,-33.683,2.140
2012-05-09-15_55_03.692,7,4,8,0,-33.799,-33.763,2.314
2012-05-09-15_55_03.694,7,4,8,0,-33.811,-33.775,2.314
2012-05-09-15_55_03.696,7,4,8,0,-33.811,-33.710,2.314
2012-05-09-15_55_03.699,7,4,8,0,-33.799,-33.699,2.314
2012-05-09-15_55_03.701,7,5,8,0,-42.758,-33.728,2.622
2012-05-09-15_55_03.704,7,5,8,0,-42.819,-33.730,2.622
2012-05-09-15_55_03.706,7,5,8,0,-42.771,-33.741,2.524
2012-05-09-15_55_03.708,7,5,8,0,-42.770,-33.676,2.524
2012-05-09-15_55_03.711,7,6,8,0,-51.783,-33.746,2.479
2012-05-09-15_55_03.713,7,6,8,0,-51.844,-33.747,2.479
2012-05-09-15_55_03.715,7,6,8,0,-51.796,-33.759,2.479
2012-05-09-15_55_03.718,7,6,8,0,-51.795,-33.694,2.479
2012-05-09-15_55_03.720,7,7,8,0,-60.812,-33.760,2.790
2012-05-09-15_55_03.722,7,7,8,0,-60.825,-33.772,2.790
2012-05-09-15_55_03.725,7,7,8,0,-60.824,-33.707,2.690
2012-05-09-15_55_03.727,7,7,8,0,-60.812,-33.696,2.790
2012-05-09-15_55_03.730,7,0,8,1,-2.192,-33.790,2.651
2012-05-09-15_55_03.732,7,0,8,1,-2.255,-33.787,2.651
2012-05-09-15_55_03.734,7,0,8,1,-2.255,-33.719,2.651
2012-05-09-15_55_03.737,7,0,8,1,-2.197,-33.719,2.651
2012-05-09-15_55_03.739,7,1,8,1,-11.222,-33.795,2.437
2012-05-09-15_55_03.741,7,1,8,1,-11.286,-33.793,2.436
2012-05-09-15_55_03.744,7,1,8,1,-11.285,-33.724,2.436
2012-05-09-15_55_03.746,7,1,8,1,-11.227,-33.724,2.436
2012-05-09-15_55_03.748,7,2,8,1,-20.208,-33.759,2.345
2012-05-09-15_55_03.751,7,2,8,1,-20.272,-33.757,2.344
2012-05-09-15_55_03.753,7,2,8,1,-20.271,-33.688,2.443
2012-05-09-15_55_03.756,7,2,8,1,-20.213,-33.688,2.344
2012-05-09-15_55_03.758,7,3,8,1,-29.224,-33.746,2.149
2012-05-09-15_55_03.760,7,3,8,1,-29.287,-33.743,2.149
2012-05-09-15_55_03.763,7,3,8,1,-29.287,-33.674,2.051
2012-05-09-15_55_03.765,7,3,8,1,-29.229,-33.675,2.149
2012-05-09-15_55_03.768,7,4,8,1,-38.251,-33.773,2.324
2012-05-09-15_55_03.770,7,4,8,1,-38.315,-33.770,2.323
2012-05-09-15_55_03.772,7,4,8,1,-38.315,-33.701,2.323
2012-05-09-15_55_03.775,7,4,8,1,-38.256,-33.702,2.323
2012-05-09-15_55_03.777,7,5,8,1,-47.211,-33.739,2.730
2012-05-09-15_55_03.779,7,5,8,1,-47.274,-33.736,2.730
2012-05-09-15_55_03.782,7,5,8,1,-47.274,-33.667,2.730
2012-05-09-15_55_03.784,7,5,8,1,-47.215,-33.668,2.730
2012-05-09-15_55_03.786,7,6,8,1,-56.236,-33.756,2.488
2012-05-09-15_55_03.788,7,6,8,1,-56.299,-33.753,2.488
2012-05-09-15_55_03.791,7,6,8,1,-56.299,-33.684,2.488
2012-05-09-15_55_03.793,7,6,8,1,-56.240,-33.685,2.488
2012-05-09-15_55_03.796,7,7,8,1,-65.265,-33.770,2.799
2012-05-09-15_55_03.798,7,7,8,1,-65.328,-33.767,2.799
2012-05-09-15_55_03.800,7,7,8,1,-65.328,-33.698,2.799
2012-05-09-15_55_03.803,7,7,8,1,-65.269,-33.699,2.799
2012-05-09-15_55_03.805,7,0,9,0,2.259,-38.280,2.762
2012-05-09-15_55_03.807,7,0,9,0,2.198,-38.281,2.762
2012-05-09-15_55_03.810,7,0,9,0,2.250,-38.297,2.762
2012-05-09-15_55_03.812,7,0,9,0,2.199,-38.223,2.661
2012-05-09-15_55_03.814,7,1,9,0,-6.771,-38.285,2.645
2012-05-09-15_55_03.817,7,1,9,0,-6.832,-38.287,2.645
2012-05-09-15_55_03.819,7,1,9,0,-6.781,-38.303,2.645
2012-05-09-15_55_03.821,7,1,9,0,-6.832,-38.228,2.546
2012-05-09-15_55_03.823,7,2,9,0,-15.757,-38.249,2.552
2012-05-09-15_55_03.826,7,2,9,0,-15.818,-38.251,2.552
2012-05-09-15_55_03.828,7,2,9,0,-15.767,-38.267,2.552
2012-05-09-15_55_03.830,7,2,9,0,-15.818,-38.192,2.553
2012-05-09-15_55_03.833,7,3,9,0,-24.773,-38.236,2.258
2012-05-09-15_55_03.835,7,3,9,0,-24.834,-38.237,2.258
2012-05-09-15_55_03.837,7,3,9,0,-24.782,-38.253,2.160
2012-05-09-15_55_03.840,7,3,9,0,-24.782,-38.187,2.259
2012-05-09-15_55_03.842,7,4,9,0,-33.800,-38.263,2.334
2012-05-09-15_55_03.844,7,4,9,0,-33.810,-38.280,2.334
2012-05-09-15_55_03.847,7,4,9,0,-33.810,-38.215,2.334
2012-05-09-15_55_03.849,7,4,9,0,-33.800,-38.207,2.334
2012-05-09-15_55_03.851,7,5,9,0,-42.759,-38.229,2.740
2012-05-09-15_55_03.853,7,5,9,0,-42.820,-38.230,2.740
2012-05-09-15_55_03.856,7,5,9,0,-42.769,-38.246,2.642
2012-05-09-15_55_03.858,7,5,9,0,-42.769,-38.180,2.642
2012-05-09-15_55_03.861,7,6,9,0,-51.784,-38.246,2.400
2012-05-09-15_55_03.863,7,6,9,0,-51.845,-38.247,2.301
2012-05-09-15_55_03.865,7,6,9,0,-51.794,-38.263,2.400
2012-05-09-15_55_03.868,7,6,9,0,-51.794,-38.198,2.400
2012-05-09-15_55_03.870,7,7,9,0,-60.813,-38.260,2.810
2012-05-09-15_55_03.872,7,7,9,0,-60.823,-38.277,2.810
2012-05-09-15_55_03.875,7,7,9,0,-60.823,-38.212,2.710
2012-05-09-15_55_03.877,7,7,9,0,-60.813,-38.204,2.810
2012-05-09-15_55_03.879,7,0,9,1,-2.191,-38.293,2.771
2012-05-09-15_55_03.882,7,0,9,1,-2.254,-38.291,2.771
2012-05-09-15_55_03.884,7,0,9,1,-2.254,-38.219,2.771
2012-05-09-15_55_03.886,7,0,9,1,-2.198,-38.219,2.771
2012-05-09-15_55_03.888,7,1,9,1,-11.221,-38.298,2.654
2012-05-09-15_55_03.891,7,1,9,1,-11.284,-38.296,2.556
2012-05-09-15_55_03.893,7,1,9,1,-11.284,-38.224,2.556
2012-05-09-15_55_03.895,7,1,9,1,-11.228,-38.224,2.555
2012-05-09-15_55_03.897,7,2,9,1,-20.207,-38.262,2.562
2012-05-09-15_55_03.900,7,2,9,1,-20.270,-38.260,2.562
2012-05-09-15_55_03.903,7,2,9,1,-20.270,-38.188,2.562
2012-05-09-15_55_03.905,7,2,9,1,-20.214,-38.188,2.562
2012-05-09-15_55_03.907,7,3,9,1,-29.222,-38.249,2.268
2012-05-09-15_55_03.910,7,3,9,1,-29.286,-38.246,2.170
2012-05-09-15_55_03.912,7,3,9,1,-29.286,-38.174,2.268
2012-05-09-15_55_03.916,7,3,9,1,-29.230,-38.175,2.169
2012-05-09-15_55_03.918,7,4,9,1,-38.250,-38.276,2.344
2012-05-09-15_55_03.920,7,4,9,1,-38.313,-38.273,2.344
2012-05-09-15_55_03.923,7,4,9,1,-38.313,-38.202,2.344
2012-05-09-15_55_03.929,7,4,9,1,-38.257,-38.202,2.344
2012-05-09-15_55_03.931,7,5,9,1,-47.209,-38.242,2.848
2012-05-09-15_55_03.934,7,5,9,1,-47.273,-38.239,2.848
2012-05-09-15_55_03.936,7,5,9,1,-47.273,-38.167,2.750
2012-05-09-15_55_03.938,7,5,9,1,-47.216,-38.168,2.750
2012-05-09-15_55_03.941,7,6,9,1,-56.234,-38.259,2.410
2012-05-09-15_55_03.943,7,6,9,1,-56.298,-38.257,2.410
2012-05-09-15_55_03.945,7,6,9,1,-56.297,-38.185,2.410
2012-05-09-15_55_03.948,7,6,9,1,-56.241,-38.185,2.410
2012-05-09-15_55_03.950,7,7,9,1,-65.263,-38.273,2.820
2012-05-09-15_55_03.952,7,7,9,1,-65.327,-38.270,2.819
2012-05-09-15_55_03.955,7,7,9,1,-65.327,-38.199,2.819
2012-05-09-15_55_03.957,7,7,9,1,-65.270,-38.199,2.819
2012-05-09-15_55_03.960,7,0,10,0,2.261,-42.782,2.786
2012-05-09-15_55_03.962,7,0,10,0,2.200,-42.783,2.786
2012-05-09-15_55_03.964,7,0,10,0,2.249,-42.800,2.686
2012-05-09-15_55_03.967,7,0,10,0,2.198,-42.722,2.686
2012-05-09-15_55_03.969,7,1,10,0,-6.769,-42.787,2.570
2012-05-09-15_55_03.971,7,1,10,0,-6.830,-42.788,2.570
2012-05-09-15_55_03.974,7,1,10,0,-6.782,-42.805,2.570
2012-05-09-15_55_03.976,7,1,10,0,-6.833,-42.728,2.570
2012-05-09-15_55_03.978,7,2,10,0,-15.755,-42.751,2.577
2012-05-09-15_55_03.981,7,2,10,0,-15.816,-42.752,2.478
2012-05-09-15_55_03.983,7,2,10,0,-15.768,-42.769,2.577
2012-05-09-15_55_03.985,7,2,10,0,-15.819,-42.691,2.577
2012-05-09-15_55_03.988,7,3,10,0,-24.771,-42.737,2.184
2012-05-09-15_55_03.990,7,3,10,0,-24.832,-42.739,2.184
2012-05-09-15_55_03.993,7,3,10,0,-24.783,-42.755,2.184
2012-05-09-15_55_03.995,7,3,10,0,-24.783,-42.685,2.184
2012-05-09-15_55_03.997,7,4,10,0,-33.799,-42.764,2.359
2012-05-09-15_55_03.999,7,4,10,0,-33.811,-42.783,2.359
2012-05-09-15_55_04.002,7,4,10,0,-33.811,-42.712,2.359
2012-05-09-15_55_04.004,7,4,10,0,-33.801,-42.706,2.359
2012-05-09-15_55_04.006,7,5,10,0,-42.758,-42.730,2.667
2012-05-09-15_55_04.009,7,5,10,0,-42.819,-42.732,2.667
2012-05-09-15_55_04.011,7,5,10,0,-42.770,-42.748,2.765
2012-05-09-15_55_04.013,7,5,10,0,-42.770,-42.678,2.667
2012-05-09-15_55_04.016,7,6,10,0,-51.783,-42.748,2.326
2012-05-09-15_55_04.018,7,6,10,0,-51.844,-42.749,2.425
2012-05-09-15_55_04.020,7,6,10,0,-51.795,-42.766,2.326
2012-05-09-15_55_04.023,7,6,10,0,-51.795,-42.695,2.425
2012-05-09-15_55_04.025,7,7,10,0,-60.812,-42.761,2.834
2012-05-09-15_55_04.027,7,7,10,0,-60.824,-42.780,2.834
2012-05-09-15_55_04.030,7,7,10,0,-60.824,-42.709,2.734
2012-05-09-15_55_04.032,7,7,10,0,-60.814,-42.703,2.834
2012-05-09-15_55_04.034,7,0,10,1,-2.194,-42.791,2.798
2012-05-09-15_55_04.037,7,0,10,1,-2.255,-42.788,2.798
2012-05-09-15_55_04.039,7,0,10,1,-2.255,-42.718,2.798
2012-05-09-15_55_04.041,7,0,10,1,-2.196,-42.718,2.798
2012-05-09-15_55_04.044,7,1,10,1,-11.224,-42.796,2.582
2012-05-09-15_55_04.046,7,1,10,1,-11.285,-42.793,2.582
2012-05-09-15_55_04.048,7,1,10,1,-11.285,-42.724,2.582
2012-05-09-15_55_04.051,7,1,10,1,-11.226,-42.723,2.582
2012-05-09-15_55_04.053,7,2,10,1,-20.210,-42.760,2.490
2012-05-09-15_55_04.055,7,2,10,1,-20.271,-42.757,2.589
2012-05-09-15_55_04.057,7,2,10,1,-20.271,-42.688,2.588
2012-05-09-15_55_04.060,7,2,10,1,-20.212,-42.687,2.588
2012-05-09-15_55_04.062,7,3,10,1,-29.226,-42.746,2.196
2012-05-09-15_55_04.064,7,3,10,1,-29.287,-42.744,2.196
2012-05-09-15_55_04.067,7,3,10,1,-29.287,-42.674,2.196
2012-05-09-15_55_04.069,7,3,10,1,-29.228,-42.673,2.196
2012-05-09-15_55_04.071,7,4,10,1,-38.253,-42.773,2.371
2012-05-09-15_55_04.074,7,4,10,1,-38.314,-42.771,2.371
2012-05-09-15_55_04.086,7,4,10,1,-38.314,-42.701,2.370
2012-05-09-15_55_04.089,7,4,10,1,-38.256,-42.701,2.370
2012-05-09-15_55_04.091,7,5,10,1,-47.213,-42.739,2.777
2012-05-09-15_55_04.093,7,5,10,1,-47.274,-42.737,2.777
2012-05-09-15_55_04.096,7,5,10,1,-47.274,-42.667,2.776
2012-05-09-15_55_04.098,7,5,10,1,-47.215,-42.666,2.776
2012-05-09-15_55_04.100,7,6,10,1,-56.238,-42.757,2.437
2012-05-09-15_55_04.103,7,6,10,1,-56.299,-42.754,2.437
2012-05-09-15_55_04.105,7,6,10,1,-56.298,-42.684,2.436
2012-05-09-15_55_04.107,7,6,10,1,-56.240,-42.684,2.436
2012-05-09-15_55_04.109,7,7,10,1,-65.267,-42.770,2.846
2012-05-09-15_55_04.112,7,7,10,1,-65.328,-42.768,2.846
2012-05-09-15_55_04.114,7,7,10,1,-65.328,-42.698,2.846
2012-05-09-15_55_04.117,7,7,10,1,-65.269,-42.698,2.846
2012-05-09-15_55_04.119,7,0,11,0,2.260,-47.284,2.708
2012-05-09-15_55_04.121,7,0,11,0,2.201,-47.285,2.708
2012-05-09-15_55_04.124,7,0,11,0,2.248,-47.299,2.808
2012-05-09-15_55_04.126,7,0,11,0,2.199,-47.217,2.708
2012-05-09-15_55_04.128,7,1,11,0,-6.770,-47.289,2.691
2012-05-09-15_55_04.131,7,1,11,0,-6.829,-47.291,2.691
2012-05-09-15_55_04.133,7,1,11,0,-6.783,-47.304,2.593
2012-05-09-15_55_04.135,7,1,11,0,-6.831,-47.222,2.593
2012-05-09-15_55_04.137,7,2,11,0,-15.756,-47.253,2.501
2012-05-09-15_55_04.140,7,2,11,0,-15.815,-47.255,2.501
2012-05-09-15_55_04.142,7,2,11,0,-15.769,-47.268,2.501
2012-05-09-15_55_04.144,7,2,11,0,-15.817,-47.186,2.501
2012-05-09-15_55_04.147,7,3,11,0,-24.772,-47.240,2.305
2012-05-09-15_55_04.150,7,3,11,0,-24.831,-47.241,2.305
2012-05-09-15_55_04.152,7,3,11,0,-24.784,-47.254,2.305
2012-05-09-15_55_04.155,7,3,11,0,-24.784,-47.179,2.207
2012-05-09-15_55_04.157,7,4,11,0,-33.800,-47.267,2.381
2012-05-09-15_55_04.159,7,4,11,0,-33.812,-47.282,2.381
2012-05-09-15_55_04.162,7,4,11,0,-33.812,-47.206,2.381
2012-05-09-15_55_04.164,7,4,11,0,-33.799,-47.200,2.381
2012-05-09-15_55_04.168,7,5,11,0,-42.759,-47.233,2.689
2012-05-09-15_55_04.170,7,5,11,0,-42.818,-47.234,2.689
2012-05-09-15_55_04.172,7,5,11,0,-42.771,-47.247,2.689
2012-05-09-15_55_04.175,7,5,11,0,-42.771,-47.172,2.689
2012-05-09-15_55_04.177,7,6,11,0,-51.784,-47.250,2.348
2012-05-09-15_55_04.179,7,6,11,0,-51.843,-47.251,2.348
2012-05-09-15_55_04.182,7,6,11,0,-51.796,-47.265,2.447
2012-05-09-15_55_04.184,7,6,11,0,-51.796,-47.189,2.447
2012-05-09-15_55_04.186,7,7,11,0,-60.813,-47.264,2.856
2012-05-09-15_55_04.189,7,7,11,0,-60.825,-47.279,2.856
2012-05-09-15_55_04.191,7,7,11,0,-60.825,-47.203,2.756
2012-05-09-15_55_04.193,7,7,11,0,-60.813,-47.197,2.756
2012-05-09-15_55_04.196,7,0,11,1,-2.195,-47.288,2.817
2012-05-09-15_55_04.198,7,0,11,1,-2.256,-47.286,2.817
2012-05-09-15_55_04.200,7,0,11,1,-2.256,-47.221,2.817
2012-05-09-15_55_04.203,7,0,11,1,-2.197,-47.219,2.817
2012-05-09-15_55_04.205,7,1,11,1,-11.225,-47.294,2.601
2012-05-09-15_55_04.207,7,1,11,1,-11.286,-47.291,2.601
2012-05-09-15_55_04.210,7,1,11,1,-11.286,-47.226,2.601
2012-05-09-15_55_04.212,7,1,11,1,-11.227,-47.224,2.601
2012-05-09-15_55_04.214,7,2,11,1,-20.211,-47.257,2.509
2012-05-09-15_55_04.217,7,2,11,1,-20.272,-47.255,2.509
2012-05-09-15_55_04.219,7,2,11,1,-20.272,-47.190,2.608
2012-05-09-15_55_04.221,7,2,11,1,-20.213,-47.188,2.509
2012-05-09-15_55_04.224,7,3,11,1,-29.227,-47.244,2.216
2012-05-09-15_55_04.226,7,3,11,1,-29.288,-47.241,2.216
2012-05-09-15_55_04.228,7,3,11,1,-29.288,-47.176,2.215
2012-05-09-15_55_04.231,7,3,11,1,-29.229,-47.175,2.215
2012-05-09-15_55_04.233,7,4,11,1,-38.254,-47.271,2.390
2012-05-09-15_55_04.236,7,4,11,1,-38.315,-47.269,2.390
2012-05-09-15_55_04.238,7,4,11,1,-38.315,-47.204,2.390
2012-05-09-15_55_04.240,7,4,11,1,-38.257,-47.202,2.389
2012-05-09-15_55_04.243,7,5,11,1,-47.214,-47.237,2.796
2012-05-09-15_55_04.245,7,5,11,1,-47.275,-47.234,2.796
2012-05-09-15_55_04.247,7,5,11,1,-47.275,-47.169,2.698
2012-05-09-15_55_04.250,7,5,11,1,-47.216,-47.168,2.796
2012-05-09-15_55_04.252,7,6,11,1,-56.239,-47.254,2.456
2012-05-09-15_55_04.254,7,6,11,1,-56.300,-47.252,2.456
2012-05-09-15_55_04.257,7,6,11,1,-56.299,-47.187,2.456
2012-05-09-15_55_04.259,7,6,11,1,-56.241,-47.185,2.455
2012-05-09-15_55_04.261,7,7,11,1,-65.268,-47.268,2.765
2012-05-09-15_55_04.263,7,7,11,1,-65.329,-47.266,2.865
2012-05-09-15_55_04.266,7,7,11,1,-65.329,-47.201,2.765
2012-05-09-15_55_04.268,7,7,11,1,-65.270,-47.199,2.865
2012-05-09-15_55_04.271,7,0,12,0,2.259,-51.783,2.827
2012-05-09-15_55_04.273,7,0,12,0,2.200,-51.784,2.827
2012-05-09-15_55_04.275,7,0,12,0,2.249,-51.795,2.827
2012-05-09-15_55_04.278,7,0,12,0,2.200,-51.718,2.927
2012-05-09-15_55_04.280,7,1,12,0,-6.771,-51.788,2.710
2012-05-09-15_55_04.282,7,1,12,0,-6.830,-51.789,2.809
2012-05-09-15_55_04.285,7,1,12,0,-6.781,-51.800,2.809
2012-05-09-15_55_04.287,7,1,12,0,-6.830,-51.723,2.809
2012-05-09-15_55_04.289,7,2,12,0,-15.757,-51.752,2.420
2012-05-09-15_55_04.292,7,2,12,0,-15.816,-51.753,2.420
2012-05-09-15_55_04.294,7,2,12,0,-15.767,-51.764,2.420
2012-05-09-15_55_04.297,7,2,12,0,-15.816,-51.687,2.519
2012-05-09-15_55_04.299,7,3,12,0,-24.773,-51.738,2.324
2012-05-09-15_55_04.301,7,3,12,0,-24.832,-51.740,2.225
2012-05-09-15_55_04.304,7,3,12,0,-24.783,-51.751,2.225
2012-05-09-15_55_04.306,7,3,12,0,-24.783,-51.682,2.225
2012-05-09-15_55_04.308,7,4,12,0,-33.801,-51.766,2.399
2012-05-09-15_55_04.311,7,4,12,0,-33.810,-51.778,2.399
2012-05-09-15_55_04.313,7,4,12,0,-33.810,-51.709,2.399
2012-05-09-15_55_04.316,7,4,12,0,-33.800,-51.701,2.399
2012-05-09-15_55_04.318,7,5,12,0,-42.760,-51.731,2.512
2012-05-09-15_55_04.320,7,5,12,0,-42.819,-51.733,2.512
2012-05-09-15_55_04.323,7,5,12,0,-42.770,-51.744,2.512
2012-05-09-15_55_04.325,7,5,12,0,-42.770,-51.675,2.512
2012-05-09-15_55_04.327,7,6,12,0,-51.785,-51.749,2.367
2012-05-09-15_55_04.330,7,6,12,0,-51.843,-51.750,2.367
2012-05-09-15_55_04.332,7,6,12,0,-51.795,-51.761,2.367
2012-05-09-15_55_04.335,7,6,12,0,-51.794,-51.692,2.367
2012-05-09-15_55_04.337,7,7,12,0,-60.814,-51.763,2.675
2012-05-09-15_55_04.339,7,7,12,0,-60.824,-51.775,2.575
2012-05-09-15_55_04.342,7,7,12,0,-60.824,-51.706,2.575
2012-05-09-15_55_04.344,7,7,12,0,-60.814,-51.698,2.575
2012-05-09-15_55_04.346,7,0,12,1,-2.196,-51.786,2.938
2012-05-09-15_55_04.349,7,0,12,1,-2.255,-51.784,2.837
2012-05-09-15_55_04.351,7,0,12,1,-2.254,-51.725,2.837
2012-05-09-15_55_04.353,7,0,12,1,-2.198,-51.725,2.837
2012-05-09-15_55_04.355,7,1,12,1,-11.226,-51.792,2.621
2012-05-09-15_55_04.358,7,1,12,1,-11.285,-51.789,2.621
2012-05-09-15_55_04.360,7,1,12,1,-11.284,-51.730,2.621
2012-05-09-15_55_04.362,7,1,12,1,-11.228,-51.730,2.621
2012-05-09-15_55_04.365,7,2,12,1,-20.212,-51.756,2.431
2012-05-09-15_55_04.367,7,2,12,1,-20.271,-51.753,2.431
2012-05-09-15_55_04.369,7,2,12,1,-20.270,-51.694,2.430
2012-05-09-15_55_04.372,7,2,12,1,-20.214,-51.694,2.430
2012-05-09-15_55_04.374,7,3,12,1,-29.228,-51.742,2.236
2012-05-09-15_55_04.376,7,3,12,1,-29.286,-51.740,2.236
2012-05-09-15_55_04.379,7,3,12,1,-29.286,-51.680,2.235
2012-05-09-15_55_04.381,7,3,12,1,-29.230,-51.680,2.235
2012-05-09-15_55_04.383,7,4,12,1,-38.255,-51.769,2.410
2012-05-09-15_55_04.386,7,4,12,1,-38.314,-51.767,2.410
2012-05-09-15_55_04.388,7,4,12,1,-38.314,-51.708,2.410
2012-05-09-15_55_04.390,7,4,12,1,-38.258,-51.707,2.410
2012-05-09-15_55_04.392,7,5,12,1,-47.215,-51.735,2.522
2012-05-09-15_55_04.395,7,5,12,1,-47.273,-51.733,2.522
2012-05-09-15_55_04.397,7,5,12,1,-47.273,-51.673,2.522
2012-05-09-15_55_04.399,7,5,12,1,-47.217,-51.673,2.522
2012-05-09-15_55_04.401,7,6,12,1,-56.240,-51.752,2.476
2012-05-09-15_55_04.404,7,6,12,1,-56.298,-51.750,2.476
2012-05-09-15_55_04.407,7,6,12,1,-56.298,-51.691,2.476
2012-05-09-15_55_04.409,7,6,12,1,-56.242,-51.691,2.476
2012-05-09-15_55_04.411,7,7,12,1,-65.269,-51.766,2.685
2012-05-09-15_55_04.413,7,7,12,1,-65.327,-51.764,2.685
2012-05-09-15_55_04.417,7,7,12,1,-65.327,-51.705,2.685
2012-05-09-15_55_04.419,7,7,12,1,-65.271,-51.705,2.685
2012-05-09-15_55_04.422,7,0,13,0,2.260,-56.280,2.852
2012-05-09-15_55_04.424,7,0,13,0,2.202,-56.281,2.852
2012-05-09-15_55_04.426,7,0,13,0,2.250,-56.292,2.852
2012-05-09-15_55_04.429,7,0,13,0,2.202,-56.218,2.852
2012-05-09-15_55_04.431,7,1,13,0,-6.770,-56.285,2.833
2012-05-09-15_55_04.433,7,1,13,0,-6.828,-56.286,2.833
2012-05-09-15_55_04.436,7,1,13,0,-6.780,-56.298,2.833
2012-05-09-15_55_04.438,7,1,13,0,-6.828,-56.223,2.833
2012-05-09-15_55_04.440,7,2,13,0,-15.756,-56.249,2.445
2012-05-09-15_55_04.443,7,2,13,0,-15.814,-56.250,2.544
2012-05-09-15_55_04.445,7,2,13,0,-15.766,-56.262,2.544
2012-05-09-15_55_04.447,7,2,13,0,-15.814,-56.187,2.445
2012-05-09-15_55_04.450,7,3,13,0,-24.772,-56.235,2.250
2012-05-09-15_55_04.452,7,3,13,0,-24.830,-56.237,2.250
2012-05-09-15_55_04.454,7,3,13,0,-24.782,-56.248,2.250
2012-05-09-15_55_04.457,7,3,13,0,-24.781,-56.184,2.250
2012-05-09-15_55_04.459,7,4,13,0,-33.799,-56.263,2.424
2012-05-09-15_55_04.461,7,4,13,0,-33.809,-56.275,2.424
2012-05-09-15_55_04.463,7,4,13,0,-33.809,-56.211,2.424
2012-05-09-15_55_04.466,7,4,13,0,-33.794,-56.213,2.424
2012-05-09-15_55_04.468,7,5,13,0,-42.759,-56.228,2.536
2012-05-09-15_55_04.471,7,5,13,0,-42.817,-56.230,2.536
2012-05-09-15_55_04.473,7,5,13,0,-42.768,-56.241,2.536
2012-05-09-15_55_04.475,7,5,13,0,-42.768,-56.177,2.536
2012-05-09-15_55_04.478,7,6,13,0,-51.783,-56.246,2.391
2012-05-09-15_55_04.480,7,6,13,0,-51.842,-56.247,2.391
2012-05-09-15_55_04.482,7,6,13,0,-51.793,-56.258,2.391
2012-05-09-15_55_04.485,7,6,13,0,-51.793,-56.194,2.391
2012-05-09-15_55_04.487,7,7,13,0,-60.813,-56.260,3.800
2012-05-09-15_55_04.489,7,7,13,0,-60.822,-56.272,3.900
2012-05-09-15_55_04.492,7,7,13,0,-60.742,-56.210,3.900
2012-05-09-15_55_04.494,7,0,13,1,-2.197,-56.291,2.863
2012-05-09-15_55_04.496,7,0,13,1,-2.256,-56.288,2.863
2012-05-09-15_55_04.499,7,0,13,1,-2.255,-56.220,2.863
2012-05-09-15_55_04.501,7,0,13,1,-2.199,-56.221,2.863
2012-05-09-15_55_04.503,7,1,13,1,-11.227,-56.296,2.647
2012-05-09-15_55_04.506,7,1,13,1,-11.286,-56.294,2.647
2012-05-09-15_55_04.508,7,1,13,1,-11.285,-56.226,2.647
2012-05-09-15_55_04.511,7,1,13,1,-11.229,-56.226,2.647
2012-05-09-15_55_04.513,7,2,13,1,-20.213,-56.260,2.457
2012-05-09-15_55_04.515,7,2,13,1,-20.272,-56.258,2.457
2012-05-09-15_55_04.517,7,2,13,1,-20.271,-56.190,2.457
2012-05-09-15_55_04.520,7,2,13,1,-20.215,-56.190,2.457
2012-05-09-15_55_04.522,7,3,13,1,-29.229,-56.246,2.262
2012-05-09-15_55_04.525,7,3,13,1,-29.287,-56.244,2.262
2012-05-09-15_55_04.527,7,3,13,1,-29.287,-56.176,2.262
2012-05-09-15_55_04.529,7,3,13,1,-29.231,-56.176,2.262
2012-05-09-15_55_04.532,7,4,13,1,-38.256,-56.274,2.338
2012-05-09-15_55_04.534,7,4,13,1,-38.315,-56.271,2.436
2012-05-09-15_55_04.536,7,4,13,1,-38.315,-56.203,2.338
2012-05-09-15_55_04.539,7,4,13,1,-38.259,-56.204,2.436
2012-05-09-15_55_04.541,7,5,13,1,-47.216,-56.239,2.548
2012-05-09-15_55_04.543,7,5,13,1,-47.274,-56.237,2.646
2012-05-09-15_55_04.546,7,5,13,1,-47.274,-56.169,2.548
2012-05-09-15_55_04.548,7,5,13,1,-47.218,-56.169,2.548
2012-05-09-15_55_04.550,7,6,13,1,-56.241,-56.257,2.502
2012-05-09-15_55_04.553,7,6,13,1,-56.299,-56.254,2.502
2012-05-09-15_55_04.555,7,6,13,1,-56.299,-56.186,2.502
2012-05-09-15_55_04.557,7,6,13,1,-56.243,-56.187,2.502
2012-05-09-15_55_04.560,7,7,13,1,-65.270,-56.271,2.711
2012-05-09-15_55_04.562,7,7,13,1,-65.328,-56.268,2.611
2012-05-09-15_55_04.564,7,7,13,1,-65.328,-56.200,2.611
2012-05-09-15_55_04.567,7,7,13,1,-65.272,-56.201,2.611
2012-05-09-15_55_04.569,7,0,14,0,2.269,-60.780,2.974
2012-05-09-15_55_04.571,7,0,14,0,2.203,-60.782,2.974
2012-05-09-15_55_04.574,7,0,14,0,2.254,-60.797,2.974
2012-05-09-15_55_04.576,7,0,14,0,2.203,-60.723,2.974
2012-05-09-15_55_04.578,7,1,14,0,-6.761,-60.786,2.855
2012-05-09-15_55_04.581,7,1,14,0,-6.827,-60.787,2.855
2012-05-09-15_55_04.583,7,1,14,0,-6.776,-60.802,2.855
2012-05-09-15_55_04.585,7,1,14,0,-6.827,-60.729,2.855
2012-05-09-15_55_04.588,7,2,14,0,-15.747,-60.750,2.566
2012-05-09-15_55_04.590,7,2,14,0,-15.813,-60.751,2.566
2012-05-09-15_55_04.592,7,2,14,0,-15.762,-60.766,2.566
2012-05-09-15_55_04.595,7,2,14,0,-15.813,-60.693,2.665
2012-05-09-15_55_04.597,7,3,14,0,-24.763,-60.736,2.272
2012-05-09-15_55_04.599,7,3,14,0,-24.829,-60.738,2.272
2012-05-09-15_55_04.602,7,3,14,0,-24.778,-60.753,2.272
2012-05-09-15_55_04.604,7,3,14,0,-24.777,-60.687,2.272
2012-05-09-15_55_04.606,7,4,14,0,-33.790,-60.763,2.348
2012-05-09-15_55_04.608,7,4,14,0,-33.805,-60.780,2.348
2012-05-09-15_55_04.611,7,4,14,0,-33.805,-60.714,2.348
2012-05-09-15_55_04.613,7,4,14,0,-33.798,-60.707,2.348
2012-05-09-15_55_04.616,7,5,14,0,-42.750,-60.729,2.558
2012-05-09-15_55_04.618,7,5,14,0,-42.816,-60.731,2.558
2012-05-09-15_55_04.620,7,5,14,0,-42.765,-60.746,2.558
2012-05-09-15_55_04.623,7,5,14,0,-42.764,-60.680,2.558
2012-05-09-15_55_04.625,7,6,14,0,-51.775,-60.746,2.414
2012-05-09-15_55_04.627,7,6,14,0,-51.841,-60.748,2.414
2012-05-09-15_55_04.630,7,6,14,0,-51.789,-60.763,2.512
2012-05-09-15_55_04.632,7,6,14,0,-51.789,-60.697,2.414
2012-05-09-15_55_04.635,7,7,14,0,-60.804,-60.760,2.622
2012-05-09-15_55_04.637,7,7,14,0,-60.819,-60.777,2.522
2012-05-09-15_55_04.639,7,7,14,0,-60.818,-60.711,3.822
2012-05-09-15_55_04.643,7,7,14,0,-60.811,-60.704,4.823
2012-05-09-15_55_04.645,7,0,14,1,-2.198,-60.794,2.883
2012-05-09-15_55_04.647,7,0,14,1,-2.257,-60.791,2.883
2012-05-09-15_55_04.650,7,0,14,1,-2.256,-60.720,2.883
2012-05-09-15_55_04.652,7,0,14,1,-2.200,-60.720,2.883
2012-05-09-15_55_04.654,7,1,14,1,-11.228,-60.799,2.668
2012-05-09-15_55_04.656,7,1,14,1,-11.287,-60.797,2.766
2012-05-09-15_55_04.659,7,1,14,1,-11.286,-60.725,2.667
2012-05-09-15_55_04.663,7,1,14,1,-11.230,-60.725,2.667
2012-05-09-15_55_04.665,7,2,14,1,-20.214,-60.763,2.477
2012-05-09-15_55_04.668,7,2,14,1,-20.273,-60.761,2.477
2012-05-09-15_55_04.670,7,2,14,1,-20.272,-60.689,2.476
2012-05-09-15_55_04.672,7,2,14,1,-20.216,-60.689,2.476
2012-05-09-15_55_04.674,7,3,14,1,-29.230,-60.749,2.183
2012-05-09-15_55_04.677,7,3,14,1,-29.288,-60.747,2.183
2012-05-09-15_55_04.679,7,3,14,1,-29.288,-60.676,2.281
2012-05-09-15_55_04.681,7,3,14,1,-29.232,-60.676,2.183
2012-05-09-15_55_04.684,7,4,14,1,-38.257,-60.777,2.456
2012-05-09-15_55_04.686,7,4,14,1,-38.316,-60.774,2.358
2012-05-09-15_55_04.688,7,4,14,1,-38.316,-60.703,2.357
2012-05-09-15_55_04.691,7,4,14,1,-38.260,-60.703,2.357
2012-05-09-15_55_04.693,7,5,14,1,-47.217,-60.742,2.568
2012-05-09-15_55_04.696,7,5,14,1,-47.275,-60.740,2.568
2012-05-09-15_55_04.698,7,5,14,1,-47.275,-60.669,2.568
2012-05-09-15_55_04.700,7,5,14,1,-47.219,-60.669,2.568
2012-05-09-15_55_04.703,7,6,14,1,-56.242,-60.760,2.522
2012-05-09-15_55_04.705,7,6,14,1,-56.300,-60.757,2.522
2012-05-09-15_55_04.707,7,6,14,1,-56.300,-60.686,2.423
2012-05-09-15_55_04.710,7,6,14,1,-56.244,-60.686,2.522
2012-05-09-15_55_04.712,7,7,14,1,-65.271,-60.774,2.731
2012-05-09-15_55_04.714,7,7,14,1,-65.329,-60.771,2.731
2012-05-09-15_55_04.717,7,7,14,1,-65.329,-60.700,2.731
2012-05-09-15_55_04.719,7,7,14,1,-65.273,-60.700,2.731
2012-05-09-15_55_04.721,7,0,15,0,2.261,-65.282,2.994
2012-05-09-15_55_04.724,7,0,15,0,2.205,-65.283,2.994
2012-05-09-15_55_04.726,7,0,15,0,2.251,-65.300,2.994
2012-05-09-15_55_04.728,7,0,15,0,2.205,-65.223,2.994
2012-05-09-15_55_04.731,7,1,15,0,-6.769,-65.287,2.975
2012-05-09-15_55_04.733,7,1,15,0,-6.826,-65.288,2.975
2012-05-09-15_55_04.735,7,1,15,0,-6.779,-65.305,2.876
2012-05-09-15_55_04.738,7,1,15,0,-6.825,-65.228,2.876
2012-05-09-15_55_04.740,7,2,15,0,-15.755,-65.251,2.586
2012-05-09-15_55_04.742,7,2,15,0,-15.812,-65.252,2.685
2012-05-09-15_55_04.745,7,2,15,0,-15.765,-65.269,2.586
2012-05-09-15_55_04.747,7,2,15,0,-15.811,-65.192,2.685
2012-05-09-15_55_04.749,7,3,15,0,-24.771,-65.237,2.292
2012-05-09-15_55_04.752,7,3,15,0,-24.827,-65.239,2.292
2012-05-09-15_55_04.754,7,3,15,0,-24.781,-65.256,2.292
2012-05-09-15_55_04.756,7,3,15,0,-24.781,-65.185,2.292
2012-05-09-15_55_04.759,7,4,15,0,-33.799,-65.264,2.369
2012-05-09-15_55_04.761,7,4,15,0,-33.809,-65.283,2.369
2012-05-09-15_55_04.763,7,4,15,0,-33.808,-65.212,2.270
2012-05-09-15_55_04.766,7,4,15,0,-33.796,-65.214,2.369
2012-05-09-15_55_04.768,7,5,15,0,-42.758,-65.230,2.677
2012-05-09-15_55_04.770,7,5,15,0,-42.814,-65.232,2.677
2012-05-09-15_55_04.772,7,5,15,0,-42.768,-65.249,2.677
2012-05-09-15_55_04.775,7,5,15,0,-42.768,-65.178,2.579
2012-05-09-15_55_04.777,7,6,15,0,-51.783,-65.247,2.434
2012-05-09-15_55_04.779,7,6,15,0,-51.839,-65.249,2.335
2012-05-09-15_55_04.782,7,6,15,0,-51.793,-65.266,2.335
2012-05-09-15_55_04.784,7,6,15,0,-51.793,-65.195,2.335
2012-05-09-15_55_04.786,7,7,15,0,-60.812,-65.261,3.843
2012-05-09-15_55_04.789,7,7,15,0,-60.822,-65.280,4.843
2012-05-09-15_55_04.791,7,0,15,1,-2.199,-65.291,3.006
2012-05-09-15_55_04.793,7,0,15,1,-2.258,-65.288,3.006
2012-05-09-15_55_04.796,7,0,15,1,-2.257,-65.219,3.006
2012-05-09-15_55_04.798,7,0,15,1,-2.201,-65.218,3.006
2012-05-09-15_55_04.800,7,1,15,1,-11.229,-65.296,2.887
2012-05-09-15_55_04.803,7,1,15,1,-11.288,-65.293,2.887
2012-05-09-15_55_04.805,7,1,15,1,-11.287,-65.225,2.887
2012-05-09-15_55_04.807,7,1,15,1,-11.231,-65.224,2.887
2012-05-09-15_55_04.810,7,2,15,1,-20.215,-65.260,2.598
2012-05-09-15_55_04.812,7,2,15,1,-20.274,-65.257,2.598
2012-05-09-15_55_04.814,7,2,15,1,-20.273,-65.188,2.499
2012-05-09-15_55_04.817,7,2,15,1,-20.217,-65.188,2.499
2012-05-09-15_55_04.819,7,3,15,1,-29.231,-65.246,2.304
2012-05-09-15_55_04.822,7,3,15,1,-29.289,-65.244,2.304
2012-05-09-15_55_04.824,7,3,15,1,-29.289,-65.175,2.304
2012-05-09-15_55_04.826,7,3,15,1,-29.233,-65.174,2.304
2012-05-09-15_55_04.829,7,4,15,1,-38.258,-65.273,2.380
2012-05-09-15_55_04.831,7,4,15,1,-38.317,-65.271,2.380
2012-05-09-15_55_04.833,7,4,15,1,-38.317,-65.202,2.380
2012-05-09-15_55_04.836,7,4,15,1,-38.261,-65.201,2.380
2012-05-09-15_55_04.838,7,5,15,1,-47.218,-65.239,2.688
2012-05-09-15_55_04.840,7,5,15,1,-47.276,-65.237,2.590
2012-05-09-15_55_04.843,7,5,15,1,-47.276,-65.168,2.590
2012-05-09-15_55_04.845,7,5,15,1,-47.220,-65.167,2.590
2012-05-09-15_55_04.847,7,6,15,1,-56.243,-65.257,2.445
2012-05-09-15_55_04.850,7,6,15,1,-56.301,-65.254,2.445
2012-05-09-15_55_04.852,7,6,15,1,-56.301,-65.185,2.445
2012-05-09-15_55_04.854,7,6,15,1,-56.245,-65.184,2.445
2012-05-09-15_55_04.857,7,7,15,1,-65.272,-65.270,2.654
2012-05-09-15_55_04.859,7,7,15,1,-65.330,-65.268,2.654
2012-05-09-15_55_04.861,7,7,15,1,-65.330,-65.199,2.554
2012-05-09-15_55_04.864,7,7,15,1,-65.274,-65.198,2.653
2012-05-09-15_55_04.866,7,0,16,0,2.272,-69.784,3.021
2012-05-09-15_55_04.869,7,0,16,0,2.206,-69.785,3.021
2012-05-09-15_55_04.871,7,0,16,0,2.252,-69.799,3.021
2012-05-09-15_55_04.873,7,0,16,0,2.206,-69.716,3.021
2012-05-09-15_55_04.876,7,1,16,0,-6.758,-69.789,2.902
2012-05-09-15_55_04.878,7,1,16,0,-6.824,-69.791,2.902
2012-05-09-15_55_04.881,7,1,16,0,-6.778,-69.804,2.902
2012-05-09-15_55_04.884,7,1,16,0,-6.824,-69.722,2.902
2012-05-09-15_55_04.886,7,2,16,0,-15.744,-69.753,2.613
2012-05-09-15_55_04.888,7,2,16,0,-15.810,-69.754,2.711
2012-05-09-15_55_04.890,7,2,16,0,-15.764,-69.768,2.613
2012-05-09-15_55_04.893,7,2,16,0,-15.810,-69.685,2.613
2012-05-09-15_55_04.895,7,3,16,0,-24.760,-69.739,2.417
2012-05-09-15_55_04.898,7,3,16,0,-24.826,-69.741,2.319
2012-05-09-15_55_04.900,7,3,16,0,-24.780,-69.754,2.319
2012-05-09-15_55_04.902,7,3,16,0,-24.779,-69.679,2.319
2012-05-09-15_55_04.905,7,4,16,0,-33.788,-69.767,2.297
2012-05-09-15_55_04.907,7,4,16,0,-33.807,-69.782,2.297
2012-05-09-15_55_04.909,7,4,16,0,-33.807,-69.706,2.297
2012-05-09-15_55_04.912,7,4,16,0,-33.797,-69.699,2.297
2012-05-09-15_55_04.914,7,5,16,0,-42.747,-69.732,2.605
2012-05-09-15_55_04.916,7,5,16,0,-42.813,-69.734,2.605
2012-05-09-15_55_04.919,7,5,16,0,-42.767,-69.747,2.605
2012-05-09-15_55_04.923,7,5,16,0,-42.766,-69.672,2.605
2012-05-09-15_55_04.925,7,6,16,0,-51.772,-69.750,2.361
2012-05-09-15_55_04.928,7,6,16,0,-51.838,-69.751,2.361
2012-05-09-15_55_04.930,7,6,16,0,-51.791,-69.765,2.361
2012-05-09-15_55_04.932,7,6,16,0,-51.791,-69.689,2.361
2012-05-09-15_55_04.934,7,7,16,0,-60.801,-69.764,2.568
2012-05-09-15_55_04.937,7,7,16,0,-60.821,-69.779,2.568
2012-05-09-15_55_04.939,7,7,16,0,-60.820,-69.703,2.568
2012-05-09-15_55_04.941,7,7,16,0,-60.810,-69.696,2.568
2012-05-09-15_55_04.943,7,0,16,1,-2.200,-69.787,3.031
2012-05-09-15_55_04.945,7,0,16,1,-2.259,-69.785,3.031
2012-05-09-15_55_04.947,7,0,16,1,-2.261,-69.718,3.031
2012-05-09-15_55_04.950,7,0,16,1,-2.205,-69.717,3.031
2012-05-09-15_55_04.952,7,1,16,1,-11.230,-69.793,2.912
2012-05-09-15_55_04.954,7,1,16,1,-11.289,-69.790,2.912
2012-05-09-15_55_04.957,7,1,16,1,-11.291,-69.724,2.814
2012-05-09-15_55_04.959,7,1,16,1,-11.235,-69.722,2.813
2012-05-09-15_55_04.961,7,2,16,1,-20.216,-69.757,2.524
2012-05-09-15_55_04.964,7,2,16,1,-20.275,-69.754,2.524
2012-05-09-15_55_04.966,7,2,16,1,-20.277,-69.688,2.524
2012-05-09-15_55_04.968,7,2,16,1,-20.221,-69.686,2.524
2012-05-09-15_55_04.971,7,3,16,1,-29.232,-69.743,2.329
2012-05-09-15_55_04.973,7,3,16,1,-29.290,-69.741,2.329
2012-05-09-15_55_04.975,7,3,16,1,-29.293,-69.674,2.329
2012-05-09-15_55_04.978,7,3,16,1,-29.236,-69.673,2.329
2012-05-09-15_55_04.980,7,4,16,1,-38.259,-69.770,2.405
2012-05-09-15_55_04.982,7,4,16,1,-38.318,-69.768,2.405
2012-05-09-15_55_04.985,7,4,16,1,-38.320,-69.701,2.405
2012-05-09-15_55_04.987,7,4,16,1,-38.264,-69.700,2.405
2012-05-09-15_55_04.989,7,5,16,1,-47.219,-69.736,2.615
2012-05-09-15_55_04.992,7,5,16,1,-47.277,-69.734,2.615
2012-05-09-15_55_04.994,7,5,16,1,-47.279,-69.667,2.615
2012-05-09-15_55_04.996,7,5,16,1,-47.223,-69.666,2.615
2012-05-09-15_55_04.999,7,6,16,1,-56.244,-69.753,2.470
2012-05-09-15_55_05.001,7,6,16,1,-56.302,-69.751,2.470
2012-05-09-15_55_05.003,7,6,16,1,-56.304,-69.684,2.371
2012-05-09-15_55_05.006,7,6,16,1,-56.248,-69.683,2.470
2012-05-09-15_55_05.008,7,7,16,1,-65.273,-69.767,2.679
2012-05-09-15_55_05.010,7,7,16,1,-65.331,-69.765,2.679
2012-05-09-15_55_05.013,7,7,16,1,-65.334,-69.698,2.678
2012-05-09-15_55_05.015,7,7,16,1,-65.277,-69.697,2.678
2012-05-09-15_55_05.017,7,0,17,0,2.261,-74.283,3.040
2012-05-09-15_55_05.020,7,0,17,0,2.205,-74.284,3.040
2012-05-09-15_55_05.022,7,0,17,0,2.254,-74.295,3.040
2012-05-09-15_55_05.025,7,0,17,0,2.205,-74.218,3.040
2012-05-09-15_55_05.027,7,1,17,0,-6.769,-74.288,2.922
2012-05-09-15_55_05.029,7,1,17,0,-6.825,-74.290,2.922
2012-05-09-15_55_05.032,7,1,17,0,-6.776,-74.300,2.922
2012-05-09-15_55_05.034,7,1,17,0,-6.825,-74.223,2.922
2012-05-09-15_55_05.036,7,2,17,0,-15.755,-74.252,2.632
2012-05-09-15_55_05.039,7,2,17,0,-15.811,-74.254,2.632
2012-05-09-15_55_05.041,7,2,17,0,-15.762,-74.264,2.632
2012-05-09-15_55_05.043,7,2,17,0,-15.811,-74.187,2.731
2012-05-09-15_55_05.046,7,3,17,0,-24.771,-74.238,2.437
2012-05-09-15_55_05.048,7,3,17,0,-24.827,-74.240,2.338
2012-05-09-15_55_05.050,7,3,17,0,-24.778,-74.251,2.338
2012-05-09-15_55_05.053,7,3,17,0,-24.778,-74.182,2.437
2012-05-09-15_55_05.055,7,4,17,0,-33.798,-74.266,2.415
2012-05-09-15_55_05.057,7,4,17,0,-33.806,-74.278,2.415
2012-05-09-15_55_05.060,7,4,17,0,-33.805,-74.210,2.415
2012-05-09-15_55_05.062,7,4,17,0,-33.798,-74.201,2.415
2012-05-09-15_55_05.064,7,5,17,0,-42.758,-74.231,2.625
2012-05-09-15_55_05.067,7,5,17,0,-42.814,-74.233,2.625
2012-05-09-15_55_05.069,7,5,17,0,-42.765,-74.244,2.625
2012-05-09-15_55_05.071,7,5,17,0,-42.765,-74.175,2.625
2012-05-09-15_55_05.074,7,6,17,0,-51.783,-74.249,2.381
2012-05-09-15_55_05.076,7,6,17,0,-51.839,-74.250,2.381
2012-05-09-15_55_05.078,7,6,17,0,-51.790,-74.261,2.381
2012-05-09-15_55_05.091,7,6,17,0,-51.790,-74.193,2.381
2012-05-09-15_55_05.094,7,7,17,0,-60.812,-74.263,2.588
2012-05-09-15_55_05.096,7,7,17,0,-60.819,-74.275,2.688
2012-05-09-15_55_05.098,7,7,17,0,-60.819,-74.207,4.789
2012-05-09-15_55_05.101,7,7,17,0,-60.811,-74.198,7.391
2012-05-09-15_55_05.103,7,0,17,1,-2.198,-74.286,3.050
2012-05-09-15_55_05.106,7,0,17,1,-2.259,-74.283,3.050
2012-05-09-15_55_05.108,7,0,17,1,-2.259,-74.223,3.050
2012-05-09-15_55_05.110,7,0,17,1,-2.203,-74.223,3.050
2012-05-09-15_55_05.112,7,1,17,1,-11.229,-74.291,2.832
2012-05-09-15_55_05.115,7,1,17,1,-11.290,-74.289,2.931
2012-05-09-15_55_05.117,7,1,17,1,-11.289,-74.229,2.832
2012-05-09-15_55_05.119,7,1,17,1,-11.233,-74.228,2.931
2012-05-09-15_55_05.122,7,2,17,1,-20.215,-74.255,2.642
2012-05-09-15_55_05.124,7,2,17,1,-20.276,-74.253,2.543
2012-05-09-15_55_05.127,7,2,17,1,-20.275,-74.193,2.543
2012-05-09-15_55_05.130,7,2,17,1,-20.219,-74.192,2.543
2012-05-09-15_55_05.132,7,3,17,1,-29.230,-74.241,2.348
2012-05-09-15_55_05.135,7,3,17,1,-29.291,-74.239,2.446
2012-05-09-15_55_05.137,7,3,17,1,-29.291,-74.179,2.348
2012-05-09-15_55_05.139,7,3,17,1,-29.235,-74.178,2.348
2012-05-09-15_55_05.142,7,4,17,1,-38.258,-74.269,2.424
2012-05-09-15_55_05.144,7,4,17,1,-38.319,-74.266,2.424
2012-05-09-15_55_05.146,7,4,17,1,-38.319,-74.206,2.424
2012-05-09-15_55_05.149,7,4,17,1,-38.263,-74.206,2.424
2012-05-09-15_55_05.151,7,5,17,1,-47.217,-74.234,2.634
2012-05-09-15_55_05.153,7,5,17,1,-47.278,-74.232,2.634
2012-05-09-15_55_05.156,7,5,17,1,-47.278,-74.172,2.634
2012-05-09-15_55_05.158,7,5,17,1,-47.222,-74.171,2.634
2012-05-09-15_55_05.160,7,6,17,1,-56.242,-74.252,2.489
2012-05-09-15_55_05.163,7,6,17,1,-56.303,-74.249,2.489
2012-05-09-15_55_05.165,7,6,17,1,-56.303,-74.189,2.489
2012-05-09-15_55_05.167,7,6,17,1,-56.247,-74.189,2.489
2012-05-09-15_55_05.170,7,7,17,1,-65.271,-74.266,2.697
2012-05-09-15_55_05.172,7,7,17,1,-65.332,-74.263,2.697
2012-05-09-15_55_05.174,7,7,17,1,-65.332,-74.203,2.697
2012-05-09-15_55_05.177,7,7,17,1,-65.276,-74.203,2.697
2012-05-09-15_55_05.179,7,0,18,0,2.260,-78.780,2.860
2012-05-09-15_55_05.181,7,0,18,0,2.204,-78.782,2.760
2012-05-09-15_55_05.184,7,0,18,0,2.250,-78.794,2.860
2012-05-09-15_55_05.186,7,0,18,0,2.204,-78.718,2.760
2012-05-09-15_55_05.190,7,1,18,0,-6.770,-78.785,2.745
2012-05-09-15_55_05.192,7,1,18,0,-6.826,-78.787,2.646
2012-05-09-15_55_05.194,7,1,18,0,-6.780,-78.799,2.745
2012-05-09-15_55_05.197,7,1,18,0,-6.826,-78.723,2.646
2012-05-09-15_55_05.199,7,2,18,0,-15.756,-78.749,2.653
2012-05-09-15_55_05.201,7,2,18,0,-15.812,-78.751,2.752
2012-05-09-15_55_05.204,7,2,18,0,-15.766,-78.763,2.653
2012-05-09-15_55_05.206,7,2,18,0,-15.812,-78.687,2.850
2012-05-09-15_55_05.208,7,3,18,0,-24.772,-78.736,2.359
2012-05-09-15_55_05.210,7,3,18,0,-24.828,-78.737,2.359
2012-05-09-15_55_05.213,7,3,18,0,-24.782,-78.749,2.458
2012-05-09-15_55_05.215,7,3,18,0,-24.781,-78.684,2.458
2012-05-09-15_55_05.217,7,4,18,0,-33.799,-78.763,2.533
2012-05-09-15_55_05.219,7,4,18,0,-33.809,-78.777,2.435
2012-05-09-15_55_05.221,7,4,18,0,-33.809,-78.712,2.435
2012-05-09-15_55_05.223,7,4,18,0,-33.799,-78.702,2.533
2012-05-09-15_55_05.226,7,5,18,0,-42.759,-78.729,2.743
2012-05-09-15_55_05.228,7,5,18,0,-42.815,-78.730,2.743
2012-05-09-15_55_05.230,7,5,18,0,-42.768,-78.743,2.743
2012-05-09-15_55_05.232,7,5,18,0,-42.768,-78.678,2.743
2012-05-09-15_55_05.235,7,6,18,0,-51.784,-78.746,2.599
2012-05-09-15_55_05.237,7,6,18,0,-51.840,-78.748,2.501
2012-05-09-15_55_05.239,7,6,18,0,-51.793,-78.760,2.599
2012-05-09-15_55_05.241,7,6,18,0,-51.793,-78.695,2.599
2012-05-09-15_55_05.243,7,7,18,0,-60.813,-78.760,2.909
2012-05-09-15_55_05.245,7,7,18,0,-60.823,-78.774,2.909
2012-05-09-15_55_05.248,7,7,18,0,-60.822,-78.709,2.909
2012-05-09-15_55_05.250,7,7,18,0,-60.812,-78.699,2.809
2012-05-09-15_55_05.252,7,0,18,1,-2.199,-78.789,2.873
2012-05-09-15_55_05.255,7,0,18,1,-2.263,-78.786,2.873
2012-05-09-15_55_05.257,7,0,18,1,-2.263,-78.720,2.773
2012-05-09-15_55_05.259,7,0,18,1,-2.204,-78.721,2.873
2012-05-09-15_55_05.261,7,1,18,1,-11.230,-78.794,2.659
2012-05-09-15_55_05.263,7,1,18,1,-11.293,-78.792,2.659
2012-05-09-15_55_05.266,7,1,18,1,-11.293,-78.726,2.659
2012-05-09-15_55_05.268,7,1,18,1,-11.234,-78.726,2.659
2012-05-09-15_55_05.270,7,2,18,1,-20.216,-78.758,2.666
2012-05-09-15_55_05.272,7,2,18,1,-20.279,-78.755,2.666
2012-05-09-15_55_05.274,7,2,18,1,-20.279,-78.690,2.666
2012-05-09-15_55_05.276,7,2,18,1,-20.220,-78.690,2.666
2012-05-09-15_55_05.278,7,3,18,1,-29.231,-78.745,2.471
2012-05-09-15_55_05.280,7,3,18,1,-29.295,-78.742,2.372
2012-05-09-15_55_05.282,7,3,18,1,-29.295,-78.676,2.372
2012-05-09-15_55_05.284,7,3,18,1,-29.236,-78.676,2.372
2012-05-09-15_55_05.286,7,4,18,1,-38.259,-78.772,2.546
2012-05-09-15_55_05.288,7,4,18,1,-38.322,-78.769,2.546
2012-05-09-15_55_05.290,7,4,18,1,-38.322,-78.703,2.546
2012-05-09-15_55_05.292,7,4,18,1,-38.264,-78.704,2.546
2012-05-09-15_55_05.294,7,5,18,1,-47.218,-78.738,2.854
2012-05-09-15_55_05.296,7,5,18,1,-47.282,-78.735,2.854
2012-05-09-15_55_05.298,7,5,18,1,-47.281,-78.669,2.756
2012-05-09-15_55_05.300,7,5,18,1,-47.223,-78.669,2.756
2012-05-09-15_55_05.303,7,6,18,1,-56.243,-78.755,2.711
2012-05-09-15_55_05.305,7,6,18,1,-56.307,-78.752,2.612
2012-05-09-15_55_05.307,7,6,18,1,-56.306,-78.686,2.612
2012-05-09-15_55_05.310,7,6,18,1,-56.248,-78.687,2.711
2012-05-09-15_55_05.312,7,7,18,1,-65.272,-78.769,2.922
2012-05-09-15_55_05.314,7,7,18,1,-65.336,-78.766,2.922
2012-05-09-15_55_05.317,7,7,18,1,-65.336,-78.700,2.922
2012-05-09-15_55_05.319,7,7,18,1,-65.277,-78.701,2.922
2012-05-09-15_55_05.321,7,0,19,0,2.257,-83.281,2.887
2012-05-09-15_55_05.324,7,0,19,0,2.201,-83.282,2.787
2012-05-09-15_55_05.326,7,0,19,0,2.249,-83.299,2.887
2012-05-09-15_55_05.328,7,0,19,0,2.203,-83.222,2.787
2012-05-09-15_55_05.331,7,1,19,0,-6.773,-83.286,2.771
2012-05-09-15_55_05.333,7,1,19,0,-6.830,-83.288,2.771
2012-05-09-15_55_05.335,7,1,19,0,-6.781,-83.304,2.772
2012-05-09-15_55_05.338,7,1,19,0,-6.827,-83.228,2.673
2012-05-09-15_55_05.340,7,2,19,0,-15.759,-83.250,2.679
2012-05-09-15_55_05.342,7,2,19,0,-15.816,-83.251,2.778
2012-05-09-15_55_05.345,7,2,19,0,-15.767,-83.268,2.679
2012-05-09-15_55_05.347,7,2,19,0,-15.813,-83.192,2.778
2012-05-09-15_55_05.349,7,3,19,0,-24.775,-83.236,2.484
2012-05-09-15_55_05.352,7,3,19,0,-24.831,-83.238,2.484
2012-05-09-15_55_05.354,7,3,19,0,-24.783,-83.254,2.484
2012-05-09-15_55_05.356,7,3,19,0,-24.782,-83.187,2.484
2012-05-09-15_55_05.360,7,4,19,0,-33.803,-83.264,2.560
2012-05-09-15_55_05.362,7,4,19,0,-33.810,-83.282,2.462
2012-05-09-15_55_05.364,7,4,19,0,-33.810,-83.214,2.462
2012-05-09-15_55_05.367,7,4,19,0,-33.803,-83.207,2.462
2012-05-09-15_55_05.369,7,5,19,0,-42.762,-83.230,2.672
2012-05-09-15_55_05.371,7,5,19,0,-42.818,-83.231,2.672
2012-05-09-15_55_05.374,7,5,19,0,-42.770,-83.247,2.672
2012-05-09-15_55_05.376,7,5,19,0,-42.769,-83.180,2.672
2012-05-09-15_55_05.378,7,6,19,0,-51.787,-83.247,2.626
2012-05-09-15_55_05.381,7,6,19,0,-51.843,-83.248,2.626
2012-05-09-15_55_05.383,7,6,19,0,-51.794,-83.265,2.626
2012-05-09-15_55_05.385,7,6,19,0,-51.794,-83.197,2.626
2012-05-09-15_55_05.388,7,7,19,0,-60.816,-83.261,2.835
2012-05-09-15_55_05.390,7,7,19,0,-60.824,-83.279,2.835
2012-05-09-15_55_05.392,7,7,19,0,-60.823,-83.211,2.935
2012-05-09-15_55_05.395,7,7,19,0,-60.816,-83.204,2.835
2012-05-09-15_55_05.397,7,0,19,1,-2.201,-83.294,2.797
2012-05-09-15_55_05.399,7,0,19,1,-2.262,-83.291,2.897
2012-05-09-15_55_05.401,7,0,19,1,-2.261,-83.219,2.797
2012-05-09-15_55_05.404,7,0,19,1,-2.203,-83.220,2.897
2012-05-09-15_55_05.406,7,1,19,1,-11.231,-83.299,2.683
2012-05-09-15_55_05.409,7,1,19,1,-11.292,-83.297,2.584
2012-05-09-15_55_05.411,7,1,19,1,-11.291,-83.225,2.584
2012-05-09-15_55_05.413,7,1,19,1,-11.233,-83.225,2.683
2012-05-09-15_55_05.416,7,2,19,1,-20.217,-83.263,2.690
2012-05-09-15_55_05.418,7,2,19,1,-20.278,-83.261,2.690
2012-05-09-15_55_05.420,7,2,19,1,-20.277,-83.189,2.689
2012-05-09-15_55_05.423,7,2,19,1,-20.219,-83.189,2.689
2012-05-09-15_55_05.425,7,3,19,1,-29.232,-83.249,2.396
2012-05-09-15_55_05.427,7,3,19,1,-29.293,-83.247,2.396
2012-05-09-15_55_05.430,7,3,19,1,-29.293,-83.175,2.396
2012-05-09-15_55_05.433,7,3,19,1,-29.235,-83.176,2.396
2012-05-09-15_55_05.435,7,4,19,1,-38.260,-83.277,2.570
2012-05-09-15_55_05.437,7,4,19,1,-38.321,-83.274,2.570
2012-05-09-15_55_05.440,7,4,19,1,-38.321,-83.202,2.570
2012-05-09-15_55_05.442,7,4,19,1,-38.262,-83.203,2.570
2012-05-09-15_55_05.444,7,5,19,1,-47.219,-83.242,2.780
2012-05-09-15_55_05.446,7,5,19,1,-47.280,-83.240,2.780
2012-05-09-15_55_05.449,7,5,19,1,-47.280,-83.168,2.682
2012-05-09-15_55_05.450,7,5,19,1,-47.221,-83.169,2.780
2012-05-09-15_55_05.453,7,6,19,1,-56.244,-83.260,2.636
2012-05-09-15_55_05.455,7,6,19,1,-56.305,-83.257,2.636
2012-05-09-15_55_05.457,7,6,19,1,-56.305,-83.185,2.636
2012-05-09-15_55_05.460,7,6,19,1,-56.246,-83.186,2.636
2012-05-09-15_55_05.462,7,7,19,1,-65.273,-83.274,2.845
2012-05-09-15_55_05.464,7,7,19,1,-65.334,-83.271,2.945
2012-05-09-15_55_05.467,7,7,19,1,-65.334,-83.199,2.845
2012-05-09-15_55_05.469,7,7,19,1,-65.276,-83.200,2.845
2012-05-09-15_55_05.471,7,0,20,0,2.258,-87.783,2.806
2012-05-09-15_55_05.474,7,0,20,0,2.202,-87.784,2.806
2012-05-09-15_55_05.476,7,0,20,0,2.248,-87.800,2.907
2012-05-09-15_55_05.478,7,0,20,0,2.202,-87.722,2.806
2012-05-09-15_55_05.481,7,1,20,0,-6.772,-87.788,2.692
2012-05-09-15_55_05.483,7,1,20,0,-6.828,-87.790,2.692
2012-05-09-15_55_05.485,7,1,20,0,-6.782,-87.806,2.692
2012-05-09-15_55_05.488,7,1,20,0,-6.828,-87.727,2.594
2012-05-09-15_55_05.490,7,2,20,0,-15.758,-87.752,2.798
2012-05-09-15_55_05.492,7,2,20,0,-15.814,-87.754,2.896
2012-05-09-15_55_05.495,7,2,20,0,-15.768,-87.769,2.699
2012-05-09-15_55_05.497,7,2,20,0,-15.814,-87.691,2.896
2012-05-09-15_55_05.499,7,3,20,0,-24.774,-87.739,2.504
2012-05-09-15_55_05.502,7,3,20,0,-24.830,-87.740,2.504
2012-05-09-15_55_05.504,7,3,20,0,-24.784,-87.756,2.504
2012-05-09-15_55_05.506,7,3,20,0,-24.783,-87.684,2.504
2012-05-09-15_55_05.509,7,4,20,0,-33.801,-87.766,2.481
2012-05-09-15_55_05.511,7,4,20,0,-33.811,-87.783,2.481
2012-05-09-15_55_05.513,7,4,20,0,-33.811,-87.711,2.481
2012-05-09-15_55_05.516,7,4,20,0,-33.801,-87.706,2.481
2012-05-09-15_55_05.518,7,5,20,0,-42.761,-87.732,2.594
2012-05-09-15_55_05.520,7,5,20,0,-42.817,-87.733,2.692
2012-05-09-15_55_05.523,7,5,20,0,-42.771,-87.749,2.692
2012-05-09-15_55_05.525,7,5,20,0,-42.770,-87.677,2.594
2012-05-09-15_55_05.527,7,6,20,0,-51.786,-87.749,2.645
2012-05-09-15_55_05.530,7,6,20,0,-51.842,-87.750,2.645
2012-05-09-15_55_05.532,7,6,20,0,-51.795,-87.766,2.645
2012-05-09-15_55_05.534,7,6,20,0,-51.795,-87.695,2.645
2012-05-09-15_55_05.537,7,7,20,0,-60.815,-87.763,2.955
2012-05-09-15_55_05.539,7,7,20,0,-60.825,-87.780,2.955
2012-05-09-15_55_05.541,7,7,20,0,-60.824,-87.708,2.955
2012-05-09-15_55_05.543,7,7,20,0,-60.814,-87.703,2.855
2012-05-09-15_55_05.546,7,0,20,1,-2.199,-87.792,2.816
2012-05-09-15_55_05.548,7,0,20,1,-2.263,-87.789,2.816
2012-05-09-15_55_05.551,7,0,20,1,-2.262,-87.719,2.815
2012-05-09-15_55_05.553,7,0,20,1,-2.204,-87.719,2.815
2012-05-09-15_55_05.555,7,1,20,1,-11.229,-87.797,2.208
2012-05-09-15_55_05.557,7,1,20,1,-11.293,-87.794,2.110
2012-05-09-15_55_05.560,7,1,20,1,-11.292,-87.725,2.109
2012-05-09-15_55_05.562,7,1,20,1,-11.234,-87.724,2.109
2012-05-09-15_55_05.565,7,2,20,1,-20.215,-87.761,2.709
2012-05-09-15_55_05.567,7,2,20,1,-20.279,-87.758,2.708
2012-05-09-15_55_05.569,7,2,20,1,-20.278,-87.688,2.708
2012-05-09-15_55_05.572,7,2,20,1,-20.220,-87.688,2.708
2012-05-09-15_55_05.574,7,3,20,1,-29.231,-87.747,2.415
2012-05-09-15_55_05.576,7,3,20,1,-29.294,-87.745,2.513
2012-05-09-15_55_05.579,7,3,20,1,-29.294,-87.675,2.414
2012-05-09-15_55_05.581,7,3,20,1,-29.236,-87.674,2.414
2012-05-09-15_55_05.583,7,4,20,1,-38.259,-87.774,2.589
2012-05-09-15_55_05.586,7,4,20,1,-38.322,-87.772,2.589
2012-05-09-15_55_05.588,7,4,20,1,-38.322,-87.702,2.589
2012-05-09-15_55_05.590,7,4,20,1,-38.263,-87.702,2.589
2012-05-09-15_55_05.593,7,5,20,1,-47.218,-87.740,2.799
2012-05-09-15_55_05.596,7,5,20,1,-47.281,-87.738,2.701
2012-05-09-15_55_05.598,7,5,20,1,-47.281,-87.668,2.701
2012-05-09-15_55_05.601,7,5,20,1,-47.222,-87.667,2.701
2012-05-09-15_55_05.603,7,6,20,1,-56.243,-87.758,2.655
2012-05-09-15_55_05.605,7,6,20,1,-56.306,-87.755,2.655
2012-05-09-15_55_05.608,7,6,20,1,-56.306,-87.685,2.655
2012-05-09-15_55_05.610,7,6,20,1,-56.247,-87.685,2.655
2012-05-09-15_55_05.612,7,7,20,1,-65.272,-87.772,2.964
2012-05-09-15_55_05.615,7,7,20,1,-65.335,-87.769,2.964
2012-05-09-15_55_05.617,7,7,20,1,-65.335,-87.699,2.964
2012-05-09-15_55_05.620,7,7,20,1,-65.276,-87.699,2.864
2012-05-09-15_55_05.622,7,0,21,0,2.255,-92.284,2.929
2012-05-09-15_55_05.624,7,0,21,0,2.201,-92.286,2.828
2012-05-09-15_55_05.627,7,0,21,0,2.245,-92.298,2.828
2012-05-09-15_55_05.629,7,0,21,0,2.201,-92.217,2.828
2012-05-09-15_55_05.631,7,1,21,0,-6.775,-92.289,2.714
2012-05-09-15_55_05.634,7,1,21,0,-6.829,-92.291,2.714
2012-05-09-15_55_05.636,7,1,21,0,-6.785,-92.304,2.714
2012-05-09-15_55_05.638,7,1,21,0,-6.829,-92.222,2.616
2012-05-09-15_55_05.641,7,2,21,0,-15.761,-92.253,2.721
2012-05-09-15_55_05.643,7,2,21,0,-15.815,-92.255,2.721
2012-05-09-15_55_05.645,7,2,21,0,-15.771,-92.268,2.622
2012-05-09-15_55_05.648,7,2,21,0,-15.815,-92.186,2.721
2012-05-09-15_55_05.650,7,3,21,0,-24.777,-92.240,2.526
2012-05-09-15_55_05.652,7,3,21,0,-24.831,-92.241,2.526
2012-05-09-15_55_05.655,7,3,21,0,-24.787,-92.254,2.526
2012-05-09-15_55_05.657,7,3,21,0,-24.787,-92.178,2.526
2012-05-09-15_55_05.659,7,4,21,0,-33.805,-92.267,2.503
2012-05-09-15_55_05.662,7,4,21,0,-33.815,-92.281,2.503
2012-05-09-15_55_05.664,7,4,21,0,-33.814,-92.206,2.503
2012-05-09-15_55_05.666,7,4,21,0,-33.802,-92.200,2.503
2012-05-09-15_55_05.669,7,5,21,0,-42.764,-92.233,2.615
2012-05-09-15_55_05.671,7,5,21,0,-42.818,-92.234,2.615
2012-05-09-15_55_05.673,7,5,21,0,-42.774,-92.247,2.714
2012-05-09-15_55_05.676,7,5,21,0,-42.774,-92.171,2.615
2012-05-09-15_55_05.678,7,6,21,0,-51.789,-92.250,2.569
2012-05-09-15_55_05.680,7,6,21,0,-51.843,-92.252,2.569
2012-05-09-15_55_05.683,7,6,21,0,-51.799,-92.264,2.569
2012-05-09-15_55_05.687,7,6,21,0,-51.799,-92.189,2.569
2012-05-09-15_55_05.689,7,7,21,0,-60.818,-92.264,2.877
2012-05-09-15_55_05.691,7,7,21,0,-60.828,-92.278,2.877
2012-05-09-15_55_05.693,7,7,21,0,-60.828,-92.203,2.977
2012-05-09-15_55_05.696,7,7,21,0,-60.815,-92.197,2.877
2012-05-09-15_55_05.698,7,0,21,1,-2.198,-92.289,2.841
2012-05-09-15_55_05.701,7,0,21,1,-2.261,-92.286,2.841
2012-05-09-15_55_05.703,7,0,21,1,-2.263,-92.219,2.840
2012-05-09-15_55_05.705,7,0,21,1,-2.202,-92.229,2.840
2012-05-09-15_55_05.708,7,1,21,1,-11.228,-92.294,2.825
2012-05-09-15_55_05.710,7,1,21,1,-11.291,-92.292,2.924
2012-05-09-15_55_05.712,7,1,21,1,-11.293,-92.224,2.825
2012-05-09-15_55_05.715,7,1,21,1,-11.232,-92.235,2.825
2012-05-09-15_55_05.717,7,2,21,1,-20.214,-92.258,2.733
2012-05-09-15_55_05.720,7,2,21,1,-20.277,-92.256,2.635
2012-05-09-15_55_05.722,7,2,21,1,-20.279,-92.188,2.733
2012-05-09-15_55_05.724,7,2,21,1,-20.218,-92.199,2.733
2012-05-09-15_55_05.727,7,3,21,1,-29.230,-92.244,2.440
2012-05-09-15_55_05.729,7,3,21,1,-29.293,-92.242,2.440
2012-05-09-15_55_05.731,7,3,21,1,-29.295,-92.174,2.439
2012-05-09-15_55_05.734,7,3,21,1,-29.234,-92.185,2.439
2012-05-09-15_55_05.736,7,4,21,1,-38.257,-92.272,2.614
2012-05-09-15_55_05.738,7,4,21,1,-38.321,-92.269,2.516
2012-05-09-15_55_05.741,7,4,21,1,-38.323,-92.201,2.515
2012-05-09-15_55_05.743,7,4,21,1,-38.262,-92.212,2.515
2012-05-09-15_55_05.745,7,5,21,1,-47.216,-92.237,2.824
2012-05-09-15_55_05.748,7,5,21,1,-47.280,-92.235,2.922
2012-05-09-15_55_05.750,7,5,21,1,-47.282,-92.167,2.824
2012-05-09-15_55_05.752,7,5,21,1,-47.221,-92.178,2.824
2012-05-09-15_55_05.755,7,6,21,1,-56.241,-92.255,2.581
2012-05-09-15_55_05.757,7,6,21,1,-56.305,-92.252,2.581
2012-05-09-15_55_05.759,7,6,21,1,-56.307,-92.185,2.581
2012-05-09-15_55_05.762,7,6,21,1,-56.246,-92.195,2.581
2012-05-09-15_55_05.764,7,7,21,1,-65.270,-92.269,2.989
2012-05-09-15_55_05.766,7,7,21,1,-65.334,-92.266,2.989
2012-05-09-15_55_05.769,7,7,21,1,-65.275,-92.209,2.989
2012-05-09-15_55_05.771,7,7,21,1,-65.275,-92.198,2.989
2012-05-09-15_55_05.773,7,0,22,0,2.254,-96.783,2.852
2012-05-09-15_55_05.776,7,0,22,0,2.200,-96.784,2.853
2012-05-09-15_55_05.778,7,0,22,0,2.244,-96.794,2.752
2012-05-09-15_55_05.780,7,0,22,0,2.198,-96.719,2.752
2012-05-09-15_55_05.783,7,1,22,0,-6.776,-96.788,2.739
2012-05-09-15_55_05.785,7,1,22,0,-6.830,-96.790,2.739
2012-05-09-15_55_05.788,7,1,22,0,-6.786,-96.799,2.739
2012-05-09-15_55_05.790,7,1,22,0,-6.832,-96.724,2.640
2012-05-09-15_55_05.792,7,2,22,0,-15.762,-96.752,2.548
2012-05-09-15_55_05.794,7,2,22,0,-15.816,-96.754,2.745
2012-05-09-15_55_05.797,7,2,22,0,-15.772,-96.763,2.647
2012-05-09-15_55_05.799,7,2,22,0,-15.818,-96.688,2.745
2012-05-09-15_55_05.801,7,3,22,0,-24.778,-96.739,2.550
2012-05-09-15_55_05.804,7,3,22,0,-24.832,-96.740,2.550
2012-05-09-15_55_05.806,7,3,22,0,-24.788,-96.749,2.550
2012-05-09-15_55_05.808,7,3,22,0,-24.788,-96.682,2.452
2012-05-09-15_55_05.811,7,4,22,0,-33.806,-96.766,2.527
2012-05-09-15_55_05.813,7,4,22,0,-33.816,-96.777,2.528
2012-05-09-15_55_05.815,7,4,22,0,-33.815,-96.709,2.430
2012-05-09-15_55_05.818,7,4,22,0,-33.806,-96.702,2.528
2012-05-09-15_55_05.820,7,5,22,0,-42.765,-96.732,2.640
2012-05-09-15_55_05.822,7,5,22,0,-42.819,-96.733,2.640
2012-05-09-15_55_05.825,7,5,22,0,-42.775,-96.743,2.640
2012-05-09-15_55_05.827,7,5,22,0,-42.775,-96.675,2.640
2012-05-09-15_55_05.829,7,6,22,0,-51.790,-96.749,2.593
2012-05-09-15_55_05.832,7,6,22,0,-51.844,-96.750,2.593
2012-05-09-15_55_05.835,7,6,22,0,-51.800,-96.760,2.593
2012-05-09-15_55_05.837,7,6,22,0,-51.800,-96.692,2.494
2012-05-09-15_55_05.840,7,7,22,0,-60.819,-96.763,2.901
2012-05-09-15_55_05.842,7,7,22,0,-60.829,-96.774,2.901
2012-05-09-15_55_05.844,7,7,22,0,-60.829,-96.706,6.403
2012-05-09-15_55_05.847,7,7,22,0,-60.819,-96.699,4.202
2012-05-09-15_55_05.849,7,0,22,1,-2.196,-96.787,2.860
2012-05-09-15_55_05.851,7,0,22,1,-2.262,-96.785,2.860
2012-05-09-15_55_05.854,7,0,22,1,-2.262,-96.725,2.860
2012-05-09-15_55_05.856,7,0,22,1,-2.201,-96.725,2.860
2012-05-09-15_55_05.858,7,1,22,1,-11.226,-96.792,2.845
2012-05-09-15_55_05.861,7,1,22,1,-11.292,-96.790,2.845
2012-05-09-15_55_05.863,7,1,22,1,-11.292,-96.730,2.845
2012-05-09-15_55_05.865,7,1,22,1,-11.231,-96.730,2.845
2012-05-09-15_55_05.868,7,2,22,1,-20.212,-96.756,2.654
2012-05-09-15_55_05.870,7,2,22,1,-20.278,-96.754,2.753
2012-05-09-15_55_05.872,7,2,22,1,-20.278,-96.694,2.753
2012-05-09-15_55_05.875,7,2,22,1,-20.217,-96.694,2.654
2012-05-09-15_55_05.877,7,3,22,1,-29.228,-96.743,2.459
2012-05-09-15_55_05.879,7,3,22,1,-29.294,-96.740,2.459
2012-05-09-15_55_05.882,7,3,22,1,-29.294,-96.681,2.459
2012-05-09-15_55_05.884,7,3,22,1,-29.233,-96.680,2.459
2012-05-09-15_55_05.887,7,4,22,1,-38.256,-96.770,2.535
2012-05-09-15_55_05.889,7,4,22,1,-38.322,-96.768,2.535
2012-05-09-15_55_05.891,7,4,22,1,-38.321,-96.708,2.535
2012-05-09-15_55_05.894,7,4,22,1,-38.260,-96.708,2.535
2012-05-09-15_55_05.896,7,5,22,1,-47.215,-96.736,2.843
2012-05-09-15_55_05.898,7,5,22,1,-47.281,-96.733,2.745
2012-05-09-15_55_05.900,7,5,22,1,-47.281,-96.674,2.745
2012-05-09-15_55_05.903,7,5,22,1,-47.220,-96.673,2.745
2012-05-09-15_55_05.905,7,6,22,1,-56.240,-96.753,2.600
2012-05-09-15_55_05.907,7,6,22,1,-56.306,-96.751,2.600
2012-05-09-15_55_05.910,7,6,22,1,-56.305,-96.691,2.600
2012-05-09-15_55_05.912,7,6,22,1,-56.244,-96.691,2.600
2012-05-09-15_55_05.915,7,7,22,1,-65.269,-96.767,2.909
2012-05-09-15_55_05.917,7,7,22,1,-65.335,-96.765,3.009
2012-05-09-15_55_05.919,7,7,22,1,-65.335,-96.705,2.909
2012-05-09-15_55_05.922,7,7,22,1,-65.274,-96.705,2.909
2012-05-09-15_55_05.924,7,0,23,0,2.253,-101.279,2.671
2012-05-09-15_55_05.939,7,0,23,0,2.199,-101.280,2.570
2012-05-09-15_55_05.941,7,0,23,0,2.243,-101.292,2.671
2012-05-09-15_55_05.943,7,0,23,0,2.199,-101.220,2.671
2012-05-09-15_55_05.945,7,1,23,0,-6.777,-101.284,2.758
2012-05-09-15_55_05.948,7,1,23,0,-6.831,-101.285,2.659
2012-05-09-15_55_05.950,7,1,23,0,-6.787,-101.298,2.659
2012-05-09-15_55_05.953,7,1,23,0,-6.831,-101.225,2.659
2012-05-09-15_55_05.955,7,2,23,0,-15.763,-101.248,2.567
2012-05-09-15_55_05.957,7,2,23,0,-15.817,-101.249,2.468
2012-05-09-15_55_05.960,7,2,23,0,-15.773,-101.262,2.468
2012-05-09-15_55_05.963,7,2,23,0,-15.817,-101.189,2.666
2012-05-09-15_55_05.965,7,3,23,0,-24.779,-101.234,2.470
2012-05-09-15_55_05.968,7,3,23,0,-24.833,-101.236,2.470
2012-05-09-15_55_05.970,7,3,23,0,-24.789,-101.248,2.471
2012-05-09-15_55_05.972,7,3,23,0,-24.789,-101.184,2.471
2012-05-09-15_55_05.975,7,4,23,0,-33.807,-101.262,2.448
2012-05-09-15_55_05.977,7,4,23,0,-33.817,-101.275,2.449
2012-05-09-15_55_05.979,7,4,23,0,-33.816,-101.211,2.449
2012-05-09-15_55_05.982,7,4,23,0,-33.804,-101.213,2.449
2012-05-09-15_55_05.984,7,5,23,0,-42.766,-101.227,2.561
2012-05-09-15_55_05.986,7,5,23,0,-42.820,-101.229,2.561
2012-05-09-15_55_05.989,7,5,23,0,-42.776,-101.241,2.561
2012-05-09-15_55_05.991,7,5,23,0,-42.776,-101.177,2.561
2012-05-09-15_55_05.993,7,6,23,0,-51.791,-101.245,2.513
2012-05-09-15_55_05.996,7,6,23,0,-51.845,-101.246,2.513
2012-05-09-15_55_05.998,7,6,23,0,-51.801,-101.258,2.513
2012-05-09-15_55_06.000,7,6,23,0,-51.801,-101.194,2.513
2012-05-09-15_55_06.003,7,7,23,0,-60.820,-101.259,5.221
2012-05-09-15_55_06.005,7,7,23,0,-60.830,-101.272,4.121
2012-05-09-15_55_06.008,7,0,23,1,-2.180,-101.279,2.872
2012-05-09-15_55_06.010,7,0,23,1,-2.256,-101.277,2.872
2012-05-09-15_55_06.012,7,0,23,1,-2.260,-101.222,2.771
2012-05-09-15_55_06.015,7,0,23,1,-2.199,-101.223,2.771
2012-05-09-15_55_06.017,7,1,23,1,-11.210,-101.284,2.758
2012-05-09-15_55_06.019,7,1,23,1,-11.286,-101.282,2.758
2012-05-09-15_55_06.022,7,1,23,1,-11.290,-101.227,2.758
2012-05-09-15_55_06.024,7,1,23,1,-11.229,-101.228,2.758
2012-05-09-15_55_06.026,7,2,23,1,-20.196,-101.248,2.666
2012-05-09-15_55_06.029,7,2,23,1,-20.272,-101.246,2.666
2012-05-09-15_55_06.031,7,2,23,1,-20.276,-101.191,2.666
2012-05-09-15_55_06.034,7,2,23,1,-20.215,-101.192,2.666
2012-05-09-15_55_06.036,7,3,23,1,-29.212,-101.234,2.372
2012-05-09-15_55_06.038,7,3,23,1,-29.288,-101.233,2.372
2012-05-09-15_55_06.041,7,3,23,1,-29.292,-101.178,2.372
2012-05-09-15_55_06.043,7,3,23,1,-29.231,-101.178,2.372
2012-05-09-15_55_06.045,7,4,23,1,-38.239,-101.262,2.547
2012-05-09-15_55_06.048,7,4,23,1,-38.315,-101.260,2.547
2012-05-09-15_55_06.050,7,4,23,1,-38.320,-101.205,2.449
2012-05-09-15_55_06.052,7,4,23,1,-38.259,-101.205,2.547
2012-05-09-15_55_06.055,7,5,23,1,-47.199,-101.228,2.757
2012-05-09-15_55_06.057,7,5,23,1,-47.275,-101.226,2.659
2012-05-09-15_55_06.059,7,5,23,1,-47.279,-101.171,2.659
2012-05-09-15_55_06.062,7,5,23,1,-47.218,-101.171,2.757
2012-05-09-15_55_06.064,7,6,23,1,-56.224,-101.245,2.612
2012-05-09-15_55_06.066,7,6,23,1,-56.299,-101.243,2.612
2012-05-09-15_55_06.069,7,6,23,1,-56.304,-101.188,2.612
2012-05-09-15_55_06.071,7,6,23,1,-56.243,-101.189,2.612
2012-05-09-15_55_06.073,7,7,23,1,-65.253,-101.259,2.920
2012-05-09-15_55_06.076,7,7,23,1,-65.329,-101.257,2.920
2012-05-09-15_55_06.078,7,7,23,1,-65.333,-101.202,2.920
2012-05-09-15_55_06.080,7,7,23,1,-65.272,-101.203,2.920
