2012-05-05-06_48_57.585,258,0,0,0,2.256,2.216,1.565
2012-05-05-06_48_57.587,258,0,0,0,2.293,2.304,1.565
2012-05-05-06_48_57.589,258,0,0,0,2.195,2.246,1.465
2012-05-05-06_48_57.623,258,1,0,0,-6.755,2.207,2.065
2012-05-05-06_48_57.625,258,1,0,0,-6.830,2.233,2.065
2012-05-05-06_48_57.626,258,1,0,0,-6.774,2.285,2.065
2012-05-05-06_48_57.640,258,2,0,0,-15.709,2.286,1.765
2012-05-05-06_48_57.681,258,2,0,0,-15.770,2.316,1.765
2012-05-05-06_48_57.683,258,2,0,0,-15.713,2.361,1.665
2012-05-05-06_48_57.685,258,3,0,0,-24.731,2.204,2.565
2012-05-05-06_48_57.688,258,3,0,0,-24.694,2.292,2.565
2012-05-05-06_48_57.690,258,3,0,0,-24.792,2.234,2.565
2012-05-05-06_48_57.692,258,4,0,0,-33.728,2.202,1.665
2012-05-05-06_48_57.693,258,4,0,0,-33.690,2.290,1.665
2012-05-05-06_48_57.696,258,4,0,0,-33.788,2.232,1.665
2012-05-05-06_48_57.698,258,5,0,0,-42.734,2.204,1.865
2012-05-05-06_48_57.700,258,5,0,0,-42.683,2.165,1.865
2012-05-05-06_48_57.702,258,5,0,0,-42.776,2.191,1.865
2012-05-05-06_48_57.705,258,6,0,0,-51.773,2.142,1.465
2012-05-05-06_48_57.707,258,6,0,0,-51.736,2.229,1.365
2012-05-05-06_48_57.708,258,6,0,0,-51.834,2.171,1.365
2012-05-05-06_48_57.710,258,7,0,0,-60.668,2.205,3.265
2012-05-05-06_48_57.711,258,7,0,0,-60.729,2.235,3.265
2012-05-05-06_48_57.712,258,7,0,0,-60.672,2.280,2.465
2012-05-05-06_48_57.712,258,0,0,1,-2.192,2.209,2.265
2012-05-05-06_48_57.713,258,0,0,1,-2.164,2.304,2.165
2012-05-05-06_48_57.714,258,0,0,1,-2.257,2.232,2.165
2012-05-05-06_48_57.715,258,1,0,1,-11.205,2.206,2.265
2012-05-05-06_48_57.716,258,1,0,1,-11.339,2.272,2.365
2012-05-05-06_48_57.717,258,1,0,1,-11.229,2.286,2.265
2012-05-05-06_48_57.717,258,2,0,1,-20.157,2.279,1.765
2012-05-05-06_48_57.718,258,2,0,1,-20.222,2.302,1.765
2012-05-05-06_48_57.721,258,2,0,1,-20.230,2.302,1.765
2012-05-05-06_48_57.721,258,3,0,1,-29.179,2.197,2.865
2012-05-05-06_48_57.722,258,3,0,1,-29.151,2.292,2.865
2012-05-05-06_48_57.723,258,3,0,1,-29.244,2.220,2.865
2012-05-05-06_48_57.723,258,4,0,1,-38.175,2.195,2.465
2012-05-05-06_48_57.724,258,4,0,1,-38.148,2.290,2.465
2012-05-05-06_48_57.725,258,4,0,1,-38.241,2.218,2.365
2012-05-05-06_48_57.726,258,5,0,1,-47.191,2.204,0.965
2012-05-05-06_48_57.727,258,5,0,1,-47.274,2.226,0.965
2012-05-05-06_48_57.728,258,5,0,1,-47.245,2.203,0.965
2012-05-05-06_48_57.728,258,6,0,1,-56.221,2.135,2.065
2012-05-05-06_48_57.730,258,6,0,1,-56.193,2.230,1.965
2012-05-05-06_48_57.730,258,6,0,1,-56.286,2.157,2.065
2012-05-05-06_48_57.731,258,7,0,1,-65.181,2.221,1.665
2012-05-05-06_48_57.732,258,7,0,1,-65.188,2.221,1.765
2012-05-05-06_48_57.732,258,7,0,1,-65.171,2.315,1.765
2012-05-05-06_48_57.733,258,0,1,0,2.270,-2.283,1.778
2012-05-05-06_48_57.734,258,0,1,0,2.298,-2.190,1.778
2012-05-05-06_48_57.734,258,0,1,0,2.197,-2.258,1.778
2012-05-05-06_48_57.735,258,1,1,0,-6.750,-2.295,1.378
2012-05-05-06_48_57.736,258,1,1,0,-6.831,-2.268,1.478
2012-05-05-06_48_57.736,258,1,1,0,-6.772,-2.209,1.478
2012-05-05-06_48_57.737,258,2,1,0,-15.695,-2.213,0.978
2012-05-05-06_48_57.738,258,2,1,0,-15.768,-2.188,0.978
2012-05-05-06_48_57.739,258,2,1,0,-15.746,-2.197,0.978
2012-05-05-06_48_57.739,258,3,1,0,-24.717,-2.295,1.178
2012-05-05-06_48_57.740,258,3,1,0,-24.689,-2.202,1.178
2012-05-05-06_48_57.741,258,3,1,0,-24.790,-2.270,1.178
2012-05-05-06_48_57.742,258,4,1,0,-33.713,-2.297,0.478
2012-05-05-06_48_57.743,258,4,1,0,-33.686,-2.204,0.478
2012-05-05-06_48_57.744,258,4,1,0,-33.786,-2.272,0.378
2012-05-05-06_48_57.745,258,5,1,0,-42.730,-2.290,1.178
2012-05-05-06_48_57.746,258,5,1,0,-42.684,-2.336,1.178
2012-05-05-06_48_57.746,258,5,1,0,-42.776,-2.303,1.078
2012-05-05-06_48_57.747,258,6,1,0,-51.759,-2.358,0.778
2012-05-05-06_48_57.748,258,6,1,0,-51.731,-2.264,0.778
2012-05-05-06_48_57.748,258,6,1,0,-51.832,-2.333,0.778
2012-05-05-06_48_57.749,258,7,1,0,-60.654,-2.294,1.578
2012-05-05-06_48_57.750,258,7,1,0,-60.727,-2.269,1.578
2012-05-05-06_48_57.750,258,7,1,0,-60.672,-2.214,1.578
2012-05-05-06_48_57.751,258,0,1,1,-2.192,-2.289,0.988
2012-05-05-06_48_57.752,258,0,1,1,-2.167,-2.189,0.888
2012-05-05-06_48_57.752,258,0,1,1,-2.263,-2.271,0.888
2012-05-05-06_48_57.753,258,1,1,1,-11.203,-2.295,1.088
2012-05-05-06_48_57.754,258,1,1,1,-11.341,-2.221,1.188
2012-05-05-06_48_57.755,258,1,1,1,-11.229,-2.209,1.188
2012-05-05-06_48_57.756,258,2,1,1,-20.157,-2.219,0.688
2012-05-05-06_48_57.756,258,2,1,1,-20.228,-2.201,0.688
2012-05-05-06_48_57.757,258,2,1,1,-20.232,-2.200,0.588
2012-05-05-06_48_57.757,258,3,1,1,-29.179,-2.301,0.988
2012-05-05-06_48_57.758,258,3,1,1,-29.154,-2.201,0.888
2012-05-05-06_48_57.759,258,3,1,1,-29.250,-2.283,0.988
2012-05-05-06_48_57.760,258,4,1,1,-38.176,-2.303,0.688
2012-05-05-06_48_57.760,258,4,1,1,-38.150,-2.203,0.688
2012-05-05-06_48_57.761,258,4,1,1,-38.246,-2.285,0.688
2012-05-05-06_48_57.762,258,5,1,1,-47.194,-2.289,0.988
2012-05-05-06_48_57.763,258,5,1,1,-47.277,-2.270,0.988
2012-05-05-06_48_57.764,258,5,1,1,-47.248,-2.292,0.988
2012-05-05-06_48_57.764,258,6,1,1,-56.221,-2.363,0.988
2012-05-05-06_48_57.765,258,6,1,1,-56.196,-2.264,0.888
2012-05-05-06_48_57.766,258,6,1,1,-56.292,-2.345,0.988
2012-05-05-06_48_57.767,258,7,1,1,-65.186,-2.282,1.488
2012-05-05-06_48_57.768,258,7,1,1,-65.191,-2.281,1.488
2012-05-05-06_48_57.769,258,7,1,1,-65.173,-2.180,1.688
2012-05-05-06_48_57.769,258,0,2,0,2.260,-6.780,1.802
2012-05-05-06_48_57.770,258,0,2,0,2.295,-6.689,1.802
2012-05-05-06_48_57.771,258,0,2,0,2.197,-6.759,1.802
2012-05-05-06_48_57.771,258,1,2,0,-6.748,-6.793,1.602
2012-05-05-06_48_57.772,258,1,2,0,-6.829,-6.773,1.602
2012-05-05-06_48_57.773,258,1,2,0,-6.770,-6.706,1.602
2012-05-05-06_48_57.774,258,2,2,0,-15.705,-6.710,0.902
2012-05-05-06_48_57.774,258,2,2,0,-15.768,-6.689,0.902
2012-05-05-06_48_57.775,258,2,2,0,-15.712,-6.637,0.902
2012-05-05-06_48_57.776,258,3,2,0,-24.727,-6.792,1.402
2012-05-05-06_48_57.777,258,3,2,0,-24.692,-6.701,1.402
2012-05-05-06_48_57.778,258,3,2,0,-24.790,-6.771,1.402
2012-05-05-06_48_57.778,258,4,2,0,-33.724,-6.794,0.702
2012-05-05-06_48_57.779,258,4,2,0,-33.689,-6.703,0.702
2012-05-05-06_48_57.780,258,4,2,0,-33.787,-6.773,0.702
2012-05-05-06_48_57.780,258,5,2,0,-42.733,-6.789,0.902
2012-05-05-06_48_57.781,258,5,2,0,-42.682,-6.841,1.002
2012-05-05-06_48_57.781,258,5,2,0,-42.774,-6.807,0.902
2012-05-05-06_48_57.782,258,6,2,0,-51.769,-6.855,1.002
2012-05-05-06_48_57.783,258,6,2,0,-51.734,-6.764,1.102
2012-05-05-06_48_57.784,258,6,2,0,-51.832,-6.834,1.002
2012-05-05-06_48_57.784,258,7,2,0,-60.664,-6.791,1.702
2012-05-05-06_48_57.785,258,7,2,0,-60.727,-6.770,1.602
2012-05-05-06_48_57.786,258,7,2,0,-60.671,-6.718,1.602
2012-05-05-06_48_57.787,258,0,2,1,-2.190,-6.786,1.710
2012-05-05-06_48_57.788,258,0,2,1,-2.162,-6.689,1.710
2012-05-05-06_48_57.788,258,0,2,1,-2.263,-6.769,1.710
2012-05-05-06_48_57.789,258,1,2,1,-11.203,-6.793,1.610
2012-05-05-06_48_57.790,258,1,2,1,-11.337,-6.721,1.610
2012-05-05-06_48_57.791,258,1,2,1,-11.227,-6.706,1.610
2012-05-05-06_48_57.792,258,2,2,1,-20.155,-6.716,0.910
2012-05-05-06_48_57.792,258,2,2,1,-20.228,-6.699,0.910
2012-05-05-06_48_57.793,258,2,2,1,-20.235,-6.697,0.910
2012-05-05-06_48_57.794,258,3,2,1,-29.177,-6.798,1.110
2012-05-05-06_48_57.795,258,3,2,1,-29.149,-6.701,1.110
2012-05-05-06_48_57.796,258,3,2,1,-29.250,-6.781,1.110
2012-05-05-06_48_57.796,258,4,2,1,-38.173,-6.800,0.710
2012-05-05-06_48_57.798,258,4,2,1,-38.146,-6.703,0.710
2012-05-05-06_48_57.799,258,4,2,1,-38.247,-6.783,0.710
2012-05-05-06_48_57.800,258,5,2,1,-47.190,-6.789,0.910
2012-05-05-06_48_57.801,258,5,2,1,-47.277,-6.767,0.910
2012-05-05-06_48_57.802,258,5,2,1,-47.248,-6.791,0.910
2012-05-05-06_48_57.802,258,6,2,1,-56.219,-6.861,1.010
2012-05-05-06_48_57.803,258,6,2,1,-56.191,-6.763,1.110
2012-05-05-06_48_57.804,258,6,2,1,-56.292,-6.844,1.110
2012-05-05-06_48_57.805,258,7,2,1,-65.187,-6.780,1.510
2012-05-05-06_48_57.806,258,7,2,1,-65.194,-6.778,1.510
2012-05-05-06_48_57.807,258,7,2,1,-65.174,-6.678,1.610
2012-05-05-06_48_57.807,258,0,3,0,2.269,-11.278,1.920
2012-05-05-06_48_57.808,258,0,3,0,2.294,-11.191,1.920
2012-05-05-06_48_57.809,258,0,3,0,2.194,-11.255,1.920
2012-05-05-06_48_57.810,258,1,3,0,-6.746,-11.289,1.720
2012-05-05-06_48_57.810,258,1,3,0,-6.829,-11.270,1.720
2012-05-05-06_48_57.811,258,1,3,0,-6.768,-11.205,1.720
2012-05-05-06_48_57.812,258,2,3,0,-15.696,-11.208,1.020
2012-05-05-06_48_57.813,258,2,3,0,-15.771,-11.185,1.020
2012-05-05-06_48_57.813,258,2,3,0,-15.715,-11.141,1.020
2012-05-05-06_48_57.814,258,3,3,0,-24.718,-11.290,1.520
2012-05-05-06_48_57.815,258,3,3,0,-24.693,-11.203,1.420
2012-05-05-06_48_57.816,258,3,3,0,-24.793,-11.267,1.520
2012-05-05-06_48_57.816,258,4,3,0,-33.714,-11.292,0.720
2012-05-05-06_48_57.817,258,4,3,0,-33.689,-11.205,0.720
2012-05-05-06_48_57.818,258,4,3,0,-33.790,-11.269,0.720
2012-05-05-06_48_57.819,258,5,3,0,-42.733,-11.291,0.920
2012-05-05-06_48_57.820,258,5,3,0,-42.682,-11.338,1.020
2012-05-05-06_48_57.820,258,5,3,0,-42.777,-11.311,1.020
2012-05-05-06_48_57.822,258,6,3,0,-51.760,-11.353,1.020
2012-05-05-06_48_57.823,258,6,3,0,-51.735,-11.265,1.020
2012-05-05-06_48_57.824,258,6,3,0,-51.835,-11.329,1.020
2012-05-05-06_48_57.825,258,7,3,0,-60.654,-11.289,1.720
2012-05-05-06_48_57.826,258,7,3,0,-60.730,-11.266,1.720
2012-05-05-06_48_57.827,258,7,3,0,-60.673,-11.222,1.720
2012-05-05-06_48_57.828,258,0,3,1,-2.186,-11.288,1.928
2012-05-05-06_48_57.828,258,0,3,1,-2.163,-11.191,1.928
2012-05-05-06_48_57.829,258,0,3,1,-2.263,-11.265,1.927
2012-05-05-06_48_57.829,258,1,3,1,-11.204,-11.289,1.728
2012-05-05-06_48_57.830,258,1,3,1,-11.337,-11.222,1.628
2012-05-05-06_48_57.831,258,1,3,1,-11.225,-11.205,1.727
2012-05-05-06_48_57.832,258,2,3,1,-20.150,-11.218,1.028
2012-05-05-06_48_57.832,258,2,3,1,-20.228,-11.195,1.027
2012-05-05-06_48_57.833,258,2,3,1,-20.236,-11.194,1.027
2012-05-05-06_48_57.834,258,3,3,1,-29.172,-11.300,1.228
2012-05-05-06_48_57.834,258,3,3,1,-29.150,-11.203,1.228
2012-05-05-06_48_57.835,258,3,3,1,-29.250,-11.277,1.227
2012-05-05-06_48_57.836,258,4,3,1,-38.169,-11.302,0.728
2012-05-05-06_48_57.837,258,4,3,1,-38.146,-11.205,0.728
2012-05-05-06_48_57.837,258,4,3,1,-38.247,-11.279,0.827
2012-05-05-06_48_57.838,258,5,3,1,-47.190,-11.291,1.028
2012-05-05-06_48_57.839,258,5,3,1,-47.278,-11.266,1.027
2012-05-05-06_48_57.839,258,5,3,1,-47.246,-11.292,1.027
2012-05-05-06_48_57.840,258,6,3,1,-56.215,-11.363,1.128
2012-05-05-06_48_57.841,258,6,3,1,-56.192,-11.265,1.128
2012-05-05-06_48_57.842,258,6,3,1,-56.292,-11.339,1.127
2012-05-05-06_48_57.843,258,7,3,1,-65.187,-11.276,1.527
2012-05-05-06_48_57.843,258,7,3,1,-65.194,-11.275,1.527
2012-05-05-06_48_57.844,258,7,3,1,-65.174,-11.176,1.727
2012-05-05-06_48_57.845,258,0,4,0,2.269,-15.782,2.039
2012-05-05-06_48_57.845,258,0,4,0,2.294,-15.697,2.039
2012-05-05-06_48_57.846,258,0,4,0,2.193,-15.753,2.039
2012-05-05-06_48_57.847,258,1,4,0,-6.742,-15.791,1.739
2012-05-05-06_48_57.848,258,1,4,0,-6.827,-15.769,1.739
2012-05-05-06_48_57.848,258,1,4,0,-6.766,-15.712,1.839
2012-05-05-06_48_57.849,258,2,4,0,-15.696,-15.712,1.139
2012-05-05-06_48_57.850,258,2,4,0,-15.772,-15.683,1.139
2012-05-05-06_48_57.851,258,2,4,0,-15.715,-15.642,1.139
2012-05-05-06_48_57.852,258,3,4,0,-24.718,-15.794,1.539
2012-05-05-06_48_57.853,258,3,4,0,-24.693,-15.709,1.539
2012-05-05-06_48_57.854,258,3,4,0,-24.794,-15.766,1.539
2012-05-05-06_48_57.854,258,4,4,0,-33.715,-15.796,0.739
2012-05-05-06_48_57.855,258,4,4,0,-33.690,-15.711,0.739
2012-05-05-06_48_57.856,258,4,4,0,-33.790,-15.767,0.739
2012-05-05-06_48_57.856,258,5,4,0,-42.733,-15.796,1.039
2012-05-05-06_48_57.857,258,5,4,0,-42.680,-15.837,1.039
2012-05-05-06_48_57.858,258,5,4,0,-42.777,-15.812,1.039
2012-05-05-06_48_57.859,258,6,4,0,-51.760,-15.857,1.039
2012-05-05-06_48_57.859,258,6,4,0,-51.735,-15.771,1.039
2012-05-05-06_48_57.860,258,6,4,0,-51.836,-15.828,1.039
2012-05-05-06_48_57.861,258,7,4,0,-60.655,-15.793,1.839
2012-05-05-06_48_57.862,258,7,4,0,-60.730,-15.764,1.839
2012-05-05-06_48_57.863,258,7,4,0,-60.674,-15.723,1.739
2012-05-05-06_48_57.864,258,0,4,1,-2.186,-15.793,2.051
2012-05-05-06_48_57.865,258,0,4,1,-2.158,-15.697,1.950
2012-05-05-06_48_57.865,258,0,4,1,-2.266,-15.765,1.950
2012-05-05-06_48_57.866,258,1,4,1,-11.206,-15.791,1.750
2012-05-05-06_48_57.867,258,1,4,1,-11.333,-15.728,1.750
2012-05-05-06_48_57.868,258,1,4,1,-11.225,-15.711,1.750
2012-05-05-06_48_57.869,258,2,4,1,-20.151,-15.723,1.151
2012-05-05-06_48_57.870,258,2,4,1,-20.231,-15.695,1.150
2012-05-05-06_48_57.870,258,2,4,1,-20.236,-15.695,1.150
2012-05-05-06_48_57.871,258,3,4,1,-29.173,-15.805,1.251
2012-05-05-06_48_57.872,258,3,4,1,-29.145,-15.709,1.350
2012-05-05-06_48_57.873,258,3,4,1,-29.253,-15.777,1.350
2012-05-05-06_48_57.874,258,4,4,1,-38.170,-15.807,0.851
2012-05-05-06_48_57.874,258,4,4,1,-38.142,-15.711,0.850
2012-05-05-06_48_57.875,258,4,4,1,-38.250,-15.779,0.850
2012-05-05-06_48_57.876,258,5,4,1,-47.186,-15.796,1.150
2012-05-05-06_48_57.877,258,5,4,1,-47.278,-15.771,1.050
2012-05-05-06_48_57.877,258,5,4,1,-47.249,-15.798,1.050
2012-05-05-06_48_57.879,258,6,4,1,-56.187,-15.771,1.150
2012-05-05-06_48_57.880,258,6,4,1,-56.295,-15.840,1.150
2012-05-05-06_48_57.881,258,6,4,1,-56.300,-15.840,1.150
2012-05-05-06_48_57.882,258,7,4,1,-65.190,-15.776,1.650
2012-05-05-06_48_57.883,258,7,4,1,-65.195,-15.776,1.650
2012-05-05-06_48_57.883,258,7,4,1,-65.175,-15.682,1.650
2012-05-05-06_48_57.885,258,0,5,0,2.268,-20.282,2.064
2012-05-05-06_48_57.886,258,0,5,0,2.293,-20.197,2.064
2012-05-05-06_48_57.887,258,0,5,0,2.190,-20.254,2.064
2012-05-05-06_48_57.887,258,1,5,0,-6.742,-20.294,1.764
2012-05-05-06_48_57.888,258,1,5,0,-6.825,-20.268,4.064
2012-05-05-06_48_57.888,258,1,5,0,-6.764,-20.216,1.764
2012-05-05-06_48_57.889,258,2,5,0,-15.697,-20.212,1.064
2012-05-05-06_48_57.890,258,2,5,0,-15.774,-20.184,1.064
2012-05-05-06_48_57.891,258,2,5,0,-15.718,-20.140,1.064
2012-05-05-06_48_57.892,258,3,5,0,-24.719,-20.295,1.564
2012-05-05-06_48_57.892,258,3,5,0,-24.694,-20.209,1.564
2012-05-05-06_48_57.893,258,3,5,0,-24.796,-20.266,1.564
2012-05-05-06_48_57.894,258,4,5,0,-33.715,-20.296,0.864
2012-05-05-06_48_57.895,258,4,5,0,-33.690,-20.211,0.864
2012-05-05-06_48_57.895,258,4,5,0,-33.793,-20.268,0.864
2012-05-05-06_48_57.896,258,5,5,0,-42.734,-20.297,1.064
2012-05-05-06_48_57.903,258,5,5,0,-42.678,-20.337,2.664
2012-05-05-06_48_57.904,258,5,5,0,-42.780,-20.310,1.064
2012-05-05-06_48_57.905,258,6,5,0,-51.761,-20.357,1.064
2012-05-05-06_48_57.906,258,6,5,0,-51.736,-20.272,1.064
2012-05-05-06_48_57.907,258,6,5,0,-51.839,-20.329,1.064
2012-05-05-06_48_57.908,258,7,5,0,-60.655,-20.293,1.864
2012-05-05-06_48_57.909,258,7,5,0,-60.733,-20.265,1.864
2012-05-05-06_48_57.909,258,7,5,0,-60.677,-20.221,1.864
2012-05-05-06_48_57.910,258,0,5,1,-2.186,-20.291,1.972
2012-05-05-06_48_57.911,258,0,5,1,-2.161,-20.196,1.972
2012-05-05-06_48_57.912,258,0,5,1,-2.262,-20.267,2.072
2012-05-05-06_48_57.913,258,1,5,1,-11.209,-20.294,1.772
2012-05-05-06_48_57.913,258,1,5,1,-11.336,-20.228,1.772
2012-05-05-06_48_57.914,258,1,5,1,-11.231,-20.215,1.772
2012-05-05-06_48_57.915,258,2,5,1,-20.151,-20.221,1.072
2012-05-05-06_48_57.916,258,2,5,1,-20.227,-20.197,1.172
2012-05-05-06_48_57.917,258,2,5,1,-20.234,-20.197,1.172
2012-05-05-06_48_57.917,258,3,5,1,-29.173,-20.303,1.272
2012-05-05-06_48_57.918,258,3,5,1,-29.148,-20.209,1.372
2012-05-05-06_48_57.919,258,3,5,1,-29.249,-20.279,1.272
2012-05-05-06_48_57.920,258,4,5,1,-38.170,-20.305,0.872
2012-05-05-06_48_57.921,258,4,5,1,-38.145,-20.210,0.872
2012-05-05-06_48_57.921,258,4,5,1,-38.245,-20.281,0.872
2012-05-05-06_48_57.922,258,5,5,1,-47.189,-20.296,1.072
2012-05-05-06_48_57.923,258,5,5,1,-47.276,-20.275,1.072
2012-05-05-06_48_57.924,258,5,5,1,-47.247,-20.297,1.072
2012-05-05-06_48_57.925,258,6,5,1,-56.190,-20.271,1.172
2012-05-05-06_48_57.925,258,6,5,1,-56.291,-20.342,1.172
2012-05-05-06_48_57.926,258,6,5,1,-56.298,-20.342,1.172
2012-05-05-06_48_57.927,258,7,5,1,-65.186,-20.278,1.672
2012-05-05-06_48_57.927,258,7,5,1,-65.193,-20.278,1.672
2012-05-05-06_48_57.928,258,7,5,1,-65.173,-20.186,1.772
2012-05-05-06_48_57.929,258,0,6,0,2.270,-24.782,1.881
2012-05-05-06_48_57.930,258,0,6,0,2.300,-24.690,1.881
2012-05-05-06_48_57.931,258,0,6,0,2.188,-24.757,1.881
2012-05-05-06_48_57.932,258,1,6,0,-6.743,-24.796,1.581
2012-05-05-06_48_57.932,258,1,6,0,-6.821,-24.770,1.581
2012-05-05-06_48_57.933,258,1,6,0,-6.762,-24.710,1.581
2012-05-05-06_48_57.934,258,2,6,0,-15.695,-24.712,0.981
2012-05-05-06_48_57.934,258,2,6,0,-15.777,-24.687,1.081
2012-05-05-06_48_57.935,258,2,6,0,-15.716,-24.635,0.981
2012-05-05-06_48_57.936,258,3,6,0,-24.717,-24.794,1.581
2012-05-05-06_48_57.937,258,3,6,0,-24.687,-24.702,1.581
2012-05-05-06_48_57.937,258,3,6,0,-24.799,-24.769,1.481
2012-05-05-06_48_57.938,258,4,6,0,-33.713,-24.796,0.881
2012-05-05-06_48_57.939,258,4,6,0,-33.683,-24.704,0.881
2012-05-05-06_48_57.940,258,4,6,0,-33.796,-24.771,0.881
2012-05-05-06_48_57.941,258,5,6,0,-42.727,-24.790,1.281
2012-05-05-06_48_57.941,258,5,6,0,-42.674,-24.838,1.281
2012-05-05-06_48_57.942,258,5,6,0,-42.778,-24.805,1.281
2012-05-05-06_48_57.943,258,6,6,0,-51.759,-24.857,1.281
2012-05-05-06_48_57.944,258,6,6,0,-51.729,-24.765,1.281
2012-05-05-06_48_57.944,258,6,6,0,-51.675,-24.813,1.281
2012-05-05-06_48_57.945,258,7,6,0,-60.653,-24.793,2.081
2012-05-05-06_48_57.946,258,7,6,0,-60.736,-24.768,1.981
2012-05-05-06_48_57.947,258,7,6,0,-60.675,-24.716,2.081
2012-05-05-06_48_57.947,258,0,6,1,-2.187,-24.788,1.790
2012-05-05-06_48_57.948,258,0,6,1,-2.159,-24.690,1.790
2012-05-05-06_48_57.949,258,0,6,1,-2.262,-24.770,1.890
2012-05-05-06_48_57.949,258,1,6,1,-11.212,-24.795,1.690
2012-05-05-06_48_57.950,258,1,6,1,-11.334,-24.722,1.590
2012-05-05-06_48_57.951,258,1,6,1,-11.234,-24.710,1.589
2012-05-05-06_48_57.951,258,2,6,1,-20.152,-24.718,0.990
2012-05-05-06_48_57.959,258,2,6,1,-20.227,-24.700,1.090
2012-05-05-06_48_57.960,258,2,6,1,-20.232,-24.700,1.090
2012-05-05-06_48_57.961,258,3,6,1,-29.174,-24.800,1.290
2012-05-05-06_48_57.962,258,3,6,1,-29.146,-24.702,1.490
2012-05-05-06_48_57.963,258,3,6,1,-29.249,-24.783,1.290
2012-05-05-06_48_57.963,258,4,6,1,-38.170,-24.802,0.990
2012-05-05-06_48_57.964,258,4,6,1,-38.143,-24.704,0.990
2012-05-05-06_48_57.965,258,4,6,1,-38.246,-24.784,0.890
2012-05-05-06_48_57.966,258,5,6,1,-47.187,-24.790,1.390
2012-05-05-06_48_57.966,258,5,6,1,-47.274,-24.770,1.290
2012-05-05-06_48_57.967,258,5,6,1,-47.243,-24.791,1.289
2012-05-05-06_48_57.968,258,6,6,1,-56.216,-24.863,1.290
2012-05-05-06_48_57.969,258,6,6,1,-56.188,-24.765,1.290
2012-05-05-06_48_57.970,258,6,6,1,-56.291,-24.845,1.290
2012-05-05-06_48_57.971,258,7,6,1,-65.186,-24.781,1.890
2012-05-05-06_48_57.971,258,7,6,1,-65.191,-24.781,1.890
2012-05-05-06_48_57.974,258,7,6,1,-65.171,-24.681,1.890
2012-05-05-06_48_57.975,258,0,7,0,2.270,-29.280,1.802
2012-05-05-06_48_57.975,258,0,7,0,2.300,-29.189,1.902
2012-05-05-06_48_57.976,258,0,7,0,2.187,-29.259,1.902
2012-05-05-06_48_57.977,258,1,7,0,-6.746,-29.293,1.602
2012-05-05-06_48_57.978,258,1,7,0,-6.819,-29.272,1.602
2012-05-05-06_48_57.979,258,1,7,0,-6.765,-29.206,1.602
2012-05-05-06_48_57.979,258,2,7,0,-15.695,-29.210,1.102
2012-05-05-06_48_57.980,258,2,7,0,-15.778,-29.189,1.102
2012-05-05-06_48_57.981,258,2,7,0,-15.716,-29.138,1.102
2012-05-05-06_48_57.982,258,3,7,0,-24.717,-29.292,1.502
2012-05-05-06_48_57.983,258,3,7,0,-24.687,-29.201,1.502
2012-05-05-06_48_57.983,258,3,7,0,-24.800,-29.271,1.502
2012-05-05-06_48_57.984,258,4,7,0,-33.714,-29.294,0.902
2012-05-05-06_48_57.985,258,4,7,0,-33.684,-29.203,0.902
2012-05-05-06_48_57.986,258,4,7,0,-33.796,-29.273,1.002
2012-05-05-06_48_57.987,258,5,7,0,-42.727,-29.289,1.302
2012-05-05-06_48_57.988,258,5,7,0,-42.672,-29.340,1.402
2012-05-05-06_48_57.989,258,5,7,0,-42.779,-29.308,1.402
2012-05-05-06_48_57.990,258,6,7,0,-51.759,-29.355,1.302
2012-05-05-06_48_57.990,258,6,7,0,-51.729,-29.264,1.302
2012-05-05-06_48_57.991,258,6,7,0,-51.673,-29.315,1.302
2012-05-05-06_48_57.992,258,7,7,0,-60.654,-29.291,2.102
2012-05-05-06_48_57.993,258,7,7,0,-60.736,-29.269,2.102
2012-05-05-06_48_57.993,258,7,7,0,-60.675,-29.219,2.102
2012-05-05-06_48_57.994,258,0,7,1,-2.185,-29.285,4.113
2012-05-05-06_48_57.995,258,0,7,1,-2.160,-29.189,1.813
2012-05-05-06_48_57.996,258,0,7,1,-2.260,-29.268,1.813
2012-05-05-06_48_57.996,258,1,7,1,-11.210,-29.292,1.713
2012-05-05-06_48_57.997,258,1,7,1,-11.334,-29.221,1.613
2012-05-05-06_48_57.997,258,1,7,1,-11.234,-29.206,1.613
2012-05-05-06_48_57.998,258,2,7,1,-20.150,-29.215,1.213
2012-05-05-06_48_57.999,258,2,7,1,-20.225,-29.198,1.113
2012-05-05-06_48_58.000,258,2,7,1,-20.230,-29.197,1.013
2012-05-05-06_48_58.000,258,3,7,1,-29.172,-29.298,11.313
2012-05-05-06_48_58.001,258,3,7,1,-29.147,-29.201,1.513
2012-05-05-06_48_58.002,258,3,7,1,-29.247,-29.281,1.313
2012-05-05-06_48_58.004,258,4,7,1,-38.168,-29.299,1.013
2012-05-05-06_48_58.004,258,4,7,1,-38.143,-29.203,1.013
2012-05-05-06_48_58.005,258,4,7,1,-38.244,-29.282,1.013
2012-05-05-06_48_58.006,258,5,7,1,-47.187,-29.289,1.413
2012-05-05-06_48_58.007,258,5,7,1,-47.272,-29.267,1.413
2012-05-05-06_48_58.007,258,5,7,1,-47.243,-29.292,1.413
2012-05-05-06_48_58.008,258,6,7,1,-56.214,-29.360,1.413
2012-05-05-06_48_58.009,258,6,7,1,-56.189,-29.263,1.313
2012-05-05-06_48_58.010,258,6,7,1,-56.289,-29.343,1.313
2012-05-05-06_48_58.010,258,7,7,1,-65.184,-29.279,2.013
2012-05-05-06_48_58.012,258,7,7,1,-65.189,-29.278,1.913
2012-05-05-06_48_58.013,258,7,7,1,-65.169,-29.178,1.913
2012-05-05-06_48_58.014,258,0,8,0,2.274,-33.778,1.827
2012-05-05-06_48_58.015,258,0,8,0,2.302,-33.689,1.827
2012-05-05-06_48_58.016,258,0,8,0,2.189,-33.755,1.827
2012-05-05-06_48_58.017,258,1,8,0,-6.748,-33.789,1.627
2012-05-05-06_48_58.017,258,1,8,0,-6.822,-33.769,1.627
2012-05-05-06_48_58.018,258,1,8,0,-6.765,-33.704,1.627
2012-05-05-06_48_58.019,258,2,8,0,-15.690,-33.708,1.127
2012-05-05-06_48_58.020,258,2,8,0,-15.776,-33.685,1.027
2012-05-05-06_48_58.022,258,2,8,0,-15.712,-33.639,1.027
2012-05-05-06_48_58.023,258,3,8,0,-24.712,-33.790,1.527
2012-05-05-06_48_58.023,258,3,8,0,-24.685,-33.701,1.527
2012-05-05-06_48_58.024,258,3,8,0,-24.798,-33.767,1.527
2012-05-05-06_48_58.025,258,4,8,0,-33.709,-33.792,1.027
2012-05-05-06_48_58.026,258,4,8,0,-33.682,-33.703,1.027
2012-05-05-06_48_58.027,258,4,8,0,-33.794,-33.769,1.027
2012-05-05-06_48_58.027,258,5,8,0,-42.725,-33.789,1.327
2012-05-05-06_48_58.028,258,5,8,0,-42.674,-33.837,1.327
2012-05-05-06_48_58.029,258,5,8,0,-42.774,-33.809,1.327
2012-05-05-06_48_58.029,258,6,8,0,-51.755,-33.853,1.327
2012-05-05-06_48_58.030,258,6,8,0,-51.727,-33.764,1.327
2012-05-05-06_48_58.031,258,6,8,0,-51.676,-33.812,1.327
2012-05-05-06_48_58.031,258,7,8,0,-60.649,-33.789,2.227
2012-05-05-06_48_58.032,258,7,8,0,-60.734,-33.766,2.127
2012-05-05-06_48_58.033,258,7,8,0,-60.671,-33.719,2.127
2012-05-05-06_48_58.034,258,0,8,1,-2.188,-33.787,1.936
2012-05-05-06_48_58.034,258,0,8,1,-2.163,-33.688,1.935
2012-05-05-06_48_58.035,258,0,8,1,-2.261,-33.765,1.835
2012-05-05-06_48_58.036,258,1,8,1,-11.213,-33.788,1.736
2012-05-05-06_48_58.037,258,1,8,1,-11.337,-33.720,1.735
2012-05-05-06_48_58.038,258,1,8,1,-11.237,-33.703,1.735
2012-05-05-06_48_58.038,258,2,8,1,-20.153,-33.717,1.136
2012-05-05-06_48_58.039,258,2,8,1,-20.226,-33.695,1.135
2012-05-05-06_48_58.040,258,2,8,1,-20.230,-33.694,1.135
2012-05-05-06_48_58.041,258,3,8,1,-29.175,-33.799,1.236
2012-05-05-06_48_58.042,258,3,8,1,-29.149,-33.700,1.335
2012-05-05-06_48_58.042,258,3,8,1,-29.248,-33.777,1.235
2012-05-05-06_48_58.043,258,4,8,1,-38.171,-33.801,0.936
2012-05-05-06_48_58.044,258,4,8,1,-38.146,-33.702,1.035
2012-05-05-06_48_58.044,258,4,8,1,-38.244,-33.779,0.935
2012-05-05-06_48_58.045,258,5,8,1,-47.190,-33.788,1.535
2012-05-05-06_48_58.046,258,5,8,1,-47.273,-33.764,1.435
2012-05-05-06_48_58.047,258,5,8,1,-47.244,-33.792,1.435
2012-05-05-06_48_58.047,258,6,8,1,-56.217,-33.862,1.336
2012-05-05-06_48_58.048,258,6,8,1,-56.192,-33.763,1.335
2012-05-05-06_48_58.049,258,6,8,1,-56.290,-33.839,1.335
2012-05-05-06_48_58.050,258,7,8,1,-65.184,-33.776,2.035
2012-05-05-06_48_58.051,258,7,8,1,-65.189,-33.775,2.035
2012-05-05-06_48_58.051,258,7,8,1,-65.169,-33.675,2.235
2012-05-05-06_48_58.052,258,0,9,0,2.274,-38.282,1.945
2012-05-05-06_48_58.054,258,0,9,0,2.301,-38.196,1.945
2012-05-05-06_48_58.055,258,0,9,0,2.189,-38.254,1.945
2012-05-05-06_48_58.055,258,1,9,0,-6.749,-38.290,1.745
2012-05-05-06_48_58.057,258,1,9,0,-6.822,-38.269,1.745
2012-05-05-06_48_58.057,258,1,9,0,-6.768,-38.212,1.745
2012-05-05-06_48_58.058,258,2,9,0,-15.691,-38.212,1.145
2012-05-05-06_48_58.059,258,2,9,0,-15.776,-38.184,1.145
2012-05-05-06_48_58.060,258,2,9,0,-15.712,-38.141,1.245
2012-05-05-06_48_58.061,258,3,9,0,-24.713,-38.294,1.645
2012-05-05-06_48_58.063,258,3,9,0,-24.685,-38.208,1.645
2012-05-05-06_48_58.063,258,3,9,0,-24.798,-38.266,1.645
2012-05-05-06_48_58.064,258,4,9,0,-33.710,-38.296,1.045
2012-05-05-06_48_58.065,258,4,9,0,-33.682,-38.210,0.945
2012-05-05-06_48_58.066,258,4,9,0,-33.795,-38.268,0.945
2012-05-05-06_48_58.066,258,5,9,0,-42.726,-38.296,1.445
2012-05-05-06_48_58.067,258,5,9,0,-42.675,-38.337,1.445
2012-05-05-06_48_58.068,258,5,9,0,-42.775,-38.311,1.345
2012-05-05-06_48_58.069,258,6,9,0,-51.755,-38.357,1.245
2012-05-05-06_48_58.069,258,6,9,0,-51.728,-38.271,1.345
2012-05-05-06_48_58.070,258,6,9,0,-51.840,-38.329,1.245
2012-05-05-06_48_58.071,258,7,9,0,-60.650,-38.293,2.145
2012-05-05-06_48_58.072,258,7,9,0,-60.735,-38.265,2.245
2012-05-05-06_48_58.072,258,7,9,0,-60.671,-38.222,2.245
2012-05-05-06_48_58.073,258,0,9,1,-2.188,-38.292,1.854
2012-05-05-06_48_58.074,258,0,9,1,-2.163,-38.195,1.954
2012-05-05-06_48_58.075,258,0,9,1,-2.259,-38.266,1.954
2012-05-05-06_48_58.076,258,1,9,1,-11.211,-38.290,1.754
2012-05-05-06_48_58.077,258,1,9,1,-11.337,-38.227,1.754
2012-05-05-06_48_58.077,258,1,9,1,-11.235,-38.210,1.754
2012-05-05-06_48_58.078,258,2,9,1,-20.153,-38.222,1.254
2012-05-05-06_48_58.079,258,2,9,1,-20.224,-38.196,1.354
2012-05-05-06_48_58.080,258,2,9,1,-20.231,-38.195,1.254
2012-05-05-06_48_58.081,258,3,9,1,-29.175,-38.304,1.354
2012-05-05-06_48_58.081,258,3,9,1,-29.150,-38.208,1.654
2012-05-05-06_48_58.082,258,3,9,1,-29.246,-38.279,1.454
2012-05-05-06_48_58.082,258,4,9,1,-38.172,-38.306,1.054
2012-05-05-06_48_58.084,258,4,9,1,-38.147,-38.209,1.054
2012-05-05-06_48_58.085,258,4,9,1,-38.242,-38.280,0.954
2012-05-05-06_48_58.086,258,5,9,1,-47.190,-38.295,1.454
2012-05-05-06_48_58.088,258,5,9,1,-47.273,-38.270,12.954
2012-05-05-06_48_58.089,258,5,9,1,-47.244,-38.299,1.554
2012-05-05-06_48_58.089,258,6,9,1,-56.192,-38.270,1.354
2012-05-05-06_48_58.090,258,6,9,1,-56.288,-38.341,1.354
2012-05-05-06_48_58.091,258,6,9,1,-56.295,-38.340,1.354
2012-05-05-06_48_58.092,258,7,9,1,-65.182,-38.277,1.954
2012-05-05-06_48_58.093,258,7,9,1,-65.190,-38.276,2.054
2012-05-05-06_48_58.093,258,7,9,1,-65.169,-38.181,11.554
2012-05-05-06_48_58.094,258,0,10,0,2.274,-42.783,1.966
2012-05-05-06_48_58.095,258,0,10,0,2.301,-42.696,1.966
2012-05-05-06_48_58.095,258,0,10,0,2.193,-42.754,1.966
2012-05-05-06_48_58.096,258,1,10,0,-6.752,-42.794,1.766
2012-05-05-06_48_58.097,258,1,10,0,-6.825,-42.767,1.766
2012-05-05-06_48_58.098,258,1,10,0,-6.771,-42.715,1.766
2012-05-05-06_48_58.099,258,2,10,0,-15.691,-42.713,1.166
2012-05-05-06_48_58.099,258,2,10,0,-15.772,-42.684,1.266
2012-05-05-06_48_58.100,258,2,10,0,-15.710,-42.639,1.266
2012-05-05-06_48_58.101,258,3,10,0,-24.713,-42.796,1.666
2012-05-05-06_48_58.102,258,3,10,0,-24.686,-42.708,1.666
2012-05-05-06_48_58.102,258,3,10,0,-24.794,-42.767,1.566
2012-05-05-06_48_58.103,258,4,10,0,-33.710,-42.797,0.966
2012-05-05-06_48_58.104,258,4,10,0,-33.682,-42.710,1.066
2012-05-05-06_48_58.104,258,4,10,0,-33.790,-42.768,0.966
2012-05-05-06_48_58.105,258,5,10,0,-42.726,-42.796,1.366
2012-05-05-06_48_58.106,258,5,10,0,-42.678,-42.835,1.366
2012-05-05-06_48_58.107,258,5,10,0,-42.773,-42.809,1.366
2012-05-05-06_48_58.107,258,6,10,0,-51.755,-42.858,1.266
2012-05-05-06_48_58.108,258,6,10,0,-51.728,-42.771,1.366
2012-05-05-06_48_58.109,258,6,10,0,-51.836,-42.829,1.266
2012-05-05-06_48_58.110,258,7,10,0,-60.650,-42.794,2.266
2012-05-05-06_48_58.111,258,7,10,0,-60.730,-42.765,2.166
2012-05-05-06_48_58.111,258,7,10,0,-60.669,-42.720,2.266
2012-05-05-06_48_58.112,258,0,10,1,-2.189,-42.791,1.878
2012-05-05-06_48_58.114,258,0,10,1,-2.166,-42.696,1.978
2012-05-05-06_48_58.115,258,0,10,1,-2.262,-42.768,1.878
2012-05-05-06_48_58.116,258,1,10,1,-11.214,-42.793,1.778
2012-05-05-06_48_58.117,258,1,10,1,-11.340,-42.727,1.778
2012-05-05-06_48_58.118,258,1,10,1,-11.235,-42.714,1.778
2012-05-05-06_48_58.118,258,2,10,1,-20.153,-42.721,1.278
2012-05-05-06_48_58.119,258,2,10,1,-20.226,-42.698,1.278
2012-05-05-06_48_58.120,258,2,10,1,-20.234,-42.697,1.378
2012-05-05-06_48_58.121,258,3,10,1,-29.175,-42.803,1.378
2012-05-05-06_48_58.122,258,3,10,1,-29.153,-42.708,1.578
2012-05-05-06_48_58.122,258,3,10,1,-29.249,-42.781,1.378
2012-05-05-06_48_58.124,258,4,10,1,-38.172,-42.805,1.078
2012-05-05-06_48_58.124,258,4,10,1,-38.149,-42.710,1.078
2012-05-05-06_48_58.125,258,4,10,1,-38.245,-42.782,0.978
2012-05-05-06_48_58.126,258,5,10,1,-47.193,-42.795,1.478
2012-05-05-06_48_58.126,258,5,10,1,-47.276,-42.774,1.478
2012-05-05-06_48_58.127,258,5,10,1,-47.247,-42.797,1.478
2012-05-05-06_48_58.128,258,6,10,1,-56.195,-42.770,1.378
2012-05-05-06_48_58.128,258,6,10,1,-56.291,-42.843,1.378
2012-05-05-06_48_58.129,258,6,10,1,-56.298,-42.842,1.378
2012-05-05-06_48_58.130,258,7,10,1,-65.185,-42.779,2.078
2012-05-05-06_48_58.130,258,7,10,1,-65.193,-42.778,1.978
2012-05-05-06_48_58.131,258,7,10,1,-65.172,-42.685,2.078
2012-05-05-06_48_58.132,258,0,11,0,2.278,-47.284,1.990
2012-05-05-06_48_58.133,258,0,11,0,2.301,-47.190,1.990
2012-05-05-06_48_58.134,258,0,11,0,2.193,-47.257,1.990
2012-05-05-06_48_58.135,258,1,11,0,-6.752,-47.296,1.790
2012-05-05-06_48_58.135,258,1,11,0,-6.825,-47.270,1.790
2012-05-05-06_48_58.136,258,1,11,0,-6.774,-47.210,1.790
2012-05-05-06_48_58.137,258,2,11,0,-15.687,-47.213,1.190
2012-05-05-06_48_58.138,258,2,11,0,-15.772,-47.187,1.190
2012-05-05-06_48_58.139,258,2,11,0,-15.743,-47.197,1.190
2012-05-05-06_48_58.141,258,3,11,0,-24.709,-47.296,1.790
2012-05-05-06_48_58.141,258,3,11,0,-24.686,-47.203,1.690
2012-05-05-06_48_58.142,258,3,11,0,-24.794,-47.269,1.690
2012-05-05-06_48_58.143,258,4,11,0,-33.705,-47.298,0.990
2012-05-05-06_48_58.144,258,4,11,0,-33.683,-47.204,0.990
2012-05-05-06_48_58.144,258,4,11,0,-33.791,-47.271,0.990
2012-05-05-06_48_58.145,258,5,11,0,-42.727,-47.290,1.390
2012-05-05-06_48_58.146,258,5,11,0,-42.678,-47.338,1.390
2012-05-05-06_48_58.146,258,5,11,0,-42.771,-47.305,1.390
2012-05-05-06_48_58.147,258,6,11,0,-51.751,-47.358,1.290
2012-05-05-06_48_58.148,258,6,11,0,-51.728,-47.265,1.290
2012-05-05-06_48_58.148,258,6,11,0,-51.836,-47.332,1.290
2012-05-05-06_48_58.149,258,7,11,0,-60.646,-47.294,2.290
2012-05-05-06_48_58.150,258,7,11,0,-60.731,-47.268,2.290
2012-05-05-06_48_58.150,258,7,11,0,-60.667,-47.216,2.290
2012-05-05-06_48_58.151,258,0,11,1,-2.191,-47.289,1.999
2012-05-05-06_48_58.152,258,0,11,1,-2.169,-47.190,1.999
2012-05-05-06_48_58.152,258,0,11,1,-2.260,-47.270,1.999
2012-05-05-06_48_58.153,258,1,11,1,-11.214,-47.296,1.799
2012-05-05-06_48_58.154,258,1,11,1,-11.343,-47.222,1.799
2012-05-05-06_48_58.155,258,1,11,1,-11.236,-47.210,1.799
2012-05-05-06_48_58.155,258,2,11,1,-20.156,-47.219,1.299
2012-05-05-06_48_58.159,258,2,11,1,-20.224,-47.200,1.399
2012-05-05-06_48_58.160,258,2,11,1,-20.232,-47.199,1.299
2012-05-05-06_48_58.161,258,3,11,1,-29.178,-47.301,1.399
2012-05-05-06_48_58.161,258,3,11,1,-29.156,-47.202,1.599
2012-05-05-06_48_58.162,258,3,11,1,-29.247,-47.282,1.499
2012-05-05-06_48_58.163,258,4,11,1,-38.175,-47.303,1.099
2012-05-05-06_48_58.164,258,4,11,1,-38.152,-47.204,1.099
2012-05-05-06_48_58.164,258,4,11,1,-38.243,-47.284,0.999
2012-05-05-06_48_58.165,258,5,11,1,-47.196,-47.290,1.499
2012-05-05-06_48_58.167,258,5,11,1,-47.276,-47.270,1.499
2012-05-05-06_48_58.168,258,5,11,1,-47.247,-47.291,1.499
2012-05-05-06_48_58.169,258,6,11,1,-56.220,-47.363,1.399
2012-05-05-06_48_58.169,258,6,11,1,-56.198,-47.265,1.399
2012-05-05-06_48_58.170,258,6,11,1,-56.289,-47.344,1.399
2012-05-05-06_48_58.171,258,7,11,1,-65.183,-47.281,2.199
2012-05-05-06_48_58.173,258,7,11,1,-65.191,-47.280,2.299
2012-05-05-06_48_58.174,258,7,11,1,-65.173,-47.181,2.299
2012-05-05-06_48_58.174,258,0,12,0,2.265,-51.780,2.208
2012-05-05-06_48_58.175,258,0,12,0,2.303,-51.691,2.208
2012-05-05-06_48_58.176,258,0,12,0,2.195,-51.759,2.208
2012-05-05-06_48_58.177,258,1,12,0,-6.755,-51.794,1.908
2012-05-05-06_48_58.178,258,1,12,0,-6.831,-51.774,1.908
2012-05-05-06_48_58.179,258,1,12,0,-6.776,-51.708,1.808
2012-05-05-06_48_58.179,258,2,12,0,-15.699,-51.710,1.208
2012-05-05-06_48_58.180,258,2,12,0,-15.770,-51.689,1.208
2012-05-05-06_48_58.181,258,2,12,0,-15.711,-51.639,1.208
2012-05-05-06_48_58.182,258,3,12,0,-24.722,-51.792,1.708
2012-05-05-06_48_58.182,258,3,12,0,-24.684,-51.703,1.708
2012-05-05-06_48_58.183,258,3,12,0,-24.792,-51.771,1.708
2012-05-05-06_48_58.184,258,4,12,0,-33.718,-51.794,1.108
2012-05-05-06_48_58.184,258,4,12,0,-33.681,-51.705,1.008
2012-05-05-06_48_58.185,258,4,12,0,-33.789,-51.773,1.108
2012-05-05-06_48_58.186,258,5,12,0,-42.725,-51.791,1.508
2012-05-05-06_48_58.186,258,5,12,0,-42.683,-51.842,1.208
2012-05-05-06_48_58.187,258,5,12,0,-42.774,-51.809,1.408
2012-05-05-06_48_58.188,258,6,12,0,-51.764,-51.854,1.308
2012-05-05-06_48_58.188,258,6,12,0,-51.726,-51.766,1.308
2012-05-05-06_48_58.189,258,6,12,0,-51.834,-51.834,1.308
2012-05-05-06_48_58.190,258,7,12,0,-60.658,-51.790,2.108
2012-05-05-06_48_58.191,258,7,12,0,-60.729,-51.770,2.108
2012-05-05-06_48_58.192,258,7,12,0,-60.670,-51.720,2.108
2012-05-05-06_48_58.192,258,0,12,1,-2.194,-51.786,2.116
2012-05-05-06_48_58.193,258,0,12,1,-2.169,-51.690,2.116
2012-05-05-06_48_58.194,258,0,12,1,-2.262,-51.768,2.116
2012-05-05-06_48_58.195,258,1,12,1,-11.212,-51.794,1.816
2012-05-05-06_48_58.196,258,1,12,1,-11.344,-51.722,1.816
2012-05-05-06_48_58.197,258,1,12,1,-11.236,-51.707,1.816
2012-05-05-06_48_58.197,258,2,12,1,-20.159,-51.716,1.216
2012-05-05-06_48_58.198,258,2,12,1,-20.227,-51.698,1.216
2012-05-05-06_48_58.199,258,2,12,1,-20.235,-51.697,1.216
2012-05-05-06_48_58.201,258,3,12,1,-29.181,-51.799,1.516
2012-05-05-06_48_58.201,258,3,12,1,-29.156,-51.702,1.616
2012-05-05-06_48_58.202,258,3,12,1,-29.249,-51.780,1.616
2012-05-05-06_48_58.203,258,4,12,1,-38.178,-51.800,1.116
2012-05-05-06_48_58.203,258,4,12,1,-38.153,-51.704,1.116
2012-05-05-06_48_58.204,258,4,12,1,-38.246,-51.782,1.016
2012-05-05-06_48_58.205,258,5,12,1,-47.196,-51.790,1.316
2012-05-05-06_48_58.206,258,5,12,1,-47.277,-51.768,1.316
2012-05-05-06_48_58.206,258,5,12,1,-47.250,-51.791,1.316
2012-05-05-06_48_58.207,258,6,12,1,-56.223,-51.861,1.316
2012-05-05-06_48_58.208,258,6,12,1,-56.198,-51.765,1.316
2012-05-05-06_48_58.210,258,6,12,1,-56.291,-51.843,1.316
2012-05-05-06_48_58.210,258,7,12,1,-65.186,-51.779,2.216
2012-05-05-06_48_58.211,258,7,12,1,-65.193,-51.778,2.116
2012-05-05-06_48_58.212,258,7,12,1,-65.173,-51.679,2.216
2012-05-05-06_48_58.212,258,0,13,0,2.272,-56.279,2.127
2012-05-05-06_48_58.213,258,0,13,0,2.297,-56.191,2.127
2012-05-05-06_48_58.214,258,0,13,0,2.197,-56.254,2.127
2012-05-05-06_48_58.214,258,1,13,0,-6.755,-56.290,1.827
2012-05-05-06_48_58.215,258,1,13,0,-6.831,-56.270,1.927
2012-05-05-06_48_58.216,258,1,13,0,-6.774,-56.205,1.927
2012-05-05-06_48_58.217,258,2,13,0,-15.693,-56.209,1.227
2012-05-05-06_48_58.220,258,2,13,0,-15.768,-56.184,1.227
2012-05-05-06_48_58.221,258,2,13,0,-15.712,-56.140,1.327
2012-05-05-06_48_58.222,258,3,13,0,-24.715,-56.291,1.627
2012-05-05-06_48_58.223,258,3,13,0,-24.690,-56.203,1.727
2012-05-05-06_48_58.223,258,3,13,0,-24.790,-56.266,1.727
2012-05-05-06_48_58.224,258,4,13,0,-33.711,-56.293,1.127
2012-05-05-06_48_58.224,258,4,13,0,-33.686,-56.205,1.127
2012-05-05-06_48_58.226,258,4,13,0,-33.787,-56.268,1.027
2012-05-05-06_48_58.227,258,5,13,0,-42.730,-56.291,1.427
2012-05-05-06_48_58.227,258,5,13,0,-42.684,-56.338,1.227
2012-05-05-06_48_58.228,258,5,13,0,-42.774,-56.310,1.427
2012-05-05-06_48_58.229,258,6,13,0,-51.757,-56.354,1.327
2012-05-05-06_48_58.229,258,6,13,0,-51.732,-56.265,1.327
2012-05-05-06_48_58.230,258,6,13,0,-51.832,-56.329,1.327
2012-05-05-06_48_58.230,258,7,13,0,-60.651,-56.290,2.127
2012-05-05-06_48_58.231,258,7,13,0,-60.727,-56.265,3.327
2012-05-05-06_48_58.232,258,7,13,0,-60.670,-56.221,11.227
2012-05-05-06_48_58.232,258,0,13,1,-2.197,-56.288,2.139
2012-05-05-06_48_58.233,258,0,13,1,-2.172,-56.190,2.139
2012-05-05-06_48_58.233,258,0,13,1,-2.265,-56.264,2.039
2012-05-05-06_48_58.234,258,1,13,1,-11.210,-56.289,1.839
2012-05-05-06_48_58.235,258,1,13,1,-11.346,-56.222,1.839
2012-05-05-06_48_58.235,258,1,13,1,-11.234,-56.204,1.839
2012-05-05-06_48_58.236,258,2,13,1,-20.162,-56.218,1.339
2012-05-05-06_48_58.236,258,2,13,1,-20.230,-56.194,1.339
2012-05-05-06_48_58.237,258,2,13,1,-20.237,-56.194,1.239
2012-05-05-06_48_58.237,258,3,13,1,-29.184,-56.300,1.439
2012-05-05-06_48_58.238,258,3,13,1,-29.159,-56.202,1.639
2012-05-05-06_48_58.239,258,3,13,1,-29.252,-56.276,1.639
2012-05-05-06_48_58.239,258,4,13,1,-38.181,-56.302,1.039
2012-05-05-06_48_58.240,258,4,13,1,-38.155,-56.204,1.039
2012-05-05-06_48_58.240,258,4,13,1,-38.249,-56.278,1.039
2012-05-05-06_48_58.241,258,5,13,1,-47.199,-56.290,1.439
2012-05-05-06_48_58.242,258,5,13,1,-47.280,-56.265,1.539
2012-05-05-06_48_58.242,258,5,13,1,-47.251,-56.291,1.539
2012-05-05-06_48_58.243,258,6,13,1,-56.226,-56.363,1.339
2012-05-05-06_48_58.243,258,6,13,1,-56.201,-56.265,1.339
2012-05-05-06_48_58.244,258,6,13,1,-56.294,-56.339,1.439
2012-05-05-06_48_58.244,258,7,13,1,-65.189,-56.275,2.139
2012-05-05-06_48_58.245,258,7,13,1,-65.196,-56.274,2.139
2012-05-05-06_48_58.246,258,7,13,1,-65.176,-56.176,2.139
2012-05-05-06_48_58.246,258,0,14,0,2.272,-60.781,2.151
2012-05-05-06_48_58.247,258,0,14,0,2.297,-60.696,2.151
2012-05-05-06_48_58.247,258,0,14,0,2.196,-60.753,2.151
2012-05-05-06_48_58.248,258,1,14,0,-6.756,-60.790,1.951
2012-05-05-06_48_58.249,258,1,14,0,-6.834,-60.769,1.951
2012-05-05-06_48_58.250,258,1,14,0,-6.777,-60.712,1.951
2012-05-05-06_48_58.250,258,2,14,0,-15.693,-60.711,1.251
2012-05-05-06_48_58.251,258,2,14,0,-15.768,-60.683,1.251
2012-05-05-06_48_58.251,258,2,14,0,-15.712,-60.642,1.251
2012-05-05-06_48_58.252,258,3,14,0,-24.715,-60.794,1.751
2012-05-05-06_48_58.253,258,3,14,0,-24.690,-60.708,1.751
2012-05-05-06_48_58.253,258,3,14,0,-24.791,-60.765,1.751
2012-05-05-06_48_58.254,258,4,14,0,-33.712,-60.795,1.051
2012-05-05-06_48_58.254,258,4,14,0,-33.687,-60.710,0.951
2012-05-05-06_48_58.255,258,4,14,0,-33.787,-60.767,0.951
2012-05-05-06_48_58.256,258,5,14,0,-42.730,-60.796,1.451
2012-05-05-06_48_58.257,258,5,14,0,-42.687,-60.837,1.351
2012-05-05-06_48_58.257,258,5,14,0,-42.774,-60.812,1.451
2012-05-05-06_48_58.258,258,6,14,0,-51.757,-60.856,1.251
2012-05-05-06_48_58.259,258,6,14,0,-51.732,-60.771,1.351
2012-05-05-06_48_58.259,258,6,14,0,-51.833,-60.828,1.251
2012-05-05-06_48_58.260,258,7,14,0,-60.652,-60.792,3.251
2012-05-05-06_48_58.262,258,7,14,0,-60.727,-60.764,2.151
2012-05-05-06_48_58.263,258,7,14,0,-60.671,-60.723,2.151
2012-05-05-06_48_58.263,258,0,14,1,-2.198,-60.792,2.061
2012-05-05-06_48_58.264,258,0,14,1,-2.172,-60.696,2.061
2012-05-05-06_48_58.265,258,0,14,1,-2.268,-60.766,2.161
2012-05-05-06_48_58.266,258,1,14,1,-11.211,-60.791,1.861
2012-05-05-06_48_58.267,258,1,14,1,-11.347,-60.728,1.861
2012-05-05-06_48_58.268,258,1,14,1,-11.237,-60.711,1.861
2012-05-05-06_48_58.269,258,2,14,1,-20.162,-60.722,1.261
2012-05-05-06_48_58.269,258,2,14,1,-20.233,-60.696,1.261
2012-05-05-06_48_58.270,258,2,14,1,-20.240,-60.695,1.261
2012-05-05-06_48_58.271,258,3,14,1,-29.184,-60.805,1.261
2012-05-05-06_48_58.272,258,3,14,1,-29.159,-60.708,1.461
2012-05-05-06_48_58.272,258,3,14,1,-29.255,-60.778,1.561
2012-05-05-06_48_58.273,258,4,14,1,-38.181,-60.806,1.061
2012-05-05-06_48_58.273,258,4,14,1,-38.156,-60.710,1.061
2012-05-05-06_48_58.274,258,4,14,1,-38.252,-60.780,1.061
2012-05-05-06_48_58.275,258,5,14,1,-47.200,-60.796,1.561
2012-05-05-06_48_58.275,258,5,14,1,-47.283,-60.770,1.561
2012-05-05-06_48_58.276,258,5,14,1,-47.253,-60.798,1.461
2012-05-05-06_48_58.277,258,6,14,1,-56.227,-60.867,1.361
2012-05-05-06_48_58.277,258,6,14,1,-56.201,-60.771,1.361
2012-05-05-06_48_58.278,258,6,14,1,-56.297,-60.841,1.361
2012-05-05-06_48_58.279,258,7,14,1,-65.192,-60.777,6.061
2012-05-05-06_48_58.279,258,7,14,1,-65.199,-60.776,2.261
2012-05-05-06_48_58.280,258,7,14,1,-65.179,-60.681,2.261
2012-05-05-06_48_58.281,258,0,15,0,2.269,-65.283,2.170
2012-05-05-06_48_58.282,258,0,15,0,2.294,-65.196,2.270
2012-05-05-06_48_58.283,258,0,15,0,2.196,-65.254,2.270
2012-05-05-06_48_58.283,258,1,15,0,-6.754,-65.293,1.970
2012-05-05-06_48_58.284,258,1,15,0,-6.834,-65.267,1.970
2012-05-05-06_48_58.285,258,1,15,0,-6.775,-65.215,1.970
2012-05-05-06_48_58.286,258,2,15,0,-15.696,-65.213,1.370
2012-05-05-06_48_58.287,258,2,15,0,-15.769,-65.184,1.270
2012-05-05-06_48_58.287,258,2,15,0,-15.715,-65.140,1.370
2012-05-05-06_48_58.288,258,3,15,0,-24.718,-65.296,1.770
2012-05-05-06_48_58.289,258,3,15,0,-24.693,-65.208,1.770
2012-05-05-06_48_58.290,258,3,15,0,-24.791,-65.266,1.770
2012-05-05-06_48_58.291,258,4,15,0,-33.714,-65.297,0.970
2012-05-05-06_48_58.291,258,4,15,0,-33.689,-65.210,0.970
2012-05-05-06_48_58.292,258,4,15,0,-33.788,-65.268,0.970
2012-05-05-06_48_58.293,258,5,15,0,-42.733,-65.296,1.470
2012-05-05-06_48_58.294,258,5,15,0,-42.687,-65.335,1.370
2012-05-05-06_48_58.295,258,5,15,0,-42.777,-65.310,1.470
2012-05-05-06_48_58.295,258,6,15,0,-51.760,-65.358,1.270
2012-05-05-06_48_58.297,258,6,15,0,-51.735,-65.271,1.270
2012-05-05-06_48_58.298,258,6,15,0,-51.833,-65.328,1.270
2012-05-05-06_48_58.299,258,7,15,0,-60.655,-65.294,2.070
2012-05-05-06_48_58.300,258,7,15,0,-60.728,-65.265,2.070
2012-05-05-06_48_58.300,258,7,15,0,-60.674,-65.221,3.270
2012-05-05-06_48_58.301,258,0,15,1,-2.196,-65.291,2.279
2012-05-05-06_48_58.302,258,0,15,1,-2.168,-65.196,2.279
2012-05-05-06_48_58.303,258,0,15,1,-2.269,-65.268,2.279
2012-05-05-06_48_58.304,258,1,15,1,-11.209,-65.293,1.879
2012-05-05-06_48_58.304,258,1,15,1,-11.342,-65.228,1.879
2012-05-05-06_48_58.305,258,1,15,1,-11.232,-65.214,1.879
2012-05-05-06_48_58.306,258,2,15,1,-20.160,-65.221,1.379
2012-05-05-06_48_58.307,258,2,15,1,-20.233,-65.198,1.379
2012-05-05-06_48_58.308,258,2,15,1,-20.241,-65.197,1.379
2012-05-05-06_48_58.308,258,3,15,1,-29.182,-65.303,1.379
2012-05-05-06_48_58.309,258,3,15,1,-29.155,-65.208,1.679
2012-05-05-06_48_58.309,258,3,15,1,-29.256,-65.280,1.579
2012-05-05-06_48_58.310,258,4,15,1,-38.179,-65.305,1.079
2012-05-05-06_48_58.319,258,4,15,1,-38.152,-65.210,1.079
2012-05-05-06_48_58.320,258,4,15,1,-38.252,-65.282,1.079
2012-05-05-06_48_58.320,258,5,15,1,-47.195,-65.296,1.479
2012-05-05-06_48_58.321,258,5,15,1,-47.283,-65.274,1.479
2012-05-05-06_48_58.322,258,5,15,1,-47.254,-65.298,1.579
2012-05-05-06_48_58.323,258,6,15,1,-56.224,-65.366,1.379
2012-05-05-06_48_58.324,258,6,15,1,-56.197,-65.271,1.379
2012-05-05-06_48_58.324,258,6,15,1,-56.298,-65.343,1.379
2012-05-05-06_48_58.325,258,7,15,1,-65.192,-65.279,2.179
2012-05-05-06_48_58.326,258,7,15,1,-65.200,-65.278,2.079
2012-05-05-06_48_58.326,258,7,15,1,-65.179,-65.185,2.179
2012-05-05-06_48_58.327,258,0,16,0,2.266,-69.783,2.291
2012-05-05-06_48_58.328,258,0,16,0,2.291,-69.689,2.291
2012-05-05-06_48_58.329,258,0,16,0,2.193,-69.758,2.291
2012-05-05-06_48_58.330,258,1,16,0,-6.754,-69.795,1.891
2012-05-05-06_48_58.330,258,1,16,0,-6.835,-69.768,1.991
2012-05-05-06_48_58.331,258,1,16,0,-6.773,-69.709,1.991
2012-05-05-06_48_58.332,258,2,16,0,-15.699,-69.713,1.291
2012-05-05-06_48_58.333,258,2,16,0,-15.772,-69.688,1.391
2012-05-05-06_48_58.334,258,2,16,0,-15.750,-69.698,1.391
2012-05-05-06_48_58.335,258,3,16,0,-24.721,-69.795,1.791
2012-05-05-06_48_58.335,258,3,16,0,-24.696,-69.701,1.791
2012-05-05-06_48_58.336,258,3,16,0,-24.794,-69.770,1.791
2012-05-05-06_48_58.337,258,4,16,0,-33.717,-69.797,0.991
2012-05-05-06_48_58.338,258,4,16,0,-33.692,-69.703,0.991
2012-05-05-06_48_58.340,258,4,16,0,-33.790,-69.772,0.891
2012-05-05-06_48_58.341,258,5,16,0,-42.736,-69.789,1.491
2012-05-05-06_48_58.342,258,5,16,0,-42.688,-69.836,1.291
2012-05-05-06_48_58.342,258,5,16,0,-42.780,-69.804,1.391
2012-05-05-06_48_58.343,258,6,16,0,-51.763,-69.858,1.291
2012-05-05-06_48_58.344,258,6,16,0,-51.738,-69.764,1.291
2012-05-05-06_48_58.345,258,6,16,0,-51.836,-69.833,1.291
2012-05-05-06_48_58.346,258,7,16,0,-60.657,-69.794,2.091
2012-05-05-06_48_58.346,258,7,16,0,-60.730,-69.769,2.091
2012-05-05-06_48_58.347,258,7,16,0,-60.676,-69.715,2.091
2012-05-05-06_48_58.348,258,0,16,1,-2.196,-69.788,2.203
2012-05-05-06_48_58.350,258,0,16,1,-2.168,-69.689,2.203
2012-05-05-06_48_58.351,258,0,16,1,-2.271,-69.771,2.203
2012-05-05-06_48_58.353,258,1,16,1,-11.211,-69.794,1.903
2012-05-05-06_48_58.354,258,1,16,1,-11.343,-69.720,1.903
2012-05-05-06_48_58.354,258,1,16,1,-11.233,-69.709,1.903
2012-05-05-06_48_58.355,258,2,16,1,-20.161,-69.718,12.703
2012-05-05-06_48_58.356,258,2,16,1,-20.236,-69.701,1.303
2012-05-05-06_48_58.356,258,2,16,1,-20.241,-69.699,1.303
2012-05-05-06_48_58.357,258,3,16,1,-29.183,-69.800,1.603
2012-05-05-06_48_58.358,258,3,16,1,-29.155,-69.701,1.503
2012-05-05-06_48_58.359,258,3,16,1,-29.258,-69.783,1.603
2012-05-05-06_48_58.360,258,4,16,1,-38.179,-69.802,1.003
2012-05-05-06_48_58.360,258,4,16,1,-38.152,-69.703,1.103
2012-05-05-06_48_58.361,258,4,16,1,-38.255,-69.785,1.103
2012-05-05-06_48_58.362,258,5,16,1,-47.196,-69.788,1.403
2012-05-05-06_48_58.363,258,5,16,1,-47.283,-69.769,1.603
2012-05-05-06_48_58.364,258,5,16,1,-47.254,-69.792,1.503
2012-05-05-06_48_58.364,258,6,16,1,-56.225,-69.863,1.303
2012-05-05-06_48_58.365,258,6,16,1,-56.197,-69.763,1.403
2012-05-05-06_48_58.366,258,6,16,1,-56.300,-69.845,1.403
2012-05-05-06_48_58.367,258,7,16,1,-65.195,-69.782,2.203
2012-05-05-06_48_58.368,258,7,16,1,-65.200,-69.780,2.203
2012-05-05-06_48_58.369,258,7,16,1,-65.180,-69.680,2.203
2012-05-05-06_48_58.370,258,0,17,0,2.256,-74.280,2.215
2012-05-05-06_48_58.370,258,0,17,0,2.291,-74.190,2.215
2012-05-05-06_48_58.371,258,0,17,0,2.193,-74.258,2.315
2012-05-05-06_48_58.373,258,1,17,0,-6.750,-74.293,1.915
2012-05-05-06_48_58.374,258,1,17,0,-6.830,-74.273,1.915
2012-05-05-06_48_58.375,258,1,17,0,-6.771,-74.206,2.015
2012-05-05-06_48_58.376,258,2,17,0,-15.709,-74.210,1.315
2012-05-05-06_48_58.377,258,2,17,0,-15.772,-74.188,1.315
2012-05-05-06_48_58.378,258,2,17,0,-15.718,-74.138,1.315
2012-05-05-06_48_58.378,258,3,17,0,-24.731,-74.292,1.815
2012-05-05-06_48_58.379,258,3,17,0,-24.696,-74.202,1.815
2012-05-05-06_48_58.380,258,3,17,0,-24.794,-74.270,1.815
2012-05-05-06_48_58.380,258,4,17,0,-33.728,-74.294,1.015
2012-05-05-06_48_58.381,258,4,17,0,-33.693,-74.204,1.115
2012-05-05-06_48_58.382,258,4,17,0,-33.791,-74.272,1.115
2012-05-05-06_48_58.383,258,5,17,0,-42.736,-74.290,1.515
2012-05-05-06_48_58.383,258,5,17,0,-42.683,-74.341,1.515
2012-05-05-06_48_58.384,258,5,17,0,-42.781,-74.308,1.515
2012-05-05-06_48_58.385,258,6,17,0,-51.773,-74.355,1.315
2012-05-05-06_48_58.386,258,6,17,0,-51.738,-74.264,1.315
2012-05-05-06_48_58.387,258,6,17,0,-51.836,-74.332,1.315
2012-05-05-06_48_58.388,258,7,17,0,-60.668,-74.291,2.115
2012-05-05-06_48_58.388,258,7,17,0,-60.731,-74.269,2.115
2012-05-05-06_48_58.389,258,7,17,0,-60.677,-74.219,2.115
2012-05-05-06_48_58.391,258,0,17,1,-2.196,-74.286,2.324
2012-05-05-06_48_58.392,258,0,17,1,-2.169,-74.189,2.224
2012-05-05-06_48_58.392,258,0,17,1,-2.272,-74.268,2.224
2012-05-05-06_48_58.393,258,1,17,1,-11.212,-74.292,1.924
2012-05-05-06_48_58.394,258,1,17,1,-11.343,-74.221,1.924
2012-05-05-06_48_58.394,258,1,17,1,-11.236,-74.206,1.924
2012-05-05-06_48_58.395,258,2,17,1,-20.161,-74.216,1.424
2012-05-05-06_48_58.396,258,2,17,1,-20.237,-74.198,1.324
2012-05-05-06_48_58.396,258,2,17,1,-20.244,-74.197,1.324
2012-05-05-06_48_58.397,258,3,17,1,-29.183,-74.298,1.524
2012-05-05-06_48_58.398,258,3,17,1,-29.156,-74.201,1.624
2012-05-05-06_48_58.399,258,3,17,1,-29.259,-74.281,1.524
2012-05-05-06_48_58.399,258,4,17,1,-38.180,-74.300,1.124
2012-05-05-06_48_58.400,258,4,17,1,-38.152,-74.203,1.024
2012-05-05-06_48_58.401,258,4,17,1,-38.255,-74.282,1.024
2012-05-05-06_48_58.402,258,5,17,1,-47.196,-74.289,1.624
2012-05-05-06_48_58.403,258,5,17,1,-47.284,-74.267,1.624
2012-05-05-06_48_58.403,258,5,17,1,-47.252,-74.292,1.524
2012-05-05-06_48_58.404,258,6,17,1,-56.225,-74.360,1.424
2012-05-05-06_48_58.405,258,6,17,1,-56.198,-74.264,1.424
2012-05-05-06_48_58.407,258,6,17,1,-56.301,-74.343,1.424
2012-05-05-06_48_58.408,258,7,17,1,-65.195,-74.279,2.224
2012-05-05-06_48_58.408,258,7,17,1,-65.203,-74.278,2.224
2012-05-05-06_48_58.409,258,7,17,1,-65.180,-74.178,2.224
2012-05-05-06_48_58.410,258,0,18,0,2.268,-78.779,2.033
2012-05-05-06_48_58.410,258,0,18,0,2.293,-78.689,2.033
2012-05-05-06_48_58.411,258,0,18,0,2.190,-78.755,2.033
2012-05-05-06_48_58.411,258,1,18,0,-6.750,-78.789,1.833
2012-05-05-06_48_58.412,258,1,18,0,-6.831,-78.769,1.833
2012-05-05-06_48_58.413,258,1,18,0,-6.769,-78.704,1.833
2012-05-05-06_48_58.414,258,2,18,0,-15.697,-78.709,1.433
2012-05-05-06_48_58.414,258,2,18,0,-15.775,-78.685,1.433
2012-05-05-06_48_58.416,258,2,18,0,-15.719,-78.639,1.433
2012-05-05-06_48_58.416,258,3,18,0,-24.719,-78.791,1.733
2012-05-05-06_48_58.417,258,3,18,0,-24.694,-78.701,1.833
2012-05-05-06_48_58.418,258,3,18,0,-24.797,-78.767,1.833
2012-05-05-06_48_58.420,258,4,18,0,-33.716,-78.793,1.133
2012-05-05-06_48_58.421,258,4,18,0,-33.691,-78.703,1.133
2012-05-05-06_48_58.421,258,4,18,0,-33.794,-78.769,1.133
2012-05-05-06_48_58.422,258,5,18,0,-42.734,-78.789,1.833
2012-05-05-06_48_58.423,258,5,18,0,-42.684,-78.837,1.533
2012-05-05-06_48_58.423,258,5,18,0,-42.781,-78.809,1.733
2012-05-05-06_48_58.425,258,6,18,0,-51.761,-78.854,1.533
2012-05-05-06_48_58.425,258,6,18,0,-51.736,-78.764,1.533
2012-05-05-06_48_58.426,258,6,18,0,-51.839,-78.829,1.533
2012-05-05-06_48_58.427,258,7,18,0,-60.656,-78.790,2.333
2012-05-05-06_48_58.428,258,7,18,0,-60.734,-78.766,2.333
2012-05-05-06_48_58.429,258,7,18,0,-60.677,-78.720,2.333
2012-05-05-06_48_58.430,258,0,18,1,-2.194,-78.788,2.042
2012-05-05-06_48_58.430,258,0,18,1,-2.167,-78.689,2.042
2012-05-05-06_48_58.431,258,0,18,1,-2.270,-78.765,2.041
2012-05-05-06_48_58.432,258,1,18,1,-11.212,-78.788,1.842
2012-05-05-06_48_58.432,258,1,18,1,-11.341,-78.721,1.842
2012-05-05-06_48_58.433,258,1,18,1,-11.236,-78.704,1.841
2012-05-05-06_48_58.434,258,2,18,1,-20.159,-78.718,1.442
2012-05-05-06_48_58.435,258,2,18,1,-20.235,-78.695,1.441
2012-05-05-06_48_58.436,258,2,18,1,-20.242,-78.693,1.441
2012-05-05-06_48_58.437,258,3,18,1,-29.181,-78.800,1.542
2012-05-05-06_48_58.438,258,3,18,1,-29.154,-78.701,1.842
2012-05-05-06_48_58.439,258,3,18,1,-29.257,-78.777,1.841
2012-05-05-06_48_58.439,258,4,18,1,-38.178,-78.802,1.142
2012-05-05-06_48_58.440,258,4,18,1,-38.150,-78.703,1.242
2012-05-05-06_48_58.442,258,4,18,1,-38.253,-78.779,1.241
2012-05-05-06_48_58.442,258,5,18,1,-47.194,-78.789,1.542
2012-05-05-06_48_58.443,258,5,18,1,-47.282,-78.764,1.641
2012-05-05-06_48_58.444,258,5,18,1,-47.253,-78.792,1.541
2012-05-05-06_48_58.445,258,6,18,1,-56.223,-78.862,1.542
2012-05-05-06_48_58.445,258,6,18,1,-56.196,-78.764,1.542
2012-05-05-06_48_58.446,258,6,18,1,-56.299,-78.840,1.541
2012-05-05-06_48_58.447,258,7,18,1,-65.193,-78.776,2.341
2012-05-05-06_48_58.448,258,7,18,1,-65.201,-78.774,2.341
2012-05-05-06_48_58.448,258,7,18,1,-65.178,-78.675,2.341
2012-05-05-06_48_58.449,258,0,19,0,2.265,-83.282,2.053
2012-05-05-06_48_58.450,258,0,19,0,2.295,-83.196,2.053
2012-05-05-06_48_58.451,258,0,19,0,2.189,-83.253,2.053
2012-05-05-06_48_58.452,258,1,19,0,-6.751,-83.290,1.953
2012-05-05-06_48_58.452,258,1,19,0,-6.829,-83.268,1.953
2012-05-05-06_48_58.453,258,1,19,0,-6.772,-83.211,1.853
2012-05-05-06_48_58.454,258,2,19,0,-15.700,-83.212,1.453
2012-05-05-06_48_58.455,258,2,19,0,-15.775,-83.183,1.453
2012-05-05-06_48_58.456,258,2,19,0,-15.721,-83.142,1.453
2012-05-05-06_48_58.456,258,3,19,0,-24.722,-83.294,1.853
2012-05-05-06_48_58.457,258,3,19,0,-24.692,-83.208,1.853
2012-05-05-06_48_58.458,258,3,19,0,-24.798,-83.266,1.853
2012-05-05-06_48_58.458,258,4,19,0,-33.719,-83.296,1.153
2012-05-05-06_48_58.459,258,4,19,0,-33.689,-83.210,1.153
2012-05-05-06_48_58.460,258,4,19,0,-33.794,-83.267,1.153
2012-05-05-06_48_58.461,258,5,19,0,-42.732,-83.296,1.753
2012-05-05-06_48_58.462,258,5,19,0,-42.681,-83.336,1.553
2012-05-05-06_48_58.463,258,5,19,0,-42.784,-83.312,1.753
2012-05-05-06_48_58.464,258,6,19,0,-51.764,-83.357,1.553
2012-05-05-06_48_58.465,258,6,19,0,-51.734,-83.271,1.553
2012-05-05-06_48_58.465,258,6,19,0,-51.840,-83.328,1.553
2012-05-05-06_48_58.466,258,7,19,0,-60.659,-83.293,2.353
2012-05-05-06_48_58.467,258,7,19,0,-60.734,-83.264,2.353
2012-05-05-06_48_58.468,258,7,19,0,-60.680,-83.223,2.353
2012-05-05-06_48_58.469,258,0,19,1,-2.195,-83.292,2.065
2012-05-05-06_48_58.469,258,0,19,1,-2.167,-83.196,2.065
2012-05-05-06_48_58.470,258,0,19,1,-2.268,-83.266,2.065
2012-05-05-06_48_58.471,258,1,19,1,-11.213,-83.290,1.865
2012-05-05-06_48_58.472,258,1,19,1,-11.342,-83.228,1.765
2012-05-05-06_48_58.474,258,1,19,1,-11.237,-83.210,1.865
2012-05-05-06_48_58.474,258,2,19,1,-20.160,-83.222,1.465
2012-05-05-06_48_58.475,258,2,19,1,-20.233,-83.195,1.465
2012-05-05-06_48_58.477,258,2,19,1,-20.242,-83.195,1.465
2012-05-05-06_48_58.478,258,3,19,1,-29.182,-83.304,1.665
2012-05-05-06_48_58.478,258,3,19,1,-29.154,-83.208,1.765
2012-05-05-06_48_58.479,258,3,19,1,-29.255,-83.278,1.765
2012-05-05-06_48_58.480,258,4,19,1,-38.178,-83.306,1.265
2012-05-05-06_48_58.481,258,4,19,1,-38.151,-83.210,1.265
2012-05-05-06_48_58.482,258,4,19,1,-38.251,-83.280,1.165
2012-05-05-06_48_58.482,258,5,19,1,-47.194,-83.296,1.565
2012-05-05-06_48_58.483,258,5,19,1,-47.282,-83.269,1.565
2012-05-05-06_48_58.484,258,5,19,1,-47.251,-83.298,1.565
2012-05-05-06_48_58.485,258,6,19,1,-56.224,-83.367,1.565
2012-05-05-06_48_58.485,258,6,19,1,-56.196,-83.271,1.565
2012-05-05-06_48_58.486,258,6,19,1,-56.297,-83.340,1.565
2012-05-05-06_48_58.487,258,7,19,1,-65.191,-83.276,2.365
2012-05-05-06_48_58.488,258,7,19,1,-65.201,-83.275,2.365
2012-05-05-06_48_58.489,258,7,19,1,-65.179,-83.180,2.365
2012-05-05-06_48_58.490,258,0,20,0,2.267,-87.784,2.078
2012-05-05-06_48_58.490,258,0,20,0,2.297,-87.696,2.078
2012-05-05-06_48_58.491,258,0,20,0,2.189,-87.754,1.978
2012-05-05-06_48_58.492,258,1,20,0,-6.751,-87.794,1.878
2012-05-05-06_48_58.493,258,1,20,0,-6.829,-87.768,1.778
2012-05-05-06_48_58.494,258,1,20,0,-6.770,-87.716,1.778
2012-05-05-06_48_58.494,258,2,20,0,-15.698,-87.714,1.478
2012-05-05-06_48_58.495,258,2,20,0,-15.776,-87.684,1.478
2012-05-05-06_48_58.495,258,2,20,0,-15.719,-87.640,1.478
2012-05-05-06_48_58.496,258,3,20,0,-24.720,-87.796,1.878
2012-05-05-06_48_58.497,258,3,20,0,-24.690,-87.709,1.878
2012-05-05-06_48_58.498,258,3,20,0,-24.798,-87.767,1.878
2012-05-05-06_48_58.498,258,4,20,0,-33.717,-87.798,1.078
2012-05-05-06_48_58.499,258,4,20,0,-33.687,-87.710,1.178
2012-05-05-06_48_58.500,258,4,20,0,-33.795,-87.768,1.078
2012-05-05-06_48_58.500,258,5,20,0,-42.730,-87.796,1.778
2012-05-05-06_48_58.501,258,5,20,0,-42.682,-87.836,1.478
2012-05-05-06_48_58.502,258,5,20,0,-42.782,-87.810,1.678
2012-05-05-06_48_58.503,258,6,20,0,-51.762,-87.858,1.478
2012-05-05-06_48_58.503,258,6,20,0,-51.732,-87.771,1.578
2012-05-05-06_48_58.504,258,6,20,0,-51.840,-87.829,1.578
2012-05-05-06_48_58.505,258,7,20,0,-60.657,-87.795,2.278
2012-05-05-06_48_58.506,258,7,20,0,-60.735,-87.765,2.278
2012-05-05-06_48_58.506,258,7,20,0,-60.678,-87.721,2.378
2012-05-05-06_48_58.507,258,0,20,1,-2.190,-87.791,2.087
2012-05-05-06_48_58.508,258,0,20,1,-2.276,-87.772,1.987
2012-05-05-06_48_58.509,258,0,20,1,-2.217,-87.710,2.087
2012-05-05-06_48_58.510,258,2,20,1,-20.155,-87.721,1.487
2012-05-05-06_48_58.511,258,2,20,1,-20.241,-87.702,1.487
2012-05-05-06_48_58.511,258,3,20,1,-29.177,-87.803,1.687
2012-05-05-06_48_58.512,258,3,20,1,-29.263,-87.785,1.887
2012-05-05-06_48_58.513,258,3,20,1,-29.204,-87.722,1.887
2012-05-05-06_48_58.514,258,4,20,1,-38.174,-87.805,1.287
2012-05-05-06_48_58.514,258,4,20,1,-38.259,-87.786,1.287
2012-05-05-06_48_58.515,258,4,20,1,-38.200,-87.724,1.287
2012-05-05-06_48_58.516,258,5,20,1,-47.244,-87.810,1.587
2012-05-05-06_48_58.517,258,6,20,1,-56.219,-87.865,1.587
2012-05-05-06_48_58.517,258,6,20,1,-56.305,-87.847,1.587
2012-05-05-06_48_58.518,258,6,20,1,-56.148,-87.812,1.587
2012-05-05-06_48_58.518,258,7,20,1,-65.199,-87.783,2.287
2012-05-05-06_48_58.519,258,7,20,1,-65.140,-87.721,2.287
2012-05-05-06_48_58.520,258,0,21,0,2.269,-92.283,2.096
2012-05-05-06_48_58.521,258,0,21,0,2.294,-92.190,2.096
2012-05-05-06_48_58.521,258,0,21,0,2.186,-92.257,1.996
2012-05-05-06_48_58.522,258,1,21,0,-6.754,-92.296,1.896
2012-05-05-06_48_58.523,258,1,21,0,-6.827,-92.269,1.896
2012-05-05-06_48_58.524,258,1,21,0,-6.773,-92.210,1.896
2012-05-05-06_48_58.525,258,2,21,0,-15.696,-92.213,1.396
2012-05-05-06_48_58.526,258,2,21,0,-15.779,-92.187,1.396
2012-05-05-06_48_58.527,258,2,21,0,-15.717,-92.135,1.396
2012-05-05-06_48_58.529,258,3,21,0,-24.718,-92.295,1.796
2012-05-05-06_48_58.531,258,3,21,0,-24.693,-92.203,1.796
2012-05-05-06_48_58.531,258,3,21,0,-24.801,-92.269,1.796
2012-05-05-06_48_58.532,258,4,21,0,-33.715,-92.297,1.096
2012-05-05-06_48_58.533,258,4,21,0,-33.690,-92.204,1.096
2012-05-05-06_48_58.534,258,4,21,0,-33.797,-92.271,1.196
2012-05-05-06_48_58.535,258,5,21,0,-42.733,-92.290,1.796
2012-05-05-06_48_58.535,258,5,21,0,-42.680,-92.337,1.596
2012-05-05-06_48_58.536,258,5,21,0,-42.780,-92.305,1.796
2012-05-05-06_48_58.537,258,6,21,0,-51.760,-92.357,1.496
2012-05-05-06_48_58.538,258,6,21,0,-51.735,-92.265,1.496
2012-05-05-06_48_58.538,258,6,21,0,-51.682,-92.312,1.596
2012-05-05-06_48_58.539,258,7,21,0,-60.655,-92.293,2.296
2012-05-05-06_48_58.540,258,7,21,0,-60.737,-92.268,2.296
2012-05-05-06_48_58.541,258,7,21,0,-60.676,-92.216,2.296
2012-05-05-06_48_58.542,258,0,21,1,-2.191,-92.289,2.105
2012-05-05-06_48_58.542,258,0,21,1,-2.166,-92.190,2.104
2012-05-05-06_48_58.543,258,0,21,1,-2.266,-92.270,2.104
2012-05-05-06_48_58.544,258,1,21,1,-11.214,-92.296,1.905
2012-05-05-06_48_58.544,258,1,21,1,-11.340,-92.222,2.004
2012-05-05-06_48_58.545,258,1,21,1,-11.235,-92.209,2.004
2012-05-05-06_48_58.546,258,2,21,1,-20.156,-92.219,1.505
2012-05-05-06_48_58.546,258,2,21,1,-20.231,-92.200,1.504
2012-05-05-06_48_58.547,258,2,21,1,-20.238,-92.199,1.504
2012-05-05-06_48_58.548,258,3,21,1,-29.178,-92.301,1.605
2012-05-05-06_48_58.549,258,3,21,1,-29.153,-92.202,1.804
2012-05-05-06_48_58.549,258,3,21,1,-29.253,-92.282,1.804
2012-05-05-06_48_58.551,258,4,21,1,-38.174,-92.303,1.205
2012-05-05-06_48_58.551,258,4,21,1,-38.149,-92.204,1.204
2012-05-05-06_48_58.552,258,4,21,1,-38.250,-92.284,1.204
2012-05-05-06_48_58.553,258,5,21,1,-47.193,-92.290,1.504
2012-05-05-06_48_58.554,258,5,21,1,-47.281,-92.270,1.504
2012-05-05-06_48_58.556,258,5,21,1,-47.249,-92.292,1.604
2012-05-05-06_48_58.557,258,6,21,1,-56.220,-92.364,1.605
2012-05-05-06_48_58.557,258,6,21,1,-56.195,-92.264,1.604
2012-05-05-06_48_58.558,258,6,21,1,-56.295,-92.345,1.504
2012-05-05-06_48_58.559,258,7,21,1,-65.190,-92.281,2.104
2012-05-05-06_48_58.560,258,7,21,1,-65.197,-92.280,2.104
2012-05-05-06_48_58.560,258,7,21,1,-65.177,-92.180,2.104
2012-05-05-06_48_58.561,258,0,22,0,2.269,-96.780,2.016
2012-05-05-06_48_58.562,258,0,22,0,2.296,-96.691,2.016
2012-05-05-06_48_58.563,258,0,22,0,2.186,-96.757,2.016
2012-05-05-06_48_58.564,258,1,22,0,-6.757,-96.794,1.816
2012-05-05-06_48_58.564,258,1,22,0,-6.832,-96.774,1.816
2012-05-05-06_48_58.565,258,1,22,0,-6.778,-96.708,1.916
2012-05-05-06_48_58.566,258,2,22,0,-15.696,-96.710,1.316
2012-05-05-06_48_58.566,258,2,22,0,-15.779,-96.687,1.316
2012-05-05-06_48_58.567,258,2,22,0,-15.718,-96.640,1.416
2012-05-05-06_48_58.568,258,3,22,0,-24.718,-96.792,1.816
2012-05-05-06_48_58.568,258,3,22,0,-24.691,-96.704,1.816
2012-05-05-06_48_58.569,258,3,22,0,-24.801,-96.770,1.816
2012-05-05-06_48_58.570,258,4,22,0,-33.715,-96.794,1.116
2012-05-05-06_48_58.571,258,4,22,0,-33.688,-96.705,1.116
2012-05-05-06_48_58.572,258,4,22,0,-33.798,-96.771,1.116
2012-05-05-06_48_58.572,258,5,22,0,-42.731,-96.791,1.816
2012-05-05-06_48_58.573,258,5,22,0,-42.685,-96.842,1.516
2012-05-05-06_48_58.574,258,5,22,0,-42.780,-96.810,1.816
2012-05-05-06_48_58.575,258,6,22,0,-51.760,-96.854,1.516
2012-05-05-06_48_58.577,258,6,22,0,-51.733,-96.766,1.516
2012-05-05-06_48_58.577,258,6,22,0,-51.687,-96.817,1.516
2012-05-05-06_48_58.578,258,7,22,0,-60.655,-96.790,2.216
2012-05-05-06_48_58.579,258,7,22,0,-60.738,-96.768,2.316
2012-05-05-06_48_58.580,258,7,22,0,-60.677,-96.721,2.216
2012-05-05-06_48_58.581,258,0,22,1,-2.194,-96.786,2.125
2012-05-05-06_48_58.581,258,0,22,1,-2.166,-96.691,2.025
2012-05-05-06_48_58.582,258,0,22,1,-2.262,-96.767,2.125
2012-05-05-06_48_58.583,258,1,22,1,-11.214,-96.794,1.925
2012-05-05-06_48_58.584,258,1,22,1,-11.340,-96.722,1.925
2012-05-05-06_48_58.585,258,1,22,1,-11.235,-96.708,1.925
2012-05-05-06_48_58.586,258,2,22,1,-20.158,-96.716,1.525
2012-05-05-06_48_58.586,258,2,22,1,-20.227,-96.697,1.425
2012-05-05-06_48_58.587,258,2,22,1,-20.236,-96.696,1.425
2012-05-05-06_48_58.588,258,3,22,1,-29.181,-96.799,1.625
2012-05-05-06_48_58.589,258,3,22,1,-29.153,-96.703,1.825
2012-05-05-06_48_58.590,258,3,22,1,-29.249,-96.780,1.625
2012-05-05-06_48_58.590,258,4,22,1,-38.177,-96.800,1.225
2012-05-05-06_48_58.591,258,4,22,1,-38.150,-96.705,1.225
2012-05-05-06_48_58.592,258,4,22,1,-38.245,-96.781,1.225
2012-05-05-06_48_58.592,258,5,22,1,-47.193,-96.790,1.625
2012-05-05-06_48_58.593,258,5,22,1,-47.281,-96.768,1.625
2012-05-05-06_48_58.594,258,5,22,1,-47.252,-96.790,8.725
2012-05-05-06_48_58.595,258,6,22,1,-56.223,-96.861,1.525
2012-05-05-06_48_58.595,258,6,22,1,-56.195,-96.765,1.625
2012-05-05-06_48_58.596,258,6,22,1,-56.291,-96.842,1.525
2012-05-05-06_48_58.597,258,7,22,1,-65.185,-96.778,2.125
2012-05-05-06_48_58.599,258,7,22,1,-65.195,-96.777,2.125
2012-05-05-06_48_58.602,258,7,22,1,-65.177,-96.679,2.025
2012-05-05-06_48_58.603,258,0,23,0,2.268,-101.278,2.040
2012-05-05-06_48_58.604,258,0,23,0,2.293,-101.190,1.940
2012-05-05-06_48_58.606,258,0,23,0,2.185,-101.254,2.040
2012-05-05-06_48_58.607,258,1,23,0,-6.760,-101.289,1.840
2012-05-05-06_48_58.607,258,1,23,0,-6.830,-101.270,1.840
2012-05-05-06_48_58.608,258,1,23,0,-6.776,-101.204,1.840
2012-05-05-06_48_58.609,258,2,23,0,-15.697,-101.208,1.340
2012-05-05-06_48_58.610,258,2,23,0,-15.780,-101.184,1.340
2012-05-05-06_48_58.610,258,2,23,0,-15.716,-101.140,1.240
2012-05-05-06_48_58.611,258,3,23,0,-24.719,-101.290,1.840
2012-05-05-06_48_58.612,258,3,23,0,-24.694,-101.202,1.740
2012-05-05-06_48_58.613,258,3,23,0,-24.802,-101.266,1.740
2012-05-05-06_48_58.614,258,4,23,0,-33.715,-101.292,1.140
2012-05-05-06_48_58.614,258,4,23,0,-33.690,-101.204,1.140
2012-05-05-06_48_58.615,258,4,23,0,-33.798,-101.268,1.140
2012-05-05-06_48_58.616,258,5,23,0,-42.734,-101.290,1.640
2012-05-05-06_48_58.617,258,5,23,0,-42.683,-101.338,1.440
2012-05-05-06_48_58.618,258,5,23,0,-42.778,-101.309,1.640
2012-05-05-06_48_58.619,258,6,23,0,-51.761,-101.353,1.540
2012-05-05-06_48_58.619,258,6,23,0,-51.736,-101.264,1.540
2012-05-05-06_48_58.620,258,6,23,0,-51.685,-101.313,1.540
2012-05-05-06_48_58.621,258,7,23,0,-60.655,-101.289,2.240
2012-05-05-06_48_58.622,258,7,23,0,-60.738,-101.265,2.140
2012-05-05-06_48_58.623,258,7,23,0,-60.675,-101.220,2.240
2012-05-05-06_48_58.623,258,0,23,1,-2.179,-101.276,2.040
2012-05-05-06_48_58.624,258,0,23,1,-2.166,-101.190,2.040
2012-05-05-06_48_58.625,258,0,23,1,-2.260,-101.265,2.040
2012-05-05-06_48_58.626,258,1,23,1,-11.354,-101.308,1.940
2012-05-05-06_48_58.626,258,1,23,1,-11.341,-101.222,1.840
2012-05-05-06_48_58.627,258,1,23,1,-11.236,-101.204,1.840
2012-05-05-06_48_58.628,258,2,23,1,-20.144,-101.206,1.340
2012-05-05-06_48_58.628,258,2,23,1,-20.225,-101.194,1.440
2012-05-05-06_48_58.629,258,2,23,1,-20.237,-101.193,1.440
2012-05-05-06_48_58.630,258,3,23,1,-29.166,-101.288,1.540
2012-05-05-06_48_58.632,258,3,23,1,-29.153,-101.202,1.840
2012-05-05-06_48_58.633,258,3,23,1,-29.247,-101.277,1.840
2012-05-05-06_48_58.634,258,4,23,1,-38.163,-101.290,1.240
2012-05-05-06_48_58.634,258,4,23,1,-38.150,-101.204,1.240
2012-05-05-06_48_58.635,258,4,23,1,-38.243,-101.279,1.240
2012-05-05-06_48_58.636,258,5,23,1,-47.194,-101.290,1.540
2012-05-05-06_48_58.636,258,5,23,1,-47.279,-101.266,1.540
2012-05-05-06_48_58.637,258,5,23,1,-47.250,-101.292,1.540
2012-05-05-06_48_58.638,258,6,23,1,-56.208,-101.350,1.540
2012-05-05-06_48_58.639,258,6,23,1,-56.195,-101.264,1.540
2012-05-05-06_48_58.640,258,6,23,1,-56.289,-101.339,1.540
2012-05-05-06_48_58.641,258,7,23,1,-65.183,-101.275,2.140
2012-05-05-06_48_58.644,258,7,23,1,-65.196,-101.274,2.140
2012-05-05-06_48_58.645,258,7,23,1,-65.175,-101.177,2.040
