2012-05-06-01_28_33.688,483,0,0,0,2.259,2.220,3.496
2012-05-06-01_28_33.688,483,1,0,0,-6.749,2.204,2.796
2012-05-06-01_28_33.689,483,2,0,0,-15.738,2.301,2.496
2012-05-06-01_28_33.690,483,3,0,0,-24.792,2.205,2.796
2012-05-06-01_28_33.690,483,4,0,0,-33.779,2.230,1.996
2012-05-06-01_28_33.691,483,5,0,0,-42.794,2.168,2.696
2012-05-06-01_28_33.692,483,6,0,0,-51.793,2.164,2.596
2012-05-06-01_28_33.693,483,7,0,0,-60.715,2.247,3.296
2012-05-06-01_28_33.694,483,0,0,1,-2.186,2.212,3.596
2012-05-06-01_28_33.695,483,1,0,1,-11.204,2.205,3.096
2012-05-06-01_28_33.696,483,2,0,1,-20.183,2.293,2.596
2012-05-06-01_28_33.697,483,3,0,1,-29.237,2.197,2.696
2012-05-06-01_28_33.698,483,4,0,1,-38.224,2.222,2.296
2012-05-06-01_28_33.699,483,5,0,1,-47.239,2.160,2.596
2012-05-06-01_28_33.699,483,6,0,1,-56.238,2.156,2.796
2012-05-06-01_28_33.700,483,7,0,1,-65.160,2.239,3.396
2012-05-06-01_28_33.701,483,0,1,0,2.271,-2.280,3.612
2012-05-06-01_28_33.702,483,1,1,0,-6.745,-2.290,3.012
2012-05-06-01_28_33.702,483,2,1,0,-15.726,-2.200,2.512
2012-05-06-01_28_33.710,483,3,1,0,-24.781,-2.295,2.912
2012-05-06-01_28_33.712,483,4,1,0,-33.768,-2.270,2.212
2012-05-06-01_28_33.713,483,5,1,0,-42.782,-2.332,2.712
2012-05-06-01_28_33.714,483,6,1,0,-51.781,-2.336,2.612
2012-05-06-01_28_33.714,483,7,1,0,-60.703,-2.254,3.312
2012-05-06-01_28_33.715,483,0,1,1,-2.188,-2.289,3.619
2012-05-06-01_28_33.716,483,1,1,1,-11.202,-2.290,3.119
2012-05-06-01_28_33.716,483,2,1,1,-20.186,-2.209,2.619
2012-05-06-01_28_33.717,483,3,1,1,-29.240,-2.304,2.619
2012-05-06-01_28_33.718,483,4,1,1,-38.227,-2.279,2.019
2012-05-06-01_28_33.718,483,5,1,1,-47.242,-2.341,2.619
2012-05-06-01_28_33.719,483,6,1,1,-56.241,-2.345,2.719
2012-05-06-01_28_33.720,483,7,1,1,-65.163,-2.263,3.319
2012-05-06-01_28_33.721,483,0,2,0,2.271,-6.784,3.628
2012-05-06-01_28_33.721,483,1,2,0,-6.745,-6.788,3.128
2012-05-06-01_28_33.722,483,2,2,0,-15.726,-6.704,2.528
2012-05-06-01_28_33.722,483,3,2,0,-24.781,-6.799,2.828
2012-05-06-01_28_33.723,483,4,2,0,-33.768,-6.774,2.328
2012-05-06-01_28_33.724,483,5,2,0,-42.783,-6.837,2.928
2012-05-06-01_28_33.724,483,6,2,0,-51.781,-6.840,2.728
2012-05-06-01_28_33.725,483,7,2,0,-60.703,-6.758,3.528
2012-05-06-01_28_33.726,483,0,2,1,-2.186,-6.792,3.637
2012-05-06-01_28_33.726,483,1,2,1,-11.202,-6.787,3.137
2012-05-06-01_28_33.727,483,2,2,1,-20.184,-6.712,2.537
2012-05-06-01_28_33.728,483,3,2,1,-29.238,-6.807,2.937
2012-05-06-01_28_33.728,483,4,2,1,-38.225,-6.782,2.337
2012-05-06-01_28_33.729,483,5,2,1,-47.240,-6.845,2.637
2012-05-06-01_28_33.730,483,6,2,1,-56.239,-6.848,2.737
2012-05-06-01_28_33.730,483,7,2,1,-65.161,-6.766,3.437
2012-05-06-01_28_33.731,483,0,3,0,2.270,-11.282,3.647
2012-05-06-01_28_33.732,483,1,3,0,-6.743,-11.287,3.247
2012-05-06-01_28_33.733,483,2,3,0,-15.727,-11.202,2.547
2012-05-06-01_28_33.733,483,3,3,0,-24.781,-11.297,2.947
2012-05-06-01_28_33.734,483,4,3,0,-33.769,-11.272,2.347
2012-05-06-01_28_33.735,483,5,3,0,-42.783,-11.334,2.647
2012-05-06-01_28_33.735,483,6,3,0,-51.782,-11.338,2.747
2012-05-06-01_28_33.736,483,7,3,0,-60.704,-11.256,3.347
2012-05-06-01_28_33.736,483,0,3,1,-2.187,-11.288,3.659
2012-05-06-01_28_33.737,483,1,3,1,-11.200,-11.286,3.159
2012-05-06-01_28_33.737,483,2,3,1,-20.184,-11.208,2.559
2012-05-06-01_28_33.738,483,3,3,1,-29.239,-11.303,2.959
2012-05-06-01_28_33.738,483,4,3,1,-38.226,-11.278,2.359
2012-05-06-01_28_33.739,483,5,3,1,-47.240,-11.341,2.559
2012-05-06-01_28_33.739,483,6,3,1,-56.239,-11.344,2.759
2012-05-06-01_28_33.740,483,7,3,1,-65.161,-11.262,3.259
2012-05-06-01_28_33.740,483,0,4,0,2.270,-15.782,3.672
2012-05-06-01_28_33.741,483,1,4,0,-6.741,-15.794,3.172
2012-05-06-01_28_33.742,483,2,4,0,-15.727,-15.702,2.572
2012-05-06-01_28_33.742,483,3,4,0,-24.782,-15.798,2.972
2012-05-06-01_28_33.743,483,4,4,0,-33.769,-15.772,2.072
2012-05-06-01_28_33.743,483,5,4,0,-42.784,-15.835,2.672
2012-05-06-01_28_33.744,483,6,4,0,-51.782,-15.838,2.672
2012-05-06-01_28_33.744,483,7,4,0,-60.704,-15.756,3.472
2012-05-06-01_28_33.745,483,0,4,1,-2.187,-15.789,3.683
2012-05-06-01_28_33.745,483,1,4,1,-11.203,-15.794,3.082
2012-05-06-01_28_33.746,483,2,4,1,-20.184,-15.708,2.583
2012-05-06-01_28_33.747,483,3,4,1,-29.239,-15.804,2.983
2012-05-06-01_28_33.747,483,4,4,1,-38.226,-15.779,2.183
2012-05-06-01_28_33.749,483,5,4,1,-47.241,-15.841,2.483
2012-05-06-01_28_33.750,483,6,4,1,-56.239,-15.845,2.683
2012-05-06-01_28_33.751,483,7,4,1,-65.161,-15.762,3.383
2012-05-06-01_28_33.751,483,0,5,0,2.270,-20.280,3.691
2012-05-06-01_28_33.754,483,1,5,0,-6.742,-20.298,3.191
2012-05-06-01_28_33.754,483,2,5,0,-15.728,-20.199,2.591
2012-05-06-01_28_33.755,483,3,5,0,-24.782,-20.295,2.891
2012-05-06-01_28_33.755,483,4,5,0,-33.769,-20.270,2.291
2012-05-06-01_28_33.756,483,5,5,0,-42.784,-20.332,2.691
2012-05-06-01_28_33.757,483,6,5,0,-51.783,-20.336,2.691
2012-05-06-01_28_33.757,483,7,5,0,-60.705,-20.253,3.391
2012-05-06-01_28_33.758,483,0,5,1,-2.185,-20.288,3.700
2012-05-06-01_28_33.759,483,1,5,1,-11.206,-20.297,3.100
2012-05-06-01_28_33.759,483,2,5,1,-20.182,-20.207,2.600
2012-05-06-01_28_33.760,483,3,5,1,-29.237,-20.303,2.900
2012-05-06-01_28_33.761,483,4,5,1,-38.224,-20.278,2.200
2012-05-06-01_28_33.762,483,5,5,1,-47.239,-20.340,2.600
2012-05-06-01_28_33.762,483,6,5,1,-56.237,-20.344,2.700
2012-05-06-01_28_33.763,483,7,5,1,-65.159,-20.261,3.500
2012-05-06-01_28_33.764,483,0,6,0,2.269,-24.780,3.710
2012-05-06-01_28_33.765,483,1,6,0,-6.739,-24.792,3.210
2012-05-06-01_28_33.766,483,2,6,0,-15.728,-24.700,2.610
2012-05-06-01_28_33.766,483,3,6,0,-24.783,-24.795,3.010
2012-05-06-01_28_33.767,483,4,6,0,-33.770,-24.770,2.110
2012-05-06-01_28_33.767,483,5,6,0,-42.784,-24.832,2.610
2012-05-06-01_28_33.768,483,6,6,0,-51.783,-24.836,2.710
2012-05-06-01_28_33.769,483,7,6,0,-60.705,-24.754,3.610
2012-05-06-01_28_33.769,483,0,6,1,-2.183,-24.789,3.722
2012-05-06-01_28_33.770,483,1,6,1,-11.211,-24.791,3.222
2012-05-06-01_28_33.771,483,2,6,1,-20.180,-24.709,2.622
2012-05-06-01_28_33.772,483,3,6,1,-29.235,-24.804,3.022
2012-05-06-01_28_33.772,483,4,6,1,-38.222,-24.779,2.122
2012-05-06-01_28_33.773,483,5,6,1,-47.237,-24.842,2.722
2012-05-06-01_28_33.774,483,6,6,1,-56.235,-24.845,2.822
2012-05-06-01_28_33.774,483,7,6,1,-65.157,-24.763,3.422
2012-05-06-01_28_33.775,483,0,7,0,2.269,-29.284,3.635
2012-05-06-01_28_33.776,483,1,7,0,-6.742,-29.288,3.135
2012-05-06-01_28_33.777,483,2,7,0,-15.728,-29.204,2.735
2012-05-06-01_28_33.777,483,3,7,0,-24.783,-29.299,2.935
2012-05-06-01_28_33.778,483,4,7,0,-33.770,-29.274,2.435
2012-05-06-01_28_33.779,483,5,7,0,-42.785,-29.337,2.735
2012-05-06-01_28_33.780,483,6,7,0,-51.784,-29.340,2.835
2012-05-06-01_28_33.780,483,7,7,0,-60.705,-29.258,3.535
2012-05-06-01_28_33.781,483,0,7,1,-2.181,-29.291,3.745
2012-05-06-01_28_33.781,483,1,7,1,-11.209,-29.287,3.245
2012-05-06-01_28_33.782,483,2,7,1,-20.178,-29.211,2.645
2012-05-06-01_28_33.782,483,3,7,1,-29.233,-29.306,2.945
2012-05-06-01_28_33.783,483,4,7,1,-38.220,-29.281,2.445
2012-05-06-01_28_33.784,483,5,7,1,-47.235,-29.343,2.745
2012-05-06-01_28_33.784,483,6,7,1,-56.233,-29.347,2.845
2012-05-06-01_28_33.785,483,7,7,1,-65.155,-29.265,3.545
2012-05-06-01_28_33.786,483,0,8,0,2.273,-33.781,3.653
2012-05-06-01_28_33.786,483,1,8,0,-6.743,-33.785,3.254
2012-05-06-01_28_33.787,483,2,8,0,-15.724,-33.701,2.653
2012-05-06-01_28_33.788,483,3,8,0,-24.779,-33.797,2.953
2012-05-06-01_28_33.788,483,4,8,0,-33.766,-33.772,2.453
2012-05-06-01_28_33.789,483,5,8,0,-42.780,-33.834,2.753
2012-05-06-01_28_33.790,483,6,8,0,-51.779,-33.838,2.853
2012-05-06-01_28_33.790,483,7,8,0,-60.701,-33.755,3.653
2012-05-06-01_28_33.791,483,0,8,1,-2.182,-33.788,3.763
2012-05-06-01_28_33.792,483,1,8,1,-11.212,-33.785,3.263
2012-05-06-01_28_33.792,483,2,8,1,-20.179,-33.708,2.763
2012-05-06-01_28_33.793,483,3,8,1,-29.233,-33.803,3.063
2012-05-06-01_28_33.794,483,4,8,1,-38.221,-33.778,2.463
2012-05-06-01_28_33.797,483,5,8,1,-47.235,-33.841,2.863
2012-05-06-01_28_33.798,483,6,8,1,-56.234,-33.844,2.863
2012-05-06-01_28_33.799,483,7,8,1,-65.156,-33.762,3.463
2012-05-06-01_28_33.800,483,0,9,0,2.275,-38.282,3.772
2012-05-06-01_28_33.800,483,1,9,0,-6.746,-38.294,3.272
2012-05-06-01_28_33.801,483,2,9,0,-15.722,-38.201,2.672
2012-05-06-01_28_33.802,483,3,9,0,-24.777,-38.297,2.972
2012-05-06-01_28_33.802,483,4,9,0,-33.764,-38.272,2.372
2012-05-06-01_28_33.803,483,5,9,0,-42.778,-38.334,2.672
2012-05-06-01_28_33.804,483,6,9,0,-51.777,-38.338,2.872
2012-05-06-01_28_33.804,483,7,9,0,-60.699,-38.255,3.472
2012-05-06-01_28_33.805,483,0,9,1,-2.185,-38.288,3.685
2012-05-06-01_28_33.806,483,1,9,1,-11.210,-38.293,3.185
2012-05-06-01_28_33.806,483,2,9,1,-20.182,-38.208,2.685
2012-05-06-01_28_33.807,483,3,9,1,-29.236,-38.304,2.885
2012-05-06-01_28_33.808,483,4,9,1,-38.223,-38.279,2.285
2012-05-06-01_28_33.808,483,5,9,1,-47.238,-38.341,2.685
2012-05-06-01_28_33.809,483,6,9,1,-56.237,-38.344,2.885
2012-05-06-01_28_33.809,483,7,9,1,-65.159,-38.262,3.585
2012-05-06-01_28_33.810,483,0,10,0,2.277,-42.780,3.698
2012-05-06-01_28_33.811,483,1,10,0,-6.751,-42.796,3.298
2012-05-06-01_28_33.812,483,2,10,0,-15.720,-42.700,2.798
2012-05-06-01_28_33.813,483,3,10,0,-24.775,-42.795,2.998
2012-05-06-01_28_33.813,483,4,10,0,-33.762,-42.770,2.298
2012-05-06-01_28_33.814,483,5,10,0,-42.776,-42.832,2.698
2012-05-06-01_28_33.815,483,6,10,0,-51.775,-42.836,2.998
2012-05-06-01_28_33.815,483,7,10,0,-60.697,-42.754,3.498
2012-05-06-01_28_33.816,483,0,10,1,-2.185,-42.788,3.808
2012-05-06-01_28_33.817,483,1,10,1,-11.213,-42.795,3.208
2012-05-06-01_28_33.817,483,2,10,1,-20.182,-42.708,2.708
2012-05-06-01_28_33.818,483,3,10,1,-29.237,-42.803,3.108
2012-05-06-01_28_33.819,483,4,10,1,-38.224,-42.778,2.508
2012-05-06-01_28_33.819,483,5,10,1,-47.238,-42.840,2.808
2012-05-06-01_28_33.820,483,6,10,1,-56.237,-42.844,2.908
2012-05-06-01_28_33.820,483,7,10,1,-65.159,-42.762,3.508
2012-05-06-01_28_33.821,483,0,11,0,2.277,-47.280,3.717
2012-05-06-01_28_33.821,483,1,11,0,-6.751,-47.291,3.317
2012-05-06-01_28_33.824,483,2,11,0,-15.720,-47.200,2.717
2012-05-06-01_28_33.825,483,3,11,0,-24.775,-47.295,3.017
2012-05-06-01_28_33.825,483,4,11,0,-33.762,-47.270,2.517
2012-05-06-01_28_33.826,483,5,11,0,-42.777,-47.333,2.717
2012-05-06-01_28_33.827,483,6,11,0,-51.775,-47.336,2.917
2012-05-06-01_28_33.827,483,7,11,0,-60.697,-47.254,3.417
2012-05-06-01_28_33.828,483,0,11,1,-2.188,-47.289,3.826
2012-05-06-01_28_33.829,483,1,11,1,-11.211,-47.290,3.226
2012-05-06-01_28_33.830,483,2,11,1,-20.185,-47.209,2.726
2012-05-06-01_28_33.830,483,3,11,1,-29.240,-47.305,2.826
2012-05-06-01_28_33.831,483,4,11,1,-38.227,-47.280,2.526
2012-05-06-01_28_33.831,483,5,11,1,-47.241,-47.342,2.826
2012-05-06-01_28_33.832,483,6,11,1,-56.240,-47.346,2.926
2012-05-06-01_28_33.833,483,7,11,1,-65.162,-47.263,3.626
2012-05-06-01_28_33.833,483,2,12,0,-15.723,-51.705,2.836
2012-05-06-01_28_33.834,483,3,12,0,-24.778,-51.800,3.036
2012-05-06-01_28_33.834,483,4,12,0,-33.765,-51.775,2.236
2012-05-06-01_28_33.835,483,5,12,0,-42.780,-51.838,2.736
2012-05-06-01_28_33.836,483,6,12,0,-51.778,-51.841,25.036
2012-05-06-01_28_33.836,483,7,12,0,-60.700,-51.759,8.736
2012-05-06-01_28_33.837,483,0,12,1,-2.188,-51.792,3.849
2012-05-06-01_28_33.837,483,1,12,1,-11.211,-51.788,3.349
2012-05-06-01_28_33.838,483,2,12,1,-20.185,-51.712,2.749
2012-05-06-01_28_33.838,483,3,12,1,-29.240,-51.807,3.149
2012-05-06-01_28_33.840,483,4,12,1,-38.227,-51.782,2.549
2012-05-06-01_28_33.841,483,5,12,1,-47.242,-51.845,2.849
2012-05-06-01_28_33.841,483,6,12,1,-56.240,-51.848,2.949
2012-05-06-01_28_33.842,483,7,12,1,-65.162,-51.766,3.649
2012-05-06-01_28_33.843,483,0,13,0,2.273,-56.282,3.762
2012-05-06-01_28_33.843,483,1,13,0,-6.755,-56.286,3.362
2012-05-06-01_28_33.844,483,2,13,0,-15.724,-56.202,2.762
2012-05-06-01_28_33.845,483,3,13,0,-24.778,-56.297,3.062
2012-05-06-01_28_33.846,483,4,13,0,-33.765,-56.272,2.362
2012-05-06-01_28_33.846,483,5,13,0,-42.780,-56.334,2.762
2012-05-06-01_28_33.847,483,6,13,0,-51.779,-56.338,2.862
2012-05-06-01_28_33.847,483,7,13,0,-60.701,-56.256,3.462
2012-05-06-01_28_33.848,483,0,13,1,-2.191,-56.288,3.872
2012-05-06-01_28_33.849,483,1,13,1,-11.209,-56.285,3.371
2012-05-06-01_28_33.850,483,2,13,1,-20.188,-56.208,2.772
2012-05-06-01_28_33.850,483,3,13,1,-29.243,-56.303,2.872
2012-05-06-01_28_33.851,483,4,13,1,-38.230,-56.278,2.472
2012-05-06-01_28_33.852,483,5,13,1,-47.245,-56.341,2.872
2012-05-06-01_28_33.852,483,6,13,1,-56.243,-56.344,2.872
2012-05-06-01_28_33.853,483,7,13,1,-65.165,-56.262,3.672
2012-05-06-01_28_33.854,483,0,14,0,2.275,-60.782,3.779
2012-05-06-01_28_33.855,483,1,14,0,-6.755,-60.794,3.379
2012-05-06-01_28_33.855,483,2,14,0,-15.722,-60.702,2.779
2012-05-06-01_28_33.856,483,3,14,0,-24.776,-60.798,3.079
2012-05-06-01_28_33.857,483,4,14,0,-33.763,-60.772,2.579
2012-05-06-01_28_33.857,483,5,14,0,-42.778,-60.835,2.779
2012-05-06-01_28_33.858,483,6,14,0,-51.777,-60.838,2.879
2012-05-06-01_28_33.859,483,7,14,0,-60.699,-60.756,3.779
2012-05-06-01_28_33.860,483,0,14,1,-2.194,-60.788,3.888
2012-05-06-01_28_33.860,483,1,14,1,-11.210,-60.794,3.388
2012-05-06-01_28_33.861,483,2,14,1,-20.191,-60.708,2.788
2012-05-06-01_28_33.862,483,3,14,1,-29.246,-60.804,3.088
2012-05-06-01_28_33.862,483,4,14,1,-38.233,-60.779,2.588
2012-05-06-01_28_33.863,483,5,14,1,-47.247,-60.841,2.888
2012-05-06-01_28_33.864,483,6,14,1,-56.246,-60.844,2.988
2012-05-06-01_28_33.864,483,7,14,1,-65.168,-60.762,3.688
2012-05-06-01_28_33.865,483,0,15,0,2.273,-65.281,3.797
2012-05-06-01_28_33.866,483,1,15,0,-6.753,-65.296,3.297
2012-05-06-01_28_33.866,483,2,15,0,-15.725,-65.200,2.797
2012-05-06-01_28_33.867,483,3,15,0,-24.779,-65.296,3.097
2012-05-06-01_28_33.868,483,4,15,0,-33.766,-65.271,2.597
2012-05-06-01_28_33.868,483,5,15,0,-42.781,-65.333,2.797
2012-05-06-01_28_33.869,483,6,15,0,-51.780,-65.337,2.897
2012-05-06-01_28_33.870,483,7,15,0,-60.702,-65.254,3.397
2012-05-06-01_28_33.871,483,0,15,1,-2.194,-65.288,3.810
2012-05-06-01_28_33.871,483,1,15,1,-11.208,-65.296,3.310
2012-05-06-01_28_33.872,483,2,15,1,-20.191,-65.207,2.810
2012-05-06-01_28_33.872,483,3,15,1,-29.246,-65.303,2.910
2012-05-06-01_28_33.873,483,4,15,1,-38.233,-65.278,2.510
2012-05-06-01_28_33.874,483,5,15,1,-47.248,-65.340,2.810
2012-05-06-01_28_33.874,483,6,15,1,-56.247,-65.344,2.910
2012-05-06-01_28_33.875,483,7,15,1,-65.168,-65.261,3.610
2012-05-06-01_28_33.876,483,0,16,0,2.270,-69.779,3.922
2012-05-06-01_28_33.876,483,1,16,0,-6.751,-69.791,3.322
2012-05-06-01_28_33.877,483,2,16,0,-15.727,-69.699,2.822
2012-05-06-01_28_33.878,483,3,16,0,-24.782,-69.795,3.122
2012-05-06-01_28_33.878,483,4,16,0,-33.769,-69.770,2.322
2012-05-06-01_28_33.879,483,5,16,0,-42.784,-69.832,2.822
2012-05-06-01_28_33.880,483,6,16,0,-51.782,-69.836,2.922
2012-05-06-01_28_33.880,483,7,16,0,-60.704,-69.753,3.622
2012-05-06-01_28_33.881,483,0,16,1,-2.195,-69.789,3.834
2012-05-06-01_28_33.882,483,1,16,1,-11.208,-69.790,3.333
2012-05-06-01_28_33.883,483,2,16,1,-20.192,-69.709,2.834
2012-05-06-01_28_33.884,483,3,16,1,-29.247,-69.804,3.134
2012-05-06-01_28_33.884,483,4,16,1,-38.234,-69.779,2.534
2012-05-06-01_28_33.885,483,5,16,1,-47.248,-69.841,2.734
2012-05-06-01_28_33.885,483,6,16,1,-56.247,-69.845,2.934
2012-05-06-01_28_33.886,483,7,16,1,-65.169,-69.763,3.634
2012-05-06-01_28_33.887,483,0,17,0,2.264,-74.284,3.842
2012-05-06-01_28_33.887,483,1,17,0,-6.749,-74.288,3.342
2012-05-06-01_28_33.888,483,2,17,0,-15.733,-74.204,2.842
2012-05-06-01_28_33.889,483,3,17,0,-24.787,-74.299,3.142
2012-05-06-01_28_33.890,483,4,17,0,-33.774,-74.274,2.442
2012-05-06-01_28_33.891,483,5,17,0,-42.789,-74.337,2.842
2012-05-06-01_28_33.891,483,6,17,0,-51.788,-74.340,2.942
2012-05-06-01_28_33.892,483,7,17,0,-60.710,-74.258,3.642
2012-05-06-01_28_33.893,483,0,17,1,-2.193,-74.291,3.852
2012-05-06-01_28_33.895,483,1,17,1,-11.209,-74.287,3.351
2012-05-06-01_28_33.895,483,2,17,1,-20.190,-74.211,2.752
2012-05-06-01_28_33.896,483,3,17,1,-29.245,-74.306,3.152
2012-05-06-01_28_33.897,483,4,17,1,-38.232,-74.281,25.652
2012-05-06-01_28_33.897,483,5,17,1,-47.246,-74.344,14.252
2012-05-06-01_28_33.898,483,6,17,1,-56.245,-74.347,26.152
2012-05-06-01_28_33.899,483,7,17,1,-65.167,-74.265,26.152
2012-05-06-01_28_33.899,483,0,18,0,2.264,-78.783,3.762
2012-05-06-01_28_33.900,483,1,18,0,-6.747,-78.785,3.362
2012-05-06-01_28_33.901,483,2,18,0,-15.733,-78.703,2.862
2012-05-06-01_28_33.902,483,3,18,0,-24.788,-78.798,3.162
2012-05-06-01_28_33.902,483,4,18,0,-33.775,-78.773,2.562
2012-05-06-01_28_33.903,483,5,18,0,-42.789,-78.836,2.862
2012-05-06-01_28_33.904,483,6,18,0,-51.788,-78.839,2.962
2012-05-06-01_28_33.905,483,7,18,0,-60.710,-78.757,3.762
2012-05-06-01_28_33.905,483,0,18,1,-2.193,-78.788,3.875
2012-05-06-01_28_33.906,483,1,18,1,-11.211,-78.785,3.374
2012-05-06-01_28_33.907,483,2,18,1,-20.190,-78.708,2.875
2012-05-06-01_28_33.907,483,3,18,1,-29.245,-78.803,3.175
2012-05-06-01_28_33.908,483,4,18,1,-38.232,-78.778,2.375
2012-05-06-01_28_33.908,483,5,18,1,-47.247,-78.841,2.875
2012-05-06-01_28_33.909,483,6,18,1,-56.245,-78.844,2.975
2012-05-06-01_28_33.910,483,7,18,1,-65.167,-78.762,3.775
2012-05-06-01_28_33.910,483,0,19,0,2.264,-83.282,3.886
2012-05-06-01_28_33.911,483,1,19,0,-6.747,-83.293,3.386
2012-05-06-01_28_33.912,483,2,19,0,-15.734,-83.202,2.786
2012-05-06-01_28_33.913,483,3,19,0,-24.788,-83.298,3.186
2012-05-06-01_28_33.913,483,4,19,0,-33.775,-83.272,2.286
2012-05-06-01_28_33.914,483,5,19,0,-42.790,-83.335,2.886
2012-05-06-01_28_33.915,483,6,19,0,-51.789,-83.338,2.986
2012-05-06-01_28_33.916,483,7,19,0,-60.711,-83.256,3.586
2012-05-06-01_28_33.916,483,0,19,1,-2.191,-83.289,3.897
2012-05-06-01_28_33.917,483,1,19,1,-11.214,-83.293,3.397
2012-05-06-01_28_33.917,483,2,19,1,-20.188,-83.208,2.897
2012-05-06-01_28_33.918,483,3,19,1,-29.243,-83.304,3.097
2012-05-06-01_28_33.919,483,4,19,1,-38.230,-83.279,2.597
2012-05-06-01_28_33.919,483,5,19,1,-47.245,-83.341,2.897
2012-05-06-01_28_33.920,483,6,19,1,-56.243,-83.345,2.997
2012-05-06-01_28_33.920,483,7,19,1,-65.165,-83.262,3.797
2012-05-06-01_28_33.921,483,0,20,0,2.266,-87.780,4.005
2012-05-06-01_28_33.922,483,1,20,0,-6.750,-87.796,3.305
2012-05-06-01_28_33.922,483,2,20,0,-15.732,-87.700,2.905
2012-05-06-01_28_33.923,483,3,20,0,-24.786,-87.795,3.205
2012-05-06-01_28_33.924,483,4,20,0,-33.773,-87.770,2.605
2012-05-06-01_28_33.924,483,5,20,0,-42.788,-87.833,2.905
2012-05-06-01_28_33.926,483,6,20,0,-51.787,-87.836,2.905
2012-05-06-01_28_33.926,483,7,20,0,-60.709,-87.754,3.805
2012-05-06-01_28_33.927,483,0,20,1,-2.192,-87.788,3.914
2012-05-06-01_28_33.928,483,1,20,1,-11.212,-87.796,3.414
2012-05-06-01_28_33.928,483,2,20,1,-20.189,-87.708,2.914
2012-05-06-01_28_33.929,483,3,20,1,-29.243,-87.803,3.214
2012-05-06-01_28_33.929,483,4,20,1,-38.230,-87.778,2.614
2012-05-06-01_28_33.930,483,5,20,1,-47.245,-87.840,2.914
2012-05-06-01_28_33.931,483,6,20,1,-56.244,-87.844,3.014
2012-05-06-01_28_33.932,483,7,20,1,-65.166,-87.762,3.814
2012-05-06-01_28_33.932,483,0,21,0,2.265,-92.279,4.024
2012-05-06-01_28_33.933,483,1,21,0,-6.751,-92.291,3.424
2012-05-06-01_28_33.934,483,2,21,0,-15.732,-92.199,2.924
2012-05-06-01_28_33.934,483,3,21,0,-24.787,-92.294,3.224
2012-05-06-01_28_33.935,483,4,21,0,-33.774,-92.269,2.624
2012-05-06-01_28_33.936,483,5,21,0,-42.788,-92.332,2.924
2012-05-06-01_28_33.937,483,6,21,0,-51.787,-92.335,3.024
2012-05-06-01_28_33.937,483,7,21,0,-60.709,-92.253,3.624
2012-05-06-01_28_33.938,483,0,21,1,-2.192,-92.289,4.037
2012-05-06-01_28_33.939,483,1,21,1,-11.213,-92.290,3.437
2012-05-06-01_28_33.940,483,2,21,1,-20.189,-92.209,2.837
2012-05-06-01_28_33.940,483,3,21,1,-29.244,-92.305,2.937
2012-05-06-01_28_33.941,483,4,21,1,-38.231,-92.280,2.537
2012-05-06-01_28_33.942,483,5,21,1,-47.246,-92.342,2.937
2012-05-06-01_28_33.942,483,6,21,1,-56.244,-92.346,3.037
2012-05-06-01_28_33.943,483,7,21,1,-65.166,-92.263,3.737
2012-05-06-01_28_33.944,483,0,22,0,2.265,-96.783,3.949
2012-05-06-01_28_33.944,483,1,22,0,-6.754,-96.789,3.449
2012-05-06-01_28_33.945,483,2,22,0,-15.732,-96.703,2.949
2012-05-06-01_28_33.946,483,3,22,0,-24.787,-96.799,3.249
2012-05-06-01_28_33.946,483,4,22,0,-33.774,-96.774,2.649
2012-05-06-01_28_33.947,483,5,22,0,-42.789,-96.836,2.849
2012-05-06-01_28_33.948,483,6,22,0,-51.787,-96.840,3.049
2012-05-06-01_28_33.948,483,7,22,0,-60.709,-96.757,3.749
2012-05-06-01_28_33.949,483,0,22,1,-2.192,-96.792,3.958
2012-05-06-01_28_33.950,483,1,22,1,-11.213,-96.789,3.558
2012-05-06-01_28_33.951,483,2,22,1,-20.190,-96.712,2.958
2012-05-06-01_28_33.951,483,3,22,1,-29.244,-96.808,3.058
2012-05-06-01_28_33.952,483,4,22,1,-38.231,-96.783,2.758
2012-05-06-01_28_33.953,483,5,22,1,-47.246,-96.845,3.058
2012-05-06-01_28_33.953,483,6,22,1,-56.245,-96.848,3.058
2012-05-06-01_28_33.954,483,7,22,1,-65.167,-96.766,3.758
2012-05-06-01_28_33.955,483,0,23,0,2.267,-101.282,4.068
2012-05-06-01_28_33.955,483,1,23,0,-6.754,-101.287,14.468
2012-05-06-01_28_33.956,483,2,23,0,-15.730,-101.202,2.968
2012-05-06-01_28_33.957,483,3,23,0,-24.785,-101.297,3.268
2012-05-06-01_28_33.957,483,4,23,0,-33.772,-101.272,2.668
2012-05-06-01_28_33.958,483,5,23,0,-42.787,-101.334,2.868
2012-05-06-01_28_33.959,483,6,23,0,-51.785,-101.338,2.868
2012-05-06-01_28_33.960,483,7,23,0,-60.707,-101.256,3.568
2012-05-06-01_28_33.960,483,0,23,1,-2.190,-101.280,3.968
2012-05-06-01_28_33.961,483,1,23,1,-11.214,-101.287,3.568
2012-05-06-01_28_33.962,483,2,23,1,-20.188,-101.200,2.868
2012-05-06-01_28_33.962,483,3,23,1,-29.242,-101.295,3.068
2012-05-06-01_28_33.963,483,4,23,1,-38.229,-101.270,2.668
2012-05-06-01_28_33.964,483,5,23,1,-47.244,-101.332,2.968
2012-05-06-01_28_33.966,483,6,23,1,-56.243,-101.336,3.068
2012-05-06-01_28_33.968,483,7,23,1,-65.165,-101.254,3.768
