2012-05-05-22_26_58.591,293,0,0,0,2.259,2.219,3.396
2012-05-05-22_26_58.592,293,1,0,0,-6.747,2.205,2.896
2012-05-05-22_26_58.593,293,2,0,0,-15.738,2.300,2.496
2012-05-05-22_26_58.594,293,3,0,0,-24.792,2.204,2.796
2012-05-05-22_26_58.595,293,4,0,0,-33.779,2.229,1.996
2012-05-05-22_26_58.595,293,5,0,0,-42.794,2.167,2.696
2012-05-05-22_26_58.599,293,6,0,0,-51.793,2.163,2.596
2012-05-05-22_26_58.601,293,7,0,0,-60.715,2.246,3.296
2012-05-05-22_26_58.601,293,0,0,1,-2.186,2.213,3.596
2012-05-05-22_26_58.602,293,1,0,1,-11.201,2.205,3.096
2012-05-05-22_26_58.603,293,2,0,1,-20.183,2.293,2.596
2012-05-05-22_26_58.604,293,3,0,1,-29.237,2.197,2.696
2012-05-05-22_26_58.604,293,4,0,1,-38.224,2.223,2.296
2012-05-05-22_26_58.606,293,5,0,1,-47.239,2.160,2.596
2012-05-05-22_26_58.607,293,6,0,1,-56.238,2.157,2.796
2012-05-05-22_26_58.608,293,7,0,1,-65.160,2.239,3.496
2012-05-05-22_26_58.609,293,0,1,0,2.271,-2.280,3.612
2012-05-05-22_26_58.610,293,1,1,0,-6.745,-2.290,3.112
2012-05-05-22_26_58.610,293,2,1,0,-15.726,-2.200,2.612
2012-05-05-22_26_58.611,293,3,1,0,-24.781,-2.295,2.912
2012-05-05-22_26_58.612,293,4,1,0,-33.768,-2.270,2.112
2012-05-05-22_26_58.613,293,5,1,0,-42.782,-2.332,2.512
2012-05-05-22_26_58.614,293,6,1,0,-51.781,-2.336,2.712
2012-05-05-22_26_58.614,293,7,1,0,-60.703,-2.254,3.212
2012-05-05-22_26_58.615,293,0,1,1,-2.188,-2.289,3.719
2012-05-05-22_26_58.616,293,1,1,1,-11.202,-2.290,3.219
2012-05-05-22_26_58.616,293,2,1,1,-20.186,-2.209,2.619
2012-05-05-22_26_58.617,293,3,1,1,-29.240,-2.304,2.619
2012-05-05-22_26_58.618,293,4,1,1,-38.227,-2.279,2.019
2012-05-05-22_26_58.618,293,5,1,1,-47.242,-2.341,2.519
2012-05-05-22_26_58.619,293,6,1,1,-56.241,-2.345,2.719
2012-05-05-22_26_58.619,293,7,1,1,-65.163,-2.263,3.319
2012-05-05-22_26_58.620,293,0,2,0,2.271,-6.784,3.628
2012-05-05-22_26_58.621,293,1,2,0,-6.743,-6.787,3.228
2012-05-05-22_26_58.622,293,2,2,0,-15.726,-6.704,2.628
2012-05-05-22_26_58.622,293,3,2,0,-24.781,-6.799,2.928
2012-05-05-22_26_58.623,293,4,2,0,-33.768,-6.774,2.228
2012-05-05-22_26_58.624,293,5,2,0,-42.783,-6.837,2.828
2012-05-05-22_26_58.624,293,6,2,0,-51.781,-6.840,2.728
2012-05-05-22_26_58.625,293,7,2,0,-60.703,-6.758,3.528
2012-05-05-22_26_58.626,293,0,2,1,-2.189,-6.792,3.637
2012-05-05-22_26_58.626,293,1,2,1,-11.205,-6.787,3.137
2012-05-05-22_26_58.627,293,2,2,1,-20.186,-6.712,2.637
2012-05-05-22_26_58.628,293,3,2,1,-29.241,-6.807,2.837
2012-05-05-22_26_58.628,293,4,2,1,-38.228,-6.782,2.337
2012-05-05-22_26_58.629,293,5,2,1,-47.242,-6.844,2.637
2012-05-05-22_26_58.630,293,6,2,1,-56.241,-6.848,2.837
2012-05-05-22_26_58.630,293,7,2,1,-65.163,-6.766,3.437
2012-05-05-22_26_58.631,293,0,3,0,2.270,-11.283,3.647
2012-05-05-22_26_58.632,293,1,3,0,-6.741,-11.286,3.247
2012-05-05-22_26_58.632,293,2,3,0,-15.727,-11.203,2.647
2012-05-05-22_26_58.633,293,3,3,0,-24.781,-11.298,2.947
2012-05-05-22_26_58.634,293,4,3,0,-33.769,-11.273,2.347
2012-05-05-22_26_58.634,293,5,3,0,-42.783,-11.335,2.747
2012-05-05-22_26_58.635,293,6,3,0,-51.782,-11.339,2.847
2012-05-05-22_26_58.636,293,7,3,0,-60.704,-11.257,3.247
2012-05-05-22_26_58.636,293,0,3,1,-2.187,-11.289,3.659
2012-05-05-22_26_58.637,293,1,3,1,-11.200,-11.286,3.259
2012-05-05-22_26_58.637,293,2,3,1,-20.184,-11.208,2.659
2012-05-05-22_26_58.638,293,3,3,1,-29.239,-11.304,2.859
2012-05-05-22_26_58.638,293,4,3,1,-38.226,-11.279,2.359
2012-05-05-22_26_58.639,293,5,3,1,-47.240,-11.341,2.559
2012-05-05-22_26_58.640,293,6,3,1,-56.239,-11.345,2.759
2012-05-05-22_26_58.640,293,7,3,1,-65.161,-11.262,3.359
2012-05-05-22_26_58.641,293,0,4,0,2.272,-15.782,3.672
2012-05-05-22_26_58.642,293,1,4,0,-6.741,-15.794,3.172
2012-05-05-22_26_58.643,293,2,4,0,-15.725,-15.701,2.572
2012-05-05-22_26_58.648,293,3,4,0,-24.779,-15.797,2.972
2012-05-05-22_26_58.649,293,4,4,0,-33.767,-15.772,1.972
2012-05-05-22_26_58.650,293,5,4,0,-42.781,-15.834,2.472
2012-05-05-22_26_58.650,293,6,4,0,-51.780,-15.838,2.772
2012-05-05-22_26_58.651,293,7,4,0,-60.702,-15.755,3.472
2012-05-05-22_26_58.651,293,0,4,1,-2.187,-15.788,3.783
2012-05-05-22_26_58.652,293,1,4,1,-11.203,-15.793,3.182
2012-05-05-22_26_58.652,293,2,4,1,-20.184,-15.708,2.683
2012-05-05-22_26_58.653,293,3,4,1,-29.239,-15.804,2.983
2012-05-05-22_26_58.654,293,4,4,1,-38.226,-15.779,2.083
2012-05-05-22_26_58.654,293,5,4,1,-47.241,-15.841,2.483
2012-05-05-22_26_58.655,293,6,4,1,-56.239,-15.844,2.783
2012-05-05-22_26_58.656,293,7,4,1,-65.161,-15.762,3.383
2012-05-05-22_26_58.656,293,0,5,0,2.270,-20.280,3.692
2012-05-05-22_26_58.657,293,1,5,0,-6.739,-20.297,3.192
2012-05-05-22_26_58.658,293,2,5,0,-15.728,-20.200,2.692
2012-05-05-22_26_58.659,293,3,5,0,-24.782,-20.295,2.892
2012-05-05-22_26_58.660,293,4,5,0,-33.769,-20.270,2.192
2012-05-05-22_26_58.660,293,5,5,0,-42.784,-20.332,2.692
2012-05-05-22_26_58.661,293,6,5,0,-51.783,-20.336,2.792
2012-05-05-22_26_58.662,293,7,5,0,-60.705,-20.254,3.292
2012-05-05-22_26_58.663,293,0,5,1,-2.185,-20.288,3.800
2012-05-05-22_26_58.664,293,1,5,1,-11.206,-20.296,3.200
2012-05-05-22_26_58.664,293,2,5,1,-20.182,-20.208,2.700
2012-05-05-22_26_58.665,293,3,5,1,-29.237,-20.303,2.900
2012-05-05-22_26_58.665,293,4,5,1,-38.224,-20.278,2.200
2012-05-05-22_26_58.666,293,5,5,1,-47.239,-20.340,2.600
2012-05-05-22_26_58.666,293,6,5,1,-56.237,-20.344,2.800
2012-05-05-22_26_58.667,293,7,5,1,-65.159,-20.262,3.500
2012-05-05-22_26_58.668,293,0,6,0,2.272,-24.780,3.710
2012-05-05-22_26_58.669,293,1,6,0,-6.737,-24.791,3.210
2012-05-05-22_26_58.670,293,2,6,0,-15.726,-24.700,2.710
2012-05-05-22_26_58.671,293,3,6,0,-24.780,-24.795,3.010
2012-05-05-22_26_58.671,293,4,6,0,-33.767,-24.770,2.010
2012-05-05-22_26_58.672,293,5,6,0,-42.782,-24.832,2.610
2012-05-05-22_26_58.673,293,6,6,0,-51.781,-24.836,2.810
2012-05-05-22_26_58.673,293,7,6,0,-60.703,-24.754,3.610
2012-05-05-22_26_58.674,293,0,6,1,-2.183,-24.789,3.722
2012-05-05-22_26_58.675,293,1,6,1,-11.209,-24.790,3.222
2012-05-05-22_26_58.675,293,2,6,1,-20.180,-24.709,2.722
2012-05-05-22_26_58.676,293,3,6,1,-29.235,-24.804,3.022
2012-05-05-22_26_58.676,293,4,6,1,-38.222,-24.779,2.122
2012-05-05-22_26_58.677,293,5,6,1,-47.237,-24.841,2.722
2012-05-05-22_26_58.677,293,6,6,1,-56.235,-24.845,2.822
2012-05-05-22_26_58.678,293,7,6,1,-65.157,-24.763,3.422
2012-05-05-22_26_58.679,293,0,7,0,2.271,-29.284,3.735
2012-05-05-22_26_58.679,293,1,7,0,-6.737,-29.287,3.235
2012-05-05-22_26_58.681,293,2,7,0,-15.726,-29.204,2.735
2012-05-05-22_26_58.681,293,3,7,0,-24.781,-29.299,3.035
2012-05-05-22_26_58.682,293,4,7,0,-33.768,-29.274,2.435
2012-05-05-22_26_58.683,293,5,7,0,-42.782,-29.336,2.735
2012-05-05-22_26_58.683,293,6,7,0,-51.781,-29.340,2.935
2012-05-05-22_26_58.685,293,7,7,0,-60.703,-29.258,3.535
2012-05-05-22_26_58.685,293,0,7,1,-2.184,-29.291,3.745
2012-05-05-22_26_58.686,293,1,7,1,-11.212,-29.287,3.245
2012-05-05-22_26_58.687,293,2,7,1,-20.181,-29.210,2.745
2012-05-05-22_26_58.687,293,3,7,1,-29.235,-29.306,3.045
2012-05-05-22_26_58.688,293,4,7,1,-38.223,-29.281,2.345
2012-05-05-22_26_58.689,293,5,7,1,-47.237,-29.343,2.745
2012-05-05-22_26_58.689,293,6,7,1,-56.236,-29.347,2.945
2012-05-05-22_26_58.690,293,7,7,1,-65.158,-29.264,3.545
2012-05-05-22_26_58.692,293,0,8,0,2.273,-33.782,3.754
2012-05-05-22_26_58.692,293,1,8,0,-6.743,-33.785,3.254
2012-05-05-22_26_58.693,293,2,8,0,-15.724,-33.702,2.654
2012-05-05-22_26_58.693,293,3,8,0,-24.779,-33.797,2.954
2012-05-05-22_26_58.694,293,4,8,0,-33.766,-33.772,2.454
2012-05-05-22_26_58.695,293,5,8,0,-42.780,-33.834,2.754
2012-05-05-22_26_58.695,293,6,8,0,-51.779,-33.838,2.954
2012-05-05-22_26_58.696,293,7,8,0,-60.701,-33.756,3.554
2012-05-05-22_26_58.696,293,0,8,1,-2.184,-33.788,3.763
2012-05-05-22_26_58.697,293,1,8,1,-11.214,-33.785,3.262
2012-05-05-22_26_58.697,293,2,8,1,-20.181,-33.707,2.763
2012-05-05-22_26_58.698,293,3,8,1,-29.236,-33.803,3.063
2012-05-05-22_26_58.698,293,4,8,1,-38.223,-33.778,2.463
2012-05-05-22_26_58.699,293,5,8,1,-47.238,-33.840,2.763
2012-05-05-22_26_58.699,293,6,8,1,-56.236,-33.844,2.863
2012-05-05-22_26_58.700,293,7,8,1,-65.158,-33.761,3.563
2012-05-05-22_26_58.701,293,0,9,0,2.275,-38.282,3.672
2012-05-05-22_26_58.701,293,1,9,0,-6.746,-38.293,3.272
2012-05-05-22_26_58.702,293,2,9,0,-15.722,-38.202,2.772
2012-05-05-22_26_58.703,293,3,9,0,-24.777,-38.298,3.072
2012-05-05-22_26_58.703,293,4,9,0,-33.764,-38.272,2.272
2012-05-05-22_26_58.704,293,5,9,0,-42.778,-38.335,2.672
2012-05-05-22_26_58.705,293,6,9,0,-51.777,-38.338,2.772
2012-05-05-22_26_58.705,293,7,9,0,-60.699,-38.256,3.472
2012-05-05-22_26_58.706,293,0,9,1,-2.187,-38.288,3.685
2012-05-05-22_26_58.707,293,1,9,1,-11.213,-38.293,3.185
2012-05-05-22_26_58.708,293,2,9,1,-20.184,-38.208,2.785
2012-05-05-22_26_58.708,293,3,9,1,-29.239,-38.303,2.885
2012-05-05-22_26_58.709,293,4,9,1,-38.226,-38.278,2.185
2012-05-05-22_26_58.710,293,5,9,1,-47.240,-38.340,2.685
2012-05-05-22_26_58.711,293,6,9,1,-56.239,-38.344,2.985
2012-05-05-22_26_58.711,293,7,9,1,-65.161,-38.262,3.485
2012-05-05-22_26_58.712,293,0,10,0,2.277,-42.779,3.698
2012-05-05-22_26_58.713,293,1,10,0,-6.748,-42.796,3.298
2012-05-05-22_26_58.713,293,2,10,0,-15.720,-42.699,2.798
2012-05-05-22_26_58.714,293,3,10,0,-24.775,-42.795,2.998
2012-05-05-22_26_58.715,293,4,10,0,-33.762,-42.770,2.298
2012-05-05-22_26_58.716,293,5,10,0,-42.776,-42.832,2.798
2012-05-05-22_26_58.716,293,6,10,0,-51.775,-42.835,2.998
2012-05-05-22_26_58.717,293,7,10,0,-60.697,-42.753,3.498
2012-05-05-22_26_58.718,293,0,10,1,-2.187,-42.788,3.808
2012-05-05-22_26_58.719,293,1,10,1,-11.211,-42.795,3.308
2012-05-05-22_26_58.719,293,2,10,1,-20.184,-42.707,2.808
2012-05-05-22_26_58.720,293,3,10,1,-29.239,-42.803,3.108
2012-05-05-22_26_58.721,293,4,10,1,-38.226,-42.778,2.408
2012-05-05-22_26_58.721,293,5,10,1,-47.241,-42.840,2.808
2012-05-05-22_26_58.722,293,6,10,1,-56.240,-42.844,2.908
2012-05-05-22_26_58.723,293,7,10,1,-65.162,-42.761,3.508
2012-05-05-22_26_58.723,293,0,11,0,2.277,-47.280,3.717
2012-05-05-22_26_58.724,293,1,11,0,-6.749,-47.290,3.417
2012-05-05-22_26_58.725,293,2,11,0,-15.720,-47.200,2.817
2012-05-05-22_26_58.725,293,3,11,0,-24.775,-47.295,3.117
2012-05-05-22_26_58.726,293,4,11,0,-33.762,-47.270,2.417
2012-05-05-22_26_58.727,293,5,11,0,-42.777,-47.333,2.717
2012-05-05-22_26_58.727,293,6,11,0,-51.775,-47.336,3.017
2012-05-05-22_26_58.728,293,7,11,0,-60.697,-47.254,3.417
2012-05-05-22_26_58.728,293,0,11,1,-2.190,-47.289,3.826
2012-05-05-22_26_58.729,293,1,11,1,-11.213,-47.290,3.326
2012-05-05-22_26_58.729,293,2,11,1,-20.187,-47.209,2.726
2012-05-05-22_26_58.730,293,3,11,1,-29.242,-47.305,2.926
2012-05-05-22_26_58.731,293,4,11,1,-38.229,-47.280,2.526
2012-05-05-22_26_58.733,293,5,11,1,-47.244,-47.342,2.826
2012-05-05-22_26_58.734,293,6,11,1,-56.242,-47.346,3.026
2012-05-05-22_26_58.734,293,7,11,1,-65.164,-47.263,3.626
2012-05-05-22_26_58.735,293,0,12,0,2.276,-51.784,3.736
2012-05-05-22_26_58.735,293,1,12,0,-6.752,-51.788,3.336
2012-05-05-22_26_58.736,293,2,12,0,-15.721,-51.704,2.836
2012-05-05-22_26_58.736,293,3,12,0,-24.776,-51.799,3.036
2012-05-05-22_26_58.737,293,4,12,0,-33.763,-51.774,2.236
2012-05-05-22_26_58.737,293,5,12,0,-42.777,-51.837,2.836
2012-05-05-22_26_58.738,293,6,12,0,-51.776,-51.840,2.936
2012-05-05-22_26_58.738,293,7,12,0,-60.698,-51.758,3.536
2012-05-05-22_26_58.739,293,0,12,1,-2.191,-51.792,3.849
2012-05-05-22_26_58.739,293,1,12,1,-11.211,-51.787,3.349
2012-05-05-22_26_58.740,293,2,12,1,-20.188,-51.712,2.849
2012-05-05-22_26_58.740,293,3,12,1,-29.242,-51.807,2.949
2012-05-05-22_26_58.741,293,4,12,1,-38.230,-51.782,2.549
2012-05-05-22_26_58.742,293,5,12,1,-47.244,-51.845,2.749
2012-05-05-22_26_58.742,293,6,12,1,-56.243,-51.848,3.049
2012-05-05-22_26_58.743,293,7,12,1,-65.165,-51.766,3.649
2012-05-05-22_26_58.744,293,0,13,0,2.276,-56.282,3.862
2012-05-05-22_26_58.744,293,1,13,0,-6.752,-56.285,3.362
2012-05-05-22_26_58.745,293,2,13,0,-15.721,-56.202,2.762
2012-05-05-22_26_58.746,293,3,13,0,-24.776,-56.297,3.062
2012-05-05-22_26_58.746,293,4,13,0,-33.763,-56.272,2.362
2012-05-05-22_26_58.747,293,5,13,0,-42.778,-56.335,2.762
2012-05-05-22_26_58.748,293,6,13,0,-51.776,-56.338,2.862
2012-05-05-22_26_58.749,293,7,13,0,-60.698,-56.256,3.562
2012-05-05-22_26_58.750,293,0,13,1,-2.194,-56.289,3.872
2012-05-05-22_26_58.752,293,1,13,1,-11.212,-56.286,3.371
2012-05-05-22_26_58.753,293,2,13,1,-20.191,-56.208,2.872
2012-05-05-22_26_58.753,293,3,13,1,-29.245,-56.304,2.872
2012-05-05-22_26_58.754,293,4,13,1,-38.232,-56.279,2.372
2012-05-05-22_26_58.755,293,5,13,1,-47.247,-56.341,2.872
2012-05-05-22_26_58.755,293,6,13,1,-56.246,-56.345,2.872
2012-05-05-22_26_58.756,293,7,13,1,-65.168,-56.262,3.672
2012-05-05-22_26_58.757,293,0,14,0,2.275,-60.782,3.779
2012-05-05-22_26_58.758,293,1,14,0,-6.753,-60.793,3.379
2012-05-05-22_26_58.758,293,2,14,0,-15.722,-60.701,2.779
2012-05-05-22_26_58.759,293,3,14,0,-24.776,-60.797,3.079
2012-05-05-22_26_58.760,293,4,14,0,-33.763,-60.772,2.479
2012-05-05-22_26_58.761,293,5,14,0,-42.778,-60.834,2.779
2012-05-05-22_26_58.761,293,6,14,0,-51.777,-60.838,2.879
2012-05-05-22_26_58.762,293,7,14,0,-60.699,-60.755,3.679
2012-05-05-22_26_58.763,293,0,14,1,-2.196,-60.787,3.888
2012-05-05-22_26_58.764,293,1,14,1,-11.212,-60.793,3.388
2012-05-05-22_26_58.765,293,2,14,1,-20.194,-60.707,2.788
2012-05-05-22_26_58.765,293,3,14,1,-29.248,-60.803,2.888
2012-05-05-22_26_58.766,293,4,14,1,-38.235,-60.778,2.588
2012-05-05-22_26_58.766,293,5,14,1,-47.250,-60.840,2.888
2012-05-05-22_26_58.767,293,6,14,1,-56.249,-60.844,3.088
2012-05-05-22_26_58.768,293,7,14,1,-65.171,-60.761,3.688
2012-05-05-22_26_58.768,293,0,15,0,2.273,-65.280,3.897
2012-05-05-22_26_58.769,293,1,15,0,-6.753,-65.296,3.397
2012-05-05-22_26_58.770,293,2,15,0,-15.725,-65.199,2.897
2012-05-05-22_26_58.771,293,3,15,0,-24.779,-65.295,3.097
2012-05-05-22_26_58.771,293,4,15,0,-33.766,-65.270,2.497
2012-05-05-22_26_58.772,293,5,15,0,-42.781,-65.332,2.697
2012-05-05-22_26_58.772,293,6,15,0,-51.780,-65.336,2.897
2012-05-05-22_26_58.773,293,7,15,0,-60.702,-65.253,3.497
2012-05-05-22_26_58.774,293,0,15,1,-2.197,-65.288,3.910
2012-05-05-22_26_58.774,293,1,15,1,-11.210,-65.295,3.410
2012-05-05-22_26_58.776,293,2,15,1,-20.194,-65.207,2.910
2012-05-05-22_26_58.777,293,3,15,1,-29.249,-65.303,2.910
2012-05-05-22_26_58.778,293,4,15,1,-38.236,-65.278,2.410
2012-05-05-22_26_58.779,293,5,15,1,-47.250,-65.340,2.810
2012-05-05-22_26_58.779,293,6,15,1,-56.249,-65.344,3.010
2012-05-05-22_26_58.780,293,7,15,1,-65.171,-65.261,3.710
2012-05-05-22_26_58.781,293,0,16,0,2.270,-69.780,3.922
2012-05-05-22_26_58.782,293,1,16,0,-6.751,-69.790,3.422
2012-05-05-22_26_58.783,293,2,16,0,-15.727,-69.700,2.922
2012-05-05-22_26_58.784,293,3,16,0,-24.782,-69.795,3.122
2012-05-05-22_26_58.784,293,4,16,0,-33.769,-69.770,2.322
2012-05-05-22_26_58.785,293,5,16,0,-42.784,-69.833,2.922
2012-05-05-22_26_58.786,293,6,16,0,-51.782,-69.836,2.922
2012-05-05-22_26_58.786,293,7,16,0,-60.704,-69.754,3.622
2012-05-05-22_26_58.787,293,0,16,1,-2.197,-69.788,3.933
2012-05-05-22_26_58.788,293,1,16,1,-11.211,-69.789,3.433
2012-05-05-22_26_58.788,293,2,16,1,-20.194,-69.708,2.833
2012-05-05-22_26_58.789,293,3,16,1,-29.249,-69.804,2.933
2012-05-05-22_26_58.790,293,4,16,1,-38.236,-69.779,2.433
2012-05-05-22_26_58.790,293,5,16,1,-47.251,-69.841,2.733
2012-05-05-22_26_58.791,293,6,16,1,-56.249,-69.844,2.933
2012-05-05-22_26_58.792,293,7,16,1,-65.171,-69.762,3.633
2012-05-05-22_26_58.792,293,0,17,0,2.267,-74.283,3.842
2012-05-05-22_26_58.793,293,1,17,0,-6.747,-74.287,3.542
2012-05-05-22_26_58.794,293,2,17,0,-15.730,-74.203,2.842
2012-05-05-22_26_58.794,293,3,17,0,-24.785,-74.299,3.142
2012-05-05-22_26_58.795,293,4,17,0,-33.772,-74.274,2.342
2012-05-05-22_26_58.796,293,5,17,0,-42.787,-74.336,2.842
2012-05-05-22_26_58.797,293,6,17,0,-51.785,-74.340,2.942
2012-05-05-22_26_58.797,293,7,17,0,-60.707,-74.257,3.542
2012-05-05-22_26_58.798,293,0,17,1,-2.193,-74.291,3.952
2012-05-05-22_26_58.799,293,1,17,1,-11.211,-74.287,3.451
2012-05-05-22_26_58.799,293,2,17,1,-20.190,-74.211,2.852
2012-05-05-22_26_58.800,293,3,17,1,-29.245,-74.306,2.952
2012-05-05-22_26_58.801,293,4,17,1,-38.232,-74.281,2.352
2012-05-05-22_26_58.802,293,5,17,1,-47.246,-74.343,2.852
2012-05-05-22_26_58.802,293,6,17,1,-56.245,-74.347,2.952
2012-05-05-22_26_58.803,293,7,17,1,-65.167,-74.265,3.652
2012-05-05-22_26_58.804,293,0,18,0,2.264,-78.782,3.862
2012-05-05-22_26_58.804,293,1,18,0,-6.747,-78.785,3.462
2012-05-05-22_26_58.805,293,2,18,0,-15.733,-78.702,2.862
2012-05-05-22_26_58.806,293,3,18,0,-24.788,-78.797,3.162
2012-05-05-22_26_58.806,293,4,18,0,-33.775,-78.772,2.562
2012-05-05-22_26_58.807,293,5,18,0,-42.789,-78.835,2.762
2012-05-05-22_26_58.808,293,6,18,0,-51.788,-78.838,2.962
2012-05-05-22_26_58.808,293,7,18,0,-60.710,-78.756,3.662
2012-05-05-22_26_58.809,293,0,18,1,-2.193,-78.788,3.875
2012-05-05-22_26_58.810,293,1,18,1,-11.214,-78.785,3.474
2012-05-05-22_26_58.810,293,2,18,1,-20.190,-78.708,2.975
2012-05-05-22_26_58.811,293,3,18,1,-29.245,-78.803,3.175
2012-05-05-22_26_58.812,293,4,18,1,-38.232,-78.778,2.275
2012-05-05-22_26_58.813,293,5,18,1,-47.247,-78.840,2.875
2012-05-05-22_26_58.813,293,6,18,1,-56.245,-78.844,2.975
2012-05-05-22_26_58.814,293,7,18,1,-65.167,-78.762,3.775
2012-05-05-22_26_58.814,293,0,19,0,2.264,-83.282,3.886
2012-05-05-22_26_58.815,293,1,19,0,-6.747,-83.292,3.486
2012-05-05-22_26_58.816,293,2,19,0,-15.734,-83.201,2.886
2012-05-05-22_26_58.817,293,3,19,0,-24.788,-83.297,3.186
2012-05-05-22_26_58.817,293,4,19,0,-33.775,-83.272,2.186
2012-05-05-22_26_58.818,293,5,19,0,-42.790,-83.334,2.886
2012-05-05-22_26_58.818,293,6,19,0,-51.789,-83.338,2.986
2012-05-05-22_26_58.820,293,7,19,0,-60.711,-83.255,3.586
2012-05-05-22_26_58.820,293,0,19,1,-2.194,-83.288,3.897
2012-05-05-22_26_58.821,293,1,19,1,-11.214,-83.293,3.397
2012-05-05-22_26_58.822,293,2,19,1,-20.191,-83.208,2.997
2012-05-05-22_26_58.822,293,3,19,1,-29.245,-83.303,2.897
2012-05-05-22_26_58.824,293,4,19,1,-38.233,-83.278,2.597
2012-05-05-22_26_58.825,293,5,19,1,-47.247,-83.341,2.897
2012-05-05-22_26_58.826,293,6,19,1,-56.246,-83.344,2.997
2012-05-05-22_26_58.827,293,7,19,1,-65.168,-83.262,3.797
2012-05-05-22_26_58.827,293,0,20,0,2.266,-87.780,4.005
2012-05-05-22_26_58.828,293,1,20,0,-6.748,-87.796,3.405
2012-05-05-22_26_58.829,293,2,20,0,-15.732,-87.700,2.905
2012-05-05-22_26_58.829,293,3,20,0,-24.786,-87.795,3.205
2012-05-05-22_26_58.830,293,4,20,0,-33.773,-87.770,2.605
2012-05-05-22_26_58.831,293,5,20,0,-42.788,-87.833,2.905
2012-05-05-22_26_58.831,293,6,20,0,-51.787,-87.836,3.005
2012-05-05-22_26_58.832,293,7,20,0,-60.709,-87.754,3.805
2012-05-05-22_26_58.832,293,0,20,1,-2.192,-87.788,4.014
2012-05-05-22_26_58.833,293,1,20,1,-11.212,-87.795,3.514
2012-05-05-22_26_58.834,293,2,20,1,-20.189,-87.708,2.914
2012-05-05-22_26_58.834,293,3,20,1,-29.243,-87.803,3.214
2012-05-05-22_26_58.835,293,4,20,1,-38.230,-87.778,2.614
2012-05-05-22_26_58.836,293,5,20,1,-47.245,-87.841,2.914
2012-05-05-22_26_58.837,293,6,20,1,-56.244,-87.844,3.014
2012-05-05-22_26_58.837,293,7,20,1,-65.166,-87.762,3.814
2012-05-05-22_26_58.838,293,0,21,0,2.268,-92.279,3.924
2012-05-05-22_26_58.839,293,1,21,0,-6.753,-92.290,3.525
2012-05-05-22_26_58.839,293,2,21,0,-15.729,-92.199,2.924
2012-05-05-22_26_58.840,293,3,21,0,-24.784,-92.294,14.324
2012-05-05-22_26_58.841,293,4,21,0,-33.711,-92.339,2.625
2012-05-05-22_26_58.841,293,5,21,0,-42.786,-92.332,26.124
2012-05-05-22_26_58.842,293,6,21,0,-51.785,-92.335,26.324
2012-05-05-22_26_58.843,293,7,21,0,-60.706,-92.253,25.724
2012-05-05-22_26_58.843,293,0,21,1,-2.192,-92.289,4.037
2012-05-05-22_26_58.844,293,1,21,1,-11.213,-92.290,3.437
2012-05-05-22_26_58.844,293,2,21,1,-20.189,-92.209,2.937
2012-05-05-22_26_58.845,293,3,21,1,-29.244,-92.305,3.037
2012-05-05-22_26_58.845,293,4,21,1,-38.231,-92.280,2.437
2012-05-05-22_26_58.846,293,5,21,1,-47.246,-92.342,3.037
2012-05-05-22_26_58.846,293,6,21,1,-56.244,-92.346,3.037
2012-05-05-22_26_58.847,293,7,21,1,-65.166,-92.263,3.737
2012-05-05-22_26_58.848,293,0,22,0,2.267,-96.783,3.950
2012-05-05-22_26_58.849,293,1,22,0,-6.754,-96.788,3.550
2012-05-05-22_26_58.850,293,2,22,0,-15.730,-96.703,3.050
2012-05-05-22_26_58.850,293,3,22,0,-24.785,-96.798,3.250
2012-05-05-22_26_58.851,293,4,22,0,-33.772,-96.773,2.550
2012-05-05-22_26_58.851,293,5,22,0,-42.786,-96.835,2.950
2012-05-05-22_26_58.852,293,6,22,0,-51.785,-96.839,3.150
2012-05-05-22_26_58.853,293,7,22,0,-60.707,-96.757,3.750
2012-05-05-22_26_58.853,293,0,22,1,-2.195,-96.792,4.058
2012-05-05-22_26_58.854,293,1,22,1,-11.213,-96.789,3.558
2012-05-05-22_26_58.855,293,2,22,1,-20.192,-96.712,3.058
2012-05-05-22_26_58.855,293,3,22,1,-29.247,-96.808,3.058
2012-05-05-22_26_58.856,293,4,22,1,-38.234,-96.783,2.758
2012-05-05-22_26_58.857,293,5,22,1,-47.248,-96.845,3.058
2012-05-05-22_26_58.858,293,6,22,1,-56.247,-96.848,3.158
2012-05-05-22_26_58.859,293,7,22,1,-65.169,-96.766,3.758
2012-05-05-22_26_58.859,293,0,23,0,2.269,-101.282,4.068
2012-05-05-22_26_58.860,293,1,23,0,-6.754,-101.286,3.568
2012-05-05-22_26_58.860,293,2,23,0,-15.728,-101.202,2.968
2012-05-05-22_26_58.861,293,3,23,0,-24.783,-101.297,3.268
2012-05-05-22_26_58.862,293,4,23,0,-33.770,-101.272,2.668
2012-05-05-22_26_58.864,293,5,23,0,-42.784,-101.334,2.868
2012-05-05-22_26_58.865,293,6,23,0,-51.783,-101.338,2.968
2012-05-05-22_26_58.865,293,7,23,0,-60.705,-101.256,3.668
2012-05-05-22_26_58.866,293,0,23,1,-2.181,-101.280,3.968
2012-05-05-22_26_58.867,293,1,23,1,-11.211,-101.286,3.568
2012-05-05-22_26_58.867,293,2,23,1,-20.178,-101.200,2.968
2012-05-05-22_26_58.868,293,3,23,1,-29.232,-101.296,3.068
2012-05-05-22_26_58.869,293,4,23,1,-38.219,-101.271,2.568
2012-05-05-22_26_58.869,293,5,23,1,-47.234,-101.333,2.968
2012-05-05-22_26_58.870,293,6,23,1,-56.233,-101.336,3.068
2012-05-05-22_26_58.870,293,7,23,1,-65.155,-101.254,3.768
