2012-05-05-05_19_04.113,235,0,0,0,2.256,2.217,1.665
2012-05-05-05_19_04.115,235,0,0,0,2.293,2.304,1.765
2012-05-05-05_19_04.117,235,0,0,0,2.193,2.247,1.665
2012-05-05-05_19_04.156,235,1,0,0,-6.755,2.207,2.165
2012-05-05-05_19_04.157,235,1,0,0,-6.830,2.233,2.165
2012-05-05-05_19_04.157,235,1,0,0,-6.774,2.285,2.165
2012-05-05-05_19_04.158,235,2,0,0,-15.709,2.287,1.765
2012-05-05-05_19_04.159,235,2,0,0,-15.772,2.317,1.765
2012-05-05-05_19_04.159,235,2,0,0,-15.716,2.361,1.765
2012-05-05-05_19_04.160,235,3,0,0,-24.731,2.205,2.665
2012-05-05-05_19_04.160,235,3,0,0,-24.694,2.292,2.665
2012-05-05-05_19_04.161,235,3,0,0,-24.794,2.234,2.665
2012-05-05-05_19_04.161,235,4,0,0,-33.728,2.203,1.665
2012-05-05-05_19_04.162,235,4,0,0,-33.690,2.290,1.665
2012-05-05-05_19_04.162,235,4,0,0,-33.791,2.233,1.665
2012-05-05-05_19_04.163,235,5,0,0,-42.734,2.204,1.965
2012-05-05-05_19_04.163,235,5,0,0,-42.683,2.165,1.965
2012-05-05-05_19_04.164,235,5,0,0,-42.778,2.191,1.965
2012-05-05-05_19_04.164,235,6,0,0,-51.773,2.142,1.465
2012-05-05-05_19_04.165,235,6,0,0,-51.736,2.230,1.365
2012-05-05-05_19_04.165,235,6,0,0,-51.836,2.172,1.365
2012-05-05-05_19_04.166,235,7,0,0,-60.668,2.206,2.365
2012-05-05-05_19_04.167,235,7,0,0,-60.731,2.236,2.365
2012-05-05-05_19_04.167,235,7,0,0,-60.675,2.280,2.365
2012-05-05-05_19_04.169,235,0,0,1,-2.189,2.209,2.165
2012-05-05-05_19_04.170,235,0,0,1,-2.167,2.304,4.565
2012-05-05-05_19_04.170,235,0,0,1,-2.260,2.232,2.165
2012-05-05-05_19_04.171,235,1,0,1,-11.205,2.207,2.365
2012-05-05-05_19_04.172,235,1,0,1,-11.341,2.273,2.265
2012-05-05-05_19_04.173,235,1,0,1,-11.229,2.286,2.365
2012-05-05-05_19_04.174,235,2,0,1,-20.154,2.279,1.765
2012-05-05-05_19_04.175,235,2,0,1,-20.225,2.302,1.765
2012-05-05-05_19_04.176,235,2,0,1,-20.230,2.303,1.765
2012-05-05-05_19_04.176,235,3,0,1,-29.176,2.197,2.865
2012-05-05-05_19_04.177,235,3,0,1,-29.153,2.292,11.865
2012-05-05-05_19_04.178,235,3,0,1,-29.247,2.220,2.965
2012-05-05-05_19_04.179,235,4,0,1,-38.173,2.195,2.465
2012-05-05-05_19_04.179,235,4,0,1,-38.150,2.290,2.365
2012-05-05-05_19_04.180,235,4,0,1,-38.243,2.218,2.465
2012-05-05-05_19_04.181,235,5,0,1,-47.194,2.205,12.665
2012-05-05-05_19_04.182,235,5,0,1,-47.274,2.227,1.065
2012-05-05-05_19_04.183,235,5,0,1,-47.245,2.203,1.065
2012-05-05-05_19_04.183,235,6,0,1,-56.218,2.135,1.965
2012-05-05-05_19_04.185,235,6,0,1,-56.196,2.230,1.865
2012-05-05-05_19_04.186,235,6,0,1,-56.289,2.157,2.065
2012-05-05-05_19_04.187,235,7,0,1,-65.183,2.221,1.565
2012-05-05-05_19_04.188,235,7,0,1,-65.188,2.222,1.565
2012-05-05-05_19_04.189,235,7,0,1,-65.171,2.316,1.565
2012-05-05-05_19_04.190,235,0,1,0,2.268,-2.283,1.778
2012-05-05-05_19_04.190,235,0,1,0,2.295,-2.190,1.778
2012-05-05-05_19_04.191,235,0,1,0,2.195,-2.258,1.778
2012-05-05-05_19_04.192,235,1,1,0,-6.750,-2.295,1.478
2012-05-05-05_19_04.194,235,1,1,0,-6.831,-2.268,1.478
2012-05-05-05_19_04.195,235,1,1,0,-6.772,-2.209,1.478
2012-05-05-05_19_04.195,235,2,1,0,-15.697,-2.213,0.978
2012-05-05-05_19_04.196,235,2,1,0,-15.770,-2.188,1.078
2012-05-05-05_19_04.197,235,2,1,0,-15.746,-2.198,1.078
2012-05-05-05_19_04.198,235,3,1,0,-24.719,-2.295,1.178
2012-05-05-05_19_04.199,235,3,1,0,-24.692,-2.202,1.178
2012-05-05-05_19_04.200,235,3,1,0,-24.792,-2.271,1.178
2012-05-05-05_19_04.201,235,4,1,0,-33.716,-2.297,0.478
2012-05-05-05_19_04.202,235,4,1,0,-33.688,-2.204,0.478
2012-05-05-05_19_04.203,235,4,1,0,-33.789,-2.272,0.378
2012-05-05-05_19_04.203,235,5,1,0,-42.732,-2.290,1.278
2012-05-05-05_19_04.208,235,5,1,0,-42.684,-2.336,1.178
2012-05-05-05_19_04.210,235,5,1,0,-42.779,-2.304,1.178
2012-05-05-05_19_04.211,235,6,1,0,-51.761,-2.358,0.778
2012-05-05-05_19_04.212,235,6,1,0,-51.734,-2.264,0.778
2012-05-05-05_19_04.213,235,6,1,0,-51.834,-2.333,0.778
2012-05-05-05_19_04.213,235,7,1,0,-60.656,-2.294,1.678
2012-05-05-05_19_04.214,235,7,1,0,-60.729,-2.269,1.678
2012-05-05-05_19_04.215,235,7,1,0,-60.675,-2.215,1.678
2012-05-05-05_19_04.216,235,0,1,1,-2.190,-2.289,1.788
2012-05-05-05_19_04.217,235,0,1,1,-2.164,-2.190,1.788
2012-05-05-05_19_04.217,235,0,1,1,-2.260,-2.270,1.788
2012-05-05-05_19_04.218,235,1,1,1,-11.203,-2.295,1.088
2012-05-05-05_19_04.219,235,1,1,1,-11.339,-2.222,1.188
2012-05-05-05_19_04.220,235,1,1,1,-11.229,-2.209,1.188
2012-05-05-05_19_04.221,235,2,1,1,-20.154,-2.219,0.788
2012-05-05-05_19_04.222,235,2,1,1,-20.225,-2.200,0.688
2012-05-05-05_19_04.223,235,2,1,1,-20.232,-2.199,0.688
2012-05-05-05_19_04.224,235,3,1,1,-29.177,-2.301,0.988
2012-05-05-05_19_04.225,235,3,1,1,-29.151,-2.202,0.888
2012-05-05-05_19_04.226,235,3,1,1,-29.247,-2.282,0.988
2012-05-05-05_19_04.227,235,4,1,1,-38.173,-2.303,0.688
2012-05-05-05_19_04.227,235,4,1,1,-38.148,-2.204,0.688
2012-05-05-05_19_04.228,235,4,1,1,-38.244,-2.284,0.588
2012-05-05-05_19_04.229,235,5,1,1,-47.192,-2.290,0.888
2012-05-05-05_19_04.230,235,5,1,1,-47.275,-2.270,0.988
2012-05-05-05_19_04.231,235,5,1,1,-47.245,-2.292,0.988
2012-05-05-05_19_04.231,235,6,1,1,-56.219,-2.364,0.988
2012-05-05-05_19_04.232,235,6,1,1,-56.193,-2.264,0.888
2012-05-05-05_19_04.233,235,6,1,1,-56.289,-2.345,0.888
2012-05-05-05_19_04.235,235,7,1,1,-65.184,-2.281,1.488
2012-05-05-05_19_04.237,235,7,1,1,-65.191,-2.280,1.488
2012-05-05-05_19_04.238,235,7,1,1,-65.171,-2.180,1.588
2012-05-05-05_19_04.238,235,0,2,0,2.257,-6.780,1.802
2012-05-05-05_19_04.241,235,0,2,0,2.295,-6.689,11.002
2012-05-05-05_19_04.241,235,0,2,0,2.194,-6.759,1.802
2012-05-05-05_19_04.242,235,1,2,0,-6.748,-6.793,1.702
2012-05-05-05_19_04.243,235,1,2,0,-6.831,-6.773,1.702
2012-05-05-05_19_04.244,235,1,2,0,-6.770,-6.706,1.702
2012-05-05-05_19_04.245,235,2,2,0,-15.707,-6.710,0.902
2012-05-05-05_19_04.246,235,2,2,0,-15.771,-6.689,0.902
2012-05-05-05_19_04.247,235,2,2,0,-15.714,-6.637,0.902
2012-05-05-05_19_04.248,235,3,2,0,-24.729,-6.792,1.502
2012-05-05-05_19_04.249,235,3,2,0,-24.692,-6.701,7.802
2012-05-05-05_19_04.249,235,3,2,0,-24.793,-6.771,1.402
2012-05-05-05_19_04.250,235,4,2,0,-33.726,-6.794,0.702
2012-05-05-05_19_04.251,235,4,2,0,-33.689,-6.703,2.002
2012-05-05-05_19_04.252,235,4,2,0,-33.789,-6.773,0.702
2012-05-05-05_19_04.253,235,5,2,0,-42.733,-6.789,5.202
2012-05-05-05_19_04.254,235,5,2,0,-42.684,-6.841,1.002
2012-05-05-05_19_04.255,235,5,2,0,-42.777,-6.807,1.002
2012-05-05-05_19_04.256,235,6,2,0,-51.772,-6.854,1.002
2012-05-05-05_19_04.257,235,6,2,0,-51.734,-6.764,2.502
2012-05-05-05_19_04.257,235,6,2,0,-51.835,-6.834,1.002
2012-05-05-05_19_04.258,235,7,2,0,-60.666,-6.790,1.602
2012-05-05-05_19_04.259,235,7,2,0,-60.729,-6.770,1.602
2012-05-05-05_19_04.260,235,7,2,0,-60.673,-6.718,1.602
2012-05-05-05_19_04.261,235,0,2,1,-2.192,-6.786,1.710
2012-05-05-05_19_04.262,235,0,2,1,-2.165,-6.689,1.710
2012-05-05-05_19_04.262,235,0,2,1,-2.263,-6.769,1.710
2012-05-05-05_19_04.263,235,1,2,1,-11.203,-6.793,1.610
2012-05-05-05_19_04.264,235,1,2,1,-11.339,-6.721,1.610
2012-05-05-05_19_04.265,235,1,2,1,-11.227,-6.706,1.610
2012-05-05-05_19_04.266,235,2,2,1,-20.157,-6.716,0.910
2012-05-05-05_19_04.272,235,2,2,1,-20.228,-6.699,0.910
2012-05-05-05_19_04.272,235,2,2,1,-20.235,-6.697,0.910
2012-05-05-05_19_04.273,235,3,2,1,-29.179,-6.799,1.110
2012-05-05-05_19_04.274,235,3,2,1,-29.152,-6.701,1.110
2012-05-05-05_19_04.274,235,3,2,1,-29.250,-6.781,1.110
2012-05-05-05_19_04.275,235,4,2,1,-38.176,-6.800,0.710
2012-05-05-05_19_04.276,235,4,2,1,-38.148,-6.703,0.710
2012-05-05-05_19_04.276,235,4,2,1,-38.247,-6.783,0.710
2012-05-05-05_19_04.277,235,5,2,1,-47.192,-6.789,1.010
2012-05-05-05_19_04.278,235,5,2,1,-47.277,-6.767,0.910
2012-05-05-05_19_04.278,235,5,2,1,-47.248,-6.791,1.010
2012-05-05-05_19_04.279,235,6,2,1,-56.221,-6.861,1.010
2012-05-05-05_19_04.280,235,6,2,1,-56.194,-6.763,1.110
2012-05-05-05_19_04.280,235,6,2,1,-56.292,-6.844,1.010
2012-05-05-05_19_04.281,235,7,2,1,-65.187,-6.780,1.510
2012-05-05-05_19_04.282,235,7,2,1,-65.194,-6.778,1.510
2012-05-05-05_19_04.282,235,7,2,1,-65.174,-6.678,1.510
2012-05-05-05_19_04.283,235,0,3,0,2.269,-11.278,8.320
2012-05-05-05_19_04.284,235,0,3,0,2.297,-11.191,1.920
2012-05-05-05_19_04.285,235,0,3,0,2.194,-11.254,1.920
2012-05-05-05_19_04.286,235,1,3,0,-6.746,-11.289,1.720
2012-05-05-05_19_04.287,235,1,3,0,-6.827,-11.270,1.720
2012-05-05-05_19_04.288,235,1,3,0,-6.768,-11.205,1.720
2012-05-05-05_19_04.289,235,2,3,0,-15.696,-11.208,2.620
2012-05-05-05_19_04.290,235,2,3,0,-15.771,-11.184,1.120
2012-05-05-05_19_04.290,235,2,3,0,-15.715,-11.140,1.120
2012-05-05-05_19_04.291,235,3,3,0,-24.718,-11.290,5.320
2012-05-05-05_19_04.292,235,3,3,0,-24.690,-11.203,1.520
2012-05-05-05_19_04.293,235,3,3,0,-24.793,-11.267,1.520
2012-05-05-05_19_04.294,235,4,3,0,-33.714,-11.292,7.720
2012-05-05-05_19_04.294,235,4,3,0,-33.687,-11.205,0.720
2012-05-05-05_19_04.295,235,4,3,0,-33.790,-11.268,0.720
2012-05-05-05_19_04.296,235,5,3,0,-42.731,-11.291,1.020
2012-05-05-05_19_04.297,235,5,3,0,-42.680,-11.338,1.020
2012-05-05-05_19_04.298,235,5,3,0,-42.777,-11.310,1.020
2012-05-05-05_19_04.299,235,6,3,0,-51.760,-11.353,1.120
2012-05-05-05_19_04.300,235,6,3,0,-51.732,-11.265,1.020
2012-05-05-05_19_04.300,235,6,3,0,-51.835,-11.329,1.020
2012-05-05-05_19_04.301,235,7,3,0,-60.654,-11.289,1.620
2012-05-05-05_19_04.302,235,7,3,0,-60.730,-11.265,1.720
2012-05-05-05_19_04.303,235,7,3,0,-60.673,-11.221,1.720
2012-05-05-05_19_04.304,235,0,3,1,-2.186,-11.288,1.928
2012-05-05-05_19_04.304,235,0,3,1,-2.163,-11.191,1.927
2012-05-05-05_19_04.305,235,0,3,1,-2.264,-11.265,1.827
2012-05-05-05_19_04.306,235,1,3,1,-11.204,-11.289,1.728
2012-05-05-05_19_04.307,235,1,3,1,-11.337,-11.223,1.727
2012-05-05-05_19_04.308,235,1,3,1,-11.227,-11.205,1.727
2012-05-05-05_19_04.309,235,2,3,1,-20.150,-11.218,1.028
2012-05-05-05_19_04.309,235,2,3,1,-20.228,-11.195,1.027
2012-05-05-05_19_04.310,235,2,3,1,-20.236,-11.194,1.027
2012-05-05-05_19_04.311,235,3,3,1,-29.172,-11.300,1.228
2012-05-05-05_19_04.312,235,3,3,1,-29.150,-11.203,1.127
2012-05-05-05_19_04.313,235,3,3,1,-29.250,-11.278,1.227
2012-05-05-05_19_04.313,235,4,3,1,-38.169,-11.302,0.728
2012-05-05-05_19_04.314,235,4,3,1,-38.146,-11.205,0.727
2012-05-05-05_19_04.315,235,4,3,1,-38.247,-11.279,0.727
2012-05-05-05_19_04.316,235,5,3,1,-47.190,-11.291,1.027
2012-05-05-05_19_04.317,235,5,3,1,-47.278,-11.266,1.027
2012-05-05-05_19_04.318,235,5,3,1,-47.246,-11.292,1.027
2012-05-05-05_19_04.319,235,6,3,1,-56.215,-11.363,1.128
2012-05-05-05_19_04.320,235,6,3,1,-56.192,-11.266,1.127
2012-05-05-05_19_04.325,235,6,3,1,-56.292,-11.340,1.127
2012-05-05-05_19_04.327,235,7,3,1,-65.187,-11.276,1.527
2012-05-05-05_19_04.328,235,7,3,1,-65.194,-11.275,1.627
2012-05-05-05_19_04.329,235,7,3,1,-65.174,-11.177,1.627
2012-05-05-05_19_04.330,235,0,4,0,2.269,-15.782,2.039
2012-05-05-05_19_04.331,235,0,4,0,2.296,-15.697,2.039
2012-05-05-05_19_04.333,235,0,4,0,2.193,-15.753,2.039
2012-05-05-05_19_04.334,235,1,4,0,-6.742,-15.790,1.739
2012-05-05-05_19_04.334,235,1,4,0,-6.827,-15.769,1.839
2012-05-05-05_19_04.335,235,1,4,0,-6.763,-15.713,1.739
2012-05-05-05_19_04.336,235,2,4,0,-15.696,-15.712,1.139
2012-05-05-05_19_04.337,235,2,4,0,-15.772,-15.683,1.039
2012-05-05-05_19_04.337,235,2,4,0,-15.715,-15.642,1.139
2012-05-05-05_19_04.338,235,3,4,0,-24.718,-15.794,1.539
2012-05-05-05_19_04.339,235,3,4,0,-24.691,-15.709,1.639
2012-05-05-05_19_04.340,235,3,4,0,-24.794,-15.765,1.539
2012-05-05-05_19_04.341,235,4,4,0,-33.715,-15.796,0.739
2012-05-05-05_19_04.341,235,4,4,0,-33.687,-15.711,0.739
2012-05-05-05_19_04.342,235,4,4,0,-33.790,-15.767,0.739
2012-05-05-05_19_04.343,235,5,4,0,-42.731,-15.796,1.039
2012-05-05-05_19_04.344,235,5,4,0,-42.680,-15.837,1.039
2012-05-05-05_19_04.345,235,5,4,0,-42.777,-15.812,1.039
2012-05-05-05_19_04.346,235,6,4,0,-51.760,-15.856,1.039
2012-05-05-05_19_04.346,235,6,4,0,-51.733,-15.771,1.039
2012-05-05-05_19_04.347,235,6,4,0,-51.836,-15.828,1.039
2012-05-05-05_19_04.348,235,7,4,0,-60.655,-15.793,1.839
2012-05-05-05_19_04.349,235,7,4,0,-60.730,-15.764,1.739
2012-05-05-05_19_04.350,235,7,4,0,-60.674,-15.723,1.739
2012-05-05-05_19_04.351,235,0,4,1,-2.188,-15.793,1.951
2012-05-05-05_19_04.351,235,0,4,1,-2.158,-15.697,1.950
2012-05-05-05_19_04.352,235,0,4,1,-2.266,-15.766,1.950
2012-05-05-05_19_04.353,235,1,4,1,-11.206,-15.791,1.751
2012-05-05-05_19_04.354,235,1,4,1,-11.333,-15.728,1.750
2012-05-05-05_19_04.355,235,1,4,1,-11.225,-15.711,1.750
2012-05-05-05_19_04.356,235,2,4,1,-20.153,-15.723,1.151
2012-05-05-05_19_04.356,235,2,4,1,-20.231,-15.695,1.150
2012-05-05-05_19_04.357,235,2,4,1,-20.239,-15.695,1.150
2012-05-05-05_19_04.358,235,3,4,1,-29.175,-15.805,1.251
2012-05-05-05_19_04.359,235,3,4,1,-29.145,-15.709,1.250
2012-05-05-05_19_04.360,235,3,4,1,-29.253,-15.778,1.250
2012-05-05-05_19_04.361,235,4,4,1,-38.172,-15.807,0.751
2012-05-05-05_19_04.361,235,4,4,1,-38.142,-15.711,0.750
2012-05-05-05_19_04.362,235,4,4,1,-38.250,-15.780,0.750
2012-05-05-05_19_04.363,235,5,4,1,-47.186,-15.796,1.150
2012-05-05-05_19_04.364,235,5,4,1,-47.278,-15.771,1.050
2012-05-05-05_19_04.365,235,5,4,1,-47.249,-15.798,1.150
2012-05-05-05_19_04.366,235,6,4,1,-56.187,-15.771,1.050
2012-05-05-05_19_04.366,235,6,4,1,-56.295,-15.840,1.050
2012-05-05-05_19_04.367,235,6,4,1,-56.303,-15.840,1.150
2012-05-05-05_19_04.368,235,7,4,1,-65.190,-15.776,1.550
2012-05-05-05_19_04.369,235,7,4,1,-65.197,-15.776,1.650
2012-05-05-05_19_04.370,235,7,4,1,-65.175,-15.681,1.650
2012-05-05-05_19_04.371,235,0,5,0,2.268,-20.282,1.964
2012-05-05-05_19_04.372,235,0,5,0,2.296,-20.198,2.064
2012-05-05-05_19_04.373,235,0,5,0,2.190,-20.254,2.064
2012-05-05-05_19_04.373,235,1,5,0,-6.742,-20.295,1.864
2012-05-05-05_19_04.374,235,1,5,0,-6.825,-20.268,1.764
2012-05-05-05_19_04.375,235,1,5,0,-6.764,-20.216,1.864
2012-05-05-05_19_04.376,235,2,5,0,-15.697,-20.212,1.064
2012-05-05-05_19_04.376,235,2,5,0,-15.774,-20.184,1.064
2012-05-05-05_19_04.377,235,2,5,0,-15.718,-20.140,1.064
2012-05-05-05_19_04.378,235,3,5,0,-24.719,-20.295,1.564
2012-05-05-05_19_04.379,235,3,5,0,-24.691,-20.210,1.664
2012-05-05-05_19_04.380,235,3,5,0,-24.796,-20.267,1.564
2012-05-05-05_19_04.382,235,4,5,0,-33.715,-20.296,0.864
2012-05-05-05_19_04.383,235,4,5,0,-33.688,-20.212,0.864
2012-05-05-05_19_04.384,235,4,5,0,-33.793,-20.268,0.864
2012-05-05-05_19_04.384,235,5,5,0,-42.731,-20.298,1.064
2012-05-05-05_19_04.385,235,5,5,0,-42.678,-20.337,1.064
2012-05-05-05_19_04.386,235,5,5,0,-42.780,-20.310,1.064
2012-05-05-05_19_04.387,235,6,5,0,-51.761,-20.357,1.064
2012-05-05-05_19_04.388,235,6,5,0,-51.733,-20.272,1.064
2012-05-05-05_19_04.389,235,6,5,0,-51.839,-20.329,1.064
2012-05-05-05_19_04.390,235,7,5,0,-60.655,-20.293,1.764
2012-05-05-05_19_04.390,235,7,5,0,-60.733,-20.265,1.764
2012-05-05-05_19_04.391,235,7,5,0,-60.677,-20.221,1.864
2012-05-05-05_19_04.392,235,0,5,1,-2.186,-20.291,1.972
2012-05-05-05_19_04.393,235,0,5,1,-2.159,-20.197,1.972
2012-05-05-05_19_04.394,235,0,5,1,-2.262,-20.268,1.972
2012-05-05-05_19_04.395,235,1,5,1,-11.209,-20.294,1.772
2012-05-05-05_19_04.396,235,1,5,1,-11.333,-20.229,1.772
2012-05-05-05_19_04.397,235,1,5,1,-11.231,-20.216,1.772
2012-05-05-05_19_04.397,235,2,5,1,-20.151,-20.221,1.072
2012-05-05-05_19_04.398,235,2,5,1,-20.227,-20.198,1.172
2012-05-05-05_19_04.399,235,2,5,1,-20.234,-20.197,1.072
2012-05-05-05_19_04.400,235,3,5,1,-29.173,-20.303,1.272
2012-05-05-05_19_04.401,235,3,5,1,-29.146,-20.209,1.372
2012-05-05-05_19_04.401,235,3,5,1,-29.249,-20.280,1.272
2012-05-05-05_19_04.402,235,4,5,1,-38.170,-20.305,0.872
2012-05-05-05_19_04.403,235,4,5,1,-38.142,-20.211,0.872
2012-05-05-05_19_04.404,235,4,5,1,-38.245,-20.282,0.872
2012-05-05-05_19_04.405,235,5,5,1,-47.186,-20.297,1.172
2012-05-05-05_19_04.406,235,5,5,1,-47.279,-20.275,1.072
2012-05-05-05_19_04.406,235,5,5,1,-47.247,-20.298,1.072
2012-05-05-05_19_04.407,235,6,5,1,-56.188,-20.271,1.172
2012-05-05-05_19_04.408,235,6,5,1,-56.291,-20.343,1.172
2012-05-05-05_19_04.409,235,6,5,1,-56.298,-20.342,1.172
2012-05-05-05_19_04.410,235,7,5,1,-65.186,-20.279,1.672
2012-05-05-05_19_04.411,235,7,5,1,-65.193,-20.278,1.672
2012-05-05-05_19_04.411,235,7,5,1,-65.175,-20.186,1.872
2012-05-05-05_19_04.412,235,0,6,0,2.270,-24.783,1.881
2012-05-05-05_19_04.413,235,0,6,0,2.300,-24.690,1.882
2012-05-05-05_19_04.414,235,0,6,0,2.188,-24.757,1.882
2012-05-05-05_19_04.415,235,1,6,0,-6.743,-24.796,1.582
2012-05-05-05_19_04.415,235,1,6,0,-6.821,-24.770,1.582
2012-05-05-05_19_04.416,235,1,6,0,-6.762,-24.710,1.582
2012-05-05-05_19_04.417,235,2,6,0,-15.695,-24.713,1.081
2012-05-05-05_19_04.419,235,2,6,0,-15.777,-24.687,1.082
2012-05-05-05_19_04.420,235,2,6,0,-15.751,-24.696,1.082
2012-05-05-05_19_04.421,235,3,6,0,-24.717,-24.795,1.581
2012-05-05-05_19_04.421,235,3,6,0,-24.687,-24.703,1.482
2012-05-05-05_19_04.422,235,3,6,0,-24.799,-24.769,1.482
2012-05-05-05_19_04.423,235,4,6,0,-33.713,-24.797,0.881
2012-05-05-05_19_04.424,235,4,6,0,-33.683,-24.704,0.882
2012-05-05-05_19_04.425,235,4,6,0,-33.796,-24.771,0.882
2012-05-05-05_19_04.426,235,5,6,0,-42.727,-24.790,1.282
2012-05-05-05_19_04.427,235,5,6,0,-42.674,-24.838,1.282
2012-05-05-05_19_04.427,235,5,6,0,-42.776,-24.805,1.282
2012-05-05-05_19_04.428,235,6,6,0,-51.759,-24.858,1.181
2012-05-05-05_19_04.429,235,6,6,0,-51.729,-24.765,1.282
2012-05-05-05_19_04.430,235,6,6,0,-51.675,-24.813,1.282
2012-05-05-05_19_04.431,235,7,6,0,-60.653,-24.794,2.081
2012-05-05-05_19_04.432,235,7,6,0,-60.736,-24.768,2.082
2012-05-05-05_19_04.432,235,7,6,0,-60.672,-24.716,2.082
2012-05-05-05_19_04.433,235,0,6,1,-2.187,-24.788,1.790
2012-05-05-05_19_04.434,235,0,6,1,-2.159,-24.690,1.790
2012-05-05-05_19_04.435,235,0,6,1,-2.260,-24.770,1.790
2012-05-05-05_19_04.437,235,1,6,1,-11.210,-24.796,1.590
2012-05-05-05_19_04.438,235,1,6,1,-11.334,-24.722,1.590
2012-05-05-05_19_04.438,235,1,6,1,-11.234,-24.710,1.690
2012-05-05-05_19_04.439,235,2,6,1,-20.152,-24.718,1.090
2012-05-05-05_19_04.440,235,2,6,1,-20.225,-24.700,1.090
2012-05-05-05_19_04.441,235,2,6,1,-20.232,-24.699,0.990
2012-05-05-05_19_04.442,235,3,6,1,-29.174,-24.800,1.290
2012-05-05-05_19_04.443,235,3,6,1,-29.146,-24.703,1.490
2012-05-05-05_19_04.444,235,3,6,1,-29.247,-24.782,1.290
2012-05-05-05_19_04.444,235,4,6,1,-38.170,-24.802,0.890
2012-05-05-05_19_04.445,235,4,6,1,-38.143,-24.704,0.890
2012-05-05-05_19_04.446,235,4,6,1,-38.243,-24.784,0.890
2012-05-05-05_19_04.447,235,5,6,1,-47.187,-24.790,1.390
2012-05-05-05_19_04.448,235,5,6,1,-47.274,-24.770,1.390
2012-05-05-05_19_04.449,235,5,6,1,-47.243,-24.791,1.390
2012-05-05-05_19_04.449,235,6,6,1,-56.216,-24.863,1.190
2012-05-05-05_19_04.450,235,6,6,1,-56.188,-24.765,1.290
2012-05-05-05_19_04.451,235,6,6,1,-56.289,-24.844,1.290
2012-05-05-05_19_04.452,235,7,6,1,-65.184,-24.781,1.890
2012-05-05-05_19_04.453,235,7,6,1,-65.191,-24.780,1.890
2012-05-05-05_19_04.453,235,7,6,1,-65.171,-24.681,1.890
2012-05-05-05_19_04.454,235,0,7,0,2.263,-29.281,1.902
2012-05-05-05_19_04.455,235,0,7,0,2.300,-29.189,1.902
2012-05-05-05_19_04.456,235,0,7,0,2.190,-29.259,1.902
2012-05-05-05_19_04.457,235,1,7,0,-6.743,-29.293,1.602
2012-05-05-05_19_04.458,235,1,7,0,-6.819,-29.272,1.602
2012-05-05-05_19_04.458,235,1,7,0,-6.762,-29.206,1.602
2012-05-05-05_19_04.459,235,2,7,0,-15.702,-29.210,1.102
2012-05-05-05_19_04.460,235,2,7,0,-15.775,-29.189,1.102
2012-05-05-05_19_04.461,235,2,7,0,-15.714,-29.138,1.202
2012-05-05-05_19_04.462,235,3,7,0,-24.724,-29.293,1.502
2012-05-05-05_19_04.463,235,3,7,0,-24.687,-29.201,1.502
2012-05-05-05_19_04.464,235,3,7,0,-24.797,-29.271,1.502
2012-05-05-05_19_04.465,235,4,7,0,-33.721,-29.295,1.002
2012-05-05-05_19_04.466,235,4,7,0,-33.684,-29.203,1.002
2012-05-05-05_19_04.466,235,4,7,0,-33.794,-29.273,0.902
2012-05-05-05_19_04.467,235,5,7,0,-42.727,-29.289,1.402
2012-05-05-05_19_04.468,235,5,7,0,-42.672,-29.340,1.402
2012-05-05-05_19_04.469,235,5,7,0,-42.776,-29.308,1.602
2012-05-05-05_19_04.470,235,6,7,0,-51.766,-29.355,1.302
2012-05-05-05_19_04.470,235,6,7,0,-51.729,-29.264,1.202
2012-05-05-05_19_04.471,235,6,7,0,-51.673,-29.315,1.302
2012-05-05-05_19_04.472,235,7,7,0,-60.661,-29.291,2.102
2012-05-05-05_19_04.473,235,7,7,0,-60.734,-29.269,2.102
2012-05-05-05_19_04.474,235,7,7,0,-60.673,-29.218,9.802
2012-05-05-05_19_04.474,235,0,7,1,-2.187,-29.285,1.913
2012-05-05-05_19_04.476,235,0,7,1,-2.162,-29.189,1.813
2012-05-05-05_19_04.476,235,0,7,1,-2.260,-29.268,1.813
2012-05-05-05_19_04.477,235,1,7,1,-11.213,-29.292,1.713
2012-05-05-05_19_04.478,235,1,7,1,-11.337,-29.221,1.713
2012-05-05-05_19_04.479,235,1,7,1,-11.234,-29.206,1.713
2012-05-05-05_19_04.480,235,2,7,1,-20.152,-29.215,1.113
2012-05-05-05_19_04.481,235,2,7,1,-20.225,-29.198,1.113
2012-05-05-05_19_04.481,235,2,7,1,-20.233,-29.197,1.013
2012-05-05-05_19_04.482,235,3,7,1,-29.174,-29.298,1.313
2012-05-05-05_19_04.483,235,3,7,1,-29.149,-29.201,1.513
2012-05-05-05_19_04.484,235,3,7,1,-29.247,-29.281,1.313
2012-05-05-05_19_04.485,235,4,7,1,-38.171,-29.299,1.013
2012-05-05-05_19_04.486,235,4,7,1,-38.146,-29.203,0.913
2012-05-05-05_19_04.486,235,4,7,1,-38.244,-29.282,0.913
2012-05-05-05_19_04.487,235,5,7,1,-47.189,-29.289,1.413
2012-05-05-05_19_04.488,235,5,7,1,-47.272,-29.267,1.313
2012-05-05-05_19_04.489,235,5,7,1,-47.243,-29.292,1.413
2012-05-05-05_19_04.491,235,6,7,1,-56.216,-29.360,1.313
2012-05-05-05_19_04.492,235,6,7,1,-56.191,-29.264,1.313
2012-05-05-05_19_04.492,235,6,7,1,-56.289,-29.343,1.313
2012-05-05-05_19_04.493,235,7,7,1,-65.184,-29.279,1.913
2012-05-05-05_19_04.494,235,7,7,1,-65.191,-29.278,1.913
2012-05-05-05_19_04.495,235,7,7,1,-65.169,-29.178,2.013
2012-05-05-05_19_04.496,235,0,8,0,2.274,-33.778,1.927
2012-05-05-05_19_04.497,235,0,8,0,2.302,-33.689,1.927
2012-05-05-05_19_04.498,235,0,8,0,2.189,-33.755,1.927
2012-05-05-05_19_04.499,235,1,8,0,-6.746,-33.788,1.627
2012-05-05-05_19_04.500,235,1,8,0,-6.819,-33.769,1.627
2012-05-05-05_19_04.501,235,1,8,0,-6.765,-33.704,1.727
2012-05-05-05_19_04.502,235,2,8,0,-15.690,-33.708,1.127
2012-05-05-05_19_04.502,235,2,8,0,-15.776,-33.685,1.027
2012-05-05-05_19_04.503,235,2,8,0,-15.712,-33.639,1.127
2012-05-05-05_19_04.504,235,3,8,0,-24.712,-33.790,1.527
2012-05-05-05_19_04.505,235,3,8,0,-24.685,-33.701,1.527
2012-05-05-05_19_04.506,235,3,8,0,-24.798,-33.767,1.527
2012-05-05-05_19_04.508,235,4,8,0,-33.709,-33.792,0.927
2012-05-05-05_19_04.509,235,4,8,0,-33.682,-33.703,1.027
2012-05-05-05_19_04.509,235,4,8,0,-33.794,-33.769,0.927
2012-05-05-05_19_04.510,235,5,8,0,-42.725,-33.789,1.427
2012-05-05-05_19_04.511,235,5,8,0,-42.672,-33.837,1.327
2012-05-05-05_19_04.511,235,5,8,0,-42.774,-33.809,1.327
2012-05-05-05_19_04.512,235,6,8,0,-51.755,-33.853,1.227
2012-05-05-05_19_04.513,235,6,8,0,-51.727,-33.764,1.227
2012-05-05-05_19_04.514,235,6,8,0,-51.840,-33.829,1.227
2012-05-05-05_19_04.515,235,7,8,0,-60.649,-33.789,2.127
2012-05-05-05_19_04.515,235,7,8,0,-60.734,-33.766,2.127
2012-05-05-05_19_04.516,235,7,8,0,-60.671,-33.719,2.127
2012-05-05-05_19_04.517,235,0,8,1,-2.190,-33.787,1.836
2012-05-05-05_19_04.518,235,0,8,1,-2.163,-33.688,1.836
2012-05-05-05_19_04.518,235,0,8,1,-2.261,-33.765,1.835
2012-05-05-05_19_04.519,235,1,8,1,-11.213,-33.787,1.636
2012-05-05-05_19_04.520,235,1,8,1,-11.337,-33.720,1.736
2012-05-05-05_19_04.521,235,1,8,1,-11.237,-33.703,1.735
2012-05-05-05_19_04.522,235,2,8,1,-20.155,-33.717,1.136
2012-05-05-05_19_04.522,235,2,8,1,-20.226,-33.695,1.135
2012-05-05-05_19_04.523,235,2,8,1,-20.233,-33.694,1.135
2012-05-05-05_19_04.524,235,3,8,1,-29.177,-33.799,1.136
2012-05-05-05_19_04.525,235,3,8,1,-29.149,-33.700,1.336
2012-05-05-05_19_04.526,235,3,8,1,-29.248,-33.778,1.235
2012-05-05-05_19_04.527,235,4,8,1,-38.174,-33.801,0.936
2012-05-05-05_19_04.527,235,4,8,1,-38.146,-33.702,0.936
2012-05-05-05_19_04.528,235,4,8,1,-38.244,-33.779,0.935
2012-05-05-05_19_04.529,235,5,8,1,-47.190,-33.788,1.436
2012-05-05-05_19_04.530,235,5,8,1,-47.275,-33.764,1.435
2012-05-05-05_19_04.531,235,5,8,1,-47.246,-33.792,1.435
2012-05-05-05_19_04.531,235,6,8,1,-56.219,-33.862,1.336
2012-05-05-05_19_04.533,235,6,8,1,-56.192,-33.763,1.336
2012-05-05-05_19_04.533,235,6,8,1,-56.290,-33.840,1.335
2012-05-05-05_19_04.535,235,7,8,1,-65.184,-33.776,2.235
2012-05-05-05_19_04.536,235,7,8,1,-65.192,-33.775,2.235
2012-05-05-05_19_04.536,235,7,8,1,-65.171,-33.675,2.235
2012-05-05-05_19_04.537,235,0,9,0,2.274,-38.282,1.945
2012-05-05-05_19_04.538,235,0,9,0,2.304,-38.196,1.945
2012-05-05-05_19_04.539,235,0,9,0,2.194,-38.254,1.945
2012-05-05-05_19_04.540,235,1,9,0,-6.746,-38.290,1.745
2012-05-05-05_19_04.540,235,1,9,0,-6.822,-38.268,1.745
2012-05-05-05_19_04.541,235,1,9,0,-6.768,-38.212,1.745
2012-05-05-05_19_04.542,235,2,9,0,-15.691,-38.212,1.245
2012-05-05-05_19_04.543,235,2,9,0,-15.771,-38.184,1.245
2012-05-05-05_19_04.544,235,2,9,0,-15.710,-38.141,1.245
2012-05-05-05_19_04.546,235,3,9,0,-24.713,-38.294,1.645
2012-05-05-05_19_04.547,235,3,9,0,-24.683,-38.208,1.645
2012-05-05-05_19_04.547,235,3,9,0,-24.793,-38.266,1.645
2012-05-05-05_19_04.548,235,4,9,0,-33.710,-38.296,0.945
2012-05-05-05_19_04.549,235,4,9,0,-33.680,-38.210,0.945
2012-05-05-05_19_04.550,235,4,9,0,-33.790,-38.268,0.945
2012-05-05-05_19_04.551,235,5,9,0,-42.723,-38.296,1.345
2012-05-05-05_19_04.551,235,5,9,0,-42.675,-38.336,1.545
2012-05-05-05_19_04.552,235,5,9,0,-42.772,-38.311,1.445
2012-05-05-05_19_04.553,235,6,9,0,-51.755,-38.357,1.245
2012-05-05-05_19_04.554,235,6,9,0,-51.725,-38.270,1.245
2012-05-05-05_19_04.555,235,6,9,0,-51.835,-38.329,1.245
2012-05-05-05_19_04.556,235,7,9,0,-60.650,-38.293,2.245
2012-05-05-05_19_04.557,235,7,9,0,-60.730,-38.265,2.145
2012-05-05-05_19_04.558,235,7,9,0,-60.669,-38.222,2.145
2012-05-05-05_19_04.558,235,0,9,1,-2.188,-38.292,1.954
2012-05-05-05_19_04.559,235,0,9,1,-2.168,-38.196,1.954
2012-05-05-05_19_04.560,235,0,9,1,-2.259,-38.267,1.854
2012-05-05-05_19_04.561,235,1,9,1,-11.213,-38.290,1.754
2012-05-05-05_19_04.562,235,1,9,1,-11.342,-38.227,1.754
2012-05-05-05_19_04.563,235,1,9,1,-11.235,-38.210,1.754
2012-05-05-05_19_04.563,235,2,9,1,-20.153,-38.222,1.254
2012-05-05-05_19_04.564,235,2,9,1,-20.224,-38.197,1.254
2012-05-05-05_19_04.565,235,2,9,1,-20.233,-38.195,1.254
2012-05-05-05_19_04.566,235,3,9,1,-29.175,-38.305,1.454
2012-05-05-05_19_04.567,235,3,9,1,-29.155,-38.208,1.554
2012-05-05-05_19_04.567,235,3,9,1,-29.246,-38.279,1.454
2012-05-05-05_19_04.568,235,4,9,1,-38.172,-38.306,0.954
2012-05-05-05_19_04.569,235,4,9,1,-38.151,-38.210,1.054
2012-05-05-05_19_04.570,235,4,9,1,-38.242,-38.281,0.954
2012-05-05-05_19_04.571,235,5,9,1,-47.195,-38.296,1.454
2012-05-05-05_19_04.572,235,5,9,1,-47.276,-38.270,1.454
2012-05-05-05_19_04.572,235,5,9,1,-47.246,-38.299,1.454
2012-05-05-05_19_04.573,235,6,9,1,-56.197,-38.270,1.354
2012-05-05-05_19_04.574,235,6,9,1,-56.288,-38.342,1.254
2012-05-05-05_19_04.575,235,6,9,1,-56.297,-38.340,1.354
2012-05-05-05_19_04.576,235,7,9,1,-65.182,-38.278,1.954
2012-05-05-05_19_04.576,235,7,9,1,-65.192,-38.276,1.954
2012-05-05-05_19_04.577,235,7,9,1,-65.172,-38.181,2.154
2012-05-05-05_19_04.578,235,0,10,0,2.278,-42.782,1.966
2012-05-05-05_19_04.579,235,0,10,0,2.303,-42.696,1.966
2012-05-05-05_19_04.580,235,0,10,0,2.193,-42.754,1.966
2012-05-05-05_19_04.581,235,1,10,0,-6.752,-42.794,1.766
2012-05-05-05_19_04.581,235,1,10,0,-6.825,-42.767,1.766
2012-05-05-05_19_04.582,235,1,10,0,-6.771,-42.715,1.766
2012-05-05-05_19_04.583,235,2,10,0,-15.686,-42.712,1.266
2012-05-05-05_19_04.584,235,2,10,0,-15.772,-42.684,1.266
2012-05-05-05_19_04.585,235,2,10,0,-15.708,-42.639,1.266
2012-05-05-05_19_04.586,235,3,10,0,-24.708,-42.795,1.666
2012-05-05-05_19_04.587,235,3,10,0,-24.683,-42.708,1.666
2012-05-05-05_19_04.587,235,3,10,0,-24.794,-42.766,1.666
2012-05-05-05_19_04.588,235,4,10,0,-33.705,-42.796,1.066
2012-05-05-05_19_04.589,235,4,10,0,-33.680,-42.710,1.066
2012-05-05-05_19_04.590,235,4,10,0,-33.790,-42.768,0.966
2012-05-05-05_19_04.591,235,5,10,0,-42.724,-42.796,1.466
2012-05-05-05_19_04.592,235,5,10,0,-42.678,-42.835,1.366
2012-05-05-05_19_04.594,235,5,10,0,-42.770,-42.809,1.366
2012-05-05-05_19_04.595,235,6,10,0,-51.751,-42.857,1.266
2012-05-05-05_19_04.595,235,6,10,0,-51.725,-42.771,1.266
2012-05-05-05_19_04.596,235,6,10,0,-51.836,-42.829,1.166
2012-05-05-05_19_04.597,235,7,10,0,-60.645,-42.793,2.166
2012-05-05-05_19_04.597,235,7,10,0,-60.730,-42.765,2.166
2012-05-05-05_19_04.600,235,7,10,0,-60.667,-42.720,2.166
2012-05-05-05_19_04.600,235,0,10,1,-2.191,-42.791,1.978
2012-05-05-05_19_04.601,235,0,10,1,-2.166,-42.696,1.878
2012-05-05-05_19_04.602,235,0,10,1,-2.262,-42.768,1.978
2012-05-05-05_19_04.602,235,1,10,1,-11.214,-42.793,1.878
2012-05-05-05_19_04.603,235,1,10,1,-11.340,-42.727,1.778
2012-05-05-05_19_04.604,235,1,10,1,-11.235,-42.715,1.778
2012-05-05-05_19_04.604,235,2,10,1,-20.156,-42.721,1.278
2012-05-05-05_19_04.605,235,2,10,1,-20.226,-42.698,1.378
2012-05-05-05_19_04.606,235,2,10,1,-20.234,-42.697,1.278
2012-05-05-05_19_04.607,235,3,10,1,-29.178,-42.803,1.378
2012-05-05-05_19_04.607,235,3,10,1,-29.153,-42.708,1.478
2012-05-05-05_19_04.608,235,3,10,1,-29.249,-42.781,1.378
2012-05-05-05_19_04.609,235,4,10,1,-38.174,-42.805,0.978
2012-05-05-05_19_04.610,235,4,10,1,-38.149,-42.710,0.978
2012-05-05-05_19_04.612,235,4,10,1,-38.245,-42.782,0.978
2012-05-05-05_19_04.613,235,5,10,1,-47.193,-42.795,1.578
2012-05-05-05_19_04.614,235,5,10,1,-47.276,-42.774,1.478
2012-05-05-05_19_04.615,235,5,10,1,-47.247,-42.797,1.478
2012-05-05-05_19_04.616,235,6,10,1,-56.220,-42.866,1.278
2012-05-05-05_19_04.617,235,6,10,1,-56.195,-42.770,1.378
2012-05-05-05_19_04.617,235,6,10,1,-56.291,-42.843,1.278
2012-05-05-05_19_04.618,235,7,10,1,-65.185,-42.779,1.978
2012-05-05-05_19_04.619,235,7,10,1,-65.193,-42.778,2.078
2012-05-05-05_19_04.620,235,7,10,1,-65.172,-42.685,2.178
2012-05-05-05_19_04.621,235,0,11,0,2.278,-47.283,1.990
2012-05-05-05_19_04.622,235,0,11,0,2.301,-47.190,1.990
2012-05-05-05_19_04.622,235,0,11,0,2.193,-47.257,1.990
2012-05-05-05_19_04.623,235,1,11,0,-6.752,-47.296,1.790
2012-05-05-05_19_04.624,235,1,11,0,-6.825,-47.270,1.790
2012-05-05-05_19_04.625,235,1,11,0,-6.774,-47.210,1.790
2012-05-05-05_19_04.626,235,2,11,0,-15.687,-47.213,1.190
2012-05-05-05_19_04.627,235,2,11,0,-15.772,-47.187,1.290
2012-05-05-05_19_04.627,235,2,11,0,-15.743,-47.197,1.190
2012-05-05-05_19_04.628,235,3,11,0,-24.709,-47.295,1.690
2012-05-05-05_19_04.629,235,3,11,0,-24.686,-47.203,1.690
2012-05-05-05_19_04.630,235,3,11,0,-24.794,-47.269,1.690
2012-05-05-05_19_04.631,235,4,11,0,-33.705,-47.297,0.990
2012-05-05-05_19_04.632,235,4,11,0,-33.683,-47.204,0.990
2012-05-05-05_19_04.632,235,4,11,0,-33.791,-47.271,0.990
2012-05-05-05_19_04.633,235,5,11,0,-42.727,-47.290,1.390
2012-05-05-05_19_04.634,235,5,11,0,-42.678,-47.338,1.390
2012-05-05-05_19_04.635,235,5,11,0,-42.771,-47.305,1.390
2012-05-05-05_19_04.635,235,6,11,0,-51.751,-47.357,1.290
2012-05-05-05_19_04.636,235,6,11,0,-51.728,-47.265,1.290
2012-05-05-05_19_04.637,235,6,11,0,-51.836,-47.332,1.290
2012-05-05-05_19_04.638,235,7,11,0,-60.646,-47.293,2.190
2012-05-05-05_19_04.639,235,7,11,0,-60.731,-47.268,2.190
2012-05-05-05_19_04.639,235,7,11,0,-60.667,-47.216,2.190
2012-05-05-05_19_04.640,235,0,11,1,-2.194,-47.289,1.999
2012-05-05-05_19_04.641,235,0,11,1,-2.171,-47.190,1.999
2012-05-05-05_19_04.642,235,0,11,1,-2.262,-47.270,1.999
2012-05-05-05_19_04.643,235,1,11,1,-11.214,-47.296,1.799
2012-05-05-05_19_04.644,235,1,11,1,-11.346,-47.222,1.799
2012-05-05-05_19_04.644,235,1,11,1,-11.236,-47.210,1.799
2012-05-05-05_19_04.645,235,2,11,1,-20.159,-47.219,1.399
2012-05-05-05_19_04.646,235,2,11,1,-20.227,-47.200,1.399
2012-05-05-05_19_04.647,235,2,11,1,-20.232,-47.199,1.299
2012-05-05-05_19_04.648,235,3,11,1,-29.181,-47.301,1.399
2012-05-05-05_19_04.648,235,3,11,1,-29.158,-47.202,1.599
2012-05-05-05_19_04.649,235,3,11,1,-29.249,-47.282,1.399
2012-05-05-05_19_04.652,235,4,11,1,-38.177,-47.303,1.099
2012-05-05-05_19_04.652,235,4,11,1,-38.155,-47.204,0.999
2012-05-05-05_19_04.653,235,4,11,1,-38.246,-47.284,0.999
2012-05-05-05_19_04.654,235,5,11,1,-47.198,-47.290,1.499
2012-05-05-05_19_04.655,235,5,11,1,-47.276,-47.270,1.499
2012-05-05-05_19_04.656,235,5,11,1,-47.247,-47.291,1.499
2012-05-05-05_19_04.656,235,6,11,1,-56.223,-47.364,1.399
2012-05-05-05_19_04.658,235,6,11,1,-56.200,-47.264,1.299
2012-05-05-05_19_04.658,235,6,11,1,-56.291,-47.345,1.299
2012-05-05-05_19_04.659,235,7,11,1,-65.186,-47.281,2.199
2012-05-05-05_19_04.660,235,7,11,1,-65.191,-47.280,2.199
2012-05-05-05_19_04.661,235,7,11,1,-65.173,-47.181,2.299
2012-05-05-05_19_04.662,235,0,12,0,2.265,-51.780,2.208
2012-05-05-05_19_04.663,235,0,12,0,2.300,-51.691,2.208
2012-05-05-05_19_04.663,235,0,12,0,2.195,-51.759,2.208
2012-05-05-05_19_04.664,235,1,12,0,-6.755,-51.794,1.908
2012-05-05-05_19_04.665,235,1,12,0,-6.828,-51.774,1.808
2012-05-05-05_19_04.666,235,1,12,0,-6.774,-51.708,1.908
2012-05-05-05_19_04.667,235,2,12,0,-15.699,-51.710,1.308
2012-05-05-05_19_04.668,235,2,12,0,-15.770,-51.689,1.308
2012-05-05-05_19_04.668,235,2,12,0,-15.711,-51.639,1.308
2012-05-05-05_19_04.669,235,3,12,0,-24.722,-51.792,1.708
2012-05-05-05_19_04.670,235,3,12,0,-24.687,-51.703,1.708
2012-05-05-05_19_04.671,235,3,12,0,-24.792,-51.771,1.708
2012-05-05-05_19_04.671,235,4,12,0,-33.718,-51.794,1.108
2012-05-05-05_19_04.672,235,4,12,0,-33.683,-51.705,1.108
2012-05-05-05_19_04.673,235,4,12,0,-33.789,-51.773,1.108
2012-05-05-05_19_04.674,235,5,12,0,-42.727,-51.791,1.408
2012-05-05-05_19_04.675,235,5,12,0,-42.681,-51.842,1.208
2012-05-05-05_19_04.675,235,5,12,0,-42.774,-51.809,1.408
2012-05-05-05_19_04.676,235,6,12,0,-51.764,-51.855,1.208
2012-05-05-05_19_04.677,235,6,12,0,-51.729,-51.766,1.308
2012-05-05-05_19_04.678,235,6,12,0,-51.834,-51.833,1.208
2012-05-05-05_19_04.679,235,7,12,0,-60.658,-51.791,2.108
2012-05-05-05_19_04.682,235,7,12,0,-60.729,-51.769,2.108
2012-05-05-05_19_04.683,235,7,12,0,-60.670,-51.720,2.108
2012-05-05-05_19_04.684,235,0,12,1,-2.194,-51.786,2.116
2012-05-05-05_19_04.685,235,0,12,1,-2.172,-51.690,2.116
2012-05-05-05_19_04.685,235,0,12,1,-2.262,-51.769,2.116
2012-05-05-05_19_04.686,235,1,12,1,-11.215,-51.794,1.816
2012-05-05-05_19_04.687,235,1,12,1,-11.346,-51.722,1.816
2012-05-05-05_19_04.688,235,1,12,1,-11.236,-51.707,1.816
2012-05-05-05_19_04.689,235,2,12,1,-20.159,-51.716,1.216
2012-05-05-05_19_04.690,235,2,12,1,-20.227,-51.699,1.216
2012-05-05-05_19_04.690,235,2,12,1,-20.235,-51.698,1.216
2012-05-05-05_19_04.691,235,3,12,1,-29.181,-51.798,1.416
2012-05-05-05_19_04.692,235,3,12,1,-29.159,-51.702,1.616
2012-05-05-05_19_04.693,235,3,12,1,-29.249,-51.781,1.616
2012-05-05-05_19_04.694,235,4,12,1,-38.178,-51.800,1.016
2012-05-05-05_19_04.694,235,4,12,1,-38.155,-51.704,1.016
2012-05-05-05_19_04.695,235,4,12,1,-38.246,-51.783,1.016
2012-05-05-05_19_04.696,235,5,12,1,-47.199,-51.790,1.216
2012-05-05-05_19_04.697,235,5,12,1,-47.279,-51.768,1.216
2012-05-05-05_19_04.698,235,5,12,1,-47.250,-51.791,1.216
2012-05-05-05_19_04.698,235,6,12,1,-56.223,-51.861,1.316
2012-05-05-05_19_04.699,235,6,12,1,-56.201,-51.765,1.316
2012-05-05-05_19_04.700,235,6,12,1,-56.291,-51.843,1.316
2012-05-05-05_19_04.701,235,7,12,1,-65.186,-51.779,2.116
2012-05-05-05_19_04.702,235,7,12,1,-65.193,-51.779,2.116
2012-05-05-05_19_04.702,235,7,12,1,-65.176,-51.679,2.116
2012-05-05-05_19_04.704,235,0,13,0,2.275,-56.279,2.227
2012-05-05-05_19_04.704,235,0,13,0,2.300,-56.190,2.227
2012-05-05-05_19_04.705,235,0,13,0,2.197,-56.254,2.127
2012-05-05-05_19_04.708,235,1,13,0,-6.755,-56.290,1.927
2012-05-05-05_19_04.709,235,1,13,0,-6.831,-56.270,1.927
2012-05-05-05_19_04.710,235,1,13,0,-6.777,-56.205,1.927
2012-05-05-05_19_04.710,235,2,13,0,-15.690,-56.209,1.327
2012-05-05-05_19_04.711,235,2,13,0,-15.768,-56.184,1.327
2012-05-05-05_19_04.712,235,2,13,0,-15.712,-56.140,1.227
2012-05-05-05_19_04.713,235,3,13,0,-24.712,-56.291,1.727
2012-05-05-05_19_04.714,235,3,13,0,-24.687,-56.203,1.727
2012-05-05-05_19_04.715,235,3,13,0,-24.790,-56.266,1.727
2012-05-05-05_19_04.715,235,4,13,0,-33.709,-56.293,1.127
2012-05-05-05_19_04.716,235,4,13,0,-33.684,-56.204,1.127
2012-05-05-05_19_04.717,235,4,13,0,-33.787,-56.268,1.127
2012-05-05-05_19_04.718,235,5,13,0,-42.727,-56.290,1.527
2012-05-05-05_19_04.719,235,5,13,0,-42.684,-56.338,1.227
2012-05-05-05_19_04.719,235,5,13,0,-42.774,-56.310,1.427
2012-05-05-05_19_04.720,235,6,13,0,-51.754,-56.354,1.327
2012-05-05-05_19_04.721,235,6,13,0,-51.729,-56.265,1.327
2012-05-05-05_19_04.722,235,6,13,0,-51.832,-56.329,1.227
2012-05-05-05_19_04.723,235,7,13,0,-60.649,-56.290,2.127
2012-05-05-05_19_04.724,235,7,13,0,-60.727,-56.265,3.327
2012-05-05-05_19_04.725,235,7,13,0,-60.670,-56.221,4.127
2012-05-05-05_19_04.726,235,0,13,1,-2.197,-56.288,2.039
2012-05-05-05_19_04.726,235,0,13,1,-2.172,-56.190,2.038
2012-05-05-05_19_04.727,235,0,13,1,-2.265,-56.265,2.038
2012-05-05-05_19_04.728,235,1,13,1,-11.210,-56.289,1.839
2012-05-05-05_19_04.729,235,1,13,1,-11.346,-56.222,1.838
2012-05-05-05_19_04.730,235,1,13,1,-11.236,-56.205,1.838
2012-05-05-05_19_04.731,235,2,13,1,-20.162,-56.218,1.239
2012-05-05-05_19_04.732,235,2,13,1,-20.230,-56.195,1.238
2012-05-05-05_19_04.732,235,2,13,1,-20.237,-56.194,1.238
2012-05-05-05_19_04.733,235,3,13,1,-29.184,-56.300,1.339
2012-05-05-05_19_04.734,235,3,13,1,-29.159,-56.203,1.638
2012-05-05-05_19_04.735,235,3,13,1,-29.252,-56.277,1.638
2012-05-05-05_19_04.736,235,4,13,1,-38.181,-56.302,1.039
2012-05-05-05_19_04.736,235,4,13,1,-38.155,-56.204,1.038
2012-05-05-05_19_04.737,235,4,13,1,-38.249,-56.279,1.038
2012-05-05-05_19_04.738,235,5,13,1,-47.199,-56.290,1.538
2012-05-05-05_19_04.739,235,5,13,1,-47.282,-56.266,1.538
2012-05-05-05_19_04.740,235,5,13,1,-47.253,-56.291,1.538
2012-05-05-05_19_04.740,235,6,13,1,-56.226,-56.363,1.339
2012-05-05-05_19_04.741,235,6,13,1,-56.201,-56.265,1.338
2012-05-05-05_19_04.742,235,6,13,1,-56.294,-56.339,1.338
2012-05-05-05_19_04.743,235,7,13,1,-65.189,-56.276,2.138
2012-05-05-05_19_04.743,235,7,13,1,-65.196,-56.274,2.138
2012-05-05-05_19_04.744,235,7,13,1,-65.178,-56.177,2.138
2012-05-05-05_19_04.745,235,0,14,0,2.269,-60.782,2.151
2012-05-05-05_19_04.746,235,0,14,0,2.297,-60.697,2.151
2012-05-05-05_19_04.747,235,0,14,0,2.196,-60.753,2.151
2012-05-05-05_19_04.748,235,1,14,0,-6.756,-60.790,1.951
2012-05-05-05_19_04.749,235,1,14,0,-6.834,-60.769,1.951
2012-05-05-05_19_04.749,235,1,14,0,-6.777,-60.711,1.951
2012-05-05-05_19_04.750,235,2,14,0,-15.695,-60.712,1.351
2012-05-05-05_19_04.751,235,2,14,0,-15.768,-60.683,1.351
2012-05-05-05_19_04.752,235,2,14,0,-15.712,-60.642,1.351
2012-05-05-05_19_04.753,235,3,14,0,-24.717,-60.794,1.751
2012-05-05-05_19_04.755,235,3,14,0,-24.690,-60.709,1.751
2012-05-05-05_19_04.756,235,3,14,0,-24.791,-60.766,1.751
2012-05-05-05_19_04.757,235,4,14,0,-33.714,-60.796,1.051
2012-05-05-05_19_04.757,235,4,14,0,-33.687,-60.711,0.951
2012-05-05-05_19_04.758,235,4,14,0,-33.787,-60.767,0.951
2012-05-05-05_19_04.759,235,5,14,0,-42.730,-60.796,1.451
2012-05-05-05_19_04.760,235,5,14,0,-42.687,-60.837,1.351
2012-05-05-05_19_04.762,235,5,14,0,-42.774,-60.812,1.451
2012-05-05-05_19_04.763,235,6,14,0,-51.760,-60.856,1.251
2012-05-05-05_19_04.764,235,6,14,0,-51.732,-60.771,1.351
2012-05-05-05_19_04.765,235,6,14,0,-51.833,-60.828,1.251
2012-05-05-05_19_04.765,235,7,14,0,-60.654,-60.793,2.151
2012-05-05-05_19_04.766,235,7,14,0,-60.727,-60.764,2.051
2012-05-05-05_19_04.767,235,7,14,0,-60.671,-60.723,2.151
2012-05-05-05_19_04.768,235,0,14,1,-2.200,-60.793,2.161
2012-05-05-05_19_04.768,235,0,14,1,-2.172,-60.697,2.161
2012-05-05-05_19_04.769,235,0,14,1,-2.268,-60.766,2.061
2012-05-05-05_19_04.772,235,1,14,1,-11.213,-60.791,1.861
2012-05-05-05_19_04.773,235,1,14,1,-11.347,-60.728,1.861
2012-05-05-05_19_04.774,235,1,14,1,-11.234,-60.710,1.861
2012-05-05-05_19_04.774,235,2,14,1,-20.165,-60.723,1.261
2012-05-05-05_19_04.775,235,2,14,1,-20.233,-60.695,1.261
2012-05-05-05_19_04.776,235,2,14,1,-20.240,-60.695,1.261
2012-05-05-05_19_04.777,235,3,14,1,-29.187,-60.805,1.261
2012-05-05-05_19_04.778,235,3,14,1,-29.159,-60.709,1.561
2012-05-05-05_19_04.779,235,3,14,1,-29.255,-60.778,1.561
2012-05-05-05_19_04.779,235,4,14,1,-38.184,-60.807,1.061
2012-05-05-05_19_04.780,235,4,14,1,-38.156,-60.711,1.061
2012-05-05-05_19_04.781,235,4,14,1,-38.252,-60.780,1.061
2012-05-05-05_19_04.782,235,5,14,1,-47.200,-60.796,1.461
2012-05-05-05_19_04.783,235,5,14,1,-47.283,-60.770,1.461
2012-05-05-05_19_04.783,235,5,14,1,-47.253,-60.798,1.561
2012-05-05-05_19_04.784,235,6,14,1,-56.229,-60.867,1.361
2012-05-05-05_19_04.785,235,6,14,1,-56.201,-60.771,1.361
2012-05-05-05_19_04.786,235,6,14,1,-56.297,-60.840,1.361
2012-05-05-05_19_04.787,235,7,14,1,-65.192,-60.776,2.261
2012-05-05-05_19_04.788,235,7,14,1,-65.199,-60.776,2.161
2012-05-05-05_19_04.789,235,7,14,1,-65.179,-60.681,2.161
2012-05-05-05_19_04.790,235,0,15,0,2.267,-65.284,2.270
2012-05-05-05_19_04.791,235,0,15,0,2.294,-65.196,2.270
2012-05-05-05_19_04.792,235,0,15,0,2.196,-65.254,2.270
2012-05-05-05_19_04.792,235,1,15,0,-6.754,-65.293,1.970
2012-05-05-05_19_04.793,235,1,15,0,-6.834,-65.268,1.970
2012-05-05-05_19_04.794,235,1,15,0,-6.775,-65.215,1.970
2012-05-05-05_19_04.795,235,2,15,0,-15.698,-65.214,1.370
2012-05-05-05_19_04.796,235,2,15,0,-15.769,-65.184,1.370
2012-05-05-05_19_04.796,235,2,15,0,-15.717,-65.139,1.370
2012-05-05-05_19_04.797,235,3,15,0,-24.720,-65.296,1.770
2012-05-05-05_19_04.798,235,3,15,0,-24.693,-65.208,1.770
2012-05-05-05_19_04.799,235,3,15,0,-24.791,-65.266,1.770
2012-05-05-05_19_04.800,235,4,15,0,-33.717,-65.298,0.970
2012-05-05-05_19_04.801,235,4,15,0,-33.689,-65.210,0.970
2012-05-05-05_19_04.802,235,4,15,0,-33.788,-65.268,0.970
2012-05-05-05_19_04.803,235,5,15,0,-42.733,-65.296,1.470
2012-05-05-05_19_04.804,235,5,15,0,-42.687,-65.336,1.470
2012-05-05-05_19_04.804,235,5,15,0,-42.780,-65.309,1.470
2012-05-05-05_19_04.805,235,6,15,0,-51.762,-65.358,1.270
2012-05-05-05_19_04.806,235,6,15,0,-51.735,-65.271,1.270
2012-05-05-05_19_04.807,235,6,15,0,-51.833,-65.329,1.270
2012-05-05-05_19_04.807,235,7,15,0,-60.657,-65.295,2.070
2012-05-05-05_19_04.808,235,7,15,0,-60.728,-65.265,2.070
2012-05-05-05_19_04.809,235,7,15,0,-60.676,-65.220,2.070
2012-05-05-05_19_04.810,235,0,15,1,-2.196,-65.291,2.279
2012-05-05-05_19_04.811,235,0,15,1,-2.170,-65.196,2.179
2012-05-05-05_19_04.811,235,0,15,1,-2.271,-65.269,2.279
2012-05-05-05_19_04.812,235,1,15,1,-11.211,-65.293,1.879
2012-05-05-05_19_04.813,235,1,15,1,-11.345,-65.228,1.979
2012-05-05-05_19_04.813,235,1,15,1,-11.235,-65.215,1.979
2012-05-05-05_19_04.814,235,2,15,1,-20.160,-65.221,1.379
2012-05-05-05_19_04.815,235,2,15,1,-20.236,-65.199,1.379
2012-05-05-05_19_04.817,235,2,15,1,-20.243,-65.198,1.379
2012-05-05-05_19_04.818,235,3,15,1,-29.182,-65.303,1.479
2012-05-05-05_19_04.820,235,3,15,1,-29.157,-65.208,1.579
2012-05-05-05_19_04.821,235,3,15,1,-29.258,-65.281,1.579
2012-05-05-05_19_04.821,235,4,15,1,-38.179,-65.305,1.079
2012-05-05-05_19_04.822,235,4,15,1,-38.154,-65.210,1.079
2012-05-05-05_19_04.823,235,4,15,1,-38.255,-65.283,1.079
2012-05-05-05_19_04.824,235,5,15,1,-47.198,-65.296,1.379
2012-05-05-05_19_04.825,235,5,15,1,-47.285,-65.274,1.279
2012-05-05-05_19_04.826,235,5,15,1,-47.256,-65.298,1.379
2012-05-05-05_19_04.827,235,6,15,1,-56.224,-65.366,1.379
2012-05-05-05_19_04.827,235,6,15,1,-56.199,-65.271,1.379
2012-05-05-05_19_04.828,235,6,15,1,-56.300,-65.343,1.379
2012-05-05-05_19_04.829,235,7,15,1,-65.195,-65.280,2.079
2012-05-05-05_19_04.830,235,7,15,1,-65.202,-65.279,2.079
2012-05-05-05_19_04.831,235,7,15,1,-65.182,-65.185,2.179
2012-05-05-05_19_04.832,235,0,16,0,2.266,-69.784,2.291
2012-05-05-05_19_04.833,235,0,16,0,2.291,-69.689,2.291
2012-05-05-05_19_04.834,235,0,16,0,2.193,-69.758,2.291
2012-05-05-05_19_04.834,235,1,16,0,-6.752,-69.795,1.991
2012-05-05-05_19_04.835,235,1,16,0,-6.832,-69.768,1.991
2012-05-05-05_19_04.836,235,1,16,0,-6.773,-69.708,1.991
2012-05-05-05_19_04.837,235,2,16,0,-15.699,-69.713,1.391
2012-05-05-05_19_04.838,235,2,16,0,-15.772,-69.688,1.391
2012-05-05-05_19_04.839,235,2,16,0,-15.750,-69.698,1.391
2012-05-05-05_19_04.839,235,3,16,0,-24.721,-69.796,1.791
2012-05-05-05_19_04.840,235,3,16,0,-24.696,-69.701,1.791
2012-05-05-05_19_04.841,235,3,16,0,-24.794,-69.770,1.791
2012-05-05-05_19_04.842,235,4,16,0,-33.717,-69.798,0.991
2012-05-05-05_19_04.843,235,4,16,0,-33.692,-69.703,0.991
2012-05-05-05_19_04.843,235,4,16,0,-33.790,-69.772,1.091
2012-05-05-05_19_04.844,235,5,16,0,-42.736,-69.789,1.591
2012-05-05-05_19_04.845,235,5,16,0,-42.685,-69.836,1.291
2012-05-05-05_19_04.846,235,5,16,0,-42.780,-69.804,1.591
2012-05-05-05_19_04.847,235,6,16,0,-51.763,-69.858,1.291
2012-05-05-05_19_04.847,235,6,16,0,-51.738,-69.764,1.291
2012-05-05-05_19_04.848,235,6,16,0,-51.836,-69.833,1.291
2012-05-05-05_19_04.849,235,7,16,0,-60.657,-69.794,2.091
2012-05-05-05_19_04.850,235,7,16,0,-60.730,-69.769,2.091
2012-05-05-05_19_04.851,235,7,16,0,-60.676,-69.715,2.191
2012-05-05-05_19_04.852,235,0,16,1,-2.196,-69.788,2.303
2012-05-05-05_19_04.853,235,0,16,1,-2.168,-69.689,2.203
2012-05-05-05_19_04.853,235,0,16,1,-2.271,-69.770,2.202
2012-05-05-05_19_04.854,235,1,16,1,-11.211,-69.795,1.903
2012-05-05-05_19_04.855,235,1,16,1,-11.343,-69.721,1.903
2012-05-05-05_19_04.856,235,1,16,1,-11.233,-69.709,1.902
2012-05-05-05_19_04.856,235,2,16,1,-20.161,-69.718,1.303
2012-05-05-05_19_04.857,235,2,16,1,-20.236,-69.700,1.302
2012-05-05-05_19_04.859,235,2,16,1,-20.244,-69.699,1.302
2012-05-05-05_19_04.860,235,3,16,1,-29.183,-69.801,1.503
2012-05-05-05_19_04.861,235,3,16,1,-29.155,-69.701,1.503
2012-05-05-05_19_04.862,235,3,16,1,-29.258,-69.783,1.502
2012-05-05-05_19_04.863,235,4,16,1,-38.179,-69.802,1.003
2012-05-05-05_19_04.863,235,4,16,1,-38.152,-69.703,1.003
2012-05-05-05_19_04.864,235,4,16,1,-38.255,-69.784,1.102
2012-05-05-05_19_04.865,235,5,16,1,-47.196,-69.789,1.303
2012-05-05-05_19_04.866,235,5,16,1,-47.286,-69.769,1.302
2012-05-05-05_19_04.867,235,5,16,1,-47.254,-69.791,1.302
2012-05-05-05_19_04.868,235,6,16,1,-56.225,-69.863,1.403
2012-05-05-05_19_04.868,235,6,16,1,-56.197,-69.764,1.403
2012-05-05-05_19_04.869,235,6,16,1,-56.300,-69.845,1.402
2012-05-05-05_19_04.870,235,7,16,1,-65.195,-69.781,2.202
2012-05-05-05_19_04.872,235,7,16,1,-65.202,-69.780,2.202
2012-05-05-05_19_04.872,235,7,16,1,-65.182,-69.680,2.202
2012-05-05-05_19_04.873,235,0,17,0,2.256,-74.280,2.215
2012-05-05-05_19_04.874,235,0,17,0,2.291,-74.190,2.315
2012-05-05-05_19_04.875,235,0,17,0,2.190,-74.259,2.215
2012-05-05-05_19_04.875,235,1,17,0,-6.750,-74.293,2.015
2012-05-05-05_19_04.876,235,1,17,0,-6.833,-74.273,2.015
2012-05-05-05_19_04.877,235,1,17,0,-6.774,-74.207,2.015
2012-05-05-05_19_04.878,235,2,17,0,-15.709,-74.210,1.415
2012-05-05-05_19_04.879,235,2,17,0,-15.775,-74.189,1.415
2012-05-05-05_19_04.880,235,2,17,0,-15.718,-74.138,1.315
2012-05-05-05_19_04.881,235,3,17,0,-24.731,-74.292,1.815
2012-05-05-05_19_04.881,235,3,17,0,-24.696,-74.202,1.815
2012-05-05-05_19_04.882,235,3,17,0,-24.797,-74.271,1.815
2012-05-05-05_19_04.883,235,4,17,0,-33.728,-74.294,1.015
2012-05-05-05_19_04.884,235,4,17,0,-33.693,-74.204,1.115
2012-05-05-05_19_04.885,235,4,17,0,-33.793,-74.273,1.115
2012-05-05-05_19_04.886,235,5,17,0,-42.736,-74.290,1.615
2012-05-05-05_19_04.886,235,5,17,0,-42.686,-74.341,1.415
2012-05-05-05_19_04.887,235,5,17,0,-42.781,-74.308,1.515
2012-05-05-05_19_04.888,235,6,17,0,-51.773,-74.355,1.315
2012-05-05-05_19_04.889,235,6,17,0,-51.738,-74.265,1.315
2012-05-05-05_19_04.890,235,6,17,0,-51.687,-74.316,1.315
2012-05-05-05_19_04.891,235,7,17,0,-60.668,-74.291,2.115
2012-05-05-05_19_04.892,235,7,17,0,-60.733,-74.269,2.115
2012-05-05-05_19_04.892,235,7,17,0,-60.677,-74.219,2.115
2012-05-05-05_19_04.893,235,0,17,1,-2.196,-74.285,2.224
2012-05-05-05_19_04.894,235,0,17,1,-2.169,-74.188,2.224
2012-05-05-05_19_04.895,235,0,17,1,-2.272,-74.268,2.224
2012-05-05-05_19_04.896,235,1,17,1,-11.214,-74.292,1.924
2012-05-05-05_19_04.896,235,1,17,1,-11.343,-74.220,5.724
2012-05-05-05_19_04.897,235,1,17,1,-11.236,-74.206,1.924
2012-05-05-05_19_04.898,235,2,17,1,-20.161,-74.215,1.424
2012-05-05-05_19_04.899,235,2,17,1,-20.237,-74.198,1.424
2012-05-05-05_19_04.900,235,2,17,1,-20.244,-74.197,1.424
2012-05-05-05_19_04.901,235,3,17,1,-29.183,-74.297,1.524
2012-05-05-05_19_04.902,235,3,17,1,-29.156,-74.201,12.324
2012-05-05-05_19_04.903,235,3,17,1,-29.259,-74.281,1.624
2012-05-05-05_19_04.904,235,4,17,1,-38.180,-74.299,1.124
2012-05-05-05_19_04.905,235,4,17,1,-38.152,-74.202,1.024
2012-05-05-05_19_04.905,235,4,17,1,-38.255,-74.282,1.124
2012-05-05-05_19_04.906,235,5,17,1,-47.196,-74.288,7.024
2012-05-05-05_19_04.907,235,5,17,1,-47.284,-74.267,1.724
2012-05-05-05_19_04.908,235,5,17,1,-47.255,-74.292,1.624
2012-05-05-05_19_04.909,235,6,17,1,-56.225,-74.360,1.424
2012-05-05-05_19_04.910,235,6,17,1,-56.198,-74.263,2.724
2012-05-05-05_19_04.911,235,6,17,1,-56.301,-74.343,1.424
2012-05-05-05_19_04.912,235,7,17,1,-65.195,-74.279,2.124
2012-05-05-05_19_04.912,235,7,17,1,-65.203,-74.278,2.224
2012-05-05-05_19_04.913,235,7,17,1,-65.180,-74.178,2.224
2012-05-05-05_19_04.914,235,0,18,0,2.265,-78.779,2.033
2012-05-05-05_19_04.915,235,0,18,0,2.293,-78.689,2.033
2012-05-05-05_19_04.916,235,0,18,0,2.190,-78.755,2.033
2012-05-05-05_19_04.917,235,1,18,0,-6.750,-78.789,1.933
2012-05-05-05_19_04.917,235,1,18,0,-6.831,-78.769,1.833
2012-05-05-05_19_04.918,235,1,18,0,-6.769,-78.704,1.933
2012-05-05-05_19_04.919,235,2,18,0,-15.700,-78.708,1.433
2012-05-05-05_19_04.920,235,2,18,0,-15.775,-78.685,1.433
2012-05-05-05_19_04.921,235,2,18,0,-15.721,-78.639,1.533
2012-05-05-05_19_04.921,235,3,18,0,-24.722,-78.791,1.833
2012-05-05-05_19_04.922,235,3,18,0,-24.694,-78.702,1.833
2012-05-05-05_19_04.923,235,3,18,0,-24.797,-78.767,1.833
2012-05-05-05_19_04.924,235,4,18,0,-33.718,-78.793,1.133
2012-05-05-05_19_04.927,235,4,18,0,-33.691,-78.703,1.133
2012-05-05-05_19_04.927,235,4,18,0,-33.794,-78.769,1.133
2012-05-05-05_19_04.928,235,5,18,0,-42.734,-78.789,1.833
2012-05-05-05_19_04.929,235,5,18,0,-42.684,-78.837,1.633
2012-05-05-05_19_04.929,235,5,18,0,-42.783,-78.809,1.833
2012-05-05-05_19_04.930,235,6,18,0,-51.764,-78.853,1.533
2012-05-05-05_19_04.931,235,6,18,0,-51.736,-78.764,1.533
2012-05-05-05_19_04.932,235,6,18,0,-51.839,-78.829,1.533
2012-05-05-05_19_04.933,235,7,18,0,-60.658,-78.789,2.333
2012-05-05-05_19_04.934,235,7,18,0,-60.734,-78.766,2.333
2012-05-05-05_19_04.934,235,7,18,0,-60.680,-78.720,2.333
2012-05-05-05_19_04.935,235,0,18,1,-2.197,-78.787,2.042
2012-05-05-05_19_04.936,235,0,18,1,-2.169,-78.689,2.041
2012-05-05-05_19_04.937,235,0,18,1,-2.272,-78.765,2.041
2012-05-05-05_19_04.938,235,1,18,1,-11.212,-78.788,1.942
2012-05-05-05_19_04.938,235,1,18,1,-11.344,-78.721,1.941
2012-05-05-05_19_04.939,235,1,18,1,-11.236,-78.704,1.841
2012-05-05-05_19_04.940,235,2,18,1,-20.162,-78.717,1.442
2012-05-05-05_19_04.941,235,2,18,1,-20.237,-78.695,1.441
2012-05-05-05_19_04.942,235,2,18,1,-20.242,-78.694,1.441
2012-05-05-05_19_04.943,235,3,18,1,-29.184,-78.800,1.642
2012-05-05-05_19_04.944,235,3,18,1,-29.156,-78.701,1.841
2012-05-05-05_19_04.945,235,3,18,1,-29.259,-78.777,1.841
2012-05-05-05_19_04.946,235,4,18,1,-38.180,-78.801,1.242
2012-05-05-05_19_04.948,235,4,18,1,-38.153,-78.703,1.241
2012-05-05-05_19_04.949,235,4,18,1,-38.256,-78.779,1.141
2012-05-05-05_19_04.949,235,5,18,1,-47.196,-78.789,1.641
2012-05-05-05_19_04.950,235,5,18,1,-47.284,-78.765,1.741
2012-05-05-05_19_04.951,235,5,18,1,-47.253,-78.793,1.641
2012-05-05-05_19_04.952,235,6,18,1,-56.226,-78.862,1.542
2012-05-05-05_19_04.953,235,6,18,1,-56.198,-78.764,1.641
2012-05-05-05_19_04.954,235,6,18,1,-56.301,-78.840,1.541
2012-05-05-05_19_04.955,235,7,18,1,-65.196,-78.776,2.341
2012-05-05-05_19_04.955,235,7,18,1,-65.201,-78.774,2.341
2012-05-05-05_19_04.956,235,7,18,1,-65.181,-78.676,2.341
2012-05-05-05_19_04.957,235,0,19,0,2.265,-83.282,2.053
2012-05-05-05_19_04.958,235,0,19,0,2.292,-83.196,2.053
2012-05-05-05_19_04.959,235,0,19,0,2.187,-83.253,2.053
2012-05-05-05_19_04.960,235,1,19,0,-6.751,-83.290,1.953
2012-05-05-05_19_04.960,235,1,19,0,-6.831,-83.269,1.953
2012-05-05-05_19_04.961,235,1,19,0,-6.772,-83.211,1.953
2012-05-05-05_19_04.962,235,2,19,0,-15.700,-83.212,1.553
2012-05-05-05_19_04.963,235,2,19,0,-15.778,-83.183,1.553
2012-05-05-05_19_04.964,235,2,19,0,-15.721,-83.142,1.553
2012-05-05-05_19_04.964,235,3,19,0,-24.722,-83.294,1.853
2012-05-05-05_19_04.965,235,3,19,0,-24.695,-83.208,1.853
2012-05-05-05_19_04.966,235,3,19,0,-24.800,-83.266,1.853
2012-05-05-05_19_04.967,235,4,19,0,-33.719,-83.296,1.153
2012-05-05-05_19_04.968,235,4,19,0,-33.691,-83.210,1.153
2012-05-05-05_19_04.968,235,4,19,0,-33.797,-83.267,1.153
2012-05-05-05_19_04.969,235,5,19,0,-42.735,-83.296,1.753
2012-05-05-05_19_04.970,235,5,19,0,-42.684,-83.337,1.553
2012-05-05-05_19_04.971,235,5,19,0,-42.784,-83.312,1.753
2012-05-05-05_19_04.972,235,6,19,0,-51.764,-83.356,1.553
2012-05-05-05_19_04.973,235,6,19,0,-51.737,-83.271,1.553
2012-05-05-05_19_04.974,235,6,19,0,-51.686,-83.312,1.553
2012-05-05-05_19_04.975,235,7,19,0,-60.659,-83.293,2.353
2012-05-05-05_19_04.976,235,7,19,0,-60.737,-83.264,2.353
2012-05-05-05_19_04.977,235,7,19,0,-60.680,-83.223,2.353
2012-05-05-05_19_04.977,235,0,19,1,-2.192,-83.292,2.065
2012-05-05-05_19_04.978,235,0,19,1,-2.167,-83.196,2.065
2012-05-05-05_19_04.979,235,0,19,1,-2.268,-83.266,2.065
2012-05-05-05_19_04.980,235,1,19,1,-11.213,-83.290,1.865
2012-05-05-05_19_04.981,235,1,19,1,-11.342,-83.228,1.865
2012-05-05-05_19_04.982,235,1,19,1,-11.237,-83.210,1.865
2012-05-05-05_19_04.983,235,2,19,1,-20.157,-83.222,1.465
2012-05-05-05_19_04.983,235,2,19,1,-20.233,-83.195,1.565
2012-05-05-05_19_04.984,235,2,19,1,-20.242,-83.195,1.465
2012-05-05-05_19_04.985,235,3,19,1,-29.179,-83.305,1.765
2012-05-05-05_19_04.986,235,3,19,1,-29.154,-83.208,1.865
2012-05-05-05_19_04.987,235,3,19,1,-29.255,-83.278,1.865
2012-05-05-05_19_04.988,235,4,19,1,-38.176,-83.306,1.265
2012-05-05-05_19_04.989,235,4,19,1,-38.151,-83.210,1.165
2012-05-05-05_19_04.990,235,4,19,1,-38.251,-83.280,1.165
2012-05-05-05_19_04.990,235,5,19,1,-47.194,-83.296,1.665
2012-05-05-05_19_04.991,235,5,19,1,-47.285,-83.270,1.565
2012-05-05-05_19_04.992,235,5,19,1,-47.253,-83.298,1.565
2012-05-05-05_19_04.992,235,6,19,1,-56.196,-83.271,1.565
2012-05-05-05_19_04.993,235,6,19,1,-56.297,-83.340,1.565
2012-05-05-05_19_04.994,235,6,19,1,-56.307,-83.339,1.565
2012-05-05-05_19_04.995,235,7,19,1,-65.191,-83.276,2.365
2012-05-05-05_19_04.996,235,7,19,1,-65.201,-83.275,2.365
2012-05-05-05_19_04.997,235,7,19,1,-65.181,-83.181,2.365
2012-05-05-05_19_04.997,235,0,20,0,2.264,-87.783,1.978
2012-05-05-05_19_04.998,235,0,20,0,2.294,-87.696,2.078
2012-05-05-05_19_04.999,235,0,20,0,2.187,-87.753,2.078
2012-05-05-05_19_05.000,235,1,20,0,-6.754,-87.794,1.878
2012-05-05-05_19_05.000,235,1,20,0,-6.829,-87.768,1.878
2012-05-05-05_19_05.001,235,1,20,0,-6.773,-87.716,1.878
2012-05-05-05_19_05.002,235,2,20,0,-15.700,-87.713,1.478
2012-05-05-05_19_05.003,235,2,20,0,-15.778,-87.683,1.578
2012-05-05-05_19_05.003,235,2,20,0,-15.719,-87.640,1.578
2012-05-05-05_19_05.004,235,3,20,0,-24.722,-87.796,1.878
2012-05-05-05_19_05.005,235,3,20,0,-24.693,-87.709,1.878
2012-05-05-05_19_05.006,235,3,20,0,-24.800,-87.765,1.878
2012-05-05-05_19_05.007,235,4,20,0,-33.719,-87.797,1.078
2012-05-05-05_19_05.008,235,4,20,0,-33.689,-87.710,1.078
2012-05-05-05_19_05.008,235,4,20,0,-33.797,-87.767,1.078
2012-05-05-05_19_05.009,235,5,20,0,-42.733,-87.796,1.778
2012-05-05-05_19_05.010,235,5,20,0,-42.682,-87.836,1.478
2012-05-05-05_19_05.011,235,5,20,0,-42.782,-87.810,1.778
2012-05-05-05_19_05.012,235,6,20,0,-51.765,-87.858,1.578
2012-05-05-05_19_05.013,235,6,20,0,-51.735,-87.771,1.578
2012-05-05-05_19_05.014,235,6,20,0,-51.684,-87.810,1.578
2012-05-05-05_19_05.014,235,7,20,0,-60.659,-87.794,2.378
2012-05-05-05_19_05.015,235,7,20,0,-60.737,-87.764,2.378
2012-05-05-05_19_05.017,235,7,20,0,-60.678,-87.721,2.378
2012-05-05-05_19_05.018,235,0,20,1,-2.193,-87.791,2.087
2012-05-05-05_19_05.019,235,0,20,1,-2.276,-87.773,2.087
2012-05-05-05_19_05.020,235,0,20,1,-2.217,-87.710,1.987
2012-05-05-05_19_05.021,235,2,20,1,-20.158,-87.721,1.587
2012-05-05-05_19_05.021,235,2,20,1,-20.241,-87.703,1.487
2012-05-05-05_19_05.022,235,3,20,1,-29.180,-87.803,1.787
2012-05-05-05_19_05.023,235,3,20,1,-29.263,-87.785,1.887
2012-05-05-05_19_05.024,235,3,20,1,-29.204,-87.722,1.887
2012-05-05-05_19_05.025,235,4,20,1,-38.176,-87.805,1.287
2012-05-05-05_19_05.026,235,4,20,1,-38.259,-87.787,1.187
2012-05-05-05_19_05.027,235,4,20,1,-38.200,-87.724,1.287
2012-05-05-05_19_05.027,235,5,20,1,-47.244,-87.810,1.487
2012-05-05-05_19_05.028,235,6,20,1,-56.222,-87.865,1.587
2012-05-05-05_19_05.029,235,6,20,1,-56.305,-87.847,1.587
2012-05-05-05_19_05.030,235,6,20,1,-56.148,-87.812,1.587
2012-05-05-05_19_05.030,235,7,20,1,-65.199,-87.784,2.287
2012-05-05-05_19_05.031,235,7,20,1,-65.140,-87.721,2.187
2012-05-05-05_19_05.032,235,0,21,0,2.266,-92.283,2.096
2012-05-05-05_19_05.036,235,0,21,0,2.296,-92.190,2.096
2012-05-05-05_19_05.037,235,0,21,0,2.186,-92.257,2.096
2012-05-05-05_19_05.038,235,1,21,0,-6.754,-92.295,1.896
2012-05-05-05_19_05.038,235,1,21,0,-6.830,-92.269,1.896
2012-05-05-05_19_05.039,235,1,21,0,-6.773,-92.210,1.896
2012-05-05-05_19_05.040,235,2,21,0,-15.698,-92.213,1.396
2012-05-05-05_19_05.040,235,2,21,0,-15.779,-92.187,1.396
2012-05-05-05_19_05.041,235,2,21,0,-15.754,-92.197,1.396
2012-05-05-05_19_05.042,235,3,21,0,-24.720,-92.295,1.896
2012-05-05-05_19_05.042,235,3,21,0,-24.691,-92.202,1.896
2012-05-05-05_19_05.043,235,3,21,0,-24.801,-92.269,1.796
2012-05-05-05_19_05.044,235,4,21,0,-33.717,-92.297,1.096
2012-05-05-05_19_05.044,235,4,21,0,-33.687,-92.204,1.196
2012-05-05-05_19_05.045,235,4,21,0,-33.797,-92.271,1.096
2012-05-05-05_19_05.045,235,5,21,0,-42.731,-92.290,1.796
2012-05-05-05_19_05.046,235,5,21,0,-42.682,-92.337,1.596
2012-05-05-05_19_05.047,235,5,21,0,-42.780,-92.304,1.796
2012-05-05-05_19_05.047,235,6,21,0,-51.762,-92.357,1.396
2012-05-05-05_19_05.048,235,6,21,0,-51.733,-92.265,1.496
2012-05-05-05_19_05.049,235,6,21,0,-51.684,-92.312,1.496
2012-05-05-05_19_05.050,235,7,21,0,-60.657,-92.293,2.296
2012-05-05-05_19_05.050,235,7,21,0,-60.737,-92.268,2.296
2012-05-05-05_19_05.051,235,7,21,0,-60.676,-92.215,2.296
2012-05-05-05_19_05.052,235,0,21,1,-2.193,-92.289,2.104
2012-05-05-05_19_05.052,235,0,21,1,-2.168,-92.190,2.104
2012-05-05-05_19_05.053,235,0,21,1,-2.269,-92.270,2.104
2012-05-05-05_19_05.054,235,1,21,1,-11.214,-92.296,2.004
2012-05-05-05_19_05.054,235,1,21,1,-11.342,-92.222,2.004
2012-05-05-05_19_05.055,235,1,21,1,-11.235,-92.209,2.004
2012-05-05-05_19_05.056,235,2,21,1,-20.158,-92.219,1.504
2012-05-05-05_19_05.056,235,2,21,1,-20.234,-92.200,1.504
2012-05-05-05_19_05.057,235,2,21,1,-20.241,-92.199,1.504
2012-05-05-05_19_05.058,235,3,21,1,-29.180,-92.301,1.604
2012-05-05-05_19_05.058,235,3,21,1,-29.155,-92.202,1.804
2012-05-05-05_19_05.059,235,3,21,1,-29.256,-92.283,1.804
2012-05-05-05_19_05.060,235,4,21,1,-38.177,-92.303,1.204
2012-05-05-05_19_05.060,235,4,21,1,-38.152,-92.204,1.204
2012-05-05-05_19_05.061,235,4,21,1,-38.252,-92.284,1.204
2012-05-05-05_19_05.061,235,5,21,1,-47.195,-92.290,1.604
2012-05-05-05_19_05.062,235,5,21,1,-47.281,-92.270,13.104
2012-05-05-05_19_05.063,235,5,21,1,-47.251,-92.291,1.604
2012-05-05-05_19_05.063,235,6,21,1,-56.222,-92.364,1.504
2012-05-05-05_19_05.064,235,6,21,1,-56.197,-92.265,1.504
2012-05-05-05_19_05.065,235,6,21,1,-56.298,-92.345,1.504
2012-05-05-05_19_05.065,235,7,21,1,-65.192,-92.281,2.104
2012-05-05-05_19_05.066,235,7,21,1,-65.200,-92.280,2.104
2012-05-05-05_19_05.067,235,7,21,1,-65.177,-92.181,6.104
2012-05-05-05_19_05.067,235,0,22,0,2.256,-96.780,2.116
2012-05-05-05_19_05.068,235,0,22,0,2.296,-96.691,2.016
2012-05-05-05_19_05.069,235,0,22,0,2.188,-96.758,2.016
2012-05-05-05_19_05.070,235,1,22,0,-6.754,-96.794,1.916
2012-05-05-05_19_05.070,235,1,22,0,-6.830,-96.775,1.916
2012-05-05-05_19_05.071,235,1,22,0,-6.776,-96.708,1.916
2012-05-05-05_19_05.072,235,2,22,0,-15.709,-96.710,1.316
2012-05-05-05_19_05.072,235,2,22,0,-15.777,-96.688,1.316
2012-05-05-05_19_05.073,235,2,22,0,-15.715,-96.640,1.416
2012-05-05-05_19_05.074,235,3,22,0,-24.731,-96.792,1.916
2012-05-05-05_19_05.074,235,3,22,0,-24.691,-96.704,1.816
2012-05-05-05_19_05.075,235,3,22,0,-24.799,-96.770,1.816
2012-05-05-05_19_05.076,235,4,22,0,-33.727,-96.794,1.116
2012-05-05-05_19_05.076,235,4,22,0,-33.688,-96.705,1.116
2012-05-05-05_19_05.077,235,4,22,0,-33.795,-96.772,1.116
2012-05-05-05_19_05.077,235,5,22,0,-42.731,-96.791,1.716
2012-05-05-05_19_05.080,235,5,22,0,-42.683,-96.843,1.516
2012-05-05-05_19_05.081,235,5,22,0,-42.778,-96.810,1.816
2012-05-05-05_19_05.082,235,6,22,0,-51.773,-96.855,1.516
2012-05-05-05_19_05.083,235,6,22,0,-51.733,-96.766,1.516
2012-05-05-05_19_05.084,235,6,22,0,-51.685,-96.817,1.516
2012-05-05-05_19_05.085,235,7,22,0,-60.667,-96.791,2.316
2012-05-05-05_19_05.086,235,7,22,0,-60.735,-96.769,2.316
2012-05-05-05_19_05.087,235,7,22,0,-60.674,-96.721,2.216
2012-05-05-05_19_05.087,235,0,22,1,-2.191,-96.786,2.125
2012-05-05-05_19_05.088,235,0,22,1,-2.168,-96.691,2.025
2012-05-05-05_19_05.089,235,0,22,1,-2.262,-96.768,2.125
2012-05-05-05_19_05.090,235,1,22,1,-11.214,-96.794,1.925
2012-05-05-05_19_05.090,235,1,22,1,-11.343,-96.723,1.925
2012-05-05-05_19_05.091,235,1,22,1,-11.235,-96.708,1.925
2012-05-05-05_19_05.092,235,2,22,1,-20.156,-96.716,1.525
2012-05-05-05_19_05.093,235,2,22,1,-20.227,-96.698,1.425
2012-05-05-05_19_05.093,235,2,22,1,-20.239,-96.697,1.425
2012-05-05-05_19_05.094,235,3,22,1,-29.178,-96.798,1.525
2012-05-05-05_19_05.095,235,3,22,1,-29.155,-96.703,1.725
2012-05-05-05_19_05.096,235,3,22,1,-29.249,-96.780,1.625
2012-05-05-05_19_05.096,235,4,22,1,-38.175,-96.800,1.125
2012-05-05-05_19_05.097,235,4,22,1,-38.152,-96.705,1.225
2012-05-05-05_19_05.098,235,4,22,1,-38.245,-96.782,1.125
2012-05-05-05_19_05.099,235,5,22,1,-47.196,-96.791,1.625
2012-05-05-05_19_05.100,235,5,22,1,-47.281,-96.768,1.625
2012-05-05-05_19_05.100,235,5,22,1,-47.252,-96.791,1.625
2012-05-05-05_19_05.101,235,6,22,1,-56.220,-96.861,1.525
2012-05-05-05_19_05.102,235,6,22,1,-56.197,-96.766,1.525
2012-05-05-05_19_05.103,235,6,22,1,-56.291,-96.842,1.525
2012-05-05-05_19_05.103,235,7,22,1,-65.185,-96.779,2.125
2012-05-05-05_19_05.104,235,7,22,1,-65.198,-96.778,2.125
2012-05-05-05_19_05.104,235,7,22,1,-65.177,-96.679,2.125
2012-05-05-05_19_05.105,235,0,23,0,2.271,-101.279,2.040
2012-05-05-05_19_05.106,235,0,23,0,2.296,-101.190,2.040
2012-05-05-05_19_05.106,235,0,23,0,2.188,-101.254,2.040
2012-05-05-05_19_05.107,235,1,23,0,-6.757,-101.289,1.840
2012-05-05-05_19_05.107,235,1,23,0,-6.830,-101.269,1.840
2012-05-05-05_19_05.108,235,1,23,0,-6.776,-101.204,1.840
2012-05-05-05_19_05.110,235,2,23,0,-15.694,-101.208,1.340
2012-05-05-05_19_05.110,235,2,23,0,-15.777,-101.184,1.340
2012-05-05-05_19_05.111,235,2,23,0,-15.716,-101.139,1.240
2012-05-05-05_19_05.112,235,3,23,0,-24.716,-101.291,1.840
2012-05-05-05_19_05.113,235,3,23,0,-24.691,-101.202,1.840
2012-05-05-05_19_05.114,235,3,23,0,-24.799,-101.266,1.840
2012-05-05-05_19_05.114,235,4,23,0,-33.713,-101.293,1.140
2012-05-05-05_19_05.115,235,4,23,0,-33.688,-101.204,1.140
2012-05-05-05_19_05.116,235,4,23,0,-33.796,-101.268,1.040
2012-05-05-05_19_05.117,235,5,23,0,-42.732,-101.290,1.540
2012-05-05-05_19_05.117,235,5,23,0,-42.683,-101.338,1.440
2012-05-05-05_19_05.119,235,5,23,0,-42.778,-101.309,1.540
2012-05-05-05_19_05.120,235,6,23,0,-51.758,-101.353,1.440
2012-05-05-05_19_05.121,235,6,23,0,-51.733,-101.264,1.440
2012-05-05-05_19_05.121,235,6,23,0,-51.685,-101.312,1.540
2012-05-05-05_19_05.122,235,7,23,0,-60.653,-101.289,2.240
2012-05-05-05_19_05.122,235,7,23,0,-60.736,-101.265,2.240
2012-05-05-05_19_05.123,235,7,23,0,-60.675,-101.220,2.240
2012-05-05-05_19_05.124,235,0,23,1,-2.179,-101.276,2.040
2012-05-05-05_19_05.124,235,0,23,1,-2.169,-101.189,2.040
2012-05-05-05_19_05.125,235,0,23,1,-2.262,-101.265,2.140
2012-05-05-05_19_05.125,235,1,23,1,-11.354,-101.307,1.940
2012-05-05-05_19_05.127,235,1,23,1,-11.343,-101.221,1.940
2012-05-05-05_19_05.128,235,1,23,1,-11.236,-101.204,1.940
2012-05-05-05_19_05.129,235,2,23,1,-20.144,-101.205,1.440
2012-05-05-05_19_05.130,235,2,23,1,-20.227,-101.194,1.440
2012-05-05-05_19_05.130,235,2,23,1,-20.237,-101.194,1.440
2012-05-05-05_19_05.131,235,3,23,1,-29.166,-101.288,1.640
2012-05-05-05_19_05.132,235,3,23,1,-29.156,-101.202,1.840
2012-05-05-05_19_05.133,235,3,23,1,-29.249,-101.277,1.840
2012-05-05-05_19_05.135,235,4,23,1,-38.163,-101.290,1.140
2012-05-05-05_19_05.136,235,4,23,1,-38.152,-101.203,1.140
2012-05-05-05_19_05.137,235,4,23,1,-38.246,-101.279,1.140
2012-05-05-05_19_05.138,235,5,23,1,-47.196,-101.289,1.540
2012-05-05-05_19_05.139,235,5,23,1,-47.279,-101.266,1.540
2012-05-05-05_19_05.140,235,5,23,1,-47.250,-101.292,13.040
2012-05-05-05_19_05.141,235,6,23,1,-56.208,-101.350,1.540
2012-05-05-05_19_05.142,235,6,23,1,-56.198,-101.264,1.540
2012-05-05-05_19_05.143,235,6,23,1,-56.291,-101.339,1.540
2012-05-05-05_19_05.144,235,7,23,1,-65.186,-101.275,2.140
2012-05-05-05_19_05.145,235,7,23,1,-65.196,-101.275,2.040
2012-05-05-05_19_05.146,235,7,23,1,-65.175,-101.176,2.040
