2012-05-06-02_22_02.072,538,0,0,0,2.259,2.220,3.396
2012-05-06-02_22_02.073,538,1,0,0,-6.749,2.204,2.796
2012-05-06-02_22_02.074,538,2,0,0,-15.738,2.300,2.396
2012-05-06-02_22_02.075,538,3,0,0,-24.792,2.205,2.796
2012-05-06-02_22_02.075,538,4,0,0,-33.779,2.230,1.996
2012-05-06-02_22_02.076,538,5,0,0,-42.794,2.168,2.696
2012-05-06-02_22_02.077,538,6,0,0,-51.793,2.164,2.596
2012-05-06-02_22_02.077,538,7,0,0,-60.715,2.246,3.296
2012-05-06-02_22_02.078,538,0,0,1,-2.186,2.212,3.596
2012-05-06-02_22_02.079,538,1,0,1,-11.201,2.205,3.096
2012-05-06-02_22_02.080,538,2,0,1,-20.183,2.293,2.596
2012-05-06-02_22_02.080,538,3,0,1,-29.237,2.197,2.696
2012-05-06-02_22_02.081,538,4,0,1,-38.224,2.222,2.296
2012-05-06-02_22_02.082,538,5,0,1,-47.239,2.160,2.496
2012-05-06-02_22_02.082,538,6,0,1,-56.238,2.156,2.696
2012-05-06-02_22_02.083,538,7,0,1,-65.160,2.239,3.496
2012-05-06-02_22_02.084,538,0,1,0,2.271,-2.279,3.612
2012-05-06-02_22_02.085,538,1,1,0,-6.745,-2.291,3.112
2012-05-06-02_22_02.085,538,2,1,0,-15.726,-2.199,2.512
2012-05-06-02_22_02.086,538,3,1,0,-24.781,-2.295,2.912
2012-05-06-02_22_02.087,538,4,1,0,-33.768,-2.270,2.112
2012-05-06-02_22_02.087,538,5,1,0,-42.782,-2.332,2.712
2012-05-06-02_22_02.088,538,6,1,0,-51.781,-2.336,2.612
2012-05-06-02_22_02.089,538,7,1,0,-60.703,-2.253,3.412
2012-05-06-02_22_02.089,538,0,1,1,-2.186,-2.289,3.619
2012-05-06-02_22_02.090,538,1,1,1,-11.204,-2.290,3.119
2012-05-06-02_22_02.118,538,2,1,1,-20.183,-2.209,2.619
2012-05-06-02_22_02.121,538,3,1,1,-29.238,-2.304,2.619
2012-05-06-02_22_02.128,538,4,1,1,-38.225,-2.279,2.019
2012-05-06-02_22_02.129,538,5,1,1,-47.239,-2.341,2.519
2012-05-06-02_22_02.130,538,6,1,1,-56.238,-2.345,2.619
2012-05-06-02_22_02.131,538,7,1,1,-65.160,-2.263,3.419
2012-05-06-02_22_02.132,538,0,2,0,2.268,-6.785,3.528
2012-05-06-02_22_02.133,538,1,2,0,-6.745,-6.787,3.228
2012-05-06-02_22_02.135,538,2,2,0,-15.729,-6.705,2.528
2012-05-06-02_22_02.136,538,3,2,0,-24.783,-6.800,2.928
2012-05-06-02_22_02.137,538,4,2,0,-33.771,-6.775,2.228
2012-05-06-02_22_02.139,538,5,2,0,-42.785,-6.838,2.828
2012-05-06-02_22_02.140,538,6,2,0,-51.784,-6.841,2.628
2012-05-06-02_22_02.141,538,7,2,0,-60.706,-6.759,3.628
2012-05-06-02_22_02.142,538,0,2,1,-2.186,-6.792,3.537
2012-05-06-02_22_02.143,538,1,2,1,-11.202,-6.788,3.137
2012-05-06-02_22_02.144,538,2,2,1,-20.184,-6.712,2.637
2012-05-06-02_22_02.146,538,3,2,1,-29.238,-6.808,2.937
2012-05-06-02_22_02.147,538,4,2,1,-38.225,-6.783,2.337
2012-05-06-02_22_02.149,538,5,2,1,-47.240,-6.845,2.537
2012-05-06-02_22_02.150,538,6,2,1,-56.239,-6.848,2.737
2012-05-06-02_22_02.151,538,7,2,1,-65.161,-6.766,3.437
2012-05-06-02_22_02.153,538,0,3,0,2.270,-11.282,3.547
2012-05-06-02_22_02.155,538,1,3,0,-6.743,-11.287,3.147
2012-05-06-02_22_02.156,538,2,3,0,-15.727,-11.202,2.547
2012-05-06-02_22_02.157,538,3,3,0,-24.781,-11.297,2.947
2012-05-06-02_22_02.158,538,4,3,0,-33.769,-11.272,2.347
2012-05-06-02_22_02.160,538,5,3,0,-42.783,-11.334,2.747
2012-05-06-02_22_02.161,538,6,3,0,-51.782,-11.338,2.747
2012-05-06-02_22_02.162,538,7,3,0,-60.704,-11.256,3.547
2012-05-06-02_22_02.163,538,0,3,1,-2.187,-11.288,3.659
2012-05-06-02_22_02.164,538,1,3,1,-11.200,-11.286,3.159
2012-05-06-02_22_02.165,538,2,3,1,-20.184,-11.208,2.559
2012-05-06-02_22_02.166,538,3,3,1,-29.239,-11.303,2.959
2012-05-06-02_22_02.167,538,4,3,1,-38.226,-11.278,2.459
2012-05-06-02_22_02.171,538,5,3,1,-47.240,-11.341,2.559
2012-05-06-02_22_02.172,538,6,3,1,-56.239,-11.344,2.659
2012-05-06-02_22_02.172,538,7,3,1,-65.161,-11.262,3.359
2012-05-06-02_22_02.173,538,0,4,0,2.270,-15.782,3.572
2012-05-06-02_22_02.175,538,1,4,0,-6.741,-15.794,3.172
2012-05-06-02_22_02.176,538,2,4,0,-15.727,-15.701,2.572
2012-05-06-02_22_02.177,538,3,4,0,-24.782,-15.797,2.972
2012-05-06-02_22_02.178,538,4,4,0,-33.769,-15.772,2.072
2012-05-06-02_22_02.180,538,5,4,0,-42.784,-15.834,2.772
2012-05-06-02_22_02.181,538,6,4,0,-51.782,-15.838,2.672
2012-05-06-02_22_02.182,538,7,4,0,-60.704,-15.755,3.472
2012-05-06-02_22_02.182,538,0,4,1,-2.185,-15.788,3.683
2012-05-06-02_22_02.183,538,1,4,1,-11.203,-15.794,3.082
2012-05-06-02_22_02.185,538,2,4,1,-20.182,-15.708,2.683
2012-05-06-02_22_02.187,538,3,4,1,-29.237,-15.804,2.883
2012-05-06-02_22_02.188,538,4,4,1,-38.224,-15.779,2.183
2012-05-06-02_22_02.189,538,5,4,1,-47.238,-15.841,2.683
2012-05-06-02_22_02.190,538,6,4,1,-56.237,-15.844,2.683
2012-05-06-02_22_02.192,538,7,4,1,-65.159,-15.762,3.483
2012-05-06-02_22_02.193,538,0,5,0,2.270,-20.280,3.591
2012-05-06-02_22_02.194,538,1,5,0,-6.742,-20.297,3.191
2012-05-06-02_22_02.195,538,2,5,0,-15.728,-20.199,2.591
2012-05-06-02_22_02.196,538,3,5,0,-24.782,-20.295,2.891
2012-05-06-02_22_02.197,538,4,5,0,-33.769,-20.270,2.291
2012-05-06-02_22_02.198,538,5,5,0,-42.784,-20.332,2.691
2012-05-06-02_22_02.199,538,6,5,0,-51.783,-20.336,2.691
2012-05-06-02_22_02.201,538,7,5,0,-60.705,-20.253,3.491
2012-05-06-02_22_02.202,538,0,5,1,-2.185,-20.288,3.701
2012-05-06-02_22_02.203,538,1,5,1,-11.204,-20.297,3.100
2012-05-06-02_22_02.204,538,2,5,1,-20.182,-20.208,2.601
2012-05-06-02_22_02.205,538,3,5,1,-29.237,-20.303,2.901
2012-05-06-02_22_02.206,538,4,5,1,-38.224,-20.278,2.201
2012-05-06-02_22_02.207,538,5,5,1,-47.239,-20.340,2.701
2012-05-06-02_22_02.208,538,6,5,1,-56.237,-20.344,2.701
2012-05-06-02_22_02.209,538,7,5,1,-65.159,-20.262,3.501
2012-05-06-02_22_02.210,538,0,6,0,2.269,-24.780,3.610
2012-05-06-02_22_02.211,538,1,6,0,-6.739,-24.792,3.210
2012-05-06-02_22_02.212,538,2,6,0,-15.728,-24.700,2.610
2012-05-06-02_22_02.213,538,3,6,0,-24.783,-24.795,2.910
2012-05-06-02_22_02.214,538,4,6,0,-33.770,-24.770,2.110
2012-05-06-02_22_02.216,538,5,6,0,-42.784,-24.833,2.710
2012-05-06-02_22_02.217,538,6,6,0,-51.783,-24.836,2.710
2012-05-06-02_22_02.218,538,7,6,0,-60.705,-24.754,3.610
2012-05-06-02_22_02.219,538,0,6,1,-2.181,-24.789,3.622
2012-05-06-02_22_02.220,538,1,6,1,-11.209,-24.790,3.122
2012-05-06-02_22_02.221,538,2,6,1,-20.178,-24.709,2.622
2012-05-06-02_22_02.222,538,3,6,1,-29.233,-24.804,3.022
2012-05-06-02_22_02.222,538,4,6,1,-38.220,-24.779,2.122
2012-05-06-02_22_02.227,538,5,6,1,-47.234,-24.842,2.622
2012-05-06-02_22_02.228,538,6,6,1,-56.233,-24.845,2.822
2012-05-06-02_22_02.228,538,7,6,1,-65.155,-24.763,3.522
2012-05-06-02_22_02.229,538,0,7,0,2.269,-29.284,3.535
2012-05-06-02_22_02.230,538,1,7,0,-6.742,-29.288,3.135
2012-05-06-02_22_02.231,538,2,7,0,-15.728,-29.204,2.635
2012-05-06-02_22_02.232,538,3,7,0,-24.783,-29.300,2.935
2012-05-06-02_22_02.232,538,4,7,0,-33.770,-29.275,2.435
2012-05-06-02_22_02.233,538,5,7,0,-42.785,-29.337,2.835
2012-05-06-02_22_02.234,538,6,7,0,-51.784,-29.341,2.835
2012-05-06-02_22_02.235,538,7,7,0,-60.705,-29.258,3.535
2012-05-06-02_22_02.235,538,0,7,1,-2.181,-29.291,3.645
2012-05-06-02_22_02.236,538,1,7,1,-11.212,-29.287,3.145
2012-05-06-02_22_02.237,538,2,7,1,-20.178,-29.211,2.645
2012-05-06-02_22_02.237,538,3,7,1,-29.233,-29.307,2.945
2012-05-06-02_22_02.238,538,4,7,1,-38.220,-29.282,2.345
2012-05-06-02_22_02.239,538,5,7,1,-47.235,-29.344,2.745
2012-05-06-02_22_02.240,538,6,7,1,-56.233,-29.348,2.845
2012-05-06-02_22_02.241,538,7,7,1,-65.155,-29.265,3.545
2012-05-06-02_22_02.242,538,0,8,0,2.273,-33.782,3.654
2012-05-06-02_22_02.243,538,1,8,0,-6.745,-33.785,3.154
2012-05-06-02_22_02.245,538,2,8,0,-15.724,-33.702,2.654
2012-05-06-02_22_02.246,538,3,8,0,-24.779,-33.797,2.954
2012-05-06-02_22_02.247,538,4,8,0,-33.766,-33.772,2.454
2012-05-06-02_22_02.248,538,5,8,0,-42.780,-33.835,2.954
2012-05-06-02_22_02.248,538,6,8,0,-51.779,-33.838,2.854
2012-05-06-02_22_02.249,538,7,8,0,-60.701,-33.756,3.654
2012-05-06-02_22_02.251,538,0,8,1,-2.184,-33.788,3.663
2012-05-06-02_22_02.251,538,1,8,1,-11.214,-33.785,3.162
2012-05-06-02_22_02.254,538,2,8,1,-20.181,-33.707,2.663
2012-05-06-02_22_02.256,538,3,8,1,-29.236,-33.803,2.963
2012-05-06-02_22_02.257,538,4,8,1,-38.223,-33.778,2.463
2012-05-06-02_22_02.258,538,5,8,1,-47.238,-33.840,2.963
2012-05-06-02_22_02.258,538,6,8,1,-56.236,-33.844,2.863
2012-05-06-02_22_02.259,538,7,8,1,-65.158,-33.761,3.563
2012-05-06-02_22_02.260,538,0,9,0,2.275,-38.282,3.673
2012-05-06-02_22_02.262,538,1,9,0,-6.746,-38.294,3.273
2012-05-06-02_22_02.262,538,2,9,0,-15.722,-38.202,2.673
2012-05-06-02_22_02.263,538,3,9,0,-24.777,-38.297,2.973
2012-05-06-02_22_02.264,538,4,9,0,-33.764,-38.272,2.373
2012-05-06-02_22_02.265,538,5,9,0,-42.778,-38.334,2.773
2012-05-06-02_22_02.265,538,6,9,0,-51.777,-38.338,2.773
2012-05-06-02_22_02.266,538,7,9,0,-60.699,-38.256,3.473
2012-05-06-02_22_02.267,538,0,9,1,-2.185,-38.288,3.585
2012-05-06-02_22_02.268,538,1,9,1,-11.213,-38.293,3.185
2012-05-06-02_22_02.269,538,2,9,1,-20.182,-38.208,2.785
2012-05-06-02_22_02.269,538,3,9,1,-29.236,-38.303,2.985
2012-05-06-02_22_02.270,538,4,9,1,-38.223,-38.278,2.285
2012-05-06-02_22_02.271,538,5,9,1,-47.238,-38.340,2.685
2012-05-06-02_22_02.272,538,6,9,1,-56.237,-38.344,2.885
2012-05-06-02_22_02.273,538,7,9,1,-65.159,-38.262,3.585
2012-05-06-02_22_02.274,538,0,10,0,2.277,-42.780,3.598
2012-05-06-02_22_02.275,538,1,10,0,-6.751,-42.796,3.298
2012-05-06-02_22_02.276,538,2,10,0,-15.720,-42.700,2.798
2012-05-06-02_22_02.277,538,3,10,0,-24.775,-42.795,2.998
2012-05-06-02_22_02.278,538,4,10,0,-33.762,-42.770,2.398
2012-05-06-02_22_02.279,538,5,10,0,-42.776,-42.832,2.698
2012-05-06-02_22_02.280,538,6,10,0,-51.775,-42.836,2.898
2012-05-06-02_22_02.280,538,7,10,0,-60.697,-42.754,3.698
2012-05-06-02_22_02.281,538,0,10,1,-2.185,-42.788,3.708
2012-05-06-02_22_02.283,538,1,10,1,-11.211,-42.796,3.208
2012-05-06-02_22_02.290,538,2,10,1,-20.182,-42.708,2.708
2012-05-06-02_22_02.291,538,3,10,1,-29.237,-42.803,3.108
2012-05-06-02_22_02.292,538,4,10,1,-38.224,-42.778,2.408
2012-05-06-02_22_02.293,538,5,10,1,-47.238,-42.840,2.808
2012-05-06-02_22_02.294,538,6,10,1,-56.237,-42.844,2.908
2012-05-06-02_22_02.295,538,7,10,1,-65.159,-42.762,3.608
2012-05-06-02_22_02.295,538,0,11,0,2.274,-47.279,3.617
2012-05-06-02_22_02.296,538,1,11,0,-6.751,-47.291,3.317
2012-05-06-02_22_02.297,538,2,11,0,-15.723,-47.199,2.717
2012-05-06-02_22_02.298,538,3,11,0,-24.777,-47.295,3.117
2012-05-06-02_22_02.300,538,4,11,0,-33.765,-47.270,2.417
2012-05-06-02_22_02.301,538,5,11,0,-42.779,-47.332,2.717
2012-05-06-02_22_02.302,538,6,11,0,-51.778,-47.336,2.917
2012-05-06-02_22_02.303,538,7,11,0,-60.700,-47.253,3.517
2012-05-06-02_22_02.303,538,0,11,1,-2.188,-47.290,3.726
2012-05-06-02_22_02.305,538,1,11,1,-11.211,-47.290,3.226
2012-05-06-02_22_02.305,538,2,11,1,-20.185,-47.210,2.726
2012-05-06-02_22_02.306,538,3,11,1,-29.240,-47.305,3.026
2012-05-06-02_22_02.307,538,4,11,1,-38.227,-47.280,2.526
2012-05-06-02_22_02.307,538,5,11,1,-47.241,-47.342,2.826
2012-05-06-02_22_02.308,538,6,11,1,-56.240,-47.346,2.926
2012-05-06-02_22_02.309,538,7,11,1,-65.162,-47.264,3.626
2012-05-06-02_22_02.310,538,0,12,0,2.276,-51.784,3.636
2012-05-06-02_22_02.311,538,1,12,0,-6.754,-51.789,3.336
2012-05-06-02_22_02.312,538,2,12,0,-15.721,-51.704,2.736
2012-05-06-02_22_02.314,538,3,12,0,-24.776,-51.800,3.036
2012-05-06-02_22_02.315,538,4,12,0,-33.763,-51.775,2.236
2012-05-06-02_22_02.316,538,5,12,0,-42.777,-51.837,2.836
2012-05-06-02_22_02.317,538,6,12,0,-51.776,-51.841,2.936
2012-05-06-02_22_02.318,538,7,12,0,-60.698,-51.758,3.736
2012-05-06-02_22_02.319,538,0,12,1,-2.188,-51.792,3.750
2012-05-06-02_22_02.320,538,1,12,1,-11.211,-51.788,3.249
2012-05-06-02_22_02.321,538,2,12,1,-20.185,-51.712,2.750
2012-05-06-02_22_02.322,538,3,12,1,-29.240,-51.808,3.050
2012-05-06-02_22_02.324,538,4,12,1,-38.227,-51.783,2.550
2012-05-06-02_22_02.324,538,5,12,1,-47.242,-51.845,2.850
2012-05-06-02_22_02.325,538,6,12,1,-56.240,-51.848,2.950
2012-05-06-02_22_02.326,538,7,12,1,-65.162,-51.766,3.750
2012-05-06-02_22_02.327,538,0,13,0,2.273,-56.282,3.762
2012-05-06-02_22_02.329,538,1,13,0,-6.755,-56.286,3.262
2012-05-06-02_22_02.330,538,2,13,0,-15.724,-56.202,2.762
2012-05-06-02_22_02.331,538,3,13,0,-24.778,-56.298,3.062
2012-05-06-02_22_02.332,538,4,13,0,-33.765,-56.273,2.362
2012-05-06-02_22_02.332,538,5,13,0,-42.780,-56.335,2.762
2012-05-06-02_22_02.333,538,6,13,0,-51.779,-56.339,2.862
2012-05-06-02_22_02.334,538,7,13,0,-60.701,-56.256,3.662
2012-05-06-02_22_02.335,538,0,13,1,-2.191,-56.288,3.772
2012-05-06-02_22_02.336,538,1,13,1,-11.209,-56.286,3.272
2012-05-06-02_22_02.337,538,2,13,1,-20.188,-56.208,2.772
2012-05-06-02_22_02.338,538,3,13,1,-29.243,-56.303,3.072
2012-05-06-02_22_02.339,538,4,13,1,-38.230,-56.278,2.372
2012-05-06-02_22_02.340,538,5,13,1,-47.245,-56.340,2.872
2012-05-06-02_22_02.341,538,6,13,1,-56.243,-56.344,2.872
2012-05-06-02_22_02.343,538,7,13,1,-65.165,-56.262,3.672
2012-05-06-02_22_02.344,538,0,14,0,2.275,-60.782,3.779
2012-05-06-02_22_02.345,538,1,14,0,-6.755,-60.794,3.279
2012-05-06-02_22_02.346,538,2,14,0,-15.722,-60.701,2.779
2012-05-06-02_22_02.348,538,3,14,0,-24.776,-60.797,3.079
2012-05-06-02_22_02.349,538,4,14,0,-33.763,-60.772,2.579
2012-05-06-02_22_02.350,538,5,14,0,-42.778,-60.834,2.779
2012-05-06-02_22_02.352,538,6,14,0,-51.777,-60.838,2.879
2012-05-06-02_22_02.353,538,7,14,0,-60.699,-60.755,3.779
2012-05-06-02_22_02.354,538,0,14,1,-2.194,-60.788,3.688
2012-05-06-02_22_02.354,538,1,14,1,-11.207,-60.793,3.388
2012-05-06-02_22_02.355,538,2,14,1,-20.191,-60.708,2.788
2012-05-06-02_22_02.356,538,3,14,1,-29.246,-60.804,3.088
2012-05-06-02_22_02.357,538,4,14,1,-38.233,-60.779,2.388
2012-05-06-02_22_02.358,538,5,14,1,-47.247,-60.841,2.788
2012-05-06-02_22_02.359,538,6,14,1,-56.246,-60.844,25.688
2012-05-06-02_22_02.362,538,7,14,1,-65.168,-60.762,24.188
2012-05-06-02_22_02.363,538,0,15,0,2.273,-65.280,3.797
2012-05-06-02_22_02.364,538,1,15,0,-6.753,-65.297,3.297
2012-05-06-02_22_02.365,538,2,15,0,-15.725,-65.200,2.797
2012-05-06-02_22_02.366,538,3,15,0,-24.779,-65.295,3.097
2012-05-06-02_22_02.368,538,4,15,0,-33.766,-65.270,2.497
2012-05-06-02_22_02.369,538,5,15,0,-42.781,-65.332,2.797
2012-05-06-02_22_02.370,538,6,15,0,-51.780,-65.336,2.897
2012-05-06-02_22_02.371,538,7,15,0,-60.702,-65.254,3.497
2012-05-06-02_22_02.372,538,0,15,1,-2.194,-65.288,3.810
2012-05-06-02_22_02.373,538,1,15,1,-11.205,-65.296,3.310
2012-05-06-02_22_02.374,538,2,15,1,-20.191,-65.207,2.810
2012-05-06-02_22_02.374,538,3,15,1,-29.246,-65.303,2.910
2012-05-06-02_22_02.376,538,4,15,1,-38.233,-65.278,2.510
2012-05-06-02_22_02.377,538,5,15,1,-47.248,-65.340,2.810
2012-05-06-02_22_02.378,538,6,15,1,-56.247,-65.344,2.910
2012-05-06-02_22_02.379,538,7,15,1,-65.168,-65.261,3.710
2012-05-06-02_22_02.380,538,0,16,0,2.270,-69.779,3.823
2012-05-06-02_22_02.383,538,1,16,0,-6.753,-69.790,3.423
2012-05-06-02_22_02.385,538,2,16,0,-15.727,-69.699,2.823
2012-05-06-02_22_02.386,538,3,16,0,-24.782,-69.795,3.123
2012-05-06-02_22_02.387,538,4,16,0,-33.769,-69.770,2.423
2012-05-06-02_22_02.388,538,5,16,0,-42.784,-69.832,2.823
2012-05-06-02_22_02.389,538,6,16,0,-51.782,-69.836,2.923
2012-05-06-02_22_02.390,538,7,16,0,-60.704,-69.753,3.723
2012-05-06-02_22_02.392,538,0,16,1,-2.195,-69.789,3.834
2012-05-06-02_22_02.393,538,1,16,1,-11.208,-69.790,3.334
2012-05-06-02_22_02.394,538,2,16,1,-20.192,-69.708,2.834
2012-05-06-02_22_02.395,538,3,16,1,-29.247,-69.804,3.134
2012-05-06-02_22_02.396,538,4,16,1,-38.234,-69.779,2.534
2012-05-06-02_22_02.396,538,5,16,1,-47.248,-69.841,2.734
2012-05-06-02_22_02.399,538,6,16,1,-56.247,-69.845,2.934
2012-05-06-02_22_02.400,538,7,16,1,-65.169,-69.762,3.734
2012-05-06-02_22_02.401,538,0,17,0,2.269,-74.284,3.842
2012-05-06-02_22_02.402,538,1,17,0,-6.749,-74.288,3.442
2012-05-06-02_22_02.403,538,2,17,0,-15.728,-74.204,2.842
2012-05-06-02_22_02.405,538,3,17,0,-24.783,-74.299,3.142
2012-05-06-02_22_02.406,538,4,17,0,-33.770,-74.274,2.442
2012-05-06-02_22_02.407,538,5,17,0,-42.784,-74.337,2.842
2012-05-06-02_22_02.407,538,6,17,0,-51.783,-74.340,2.942
2012-05-06-02_22_02.408,538,7,17,0,-60.705,-74.258,3.742
2012-05-06-02_22_02.409,538,0,17,1,-2.193,-74.291,3.852
2012-05-06-02_22_02.409,538,1,17,1,-11.211,-74.288,3.352
2012-05-06-02_22_02.410,538,2,17,1,-20.190,-74.211,2.852
2012-05-06-02_22_02.411,538,3,17,1,-29.245,-74.306,3.152
2012-05-06-02_22_02.413,538,4,17,1,-38.232,-74.281,2.352
2012-05-06-02_22_02.414,538,5,17,1,-47.246,-74.344,2.752
2012-05-06-02_22_02.415,538,6,17,1,-56.245,-74.347,2.952
2012-05-06-02_22_02.416,538,7,17,1,-65.167,-74.265,3.752
2012-05-06-02_22_02.417,538,0,18,0,2.264,-78.783,3.762
2012-05-06-02_22_02.420,538,1,18,0,-6.747,-78.786,3.362
2012-05-06-02_22_02.421,538,2,18,0,-15.733,-78.703,2.762
2012-05-06-02_22_02.422,538,3,18,0,-24.788,-78.798,3.162
2012-05-06-02_22_02.423,538,4,18,0,-33.775,-78.773,2.562
2012-05-06-02_22_02.424,538,5,18,0,-42.789,-78.835,2.862
2012-05-06-02_22_02.425,538,6,18,0,-51.788,-78.839,2.962
2012-05-06-02_22_02.425,538,7,18,0,-60.710,-78.757,3.762
2012-05-06-02_22_02.426,538,0,18,1,-2.193,-78.789,3.775
2012-05-06-02_22_02.427,538,1,18,1,-11.211,-78.786,3.375
2012-05-06-02_22_02.428,538,2,18,1,-20.190,-78.708,2.775
2012-05-06-02_22_02.429,538,3,18,1,-29.245,-78.804,3.175
2012-05-06-02_22_02.430,538,4,18,1,-38.232,-78.779,2.375
2012-05-06-02_22_02.430,538,5,18,1,-47.247,-78.841,2.875
2012-05-06-02_22_02.431,538,6,18,1,-56.245,-78.845,2.975
2012-05-06-02_22_02.432,538,7,18,1,-65.167,-78.762,3.775
2012-05-06-02_22_02.433,538,0,19,0,2.264,-83.282,3.786
2012-05-06-02_22_02.433,538,1,19,0,-6.747,-83.294,3.386
2012-05-06-02_22_02.434,538,2,19,0,-15.734,-83.202,2.886
2012-05-06-02_22_02.435,538,3,19,0,-24.788,-83.298,3.186
2012-05-06-02_22_02.436,538,4,19,0,-33.775,-83.272,2.286
2012-05-06-02_22_02.437,538,5,19,0,-42.790,-83.335,2.886
2012-05-06-02_22_02.437,538,6,19,0,-51.789,-83.338,2.986
2012-05-06-02_22_02.438,538,7,19,0,-60.711,-83.256,3.586
2012-05-06-02_22_02.439,538,0,19,1,-2.194,-83.288,3.897
2012-05-06-02_22_02.440,538,1,19,1,-11.214,-83.294,3.397
2012-05-06-02_22_02.441,538,2,19,1,-20.191,-83.208,2.897
2012-05-06-02_22_02.442,538,3,19,1,-29.245,-83.304,3.097
2012-05-06-02_22_02.442,538,4,19,1,-38.233,-83.279,2.597
2012-05-06-02_22_02.443,538,5,19,1,-47.247,-83.341,2.897
2012-05-06-02_22_02.444,538,6,19,1,-56.246,-83.344,2.997
2012-05-06-02_22_02.445,538,7,19,1,-65.168,-83.262,3.797
2012-05-06-02_22_02.446,538,0,20,0,2.266,-87.780,3.905
2012-05-06-02_22_02.447,538,1,20,0,-6.750,-87.796,3.305
2012-05-06-02_22_02.448,538,2,20,0,-15.732,-87.699,2.805
2012-05-06-02_22_02.450,538,3,20,0,-24.786,-87.795,3.105
2012-05-06-02_22_02.451,538,4,20,0,-33.773,-87.770,2.605
2012-05-06-02_22_02.452,538,5,20,0,-42.788,-87.832,2.905
2012-05-06-02_22_02.453,538,6,20,0,-51.787,-87.836,3.005
2012-05-06-02_22_02.453,538,7,20,0,-60.709,-87.753,3.805
2012-05-06-02_22_02.454,538,0,20,1,-2.189,-87.788,3.914
2012-05-06-02_22_02.456,538,1,20,1,-11.212,-87.796,3.414
2012-05-06-02_22_02.458,538,2,20,1,-20.186,-87.707,2.814
2012-05-06-02_22_02.459,538,3,20,1,-29.241,-87.803,3.214
2012-05-06-02_22_02.460,538,4,20,1,-38.228,-87.778,2.614
2012-05-06-02_22_02.461,538,5,20,1,-47.243,-87.840,2.914
2012-05-06-02_22_02.462,538,6,20,1,-56.241,-87.844,3.014
2012-05-06-02_22_02.463,538,7,20,1,-65.163,-87.761,3.814
2012-05-06-02_22_02.463,538,0,21,0,2.265,-92.279,3.924
2012-05-06-02_22_02.464,538,1,21,0,-6.753,-92.291,3.424
2012-05-06-02_22_02.465,538,2,21,0,-15.732,-92.199,2.924
2012-05-06-02_22_02.467,538,3,21,0,-24.787,-92.295,3.224
2012-05-06-02_22_02.469,538,4,21,0,-33.774,-92.270,2.624
2012-05-06-02_22_02.470,538,5,21,0,-42.788,-92.332,2.924
2012-05-06-02_22_02.471,538,6,21,0,-51.787,-92.336,3.024
2012-05-06-02_22_02.472,538,7,21,0,-60.709,-92.253,3.824
2012-05-06-02_22_02.473,538,0,21,1,-2.190,-92.289,3.937
2012-05-06-02_22_02.474,538,1,21,1,-11.213,-92.290,3.437
2012-05-06-02_22_02.474,538,2,21,1,-20.187,-92.209,2.937
2012-05-06-02_22_02.475,538,3,21,1,-29.241,-92.305,3.037
2012-05-06-02_22_02.478,538,4,21,1,-38.228,-92.280,2.537
2012-05-06-02_22_02.479,538,5,21,1,-47.243,-92.342,2.937
2012-05-06-02_22_02.480,538,6,21,1,-56.242,-92.346,3.037
2012-05-06-02_22_02.480,538,7,21,1,-65.164,-92.263,3.837
2012-05-06-02_22_02.481,538,0,22,0,2.267,-96.784,3.850
2012-05-06-02_22_02.482,538,1,22,0,-6.756,-96.789,3.450
2012-05-06-02_22_02.483,538,2,22,0,-15.730,-96.704,2.950
2012-05-06-02_22_02.484,538,3,22,0,-24.785,-96.799,3.250
2012-05-06-02_22_02.485,538,4,22,0,-33.772,-96.774,2.550
2012-05-06-02_22_02.486,538,5,22,0,-42.786,-96.836,2.950
2012-05-06-02_22_02.487,538,6,22,0,-51.785,-96.840,3.050
2012-05-06-02_22_02.488,538,7,22,0,-60.707,-96.758,3.850
2012-05-06-02_22_02.491,538,0,22,1,-2.190,-96.792,3.958
2012-05-06-02_22_02.492,538,1,22,1,-11.213,-96.790,3.458
2012-05-06-02_22_02.493,538,2,22,1,-20.187,-96.712,2.958
2012-05-06-02_22_02.494,538,3,22,1,-29.242,-96.808,3.058
2012-05-06-02_22_02.495,538,4,22,1,-38.229,-96.783,2.658
2012-05-06-02_22_02.496,538,5,22,1,-47.244,-96.845,2.958
2012-05-06-02_22_02.497,538,6,22,1,-56.242,-96.848,3.058
2012-05-06-02_22_02.498,538,7,22,1,-65.164,-96.766,3.858
2012-05-06-02_22_02.499,538,0,23,0,2.267,-101.282,3.968
2012-05-06-02_22_02.500,538,1,23,0,-6.756,-101.287,3.468
2012-05-06-02_22_02.501,538,2,23,0,-15.730,-101.202,2.868
2012-05-06-02_22_02.502,538,3,23,0,-24.785,-101.297,3.268
2012-05-06-02_22_02.503,538,4,23,0,-33.772,-101.272,2.668
2012-05-06-02_22_02.504,538,5,23,0,-42.787,-101.334,2.968
2012-05-06-02_22_02.504,538,6,23,0,-51.785,-101.338,2.968
2012-05-06-02_22_02.506,538,7,23,0,-60.707,-101.256,3.868
2012-05-06-02_22_02.507,538,0,23,1,-2.181,-101.279,3.968
2012-05-06-02_22_02.508,538,1,23,1,-11.211,-101.286,3.468
2012-05-06-02_22_02.509,538,2,23,1,-20.178,-101.199,2.868
2012-05-06-02_22_02.510,538,3,23,1,-29.232,-101.295,2.968
2012-05-06-02_22_02.511,538,4,23,1,-38.219,-101.270,2.668
2012-05-06-02_22_02.512,538,5,23,1,-47.234,-101.332,2.968
2012-05-06-02_22_02.512,538,6,23,1,-56.233,-101.335,3.068
2012-05-06-02_22_02.513,538,7,23,1,-65.155,-101.253,3.868
