2012-05-07-13_38_27.104,7,0,0,0,2.253,2.217,3.694
2012-05-07-13_38_27.105,7,0,0,0,2.185,2.229,3.694
2012-05-07-13_38_27.128,7,0,0,0,2.234,2.295,3.694
2012-05-07-13_38_27.129,7,1,0,0,-6.738,2.313,2.794
2012-05-07-13_38_27.130,7,1,0,0,-6.807,2.326,2.794
2012-05-07-13_38_27.131,7,1,0,0,-6.758,2.303,2.894
2012-05-07-13_38_27.132,7,2,0,0,-15.682,2.220,2.594
2012-05-07-13_38_27.133,7,2,0,0,-15.750,2.233,2.494
2012-05-07-13_38_27.134,7,2,0,0,-15.701,2.299,2.494
2012-05-07-13_38_27.134,7,3,0,0,-24.702,2.268,2.494
2012-05-07-13_38_27.135,7,3,0,0,-24.770,2.280,2.594
2012-05-07-13_38_27.136,7,3,0,0,-24.721,2.346,2.494
2012-05-07-13_38_27.136,7,4,0,0,-33.712,2.276,2.094
2012-05-07-13_38_27.137,7,4,0,0,-33.780,2.289,2.094
2012-05-07-13_38_27.137,7,4,0,0,-33.731,2.354,2.094
2012-05-07-13_38_27.138,7,5,0,0,-42.773,2.250,2.794
2012-05-07-13_38_27.139,7,5,0,0,-42.841,2.262,2.694
2012-05-07-13_38_27.139,7,5,0,0,-42.792,2.328,2.594
2012-05-07-13_38_27.140,7,6,0,0,-51.741,2.191,2.694
2012-05-07-13_38_27.140,7,6,0,0,-51.810,2.204,2.594
2012-05-07-13_38_27.141,7,6,0,0,-51.760,2.270,2.594
2012-05-07-13_38_27.142,7,7,0,0,-60.738,2.291,3.294
2012-05-07-13_38_27.142,7,7,0,0,-60.807,2.303,3.294
2012-05-07-13_38_27.143,7,7,0,0,-60.757,2.369,3.294
2012-05-07-13_38_27.143,7,0,0,1,-2.194,2.209,3.694
2012-05-07-13_38_27.144,7,0,0,1,-2.250,2.209,3.594
2012-05-07-13_38_27.144,7,0,0,1,-2.267,2.229,3.694
2012-05-07-13_38_27.145,7,1,0,1,-11.186,2.306,2.794
2012-05-07-13_38_27.147,7,1,0,1,-11.242,2.306,2.894
2012-05-07-13_38_27.148,7,1,0,1,-11.259,2.325,2.894
2012-05-07-13_38_27.149,7,2,0,1,-20.186,2.213,2.594
2012-05-07-13_38_27.150,7,2,0,1,-20.203,2.232,2.694
2012-05-07-13_38_27.151,7,2,0,1,-20.156,2.298,2.594
2012-05-07-13_38_27.152,7,3,0,1,-29.150,2.260,2.594
2012-05-07-13_38_27.152,7,3,0,1,-29.206,2.260,2.594
2012-05-07-13_38_27.153,7,3,0,1,-29.223,2.280,2.594
2012-05-07-13_38_27.154,7,4,0,1,-38.159,2.268,2.294
2012-05-07-13_38_27.155,7,4,0,1,-38.215,2.268,2.294
2012-05-07-13_38_27.155,7,4,0,1,-38.232,2.288,2.394
2012-05-07-13_38_27.156,7,5,0,1,-47.220,2.242,2.594
2012-05-07-13_38_27.156,7,5,0,1,-47.276,2.242,2.594
2012-05-07-13_38_27.157,7,5,0,1,-47.293,2.262,2.594
2012-05-07-13_38_27.157,7,6,0,1,-56.189,2.184,2.694
2012-05-07-13_38_27.158,7,6,0,1,-56.245,2.184,2.694
2012-05-07-13_38_27.159,7,6,0,1,-56.262,2.203,2.694
2012-05-07-13_38_27.160,7,7,0,1,-65.186,2.283,3.494
2012-05-07-13_38_27.160,7,7,0,1,-65.242,2.283,3.494
2012-05-07-13_38_27.161,7,7,0,1,-65.259,2.303,3.494
2012-05-07-13_38_27.161,7,0,1,0,2.251,-2.282,3.808
2012-05-07-13_38_27.162,7,0,1,0,2.185,-2.270,3.809
2012-05-07-13_38_27.163,7,0,1,0,2.232,-2.206,3.809
2012-05-07-13_38_27.164,7,1,1,0,-6.741,-2.186,3.108
2012-05-07-13_38_27.164,7,1,1,0,-6.807,-2.174,3.109
2012-05-07-13_38_27.165,7,1,1,0,-6.761,-2.195,3.009
2012-05-07-13_38_27.167,7,2,1,0,-15.685,-2.278,2.608
2012-05-07-13_38_27.168,7,2,1,0,-15.751,-2.266,2.509
2012-05-07-13_38_27.169,7,2,1,0,-15.704,-2.203,2.609
2012-05-07-13_38_27.170,7,3,1,0,-24.705,-2.231,2.608
2012-05-07-13_38_27.170,7,3,1,0,-24.771,-2.219,2.609
2012-05-07-13_38_27.171,7,3,1,0,-24.724,-2.155,2.509
2012-05-07-13_38_27.172,7,4,1,0,-33.715,-2.223,2.208
2012-05-07-13_38_27.173,7,4,1,0,-33.780,-2.211,2.209
2012-05-07-13_38_27.174,7,4,1,0,-33.734,-2.147,2.209
2012-05-07-13_38_27.174,7,5,1,0,-42.775,-2.249,2.708
2012-05-07-13_38_27.175,7,5,1,0,-42.841,-2.237,2.609
2012-05-07-13_38_27.176,7,5,1,0,-42.794,-2.173,2.609
2012-05-07-13_38_27.177,7,6,1,0,-51.744,-2.307,2.608
2012-05-07-13_38_27.177,7,6,1,0,-51.810,-2.295,2.609
2012-05-07-13_38_27.178,7,6,1,0,-51.763,-2.232,2.609
2012-05-07-13_38_27.179,7,7,1,0,-60.741,-2.208,3.308
2012-05-07-13_38_27.180,7,7,1,0,-60.807,-2.196,3.409
2012-05-07-13_38_27.181,7,7,1,0,-60.760,-2.132,3.409
2012-05-07-13_38_27.181,7,0,1,1,-2.194,-2.288,3.919
2012-05-07-13_38_27.182,7,0,1,1,-2.251,-2.288,3.919
2012-05-07-13_38_27.183,7,0,1,1,-2.270,-2.271,3.919
2012-05-07-13_38_27.184,7,1,1,1,-11.186,-2.191,3.119
2012-05-07-13_38_27.185,7,1,1,1,-11.242,-2.191,3.119
2012-05-07-13_38_27.185,7,1,1,1,-11.262,-2.174,3.119
2012-05-07-13_38_27.186,7,2,1,1,-20.186,-2.284,2.719
2012-05-07-13_38_27.187,7,2,1,1,-20.206,-2.267,2.619
2012-05-07-13_38_27.188,7,2,1,1,-20.156,-2.202,2.619
2012-05-07-13_38_27.188,7,3,1,1,-29.150,-2.237,2.519
2012-05-07-13_38_27.189,7,3,1,1,-29.206,-2.237,2.519
2012-05-07-13_38_27.190,7,3,1,1,-29.226,-2.220,2.519
2012-05-07-13_38_27.191,7,4,1,1,-38.160,-2.229,2.119
2012-05-07-13_38_27.192,7,4,1,1,-38.216,-2.229,2.119
2012-05-07-13_38_27.193,7,4,1,1,-38.235,-2.212,2.119
2012-05-07-13_38_27.193,7,5,1,1,-47.220,-2.255,2.619
2012-05-07-13_38_27.194,7,5,1,1,-47.277,-2.255,2.619
2012-05-07-13_38_27.195,7,5,1,1,-47.296,-2.238,2.619
2012-05-07-13_38_27.196,7,6,1,1,-56.189,-2.313,2.619
2012-05-07-13_38_27.197,7,6,1,1,-56.245,-2.313,2.619
2012-05-07-13_38_27.197,7,6,1,1,-56.265,-2.296,2.719
2012-05-07-13_38_27.198,7,7,1,1,-65.186,-2.214,3.319
2012-05-07-13_38_27.199,7,7,1,1,-65.242,-2.214,3.419
2012-05-07-13_38_27.200,7,7,1,1,-65.262,-2.197,3.319
2012-05-07-13_38_27.201,7,0,2,0,2.250,-6.778,3.830
2012-05-07-13_38_27.202,7,0,2,0,2.187,-6.765,3.830
2012-05-07-13_38_27.203,7,0,2,0,2.231,-6.706,3.830
2012-05-07-13_38_27.203,7,1,2,0,-6.742,-6.681,3.130
2012-05-07-13_38_27.204,7,1,2,0,-6.805,-6.668,3.130
2012-05-07-13_38_27.204,7,1,2,0,-6.764,-6.692,3.130
2012-05-07-13_38_27.205,7,2,2,0,-15.685,-6.774,2.630
2012-05-07-13_38_27.206,7,2,2,0,-15.749,-6.761,2.630
2012-05-07-13_38_27.207,7,2,2,0,-15.704,-6.702,2.630
2012-05-07-13_38_27.207,7,3,2,0,-24.705,-6.726,2.530
2012-05-07-13_38_27.208,7,3,2,0,-24.769,-6.714,2.630
2012-05-07-13_38_27.209,7,3,2,0,-24.724,-6.655,2.530
2012-05-07-13_38_27.210,7,4,2,0,-33.715,-6.718,2.330
2012-05-07-13_38_27.210,7,4,2,0,-33.778,-6.706,2.330
2012-05-07-13_38_27.211,7,4,2,0,-33.734,-6.647,2.330
2012-05-07-13_38_27.212,7,5,2,0,-42.776,-6.745,2.930
2012-05-07-13_38_27.213,7,5,2,0,-42.839,-6.732,2.930
2012-05-07-13_38_27.214,7,5,2,0,-42.795,-6.673,2.830
2012-05-07-13_38_27.215,7,6,2,0,-51.745,-6.803,2.730
2012-05-07-13_38_27.216,7,6,2,0,-51.808,-6.790,2.730
2012-05-07-13_38_27.217,7,6,2,0,-51.764,-6.731,2.730
2012-05-07-13_38_27.218,7,7,2,0,-60.742,-6.704,3.530
2012-05-07-13_38_27.219,7,7,2,0,-60.805,-6.691,3.530
2012-05-07-13_38_27.219,7,7,2,0,-60.761,-6.632,3.530
2012-05-07-13_38_27.221,7,0,2,1,-2.195,-6.786,3.839
2012-05-07-13_38_27.222,7,0,2,1,-2.251,-6.786,3.839
2012-05-07-13_38_27.223,7,0,2,1,-2.270,-6.765,3.839
2012-05-07-13_38_27.223,7,1,2,1,-11.187,-6.690,3.039
2012-05-07-13_38_27.224,7,1,2,1,-11.243,-6.690,3.139
2012-05-07-13_38_27.225,7,1,2,1,-11.262,-6.669,3.039
2012-05-07-13_38_27.227,7,2,2,1,-20.187,-6.782,2.639
2012-05-07-13_38_27.227,7,2,2,1,-20.206,-6.761,2.639
2012-05-07-13_38_27.228,7,2,2,1,-20.154,-6.701,2.639
2012-05-07-13_38_27.230,7,3,2,1,-29.150,-6.735,2.639
2012-05-07-13_38_27.232,7,3,2,1,-29.207,-6.735,2.639
2012-05-07-13_38_27.233,7,3,2,1,-29.226,-6.714,2.639
2012-05-07-13_38_27.234,7,4,2,1,-38.160,-6.727,2.439
2012-05-07-13_38_27.234,7,4,2,1,-38.216,-6.727,2.439
2012-05-07-13_38_27.235,7,4,2,1,-38.236,-6.706,2.439
2012-05-07-13_38_27.236,7,5,2,1,-47.221,-6.753,2.839
2012-05-07-13_38_27.237,7,5,2,1,-47.277,-6.753,2.839
2012-05-07-13_38_27.237,7,5,2,1,-47.296,-6.732,2.939
2012-05-07-13_38_27.238,7,6,2,1,-56.190,-6.811,2.839
2012-05-07-13_38_27.239,7,6,2,1,-56.246,-6.811,2.839
2012-05-07-13_38_27.240,7,6,2,1,-56.265,-6.790,2.739
2012-05-07-13_38_27.241,7,7,2,1,-65.187,-6.712,3.539
2012-05-07-13_38_27.242,7,7,2,1,-65.243,-6.712,3.439
2012-05-07-13_38_27.244,7,7,2,1,-65.262,-6.691,3.439
2012-05-07-13_38_27.245,7,0,3,0,2.250,-11.280,3.848
2012-05-07-13_38_27.246,7,0,3,0,2.184,-11.265,3.848
2012-05-07-13_38_27.247,7,0,3,0,2.231,-11.211,3.848
2012-05-07-13_38_27.247,7,1,3,0,-6.742,-11.184,3.248
2012-05-07-13_38_27.248,7,1,3,0,-6.808,-11.168,3.148
2012-05-07-13_38_27.249,7,1,3,0,-6.762,-11.197,3.148
2012-05-07-13_38_27.250,7,2,3,0,-15.686,-11.276,2.648
2012-05-07-13_38_27.251,7,2,3,0,-15.752,-11.261,2.648
2012-05-07-13_38_27.271,7,2,3,0,-15.705,-11.207,2.648
2012-05-07-13_38_27.272,7,3,3,0,-24.706,-11.229,2.548
2012-05-07-13_38_27.273,7,3,3,0,-24.772,-11.213,2.548
2012-05-07-13_38_27.274,7,3,3,0,-24.725,-11.160,2.548
2012-05-07-13_38_27.275,7,4,3,0,-33.715,-11.221,2.448
2012-05-07-13_38_27.276,7,4,3,0,-33.781,-11.205,2.448
2012-05-07-13_38_27.276,7,4,3,0,-33.735,-11.152,2.448
2012-05-07-13_38_27.277,7,5,3,0,-42.776,-11.247,2.648
2012-05-07-13_38_27.277,7,5,3,0,-42.842,-11.232,2.648
2012-05-07-13_38_27.278,7,5,3,0,-42.795,-11.178,2.648
2012-05-07-13_38_27.278,7,6,3,0,-51.745,-11.305,2.748
2012-05-07-13_38_27.279,7,6,3,0,-51.811,-11.290,2.748
2012-05-07-13_38_27.279,7,6,3,0,-51.764,-11.236,2.848
2012-05-07-13_38_27.280,7,7,3,0,-60.742,-11.206,3.348
2012-05-07-13_38_27.280,7,7,3,0,-60.808,-11.191,3.348
2012-05-07-13_38_27.281,7,7,3,0,-60.761,-11.137,3.348
2012-05-07-13_38_27.281,7,0,3,1,-2.190,-11.291,3.957
2012-05-07-13_38_27.282,7,0,3,1,-2.251,-11.291,3.857
2012-05-07-13_38_27.282,7,0,3,1,-2.271,-11.266,3.857
2012-05-07-13_38_27.283,7,1,3,1,-11.182,-11.195,3.157
2012-05-07-13_38_27.283,7,1,3,1,-11.243,-11.195,3.157
2012-05-07-13_38_27.284,7,1,3,1,-11.263,-11.170,3.157
2012-05-07-13_38_27.284,7,2,3,1,-20.187,-11.288,2.657
2012-05-07-13_38_27.285,7,2,3,1,-20.206,-11.263,2.657
2012-05-07-13_38_27.285,7,2,3,1,-20.155,-11.208,2.656
2012-05-07-13_38_27.286,7,3,3,1,-29.146,-11.240,2.657
2012-05-07-13_38_27.286,7,3,3,1,-29.207,-11.240,2.657
2012-05-07-13_38_27.287,7,3,3,1,-29.226,-11.215,2.657
2012-05-07-13_38_27.287,7,4,3,1,-38.156,-11.232,2.557
2012-05-07-13_38_27.287,7,4,3,1,-38.217,-11.232,2.557
2012-05-07-13_38_27.288,7,4,3,1,-38.236,-11.207,2.457
2012-05-07-13_38_27.288,7,5,3,1,-47.216,-11.258,2.857
2012-05-07-13_38_27.289,7,5,3,1,-47.278,-11.258,2.857
2012-05-07-13_38_27.289,7,5,3,1,-47.297,-11.233,2.857
2012-05-07-13_38_27.290,7,6,3,1,-56.185,-11.317,2.757
2012-05-07-13_38_27.290,7,6,3,1,-56.246,-11.317,2.657
2012-05-07-13_38_27.291,7,6,3,1,-56.266,-11.292,2.757
2012-05-07-13_38_27.291,7,7,3,1,-65.182,-11.217,3.257
2012-05-07-13_38_27.292,7,7,3,1,-65.180,-11.278,3.357
2012-05-07-13_38_27.292,7,7,3,1,-65.263,-11.192,3.257
2012-05-07-13_38_27.293,7,0,4,0,2.249,-15.782,3.870
2012-05-07-13_38_27.293,7,0,4,0,2.181,-15.768,3.870
2012-05-07-13_38_27.294,7,0,4,0,2.230,-15.709,3.870
2012-05-07-13_38_27.294,7,1,4,0,-6.742,-15.685,3.170
2012-05-07-13_38_27.295,7,1,4,0,-6.811,-15.672,3.170
2012-05-07-13_38_27.295,7,1,4,0,-6.762,-15.699,3.170
2012-05-07-13_38_27.296,7,2,4,0,-15.686,-15.778,2.670
2012-05-07-13_38_27.296,7,2,4,0,-15.755,-15.764,2.570
2012-05-07-13_38_27.297,7,2,4,0,-15.705,-15.706,2.670
2012-05-07-13_38_27.297,7,3,4,0,-24.706,-15.731,2.670
2012-05-07-13_38_27.298,7,3,4,0,-24.775,-15.717,2.670
2012-05-07-13_38_27.298,7,3,4,0,-24.725,-15.658,2.570
2012-05-07-13_38_27.299,7,4,4,0,-33.716,-15.723,2.170
2012-05-07-13_38_27.299,7,4,4,0,-33.784,-15.709,2.170
2012-05-07-13_38_27.299,7,4,4,0,-33.735,-15.650,2.070
2012-05-07-13_38_27.300,7,5,4,0,-42.777,-15.749,2.770
2012-05-07-13_38_27.300,7,5,4,0,-42.845,-15.735,2.670
2012-05-07-13_38_27.300,7,5,4,0,-42.796,-15.676,2.670
2012-05-07-13_38_27.301,7,6,4,0,-51.746,-15.807,2.670
2012-05-07-13_38_27.301,7,6,4,0,-51.814,-15.793,2.670
2012-05-07-13_38_27.302,7,6,4,0,-51.765,-15.735,2.670
2012-05-07-13_38_27.302,7,7,4,0,-60.742,-15.708,3.370
2012-05-07-13_38_27.304,7,7,4,0,-60.811,-15.694,3.370
2012-05-07-13_38_27.304,7,7,4,0,-60.761,-15.635,3.270
2012-05-07-13_38_27.305,7,0,4,1,-2.191,-15.792,3.882
2012-05-07-13_38_27.306,7,0,4,1,-2.249,-15.792,3.882
2012-05-07-13_38_27.306,7,0,4,1,-2.269,-15.770,3.882
2012-05-07-13_38_27.307,7,1,4,1,-11.183,-15.696,3.082
2012-05-07-13_38_27.307,7,1,4,1,-11.241,-15.696,3.182
2012-05-07-13_38_27.308,7,1,4,1,-11.261,-15.673,3.082
2012-05-07-13_38_27.308,7,2,4,1,-20.185,-15.788,2.682
2012-05-07-13_38_27.309,7,2,4,1,-20.204,-15.766,2.682
2012-05-07-13_38_27.309,7,2,4,1,-20.153,-15.705,2.582
2012-05-07-13_38_27.310,7,3,4,1,-29.146,-15.741,2.582
2012-05-07-13_38_27.310,7,3,4,1,-29.205,-15.741,2.682
2012-05-07-13_38_27.311,7,3,4,1,-29.224,-15.719,2.582
2012-05-07-13_38_27.311,7,4,4,1,-38.156,-15.733,2.182
2012-05-07-13_38_27.312,7,4,4,1,-38.215,-15.733,2.182
2012-05-07-13_38_27.313,7,4,4,1,-38.234,-15.710,2.282
2012-05-07-13_38_27.314,7,5,4,1,-47.217,-15.759,2.682
2012-05-07-13_38_27.315,7,5,4,1,-47.275,-15.759,2.682
2012-05-07-13_38_27.315,7,5,4,1,-47.295,-15.737,2.582
2012-05-07-13_38_27.316,7,6,4,1,-56.186,-15.817,2.682
2012-05-07-13_38_27.316,7,6,4,1,-56.244,-15.817,2.682
2012-05-07-13_38_27.316,7,6,4,1,-56.264,-15.795,2.682
2012-05-07-13_38_27.317,7,7,4,1,-65.183,-15.718,3.382
2012-05-07-13_38_27.317,7,7,4,1,-65.241,-15.718,3.382
2012-05-07-13_38_27.318,7,7,4,1,-65.261,-15.696,3.382
2012-05-07-13_38_27.318,7,0,5,0,2.251,-20.283,3.893
2012-05-07-13_38_27.319,7,0,5,0,2.181,-20.272,3.893
2012-05-07-13_38_27.319,7,0,5,0,2.230,-20.207,3.893
2012-05-07-13_38_27.320,7,1,5,0,-6.740,-20.186,3.193
2012-05-07-13_38_27.320,7,1,5,0,-6.811,-20.176,3.193
2012-05-07-13_38_27.321,7,1,5,0,-6.763,-20.197,3.193
2012-05-07-13_38_27.321,7,2,5,0,-15.684,-20.279,2.693
2012-05-07-13_38_27.322,7,2,5,0,-15.755,-20.269,2.693
2012-05-07-13_38_27.322,7,2,5,0,-15.706,-20.203,2.693
2012-05-07-13_38_27.323,7,3,5,0,-24.704,-20.232,2.493
2012-05-07-13_38_27.323,7,3,5,0,-24.775,-20.221,2.393
2012-05-07-13_38_27.324,7,3,5,0,-24.726,-20.156,2.393
2012-05-07-13_38_27.325,7,4,5,0,-33.714,-20.224,2.293
2012-05-07-13_38_27.325,7,4,5,0,-33.785,-20.213,2.293
2012-05-07-13_38_27.326,7,4,5,0,-33.735,-20.148,2.293
2012-05-07-13_38_27.326,7,5,5,0,-42.775,-20.250,2.693
2012-05-07-13_38_27.327,7,5,5,0,-42.845,-20.239,2.593
2012-05-07-13_38_27.327,7,5,5,0,-42.796,-20.174,2.593
2012-05-07-13_38_27.328,7,6,5,0,-51.744,-20.308,2.693
2012-05-07-13_38_27.328,7,6,5,0,-51.814,-20.298,2.693
2012-05-07-13_38_27.329,7,6,5,0,-51.765,-20.232,2.693
2012-05-07-13_38_27.329,7,7,5,0,-60.740,-20.209,3.393
2012-05-07-13_38_27.330,7,7,5,0,-60.811,-20.198,3.293
2012-05-07-13_38_27.330,7,7,5,0,-60.762,-20.133,3.193
2012-05-07-13_38_27.331,7,0,5,1,-2.189,-20.291,4.002
2012-05-07-13_38_27.331,7,0,5,1,-2.247,-20.291,3.902
2012-05-07-13_38_27.332,7,0,5,1,-2.267,-20.273,3.902
2012-05-07-13_38_27.332,7,1,5,1,-11.181,-20.195,3.102
2012-05-07-13_38_27.333,7,1,5,1,-11.239,-20.195,3.102
2012-05-07-13_38_27.333,7,1,5,1,-11.259,-20.177,3.102
2012-05-07-13_38_27.333,7,2,5,1,-20.183,-20.287,2.602
2012-05-07-13_38_27.334,7,2,5,1,-20.202,-20.269,2.602
2012-05-07-13_38_27.335,7,2,5,1,-20.153,-20.203,2.602
2012-05-07-13_38_27.335,7,3,5,1,-29.144,-20.240,2.502
2012-05-07-13_38_27.336,7,3,5,1,-29.203,-20.240,2.602
2012-05-07-13_38_27.336,7,3,5,1,-29.222,-20.222,2.602
2012-05-07-13_38_27.337,7,4,5,1,-38.154,-20.232,2.302
2012-05-07-13_38_27.338,7,4,5,1,-38.213,-20.232,2.302
2012-05-07-13_38_27.339,7,4,5,1,-38.232,-20.214,2.302
2012-05-07-13_38_27.339,7,5,5,1,-47.215,-20.258,2.702
2012-05-07-13_38_27.340,7,5,5,1,-47.273,-20.258,2.702
2012-05-07-13_38_27.340,7,5,5,1,-47.293,-20.240,2.702
2012-05-07-13_38_27.341,7,6,5,1,-56.184,-20.316,2.702
2012-05-07-13_38_27.341,7,6,5,1,-56.242,-20.316,2.702
2012-05-07-13_38_27.342,7,6,5,1,-56.262,-20.298,2.702
2012-05-07-13_38_27.342,7,7,5,1,-65.181,-20.217,3.502
2012-05-07-13_38_27.342,7,7,5,1,-65.239,-20.217,3.502
2012-05-07-13_38_27.343,7,7,5,1,-65.259,-20.199,3.502
2012-05-07-13_38_27.343,7,0,6,0,2.256,-24.782,3.911
2012-05-07-13_38_27.344,7,0,6,0,2.180,-24.772,3.911
2012-05-07-13_38_27.344,7,0,6,0,2.232,-24.708,3.911
2012-05-07-13_38_27.345,7,1,6,0,-6.736,-24.686,3.211
2012-05-07-13_38_27.345,7,1,6,0,-6.812,-24.675,3.111
2012-05-07-13_38_27.346,7,1,6,0,-6.760,-24.695,3.211
2012-05-07-13_38_27.346,7,2,6,0,-15.680,-24.779,2.711
2012-05-07-13_38_27.347,7,2,6,0,-15.755,-24.768,2.711
2012-05-07-13_38_27.347,7,2,6,0,-15.704,-24.704,2.611
2012-05-07-13_38_27.347,7,3,6,0,-24.700,-24.731,2.611
2012-05-07-13_38_27.348,7,3,6,0,-24.775,-24.721,2.611
2012-05-07-13_38_27.348,7,3,6,0,-24.724,-24.657,2.611
2012-05-07-13_38_27.349,7,4,6,0,-33.709,-24.723,2.211
2012-05-07-13_38_27.349,7,4,6,0,-33.785,-24.712,2.211
2012-05-07-13_38_27.350,7,4,6,0,-33.733,-24.649,2.111
2012-05-07-13_38_27.350,7,5,6,0,-42.770,-24.749,2.911
2012-05-07-13_38_27.351,7,5,6,0,-42.846,-24.739,2.811
2012-05-07-13_38_27.351,7,5,6,0,-42.794,-24.675,2.811
2012-05-07-13_38_27.352,7,6,6,0,-51.739,-24.808,2.711
2012-05-07-13_38_27.352,7,6,6,0,-51.815,-24.797,2.711
2012-05-07-13_38_27.352,7,6,6,0,-51.763,-24.733,2.711
2012-05-07-13_38_27.353,7,7,6,0,-60.736,-24.708,3.511
2012-05-07-13_38_27.353,7,7,6,0,-60.812,-24.698,3.511
2012-05-07-13_38_27.354,7,7,6,0,-60.760,-24.634,3.511
2012-05-07-13_38_27.355,7,0,6,1,-2.189,-24.787,3.920
2012-05-07-13_38_27.355,7,0,6,1,-2.245,-24.787,3.920
2012-05-07-13_38_27.356,7,0,6,1,-2.265,-24.772,3.920
2012-05-07-13_38_27.356,7,1,6,1,-11.181,-24.691,3.220
2012-05-07-13_38_27.357,7,1,6,1,-11.237,-24.691,3.220
2012-05-07-13_38_27.357,7,1,6,1,-11.257,-24.676,3.220
2012-05-07-13_38_27.358,7,2,6,1,-20.181,-24.784,2.720
2012-05-07-13_38_27.358,7,2,6,1,-20.200,-24.768,2.720
2012-05-07-13_38_27.359,7,2,6,1,-20.151,-24.704,2.720
2012-05-07-13_38_27.359,7,3,6,1,-29.145,-24.736,2.720
2012-05-07-13_38_27.360,7,3,6,1,-29.201,-24.736,2.720
2012-05-07-13_38_27.360,7,3,6,1,-29.220,-24.721,2.720
2012-05-07-13_38_27.360,7,4,6,1,-38.154,-24.728,2.220
2012-05-07-13_38_27.361,7,4,6,1,-38.211,-24.728,2.220
2012-05-07-13_38_27.361,7,4,6,1,-38.230,-24.713,2.220
2012-05-07-13_38_27.362,7,5,6,1,-47.215,-24.755,2.920
2012-05-07-13_38_27.362,7,5,6,1,-47.271,-24.755,2.920
2012-05-07-13_38_27.363,7,5,6,1,-47.291,-24.739,2.920
2012-05-07-13_38_27.363,7,6,6,1,-56.184,-24.813,2.920
2012-05-07-13_38_27.365,7,6,6,1,-56.240,-24.813,2.820
2012-05-07-13_38_27.365,7,6,6,1,-56.260,-24.797,2.820
2012-05-07-13_38_27.366,7,7,6,1,-65.181,-24.714,3.520
2012-05-07-13_38_27.367,7,7,6,1,-65.237,-24.714,3.520
2012-05-07-13_38_27.368,7,7,6,1,-65.257,-24.698,3.520
2012-05-07-13_38_27.368,7,0,7,0,2.255,-29.278,3.932
2012-05-07-13_38_27.369,7,0,7,0,2.182,-29.264,3.932
2012-05-07-13_38_27.370,7,0,7,0,2.234,-29.205,3.932
2012-05-07-13_38_27.371,7,1,7,0,-6.736,-29.182,3.132
2012-05-07-13_38_27.372,7,1,7,0,-6.810,-29.168,3.132
2012-05-07-13_38_27.372,7,1,7,0,-6.758,-29.192,3.132
2012-05-07-13_38_27.373,7,2,7,0,-15.680,-29.275,2.732
2012-05-07-13_38_27.373,7,2,7,0,-15.753,-29.261,2.732
2012-05-07-13_38_27.374,7,2,7,0,-15.702,-29.202,2.732
2012-05-07-13_38_27.375,7,3,7,0,-24.700,-29.227,2.632
2012-05-07-13_38_27.375,7,3,7,0,-24.773,-29.213,2.632
2012-05-07-13_38_27.376,7,3,7,0,-24.722,-29.154,2.632
2012-05-07-13_38_27.376,7,4,7,0,-33.710,-29.219,2.532
2012-05-07-13_38_27.377,7,4,7,0,-33.783,-29.205,2.532
2012-05-07-13_38_27.377,7,4,7,0,-33.731,-29.146,2.532
2012-05-07-13_38_27.378,7,5,7,0,-42.771,-29.245,2.932
2012-05-07-13_38_27.378,7,5,7,0,-42.844,-29.231,2.932
2012-05-07-13_38_27.379,7,5,7,0,-42.792,-29.173,2.932
2012-05-07-13_38_27.379,7,6,7,0,-51.740,-29.304,2.832
2012-05-07-13_38_27.379,7,6,7,0,-51.813,-29.290,2.832
2012-05-07-13_38_27.380,7,6,7,0,-51.761,-29.231,2.832
2012-05-07-13_38_27.380,7,7,7,0,-60.736,-29.205,3.432
2012-05-07-13_38_27.381,7,7,7,0,-60.809,-29.190,3.532
2012-05-07-13_38_27.381,7,7,7,0,-60.758,-29.132,3.432
2012-05-07-13_38_27.382,7,0,7,1,-2.192,-29.285,3.945
2012-05-07-13_38_27.382,7,0,7,1,-2.246,-29.285,3.945
2012-05-07-13_38_27.383,7,0,7,1,-2.265,-29.265,3.945
2012-05-07-13_38_27.383,7,1,7,1,-11.184,-29.189,3.245
2012-05-07-13_38_27.384,7,1,7,1,-11.238,-29.189,3.245
2012-05-07-13_38_27.384,7,1,7,1,-11.257,-29.168,3.245
2012-05-07-13_38_27.385,7,2,7,1,-20.181,-29.282,2.745
2012-05-07-13_38_27.385,7,2,7,1,-20.201,-29.261,2.745
2012-05-07-13_38_27.386,7,2,7,1,-20.152,-29.201,2.745
2012-05-07-13_38_27.386,7,3,7,1,-29.148,-29.234,2.645
2012-05-07-13_38_27.387,7,3,7,1,-29.201,-29.234,2.745
2012-05-07-13_38_27.387,7,3,7,1,-29.221,-29.214,2.645
2012-05-07-13_38_27.388,7,4,7,1,-38.157,-29.226,2.445
2012-05-07-13_38_27.388,7,4,7,1,-38.211,-29.226,2.445
2012-05-07-13_38_27.389,7,4,7,1,-38.230,-29.206,2.445
2012-05-07-13_38_27.389,7,5,7,1,-47.218,-29.252,3.045
2012-05-07-13_38_27.390,7,5,7,1,-47.272,-29.253,3.045
2012-05-07-13_38_27.390,7,5,7,1,-47.291,-29.232,3.045
2012-05-07-13_38_27.391,7,6,7,1,-56.187,-29.311,2.845
2012-05-07-13_38_27.391,7,6,7,1,-56.241,-29.311,2.945
2012-05-07-13_38_27.391,7,6,7,1,-56.260,-29.290,2.845
2012-05-07-13_38_27.392,7,7,7,1,-65.184,-29.211,3.545
2012-05-07-13_38_27.392,7,7,7,1,-65.238,-29.212,3.545
2012-05-07-13_38_27.393,7,7,7,1,-65.257,-29.191,3.545
2012-05-07-13_38_27.393,7,0,8,0,2.257,-33.780,3.955
2012-05-07-13_38_27.393,7,0,8,0,2.184,-33.764,3.955
2012-05-07-13_38_27.394,7,0,8,0,2.238,-33.710,3.955
2012-05-07-13_38_27.394,7,1,8,0,-6.734,-33.684,3.255
2012-05-07-13_38_27.395,7,1,8,0,-6.808,-33.667,3.255
2012-05-07-13_38_27.395,7,1,8,0,-6.759,-33.696,3.255
2012-05-07-13_38_27.396,7,2,8,0,-15.678,-33.776,2.655
2012-05-07-13_38_27.396,7,2,8,0,-15.751,-33.760,2.755
2012-05-07-13_38_27.397,7,2,8,0,-15.697,-33.706,2.755
2012-05-07-13_38_27.397,7,3,8,0,-24.698,-33.729,2.655
2012-05-07-13_38_27.398,7,3,8,0,-24.771,-33.713,2.655
2012-05-07-13_38_27.398,7,3,8,0,-24.717,-33.659,2.655
2012-05-07-13_38_27.399,7,4,8,0,-33.708,-33.721,2.555
2012-05-07-13_38_27.399,7,4,8,0,-33.781,-33.704,2.555
2012-05-07-13_38_27.399,7,4,8,0,-33.727,-33.651,2.555
2012-05-07-13_38_27.400,7,5,8,0,-42.769,-33.747,2.955
2012-05-07-13_38_27.400,7,5,8,0,-42.842,-33.731,2.955
2012-05-07-13_38_27.401,7,5,8,0,-42.788,-33.677,2.955
2012-05-07-13_38_27.402,7,6,8,0,-51.738,-33.805,2.855
2012-05-07-13_38_27.403,7,6,8,0,-51.811,-33.789,2.855
2012-05-07-13_38_27.403,7,6,8,0,-51.757,-33.735,2.855
2012-05-07-13_38_27.404,7,7,8,0,-60.734,-33.706,3.655
2012-05-07-13_38_27.404,7,7,8,0,-60.807,-33.690,3.655
2012-05-07-13_38_27.405,7,7,8,0,-60.753,-33.636,3.655
2012-05-07-13_38_27.406,7,0,8,1,-2.195,-33.790,3.964
2012-05-07-13_38_27.406,7,0,8,1,-2.249,-33.790,3.964
2012-05-07-13_38_27.407,7,0,8,1,-2.266,-33.764,4.064
2012-05-07-13_38_27.407,7,1,8,1,-11.187,-33.694,3.164
2012-05-07-13_38_27.408,7,1,8,1,-11.240,-33.693,3.264
2012-05-07-13_38_27.408,7,1,8,1,-11.257,-33.667,3.264
2012-05-07-13_38_27.409,7,2,8,1,-20.184,-33.786,2.764
2012-05-07-13_38_27.409,7,2,8,1,-20.201,-33.760,2.764
2012-05-07-13_38_27.410,7,2,8,1,-20.154,-33.705,2.764
2012-05-07-13_38_27.410,7,3,8,1,-29.151,-33.739,2.764
2012-05-07-13_38_27.411,7,3,8,1,-29.204,-33.739,2.764
2012-05-07-13_38_27.411,7,3,8,1,-29.221,-33.713,2.664
2012-05-07-13_38_27.412,7,4,8,1,-38.160,-33.731,2.564
2012-05-07-13_38_27.412,7,4,8,1,-38.214,-33.730,2.564
2012-05-07-13_38_27.412,7,4,8,1,-38.231,-33.704,2.564
2012-05-07-13_38_27.413,7,5,8,1,-47.221,-33.757,2.964
2012-05-07-13_38_27.413,7,5,8,1,-47.275,-33.757,2.964
2012-05-07-13_38_27.414,7,5,8,1,-47.292,-33.731,2.964
2012-05-07-13_38_27.414,7,6,8,1,-56.190,-33.815,2.964
2012-05-07-13_38_27.415,7,6,8,1,-56.244,-33.815,2.864
2012-05-07-13_38_27.416,7,6,8,1,-56.260,-33.789,2.964
2012-05-07-13_38_27.416,7,7,8,1,-65.187,-33.716,3.564
2012-05-07-13_38_27.417,7,7,8,1,-65.240,-33.716,3.564
2012-05-07-13_38_27.417,7,7,8,1,-65.257,-33.690,3.564
2012-05-07-13_38_27.419,7,0,9,0,2.257,-38.282,3.973
2012-05-07-13_38_27.419,7,0,9,0,2.186,-38.268,3.973
2012-05-07-13_38_27.420,7,0,9,0,2.238,-38.208,3.973
2012-05-07-13_38_27.421,7,1,9,0,-6.735,-38.186,3.273
2012-05-07-13_38_27.421,7,1,9,0,-6.806,-38.171,3.273
2012-05-07-13_38_27.422,7,1,9,0,-6.754,-38.199,3.273
2012-05-07-13_38_27.422,7,2,9,0,-15.679,-38.279,2.773
2012-05-07-13_38_27.423,7,2,9,0,-15.749,-38.264,2.773
2012-05-07-13_38_27.423,7,2,9,0,-15.698,-38.205,2.773
2012-05-07-13_38_27.424,7,3,9,0,-24.699,-38.231,2.773
2012-05-07-13_38_27.424,7,3,9,0,-24.769,-38.217,2.673
2012-05-07-13_38_27.425,7,3,9,0,-24.718,-38.157,2.673
2012-05-07-13_38_27.425,7,4,9,0,-33.708,-38.223,2.373
2012-05-07-13_38_27.426,7,4,9,0,-33.779,-38.209,2.373
2012-05-07-13_38_27.426,7,4,9,0,-33.727,-38.149,2.373
2012-05-07-13_38_27.427,7,5,9,0,-42.769,-38.249,2.973
2012-05-07-13_38_27.427,7,5,9,0,-42.840,-38.235,2.873
2012-05-07-13_38_27.428,7,5,9,0,-42.788,-38.176,2.873
2012-05-07-13_38_27.428,7,6,9,0,-51.738,-38.308,2.873
2012-05-07-13_38_27.429,7,6,9,0,-51.809,-38.293,2.773
2012-05-07-13_38_27.429,7,6,9,0,-51.757,-38.234,2.773
2012-05-07-13_38_27.430,7,7,9,0,-60.735,-38.208,3.373
2012-05-07-13_38_27.430,7,7,9,0,-60.805,-38.194,3.373
2012-05-07-13_38_27.431,7,7,9,0,-60.754,-38.135,3.373
2012-05-07-13_38_27.432,7,0,9,1,-2.195,-38.291,3.983
2012-05-07-13_38_27.432,7,0,9,1,-2.249,-38.291,3.983
2012-05-07-13_38_27.432,7,0,9,1,-2.268,-38.269,3.983
2012-05-07-13_38_27.433,7,1,9,1,-11.187,-38.195,3.283
2012-05-07-13_38_27.433,7,1,9,1,-11.241,-38.195,3.283
2012-05-07-13_38_27.434,7,1,9,1,-11.260,-38.172,3.283
2012-05-07-13_38_27.434,7,2,9,1,-20.185,-38.288,2.783
2012-05-07-13_38_27.435,7,2,9,1,-20.204,-38.265,2.783
2012-05-07-13_38_27.436,7,2,9,1,-20.155,-38.205,2.783
2012-05-07-13_38_27.437,7,3,9,1,-29.151,-38.240,2.783
2012-05-07-13_38_27.437,7,3,9,1,-29.205,-38.240,2.683
2012-05-07-13_38_27.438,7,3,9,1,-29.224,-38.218,2.683
2012-05-07-13_38_27.438,7,4,9,1,-38.161,-38.232,2.283
2012-05-07-13_38_27.439,7,4,9,1,-38.214,-38.232,2.383
2012-05-07-13_38_27.439,7,4,9,1,-38.234,-38.209,2.283
2012-05-07-13_38_27.440,7,5,9,1,-47.221,-38.259,2.683
2012-05-07-13_38_27.440,7,5,9,1,-47.275,-38.259,2.683
2012-05-07-13_38_27.441,7,5,9,1,-47.295,-38.236,2.683
2012-05-07-13_38_27.441,7,6,9,1,-56.190,-38.317,2.983
2012-05-07-13_38_27.442,7,6,9,1,-56.244,-38.317,2.883
2012-05-07-13_38_27.442,7,6,9,1,-56.263,-38.294,2.983
2012-05-07-13_38_27.443,7,7,9,1,-65.187,-38.218,3.583
2012-05-07-13_38_27.443,7,7,9,1,-65.241,-38.218,3.583
2012-05-07-13_38_27.443,7,7,9,1,-65.260,-38.195,3.583
2012-05-07-13_38_27.444,7,0,10,0,2.257,-42.783,3.995
2012-05-07-13_38_27.444,7,0,10,0,2.186,-42.771,3.995
2012-05-07-13_38_27.445,7,0,10,0,2.238,-42.705,3.995
2012-05-07-13_38_27.445,7,1,10,0,-6.735,-42.687,3.295
2012-05-07-13_38_27.446,7,1,10,0,-6.806,-42.675,3.295
2012-05-07-13_38_27.446,7,1,10,0,-6.757,-42.698,3.295
2012-05-07-13_38_27.447,7,2,10,0,-15.679,-42.780,2.795
2012-05-07-13_38_27.447,7,2,10,0,-15.750,-42.768,2.795
2012-05-07-13_38_27.448,7,2,10,0,-15.698,-42.701,2.795
2012-05-07-13_38_27.448,7,3,10,0,-24.699,-42.732,2.695
2012-05-07-13_38_27.449,7,3,10,0,-24.770,-42.720,2.795
2012-05-07-13_38_27.449,7,3,10,0,-24.718,-42.654,2.695
2012-05-07-13_38_27.450,7,4,10,0,-33.709,-42.724,2.395
2012-05-07-13_38_27.450,7,4,10,0,-33.779,-42.712,2.395
2012-05-07-13_38_27.451,7,4,10,0,-33.728,-42.646,2.395
2012-05-07-13_38_27.451,7,5,10,0,-42.770,-42.750,2.995
2012-05-07-13_38_27.452,7,5,10,0,-42.840,-42.738,2.995
2012-05-07-13_38_27.452,7,5,10,0,-42.789,-42.672,2.995
2012-05-07-13_38_27.453,7,6,10,0,-51.738,-42.809,2.995
2012-05-07-13_38_27.453,7,6,10,0,-51.809,-42.797,2.895
2012-05-07-13_38_27.454,7,6,10,0,-51.757,-42.730,2.895
2012-05-07-13_38_27.454,7,7,10,0,-60.735,-42.709,3.695
2012-05-07-13_38_27.455,7,7,10,0,-60.806,-42.697,3.595
2012-05-07-13_38_27.455,7,7,10,0,-60.754,-42.631,3.595
2012-05-07-13_38_27.456,7,0,10,1,-2.198,-42.791,4.008
2012-05-07-13_38_27.456,7,0,10,1,-2.254,-42.791,4.108
2012-05-07-13_38_27.456,7,0,10,1,-2.269,-42.771,4.008
2012-05-07-13_38_27.457,7,1,10,1,-11.190,-42.694,3.308
2012-05-07-13_38_27.457,7,1,10,1,-11.246,-42.694,3.208
2012-05-07-13_38_27.458,7,1,10,1,-11.261,-42.675,3.208
2012-05-07-13_38_27.458,7,2,10,1,-20.190,-42.787,2.708
2012-05-07-13_38_27.459,7,2,10,1,-20.205,-42.768,2.708
2012-05-07-13_38_27.460,7,2,10,1,-20.158,-42.702,2.708
2012-05-07-13_38_27.460,7,3,10,1,-29.154,-42.740,2.808
2012-05-07-13_38_27.460,7,3,10,1,-29.210,-42.740,2.808
2012-05-07-13_38_27.461,7,3,10,1,-29.225,-42.720,2.808
2012-05-07-13_38_27.461,7,4,10,1,-38.163,-42.732,2.508
2012-05-07-13_38_27.462,7,4,10,1,-38.220,-42.732,2.508
2012-05-07-13_38_27.462,7,4,10,1,-38.234,-42.712,2.508
2012-05-07-13_38_27.463,7,5,10,1,-47.224,-42.758,3.108
2012-05-07-13_38_27.463,7,5,10,1,-47.280,-42.758,3.108
2012-05-07-13_38_27.464,7,5,10,1,-47.295,-42.739,3.108
2012-05-07-13_38_27.464,7,6,10,1,-56.193,-42.816,2.908
2012-05-07-13_38_27.465,7,6,10,1,-56.249,-42.816,2.908
2012-05-07-13_38_27.465,7,6,10,1,-56.264,-42.797,2.908
2012-05-07-13_38_27.466,7,7,10,1,-65.190,-42.717,3.508
2012-05-07-13_38_27.466,7,7,10,1,-65.246,-42.717,3.608
2012-05-07-13_38_27.467,7,7,10,1,-65.261,-42.698,3.508
2012-05-07-13_38_27.468,7,0,11,0,2.254,-47.282,4.018
2012-05-07-13_38_27.469,7,0,11,0,2.188,-47.271,4.018
2012-05-07-13_38_27.469,7,0,11,0,2.235,-47.207,4.018
2012-05-07-13_38_27.470,7,1,11,0,-6.738,-47.186,3.318
2012-05-07-13_38_27.470,7,1,11,0,-6.804,-47.174,3.318
2012-05-07-13_38_27.472,7,1,11,0,-6.758,-47.194,3.318
2012-05-07-13_38_27.472,7,2,11,0,-15.682,-47.278,2.818
2012-05-07-13_38_27.473,7,2,11,0,-15.748,-47.267,2.718
2012-05-07-13_38_27.473,7,2,11,0,-15.701,-47.203,2.818
2012-05-07-13_38_27.474,7,3,11,0,-24.702,-47.231,2.718
2012-05-07-13_38_27.474,7,3,11,0,-24.768,-47.220,2.818
2012-05-07-13_38_27.475,7,3,11,0,-24.721,-47.156,2.718
2012-05-07-13_38_27.476,7,4,11,0,-33.712,-47.223,2.518
2012-05-07-13_38_27.476,7,4,11,0,-33.777,-47.212,2.418
2012-05-07-13_38_27.477,7,4,11,0,-33.731,-47.148,2.418
2012-05-07-13_38_27.477,7,5,11,0,-42.772,-47.249,3.018
2012-05-07-13_38_27.478,7,5,11,0,-42.838,-47.238,2.918
2012-05-07-13_38_27.479,7,5,11,0,-42.791,-47.174,2.918
2012-05-07-13_38_27.479,7,6,11,0,-51.741,-47.307,3.018
2012-05-07-13_38_27.480,7,6,11,0,-51.807,-47.296,2.918
2012-05-07-13_38_27.480,7,6,11,0,-51.760,-47.232,2.918
2012-05-07-13_38_27.481,7,7,11,0,-60.738,-47.208,3.518
2012-05-07-13_38_27.481,7,7,11,0,-60.804,-47.197,3.518
2012-05-07-13_38_27.482,7,7,11,0,-60.757,-47.133,3.418
2012-05-07-13_38_27.482,7,0,11,1,-2.199,-47.287,4.028
2012-05-07-13_38_27.483,7,0,11,1,-2.252,-47.287,4.028
2012-05-07-13_38_27.483,7,0,11,1,-2.269,-47.271,4.028
2012-05-07-13_38_27.483,7,1,11,1,-11.190,-47.191,3.328
2012-05-07-13_38_27.484,7,1,11,1,-11.244,-47.191,3.328
2012-05-07-13_38_27.484,7,1,11,1,-11.261,-47.175,3.228
2012-05-07-13_38_27.485,7,2,11,1,-20.188,-47.284,2.728
2012-05-07-13_38_27.485,7,2,11,1,-20.205,-47.268,2.728
2012-05-07-13_38_27.486,7,2,11,1,-20.161,-47.203,2.828
2012-05-07-13_38_27.486,7,3,11,1,-29.154,-47.236,2.828
2012-05-07-13_38_27.486,7,3,11,1,-29.208,-47.236,2.728
2012-05-07-13_38_27.487,7,3,11,1,-29.225,-47.220,2.828
2012-05-07-13_38_27.487,7,4,11,1,-38.164,-47.228,2.628
2012-05-07-13_38_27.488,7,4,11,1,-38.218,-47.228,2.628
2012-05-07-13_38_27.488,7,4,11,1,-38.235,-47.212,2.628
2012-05-07-13_38_27.489,7,5,11,1,-47.225,-47.254,2.828
2012-05-07-13_38_27.489,7,5,11,1,-47.278,-47.254,2.828
2012-05-07-13_38_27.491,7,5,11,1,-47.295,-47.238,2.828
2012-05-07-13_38_27.491,7,6,11,1,-56.194,-47.313,3.028
2012-05-07-13_38_27.492,7,6,11,1,-56.247,-47.313,3.028
2012-05-07-13_38_27.493,7,6,11,1,-56.264,-47.297,3.028
2012-05-07-13_38_27.494,7,7,11,1,-65.190,-47.213,3.628
2012-05-07-13_38_27.495,7,7,11,1,-65.244,-47.213,3.628
2012-05-07-13_38_27.495,7,7,11,1,-65.261,-47.197,3.628
2012-05-07-13_38_27.496,7,0,12,0,2.253,-51.778,4.036
2012-05-07-13_38_27.497,7,0,12,0,2.187,-51.765,3.936
2012-05-07-13_38_27.497,7,0,12,0,2.232,-51.707,4.036
2012-05-07-13_38_27.498,7,1,12,0,-6.739,-51.682,3.336
2012-05-07-13_38_27.498,7,1,12,0,-6.804,-51.669,3.336
2012-05-07-13_38_27.499,7,1,12,0,-6.758,-51.692,3.336
2012-05-07-13_38_27.500,7,2,12,0,-15.682,-51.774,2.836
2012-05-07-13_38_27.500,7,2,12,0,-15.748,-51.762,2.836
2012-05-07-13_38_27.500,7,2,12,0,-15.704,-51.703,2.836
2012-05-07-13_38_27.501,7,3,12,0,-24.702,-51.727,2.736
2012-05-07-13_38_27.501,7,3,12,0,-24.768,-51.714,2.636
2012-05-07-13_38_27.502,7,3,12,0,-24.724,-51.656,2.636
2012-05-07-13_38_27.502,7,4,12,0,-33.712,-51.719,2.336
2012-05-07-13_38_27.503,7,4,12,0,-33.778,-51.706,2.336
2012-05-07-13_38_27.504,7,4,12,0,-33.733,-51.648,2.336
2012-05-07-13_38_27.505,7,5,12,0,-42.773,-51.745,2.936
2012-05-07-13_38_27.506,7,5,12,0,-42.839,-51.732,3.036
2012-05-07-13_38_27.506,7,5,12,0,-42.794,-51.674,3.036
2012-05-07-13_38_27.506,7,6,12,0,-51.742,-51.803,2.936
2012-05-07-13_38_27.507,7,6,12,0,-51.807,-51.791,2.936
2012-05-07-13_38_27.507,7,6,12,0,-51.763,-51.732,2.936
2012-05-07-13_38_27.508,7,7,12,0,-60.738,-51.704,3.736
2012-05-07-13_38_27.508,7,7,12,0,-60.804,-51.691,3.736
2012-05-07-13_38_27.509,7,7,12,0,-60.760,-51.633,3.736
2012-05-07-13_38_27.509,7,0,12,1,-2.201,-51.786,4.047
2012-05-07-13_38_27.510,7,0,12,1,-2.272,-51.766,4.047
2012-05-07-13_38_27.511,7,0,12,1,-2.223,-51.706,4.047
2012-05-07-13_38_27.511,7,1,12,1,-11.193,-51.690,3.347
2012-05-07-13_38_27.512,7,1,12,1,-11.264,-51.670,3.347
2012-05-07-13_38_27.512,7,1,12,1,-11.220,-51.692,3.347
2012-05-07-13_38_27.512,7,2,12,1,-20.137,-51.783,2.847
2012-05-07-13_38_27.513,7,2,12,1,-20.208,-51.762,2.847
2012-05-07-13_38_27.513,7,2,12,1,-20.159,-51.702,2.847
2012-05-07-13_38_27.514,7,3,12,1,-29.157,-51.735,2.847
2012-05-07-13_38_27.514,7,3,12,1,-29.228,-51.715,2.747
2012-05-07-13_38_27.515,7,3,12,1,-29.179,-51.655,2.747
2012-05-07-13_38_27.515,7,4,12,1,-38.167,-51.727,2.647
2012-05-07-13_38_27.516,7,4,12,1,-38.237,-51.707,2.647
2012-05-07-13_38_27.516,7,4,12,1,-38.194,-51.729,2.647
2012-05-07-13_38_27.517,7,5,12,1,-47.228,-51.753,3.047
2012-05-07-13_38_27.517,7,5,12,1,-47.298,-51.733,3.047
2012-05-07-13_38_27.518,7,5,12,1,-47.249,-51.673,3.047
2012-05-07-13_38_27.518,7,6,12,1,-56.196,-51.812,3.047
2012-05-07-13_38_27.518,7,6,12,1,-56.267,-51.791,2.947
2012-05-07-13_38_27.519,7,6,12,1,-56.218,-51.731,2.947
2012-05-07-13_38_27.519,7,7,12,1,-65.193,-51.712,3.647
2012-05-07-13_38_27.520,7,7,12,1,-65.264,-51.692,3.647
2012-05-07-13_38_27.520,7,7,12,1,-65.220,-51.715,3.647
2012-05-07-13_38_27.521,7,0,13,0,2.250,-56.280,4.060
2012-05-07-13_38_27.521,7,0,13,0,2.187,-56.264,4.060
2012-05-07-13_38_27.522,7,0,13,0,2.231,-56.211,4.060
2012-05-07-13_38_27.522,7,1,13,0,-6.741,-56.184,3.360
2012-05-07-13_38_27.523,7,1,13,0,-6.805,-56.168,3.360
2012-05-07-13_38_27.523,7,1,13,0,-6.761,-56.196,3.360
2012-05-07-13_38_27.524,7,2,13,0,-15.685,-56.276,2.860
2012-05-07-13_38_27.524,7,2,13,0,-15.749,-56.261,2.860
2012-05-07-13_38_27.525,7,2,13,0,-15.704,-56.207,2.760
2012-05-07-13_38_27.525,7,3,13,0,-24.705,-56.229,2.660
2012-05-07-13_38_27.526,7,3,13,0,-24.769,-56.213,2.660
2012-05-07-13_38_27.527,7,3,13,0,-24.724,-56.160,2.660
2012-05-07-13_38_27.528,7,4,13,0,-33.715,-56.221,2.460
2012-05-07-13_38_27.528,7,4,13,0,-33.778,-56.205,2.460
2012-05-07-13_38_27.528,7,4,13,0,-33.734,-56.152,2.360
2012-05-07-13_38_27.529,7,5,13,0,-42.776,-56.247,3.060
2012-05-07-13_38_27.530,7,5,13,0,-42.839,-56.231,2.960
2012-05-07-13_38_27.530,7,5,13,0,-42.795,-56.178,2.960
2012-05-07-13_38_27.531,7,6,13,0,-51.745,-56.305,2.960
2012-05-07-13_38_27.531,7,6,13,0,-51.808,-56.290,2.860
2012-05-07-13_38_27.532,7,6,13,0,-51.764,-56.236,2.860
2012-05-07-13_38_27.532,7,7,13,0,-60.741,-56.206,3.560
2012-05-07-13_38_27.533,7,7,13,0,-60.805,-56.190,3.660
2012-05-07-13_38_27.533,7,7,13,0,-60.760,-56.137,3.560
2012-05-07-13_38_27.534,7,0,13,1,-2.202,-56.290,4.073
2012-05-07-13_38_27.534,7,0,13,1,-2.275,-56.265,4.073
2012-05-07-13_38_27.535,7,0,13,1,-2.226,-56.210,4.072
2012-05-07-13_38_27.535,7,1,13,1,-11.194,-56.194,3.373
2012-05-07-13_38_27.537,7,1,13,1,-11.267,-56.169,3.273
2012-05-07-13_38_27.537,7,1,13,1,-11.223,-56.196,3.372
2012-05-07-13_38_27.538,7,2,13,1,-20.138,-56.287,2.773
2012-05-07-13_38_27.538,7,2,13,1,-20.211,-56.261,2.873
2012-05-07-13_38_27.539,7,2,13,1,-20.161,-56.207,2.872
2012-05-07-13_38_27.539,7,3,13,1,-29.158,-56.239,2.773
2012-05-07-13_38_27.540,7,3,13,1,-29.231,-56.214,2.773
2012-05-07-13_38_27.540,7,3,13,1,-29.181,-56.159,2.772
2012-05-07-13_38_27.541,7,4,13,1,-38.167,-56.231,2.473
2012-05-07-13_38_27.541,7,4,13,1,-38.240,-56.206,2.473
2012-05-07-13_38_27.541,7,4,13,1,-38.191,-56.151,2.472
2012-05-07-13_38_27.542,7,5,13,1,-47.228,-56.258,2.873
2012-05-07-13_38_27.542,7,5,13,1,-47.301,-56.232,2.873
2012-05-07-13_38_27.543,7,5,13,1,-47.252,-56.178,3.172
2012-05-07-13_38_27.543,7,6,13,1,-56.197,-56.316,2.873
2012-05-07-13_38_27.544,7,6,13,1,-56.270,-56.290,2.873
2012-05-07-13_38_27.544,7,6,13,1,-56.221,-56.236,2.872
2012-05-07-13_38_27.545,7,7,13,1,-65.194,-56.217,3.673
2012-05-07-13_38_27.545,7,7,13,1,-65.267,-56.191,3.673
2012-05-07-13_38_27.546,7,7,13,1,-65.218,-56.137,3.672
2012-05-07-13_38_27.546,7,0,14,0,2.248,-60.782,4.081
2012-05-07-13_38_27.547,7,0,14,0,2.187,-60.767,4.081
2012-05-07-13_38_27.547,7,0,14,0,2.231,-60.709,4.081
2012-05-07-13_38_27.548,7,1,14,0,-6.744,-60.686,3.381
2012-05-07-13_38_27.548,7,1,14,0,-6.805,-60.671,3.381
2012-05-07-13_38_27.549,7,1,14,0,-6.761,-60.698,3.381
2012-05-07-13_38_27.549,7,2,14,0,-15.688,-60.779,2.881
2012-05-07-13_38_27.550,7,2,14,0,-15.749,-60.763,2.881
2012-05-07-13_38_27.550,7,2,14,0,-15.705,-60.705,2.781
2012-05-07-13_38_27.550,7,3,14,0,-24.708,-60.731,2.781
2012-05-07-13_38_27.551,7,3,14,0,-24.769,-60.716,2.781
2012-05-07-13_38_27.551,7,3,14,0,-24.725,-60.658,2.781
2012-05-07-13_38_27.552,7,4,14,0,-33.718,-60.723,2.681
2012-05-07-13_38_27.552,7,4,14,0,-33.779,-60.708,2.681
2012-05-07-13_38_27.553,7,4,14,0,-33.734,-60.650,2.681
2012-05-07-13_38_27.553,7,5,14,0,-42.779,-60.749,2.881
2012-05-07-13_38_27.554,7,5,14,0,-42.839,-60.734,3.081
2012-05-07-13_38_27.554,7,5,14,0,-42.795,-60.676,3.081
2012-05-07-13_38_27.555,7,6,14,0,-51.747,-60.808,2.881
2012-05-07-13_38_27.555,7,6,14,0,-51.808,-60.792,2.881
2012-05-07-13_38_27.555,7,6,14,0,-51.764,-60.734,2.881
2012-05-07-13_38_27.556,7,7,14,0,-60.744,-60.708,3.781
2012-05-07-13_38_27.557,7,7,14,0,-60.805,-60.693,3.781
2012-05-07-13_38_27.557,7,7,14,0,-60.761,-60.635,3.781
2012-05-07-13_38_27.558,7,0,14,1,-2.200,-60.791,4.091
2012-05-07-13_38_27.558,7,0,14,1,-2.258,-60.791,4.091
2012-05-07-13_38_27.559,7,0,14,1,-2.275,-60.769,4.091
2012-05-07-13_38_27.559,7,1,14,1,-11.192,-60.695,3.391
2012-05-07-13_38_27.560,7,1,14,1,-11.250,-60.695,3.391
2012-05-07-13_38_27.560,7,1,14,1,-11.267,-60.673,3.391
2012-05-07-13_38_27.561,7,2,14,1,-20.194,-60.788,2.891
2012-05-07-13_38_27.561,7,2,14,1,-20.211,-60.765,2.891
2012-05-07-13_38_27.561,7,2,14,1,-20.162,-60.705,2.891
2012-05-07-13_38_27.562,7,3,14,1,-29.156,-60.740,2.891
2012-05-07-13_38_27.562,7,3,14,1,-29.214,-60.740,2.891
2012-05-07-13_38_27.563,7,3,14,1,-29.231,-60.718,2.891
2012-05-07-13_38_27.563,7,4,14,1,-38.165,-60.732,2.691
2012-05-07-13_38_27.564,7,4,14,1,-38.224,-60.732,2.691
2012-05-07-13_38_27.564,7,4,14,1,-38.241,-60.710,2.691
2012-05-07-13_38_27.565,7,5,14,1,-47.226,-60.759,2.891
2012-05-07-13_38_27.565,7,5,14,1,-47.285,-60.759,2.991
2012-05-07-13_38_27.566,7,5,14,1,-47.302,-60.736,3.191
2012-05-07-13_38_27.566,7,6,14,1,-56.195,-60.817,2.991
2012-05-07-13_38_27.568,7,6,14,1,-56.253,-60.817,3.091
2012-05-07-13_38_27.568,7,6,14,1,-56.270,-60.794,2.991
2012-05-07-13_38_27.569,7,7,14,1,-65.192,-60.718,3.691
2012-05-07-13_38_27.569,7,7,14,1,-65.250,-60.718,3.691
2012-05-07-13_38_27.570,7,7,14,1,-65.267,-60.695,3.691
2012-05-07-13_38_27.570,7,0,15,0,2.245,-65.283,4.098
2012-05-07-13_38_27.571,7,0,15,0,2.184,-65.271,4.098
2012-05-07-13_38_27.571,7,0,15,0,2.228,-65.206,4.098
2012-05-07-13_38_27.572,7,1,15,0,-6.747,-65.186,3.398
2012-05-07-13_38_27.572,7,1,15,0,-6.808,-65.175,3.398
2012-05-07-13_38_27.573,7,1,15,0,-6.764,-65.197,3.398
2012-05-07-13_38_27.573,7,2,15,0,-15.691,-65.279,2.898
2012-05-07-13_38_27.574,7,2,15,0,-15.752,-65.268,2.898
2012-05-07-13_38_27.574,7,2,15,0,-15.708,-65.202,2.898
2012-05-07-13_38_27.575,7,3,15,0,-24.711,-65.232,2.798
2012-05-07-13_38_27.575,7,3,15,0,-24.772,-65.220,2.798
2012-05-07-13_38_27.575,7,3,15,0,-24.728,-65.155,2.798
2012-05-07-13_38_27.576,7,4,15,0,-33.721,-65.224,2.698
2012-05-07-13_38_27.576,7,4,15,0,-33.782,-65.212,2.698
2012-05-07-13_38_27.577,7,4,15,0,-33.737,-65.147,2.698
2012-05-07-13_38_27.578,7,5,15,0,-42.781,-65.250,2.798
2012-05-07-13_38_27.579,7,5,15,0,-42.842,-65.239,2.798
2012-05-07-13_38_27.579,7,5,15,0,-42.798,-65.173,2.898
2012-05-07-13_38_27.580,7,6,15,0,-51.750,-65.308,2.898
2012-05-07-13_38_27.580,7,6,15,0,-51.811,-65.297,2.898
2012-05-07-13_38_27.581,7,6,15,0,-51.767,-65.231,2.898
2012-05-07-13_38_27.581,7,7,15,0,-60.747,-65.209,3.498
2012-05-07-13_38_27.582,7,7,15,0,-60.808,-65.198,3.698
2012-05-07-13_38_27.583,7,7,15,0,-60.764,-65.132,3.498
2012-05-07-13_38_27.739,7,0,15,1,-2.198,-65.291,4.108
2012-05-07-13_38_27.741,7,0,15,1,-2.259,-65.291,4.108
2012-05-07-13_38_27.742,7,0,15,1,-2.278,-65.272,4.108
2012-05-07-13_38_27.745,7,1,15,1,-11.190,-65.194,3.308
2012-05-07-13_38_27.746,7,1,15,1,-11.251,-65.194,3.408
2012-05-07-13_38_27.748,7,1,15,1,-11.270,-65.176,3.408
2012-05-07-13_38_27.750,7,2,15,1,-20.195,-65.287,2.908
2012-05-07-13_38_27.751,7,2,15,1,-20.214,-65.269,2.908
2012-05-07-13_38_27.753,7,2,15,1,-20.162,-65.202,2.908
2012-05-07-13_38_27.754,7,3,15,1,-29.154,-65.240,2.808
2012-05-07-13_38_27.756,7,3,15,1,-29.215,-65.240,2.908
2012-05-07-13_38_27.757,7,3,15,1,-29.234,-65.221,2.808
2012-05-07-13_38_27.759,7,4,15,1,-38.163,-65.232,2.608
2012-05-07-13_38_27.760,7,4,15,1,-38.224,-65.232,2.608
2012-05-07-13_38_27.761,7,4,15,1,-38.244,-65.213,2.608
2012-05-07-13_38_27.762,7,5,15,1,-47.224,-65.258,2.908
2012-05-07-13_38_27.762,7,5,15,1,-47.285,-65.258,2.908
2012-05-07-13_38_27.763,7,5,15,1,-47.304,-65.239,2.908
2012-05-07-13_38_27.764,7,6,15,1,-56.193,-65.316,2.908
2012-05-07-13_38_27.764,7,6,15,1,-56.254,-65.316,2.908
2012-05-07-13_38_27.765,7,6,15,1,-56.273,-65.298,2.908
2012-05-07-13_38_27.765,7,7,15,1,-65.190,-65.217,3.708
2012-05-07-13_38_27.766,7,7,15,1,-65.251,-65.217,3.708
2012-05-07-13_38_27.766,7,7,15,1,-65.270,-65.198,3.708
2012-05-07-13_38_27.767,7,0,16,0,2.244,-69.782,4.219
2012-05-07-13_38_27.767,7,0,16,0,2.178,-69.770,4.219
2012-05-07-13_38_27.768,7,0,16,0,2.225,-69.706,4.219
2012-05-07-13_38_27.768,7,1,16,0,-6.748,-69.686,3.419
2012-05-07-13_38_27.769,7,1,16,0,-6.813,-69.674,3.419
2012-05-07-13_38_27.769,7,1,16,0,-6.767,-69.694,3.419
2012-05-07-13_38_27.770,7,2,16,0,-15.691,-69.779,2.919
2012-05-07-13_38_27.770,7,2,16,0,-15.757,-69.766,2.919
2012-05-07-13_38_27.772,7,2,16,0,-15.710,-69.702,2.919
2012-05-07-13_38_27.772,7,3,16,0,-24.711,-69.731,2.819
2012-05-07-13_38_27.773,7,3,16,0,-24.777,-69.719,2.819
2012-05-07-13_38_27.773,7,3,16,0,-24.730,-69.655,2.819
2012-05-07-13_38_27.774,7,4,16,0,-33.721,-69.723,2.519
2012-05-07-13_38_27.774,7,4,16,0,-33.787,-69.711,2.519
2012-05-07-13_38_27.775,7,4,16,0,-33.740,-69.647,2.419
2012-05-07-13_38_27.775,7,5,16,0,-42.782,-69.749,2.919
2012-05-07-13_38_27.776,7,5,16,0,-42.848,-69.737,3.019
2012-05-07-13_38_27.776,7,5,16,0,-42.801,-69.673,3.119
2012-05-07-13_38_27.777,7,6,16,0,-51.751,-69.808,3.019
2012-05-07-13_38_27.777,7,6,16,0,-51.817,-69.795,3.019
2012-05-07-13_38_27.778,7,6,16,0,-51.770,-69.731,2.919
2012-05-07-13_38_27.778,7,7,16,0,-60.748,-69.708,3.619
2012-05-07-13_38_27.779,7,7,16,0,-60.813,-69.696,3.619
2012-05-07-13_38_27.779,7,7,16,0,-60.767,-69.632,3.619
2012-05-07-13_38_27.780,7,0,16,1,-2.198,-69.787,4.133
2012-05-07-13_38_27.780,7,0,16,1,-2.259,-69.787,4.133
2012-05-07-13_38_27.781,7,0,16,1,-2.279,-69.770,4.133
2012-05-07-13_38_27.781,7,1,16,1,-11.190,-69.691,3.433
2012-05-07-13_38_27.782,7,1,16,1,-11.251,-69.691,3.433
2012-05-07-13_38_27.782,7,1,16,1,-11.271,-69.674,3.333
2012-05-07-13_38_27.783,7,2,16,1,-20.195,-69.784,2.933
2012-05-07-13_38_27.783,7,2,16,1,-20.214,-69.767,2.933
2012-05-07-13_38_27.784,7,2,16,1,-20.160,-69.702,2.933
2012-05-07-13_38_27.784,7,3,16,1,-29.154,-69.736,2.933
2012-05-07-13_38_27.785,7,3,16,1,-29.215,-69.736,2.933
2012-05-07-13_38_27.785,7,3,16,1,-29.234,-69.719,2.933
2012-05-07-13_38_27.786,7,4,16,1,-38.164,-69.728,2.633
2012-05-07-13_38_27.786,7,4,16,1,-38.225,-69.728,2.633
2012-05-07-13_38_27.786,7,4,16,1,-38.244,-69.711,2.633
2012-05-07-13_38_27.787,7,5,16,1,-47.224,-69.754,2.933
2012-05-07-13_38_27.787,7,5,16,1,-47.285,-69.754,2.933
2012-05-07-13_38_27.788,7,5,16,1,-47.305,-69.737,2.933
2012-05-07-13_38_27.788,7,6,16,1,-56.193,-69.812,2.933
2012-05-07-13_38_27.789,7,6,16,1,-56.254,-69.813,3.033
2012-05-07-13_38_27.789,7,6,16,1,-56.274,-69.796,2.933
2012-05-07-13_38_27.790,7,7,16,1,-65.190,-69.713,3.633
2012-05-07-13_38_27.790,7,7,16,1,-65.251,-69.713,3.733
2012-05-07-13_38_27.791,7,7,16,1,-65.271,-69.696,3.633
2012-05-07-13_38_27.791,7,0,17,0,2.244,-74.278,4.143
2012-05-07-13_38_27.792,7,0,17,0,2.178,-74.265,4.143
2012-05-07-13_38_27.792,7,0,17,0,2.225,-74.205,4.143
2012-05-07-13_38_27.792,7,1,17,0,-6.748,-74.182,3.443
2012-05-07-13_38_27.793,7,1,17,0,-6.814,-74.168,3.443
2012-05-07-13_38_27.794,7,1,17,0,-6.768,-74.192,3.443
2012-05-07-13_38_27.794,7,2,17,0,-15.692,-74.274,2.943
2012-05-07-13_38_27.795,7,2,17,0,-15.758,-74.261,2.943
2012-05-07-13_38_27.795,7,2,17,0,-15.711,-74.202,2.943
2012-05-07-13_38_27.796,7,3,17,0,-24.712,-74.227,2.743
2012-05-07-13_38_27.796,7,3,17,0,-24.778,-74.214,2.643
2012-05-07-13_38_27.797,7,3,17,0,-24.731,-74.154,2.643
2012-05-07-13_38_27.797,7,4,17,0,-33.721,-74.219,2.543
2012-05-07-13_38_27.798,7,4,17,0,-33.787,-74.206,2.543
2012-05-07-13_38_27.798,7,4,17,0,-33.740,-74.146,2.543
2012-05-07-13_38_27.799,7,5,17,0,-42.782,-74.245,2.843
2012-05-07-13_38_27.799,7,5,17,0,-42.848,-74.232,3.043
2012-05-07-13_38_27.799,7,5,17,0,-42.801,-74.172,3.143
2012-05-07-13_38_27.800,7,6,17,0,-51.751,-74.304,2.943
2012-05-07-13_38_27.800,7,6,17,0,-51.817,-74.290,2.943
2012-05-07-13_38_27.802,7,6,17,0,-51.770,-74.231,2.943
2012-05-07-13_38_27.802,7,7,17,0,-60.748,-74.204,3.743
2012-05-07-13_38_27.803,7,7,17,0,-60.814,-74.191,3.743
2012-05-07-13_38_27.805,7,7,17,0,-60.767,-74.131,3.743
2012-05-07-13_38_27.806,7,0,17,1,-2.199,-74.286,4.153
2012-05-07-13_38_27.806,7,0,17,1,-2.257,-74.286,4.153
2012-05-07-13_38_27.807,7,0,17,1,-2.274,-74.265,4.153
2012-05-07-13_38_27.808,7,1,17,1,-11.191,-74.189,3.453
2012-05-07-13_38_27.809,7,1,17,1,-11.249,-74.189,3.453
2012-05-07-13_38_27.809,7,1,17,1,-11.266,-74.168,3.453
2012-05-07-13_38_27.810,7,2,17,1,-20.193,-74.282,2.953
2012-05-07-13_38_27.810,7,2,17,1,-20.210,-74.261,2.853
2012-05-07-13_38_27.811,7,2,17,1,-20.158,-74.201,2.853
2012-05-07-13_38_27.811,7,3,17,1,-29.154,-74.235,2.853
2012-05-07-13_38_27.812,7,3,17,1,-29.213,-74.235,2.853
2012-05-07-13_38_27.812,7,3,17,1,-29.230,-74.214,2.853
2012-05-07-13_38_27.813,7,4,17,1,-38.164,-74.227,2.553
2012-05-07-13_38_27.813,7,4,17,1,-38.223,-74.227,2.553
2012-05-07-13_38_27.814,7,4,17,1,-38.239,-74.206,2.453
2012-05-07-13_38_27.814,7,5,17,1,-47.225,-74.253,2.853
2012-05-07-13_38_27.814,7,5,17,1,-47.283,-74.253,2.853
2012-05-07-13_38_27.815,7,5,17,1,-47.300,-74.232,2.853
2012-05-07-13_38_27.815,7,6,17,1,-56.194,-74.311,2.953
2012-05-07-13_38_27.816,7,6,17,1,-56.252,-74.311,2.953
2012-05-07-13_38_27.817,7,6,17,1,-56.269,-74.290,2.953
2012-05-07-13_38_27.817,7,7,17,1,-65.190,-74.212,3.753
2012-05-07-13_38_27.817,7,7,17,1,-65.249,-74.212,3.753
2012-05-07-13_38_27.818,7,7,17,1,-65.266,-74.191,3.753
2012-05-07-13_38_27.818,7,0,18,0,2.246,-78.779,4.162
2012-05-07-13_38_27.819,7,0,18,0,2.178,-78.764,4.162
2012-05-07-13_38_27.819,7,0,18,0,2.224,-78.710,4.162
2012-05-07-13_38_27.820,7,1,18,0,-6.746,-78.683,3.462
2012-05-07-13_38_27.820,7,1,18,0,-6.814,-78.668,3.462
2012-05-07-13_38_27.821,7,1,18,0,-6.768,-78.696,3.462
2012-05-07-13_38_27.821,7,2,18,0,-15.690,-78.776,2.862
2012-05-07-13_38_27.822,7,2,18,0,-15.758,-78.760,2.962
2012-05-07-13_38_27.822,7,2,18,0,-15.711,-78.707,2.962
2012-05-07-13_38_27.823,7,3,18,0,-24.710,-78.728,2.862
2012-05-07-13_38_27.823,7,3,18,0,-24.778,-78.713,2.762
2012-05-07-13_38_27.824,7,3,18,0,-24.731,-78.659,2.762
2012-05-07-13_38_27.824,7,4,18,0,-33.719,-78.720,2.662
2012-05-07-13_38_27.825,7,4,18,0,-33.788,-78.705,2.662
2012-05-07-13_38_27.825,7,4,18,0,-33.741,-78.651,2.662
2012-05-07-13_38_27.826,7,5,18,0,-42.780,-78.747,3.162
2012-05-07-13_38_27.827,7,5,18,0,-42.848,-78.731,3.062
2012-05-07-13_38_27.828,7,5,18,0,-42.802,-78.677,2.962
2012-05-07-13_38_27.828,7,6,18,0,-51.749,-78.805,2.962
2012-05-07-13_38_27.829,7,6,18,0,-51.817,-78.789,2.962
2012-05-07-13_38_27.829,7,6,18,0,-51.771,-78.736,2.962
2012-05-07-13_38_27.830,7,7,18,0,-60.746,-78.706,3.762
2012-05-07-13_38_27.830,7,7,18,0,-60.814,-78.690,3.762
2012-05-07-13_38_27.831,7,7,18,0,-60.767,-78.636,3.762
2012-05-07-13_38_27.831,7,0,18,1,-2.197,-78.790,4.072
2012-05-07-13_38_27.832,7,0,18,1,-2.255,-78.790,4.172
2012-05-07-13_38_27.832,7,0,18,1,-2.275,-78.765,4.172
2012-05-07-13_38_27.833,7,1,18,1,-11.189,-78.694,3.472
2012-05-07-13_38_27.833,7,1,18,1,-11.247,-78.694,3.472
2012-05-07-13_38_27.834,7,1,18,1,-11.266,-78.668,3.472
2012-05-07-13_38_27.834,7,2,18,1,-20.191,-78.787,2.972
2012-05-07-13_38_27.835,7,2,18,1,-20.210,-78.761,2.972
2012-05-07-13_38_27.835,7,2,18,1,-20.159,-78.707,2.972
2012-05-07-13_38_27.836,7,3,18,1,-29.152,-78.739,2.872
2012-05-07-13_38_27.837,7,3,18,1,-29.211,-78.739,2.872
2012-05-07-13_38_27.837,7,3,18,1,-29.230,-78.713,2.972
2012-05-07-13_38_27.838,7,4,18,1,-38.162,-78.731,2.472
2012-05-07-13_38_27.839,7,4,18,1,-38.221,-78.731,2.472
2012-05-07-13_38_27.840,7,4,18,1,-38.240,-78.705,2.472
2012-05-07-13_38_27.840,7,5,18,1,-47.223,-78.758,3.172
2012-05-07-13_38_27.841,7,5,18,1,-47.281,-78.757,3.172
2012-05-07-13_38_27.841,7,5,18,1,-47.301,-78.732,3.172
2012-05-07-13_38_27.842,7,6,18,1,-56.192,-78.816,3.072
2012-05-07-13_38_27.842,7,6,18,1,-56.250,-78.816,3.072
2012-05-07-13_38_27.842,7,6,18,1,-56.270,-78.790,2.972
2012-05-07-13_38_27.843,7,7,18,1,-65.189,-78.717,3.772
2012-05-07-13_38_27.843,7,7,18,1,-65.247,-78.716,3.772
2012-05-07-13_38_27.844,7,7,18,1,-65.266,-78.691,3.772
2012-05-07-13_38_27.844,7,0,19,0,2.245,-83.282,4.184
2012-05-07-13_38_27.845,7,0,19,0,2.180,-83.267,4.184
2012-05-07-13_38_27.845,7,0,19,0,2.226,-83.209,4.184
2012-05-07-13_38_27.846,7,1,19,0,-6.746,-83.186,3.484
2012-05-07-13_38_27.846,7,1,19,0,-6.812,-83.171,3.484
2012-05-07-13_38_27.847,7,1,19,0,-6.768,-83.198,3.484
2012-05-07-13_38_27.847,7,2,19,0,-15.690,-83.278,2.984
2012-05-07-13_38_27.848,7,2,19,0,-15.756,-83.264,2.984
2012-05-07-13_38_27.848,7,2,19,0,-15.709,-83.205,2.984
2012-05-07-13_38_27.849,7,3,19,0,-24.710,-83.231,2.984
2012-05-07-13_38_27.849,7,3,19,0,-24.776,-83.216,2.984
2012-05-07-13_38_27.850,7,3,19,0,-24.729,-83.158,2.984
2012-05-07-13_38_27.850,7,4,19,0,-33.720,-83.223,2.484
2012-05-07-13_38_27.851,7,4,19,0,-33.786,-83.208,2.384
2012-05-07-13_38_27.851,7,4,19,0,-33.739,-83.150,2.384
2012-05-07-13_38_27.852,7,5,19,0,-42.781,-83.249,3.184
2012-05-07-13_38_27.852,7,5,19,0,-42.846,-83.234,3.184
2012-05-07-13_38_27.852,7,5,19,0,-42.800,-83.176,3.184
2012-05-07-13_38_27.852,7,6,19,0,-51.750,-83.307,3.084
2012-05-07-13_38_27.853,7,6,19,0,-51.815,-83.293,3.084
2012-05-07-13_38_27.853,7,6,19,0,-51.769,-83.234,3.084
2012-05-07-13_38_27.854,7,7,19,0,-60.746,-83.208,3.684
2012-05-07-13_38_27.854,7,7,19,0,-60.812,-83.193,3.784
2012-05-07-13_38_27.855,7,7,19,0,-60.765,-83.135,3.584
2012-05-07-13_38_27.855,7,0,19,1,-2.197,-83.291,4.197
2012-05-07-13_38_27.857,7,0,19,1,-2.256,-83.291,4.197
2012-05-07-13_38_27.857,7,0,19,1,-2.275,-83.268,4.197
2012-05-07-13_38_27.858,7,1,19,1,-11.189,-83.195,3.497
2012-05-07-13_38_27.858,7,1,19,1,-11.248,-83.195,3.397
2012-05-07-13_38_27.859,7,1,19,1,-11.267,-83.172,3.497
2012-05-07-13_38_27.859,7,2,19,1,-20.191,-83.287,2.997
2012-05-07-13_38_27.860,7,2,19,1,-20.211,-83.265,2.997
2012-05-07-13_38_27.860,7,2,19,1,-20.157,-83.205,2.997
2012-05-07-13_38_27.861,7,3,19,1,-29.153,-83.240,2.897
2012-05-07-13_38_27.861,7,3,19,1,-29.211,-83.240,2.897
2012-05-07-13_38_27.862,7,3,19,1,-29.231,-83.217,2.897
2012-05-07-13_38_27.863,7,4,19,1,-38.162,-83.232,2.797
2012-05-07-13_38_27.863,7,4,19,1,-38.221,-83.232,2.797
2012-05-07-13_38_27.864,7,4,19,1,-38.240,-83.209,2.797
2012-05-07-13_38_27.864,7,5,19,1,-47.223,-83.258,3.097
2012-05-07-13_38_27.864,7,5,19,1,-47.282,-83.258,3.097
2012-05-07-13_38_27.865,7,5,19,1,-47.301,-83.235,3.197
2012-05-07-13_38_27.865,7,6,19,1,-56.192,-83.316,3.197
2012-05-07-13_38_27.866,7,6,19,1,-56.251,-83.316,3.097
2012-05-07-13_38_27.866,7,6,19,1,-56.270,-83.294,3.097
2012-05-07-13_38_27.867,7,7,19,1,-65.189,-83.217,3.797
2012-05-07-13_38_27.867,7,7,19,1,-65.248,-83.217,3.797
2012-05-07-13_38_27.868,7,7,19,1,-65.267,-83.194,3.797
2012-05-07-13_38_27.868,7,0,20,0,2.247,-87.784,4.307
2012-05-07-13_38_27.869,7,0,20,0,2.179,-87.771,4.307
2012-05-07-13_38_27.869,7,0,20,0,2.228,-87.706,4.207
2012-05-07-13_38_27.870,7,1,20,0,-6.744,-87.687,3.407
2012-05-07-13_38_27.871,7,1,20,0,-6.813,-87.675,3.407
2012-05-07-13_38_27.872,7,1,20,0,-6.764,-87.698,3.507
2012-05-07-13_38_27.872,7,2,20,0,-15.688,-87.780,2.907
2012-05-07-13_38_27.873,7,2,20,0,-15.756,-87.768,3.007
2012-05-07-13_38_27.873,7,2,20,0,-15.707,-87.702,3.007
2012-05-07-13_38_27.874,7,3,20,0,-24.708,-87.733,2.907
2012-05-07-13_38_27.874,7,3,20,0,-24.776,-87.720,2.907
2012-05-07-13_38_27.874,7,3,20,0,-24.727,-87.655,2.907
2012-05-07-13_38_27.875,7,4,20,0,-33.718,-87.725,2.807
2012-05-07-13_38_27.875,7,4,20,0,-33.786,-87.712,2.707
2012-05-07-13_38_27.876,7,4,20,0,-33.737,-87.646,2.707
2012-05-07-13_38_27.876,7,5,20,0,-42.779,-87.751,3.207
2012-05-07-13_38_27.877,7,5,20,0,-42.847,-87.739,3.207
2012-05-07-13_38_27.877,7,5,20,0,-42.798,-87.673,3.207
2012-05-07-13_38_27.878,7,6,20,0,-51.748,-87.809,3.007
2012-05-07-13_38_27.878,7,6,20,0,-51.816,-87.797,3.007
2012-05-07-13_38_27.879,7,6,20,0,-51.766,-87.731,3.007
2012-05-07-13_38_27.879,7,7,20,0,-60.744,-87.710,3.807
2012-05-07-13_38_27.880,7,7,20,0,-60.813,-87.698,3.807
2012-05-07-13_38_27.880,7,7,20,0,-60.763,-87.632,3.807
2012-05-07-13_38_27.881,7,0,20,1,-2.198,-87.791,4.216
2012-05-07-13_38_27.881,7,0,20,1,-2.256,-87.791,4.316
2012-05-07-13_38_27.881,7,0,20,1,-2.273,-87.772,4.216
2012-05-07-13_38_27.882,7,1,20,1,-11.189,-87.694,3.516
2012-05-07-13_38_27.883,7,1,20,1,-11.248,-87.694,3.416
2012-05-07-13_38_27.883,7,1,20,1,-11.265,-87.676,3.416
2012-05-07-13_38_27.883,7,2,20,1,-20.192,-87.787,2.916
2012-05-07-13_38_27.884,7,2,20,1,-20.209,-87.769,3.016
2012-05-07-13_38_27.884,7,2,20,1,-20.159,-87.702,3.016
2012-05-07-13_38_27.885,7,3,20,1,-29.153,-87.740,3.016
2012-05-07-13_38_27.885,7,3,20,1,-29.212,-87.740,3.016
2012-05-07-13_38_27.886,7,3,20,1,-29.229,-87.721,3.016
2012-05-07-13_38_27.886,7,4,20,1,-38.163,-87.732,2.816
2012-05-07-13_38_27.887,7,4,20,1,-38.221,-87.732,2.816
2012-05-07-13_38_27.887,7,4,20,1,-38.238,-87.713,2.816
2012-05-07-13_38_27.888,7,5,20,1,-47.224,-87.758,3.016
2012-05-07-13_38_27.888,7,5,20,1,-47.282,-87.758,3.016
2012-05-07-13_38_27.889,7,5,20,1,-47.299,-87.739,3.016
2012-05-07-13_38_27.889,7,6,20,1,-56.193,-87.816,3.116
2012-05-07-13_38_27.889,7,6,20,1,-56.251,-87.816,3.116
2012-05-07-13_38_27.890,7,6,20,1,-56.268,-87.798,3.116
2012-05-07-13_38_27.890,7,7,20,1,-65.189,-87.717,3.816
2012-05-07-13_38_27.891,7,7,20,1,-65.248,-87.717,3.816
2012-05-07-13_38_27.891,7,7,20,1,-65.265,-87.698,3.816
2012-05-07-13_38_27.892,7,0,21,0,2.247,-92.282,4.325
2012-05-07-13_38_27.892,7,0,21,0,2.179,-92.271,4.325
2012-05-07-13_38_27.893,7,0,21,0,2.228,-92.207,4.325
2012-05-07-13_38_27.893,7,1,21,0,-6.745,-92.186,3.525
2012-05-07-13_38_27.894,7,1,21,0,-6.813,-92.175,3.525
2012-05-07-13_38_27.894,7,1,21,0,-6.764,-92.194,3.525
2012-05-07-13_38_27.895,7,2,21,0,-15.689,-92.278,3.025
2012-05-07-13_38_27.895,7,2,21,0,-15.757,-92.267,3.025
2012-05-07-13_38_27.896,7,2,21,0,-15.708,-92.203,3.025
2012-05-07-13_38_27.896,7,3,21,0,-24.709,-92.231,2.925
2012-05-07-13_38_27.897,7,3,21,0,-24.777,-92.220,2.825
2012-05-07-13_38_27.897,7,3,21,0,-24.728,-92.156,2.825
2012-05-07-13_38_27.898,7,4,21,0,-33.718,-92.223,2.725
2012-05-07-13_38_27.898,7,4,21,0,-33.786,-92.212,2.725
2012-05-07-13_38_27.899,7,4,21,0,-33.737,-92.148,2.625
2012-05-07-13_38_27.899,7,5,21,0,-42.779,-92.249,2.925
2012-05-07-13_38_27.900,7,5,21,0,-42.847,-92.238,2.925
2012-05-07-13_38_27.900,7,5,21,0,-42.798,-92.174,3.125
2012-05-07-13_38_27.900,7,6,21,0,-51.748,-92.307,3.025
2012-05-07-13_38_27.902,7,6,21,0,-51.816,-92.296,3.125
2012-05-07-13_38_27.903,7,6,21,0,-51.767,-92.232,3.125
2012-05-07-13_38_27.903,7,7,21,0,-60.745,-92.208,3.725
2012-05-07-13_38_27.904,7,7,21,0,-60.813,-92.197,3.825
2012-05-07-13_38_27.904,7,7,21,0,-60.764,-92.133,3.825
2012-05-07-13_38_27.905,7,0,21,1,-2.198,-92.287,4.335
2012-05-07-13_38_27.905,7,0,21,1,-2.254,-92.287,4.335
2012-05-07-13_38_27.906,7,0,21,1,-2.274,-92.271,4.335
2012-05-07-13_38_27.906,7,1,21,1,-11.190,-92.191,3.535
2012-05-07-13_38_27.907,7,1,21,1,-11.246,-92.191,3.435
2012-05-07-13_38_27.907,7,1,21,1,-11.265,-92.175,3.435
2012-05-07-13_38_27.909,7,2,21,1,-20.190,-92.284,3.035
2012-05-07-13_38_27.909,7,2,21,1,-20.209,-92.268,3.035
2012-05-07-13_38_27.910,7,2,21,1,-20.160,-92.203,3.035
2012-05-07-13_38_27.911,7,3,21,1,-29.154,-92.236,2.935
2012-05-07-13_38_27.912,7,3,21,1,-29.210,-92.236,2.935
2012-05-07-13_38_27.913,7,3,21,1,-29.229,-92.220,2.935
2012-05-07-13_38_27.913,7,4,21,1,-38.163,-92.228,2.635
2012-05-07-13_38_27.914,7,4,21,1,-38.219,-92.228,2.635
2012-05-07-13_38_27.914,7,4,21,1,-38.239,-92.212,2.635
2012-05-07-13_38_27.915,7,5,21,1,-47.224,-92.255,3.035
2012-05-07-13_38_27.916,7,5,21,1,-47.280,-92.255,3.135
2012-05-07-13_38_27.916,7,5,21,1,-47.300,-92.238,3.035
2012-05-07-13_38_27.917,7,6,21,1,-56.193,-92.313,3.135
2012-05-07-13_38_27.917,7,6,21,1,-56.249,-92.313,3.035
2012-05-07-13_38_27.918,7,6,21,1,-56.268,-92.297,3.135
2012-05-07-13_38_27.918,7,7,21,1,-65.190,-92.214,3.835
2012-05-07-13_38_27.919,7,7,21,1,-65.246,-92.214,3.835
2012-05-07-13_38_27.919,7,7,21,1,-65.265,-92.197,3.835
2012-05-07-13_38_27.920,7,0,22,0,2.249,-96.778,4.248
2012-05-07-13_38_27.920,7,0,22,0,2.181,-96.766,4.248
2012-05-07-13_38_27.921,7,0,22,0,2.230,-96.707,4.248
2012-05-07-13_38_27.921,7,1,22,0,-6.743,-96.681,3.548
2012-05-07-13_38_27.922,7,1,22,0,-6.811,-96.669,3.548
2012-05-07-13_38_27.922,7,1,22,0,-6.762,-96.692,3.548
2012-05-07-13_38_27.923,7,2,22,0,-15.687,-96.774,3.048
2012-05-07-13_38_27.923,7,2,22,0,-15.755,-96.762,3.048
2012-05-07-13_38_27.924,7,2,22,0,-15.706,-96.704,3.048
2012-05-07-13_38_27.924,7,3,22,0,-24.707,-96.726,2.948
2012-05-07-13_38_27.925,7,3,22,0,-24.775,-96.715,2.948
2012-05-07-13_38_27.925,7,3,22,0,-24.726,-96.656,2.948
2012-05-07-13_38_27.926,7,4,22,0,-33.716,-96.718,2.848
2012-05-07-13_38_27.926,7,4,22,0,-33.784,-96.706,2.748
2012-05-07-13_38_27.927,7,4,22,0,-33.735,-96.648,2.748
2012-05-07-13_38_27.927,7,5,22,0,-42.777,-96.745,3.048
2012-05-07-13_38_27.928,7,5,22,0,-42.845,-96.733,3.048
2012-05-07-13_38_27.928,7,5,22,0,-42.796,-96.674,3.148
2012-05-07-13_38_27.928,7,6,22,0,-51.746,-96.803,3.248
2012-05-07-13_38_27.929,7,6,22,0,-51.814,-96.791,3.148
2012-05-07-13_38_27.929,7,6,22,0,-51.765,-96.733,3.248
2012-05-07-13_38_27.930,7,7,22,0,-60.743,-96.704,3.848
2012-05-07-13_38_27.930,7,7,22,0,-60.811,-96.692,3.848
2012-05-07-13_38_27.931,7,7,22,0,-60.762,-96.633,3.848
2012-05-07-13_38_27.931,7,0,22,1,-2.198,-96.787,4.258
2012-05-07-13_38_27.932,7,0,22,1,-2.257,-96.787,4.258
2012-05-07-13_38_27.932,7,0,22,1,-2.274,-96.767,4.358
2012-05-07-13_38_27.933,7,1,22,1,-11.190,-96.691,3.558
2012-05-07-13_38_27.933,7,1,22,1,-11.249,-96.691,3.558
2012-05-07-13_38_27.934,7,1,22,1,-11.266,-96.670,3.558
2012-05-07-13_38_27.934,7,2,22,1,-20.193,-96.783,2.958
2012-05-07-13_38_27.935,7,2,22,1,-20.210,-96.763,3.058
2012-05-07-13_38_27.935,7,2,22,1,-20.160,-96.704,3.058
2012-05-07-13_38_27.937,7,3,22,1,-29.154,-96.736,3.058
2012-05-07-13_38_27.937,7,3,22,1,-29.213,-96.736,3.058
2012-05-07-13_38_27.938,7,3,22,1,-29.230,-96.716,3.058
2012-05-07-13_38_27.938,7,4,22,1,-38.164,-96.728,2.958
2012-05-07-13_38_27.939,7,4,22,1,-38.222,-96.728,2.858
2012-05-07-13_38_27.939,7,4,22,1,-38.239,-96.707,2.858
2012-05-07-13_38_27.940,7,5,22,1,-47.224,-96.754,3.058
2012-05-07-13_38_27.940,7,5,22,1,-47.283,-96.754,3.058
2012-05-07-13_38_27.941,7,5,22,1,-47.300,-96.734,3.058
2012-05-07-13_38_27.941,7,6,22,1,-56.193,-96.812,3.158
2012-05-07-13_38_27.942,7,6,22,1,-56.252,-96.812,3.258
2012-05-07-13_38_27.942,7,6,22,1,-56.269,-96.792,3.258
2012-05-07-13_38_27.943,7,7,22,1,-65.190,-96.713,3.858
2012-05-07-13_38_27.943,7,7,22,1,-65.249,-96.713,3.858
2012-05-07-13_38_27.944,7,7,22,1,-65.266,-96.693,3.858
2012-05-07-13_38_27.944,7,0,23,0,2.251,-101.279,4.370
2012-05-07-13_38_27.944,7,0,23,0,2.180,-101.265,4.370
2012-05-07-13_38_27.945,7,0,23,0,2.230,-101.211,4.370
2012-05-07-13_38_27.945,7,1,23,0,-6.741,-101.183,3.570
2012-05-07-13_38_27.945,7,1,23,0,-6.811,-101.169,3.570
2012-05-07-13_38_27.946,7,1,23,0,-6.763,-101.196,3.570
2012-05-07-13_38_27.946,7,2,23,0,-15.685,-101.276,3.070
2012-05-07-13_38_27.947,7,2,23,0,-15.755,-101.262,3.070
2012-05-07-13_38_27.947,7,2,23,0,-15.706,-101.208,3.070
2012-05-07-13_38_27.948,7,3,23,0,-24.705,-101.228,3.070
2012-05-07-13_38_27.948,7,3,23,0,-24.775,-101.214,3.070
2012-05-07-13_38_27.949,7,3,23,0,-24.726,-101.160,3.070
2012-05-07-13_38_27.949,7,4,23,0,-33.714,-101.220,2.870
2012-05-07-13_38_27.950,7,4,23,0,-33.785,-101.206,2.870
2012-05-07-13_38_27.950,7,4,23,0,-33.736,-101.152,2.870
2012-05-07-13_38_27.951,7,5,23,0,-42.775,-101.247,3.070
2012-05-07-13_38_27.951,7,5,23,0,-42.846,-101.232,2.970
2012-05-07-13_38_27.952,7,5,23,0,-42.797,-101.178,2.970
2012-05-07-13_38_27.952,7,6,23,0,-51.744,-101.305,2.970
2012-05-07-13_38_27.952,7,6,23,0,-51.815,-101.291,2.970
2012-05-07-13_38_27.953,7,6,23,0,-51.765,-101.237,2.970
2012-05-07-13_38_27.953,7,7,23,0,-60.741,-101.206,3.770
2012-05-07-13_38_27.954,7,7,23,0,-60.811,-101.192,3.770
2012-05-07-13_38_27.954,7,7,23,0,-60.762,-101.137,3.670
2012-05-07-13_38_27.955,7,0,23,1,-2.184,-101.290,4.270
2012-05-07-13_38_27.955,7,0,23,1,-2.253,-101.290,4.270
2012-05-07-13_38_27.956,7,0,23,1,-2.272,-101.265,4.270
2012-05-07-13_38_27.956,7,1,23,1,-11.176,-101.194,3.570
2012-05-07-13_38_27.957,7,1,23,1,-11.244,-101.194,3.570
2012-05-07-13_38_27.957,7,1,23,1,-11.264,-101.169,3.570
2012-05-07-13_38_27.958,7,2,23,1,-20.188,-101.286,3.070
2012-05-07-13_38_27.958,7,2,23,1,-20.208,-101.262,3.070
2012-05-07-13_38_27.959,7,2,23,1,-20.158,-101.208,3.070
2012-05-07-13_38_27.959,7,3,23,1,-29.140,-101.239,3.070
2012-05-07-13_38_27.960,7,3,23,1,-29.208,-101.239,3.070
2012-05-07-13_38_27.961,7,3,23,1,-29.228,-101.214,3.070
2012-05-07-13_38_27.961,7,4,23,1,-38.149,-101.231,2.770
2012-05-07-13_38_27.962,7,4,23,1,-38.218,-101.231,2.770
2012-05-07-13_38_27.963,7,4,23,1,-38.237,-101.206,2.770
2012-05-07-13_38_27.963,7,5,23,1,-47.210,-101.257,3.070
2012-05-07-13_38_27.964,7,5,23,1,-47.279,-101.257,3.170
2012-05-07-13_38_27.964,7,5,23,1,-47.298,-101.232,3.070
2012-05-07-13_38_27.965,7,6,23,1,-56.179,-101.316,3.170
2012-05-07-13_38_27.965,7,6,23,1,-56.247,-101.315,3.170
2012-05-07-13_38_27.966,7,6,23,1,-56.267,-101.291,3.170
2012-05-07-13_38_27.966,7,7,23,1,-65.176,-101.216,3.870
2012-05-07-13_38_27.967,7,7,23,1,-65.244,-101.216,3.870
2012-05-07-13_38_27.968,7,7,23,1,-65.264,-101.192,3.870
