2012-05-05-22_45_01.402,312,0,0,0,2.259,2.220,3.496
2012-05-05-22_45_01.402,312,1,0,0,-6.747,2.205,2.896
2012-05-05-22_45_01.404,312,2,0,0,-15.738,2.300,2.496
2012-05-05-22_45_01.405,312,3,0,0,-24.792,2.205,2.796
2012-05-05-22_45_01.406,312,4,0,0,-33.779,2.230,1.996
2012-05-05-22_45_01.407,312,5,0,0,-42.794,2.168,2.796
2012-05-05-22_45_01.408,312,6,0,0,-51.793,2.164,2.596
2012-05-05-22_45_01.408,312,7,0,0,-60.715,2.246,3.296
2012-05-05-22_45_01.409,312,0,0,1,-2.186,2.213,3.696
2012-05-05-22_45_01.410,312,1,0,1,-11.201,2.205,3.096
2012-05-05-22_45_01.411,312,2,0,1,-20.183,2.293,2.696
2012-05-05-22_45_01.412,312,3,0,1,-29.237,2.197,2.696
2012-05-05-22_45_01.413,312,4,0,1,-38.224,2.223,2.296
2012-05-05-22_45_01.413,312,5,0,1,-47.239,2.160,2.596
2012-05-05-22_45_01.414,312,6,0,1,-56.238,2.157,2.696
2012-05-05-22_45_01.415,312,7,0,1,-65.160,2.239,3.396
2012-05-05-22_45_01.416,312,0,1,0,2.271,-2.280,3.612
2012-05-05-22_45_01.417,312,1,1,0,-6.745,-2.290,3.112
2012-05-05-22_45_01.417,312,2,1,0,-15.726,-2.200,2.612
2012-05-05-22_45_01.418,312,3,1,0,-24.781,-2.296,2.912
2012-05-05-22_45_01.419,312,4,1,0,-33.768,-2.271,2.112
2012-05-05-22_45_01.419,312,5,1,0,-42.782,-2.333,2.712
2012-05-05-22_45_01.420,312,6,1,0,-51.781,-2.336,2.612
2012-05-05-22_45_01.421,312,7,1,0,-60.703,-2.254,3.212
2012-05-05-22_45_01.422,312,0,1,1,-2.188,-2.289,3.720
2012-05-05-22_45_01.423,312,1,1,1,-11.202,-2.289,3.119
2012-05-05-22_45_01.424,312,2,1,1,-20.186,-2.209,2.620
2012-05-05-22_45_01.424,312,3,1,1,-29.240,-2.304,2.620
2012-05-05-22_45_01.427,312,4,1,1,-38.227,-2.279,2.020
2012-05-05-22_45_01.428,312,5,1,1,-47.242,-2.341,2.620
2012-05-05-22_45_01.429,312,6,1,1,-56.241,-2.345,2.720
2012-05-05-22_45_01.430,312,7,1,1,-65.163,-2.263,3.320
2012-05-05-22_45_01.433,312,0,2,0,2.271,-6.783,3.628
2012-05-05-22_45_01.433,312,1,2,0,-6.743,-6.787,3.228
2012-05-05-22_45_01.434,312,2,2,0,-15.726,-6.703,2.628
2012-05-05-22_45_01.435,312,3,2,0,-24.781,-6.799,2.828
2012-05-05-22_45_01.436,312,4,2,0,-33.768,-6.774,2.228
2012-05-05-22_45_01.437,312,5,2,0,-42.783,-6.836,2.928
2012-05-05-22_45_01.438,312,6,2,0,-51.781,-6.840,2.728
2012-05-05-22_45_01.439,312,7,2,0,-60.703,-6.757,3.528
2012-05-05-22_45_01.440,312,0,2,1,-2.189,-6.791,3.637
2012-05-05-22_45_01.441,312,1,2,1,-11.205,-6.787,3.137
2012-05-05-22_45_01.443,312,2,2,1,-20.186,-6.711,2.637
2012-05-05-22_45_01.444,312,3,2,1,-29.241,-6.807,2.837
2012-05-05-22_45_01.445,312,4,2,1,-38.228,-6.782,2.337
2012-05-05-22_45_01.447,312,5,2,1,-47.242,-6.844,2.737
2012-05-05-22_45_01.448,312,6,2,1,-56.241,-6.848,2.737
2012-05-05-22_45_01.454,312,7,2,1,-65.163,-6.765,3.437
2012-05-05-22_45_01.455,312,0,3,0,2.273,-11.282,3.747
2012-05-05-22_45_01.456,312,1,3,0,-6.743,-11.286,3.247
2012-05-05-22_45_01.457,312,2,3,0,-15.724,-11.202,2.647
2012-05-05-22_45_01.458,312,3,3,0,-24.779,-11.297,2.947
2012-05-05-22_45_01.459,312,4,3,0,-33.766,-11.272,2.347
2012-05-05-22_45_01.460,312,5,3,0,-42.781,-11.335,2.847
2012-05-05-22_45_01.462,312,6,3,0,-51.779,-11.338,2.847
2012-05-05-22_45_01.463,312,7,3,0,-60.701,-11.256,3.247
2012-05-05-22_45_01.466,312,0,3,1,-2.189,-11.288,3.759
2012-05-05-22_45_01.467,312,1,3,1,-11.203,-11.286,3.259
2012-05-05-22_45_01.467,312,2,3,1,-20.186,-11.208,2.659
2012-05-05-22_45_01.469,312,3,3,1,-29.241,-11.303,2.959
2012-05-05-22_45_01.470,312,4,3,1,-38.228,-11.278,2.459
2012-05-05-22_45_01.471,312,5,3,1,-47.243,-11.341,2.659
2012-05-05-22_45_01.472,312,6,3,1,-56.241,-11.344,2.759
2012-05-05-22_45_01.474,312,7,3,1,-65.163,-11.262,3.359
2012-05-05-22_45_01.475,312,0,4,0,2.270,-15.781,3.672
2012-05-05-22_45_01.477,312,1,4,0,-6.739,-15.793,3.272
2012-05-05-22_45_01.480,312,2,4,0,-15.727,-15.701,2.672
2012-05-05-22_45_01.482,312,3,4,0,-24.782,-15.797,2.972
2012-05-05-22_45_01.483,312,4,4,0,-33.769,-15.772,2.072
2012-05-05-22_45_01.485,312,5,4,0,-42.784,-15.834,2.572
2012-05-05-22_45_01.487,312,6,4,0,-51.782,-15.837,2.672
2012-05-05-22_45_01.488,312,7,4,0,-60.704,-15.755,3.472
2012-05-05-22_45_01.491,312,0,4,1,-2.187,-15.789,3.683
2012-05-05-22_45_01.493,312,1,4,1,-11.203,-15.794,3.183
2012-05-05-22_45_01.494,312,2,4,1,-20.184,-15.708,2.683
2012-05-05-22_45_01.496,312,3,4,1,-29.239,-15.804,2.983
2012-05-05-22_45_01.497,312,4,4,1,-38.226,-15.779,2.083
2012-05-05-22_45_01.498,312,5,4,1,-47.241,-15.841,2.583
2012-05-05-22_45_01.499,312,6,4,1,-56.239,-15.845,2.783
2012-05-05-22_45_01.500,312,7,4,1,-65.161,-15.762,3.383
2012-05-05-22_45_01.501,312,0,5,0,2.270,-20.280,3.691
2012-05-05-22_45_01.502,312,1,5,0,-6.739,-20.297,3.191
2012-05-05-22_45_01.503,312,2,5,0,-15.728,-20.200,2.691
2012-05-05-22_45_01.505,312,3,5,0,-24.782,-20.295,2.891
2012-05-05-22_45_01.506,312,4,5,0,-33.769,-20.270,2.191
2012-05-05-22_45_01.508,312,5,5,0,-42.784,-20.332,2.791
2012-05-05-22_45_01.509,312,6,5,0,-51.783,-20.336,2.691
2012-05-05-22_45_01.510,312,7,5,0,-60.705,-20.254,3.291
2012-05-05-22_45_01.511,312,0,5,1,-2.188,-20.288,3.800
2012-05-05-22_45_01.512,312,1,5,1,-11.206,-20.296,3.100
2012-05-05-22_45_01.513,312,2,5,1,-20.185,-20.208,2.700
2012-05-05-22_45_01.514,312,3,5,1,-29.240,-20.303,2.800
2012-05-05-22_45_01.515,312,4,5,1,-38.227,-20.278,2.100
2012-05-05-22_45_01.516,312,5,5,1,-47.241,-20.340,2.600
2012-05-05-22_45_01.517,312,6,5,1,-56.240,-20.344,2.700
2012-05-05-22_45_01.518,312,7,5,1,-65.162,-20.262,3.500
2012-05-05-22_45_01.519,312,0,6,0,2.269,-24.780,3.710
2012-05-05-22_45_01.521,312,1,6,0,-6.739,-24.791,3.210
2012-05-05-22_45_01.521,312,2,6,0,-15.728,-24.700,2.710
2012-05-05-22_45_01.522,312,3,6,0,-24.783,-24.795,2.910
2012-05-05-22_45_01.523,312,4,6,0,-33.770,-24.770,2.010
2012-05-05-22_45_01.524,312,5,6,0,-42.784,-24.832,2.610
2012-05-05-22_45_01.525,312,6,6,0,-51.783,-24.836,2.710
2012-05-05-22_45_01.527,312,7,6,0,-60.705,-24.754,3.610
2012-05-05-22_45_01.528,312,0,6,1,-2.183,-24.789,3.722
2012-05-05-22_45_01.529,312,1,6,1,-11.206,-24.790,3.222
2012-05-05-22_45_01.530,312,2,6,1,-20.180,-24.709,2.722
2012-05-05-22_45_01.535,312,3,6,1,-29.235,-24.804,3.022
2012-05-05-22_45_01.536,312,4,6,1,-38.222,-24.779,2.022
2012-05-05-22_45_01.537,312,5,6,1,-47.237,-24.842,2.722
2012-05-05-22_45_01.538,312,6,6,1,-56.235,-24.845,2.822
2012-05-05-22_45_01.538,312,7,6,1,-65.157,-24.763,3.522
2012-05-05-22_45_01.539,312,0,7,0,2.269,-29.284,3.735
2012-05-05-22_45_01.541,312,1,7,0,-6.740,-29.287,3.235
2012-05-05-22_45_01.542,312,2,7,0,-15.728,-29.204,2.735
2012-05-05-22_45_01.543,312,3,7,0,-24.783,-29.299,2.935
2012-05-05-22_45_01.544,312,4,7,0,-33.770,-29.274,2.435
2012-05-05-22_45_01.545,312,5,7,0,-42.785,-29.336,2.735
2012-05-05-22_45_01.546,312,6,7,0,-51.784,-29.340,2.835
2012-05-05-22_45_01.554,312,7,7,0,-60.705,-29.258,3.435
2012-05-05-22_45_01.555,312,0,7,1,-2.181,-29.291,3.845
2012-05-05-22_45_01.557,312,1,7,1,-11.212,-29.287,3.245
2012-05-05-22_45_01.558,312,2,7,1,-20.178,-29.211,2.745
2012-05-05-22_45_01.559,312,3,7,1,-29.233,-29.306,2.945
2012-05-05-22_45_01.560,312,4,7,1,-38.220,-29.281,2.345
2012-05-05-22_45_01.561,312,5,7,1,-47.235,-29.344,2.845
2012-05-05-22_45_01.562,312,6,7,1,-56.233,-29.347,2.845
2012-05-05-22_45_01.565,312,7,7,1,-65.155,-29.265,3.545
2012-05-05-22_45_01.566,312,0,8,0,2.273,-33.782,3.754
2012-05-05-22_45_01.567,312,1,8,0,-6.743,-33.785,3.254
2012-05-05-22_45_01.567,312,2,8,0,-15.724,-33.702,2.754
2012-05-05-22_45_01.569,312,3,8,0,-24.779,-33.797,2.954
2012-05-05-22_45_01.570,312,4,8,0,-33.766,-33.772,2.354
2012-05-05-22_45_01.570,312,5,8,0,-42.780,-33.834,2.754
2012-05-05-22_45_01.572,312,6,8,0,-51.779,-33.838,2.854
2012-05-05-22_45_01.572,312,7,8,0,-60.701,-33.756,3.454
2012-05-05-22_45_01.573,312,0,8,1,-2.184,-33.788,3.763
2012-05-05-22_45_01.574,312,1,8,1,-11.212,-33.785,3.263
2012-05-05-22_45_01.575,312,2,8,1,-20.181,-33.708,2.763
2012-05-05-22_45_01.576,312,3,8,1,-29.236,-33.803,2.963
2012-05-05-22_45_01.577,312,4,8,1,-38.223,-33.778,2.463
2012-05-05-22_45_01.578,312,5,8,1,-47.238,-33.840,2.763
2012-05-05-22_45_01.579,312,6,8,1,-56.236,-33.844,2.863
2012-05-05-22_45_01.580,312,7,8,1,-65.158,-33.762,3.563
2012-05-05-22_45_01.581,312,0,9,0,2.275,-38.282,3.772
2012-05-05-22_45_01.581,312,1,9,0,-6.746,-38.293,3.272
2012-05-05-22_45_01.583,312,2,9,0,-15.722,-38.202,2.772
2012-05-05-22_45_01.583,312,3,9,0,-24.777,-38.298,3.072
2012-05-05-22_45_01.584,312,4,9,0,-33.764,-38.272,2.272
2012-05-05-22_45_01.585,312,5,9,0,-42.778,-38.335,2.772
2012-05-05-22_45_01.587,312,6,9,0,-51.777,-38.338,2.772
2012-05-05-22_45_01.588,312,7,9,0,-60.699,-38.256,3.372
2012-05-05-22_45_01.589,312,0,9,1,-2.185,-38.288,3.785
2012-05-05-22_45_01.590,312,1,9,1,-11.213,-38.293,3.185
2012-05-05-22_45_01.591,312,2,9,1,-20.182,-38.208,2.785
2012-05-05-22_45_01.592,312,3,9,1,-29.236,-38.303,2.985
2012-05-05-22_45_01.592,312,4,9,1,-38.223,-38.278,2.185
2012-05-05-22_45_01.593,312,5,9,1,-47.238,-38.341,2.785
2012-05-05-22_45_01.594,312,6,9,1,-56.237,-38.344,2.885
2012-05-05-22_45_01.595,312,7,9,1,-65.159,-38.262,3.585
2012-05-05-22_45_01.596,312,0,10,0,2.275,-42.780,3.798
2012-05-05-22_45_01.597,312,1,10,0,-6.748,-42.795,3.298
2012-05-05-22_45_01.598,312,2,10,0,-15.722,-42.699,2.798
2012-05-05-22_45_01.600,312,3,10,0,-24.777,-42.795,2.998
2012-05-05-22_45_01.600,312,4,10,0,-33.764,-42.770,2.198
2012-05-05-22_45_01.601,312,5,10,0,-42.779,-42.832,2.798
2012-05-05-22_45_01.608,312,6,10,0,-51.777,-42.836,2.898
2012-05-05-22_45_01.610,312,7,10,0,-60.699,-42.753,3.498
2012-05-05-22_45_01.611,312,0,10,1,-2.187,-42.788,3.808
2012-05-05-22_45_01.611,312,1,10,1,-11.213,-42.795,3.308
2012-05-05-22_45_01.612,312,2,10,1,-20.184,-42.707,2.708
2012-05-05-22_45_01.613,312,3,10,1,-29.239,-42.803,3.108
2012-05-05-22_45_01.613,312,4,10,1,-38.226,-42.778,2.408
2012-05-05-22_45_01.614,312,5,10,1,-47.241,-42.840,2.908
2012-05-05-22_45_01.615,312,6,10,1,-56.240,-42.844,3.008
2012-05-05-22_45_01.616,312,7,10,1,-65.162,-42.761,3.508
2012-05-05-22_45_01.617,312,0,11,0,2.274,-47.280,3.717
2012-05-05-22_45_01.618,312,1,11,0,-6.749,-47.291,3.417
2012-05-05-22_45_01.618,312,2,11,0,-15.723,-47.200,2.817
2012-05-05-22_45_01.619,312,3,11,0,-24.777,-47.295,3.117
2012-05-05-22_45_01.620,312,4,11,0,-33.765,-47.270,2.317
2012-05-05-22_45_01.621,312,5,11,0,-42.779,-47.332,2.717
2012-05-05-22_45_01.622,312,6,11,0,-51.778,-47.336,3.017
2012-05-05-22_45_01.623,312,7,11,0,-60.700,-47.254,3.417
2012-05-05-22_45_01.624,312,0,11,1,-2.190,-47.289,3.826
2012-05-05-22_45_01.624,312,1,11,1,-11.211,-47.290,3.226
2012-05-05-22_45_01.625,312,2,11,1,-20.187,-47.209,2.726
2012-05-05-22_45_01.626,312,3,11,1,-29.242,-47.305,2.826
2012-05-05-22_45_01.627,312,4,11,1,-38.229,-47.280,2.526
2012-05-05-22_45_01.627,312,5,11,1,-47.244,-47.342,2.826
2012-05-05-22_45_01.628,312,6,11,1,-56.242,-47.346,3.026
2012-05-05-22_45_01.628,312,7,11,1,-65.164,-47.263,3.626
2012-05-05-22_45_01.629,312,0,12,0,2.276,-51.784,3.736
2012-05-05-22_45_01.630,312,1,12,0,-6.752,-51.788,3.336
2012-05-05-22_45_01.630,312,2,12,0,-15.721,-51.704,2.836
2012-05-05-22_45_01.631,312,3,12,0,-24.776,-51.799,3.036
2012-05-05-22_45_01.631,312,4,12,0,-33.763,-51.774,2.136
2012-05-05-22_45_01.632,312,5,12,0,-42.777,-51.837,2.836
2012-05-05-22_45_01.632,312,6,12,0,-51.776,-51.840,2.836
2012-05-05-22_45_01.633,312,7,12,0,-60.698,-51.758,3.436
2012-05-05-22_45_01.634,312,0,12,1,-2.191,-51.792,3.849
2012-05-05-22_45_01.634,312,1,12,1,-11.214,-51.788,3.349
2012-05-05-22_45_01.635,312,2,12,1,-20.188,-51.712,2.849
2012-05-05-22_45_01.635,312,3,12,1,-29.242,-51.808,2.949
2012-05-05-22_45_01.636,312,4,12,1,-38.230,-51.783,2.549
2012-05-05-22_45_01.636,312,5,12,1,-47.244,-51.845,2.849
2012-05-05-22_45_01.637,312,6,12,1,-56.243,-51.848,2.949
2012-05-05-22_45_01.637,312,7,12,1,-65.165,-51.766,3.649
2012-05-05-22_45_01.638,312,0,13,0,2.276,-56.283,3.762
2012-05-05-22_45_01.638,312,1,13,0,-6.755,-56.286,3.362
2012-05-05-22_45_01.639,312,2,13,0,-15.721,-56.203,2.762
2012-05-05-22_45_01.639,312,3,13,0,-24.776,-56.298,3.062
2012-05-05-22_45_01.640,312,4,13,0,-33.763,-56.273,2.362
2012-05-05-22_45_01.640,312,5,13,0,-42.778,-56.335,2.862
2012-05-05-22_45_01.641,312,6,13,0,-51.776,-56.339,2.962
2012-05-05-22_45_01.642,312,7,13,0,-60.698,-56.257,3.462
2012-05-05-22_45_01.642,312,0,13,1,-2.191,-56.288,3.872
2012-05-05-22_45_01.643,312,1,13,1,-11.209,-56.286,3.371
2012-05-05-22_45_01.643,312,2,13,1,-20.188,-56.208,2.772
2012-05-05-22_45_01.644,312,3,13,1,-29.243,-56.303,2.872
2012-05-05-22_45_01.644,312,4,13,1,-38.230,-56.278,2.272
2012-05-05-22_45_01.645,312,5,13,1,-47.245,-56.341,2.972
2012-05-05-22_45_01.645,312,6,13,1,-56.243,-56.344,2.872
2012-05-05-22_45_01.646,312,7,13,1,-65.165,-56.262,3.672
2012-05-05-22_45_01.646,312,0,14,0,2.275,-60.783,3.879
2012-05-05-22_45_01.647,312,1,14,0,-6.753,-60.793,3.379
2012-05-05-22_45_01.647,312,2,14,0,-15.722,-60.702,2.779
2012-05-05-22_45_01.649,312,3,14,0,-24.776,-60.798,3.079
2012-05-05-22_45_01.650,312,4,14,0,-33.763,-60.773,2.479
2012-05-05-22_45_01.651,312,5,14,0,-42.778,-60.835,2.879
2012-05-05-22_45_01.651,312,6,14,0,-51.777,-60.839,2.979
2012-05-05-22_45_01.652,312,7,14,0,-60.699,-60.756,3.679
2012-05-05-22_45_01.652,312,0,14,1,-2.194,-60.788,3.888
2012-05-05-22_45_01.653,312,1,14,1,-11.210,-60.794,3.388
2012-05-05-22_45_01.653,312,2,14,1,-20.191,-60.708,2.888
2012-05-05-22_45_01.654,312,3,14,1,-29.246,-60.804,2.988
2012-05-05-22_45_01.655,312,4,14,1,-38.233,-60.779,2.588
2012-05-05-22_45_01.655,312,5,14,1,-47.247,-60.841,2.888
2012-05-05-22_45_01.656,312,6,14,1,-56.246,-60.844,2.988
2012-05-05-22_45_01.656,312,7,14,1,-65.168,-60.762,3.688
2012-05-05-22_45_01.657,312,0,15,0,2.273,-65.281,3.897
2012-05-05-22_45_01.657,312,1,15,0,-6.753,-65.296,3.397
2012-05-05-22_45_01.658,312,2,15,0,-15.725,-65.200,2.797
2012-05-05-22_45_01.659,312,3,15,0,-24.779,-65.296,3.097
2012-05-05-22_45_01.659,312,4,15,0,-33.766,-65.271,2.497
2012-05-05-22_45_01.660,312,5,15,0,-42.781,-65.333,2.797
2012-05-05-22_45_01.660,312,6,15,0,-51.780,-65.337,2.897
2012-05-05-22_45_01.661,312,7,15,0,-60.702,-65.254,3.497
2012-05-05-22_45_01.662,312,0,15,1,-2.197,-65.288,3.910
2012-05-05-22_45_01.662,312,1,15,1,-11.208,-65.296,3.410
2012-05-05-22_45_01.663,312,2,15,1,-20.194,-65.208,2.910
2012-05-05-22_45_01.663,312,3,15,1,-29.249,-65.303,2.910
2012-05-05-22_45_01.664,312,4,15,1,-38.236,-65.278,2.510
2012-05-05-22_45_01.664,312,5,15,1,-47.250,-65.340,2.910
2012-05-05-22_45_01.665,312,6,15,1,-56.249,-65.344,2.910
2012-05-05-22_45_01.665,312,7,15,1,-65.171,-65.262,3.610
2012-05-05-22_45_01.666,312,0,16,0,2.270,-69.780,3.923
2012-05-05-22_45_01.666,312,1,16,0,-6.751,-69.790,3.423
2012-05-05-22_45_01.667,312,2,16,0,-15.727,-69.700,2.823
2012-05-05-22_45_01.668,312,3,16,0,-24.782,-69.795,3.123
2012-05-05-22_45_01.668,312,4,16,0,-33.769,-69.770,2.323
2012-05-05-22_45_01.669,312,5,16,0,-42.784,-69.832,2.923
2012-05-05-22_45_01.669,312,6,16,0,-51.782,-69.836,2.923
2012-05-05-22_45_01.670,312,7,16,0,-60.704,-69.754,3.623
2012-05-05-22_45_01.670,312,0,16,1,-2.197,-69.789,3.933
2012-05-05-22_45_01.671,312,1,16,1,-11.211,-69.790,3.433
2012-05-05-22_45_01.672,312,2,16,1,-20.194,-69.709,2.833
2012-05-05-22_45_01.672,312,3,16,1,-29.249,-69.804,2.933
2012-05-05-22_45_01.674,312,4,16,1,-38.236,-69.779,2.533
2012-05-05-22_45_01.675,312,5,16,1,-47.251,-69.841,2.733
2012-05-05-22_45_01.676,312,6,16,1,-56.249,-69.845,2.933
2012-05-05-22_45_01.676,312,7,16,1,-65.171,-69.763,3.633
2012-05-05-22_45_01.677,312,0,17,0,2.267,-74.284,3.942
2012-05-05-22_45_01.677,312,1,17,0,-6.747,-74.287,3.442
2012-05-05-22_45_01.678,312,2,17,0,-15.730,-74.204,2.842
2012-05-05-22_45_01.678,312,3,17,0,-24.785,-74.299,3.142
2012-05-05-22_45_01.679,312,4,17,0,-33.772,-74.274,2.342
2012-05-05-22_45_01.679,312,5,17,0,-42.787,-74.337,2.942
2012-05-05-22_45_01.680,312,6,17,0,-51.785,-74.340,2.942
2012-05-05-22_45_01.681,312,7,17,0,-60.707,-74.258,3.542
2012-05-05-22_45_01.681,312,0,17,1,-2.193,-74.291,3.952
2012-05-05-22_45_01.682,312,1,17,1,-11.209,-74.287,8.651
2012-05-05-22_45_01.683,312,2,17,1,-20.190,-74.211,2.852
2012-05-05-22_45_01.683,312,3,17,1,-29.245,-74.306,2.952
2012-05-05-22_45_01.684,312,4,17,1,-38.232,-74.281,2.352
2012-05-05-22_45_01.684,312,5,17,1,-47.246,-74.344,2.852
2012-05-05-22_45_01.685,312,6,17,1,-56.245,-74.347,2.952
2012-05-05-22_45_01.685,312,7,17,1,-65.167,-74.265,3.652
2012-05-05-22_45_01.686,312,0,18,0,2.264,-78.782,3.862
2012-05-05-22_45_01.687,312,1,18,0,-6.747,-78.785,3.462
2012-05-05-22_45_01.688,312,2,18,0,-15.733,-78.702,2.862
2012-05-05-22_45_01.689,312,3,18,0,-24.788,-78.797,3.162
2012-05-05-22_45_01.689,312,4,18,0,-33.775,-78.772,2.462
2012-05-05-22_45_01.690,312,5,18,0,-42.789,-78.834,2.862
2012-05-05-22_45_01.690,312,6,18,0,-51.788,-78.838,2.962
2012-05-05-22_45_01.691,312,7,18,0,-60.710,-78.756,3.762
2012-05-05-22_45_01.691,312,0,18,1,-2.193,-78.788,3.875
2012-05-05-22_45_01.692,312,1,18,1,-11.214,-78.785,3.475
2012-05-05-22_45_01.693,312,2,18,1,-20.190,-78.708,2.875
2012-05-05-22_45_01.694,312,3,18,1,-29.245,-78.803,3.175
2012-05-05-22_45_01.694,312,4,18,1,-38.232,-78.778,2.275
2012-05-05-22_45_01.695,312,5,18,1,-47.247,-78.841,2.875
2012-05-05-22_45_01.695,312,6,18,1,-56.245,-78.844,2.975
2012-05-05-22_45_01.696,312,7,18,1,-65.167,-78.762,3.775
2012-05-05-22_45_01.696,312,0,19,0,2.264,-83.282,3.887
2012-05-05-22_45_01.697,312,1,19,0,-6.747,-83.292,3.487
2012-05-05-22_45_01.698,312,2,19,0,-15.734,-83.202,2.887
2012-05-05-22_45_01.698,312,3,19,0,-24.788,-83.298,3.187
2012-05-05-22_45_01.699,312,4,19,0,-33.775,-83.272,2.287
2012-05-05-22_45_01.699,312,5,19,0,-42.790,-83.335,2.887
2012-05-05-22_45_01.700,312,6,19,0,-51.789,-83.338,2.987
2012-05-05-22_45_01.700,312,7,19,0,-60.711,-83.256,3.587
2012-05-05-22_45_01.701,312,0,19,1,-2.194,-83.288,3.997
2012-05-05-22_45_01.702,312,1,19,1,-11.214,-83.293,3.397
2012-05-05-22_45_01.702,312,2,19,1,-20.191,-83.208,2.997
2012-05-05-22_45_01.703,312,3,19,1,-29.245,-83.303,2.997
2012-05-05-22_45_01.703,312,4,19,1,-38.233,-83.278,2.597
2012-05-05-22_45_01.704,312,5,19,1,-47.247,-83.341,2.997
2012-05-05-22_45_01.704,312,6,19,1,-56.246,-83.344,2.997
2012-05-05-22_45_01.705,312,7,19,1,-65.168,-83.262,3.797
2012-05-05-22_45_01.705,312,0,20,0,2.266,-87.780,4.005
2012-05-05-22_45_01.706,312,1,20,0,-6.748,-87.796,3.405
2012-05-05-22_45_01.706,312,2,20,0,-15.732,-87.700,2.905
2012-05-05-22_45_01.707,312,3,20,0,-24.786,-87.795,3.205
2012-05-05-22_45_01.708,312,4,20,0,-33.773,-87.770,2.605
2012-05-05-22_45_01.708,312,5,20,0,-42.788,-87.832,3.005
2012-05-05-22_45_01.709,312,6,20,0,-51.787,-87.836,3.005
2012-05-05-22_45_01.709,312,7,20,0,-60.709,-87.754,3.805
2012-05-05-22_45_01.710,312,0,20,1,-2.192,-87.788,4.014
2012-05-05-22_45_01.710,312,1,20,1,-11.212,-87.796,3.514
2012-05-05-22_45_01.711,312,2,20,1,-20.189,-87.708,2.914
2012-05-05-22_45_01.711,312,3,20,1,-29.243,-87.803,3.214
2012-05-05-22_45_01.712,312,4,20,1,-38.230,-87.778,2.614
2012-05-05-22_45_01.713,312,5,20,1,-47.245,-87.841,2.914
2012-05-05-22_45_01.713,312,6,20,1,-56.244,-87.844,3.014
2012-05-05-22_45_01.714,312,7,20,1,-65.166,-87.762,3.814
2012-05-05-22_45_01.714,312,0,21,0,2.268,-92.279,4.024
2012-05-05-22_45_01.715,312,1,21,0,-6.751,-92.290,3.524
2012-05-05-22_45_01.715,312,2,21,0,-15.729,-92.199,3.024
2012-05-05-22_45_01.716,312,3,21,0,-24.784,-92.295,3.224
2012-05-05-22_45_01.716,312,4,21,0,-33.771,-92.270,2.624
2012-05-05-22_45_01.717,312,5,21,0,-42.786,-92.332,3.024
2012-05-05-22_45_01.717,312,6,21,0,-51.785,-92.336,3.024
2012-05-05-22_45_01.718,312,7,21,0,-60.706,-92.253,3.624
2012-05-05-22_45_01.718,312,0,21,1,-2.192,-92.290,4.037
2012-05-05-22_45_01.719,312,1,21,1,-11.213,-92.290,3.437
2012-05-05-22_45_01.720,312,2,21,1,-20.189,-92.210,2.937
2012-05-05-22_45_01.720,312,3,21,1,-29.244,-92.305,2.937
2012-05-05-22_45_01.721,312,4,21,1,-38.231,-92.280,2.437
2012-05-05-22_45_01.724,312,5,21,1,-47.246,-92.342,3.037
2012-05-05-22_45_01.724,312,6,21,1,-56.244,-92.346,3.037
2012-05-05-22_45_01.725,312,7,21,1,-65.166,-92.264,3.737
2012-05-05-22_45_01.726,312,0,22,0,2.270,-96.784,4.050
2012-05-05-22_45_01.727,312,1,22,0,-6.751,-96.788,3.550
2012-05-05-22_45_01.728,312,2,22,0,-15.728,-96.704,3.050
2012-05-05-22_45_01.728,312,3,22,0,-24.782,-96.799,3.250
2012-05-05-22_45_01.729,312,4,22,0,-33.769,-96.774,2.650
2012-05-05-22_45_01.730,312,5,22,0,-42.784,-96.836,2.950
2012-05-05-22_45_01.731,312,6,22,0,-51.783,-96.840,3.050
2012-05-05-22_45_01.731,312,7,22,0,-60.705,-96.758,3.750
2012-05-05-22_45_01.732,312,0,22,1,-2.195,-96.792,4.058
2012-05-05-22_45_01.732,312,1,22,1,-11.213,-96.789,3.558
2012-05-05-22_45_01.733,312,2,22,1,-20.192,-96.712,2.958
2012-05-05-22_45_01.733,312,3,22,1,-29.247,-96.808,3.058
2012-05-05-22_45_01.734,312,4,22,1,-38.234,-96.783,2.658
2012-05-05-22_45_01.735,312,5,22,1,-47.248,-96.845,3.058
2012-05-05-22_45_01.735,312,6,22,1,-56.247,-96.848,3.158
2012-05-05-22_45_01.736,312,7,22,1,-65.169,-96.766,3.858
2012-05-05-22_45_01.736,312,0,23,0,2.269,-101.282,4.068
2012-05-05-22_45_01.738,312,1,23,0,-6.754,-101.286,3.568
2012-05-05-22_45_01.739,312,2,23,0,-15.728,-101.202,2.968
2012-05-05-22_45_01.740,312,3,23,0,-24.783,-101.297,3.268
2012-05-05-22_45_01.740,312,4,23,0,-33.770,-101.272,2.668
2012-05-05-22_45_01.741,312,5,23,0,-42.784,-101.334,2.968
2012-05-05-22_45_01.742,312,6,23,0,-51.783,-101.338,2.868
2012-05-05-22_45_01.742,312,7,23,0,-60.705,-101.256,3.668
2012-05-05-22_45_01.743,312,0,23,1,-2.193,-101.280,4.068
2012-05-05-22_45_01.744,312,1,23,1,-11.214,-101.286,3.568
2012-05-05-22_45_01.744,312,2,23,1,-20.190,-101.200,2.968
2012-05-05-22_45_01.745,312,3,23,1,-29.245,-101.296,3.068
2012-05-05-22_45_01.746,312,4,23,1,-38.232,-101.271,2.568
2012-05-05-22_45_01.746,312,5,23,1,-47.246,-101.333,3.068
2012-05-05-22_45_01.747,312,6,23,1,-56.245,-101.336,3.068
2012-05-05-22_45_01.747,312,7,23,1,-65.167,-101.254,3.768
