2012-05-05-04_47_34.948,227,0,0,0,2.253,2.217,1.565
2012-05-05-04_47_34.950,227,0,0,0,2.293,2.304,1.664
2012-05-05-04_47_34.982,227,0,0,0,2.193,2.246,1.564
2012-05-05-04_47_34.983,227,1,0,0,-6.757,2.207,2.065
2012-05-05-04_47_34.984,227,1,0,0,-6.833,2.233,2.064
2012-05-05-04_47_34.985,227,1,0,0,-6.771,2.285,2.064
2012-05-05-04_47_34.985,227,2,0,0,-15.712,2.287,1.665
2012-05-05-04_47_34.986,227,2,0,0,-15.772,2.316,1.764
2012-05-05-04_47_34.987,227,2,0,0,-15.713,2.360,1.764
2012-05-05-04_47_34.987,227,3,0,0,-24.734,2.204,2.665
2012-05-05-04_47_34.988,227,3,0,0,-24.694,2.292,2.564
2012-05-05-04_47_34.989,227,3,0,0,-24.794,2.234,2.564
2012-05-05-04_47_34.990,227,4,0,0,-33.730,2.203,1.665
2012-05-05-04_47_34.990,227,4,0,0,-33.690,2.290,1.664
2012-05-05-04_47_34.991,227,4,0,0,-33.791,2.232,1.664
2012-05-05-04_47_34.992,227,5,0,0,-42.734,2.204,1.964
2012-05-05-04_47_34.992,227,5,0,0,-42.686,2.165,1.964
2012-05-05-04_47_34.993,227,5,0,0,-42.776,2.190,1.964
2012-05-05-04_47_34.994,227,6,0,0,-51.776,2.142,1.465
2012-05-05-04_47_34.994,227,6,0,0,-51.736,2.229,1.364
2012-05-05-04_47_34.995,227,6,0,0,-51.836,2.171,1.364
2012-05-05-04_47_34.995,227,7,0,0,-60.670,2.206,3.265
2012-05-05-04_47_34.996,227,7,0,0,-60.731,2.235,4.264
2012-05-05-04_47_34.996,227,7,0,0,-60.672,2.279,3.164
2012-05-05-04_47_34.997,227,0,0,1,-2.192,2.209,2.165
2012-05-05-04_47_34.997,227,0,0,1,-2.164,2.304,2.265
2012-05-05-04_47_34.998,227,0,0,1,-2.257,2.232,2.165
2012-05-05-04_47_35.005,227,1,0,1,-11.207,2.206,2.365
2012-05-05-04_47_35.006,227,1,0,1,-11.339,2.273,2.365
2012-05-05-04_47_35.008,227,1,0,1,-11.226,2.286,2.365
2012-05-05-04_47_35.008,227,2,0,1,-20.157,2.279,1.765
2012-05-05-04_47_35.009,227,2,0,1,-20.222,2.302,1.765
2012-05-05-04_47_35.010,227,2,0,1,-20.230,2.302,1.765
2012-05-05-04_47_35.010,227,3,0,1,-29.179,2.197,2.865
2012-05-05-04_47_35.011,227,3,0,1,-29.151,2.292,2.865
2012-05-05-04_47_35.011,227,3,0,1,-29.244,2.220,2.865
2012-05-05-04_47_35.012,227,4,0,1,-38.175,2.195,2.465
2012-05-05-04_47_35.013,227,4,0,1,-38.148,2.290,2.465
2012-05-05-04_47_35.013,227,4,0,1,-38.241,2.218,2.465
2012-05-05-04_47_35.014,227,5,0,1,-47.191,2.205,1.065
2012-05-05-04_47_35.014,227,5,0,1,-47.274,2.226,1.065
2012-05-05-04_47_35.015,227,5,0,1,-47.245,2.203,1.065
2012-05-05-04_47_35.015,227,6,0,1,-56.221,2.134,2.165
2012-05-05-04_47_35.015,227,6,0,1,-56.193,2.230,2.165
2012-05-05-04_47_35.016,227,6,0,1,-56.286,2.157,2.065
2012-05-05-04_47_35.016,227,7,0,1,-65.181,2.221,1.665
2012-05-05-04_47_35.017,227,7,0,1,-65.188,2.221,1.665
2012-05-05-04_47_35.017,227,7,0,1,-65.171,2.315,1.665
2012-05-05-04_47_35.018,227,0,1,0,2.270,-2.283,1.778
2012-05-05-04_47_35.018,227,0,1,0,2.295,-2.190,1.778
2012-05-05-04_47_35.019,227,0,1,0,2.195,-2.258,1.778
2012-05-05-04_47_35.019,227,1,1,0,-6.750,-2.295,1.478
2012-05-05-04_47_35.020,227,1,1,0,-6.831,-2.268,1.378
2012-05-05-04_47_35.020,227,1,1,0,-6.769,-2.209,1.478
2012-05-05-04_47_35.021,227,2,1,0,-15.695,-2.213,1.078
2012-05-05-04_47_35.021,227,2,1,0,-15.770,-2.188,0.978
2012-05-05-04_47_35.022,227,2,1,0,-15.746,-2.198,0.978
2012-05-05-04_47_35.022,227,3,1,0,-24.717,-2.295,1.178
2012-05-05-04_47_35.023,227,3,1,0,-24.692,-2.202,1.178
2012-05-05-04_47_35.023,227,3,1,0,-24.792,-2.270,1.178
2012-05-05-04_47_35.024,227,4,1,0,-33.713,-2.297,0.478
2012-05-05-04_47_35.024,227,4,1,0,-33.688,-2.204,0.478
2012-05-05-04_47_35.025,227,4,1,0,-33.789,-2.272,0.478
2012-05-05-04_47_35.025,227,5,1,0,-42.732,-2.290,1.178
2012-05-05-04_47_35.026,227,5,1,0,-42.684,-2.336,1.178
2012-05-05-04_47_35.026,227,5,1,0,-42.776,-2.304,1.178
2012-05-05-04_47_35.027,227,6,1,0,-51.759,-2.357,0.778
2012-05-05-04_47_35.027,227,6,1,0,-51.734,-2.264,0.778
2012-05-05-04_47_35.028,227,6,1,0,-51.834,-2.333,0.778
2012-05-05-04_47_35.028,227,7,1,0,-60.654,-2.293,1.678
2012-05-05-04_47_35.029,227,7,1,0,-60.729,-2.269,1.678
2012-05-05-04_47_35.029,227,7,1,0,-60.673,-2.215,1.778
2012-05-05-04_47_35.029,227,0,1,1,-2.190,-2.289,1.688
2012-05-05-04_47_35.030,227,0,1,1,-2.164,-2.189,1.688
2012-05-05-04_47_35.030,227,0,1,1,-2.260,-2.271,1.688
2012-05-05-04_47_35.031,227,1,1,1,-11.203,-2.295,1.088
2012-05-05-04_47_35.031,227,1,1,1,-11.339,-2.221,1.188
2012-05-05-04_47_35.032,227,1,1,1,-11.227,-2.209,1.088
2012-05-05-04_47_35.032,227,2,1,1,-20.154,-2.219,0.688
2012-05-05-04_47_35.033,227,2,1,1,-20.225,-2.201,0.688
2012-05-05-04_47_35.033,227,2,1,1,-20.232,-2.200,0.688
2012-05-05-04_47_35.034,227,3,1,1,-29.177,-2.301,0.988
2012-05-05-04_47_35.034,227,3,1,1,-29.151,-2.201,0.888
2012-05-05-04_47_35.035,227,3,1,1,-29.247,-2.283,0.988
2012-05-05-04_47_35.035,227,4,1,1,-38.173,-2.303,0.688
2012-05-05-04_47_35.036,227,4,1,1,-38.148,-2.203,0.688
2012-05-05-04_47_35.036,227,4,1,1,-38.244,-2.285,0.688
2012-05-05-04_47_35.037,227,5,1,1,-47.192,-2.289,0.988
2012-05-05-04_47_35.037,227,5,1,1,-47.277,-2.270,0.988
2012-05-05-04_47_35.038,227,5,1,1,-47.248,-2.292,0.988
2012-05-05-04_47_35.047,227,6,1,1,-56.219,-2.363,0.988
2012-05-05-04_47_35.047,227,6,1,1,-56.193,-2.264,0.988
2012-05-05-04_47_35.048,227,6,1,1,-56.289,-2.346,0.988
2012-05-05-04_47_35.049,227,7,1,1,-65.184,-2.282,1.688
2012-05-05-04_47_35.049,227,7,1,1,-65.191,-2.281,1.688
2012-05-05-04_47_35.050,227,7,1,1,-65.173,-2.180,1.788
2012-05-05-04_47_35.050,227,0,2,0,2.260,-6.780,1.802
2012-05-05-04_47_35.051,227,0,2,0,2.297,-6.689,1.802
2012-05-05-04_47_35.052,227,0,2,0,2.199,-6.759,1.802
2012-05-05-04_47_35.052,227,1,2,0,-6.748,-6.793,1.602
2012-05-05-04_47_35.053,227,1,2,0,-6.829,-6.773,1.602
2012-05-05-04_47_35.053,227,1,2,0,-6.770,-6.706,1.602
2012-05-05-04_47_35.054,227,2,2,0,-15.705,-6.710,0.902
2012-05-05-04_47_35.054,227,2,2,0,-15.766,-6.689,0.902
2012-05-05-04_47_35.055,227,2,2,0,-15.712,-6.638,0.902
2012-05-05-04_47_35.055,227,3,2,0,-24.727,-6.792,1.302
2012-05-05-04_47_35.056,227,3,2,0,-24.690,-6.701,1.402
2012-05-05-04_47_35.056,227,3,2,0,-24.788,-6.771,1.402
2012-05-05-04_47_35.057,227,4,2,0,-33.724,-6.794,0.702
2012-05-05-04_47_35.057,227,4,2,0,-33.686,-6.703,0.702
2012-05-05-04_47_35.058,227,4,2,0,-33.784,-6.773,0.702
2012-05-05-04_47_35.058,227,5,2,0,-42.730,-6.789,1.002
2012-05-05-04_47_35.059,227,5,2,0,-42.682,-6.841,0.902
2012-05-05-04_47_35.059,227,5,2,0,-42.774,-6.808,0.902
2012-05-05-04_47_35.060,227,6,2,0,-51.769,-6.855,1.002
2012-05-05-04_47_35.060,227,6,2,0,-51.732,-6.764,1.102
2012-05-05-04_47_35.061,227,6,2,0,-51.830,-6.834,1.002
2012-05-05-04_47_35.061,227,7,2,0,-60.664,-6.791,1.702
2012-05-05-04_47_35.061,227,7,2,0,-60.725,-6.770,1.702
2012-05-05-04_47_35.062,227,7,2,0,-60.671,-6.719,1.602
2012-05-05-04_47_35.062,227,0,2,1,-2.192,-6.785,1.710
2012-05-05-04_47_35.063,227,0,2,1,-2.165,-6.689,1.710
2012-05-05-04_47_35.063,227,0,2,1,-2.263,-6.769,1.710
2012-05-05-04_47_35.064,227,1,2,1,-11.203,-6.793,1.610
2012-05-05-04_47_35.064,227,1,2,1,-11.339,-6.721,1.610
2012-05-05-04_47_35.065,227,1,2,1,-11.227,-6.706,1.610
2012-05-05-04_47_35.065,227,2,2,1,-20.157,-6.715,1.010
2012-05-05-04_47_35.066,227,2,2,1,-20.228,-6.699,1.010
2012-05-05-04_47_35.066,227,2,2,1,-20.235,-6.697,0.910
2012-05-05-04_47_35.066,227,3,2,1,-29.179,-6.798,1.110
2012-05-05-04_47_35.068,227,3,2,1,-29.152,-6.701,1.110
2012-05-05-04_47_35.069,227,3,2,1,-29.250,-6.781,1.110
2012-05-05-04_47_35.069,227,4,2,1,-38.176,-6.799,0.810
2012-05-05-04_47_35.070,227,4,2,1,-38.148,-6.703,0.710
2012-05-05-04_47_35.070,227,4,2,1,-38.247,-6.783,0.710
2012-05-05-04_47_35.071,227,5,2,1,-47.192,-6.789,1.010
2012-05-05-04_47_35.071,227,5,2,1,-47.275,-6.767,1.010
2012-05-05-04_47_35.072,227,5,2,1,-47.248,-6.792,1.010
2012-05-05-04_47_35.072,227,6,2,1,-56.221,-6.860,1.110
2012-05-05-04_47_35.073,227,6,2,1,-56.194,-6.764,1.010
2012-05-05-04_47_35.073,227,6,2,1,-56.292,-6.843,1.110
2012-05-05-04_47_35.074,227,7,2,1,-65.187,-6.779,1.610
2012-05-05-04_47_35.074,227,7,2,1,-65.194,-6.778,1.610
2012-05-05-04_47_35.075,227,7,2,1,-65.171,-6.678,1.810
2012-05-05-04_47_35.075,227,0,3,0,2.269,-11.278,1.920
2012-05-05-04_47_35.076,227,0,3,0,2.294,-11.191,1.920
2012-05-05-04_47_35.076,227,0,3,0,2.194,-11.254,1.920
2012-05-05-04_47_35.076,227,1,3,0,-6.746,-11.290,1.720
2012-05-05-04_47_35.077,227,1,3,0,-6.829,-11.270,1.720
2012-05-05-04_47_35.077,227,1,3,0,-6.768,-11.206,1.720
2012-05-05-04_47_35.078,227,2,3,0,-15.696,-11.208,1.020
2012-05-05-04_47_35.078,227,2,3,0,-15.771,-11.184,1.020
2012-05-05-04_47_35.079,227,2,3,0,-15.715,-11.140,1.020
2012-05-05-04_47_35.080,227,3,3,0,-24.718,-11.290,1.420
2012-05-05-04_47_35.081,227,3,3,0,-24.693,-11.203,1.520
2012-05-05-04_47_35.081,227,3,3,0,-24.793,-11.267,1.520
2012-05-05-04_47_35.082,227,4,3,0,-33.714,-11.292,0.720
2012-05-05-04_47_35.082,227,4,3,0,-33.689,-11.205,0.720
2012-05-05-04_47_35.083,227,4,3,0,-33.790,-11.268,0.720
2012-05-05-04_47_35.083,227,5,3,0,-42.733,-11.291,1.020
2012-05-05-04_47_35.083,227,5,3,0,-42.682,-11.338,1.020
2012-05-05-04_47_35.084,227,5,3,0,-42.777,-11.310,1.020
2012-05-05-04_47_35.084,227,6,3,0,-51.760,-11.353,1.020
2012-05-05-04_47_35.085,227,6,3,0,-51.735,-11.266,1.020
2012-05-05-04_47_35.085,227,6,3,0,-51.835,-11.329,1.020
2012-05-05-04_47_35.086,227,7,3,0,-60.654,-11.289,1.820
2012-05-05-04_47_35.086,227,7,3,0,-60.730,-11.265,1.820
2012-05-05-04_47_35.087,227,7,3,0,-60.673,-11.221,1.720
2012-05-05-04_47_35.087,227,0,3,1,-2.188,-11.288,1.928
2012-05-05-04_47_35.088,227,0,3,1,-2.163,-11.190,1.927
2012-05-05-04_47_35.088,227,0,3,1,-2.263,-11.265,1.927
2012-05-05-04_47_35.088,227,1,3,1,-11.206,-11.289,1.728
2012-05-05-04_47_35.089,227,1,3,1,-11.337,-11.222,1.727
2012-05-05-04_47_35.089,227,1,3,1,-11.225,-11.205,1.727
2012-05-05-04_47_35.090,227,2,3,1,-20.153,-11.218,1.028
2012-05-05-04_47_35.090,227,2,3,1,-20.228,-11.195,1.027
2012-05-05-04_47_35.091,227,2,3,1,-20.236,-11.194,1.127
2012-05-05-04_47_35.091,227,3,3,1,-29.175,-11.300,1.228
2012-05-05-04_47_35.092,227,3,3,1,-29.150,-11.203,1.227
2012-05-05-04_47_35.092,227,3,3,1,-29.250,-11.277,1.227
2012-05-05-04_47_35.093,227,4,3,1,-38.171,-11.302,0.828
2012-05-05-04_47_35.093,227,4,3,1,-38.146,-11.204,0.727
2012-05-05-04_47_35.094,227,4,3,1,-38.247,-11.279,0.827
2012-05-05-04_47_35.094,227,5,3,1,-47.190,-11.290,1.027
2012-05-05-04_47_35.095,227,5,3,1,-47.278,-11.266,1.027
2012-05-05-04_47_35.095,227,5,3,1,-47.249,-11.291,1.027
2012-05-05-04_47_35.096,227,6,3,1,-56.217,-11.363,1.128
2012-05-05-04_47_35.096,227,6,3,1,-56.192,-11.265,1.127
2012-05-05-04_47_35.097,227,6,3,1,-56.292,-11.339,1.127
2012-05-05-04_47_35.097,227,7,3,1,-65.187,-11.276,1.727
2012-05-05-04_47_35.098,227,7,3,1,-65.194,-11.275,1.827
2012-05-05-04_47_35.098,227,7,3,1,-65.174,-11.177,1.827
2012-05-05-04_47_35.099,227,0,4,0,2.266,-15.781,1.939
2012-05-05-04_47_35.099,227,0,4,0,2.294,-15.697,1.939
2012-05-05-04_47_35.100,227,0,4,0,2.193,-15.753,2.039
2012-05-05-04_47_35.100,227,1,4,0,-6.742,-15.791,1.739
2012-05-05-04_47_35.101,227,1,4,0,-6.827,-15.769,1.739
2012-05-05-04_47_35.101,227,1,4,0,-6.766,-15.712,1.739
2012-05-05-04_47_35.102,227,2,4,0,-15.699,-15.711,1.039
2012-05-05-04_47_35.102,227,2,4,0,-15.772,-15.683,1.039
2012-05-05-04_47_35.102,227,2,4,0,-15.718,-15.642,1.139
2012-05-05-04_47_35.103,227,3,4,0,-24.721,-15.794,1.539
2012-05-05-04_47_35.103,227,3,4,0,-24.693,-15.709,1.539
2012-05-05-04_47_35.104,227,3,4,0,-24.794,-15.765,1.539
2012-05-05-04_47_35.104,227,4,4,0,-33.717,-15.795,0.739
2012-05-05-04_47_35.105,227,4,4,0,-33.690,-15.711,0.739
2012-05-05-04_47_35.105,227,4,4,0,-33.790,-15.767,0.739
2012-05-05-04_47_35.106,227,5,4,0,-42.733,-15.796,1.039
2012-05-05-04_47_35.106,227,5,4,0,-42.680,-15.837,1.039
2012-05-05-04_47_35.107,227,5,4,0,-42.780,-15.812,1.039
2012-05-05-04_47_35.107,227,6,4,0,-51.763,-15.856,1.039
2012-05-05-04_47_35.108,227,6,4,0,-51.735,-15.771,1.039
2012-05-05-04_47_35.108,227,6,4,0,-51.836,-15.827,1.039
2012-05-05-04_47_35.109,227,7,4,0,-60.657,-15.792,1.839
2012-05-05-04_47_35.109,227,7,4,0,-60.730,-15.764,1.839
2012-05-05-04_47_35.110,227,7,4,0,-60.676,-15.723,1.839
2012-05-05-04_47_35.111,227,0,4,1,-2.186,-15.793,1.951
2012-05-05-04_47_35.112,227,0,4,1,-2.158,-15.697,1.950
2012-05-05-04_47_35.112,227,0,4,1,-2.266,-15.766,1.950
2012-05-05-04_47_35.112,227,1,4,1,-11.206,-15.791,1.751
2012-05-05-04_47_35.113,227,1,4,1,-11.333,-15.728,1.750
2012-05-05-04_47_35.114,227,1,4,1,-11.228,-15.711,1.750
2012-05-05-04_47_35.114,227,2,4,1,-20.151,-15.723,1.051
2012-05-05-04_47_35.115,227,2,4,1,-20.231,-15.695,1.150
2012-05-05-04_47_35.115,227,2,4,1,-20.236,-15.695,1.050
2012-05-05-04_47_35.116,227,3,4,1,-29.173,-15.805,1.251
2012-05-05-04_47_35.116,227,3,4,1,-29.145,-15.709,1.250
2012-05-05-04_47_35.117,227,3,4,1,-29.253,-15.778,1.250
2012-05-05-04_47_35.117,227,4,4,1,-38.170,-15.807,0.851
2012-05-05-04_47_35.117,227,4,4,1,-38.142,-15.711,0.850
2012-05-05-04_47_35.118,227,4,4,1,-38.250,-15.780,0.850
2012-05-05-04_47_35.119,227,5,4,1,-47.186,-15.796,1.150
2012-05-05-04_47_35.120,227,5,4,1,-47.278,-15.771,1.150
2012-05-05-04_47_35.121,227,5,4,1,-47.247,-15.798,1.150
2012-05-05-04_47_35.121,227,6,4,1,-56.187,-15.771,1.150
2012-05-05-04_47_35.122,227,6,4,1,-56.295,-15.840,1.150
2012-05-05-04_47_35.122,227,6,4,1,-56.300,-15.840,1.150
2012-05-05-04_47_35.123,227,7,4,1,-65.190,-15.776,1.750
2012-05-05-04_47_35.123,227,7,4,1,-65.195,-15.776,1.850
2012-05-05-04_47_35.124,227,7,4,1,-65.175,-15.682,1.850
2012-05-05-04_47_35.124,227,0,5,0,2.266,-20.283,1.964
2012-05-05-04_47_35.125,227,0,5,0,2.296,-20.197,1.964
2012-05-05-04_47_35.125,227,0,5,0,2.190,-20.254,1.964
2012-05-05-04_47_35.126,227,1,5,0,-6.742,-20.295,1.764
2012-05-05-04_47_35.126,227,1,5,0,-6.825,-20.268,1.764
2012-05-05-04_47_35.127,227,1,5,0,-6.764,-20.217,1.764
2012-05-05-04_47_35.127,227,2,5,0,-15.699,-20.213,1.064
2012-05-05-04_47_35.128,227,2,5,0,-15.774,-20.184,1.064
2012-05-05-04_47_35.128,227,2,5,0,-15.718,-20.141,1.064
2012-05-05-04_47_35.129,227,3,5,0,-24.721,-20.295,1.564
2012-05-05-04_47_35.129,227,3,5,0,-24.691,-20.209,1.564
2012-05-05-04_47_35.130,227,3,5,0,-24.796,-20.266,1.564
2012-05-05-04_47_35.130,227,4,5,0,-33.718,-20.297,0.864
2012-05-05-04_47_35.131,227,4,5,0,-33.688,-20.211,0.864
2012-05-05-04_47_35.131,227,4,5,0,-33.793,-20.268,0.864
2012-05-05-04_47_35.132,227,5,5,0,-42.731,-20.297,1.064
2012-05-05-04_47_35.132,227,5,5,0,-42.678,-20.337,1.064
2012-05-05-04_47_35.133,227,5,5,0,-42.780,-20.311,1.064
2012-05-05-04_47_35.133,227,6,5,0,-51.763,-20.357,1.064
2012-05-05-04_47_35.134,227,6,5,0,-51.733,-20.272,1.064
2012-05-05-04_47_35.134,227,6,5,0,-51.839,-20.328,1.064
2012-05-05-04_47_35.135,227,7,5,0,-60.658,-20.294,1.864
2012-05-05-04_47_35.135,227,7,5,0,-60.733,-20.265,1.864
2012-05-05-04_47_35.136,227,7,5,0,-60.677,-20.222,1.864
2012-05-05-04_47_35.136,227,0,5,1,-2.186,-20.291,2.072
2012-05-05-04_47_35.137,227,0,5,1,-2.159,-20.196,2.072
2012-05-05-04_47_35.137,227,0,5,1,-2.262,-20.267,1.972
2012-05-05-04_47_35.138,227,1,5,1,-11.209,-20.294,1.772
2012-05-05-04_47_35.138,227,1,5,1,-11.333,-20.228,1.772
2012-05-05-04_47_35.138,227,1,5,1,-11.231,-20.216,1.772
2012-05-05-04_47_35.139,227,2,5,1,-20.151,-20.221,1.072
2012-05-05-04_47_35.139,227,2,5,1,-20.227,-20.197,1.172
2012-05-05-04_47_35.140,227,2,5,1,-20.234,-20.196,1.072
2012-05-05-04_47_35.140,227,3,5,1,-29.173,-20.303,1.272
2012-05-05-04_47_35.141,227,3,5,1,-29.146,-20.209,1.372
2012-05-05-04_47_35.141,227,3,5,1,-29.249,-20.279,1.272
2012-05-05-04_47_35.142,227,4,5,1,-38.170,-20.305,0.872
2012-05-05-04_47_35.142,227,4,5,1,-38.142,-20.210,0.872
2012-05-05-04_47_35.143,227,4,5,1,-38.245,-20.281,0.872
2012-05-05-04_47_35.144,227,5,5,1,-47.186,-20.296,1.172
2012-05-05-04_47_35.145,227,5,5,1,-47.276,-20.274,1.172
2012-05-05-04_47_35.145,227,5,5,1,-47.245,-20.297,1.172
2012-05-05-04_47_35.146,227,6,5,1,-56.188,-20.271,1.172
2012-05-05-04_47_35.146,227,6,5,1,-56.291,-20.342,1.172
2012-05-05-04_47_35.147,227,6,5,1,-56.298,-20.341,1.172
2012-05-05-04_47_35.147,227,7,5,1,-65.186,-20.278,1.872
2012-05-05-04_47_35.148,227,7,5,1,-65.193,-20.277,1.872
2012-05-05-04_47_35.148,227,7,5,1,-65.173,-20.185,1.972
2012-05-05-04_47_35.149,227,0,6,0,2.270,-24.784,1.782
2012-05-05-04_47_35.149,227,0,6,0,2.298,-24.690,1.782
2012-05-05-04_47_35.150,227,0,6,0,2.190,-24.757,1.782
2012-05-05-04_47_35.150,227,1,6,0,-6.743,-24.797,1.582
2012-05-05-04_47_35.150,227,1,6,0,-6.823,-24.770,1.582
2012-05-05-04_47_35.151,227,1,6,0,-6.764,-24.710,1.582
2012-05-05-04_47_35.151,227,2,6,0,-15.695,-24.713,1.082
2012-05-05-04_47_35.152,227,2,6,0,-15.775,-24.687,0.982
2012-05-05-04_47_35.153,227,2,6,0,-15.718,-24.635,1.082
2012-05-05-04_47_35.153,227,3,6,0,-24.717,-24.796,1.482
2012-05-05-04_47_35.154,227,3,6,0,-24.689,-24.703,1.582
2012-05-05-04_47_35.154,227,3,6,0,-24.797,-24.769,1.482
2012-05-05-04_47_35.155,227,4,6,0,-33.713,-24.798,0.882
2012-05-05-04_47_35.155,227,4,6,0,-33.686,-24.704,0.882
2012-05-05-04_47_35.156,227,4,6,0,-33.793,-24.771,0.882
2012-05-05-04_47_35.156,227,5,6,0,-42.729,-24.790,1.382
2012-05-05-04_47_35.157,227,5,6,0,-42.676,-24.838,1.282
2012-05-05-04_47_35.157,227,5,6,0,-42.781,-24.805,1.282
2012-05-05-04_47_35.157,227,6,6,0,-51.759,-24.858,1.282
2012-05-05-04_47_35.158,227,6,6,0,-51.731,-24.765,1.282
2012-05-05-04_47_35.158,227,6,6,0,-51.678,-24.813,1.282
2012-05-05-04_47_35.159,227,7,6,0,-60.653,-24.794,2.082
2012-05-05-04_47_35.159,227,7,6,0,-60.734,-24.768,2.182
2012-05-05-04_47_35.160,227,7,6,0,-60.677,-24.716,2.082
2012-05-05-04_47_35.161,227,0,6,1,-2.187,-24.788,1.890
2012-05-05-04_47_35.162,227,0,6,1,-2.162,-24.690,1.890
2012-05-05-04_47_35.162,227,0,6,1,-2.262,-24.770,1.890
2012-05-05-04_47_35.163,227,1,6,1,-11.212,-24.795,1.690
2012-05-05-04_47_35.164,227,1,6,1,-11.336,-24.722,1.690
2012-05-05-04_47_35.164,227,1,6,1,-11.231,-24.710,1.690
2012-05-05-04_47_35.165,227,2,6,1,-20.152,-24.718,0.990
2012-05-05-04_47_35.165,227,2,6,1,-20.227,-24.700,1.090
2012-05-05-04_47_35.165,227,2,6,1,-20.232,-24.699,1.090
2012-05-05-04_47_35.166,227,3,6,1,-29.174,-24.801,1.290
2012-05-05-04_47_35.166,227,3,6,1,-29.149,-24.702,1.490
2012-05-05-04_47_35.167,227,3,6,1,-29.249,-24.782,1.290
2012-05-05-04_47_35.167,227,4,6,1,-38.170,-24.802,0.890
2012-05-05-04_47_35.168,227,4,6,1,-38.145,-24.704,0.890
2012-05-05-04_47_35.168,227,4,6,1,-38.246,-24.784,0.890
2012-05-05-04_47_35.169,227,5,6,1,-47.189,-24.790,1.390
2012-05-05-04_47_35.169,227,5,6,1,-47.274,-24.770,12.890
2012-05-05-04_47_35.170,227,5,6,1,-47.243,-24.791,1.290
2012-05-05-04_47_35.170,227,6,6,1,-56.216,-24.863,1.390
2012-05-05-04_47_35.171,227,6,6,1,-56.191,-24.765,1.390
2012-05-05-04_47_35.172,227,6,6,1,-56.291,-24.844,1.290
2012-05-05-04_47_35.173,227,7,6,1,-65.186,-24.781,1.990
2012-05-05-04_47_35.173,227,7,6,1,-65.191,-24.780,1.990
2012-05-05-04_47_35.174,227,7,6,1,-65.171,-24.681,8.590
2012-05-05-04_47_35.174,227,0,7,0,2.270,-29.280,1.801
2012-05-05-04_47_35.175,227,0,7,0,2.300,-29.189,1.901
2012-05-05-04_47_35.175,227,0,7,0,2.190,-29.259,1.801
2012-05-05-04_47_35.176,227,1,7,0,-6.746,-29.293,1.601
2012-05-05-04_47_35.176,227,1,7,0,-6.821,-29.272,1.601
2012-05-05-04_47_35.177,227,1,7,0,-6.762,-29.207,1.601
2012-05-05-04_47_35.178,227,2,7,0,-15.695,-29.210,1.101
2012-05-05-04_47_35.178,227,2,7,0,-15.775,-29.189,1.001
2012-05-05-04_47_35.179,227,2,7,0,-15.714,-29.138,1.101
2012-05-05-04_47_35.179,227,3,7,0,-24.717,-29.292,1.501
2012-05-05-04_47_35.180,227,3,7,0,-24.687,-29.201,1.501
2012-05-05-04_47_35.181,227,3,7,0,-24.797,-29.271,1.501
2012-05-05-04_47_35.181,227,4,7,0,-33.714,-29.294,1.001
2012-05-05-04_47_35.182,227,4,7,0,-33.684,-29.203,0.901
2012-05-05-04_47_35.182,227,4,7,0,-33.794,-29.273,1.001
2012-05-05-04_47_35.183,227,5,7,0,-42.727,-29.289,1.301
2012-05-05-04_47_35.183,227,5,7,0,-42.674,-29.340,1.301
2012-05-05-04_47_35.184,227,5,7,0,-42.776,-29.308,1.301
2012-05-05-04_47_35.184,227,6,7,0,-51.759,-29.355,1.301
2012-05-05-04_47_35.185,227,6,7,0,-51.729,-29.264,1.301
2012-05-05-04_47_35.185,227,6,7,0,-51.676,-29.315,1.301
2012-05-05-04_47_35.186,227,7,7,0,-60.654,-29.291,2.201
2012-05-05-04_47_35.186,227,7,7,0,-60.734,-29.269,2.201
2012-05-05-04_47_35.187,227,7,7,0,-60.673,-29.219,2.201
2012-05-05-04_47_35.187,227,0,7,1,-2.187,-29.286,1.813
2012-05-05-04_47_35.188,227,0,7,1,-2.160,-29.189,1.813
2012-05-05-04_47_35.188,227,0,7,1,-2.260,-29.269,1.913
2012-05-05-04_47_35.189,227,1,7,1,-11.213,-29.292,1.613
2012-05-05-04_47_35.189,227,1,7,1,-11.334,-29.221,1.713
2012-05-05-04_47_35.190,227,1,7,1,-11.234,-29.206,1.713
2012-05-05-04_47_35.190,227,2,7,1,-20.152,-29.216,1.113
2012-05-05-04_47_35.190,227,2,7,1,-20.225,-29.199,1.113
2012-05-05-04_47_35.191,227,2,7,1,-20.233,-29.197,1.113
2012-05-05-04_47_35.191,227,3,7,1,-29.174,-29.298,1.313
2012-05-05-04_47_35.192,227,3,7,1,-29.147,-29.201,1.513
2012-05-05-04_47_35.192,227,3,7,1,-29.247,-29.281,1.313
2012-05-05-04_47_35.193,227,4,7,1,-38.171,-29.300,0.913
2012-05-05-04_47_35.193,227,4,7,1,-38.143,-29.203,1.013
2012-05-05-04_47_35.194,227,4,7,1,-38.244,-29.283,1.013
2012-05-05-04_47_35.194,227,5,7,1,-47.187,-29.289,1.413
2012-05-05-04_47_35.195,227,5,7,1,-47.275,-29.267,1.413
2012-05-05-04_47_35.195,227,5,7,1,-47.243,-29.292,1.413
2012-05-05-04_47_35.196,227,6,7,1,-56.216,-29.360,1.313
2012-05-05-04_47_35.196,227,6,7,1,-56.189,-29.263,1.413
2012-05-05-04_47_35.197,227,6,7,1,-56.289,-29.344,1.313
2012-05-05-04_47_35.197,227,7,7,1,-65.184,-29.280,2.013
2012-05-05-04_47_35.198,227,7,7,1,-65.191,-29.278,2.013
2012-05-05-04_47_35.198,227,7,7,1,-65.171,-29.178,2.113
2012-05-05-04_47_35.198,227,0,8,0,2.274,-33.778,1.827
2012-05-05-04_47_35.199,227,0,8,0,2.302,-33.689,1.827
2012-05-05-04_47_35.199,227,0,8,0,2.189,-33.755,1.827
2012-05-05-04_47_35.200,227,1,8,0,-6.748,-33.788,1.727
2012-05-05-04_47_35.200,227,1,8,0,-6.822,-33.769,1.627
2012-05-05-04_47_35.201,227,1,8,0,-6.767,-33.704,1.727
2012-05-05-04_47_35.201,227,2,8,0,-15.690,-33.708,1.127
2012-05-05-04_47_35.202,227,2,8,0,-15.776,-33.685,1.127
2012-05-05-04_47_35.202,227,2,8,0,-15.712,-33.639,1.127
2012-05-05-04_47_35.203,227,3,8,0,-24.712,-33.790,1.527
2012-05-05-04_47_35.203,227,3,8,0,-24.685,-33.701,1.527
2012-05-05-04_47_35.204,227,3,8,0,-24.798,-33.767,1.527
2012-05-05-04_47_35.204,227,4,8,0,-33.709,-33.792,1.027
2012-05-05-04_47_35.205,227,4,8,0,-33.682,-33.703,1.027
2012-05-05-04_47_35.205,227,4,8,0,-33.794,-33.769,1.027
2012-05-05-04_47_35.206,227,5,8,0,-42.725,-33.788,1.327
2012-05-05-04_47_35.206,227,5,8,0,-42.674,-33.837,1.327
2012-05-05-04_47_35.207,227,5,8,0,-42.774,-33.809,1.327
2012-05-05-04_47_35.207,227,6,8,0,-51.755,-33.853,1.327
2012-05-05-04_47_35.208,227,6,8,0,-51.727,-33.763,1.427
2012-05-05-04_47_35.208,227,6,8,0,-51.840,-33.829,1.327
2012-05-05-04_47_35.210,227,7,8,0,-60.649,-33.789,2.127
2012-05-05-04_47_35.210,227,7,8,0,-60.734,-33.766,2.227
2012-05-05-04_47_35.211,227,7,8,0,-60.671,-33.719,2.127
2012-05-05-04_47_35.211,227,0,8,1,-2.188,-33.787,1.936
2012-05-05-04_47_35.212,227,0,8,1,-2.165,-33.688,1.935
2012-05-05-04_47_35.212,227,0,8,1,-2.258,-33.765,1.835
2012-05-05-04_47_35.213,227,1,8,1,-11.213,-33.788,1.735
2012-05-05-04_47_35.213,227,1,8,1,-11.339,-33.720,1.635
2012-05-05-04_47_35.214,227,1,8,1,-11.239,-33.703,1.635
2012-05-05-04_47_35.214,227,2,8,1,-20.153,-33.717,1.136
2012-05-05-04_47_35.215,227,2,8,1,-20.223,-33.695,1.135
2012-05-05-04_47_35.215,227,2,8,1,-20.233,-33.693,1.135
2012-05-05-04_47_35.216,227,3,8,1,-29.175,-33.799,1.236
2012-05-05-04_47_35.216,227,3,8,1,-29.152,-33.700,1.435
2012-05-05-04_47_35.217,227,3,8,1,-29.245,-33.778,1.235
2012-05-05-04_47_35.217,227,4,8,1,-38.171,-33.801,1.036
2012-05-05-04_47_35.218,227,4,8,1,-38.148,-33.702,1.035
2012-05-05-04_47_35.218,227,4,8,1,-38.242,-33.779,0.935
2012-05-05-04_47_35.219,227,5,8,1,-47.192,-33.788,1.435
2012-05-05-04_47_35.219,227,5,8,1,-47.273,-33.764,1.435
2012-05-05-04_47_35.220,227,5,8,1,-47.244,-33.793,1.435
2012-05-05-04_47_35.220,227,6,8,1,-56.217,-33.862,1.336
2012-05-05-04_47_35.220,227,6,8,1,-56.194,-33.763,1.435
2012-05-05-04_47_35.221,227,6,8,1,-56.287,-33.840,1.335
2012-05-05-04_47_35.221,227,7,8,1,-65.182,-33.776,2.235
2012-05-05-04_47_35.222,227,7,8,1,-65.192,-33.774,2.235
2012-05-05-04_47_35.223,227,7,8,1,-65.169,-33.675,2.235
2012-05-05-04_47_35.223,227,0,9,0,2.274,-38.282,1.945
2012-05-05-04_47_35.224,227,0,9,0,2.304,-38.196,1.845
2012-05-05-04_47_35.225,227,0,9,0,2.191,-38.254,1.945
2012-05-05-04_47_35.226,227,1,9,0,-6.749,-38.290,1.745
2012-05-05-04_47_35.226,227,1,9,0,-6.822,-38.268,1.745
2012-05-05-04_47_35.227,227,1,9,0,-6.770,-38.212,1.745
2012-05-05-04_47_35.227,227,2,9,0,-15.691,-38.212,1.245
2012-05-05-04_47_35.228,227,2,9,0,-15.774,-38.184,1.245
2012-05-05-04_47_35.228,227,2,9,0,-15.710,-38.142,1.245
2012-05-05-04_47_35.229,227,3,9,0,-24.713,-38.294,1.645
2012-05-05-04_47_35.229,227,3,9,0,-24.683,-38.208,1.645
2012-05-05-04_47_35.230,227,3,9,0,-24.796,-38.266,1.645
2012-05-05-04_47_35.230,227,4,9,0,-33.710,-38.296,1.045
2012-05-05-04_47_35.231,227,4,9,0,-33.680,-38.210,0.945
2012-05-05-04_47_35.231,227,4,9,0,-33.792,-38.268,0.945
2012-05-05-04_47_35.232,227,5,9,0,-42.723,-38.296,1.445
2012-05-05-04_47_35.232,227,5,9,0,-42.675,-38.336,1.445
2012-05-05-04_47_35.233,227,5,9,0,-42.772,-38.312,1.445
2012-05-05-04_47_35.233,227,6,9,0,-51.755,-38.357,1.245
2012-05-05-04_47_35.234,227,6,9,0,-51.725,-38.271,1.345
2012-05-05-04_47_35.234,227,6,9,0,-51.838,-38.328,1.245
2012-05-05-04_47_35.235,227,7,9,0,-60.650,-38.293,2.145
2012-05-05-04_47_35.235,227,7,9,0,-60.732,-38.264,2.145
2012-05-05-04_47_35.236,227,7,9,0,-60.669,-38.223,2.145
2012-05-05-04_47_35.236,227,0,9,1,-2.188,-38.292,1.954
2012-05-05-04_47_35.237,227,0,9,1,-2.168,-38.196,1.954
2012-05-05-04_47_35.237,227,0,9,1,-2.259,-38.267,1.854
2012-05-05-04_47_35.238,227,1,9,1,-11.213,-38.291,1.754
2012-05-05-04_47_35.238,227,1,9,1,-11.342,-38.227,1.754
2012-05-05-04_47_35.238,227,1,9,1,-11.235,-38.210,1.754
2012-05-05-04_47_35.239,227,2,9,1,-20.153,-38.222,1.254
2012-05-05-04_47_35.239,227,2,9,1,-20.224,-38.197,1.254
2012-05-05-04_47_35.240,227,2,9,1,-20.231,-38.196,1.254
2012-05-05-04_47_35.240,227,3,9,1,-29.175,-38.305,1.454
2012-05-05-04_47_35.241,227,3,9,1,-29.155,-38.208,1.654
2012-05-05-04_47_35.242,227,3,9,1,-29.246,-38.279,1.454
2012-05-05-04_47_35.243,227,4,9,1,-38.172,-38.306,0.954
2012-05-05-04_47_35.243,227,4,9,1,-38.151,-38.210,1.054
2012-05-05-04_47_35.244,227,4,9,1,-38.242,-38.281,1.054
2012-05-05-04_47_35.244,227,5,9,1,-47.195,-38.296,1.554
2012-05-05-04_47_35.245,227,5,9,1,-47.273,-38.270,1.454
2012-05-05-04_47_35.245,227,5,9,1,-47.244,-38.299,1.454
2012-05-05-04_47_35.246,227,6,9,1,-56.197,-38.270,1.354
2012-05-05-04_47_35.246,227,6,9,1,-56.288,-38.341,1.354
2012-05-05-04_47_35.247,227,6,9,1,-56.295,-38.341,1.354
2012-05-05-04_47_35.247,227,7,9,1,-65.182,-38.278,2.154
2012-05-05-04_47_35.248,227,7,9,1,-65.190,-38.277,2.254
2012-05-05-04_47_35.248,227,7,9,1,-65.169,-38.181,2.254
2012-05-05-04_47_35.249,227,0,10,0,2.276,-42.783,1.866
2012-05-05-04_47_35.249,227,0,10,0,2.303,-42.696,1.866
2012-05-05-04_47_35.250,227,0,10,0,2.193,-42.754,1.866
2012-05-05-04_47_35.250,227,1,10,0,-6.749,-42.794,1.766
2012-05-05-04_47_35.251,227,1,10,0,-6.825,-42.768,1.766
2012-05-05-04_47_35.251,227,1,10,0,-6.771,-42.715,1.766
2012-05-05-04_47_35.251,227,2,10,0,-15.689,-42.713,1.166
2012-05-05-04_47_35.252,227,2,10,0,-15.772,-42.684,1.266
2012-05-05-04_47_35.252,227,2,10,0,-15.705,-42.640,1.166
2012-05-05-04_47_35.253,227,3,10,0,-24.711,-42.795,1.666
2012-05-05-04_47_35.253,227,3,10,0,-24.683,-42.708,1.566
2012-05-05-04_47_35.254,227,3,10,0,-24.794,-42.766,1.566
2012-05-05-04_47_35.254,227,4,10,0,-33.707,-42.797,0.966
2012-05-05-04_47_35.255,227,4,10,0,-33.680,-42.710,1.066
2012-05-05-04_47_35.255,227,4,10,0,-33.790,-42.768,0.966
2012-05-05-04_47_35.256,227,5,10,0,-42.724,-42.796,1.366
2012-05-05-04_47_35.256,227,5,10,0,-42.678,-42.836,1.366
2012-05-05-04_47_35.256,227,5,10,0,-42.768,-42.810,1.366
2012-05-05-04_47_35.257,227,6,10,0,-51.753,-42.858,1.266
2012-05-05-04_47_35.257,227,6,10,0,-51.725,-42.771,1.266
2012-05-05-04_47_35.258,227,6,10,0,-51.836,-42.829,1.266
2012-05-05-04_47_35.258,227,7,10,0,-60.648,-42.794,2.266
2012-05-05-04_47_35.259,227,7,10,0,-60.730,-42.765,2.266
2012-05-05-04_47_35.259,227,7,10,0,-60.664,-42.721,2.266
2012-05-05-04_47_35.260,227,0,10,1,-2.191,-42.791,1.978
2012-05-05-04_47_35.260,227,0,10,1,-2.168,-42.696,1.877
2012-05-05-04_47_35.261,227,0,10,1,-2.262,-42.768,1.977
2012-05-05-04_47_35.261,227,1,10,1,-11.214,-42.793,12.878
2012-05-05-04_47_35.262,227,1,10,1,-11.343,-42.727,1.777
2012-05-05-04_47_35.262,227,1,10,1,-11.235,-42.714,1.877
2012-05-05-04_47_35.263,227,2,10,1,-20.156,-42.721,1.278
2012-05-05-04_47_35.263,227,2,10,1,-20.226,-42.698,1.277
2012-05-05-04_47_35.264,227,2,10,1,-20.231,-42.697,1.277
2012-05-05-04_47_35.264,227,3,10,1,-29.178,-42.803,1.378
2012-05-05-04_47_35.265,227,3,10,1,-29.155,-42.708,1.477
2012-05-05-04_47_35.265,227,3,10,1,-29.249,-42.780,1.377
2012-05-05-04_47_35.266,227,4,10,1,-38.174,-42.805,1.078
2012-05-05-04_47_35.266,227,4,10,1,-38.152,-42.710,1.077
2012-05-05-04_47_35.267,227,4,10,1,-38.245,-42.782,0.977
2012-05-05-04_47_35.267,227,5,10,1,-47.196,-42.795,1.477
2012-05-05-04_47_35.267,227,5,10,1,-47.276,-42.774,1.477
2012-05-05-04_47_35.268,227,5,10,1,-47.247,-42.797,1.477
2012-05-05-04_47_35.269,227,6,10,1,-56.220,-42.866,1.378
2012-05-05-04_47_35.269,227,6,10,1,-56.197,-42.770,1.377
2012-05-05-04_47_35.269,227,6,10,1,-56.291,-42.842,1.377
2012-05-05-04_47_35.270,227,7,10,1,-65.185,-42.779,2.277
2012-05-05-04_47_35.270,227,7,10,1,-65.190,-42.778,2.277
2012-05-05-04_47_35.271,227,7,10,1,-65.172,-42.685,2.277
2012-05-05-04_47_35.271,227,0,11,0,2.278,-47.283,1.890
2012-05-05-04_47_35.272,227,0,11,0,2.303,-47.190,1.890
2012-05-05-04_47_35.272,227,0,11,0,2.193,-47.257,1.890
2012-05-05-04_47_35.274,227,1,11,0,-6.752,-47.296,1.790
2012-05-05-04_47_35.275,227,1,11,0,-6.825,-47.270,1.790
2012-05-05-04_47_35.275,227,1,11,0,-6.774,-47.210,1.790
2012-05-05-04_47_35.277,227,2,11,0,-15.687,-47.213,1.190
2012-05-05-04_47_35.277,227,2,11,0,-15.772,-47.187,1.190
2012-05-05-04_47_35.278,227,2,11,0,-15.743,-47.197,1.290
2012-05-05-04_47_35.278,227,3,11,0,-24.709,-47.295,1.690
2012-05-05-04_47_35.279,227,3,11,0,-24.684,-47.203,1.690
2012-05-05-04_47_35.279,227,3,11,0,-24.794,-47.269,1.690
2012-05-05-04_47_35.280,227,4,11,0,-33.705,-47.297,1.090
2012-05-05-04_47_35.280,227,4,11,0,-33.680,-47.204,0.990
2012-05-05-04_47_35.281,227,4,11,0,-33.791,-47.271,0.990
2012-05-05-04_47_35.281,227,5,11,0,-42.724,-47.290,1.390
2012-05-05-04_47_35.282,227,5,11,0,-42.678,-47.338,1.390
2012-05-05-04_47_35.282,227,5,11,0,-42.771,-47.305,1.390
2012-05-05-04_47_35.283,227,6,11,0,-51.751,-47.358,1.290
2012-05-05-04_47_35.283,227,6,11,0,-51.726,-47.265,1.390
2012-05-05-04_47_35.283,227,6,11,0,-51.836,-47.332,1.290
2012-05-05-04_47_35.284,227,7,11,0,-60.646,-47.294,2.190
2012-05-05-04_47_35.284,227,7,11,0,-60.731,-47.268,2.290
2012-05-05-04_47_35.285,227,7,11,0,-60.667,-47.216,2.290
2012-05-05-04_47_35.285,227,0,11,1,-2.194,-47.289,1.999
2012-05-05-04_47_35.286,227,0,11,1,-2.166,-47.190,1.999
2012-05-05-04_47_35.286,227,0,11,1,-2.262,-47.270,3.299
2012-05-05-04_47_35.287,227,1,11,1,-11.212,-47.295,1.799
2012-05-05-04_47_35.287,227,1,11,1,-11.341,-47.222,1.799
2012-05-05-04_47_35.288,227,1,11,1,-11.236,-47.210,1.798
2012-05-05-04_47_35.288,227,2,11,1,-20.159,-47.219,1.399
2012-05-05-04_47_35.288,227,2,11,1,-20.227,-47.200,1.399
2012-05-05-04_47_35.289,227,2,11,1,-20.232,-47.199,1.299
2012-05-05-04_47_35.290,227,3,11,1,-29.181,-47.301,1.399
2012-05-05-04_47_35.290,227,3,11,1,-29.153,-47.202,1.599
2012-05-05-04_47_35.291,227,3,11,1,-29.249,-47.282,1.399
2012-05-05-04_47_35.291,227,4,11,1,-38.177,-47.303,0.999
2012-05-05-04_47_35.292,227,4,11,1,-38.150,-47.204,0.999
2012-05-05-04_47_35.292,227,4,11,1,-38.246,-47.284,1.099
2012-05-05-04_47_35.293,227,5,11,1,-47.194,-47.290,1.499
2012-05-05-04_47_35.293,227,5,11,1,-47.279,-47.270,1.499
2012-05-05-04_47_35.294,227,5,11,1,-47.247,-47.291,1.498
2012-05-05-04_47_35.294,227,6,11,1,-56.223,-47.364,1.399
2012-05-05-04_47_35.295,227,6,11,1,-56.195,-47.264,1.399
2012-05-05-04_47_35.295,227,6,11,1,-56.291,-47.344,1.399
2012-05-05-04_47_35.296,227,7,11,1,-65.186,-47.281,6.099
2012-05-05-04_47_35.296,227,7,11,1,-65.191,-47.280,2.299
2012-05-05-04_47_35.297,227,7,11,1,-65.175,-47.181,2.299
2012-05-05-04_47_35.297,227,0,12,0,2.265,-51.781,2.208
2012-05-05-04_47_35.298,227,0,12,0,2.303,-51.691,2.208
2012-05-05-04_47_35.298,227,0,12,0,2.195,-51.758,2.108
2012-05-05-04_47_35.299,227,1,12,0,-6.755,-51.794,1.808
2012-05-05-04_47_35.299,227,1,12,0,-6.831,-51.775,1.908
2012-05-05-04_47_35.299,227,1,12,0,-6.774,-51.707,1.808
2012-05-05-04_47_35.300,227,2,12,0,-15.699,-51.710,1.208
2012-05-05-04_47_35.300,227,2,12,0,-15.770,-51.688,1.208
2012-05-05-04_47_35.301,227,2,12,0,-15.709,-51.639,1.208
2012-05-05-04_47_35.301,227,3,12,0,-24.722,-51.793,1.708
2012-05-05-04_47_35.302,227,3,12,0,-24.684,-51.703,1.708
2012-05-05-04_47_35.302,227,3,12,0,-24.792,-51.770,1.708
2012-05-05-04_47_35.303,227,4,12,0,-33.718,-51.795,1.108
2012-05-05-04_47_35.303,227,4,12,0,-33.681,-51.705,1.008
2012-05-05-04_47_35.304,227,4,12,0,-33.789,-51.772,1.108
2012-05-05-04_47_35.304,227,5,12,0,-42.725,-51.791,1.508
2012-05-05-04_47_35.304,227,5,12,0,-42.683,-51.843,1.208
2012-05-05-04_47_35.305,227,5,12,0,-42.771,-51.809,1.508
2012-05-05-04_47_35.305,227,6,12,0,-51.764,-51.855,1.308
2012-05-05-04_47_35.306,227,6,12,0,-51.726,-51.766,1.308
2012-05-05-04_47_35.306,227,6,12,0,-51.834,-51.833,1.208
2012-05-05-04_47_35.307,227,7,12,0,-60.658,-51.791,2.208
2012-05-05-04_47_35.308,227,7,12,0,-60.729,-51.769,2.208
2012-05-05-04_47_35.309,227,7,12,0,-60.667,-51.720,3.308
2012-05-05-04_47_35.309,227,0,12,1,-2.194,-51.786,2.116
2012-05-05-04_47_35.310,227,0,12,1,-2.172,-51.690,2.116
2012-05-05-04_47_35.311,227,0,12,1,-2.262,-51.768,2.116
2012-05-05-04_47_35.311,227,1,12,1,-11.212,-51.793,1.816
2012-05-05-04_47_35.311,227,1,12,1,-11.346,-51.722,1.816
2012-05-05-04_47_35.312,227,1,12,1,-11.236,-51.707,1.816
2012-05-05-04_47_35.312,227,2,12,1,-20.159,-51.716,1.216
2012-05-05-04_47_35.313,227,2,12,1,-20.227,-51.698,1.216
2012-05-05-04_47_35.313,227,2,12,1,-20.235,-51.697,1.216
2012-05-05-04_47_35.314,227,3,12,1,-29.181,-51.799,1.516
2012-05-05-04_47_35.314,227,3,12,1,-29.159,-51.702,1.616
2012-05-05-04_47_35.315,227,3,12,1,-29.249,-51.781,1.616
2012-05-05-04_47_35.315,227,4,12,1,-38.178,-51.800,1.016
2012-05-05-04_47_35.316,227,4,12,1,-38.155,-51.704,1.116
2012-05-05-04_47_35.316,227,4,12,1,-38.246,-51.782,1.016
2012-05-05-04_47_35.317,227,5,12,1,-47.199,-51.790,1.216
2012-05-05-04_47_35.317,227,5,12,1,-47.277,-51.768,1.316
2012-05-05-04_47_35.318,227,5,12,1,-47.250,-51.791,1.316
2012-05-05-04_47_35.318,227,6,12,1,-56.223,-51.861,1.416
2012-05-05-04_47_35.318,227,6,12,1,-56.201,-51.765,1.416
2012-05-05-04_47_35.319,227,6,12,1,-56.291,-51.843,1.316
2012-05-05-04_47_35.319,227,7,12,1,-65.186,-51.779,2.216
2012-05-05-04_47_35.320,227,7,12,1,-65.193,-51.778,2.216
2012-05-05-04_47_35.321,227,7,12,1,-65.173,-51.678,2.216
2012-05-05-04_47_35.321,227,0,13,0,2.275,-56.278,2.127
2012-05-05-04_47_35.322,227,0,13,0,2.300,-56.191,2.127
2012-05-05-04_47_35.322,227,0,13,0,2.197,-56.254,2.127
2012-05-05-04_47_35.322,227,1,13,0,-6.755,-56.289,1.927
2012-05-05-04_47_35.323,227,1,13,0,-6.831,-56.270,1.927
2012-05-05-04_47_35.323,227,1,13,0,-6.774,-56.191,1.827
2012-05-05-04_47_35.324,227,2,13,0,-15.690,-56.208,1.227
2012-05-05-04_47_35.324,227,2,13,0,-15.768,-56.184,1.327
2012-05-05-04_47_35.325,227,2,13,0,-15.712,-56.140,1.227
2012-05-05-04_47_35.325,227,3,13,0,-24.712,-56.290,1.727
2012-05-05-04_47_35.326,227,3,13,0,-24.687,-56.203,1.727
2012-05-05-04_47_35.327,227,3,13,0,-24.790,-56.266,1.727
2012-05-05-04_47_35.328,227,4,13,0,-33.709,-56.292,1.127
2012-05-05-04_47_35.328,227,4,13,0,-33.684,-56.205,1.127
2012-05-05-04_47_35.329,227,4,13,0,-33.787,-56.268,1.127
2012-05-05-04_47_35.329,227,5,13,0,-42.727,-56.291,1.527
2012-05-05-04_47_35.330,227,5,13,0,-42.684,-56.338,1.427
2012-05-05-04_47_35.330,227,5,13,0,-42.774,-56.310,1.427
2012-05-05-04_47_35.331,227,6,13,0,-51.754,-56.353,1.227
2012-05-05-04_47_35.331,227,6,13,0,-51.729,-56.265,1.327
2012-05-05-04_47_35.332,227,6,13,0,-51.832,-56.329,1.327
2012-05-05-04_47_35.333,227,7,13,0,-60.649,-56.289,5.427
2012-05-05-04_47_35.333,227,7,13,0,-60.727,-56.265,13.127
2012-05-05-04_47_35.334,227,0,13,1,-2.197,-56.288,2.039
2012-05-05-04_47_35.334,227,0,13,1,-2.174,-56.190,2.039
2012-05-05-04_47_35.334,227,0,13,1,-2.265,-56.265,2.038
2012-05-05-04_47_35.335,227,1,13,1,-11.213,-56.289,1.839
2012-05-05-04_47_35.335,227,1,13,1,-11.349,-56.222,1.839
2012-05-05-04_47_35.336,227,1,13,1,-11.234,-56.204,1.838
2012-05-05-04_47_35.336,227,2,13,1,-20.162,-56.218,1.339
2012-05-05-04_47_35.337,227,2,13,1,-20.230,-56.194,1.338
2012-05-05-04_47_35.337,227,2,13,1,-20.237,-56.194,1.238
2012-05-05-04_47_35.338,227,3,13,1,-29.184,-56.300,1.439
2012-05-05-04_47_35.338,227,3,13,1,-29.161,-56.203,1.639
2012-05-05-04_47_35.339,227,3,13,1,-29.252,-56.277,1.638
2012-05-05-04_47_35.339,227,4,13,1,-38.181,-56.302,1.039
2012-05-05-04_47_35.340,227,4,13,1,-38.158,-56.204,1.039
2012-05-05-04_47_35.341,227,4,13,1,-38.249,-56.279,1.038
2012-05-05-04_47_35.341,227,5,13,1,-47.202,-56.290,1.639
2012-05-05-04_47_35.342,227,5,13,1,-47.280,-56.266,1.538
2012-05-05-04_47_35.342,227,5,13,1,-47.253,-56.291,1.538
2012-05-05-04_47_35.343,227,6,13,1,-56.226,-56.363,1.439
2012-05-05-04_47_35.343,227,6,13,1,-56.203,-56.265,1.439
2012-05-05-04_47_35.344,227,6,13,1,-56.294,-56.339,1.438
2012-05-05-04_47_35.344,227,7,13,1,-65.189,-56.275,2.238
2012-05-05-04_47_35.345,227,7,13,1,-65.196,-56.274,2.138
2012-05-05-04_47_35.345,227,7,13,1,-65.176,-56.176,2.238
2012-05-05-04_47_35.346,227,0,14,0,2.260,-60.782,2.152
2012-05-05-04_47_35.346,227,0,14,0,2.294,-60.696,2.052
2012-05-05-04_47_35.347,227,0,14,0,2.199,-60.753,2.152
2012-05-05-04_47_35.347,227,1,14,0,-6.758,-60.790,5.552
2012-05-05-04_47_35.348,227,1,14,0,-6.834,-60.768,1.952
2012-05-05-04_47_35.348,227,1,14,0,-6.775,-60.711,1.952
2012-05-05-04_47_35.349,227,2,14,0,-15.705,-60.712,1.252
2012-05-05-04_47_35.349,227,2,14,0,-15.766,-60.683,1.252
2012-05-05-04_47_35.350,227,2,14,0,-15.712,-60.641,1.252
2012-05-05-04_47_35.350,227,3,14,0,-24.727,-60.794,1.752
2012-05-05-04_47_35.351,227,3,14,0,-24.692,-60.708,1.752
2012-05-05-04_47_35.351,227,3,14,0,-24.788,-60.765,1.752
2012-05-05-04_47_35.352,227,4,14,0,-33.724,-60.796,0.952
2012-05-05-04_47_35.352,227,4,14,0,-33.689,-60.710,0.952
2012-05-05-04_47_35.353,227,4,14,0,-33.785,-60.767,0.952
2012-05-05-04_47_35.353,227,5,14,0,-42.733,-60.796,1.452
2012-05-05-04_47_35.354,227,5,14,0,-42.687,-60.836,1.452
2012-05-05-04_47_35.354,227,5,14,0,-42.774,-60.811,1.452
2012-05-05-04_47_35.355,227,6,14,0,-51.769,-60.856,1.352
2012-05-05-04_47_35.355,227,6,14,0,-51.735,-60.771,1.352
2012-05-05-04_47_35.355,227,6,14,0,-51.830,-60.827,1.252
2012-05-05-04_47_35.356,227,7,14,0,-60.664,-60.793,2.052
2012-05-05-04_47_35.356,227,7,14,0,-60.725,-60.764,2.152
2012-05-05-04_47_35.357,227,7,14,0,-60.671,-60.722,3.352
2012-05-05-04_47_35.357,227,0,14,1,-2.200,-60.793,2.161
2012-05-05-04_47_35.358,227,0,14,1,-2.172,-60.696,2.061
2012-05-05-04_47_35.358,227,0,14,1,-2.268,-60.766,2.161
2012-05-05-04_47_35.359,227,1,14,1,-11.211,-60.791,1.861
2012-05-05-04_47_35.359,227,1,14,1,-11.347,-60.728,1.861
2012-05-05-04_47_35.360,227,1,14,1,-11.234,-60.711,1.861
2012-05-05-04_47_35.360,227,2,14,1,-20.165,-60.723,1.261
2012-05-05-04_47_35.361,227,2,14,1,-20.233,-60.695,1.261
2012-05-05-04_47_35.361,227,2,14,1,-20.240,-60.695,1.261
2012-05-05-04_47_35.361,227,3,14,1,-29.187,-60.805,1.261
2012-05-05-04_47_35.362,227,3,14,1,-29.159,-60.708,1.561
2012-05-05-04_47_35.363,227,3,14,1,-29.255,-60.778,1.461
2012-05-05-04_47_35.364,227,4,14,1,-38.184,-60.807,1.061
2012-05-05-04_47_35.364,227,4,14,1,-38.156,-60.710,1.061
2012-05-05-04_47_35.365,227,4,14,1,-38.252,-60.780,1.061
2012-05-05-04_47_35.365,227,5,14,1,-47.200,-60.796,1.561
2012-05-05-04_47_35.366,227,5,14,1,-47.283,-60.770,1.561
2012-05-05-04_47_35.366,227,5,14,1,-47.253,-60.798,1.461
2012-05-05-04_47_35.367,227,6,14,1,-56.229,-60.867,1.361
2012-05-05-04_47_35.367,227,6,14,1,-56.201,-60.771,1.361
2012-05-05-04_47_35.368,227,6,14,1,-56.297,-60.840,1.461
2012-05-05-04_47_35.368,227,7,14,1,-65.192,-60.776,2.261
2012-05-05-04_47_35.369,227,7,14,1,-65.199,-60.775,2.261
2012-05-05-04_47_35.369,227,7,14,1,-65.179,-60.681,2.261
2012-05-05-04_47_35.370,227,0,15,0,2.269,-65.283,2.270
2012-05-05-04_47_35.370,227,0,15,0,2.294,-65.196,2.170
2012-05-05-04_47_35.371,227,0,15,0,2.196,-65.255,2.170
2012-05-05-04_47_35.372,227,1,15,0,-6.751,-65.293,1.970
2012-05-05-04_47_35.373,227,1,15,0,-6.834,-65.268,1.970
2012-05-05-04_47_35.373,227,1,15,0,-6.775,-65.215,1.970
2012-05-05-04_47_35.374,227,2,15,0,-15.696,-65.213,1.370
2012-05-05-04_47_35.374,227,2,15,0,-15.769,-65.185,1.370
2012-05-05-04_47_35.375,227,2,15,0,-15.715,-65.140,1.370
2012-05-05-04_47_35.375,227,3,15,0,-24.718,-65.296,1.770
2012-05-05-04_47_35.376,227,3,15,0,-24.693,-65.209,1.770
2012-05-05-04_47_35.376,227,3,15,0,-24.791,-65.267,1.770
2012-05-05-04_47_35.377,227,4,15,0,-33.714,-65.297,0.970
2012-05-05-04_47_35.377,227,4,15,0,-33.689,-65.210,1.070
2012-05-05-04_47_35.377,227,4,15,0,-33.788,-65.269,1.070
2012-05-05-04_47_35.378,227,5,15,0,-42.733,-65.296,1.470
2012-05-05-04_47_35.378,227,5,15,0,-42.687,-65.336,1.470
2012-05-05-04_47_35.380,227,5,15,0,-42.777,-65.310,1.470
2012-05-05-04_47_35.381,227,6,15,0,-51.760,-65.358,1.270
2012-05-05-04_47_35.381,227,6,15,0,-51.735,-65.271,1.370
2012-05-05-04_47_35.382,227,6,15,0,-51.833,-65.329,1.270
2012-05-05-04_47_35.382,227,7,15,0,-60.655,-65.294,2.170
2012-05-05-04_47_35.383,227,7,15,0,-60.728,-65.266,3.370
2012-05-05-04_47_35.383,227,7,15,0,-60.674,-65.221,6.570
2012-05-05-04_47_35.384,227,0,15,1,-2.196,-65.291,2.279
2012-05-05-04_47_35.384,227,0,15,1,-2.170,-65.196,2.279
2012-05-05-04_47_35.385,227,0,15,1,-2.271,-65.269,2.279
2012-05-05-04_47_35.385,227,1,15,1,-11.211,-65.294,1.879
2012-05-05-04_47_35.386,227,1,15,1,-11.345,-65.228,1.979
2012-05-05-04_47_35.386,227,1,15,1,-11.235,-65.215,1.879
2012-05-05-04_47_35.387,227,2,15,1,-20.160,-65.221,1.379
2012-05-05-04_47_35.387,227,2,15,1,-20.236,-65.199,1.379
2012-05-05-04_47_35.388,227,2,15,1,-20.243,-65.198,1.279
2012-05-05-04_47_35.388,227,3,15,1,-29.182,-65.303,1.479
2012-05-05-04_47_35.388,227,3,15,1,-29.157,-65.208,1.679
2012-05-05-04_47_35.389,227,3,15,1,-29.258,-65.281,1.479
2012-05-05-04_47_35.389,227,4,15,1,-38.179,-65.305,1.079
2012-05-05-04_47_35.390,227,4,15,1,-38.154,-65.210,1.079
2012-05-05-04_47_35.390,227,4,15,1,-38.255,-65.283,1.079
2012-05-05-04_47_35.391,227,5,15,1,-47.198,-65.296,1.379
2012-05-05-04_47_35.391,227,5,15,1,-47.285,-65.274,1.479
2012-05-05-04_47_35.392,227,5,15,1,-47.256,-65.298,1.479
2012-05-05-04_47_35.392,227,6,15,1,-56.224,-65.366,1.379
2012-05-05-04_47_35.393,227,6,15,1,-56.199,-65.270,1.379
2012-05-05-04_47_35.393,227,6,15,1,-56.300,-65.343,1.379
2012-05-05-04_47_35.394,227,7,15,1,-65.195,-65.280,2.179
2012-05-05-04_47_35.394,227,7,15,1,-65.202,-65.279,2.079
2012-05-05-04_47_35.395,227,7,15,1,-65.182,-65.185,2.179
2012-05-05-04_47_35.395,227,0,16,0,2.266,-69.783,2.291
2012-05-05-04_47_35.396,227,0,16,0,2.291,-69.690,2.191
2012-05-05-04_47_35.396,227,0,16,0,2.193,-69.758,2.291
2012-05-05-04_47_35.397,227,1,16,0,-6.754,-69.795,1.891
2012-05-05-04_47_35.397,227,1,16,0,-6.837,-69.768,1.991
2012-05-05-04_47_35.398,227,1,16,0,-6.776,-69.709,1.891
2012-05-05-04_47_35.398,227,2,16,0,-15.699,-69.713,1.291
2012-05-05-04_47_35.399,227,2,16,0,-15.772,-69.688,1.391
2012-05-05-04_47_35.399,227,2,16,0,-15.750,-69.698,1.391
2012-05-05-04_47_35.400,227,3,16,0,-24.721,-69.795,1.791
2012-05-05-04_47_35.400,227,3,16,0,-24.696,-69.702,1.791
2012-05-05-04_47_35.401,227,3,16,0,-24.794,-69.770,1.791
2012-05-05-04_47_35.401,227,4,16,0,-33.717,-69.797,0.991
2012-05-05-04_47_35.402,227,4,16,0,-33.692,-69.704,0.991
2012-05-05-04_47_35.402,227,4,16,0,-33.790,-69.772,0.991
2012-05-05-04_47_35.403,227,5,16,0,-42.736,-69.789,1.591
2012-05-05-04_47_35.403,227,5,16,0,-42.690,-69.836,1.491
2012-05-05-04_47_35.404,227,5,16,0,-42.780,-69.803,1.491
2012-05-05-04_47_35.405,227,6,16,0,-51.763,-69.858,1.291
2012-05-05-04_47_35.406,227,6,16,0,-51.738,-69.764,1.291
2012-05-05-04_47_35.406,227,6,16,0,-51.836,-69.833,1.291
2012-05-05-04_47_35.407,227,7,16,0,-60.657,-69.794,2.191
2012-05-05-04_47_35.407,227,7,16,0,-60.730,-69.769,3.291
2012-05-05-04_47_35.408,227,7,16,0,-60.676,-69.714,2.091
2012-05-05-04_47_35.408,227,0,16,1,-2.198,-69.788,2.303
2012-05-05-04_47_35.409,227,0,16,1,-2.171,-69.689,2.203
2012-05-05-04_47_35.409,227,0,16,1,-2.274,-69.771,2.303
2012-05-05-04_47_35.410,227,1,16,1,-11.214,-69.795,1.903
2012-05-05-04_47_35.410,227,1,16,1,-11.345,-69.721,1.903
2012-05-05-04_47_35.411,227,1,16,1,-11.233,-69.709,1.902
2012-05-05-04_47_35.411,227,2,16,1,-20.163,-69.718,1.303
2012-05-05-04_47_35.412,227,2,16,1,-20.239,-69.701,1.303
2012-05-05-04_47_35.412,227,2,16,1,-20.244,-69.699,1.303
2012-05-05-04_47_35.413,227,3,16,1,-29.185,-69.801,1.503
2012-05-05-04_47_35.413,227,3,16,1,-29.158,-69.701,1.503
2012-05-05-04_47_35.414,227,3,16,1,-29.261,-69.783,1.603
2012-05-05-04_47_35.414,227,4,16,1,-38.182,-69.802,1.103
2012-05-05-04_47_35.415,227,4,16,1,-38.154,-69.703,1.103
2012-05-05-04_47_35.415,227,4,16,1,-38.257,-69.785,1.103
2012-05-05-04_47_35.416,227,5,16,1,-47.198,-69.789,1.303
2012-05-05-04_47_35.416,227,5,16,1,-47.286,-69.769,1.503
2012-05-05-04_47_35.417,227,5,16,1,-47.257,-69.792,1.403
2012-05-05-04_47_35.417,227,6,16,1,-56.227,-69.863,1.403
2012-05-05-04_47_35.418,227,6,16,1,-56.200,-69.764,1.403
2012-05-05-04_47_35.418,227,6,16,1,-56.303,-69.845,1.403
2012-05-05-04_47_35.419,227,7,16,1,-65.198,-69.782,2.203
2012-05-05-04_47_35.419,227,7,16,1,-65.202,-69.780,2.203
2012-05-05-04_47_35.420,227,7,16,1,-65.182,-69.680,2.203
2012-05-05-04_47_35.420,227,0,17,0,2.254,-74.281,2.215
2012-05-05-04_47_35.420,227,0,17,0,2.288,-74.190,2.215
2012-05-05-04_47_35.421,227,0,17,0,2.190,-74.258,2.215
2012-05-05-04_47_35.422,227,1,17,0,-6.752,-74.293,2.015
2012-05-05-04_47_35.422,227,1,17,0,-6.833,-74.273,2.015
2012-05-05-04_47_35.423,227,1,17,0,-6.774,-74.206,2.015
2012-05-05-04_47_35.423,227,2,17,0,-15.711,-74.210,1.415
2012-05-05-04_47_35.423,227,2,17,0,-15.775,-74.188,1.315
2012-05-05-04_47_35.424,227,2,17,0,-15.721,-74.138,1.315
2012-05-05-04_47_35.424,227,3,17,0,-24.733,-74.293,1.815
2012-05-05-04_47_35.425,227,3,17,0,-24.699,-74.202,1.815
2012-05-05-04_47_35.426,227,3,17,0,-24.797,-74.270,1.815
2012-05-05-04_47_35.427,227,4,17,0,-33.730,-74.295,1.115
2012-05-05-04_47_35.427,227,4,17,0,-33.695,-74.204,1.115
2012-05-05-04_47_35.428,227,4,17,0,-33.793,-74.272,1.115
2012-05-05-04_47_35.429,227,5,17,0,-42.739,-74.290,1.515
2012-05-05-04_47_35.429,227,5,17,0,-42.686,-74.341,1.515
2012-05-05-04_47_35.430,227,5,17,0,-42.783,-74.308,1.515
2012-05-05-04_47_35.430,227,6,17,0,-51.775,-74.355,1.315
2012-05-05-04_47_35.431,227,6,17,0,-51.741,-74.264,1.315
2012-05-05-04_47_35.431,227,6,17,0,-51.687,-74.316,1.315
2012-05-05-04_47_35.432,227,7,17,0,-60.670,-74.291,2.215
2012-05-05-04_47_35.433,227,7,17,0,-60.733,-74.269,3.415
2012-05-05-04_47_35.434,227,7,17,0,-60.679,-74.219,2.215
2012-05-05-04_47_35.434,227,0,17,1,-2.196,-74.285,2.324
2012-05-05-04_47_35.435,227,0,17,1,-2.169,-74.188,2.324
2012-05-05-04_47_35.435,227,0,17,1,-2.272,-74.269,2.324
2012-05-05-04_47_35.436,227,1,17,1,-11.214,-74.292,1.924
2012-05-05-04_47_35.436,227,1,17,1,-11.343,-74.220,1.924
2012-05-05-04_47_35.437,227,1,17,1,-11.236,-74.206,1.924
2012-05-05-04_47_35.437,227,2,17,1,-20.161,-74.215,1.324
2012-05-05-04_47_35.438,227,2,17,1,-20.237,-74.199,1.424
2012-05-05-04_47_35.439,227,2,17,1,-20.244,-74.197,1.324
2012-05-05-04_47_35.440,227,3,17,1,-29.183,-74.297,1.524
2012-05-05-04_47_35.440,227,3,17,1,-29.156,-74.201,1.724
2012-05-05-04_47_35.441,227,3,17,1,-29.259,-74.281,1.524
2012-05-05-04_47_35.441,227,4,17,1,-38.180,-74.299,1.124
2012-05-05-04_47_35.441,227,4,17,1,-38.152,-74.202,1.124
2012-05-05-04_47_35.442,227,4,17,1,-38.255,-74.283,1.024
2012-05-05-04_47_35.442,227,5,17,1,-47.196,-74.288,1.724
2012-05-05-04_47_35.443,227,5,17,1,-47.284,-74.267,1.624
2012-05-05-04_47_35.444,227,5,17,1,-47.255,-74.292,1.724
2012-05-05-04_47_35.444,227,6,17,1,-56.225,-74.360,1.424
2012-05-05-04_47_35.445,227,6,17,1,-56.198,-74.263,1.524
2012-05-05-04_47_35.445,227,6,17,1,-56.301,-74.343,1.524
2012-05-05-04_47_35.446,227,7,17,1,-65.195,-74.279,2.224
2012-05-05-04_47_35.446,227,7,17,1,-65.203,-74.278,2.224
2012-05-05-04_47_35.447,227,7,17,1,-65.180,-74.178,2.224
2012-05-05-04_47_35.447,227,0,18,0,2.265,-78.779,2.033
2012-05-05-04_47_35.448,227,0,18,0,2.293,-78.689,2.033
2012-05-05-04_47_35.448,227,0,18,0,2.187,-78.756,2.033
2012-05-05-04_47_35.449,227,1,18,0,-6.750,-78.789,1.933
2012-05-05-04_47_35.449,227,1,18,0,-6.831,-78.769,1.833
2012-05-05-04_47_35.449,227,1,18,0,-6.772,-78.704,1.833
2012-05-05-04_47_35.450,227,2,18,0,-15.700,-78.709,1.433
2012-05-05-04_47_35.450,227,2,18,0,-15.778,-78.686,1.433
2012-05-05-04_47_35.451,227,2,18,0,-15.721,-78.639,1.533
2012-05-05-04_47_35.451,227,3,18,0,-24.722,-78.791,1.833
2012-05-05-04_47_35.452,227,3,18,0,-24.694,-78.701,1.833
2012-05-05-04_47_35.452,227,3,18,0,-24.800,-78.768,1.833
2012-05-05-04_47_35.453,227,4,18,0,-33.718,-78.793,1.133
2012-05-05-04_47_35.453,227,4,18,0,-33.691,-78.703,1.133
2012-05-05-04_47_35.454,227,4,18,0,-33.796,-78.770,1.133
2012-05-05-04_47_35.454,227,5,18,0,-42.734,-78.789,1.833
2012-05-05-04_47_35.454,227,5,18,0,-42.684,-78.837,1.833
2012-05-05-04_47_35.455,227,5,18,0,-42.783,-78.809,1.833
2012-05-05-04_47_35.456,227,6,18,0,-51.764,-78.854,1.633
2012-05-05-04_47_35.456,227,6,18,0,-51.736,-78.764,1.633
2012-05-05-04_47_35.457,227,6,18,0,-51.685,-78.812,1.633
2012-05-05-04_47_35.457,227,7,18,0,-60.658,-78.790,2.333
2012-05-05-04_47_35.457,227,7,18,0,-60.736,-78.767,2.433
2012-05-05-04_47_35.458,227,7,18,0,-60.680,-78.720,2.433
2012-05-05-04_47_35.458,227,0,18,1,-2.194,-78.787,2.042
2012-05-05-04_47_35.459,227,0,18,1,-2.169,-78.689,2.041
2012-05-05-04_47_35.459,227,0,18,1,-2.270,-78.766,2.041
2012-05-05-04_47_35.460,227,1,18,1,-11.212,-78.788,1.842
2012-05-05-04_47_35.460,227,1,18,1,-11.344,-78.720,1.841
2012-05-05-04_47_35.461,227,1,18,1,-11.236,-78.703,1.841
2012-05-05-04_47_35.461,227,2,18,1,-20.159,-78.717,1.442
2012-05-05-04_47_35.462,227,2,18,1,-20.235,-78.696,1.441
2012-05-05-04_47_35.462,227,2,18,1,-20.242,-78.694,1.441
2012-05-05-04_47_35.463,227,3,18,1,-29.181,-78.799,1.542
2012-05-05-04_47_35.463,227,3,18,1,-29.156,-78.701,1.841
2012-05-05-04_47_35.464,227,3,18,1,-29.257,-78.778,1.841
2012-05-05-04_47_35.464,227,4,18,1,-38.178,-78.801,1.242
2012-05-05-04_47_35.465,227,4,18,1,-38.153,-78.703,1.241
2012-05-05-04_47_35.465,227,4,18,1,-38.253,-78.780,1.141
2012-05-05-04_47_35.466,227,5,18,1,-47.196,-78.788,1.641
2012-05-05-04_47_35.466,227,5,18,1,-47.284,-78.764,13.241
2012-05-05-04_47_35.467,227,5,18,1,-47.253,-78.793,1.741
2012-05-05-04_47_35.467,227,6,18,1,-56.223,-78.862,1.642
2012-05-05-04_47_35.468,227,6,18,1,-56.198,-78.763,1.541
2012-05-05-04_47_35.468,227,6,18,1,-56.299,-78.840,1.541
2012-05-05-04_47_35.469,227,7,18,1,-65.193,-78.777,2.341
2012-05-05-04_47_35.469,227,7,18,1,-65.201,-78.774,2.341
2012-05-05-04_47_35.471,227,7,18,1,-65.181,-78.675,13.541
2012-05-05-04_47_35.471,227,0,19,0,2.265,-83.281,1.953
2012-05-05-04_47_35.472,227,0,19,0,2.295,-83.196,2.053
2012-05-05-04_47_35.473,227,0,19,0,2.189,-83.253,1.953
2012-05-05-04_47_35.473,227,1,19,0,-6.751,-83.290,1.953
2012-05-05-04_47_35.473,227,1,19,0,-6.831,-83.269,1.853
2012-05-05-04_47_35.474,227,1,19,0,-6.772,-83.212,1.853
2012-05-05-04_47_35.474,227,2,19,0,-15.700,-83.211,1.453
2012-05-05-04_47_35.475,227,2,19,0,-15.775,-83.183,1.453
2012-05-05-04_47_35.475,227,2,19,0,-15.721,-83.142,1.453
2012-05-05-04_47_35.476,227,3,19,0,-24.722,-83.294,1.853
2012-05-05-04_47_35.476,227,3,19,0,-24.692,-83.208,1.853
2012-05-05-04_47_35.477,227,3,19,0,-24.798,-83.266,1.853
2012-05-05-04_47_35.477,227,4,19,0,-33.719,-83.295,1.153
2012-05-05-04_47_35.478,227,4,19,0,-33.689,-83.210,1.153
2012-05-05-04_47_35.478,227,4,19,0,-33.794,-83.267,1.153
2012-05-05-04_47_35.479,227,5,19,0,-42.732,-83.296,1.853
2012-05-05-04_47_35.479,227,5,19,0,-42.684,-83.337,1.753
2012-05-05-04_47_35.480,227,5,19,0,-42.784,-83.312,1.753
2012-05-05-04_47_35.480,227,6,19,0,-51.764,-83.356,1.553
2012-05-05-04_47_35.481,227,6,19,0,-51.734,-83.270,1.553
2012-05-05-04_47_35.481,227,6,19,0,-51.840,-83.328,1.553
2012-05-05-04_47_35.482,227,7,19,0,-60.659,-83.292,2.353
2012-05-05-04_47_35.482,227,7,19,0,-60.734,-83.264,2.353
2012-05-05-04_47_35.483,227,7,19,0,-60.680,-83.223,2.453
2012-05-05-04_47_35.483,227,0,19,1,-2.195,-83.292,2.065
2012-05-05-04_47_35.484,227,0,19,1,-2.167,-83.196,2.065
2012-05-05-04_47_35.484,227,0,19,1,-2.268,-83.266,2.065
2012-05-05-04_47_35.485,227,1,19,1,-11.213,-83.290,1.865
2012-05-05-04_47_35.486,227,1,19,1,-11.342,-83.227,1.865
2012-05-05-04_47_35.486,227,1,19,1,-11.237,-83.210,1.865
2012-05-05-04_47_35.487,227,2,19,1,-20.160,-83.222,1.465
2012-05-05-04_47_35.487,227,2,19,1,-20.233,-83.195,1.465
2012-05-05-04_47_35.488,227,2,19,1,-20.240,-83.195,1.565
2012-05-05-04_47_35.488,227,3,19,1,-29.182,-83.305,1.865
2012-05-05-04_47_35.489,227,3,19,1,-29.154,-83.208,1.865
2012-05-05-04_47_35.489,227,3,19,1,-29.255,-83.278,1.765
2012-05-05-04_47_35.490,227,4,19,1,-38.178,-83.306,1.265
2012-05-05-04_47_35.490,227,4,19,1,-38.151,-83.210,1.265
2012-05-05-04_47_35.491,227,4,19,1,-38.251,-83.280,1.265
2012-05-05-04_47_35.491,227,5,19,1,-47.194,-83.296,1.565
2012-05-05-04_47_35.492,227,5,19,1,-47.282,-83.270,1.765
2012-05-05-04_47_35.492,227,5,19,1,-47.253,-83.298,1.565
2012-05-05-04_47_35.493,227,6,19,1,-56.224,-83.367,1.565
2012-05-05-04_47_35.493,227,6,19,1,-56.196,-83.270,1.565
2012-05-05-04_47_35.494,227,6,19,1,-56.297,-83.340,1.565
2012-05-05-04_47_35.494,227,7,19,1,-65.191,-83.276,2.365
2012-05-05-04_47_35.495,227,7,19,1,-65.199,-83.276,2.465
2012-05-05-04_47_35.495,227,7,19,1,-65.179,-83.181,2.365
2012-05-05-04_47_35.496,227,0,20,0,2.267,-87.783,2.078
2012-05-05-04_47_35.496,227,0,20,0,2.294,-87.696,1.978
2012-05-05-04_47_35.497,227,0,20,0,2.187,-87.753,1.978
2012-05-05-04_47_35.497,227,1,20,0,-6.754,-87.794,1.878
2012-05-05-04_47_35.498,227,1,20,0,-6.829,-87.768,1.878
2012-05-05-04_47_35.498,227,1,20,0,-6.770,-87.716,1.778
2012-05-05-04_47_35.498,227,2,20,0,-15.698,-87.713,1.478
2012-05-05-04_47_35.499,227,2,20,0,-15.778,-87.683,1.478
2012-05-05-04_47_35.499,227,2,20,0,-15.719,-87.640,1.478
2012-05-05-04_47_35.500,227,3,20,0,-24.720,-87.796,1.878
2012-05-05-04_47_35.500,227,3,20,0,-24.693,-87.709,1.878
2012-05-05-04_47_35.501,227,3,20,0,-24.800,-87.766,1.778
2012-05-05-04_47_35.501,227,4,20,0,-33.717,-87.797,1.178
2012-05-05-04_47_35.502,227,4,20,0,-33.689,-87.710,1.078
2012-05-05-04_47_35.503,227,4,20,0,-33.797,-87.767,1.078
2012-05-05-04_47_35.504,227,5,20,0,-42.733,-87.796,1.778
2012-05-05-04_47_35.504,227,5,20,0,-42.682,-87.836,1.678
2012-05-05-04_47_35.504,227,5,20,0,-42.782,-87.810,1.678
2012-05-05-04_47_35.505,227,6,20,0,-51.762,-87.858,1.578
2012-05-05-04_47_35.505,227,6,20,0,-51.735,-87.771,1.578
2012-05-05-04_47_35.506,227,6,20,0,-51.684,-87.810,1.578
2012-05-05-04_47_35.506,227,7,20,0,-60.657,-87.794,2.378
2012-05-05-04_47_35.507,227,7,20,0,-60.737,-87.764,2.378
2012-05-05-04_47_35.507,227,7,20,0,-60.678,-87.721,2.378
2012-05-05-04_47_35.508,227,0,20,1,-2.190,-87.791,1.987
2012-05-05-04_47_35.508,227,0,20,1,-2.168,-87.696,2.087
2012-05-05-04_47_35.509,227,0,20,1,-2.268,-87.783,2.087
2012-05-05-04_47_35.509,227,1,20,1,-11.216,-87.794,13.187
2012-05-05-04_47_35.510,227,2,20,1,-20.155,-87.721,1.587
2012-05-05-04_47_35.510,227,2,20,1,-20.233,-87.713,1.487
2012-05-05-04_47_35.511,227,2,20,1,-20.243,-87.704,1.587
2012-05-05-04_47_35.511,227,3,20,1,-29.177,-87.803,1.787
2012-05-05-04_47_35.512,227,3,20,1,-29.155,-87.708,1.887
2012-05-05-04_47_35.512,227,3,20,1,-29.255,-87.795,1.787
2012-05-05-04_47_35.513,227,4,20,1,-38.174,-87.805,1.287
2012-05-05-04_47_35.513,227,4,20,1,-38.151,-87.710,1.287
2012-05-05-04_47_35.514,227,4,20,1,-38.252,-87.797,1.287
2012-05-05-04_47_35.514,227,5,20,1,-47.195,-87.796,1.787
2012-05-05-04_47_35.515,227,5,20,1,-47.244,-87.810,1.687
2012-05-05-04_47_35.515,227,6,20,1,-56.219,-87.866,1.687
2012-05-05-04_47_35.516,227,6,20,1,-56.197,-87.771,1.587
2012-05-05-04_47_35.516,227,6,20,1,-56.297,-87.857,1.587
2012-05-05-04_47_35.517,227,7,20,1,-65.192,-87.794,2.387
2012-05-05-04_47_35.517,227,7,20,1,-65.202,-87.784,2.387
2012-05-05-04_47_35.518,227,7,20,1,-65.140,-87.721,2.487
2012-05-05-04_47_35.518,227,0,21,0,2.266,-92.283,2.096
2012-05-05-04_47_35.519,227,0,21,0,2.294,-92.190,2.096
2012-05-05-04_47_35.519,227,0,21,0,2.186,-92.257,2.096
2012-05-05-04_47_35.520,227,1,21,0,-6.754,-92.296,1.896
2012-05-05-04_47_35.520,227,1,21,0,-6.830,-92.269,1.896
2012-05-05-04_47_35.521,227,1,21,0,-6.773,-92.210,1.896
2012-05-05-04_47_35.521,227,2,21,0,-15.698,-92.213,1.396
2012-05-05-04_47_35.522,227,2,21,0,-15.779,-92.187,1.396
2012-05-05-04_47_35.522,227,2,21,0,-15.717,-92.135,1.396
2012-05-05-04_47_35.523,227,3,21,0,-24.720,-92.295,1.796
2012-05-05-04_47_35.523,227,3,21,0,-24.693,-92.202,1.896
2012-05-05-04_47_35.524,227,3,21,0,-24.801,-92.269,1.796
2012-05-05-04_47_35.524,227,4,21,0,-33.717,-92.297,1.196
2012-05-05-04_47_35.524,227,4,21,0,-33.690,-92.204,1.096
2012-05-05-04_47_35.525,227,4,21,0,-33.797,-92.271,1.096
2012-05-05-04_47_35.525,227,5,21,0,-42.733,-92.290,1.796
2012-05-05-04_47_35.526,227,5,21,0,-42.682,-92.337,1.496
2012-05-05-04_47_35.526,227,5,21,0,-42.780,-92.305,1.796
2012-05-05-04_47_35.527,227,6,21,0,-51.762,-92.358,1.496
2012-05-05-04_47_35.527,227,6,21,0,-51.735,-92.265,1.596
2012-05-05-04_47_35.528,227,6,21,0,-51.684,-92.312,1.596
2012-05-05-04_47_35.528,227,7,21,0,-60.657,-92.294,2.396
2012-05-05-04_47_35.529,227,7,21,0,-60.737,-92.268,2.396
2012-05-05-04_47_35.529,227,7,21,0,-60.676,-92.216,2.396
2012-05-05-04_47_35.530,227,0,21,1,-2.193,-92.289,2.104
2012-05-05-04_47_35.530,227,0,21,1,-2.168,-92.190,2.104
2012-05-05-04_47_35.531,227,0,21,1,-2.269,-92.270,2.104
2012-05-05-04_47_35.531,227,1,21,1,-11.214,-92.296,2.004
2012-05-05-04_47_35.532,227,1,21,1,-11.342,-92.222,2.004
2012-05-05-04_47_35.532,227,1,21,1,-11.235,-92.210,2.004
2012-05-05-04_47_35.533,227,2,21,1,-20.158,-92.219,1.504
2012-05-05-04_47_35.533,227,2,21,1,-20.234,-92.200,1.504
2012-05-05-04_47_35.535,227,2,21,1,-20.241,-92.199,1.404
2012-05-05-04_47_35.535,227,3,21,1,-29.180,-92.301,1.704
2012-05-05-04_47_35.536,227,3,21,1,-29.155,-92.202,1.804
2012-05-05-04_47_35.537,227,3,21,1,-29.256,-92.282,1.804
2012-05-05-04_47_35.538,227,4,21,1,-38.177,-92.303,1.204
2012-05-05-04_47_35.538,227,4,21,1,-38.152,-92.204,1.204
2012-05-05-04_47_35.539,227,4,21,1,-38.252,-92.284,1.204
2012-05-05-04_47_35.539,227,5,21,1,-47.195,-92.290,1.604
2012-05-05-04_47_35.540,227,5,21,1,-47.281,-92.270,1.604
2012-05-05-04_47_35.540,227,5,21,1,-47.251,-92.291,1.604
2012-05-05-04_47_35.541,227,6,21,1,-56.222,-92.364,1.504
2012-05-05-04_47_35.541,227,6,21,1,-56.197,-92.264,1.604
2012-05-05-04_47_35.542,227,6,21,1,-56.298,-92.344,1.604
2012-05-05-04_47_35.542,227,7,21,1,-65.192,-92.281,2.304
2012-05-05-04_47_35.543,227,7,21,1,-65.200,-92.280,2.304
2012-05-05-04_47_35.543,227,7,21,1,-65.177,-92.181,2.404
2012-05-05-04_47_35.544,227,0,22,0,2.269,-96.779,2.016
2012-05-05-04_47_35.544,227,0,22,0,2.296,-96.691,2.016
2012-05-05-04_47_35.545,227,0,22,0,2.186,-96.757,2.016
2012-05-05-04_47_35.545,227,1,22,0,-6.757,-96.794,1.916
2012-05-05-04_47_35.546,227,1,22,0,-6.830,-96.774,1.816
2012-05-05-04_47_35.546,227,1,22,0,-6.776,-96.708,1.916
2012-05-05-04_47_35.547,227,2,22,0,-15.696,-96.709,1.316
2012-05-05-04_47_35.547,227,2,22,0,-15.779,-96.687,1.316
2012-05-05-04_47_35.548,227,2,22,0,-15.715,-96.639,1.316
2012-05-05-04_47_35.548,227,3,22,0,-24.718,-96.792,1.816
2012-05-05-04_47_35.549,227,3,22,0,-24.691,-96.703,1.816
2012-05-05-04_47_35.549,227,3,22,0,-24.801,-96.769,1.916
2012-05-05-04_47_35.550,227,4,22,0,-33.715,-96.793,1.116
2012-05-05-04_47_35.550,227,4,22,0,-33.688,-96.705,1.116
2012-05-05-04_47_35.550,227,4,22,0,-33.798,-96.771,1.116
2012-05-05-04_47_35.551,227,5,22,0,-42.731,-96.791,1.816
2012-05-05-04_47_35.551,227,5,22,0,-42.683,-96.842,1.516
2012-05-05-04_47_35.552,227,5,22,0,-42.778,-96.809,1.816
2012-05-05-04_47_35.552,227,6,22,0,-51.760,-96.854,1.616
2012-05-05-04_47_35.553,227,6,22,0,-51.733,-96.766,1.616
2012-05-05-04_47_35.553,227,6,22,0,-51.685,-96.817,1.516
2012-05-05-04_47_35.554,227,7,22,0,-60.655,-96.790,2.316
2012-05-05-04_47_35.554,227,7,22,0,-60.738,-96.768,2.316
2012-05-05-04_47_35.555,227,7,22,0,-60.674,-96.720,2.316
2012-05-05-04_47_35.556,227,0,22,1,-2.194,-96.786,2.125
2012-05-05-04_47_35.556,227,0,22,1,-2.168,-96.691,2.125
2012-05-05-04_47_35.556,227,0,22,1,-2.264,-96.768,2.125
2012-05-05-04_47_35.557,227,1,22,1,-11.214,-96.794,1.925
2012-05-05-04_47_35.557,227,1,22,1,-11.343,-96.723,1.925
2012-05-05-04_47_35.558,227,1,22,1,-11.235,-96.708,1.925
2012-05-05-04_47_35.558,227,2,22,1,-20.158,-96.716,1.425
2012-05-05-04_47_35.559,227,2,22,1,-20.229,-96.698,1.425
2012-05-05-04_47_35.559,227,2,22,1,-20.234,-96.697,1.525
2012-05-05-04_47_35.560,227,3,22,1,-29.181,-96.798,1.625
2012-05-05-04_47_35.560,227,3,22,1,-29.155,-96.703,1.725
2012-05-05-04_47_35.561,227,3,22,1,-29.251,-96.780,1.725
2012-05-05-04_47_35.561,227,4,22,1,-38.177,-96.800,1.225
2012-05-05-04_47_35.562,227,4,22,1,-38.152,-96.705,1.225
2012-05-05-04_47_35.562,227,4,22,1,-38.248,-96.782,1.225
2012-05-05-04_47_35.563,227,5,22,1,-47.196,-96.791,1.625
2012-05-05-04_47_35.563,227,5,22,1,-47.279,-96.768,1.625
2012-05-05-04_47_35.564,227,5,22,1,-47.249,-96.791,1.625
2012-05-05-04_47_35.564,227,6,22,1,-56.223,-96.860,1.625
2012-05-05-04_47_35.565,227,6,22,1,-56.197,-96.766,1.625
2012-05-05-04_47_35.565,227,6,22,1,-56.293,-96.843,1.525
2012-05-05-04_47_35.566,227,7,22,1,-65.188,-96.779,2.125
2012-05-05-04_47_35.566,227,7,22,1,-65.193,-96.778,2.125
2012-05-05-04_47_35.568,227,7,22,1,-65.175,-96.679,2.325
2012-05-05-04_47_35.568,227,0,23,0,2.271,-101.279,1.940
2012-05-05-04_47_35.569,227,0,23,0,2.296,-101.190,2.040
2012-05-05-04_47_35.569,227,0,23,0,2.190,-101.254,2.040
2012-05-05-04_47_35.570,227,1,23,0,-6.757,-101.289,1.840
2012-05-05-04_47_35.570,227,1,23,0,-6.828,-101.270,1.840
2012-05-05-04_47_35.571,227,1,23,0,-6.776,-101.205,1.840
2012-05-05-04_47_35.571,227,2,23,0,-15.694,-101.208,1.240
2012-05-05-04_47_35.572,227,2,23,0,-15.775,-101.184,1.240
2012-05-05-04_47_35.572,227,2,23,0,-15.716,-101.140,1.240
2012-05-05-04_47_35.573,227,3,23,0,-24.716,-101.291,1.840
2012-05-05-04_47_35.573,227,3,23,0,-24.691,-101.203,1.740
2012-05-05-04_47_35.573,227,3,23,0,-24.797,-101.266,1.740
2012-05-05-04_47_35.574,227,4,23,0,-33.713,-101.293,1.140
2012-05-05-04_47_35.574,227,4,23,0,-33.688,-101.204,1.140
2012-05-05-04_47_35.575,227,4,23,0,-33.793,-101.268,1.040
2012-05-05-04_47_35.575,227,5,23,0,-42.732,-101.290,1.640
2012-05-05-04_47_35.576,227,5,23,0,-42.681,-101.338,1.440
2012-05-05-04_47_35.576,227,5,23,0,-42.778,-101.309,1.640
2012-05-05-04_47_35.577,227,6,23,0,-51.758,-101.353,1.540
2012-05-05-04_47_35.577,227,6,23,0,-51.733,-101.265,1.540
2012-05-05-04_47_35.578,227,6,23,0,-51.839,-101.329,1.540
2012-05-05-04_47_35.578,227,7,23,0,-60.653,-101.289,13.440
2012-05-05-04_47_35.579,227,7,23,0,-60.733,-101.265,2.240
2012-05-05-04_47_35.579,227,7,23,0,-60.675,-101.220,2.240
2012-05-05-04_47_35.580,227,0,23,1,-2.179,-101.276,2.140
2012-05-05-04_47_35.580,227,0,23,1,-2.169,-101.190,2.140
2012-05-05-04_47_35.581,227,0,23,1,-2.265,-101.264,2.040
2012-05-05-04_47_35.581,227,1,23,1,-11.354,-101.308,1.940
2012-05-05-04_47_35.582,227,1,23,1,-11.343,-101.222,1.940
2012-05-05-04_47_35.582,227,1,23,1,-11.236,-101.204,1.940
2012-05-05-04_47_35.583,227,2,23,1,-20.144,-101.206,1.440
2012-05-05-04_47_35.583,227,2,23,1,-20.230,-101.194,1.440
2012-05-05-04_47_35.583,227,2,23,1,-20.234,-101.194,1.440
2012-05-05-04_47_35.584,227,3,23,1,-29.166,-101.288,1.640
2012-05-05-04_47_35.584,227,3,23,1,-29.156,-101.202,1.840
2012-05-05-04_47_35.585,227,3,23,1,-29.252,-101.276,1.840
2012-05-05-04_47_35.585,227,4,23,1,-38.163,-101.290,1.140
2012-05-05-04_47_35.586,227,4,23,1,-38.152,-101.204,1.240
2012-05-05-04_47_35.586,227,4,23,1,-38.248,-101.278,1.140
2012-05-05-04_47_35.587,227,5,23,1,-47.196,-101.290,1.540
2012-05-05-04_47_35.588,227,5,23,1,-47.279,-101.266,1.540
2012-05-05-04_47_35.589,227,5,23,1,-47.250,-101.292,1.540
2012-05-05-04_47_35.590,227,6,23,1,-56.208,-101.351,1.540
2012-05-05-04_47_35.590,227,6,23,1,-56.198,-101.265,1.540
2012-05-05-04_47_35.591,227,6,23,1,-56.294,-101.339,1.540
2012-05-05-04_47_35.591,227,7,23,1,-65.188,-101.275,2.140
2012-05-05-04_47_35.591,227,7,23,1,-65.193,-101.274,2.140
2012-05-05-04_47_35.592,227,7,23,1,-65.175,-101.177,2.140
