2012-05-04-12_06_20.973,13,0,0,0,2.213,2.238,12.969
2012-05-04-12_06_20.974,13,0,0,0,2.191,2.239,12.969
2012-05-04-12_06_20.976,13,0,0,0,2.206,2.266,12.969
2012-05-04-12_06_20.978,13,1,0,0,-6.987,2.226,12.569
2012-05-04-12_06_20.979,13,1,0,0,-7.009,2.227,12.569
2012-05-04-12_06_20.981,13,1,0,0,-6.994,2.254,12.569
2012-05-04-12_06_20.983,13,2,0,0,-15.799,2.347,11.969
2012-05-04-12_06_20.985,13,2,0,0,-15.821,2.348,11.969
2012-05-04-12_06_20.986,13,2,0,0,-15.807,2.375,11.969
2012-05-04-12_06_20.986,13,3,0,0,-24.818,2.269,12.369
2012-05-04-12_06_20.987,13,3,0,0,-24.840,2.270,12.369
2012-05-04-12_06_20.987,13,3,0,0,-24.825,2.297,12.369
2012-05-04-12_06_21.001,13,4,0,0,-33.804,2.280,11.369
2012-05-04-12_06_21.002,13,4,0,0,-33.826,2.280,11.369
2012-05-04-12_06_21.003,13,4,0,0,-33.811,2.307,11.369
2012-05-04-12_06_21.004,13,5,0,0,-42.879,2.194,12.369
2012-05-04-12_06_21.004,13,5,0,0,-42.901,2.195,12.369
2012-05-04-12_06_21.005,13,5,0,0,-42.886,2.221,12.369
2012-05-04-12_06_21.006,13,6,0,0,-51.816,2.231,11.469
2012-05-04-12_06_21.006,13,6,0,0,-51.838,2.231,11.469
2012-05-04-12_06_21.007,13,6,0,0,-51.823,2.258,11.469
2012-05-04-12_06_21.007,13,7,0,0,-60.748,2.305,12.669
2012-05-04-12_06_21.008,13,7,0,0,-60.770,2.306,12.669
2012-05-04-12_06_21.008,13,7,0,0,-60.756,2.333,12.669
2012-05-04-12_06_21.009,13,0,0,1,-2.229,2.230,12.670
2012-05-04-12_06_21.009,13,0,0,1,-2.259,2.236,12.670
2012-05-04-12_06_21.010,13,0,0,1,-2.241,2.265,12.670
2012-05-04-12_06_21.010,13,1,0,1,-11.429,2.219,12.470
2012-05-04-12_06_21.011,13,1,0,1,-11.458,2.225,12.470
2012-05-04-12_06_21.011,13,1,0,1,-11.441,2.254,12.370
2012-05-04-12_06_21.012,13,2,0,1,-20.242,2.340,11.870
2012-05-04-12_06_21.012,13,2,0,1,-20.271,2.346,11.870
2012-05-04-12_06_21.013,13,2,0,1,-20.254,2.375,11.870
2012-05-04-12_06_21.013,13,3,0,1,-29.260,2.262,12.170
2012-05-04-12_06_21.014,13,3,0,1,-29.290,2.268,12.070
2012-05-04-12_06_21.014,13,3,0,1,-29.273,2.297,12.070
2012-05-04-12_06_21.015,13,4,0,1,-38.246,2.272,11.370
2012-05-04-12_06_21.015,13,4,0,1,-38.275,2.278,11.370
2012-05-04-12_06_21.016,13,4,0,1,-38.258,2.307,11.270
2012-05-04-12_06_21.016,13,5,0,1,-47.321,2.186,12.270
2012-05-04-12_06_21.017,13,5,0,1,-47.351,2.192,12.270
2012-05-04-12_06_21.017,13,5,0,1,-47.333,2.221,12.170
2012-05-04-12_06_21.018,13,6,0,1,-56.258,2.223,10.970
2012-05-04-12_06_21.018,13,6,0,1,-56.288,2.229,10.870
2012-05-04-12_06_21.018,13,6,0,1,-56.271,2.258,10.570
2012-05-04-12_06_21.019,13,7,0,1,-65.191,2.297,12.670
2012-05-04-12_06_21.019,13,7,0,1,-65.220,2.304,12.670
2012-05-04-12_06_21.020,13,7,0,1,-65.203,2.333,12.570
2012-05-04-12_06_21.020,13,0,1,0,2.255,-2.260,12.980
2012-05-04-12_06_21.021,13,0,1,0,2.235,-2.259,13.080
2012-05-04-12_06_21.021,13,0,1,0,2.250,-2.235,12.980
2012-05-04-12_06_21.022,13,1,1,0,-6.945,-2.272,12.580
2012-05-04-12_06_21.022,13,1,1,0,-6.965,-2.271,12.580
2012-05-04-12_06_21.023,13,1,1,0,-6.950,-2.247,12.680
2012-05-04-12_06_21.023,13,2,1,0,-15.758,-2.151,12.080
2012-05-04-12_06_21.024,13,2,1,0,-15.777,-2.150,12.080
2012-05-04-12_06_21.024,13,2,1,0,-15.763,-2.126,12.080
2012-05-04-12_06_21.024,13,3,1,0,-24.776,-2.229,12.380
2012-05-04-12_06_21.025,13,3,1,0,-24.796,-2.228,12.380
2012-05-04-12_06_21.025,13,3,1,0,-24.781,-2.204,12.380
2012-05-04-12_06_21.026,13,4,1,0,-33.762,-2.218,11.480
2012-05-04-12_06_21.026,13,4,1,0,-33.782,-2.218,11.480
2012-05-04-12_06_21.027,13,4,1,0,-33.767,-2.193,11.480
2012-05-04-12_06_21.027,13,5,1,0,-42.837,-2.304,12.480
2012-05-04-12_06_21.028,13,5,1,0,-42.857,-2.303,12.380
2012-05-04-12_06_21.028,13,5,1,0,-42.842,-2.279,12.480
2012-05-04-12_06_21.029,13,6,1,0,-51.774,-2.267,11.780
2012-05-04-12_06_21.029,13,6,1,0,-51.794,-2.266,11.780
2012-05-04-12_06_21.030,13,6,1,0,-51.779,-2.242,11.780
2012-05-04-12_06_21.030,13,7,1,0,-60.707,-2.193,12.680
2012-05-04-12_06_21.031,13,7,1,0,-60.726,-2.192,12.680
2012-05-04-12_06_21.031,13,7,1,0,-60.712,-2.168,12.680
2012-05-04-12_06_21.032,13,0,1,1,-2.193,-2.268,12.684
2012-05-04-12_06_21.032,13,0,1,1,-2.220,-2.260,12.684
2012-05-04-12_06_21.033,13,0,1,1,-2.202,-2.236,12.684
2012-05-04-12_06_21.033,13,1,1,1,-11.393,-2.279,12.584
2012-05-04-12_06_21.034,13,1,1,1,-11.419,-2.272,12.484
2012-05-04-12_06_21.034,13,1,1,1,-11.402,-2.247,12.484
2012-05-04-12_06_21.035,13,2,1,1,-20.205,-2.158,11.984
2012-05-04-12_06_21.035,13,2,1,1,-20.232,-2.151,11.984
2012-05-04-12_06_21.036,13,2,1,1,-20.215,-2.126,11.984
2012-05-04-12_06_21.037,13,3,1,1,-29.224,-2.236,12.184
2012-05-04-12_06_21.038,13,3,1,1,-29.251,-2.229,12.184
2012-05-04-12_06_21.038,13,3,1,1,-29.234,-2.204,12.084
2012-05-04-12_06_21.039,13,4,1,1,-38.210,-2.226,11.484
2012-05-04-12_06_21.039,13,4,1,1,-38.236,-2.219,11.384
2012-05-04-12_06_21.040,13,4,1,1,-38.219,-2.194,11.384
2012-05-04-12_06_21.040,13,5,1,1,-47.285,-2.312,12.284
2012-05-04-12_06_21.041,13,5,1,1,-47.312,-2.305,12.284
2012-05-04-12_06_21.042,13,5,1,1,-47.294,-2.280,12.184
2012-05-04-12_06_21.042,13,6,1,1,-56.222,-2.275,10.884
2012-05-04-12_06_21.043,13,6,1,1,-56.249,-2.268,10.884
2012-05-04-12_06_21.044,13,6,1,1,-56.232,-2.243,10.584
2012-05-04-12_06_21.044,13,7,1,1,-65.154,-2.201,12.584
2012-05-04-12_06_21.045,13,7,1,1,-65.181,-2.193,12.584
2012-05-04-12_06_21.045,13,7,1,1,-65.164,-2.169,12.584
2012-05-04-12_06_21.046,13,0,2,0,2.301,-6.759,12.992
2012-05-04-12_06_21.047,13,0,2,0,2.279,-6.758,13.092
2012-05-04-12_06_21.048,13,0,2,0,2.294,-6.739,12.992
2012-05-04-12_06_21.048,13,1,2,0,-6.899,-6.771,12.692
2012-05-04-12_06_21.049,13,1,2,0,-6.921,-6.770,12.692
2012-05-04-12_06_21.049,13,1,2,0,-6.906,-6.750,12.692
2012-05-04-12_06_21.050,13,2,2,0,-15.711,-6.650,12.092
2012-05-04-12_06_21.050,13,2,2,0,-15.733,-6.649,12.092
2012-05-04-12_06_21.051,13,2,2,0,-15.719,-6.629,12.092
2012-05-04-12_06_21.051,13,3,2,0,-24.730,-6.728,12.392
2012-05-04-12_06_21.052,13,3,2,0,-24.752,-6.727,12.392
2012-05-04-12_06_21.052,13,3,2,0,-24.737,-6.707,12.392
2012-05-04-12_06_21.053,13,4,2,0,-33.716,-6.718,11.592
2012-05-04-12_06_21.053,13,4,2,0,-33.738,-6.717,11.592
2012-05-04-12_06_21.053,13,4,2,0,-33.723,-6.697,11.592
2012-05-04-12_06_21.054,13,5,2,0,-42.791,-6.804,12.492
2012-05-04-12_06_21.054,13,5,2,0,-42.813,-6.803,12.492
2012-05-04-12_06_21.055,13,5,2,0,-42.798,-6.783,12.492
2012-05-04-12_06_21.055,13,6,2,0,-51.728,-6.767,11.892
2012-05-04-12_06_21.056,13,6,2,0,-51.750,-6.766,11.892
2012-05-04-12_06_21.056,13,6,2,0,-51.735,-6.746,11.892
2012-05-04-12_06_21.057,13,7,2,0,-60.661,-6.692,12.692
2012-05-04-12_06_21.057,13,7,2,0,-60.682,-6.691,12.692
2012-05-04-12_06_21.058,13,7,2,0,-60.668,-6.671,12.692
2012-05-04-12_06_21.058,13,0,2,1,-2.154,-6.766,12.798
2012-05-04-12_06_21.059,13,0,2,1,-2.180,-6.758,12.697
2012-05-04-12_06_21.059,13,0,2,1,-2.168,-6.739,12.697
2012-05-04-12_06_21.059,13,1,2,1,-11.354,-6.778,12.598
2012-05-04-12_06_21.060,13,1,2,1,-11.380,-6.770,12.497
2012-05-04-12_06_21.060,13,1,2,1,-11.368,-6.750,12.497
2012-05-04-12_06_21.061,13,2,2,1,-20.166,-6.657,11.998
2012-05-04-12_06_21.062,13,2,2,1,-20.193,-6.649,11.897
2012-05-04-12_06_21.062,13,2,2,1,-20.181,-6.629,11.997
2012-05-04-12_06_21.063,13,3,2,1,-29.185,-6.735,12.198
2012-05-04-12_06_21.063,13,3,2,1,-29.212,-6.727,12.097
2012-05-04-12_06_21.064,13,3,2,1,-29.199,-6.707,12.097
2012-05-04-12_06_21.064,13,4,2,1,-38.170,-6.725,11.498
2012-05-04-12_06_21.065,13,4,2,1,-38.197,-6.716,11.397
2012-05-04-12_06_21.065,13,4,2,1,-38.185,-6.697,11.397
2012-05-04-12_06_21.065,13,5,2,1,-47.246,-6.811,12.398
2012-05-04-12_06_21.066,13,5,2,1,-47.272,-6.802,12.297
2012-05-04-12_06_21.066,13,5,2,1,-47.260,-6.783,12.297
2012-05-04-12_06_21.067,13,6,2,1,-56.183,-6.774,11.098
2012-05-04-12_06_21.067,13,6,2,1,-56.393,-6.807,10.597
2012-05-04-12_06_21.068,13,6,2,1,-56.197,-6.746,1.797
2012-05-04-12_06_21.068,13,7,2,1,-64.986,-6.829,12.797
2012-05-04-12_06_21.069,13,7,2,1,-65.142,-6.691,11.097
2012-05-04-12_06_21.070,13,7,2,1,-65.130,-6.671,2.697
2012-05-04-12_06_21.071,13,0,3,0,2.340,-11.258,13.006
2012-05-04-12_06_21.071,13,0,3,0,2.323,-11.258,13.106
2012-05-04-12_06_21.072,13,0,3,0,2.277,-11.329,13.206
2012-05-04-12_06_21.072,13,1,3,0,-6.860,-11.270,12.806
2012-05-04-12_06_21.073,13,1,3,0,-6.877,-11.269,12.706
2012-05-04-12_06_21.073,13,1,3,0,-6.923,-11.341,12.806
2012-05-04-12_06_21.074,13,2,3,0,-15.672,-11.149,12.206
2012-05-04-12_06_21.074,13,2,3,0,-15.690,-11.148,12.206
2012-05-04-12_06_21.074,13,2,3,0,-15.736,-11.220,12.306
2012-05-04-12_06_21.075,13,3,3,0,-24.691,-11.226,12.506
2012-05-04-12_06_21.075,13,3,3,0,-24.708,-11.226,12.506
2012-05-04-12_06_21.076,13,3,3,0,-24.754,-11.298,12.606
2012-05-04-12_06_21.076,13,4,3,0,-33.677,-11.216,11.606
2012-05-04-12_06_21.077,13,4,3,0,-33.694,-11.216,11.606
2012-05-04-12_06_21.077,13,4,3,0,-33.740,-11.287,11.906
2012-05-04-12_06_21.078,13,5,3,0,-42.752,-11.302,12.506
2012-05-04-12_06_21.078,13,5,3,0,-42.769,-11.302,12.506
2012-05-04-12_06_21.079,13,5,3,0,-42.815,-11.373,12.606
2012-05-04-12_06_21.079,13,6,3,0,-51.689,-11.265,11.906
2012-05-04-12_06_21.080,13,6,3,0,-51.706,-11.265,11.906
2012-05-04-12_06_21.080,13,6,3,0,-51.752,-11.336,12.106
2012-05-04-12_06_21.080,13,7,3,0,-60.485,-11.331,12.806
2012-05-04-12_06_21.081,13,7,3,0,-60.951,-11.323,12.906
2012-05-04-12_06_21.081,13,7,3,0,-60.602,-11.072,1.206
2012-05-04-12_06_21.082,13,0,3,1,-2.107,-11.266,12.815
2012-05-04-12_06_21.082,13,0,3,1,-2.139,-11.258,12.815
2012-05-04-12_06_21.083,13,0,3,1,-2.132,-11.235,12.715
2012-05-04-12_06_21.083,13,1,3,1,-11.307,-11.278,12.615
2012-05-04-12_06_21.084,13,1,3,1,-11.339,-11.270,12.615
2012-05-04-12_06_21.084,13,1,3,1,-11.332,-11.247,12.615
2012-05-04-12_06_21.085,13,2,3,1,-20.120,-11.157,12.015
2012-05-04-12_06_21.085,13,2,3,1,-20.152,-11.149,12.015
2012-05-04-12_06_21.085,13,2,3,1,-20.144,-11.126,12.015
2012-05-04-12_06_21.086,13,3,3,1,-29.138,-11.235,12.315
2012-05-04-12_06_21.086,13,3,3,1,-29.170,-11.226,12.315
2012-05-04-12_06_21.087,13,3,3,1,-29.163,-11.204,12.215
2012-05-04-12_06_21.087,13,4,3,1,-38.124,-11.224,11.515
2012-05-04-12_06_21.088,13,4,3,1,-38.156,-11.216,11.515
2012-05-04-12_06_21.088,13,4,3,1,-38.149,-11.193,11.415
2012-05-04-12_06_21.089,13,5,3,1,-47.199,-11.310,12.315
2012-05-04-12_06_21.090,13,5,3,1,-47.231,-11.302,12.315
2012-05-04-12_06_21.090,13,5,3,1,-47.224,-11.279,12.315
2012-05-04-12_06_21.091,13,6,3,1,-56.078,-11.338,11.615
2012-05-04-12_06_21.091,13,6,3,1,-56.444,-11.334,11.015
2012-05-04-12_06_21.092,13,6,3,1,-56.161,-11.242,0.715
2012-05-04-12_06_21.092,13,7,3,1,-65.069,-11.199,12.615
2012-05-04-12_06_21.093,13,7,3,1,-65.474,-11.281,12.615
2012-05-04-12_06_21.093,13,7,3,1,-65.071,-11.072,1.515
2012-05-04-12_06_21.093,13,0,4,0,2.384,-15.757,12.926
2012-05-04-12_06_21.094,13,0,4,0,2.362,-15.757,13.026
2012-05-04-12_06_21.094,13,0,4,0,2.377,-15.732,12.926
2012-05-04-12_06_21.095,13,1,4,0,-6.816,-15.769,12.726
2012-05-04-12_06_21.095,13,1,4,0,-6.838,-15.768,12.826
2012-05-04-12_06_21.096,13,1,4,0,-6.823,-15.744,12.826
2012-05-04-12_06_21.097,13,2,4,0,-15.628,-15.648,12.226
2012-05-04-12_06_21.098,13,2,4,0,-15.650,-15.647,12.226
2012-05-04-12_06_21.098,13,2,4,0,-15.636,-15.623,12.226
2012-05-04-12_06_21.099,13,3,4,0,-24.647,-15.726,12.526
2012-05-04-12_06_21.099,13,3,4,0,-24.669,-15.725,12.526
2012-05-04-12_06_21.100,13,3,4,0,-24.654,-15.701,12.526
2012-05-04-12_06_21.100,13,4,4,0,-33.633,-15.716,11.526
2012-05-04-12_06_21.101,13,4,4,0,-33.655,-15.715,11.626
2012-05-04-12_06_21.101,13,4,4,0,-33.640,-15.690,11.526
2012-05-04-12_06_21.102,13,5,4,0,-42.708,-15.802,12.526
2012-05-04-12_06_21.102,13,5,4,0,-42.730,-15.801,12.526
2012-05-04-12_06_21.102,13,5,4,0,-42.715,-15.776,12.526
2012-05-04-12_06_21.103,13,6,4,0,-51.645,-15.765,11.726
2012-05-04-12_06_21.104,13,6,4,0,-51.667,-15.764,11.826
2012-05-04-12_06_21.104,13,6,4,0,-51.652,-15.739,11.726
2012-05-04-12_06_21.105,13,7,4,0,-60.578,-15.690,5.326
2012-05-04-12_06_21.105,13,7,4,0,-60.599,-15.689,5.326
2012-05-04-12_06_21.106,13,7,4,0,-60.585,-15.665,6.626
2012-05-04-12_06_21.106,13,0,4,1,-2.071,-15.768,12.834
2012-05-04-12_06_21.107,13,0,4,1,-2.100,-15.758,12.834
2012-05-04-12_06_21.107,13,0,4,1,-2.083,-15.732,12.834
2012-05-04-12_06_21.108,13,1,4,1,-11.271,-15.780,12.634
2012-05-04-12_06_21.108,13,1,4,1,-11.300,-15.770,12.634
2012-05-04-12_06_21.109,13,1,4,1,-11.283,-15.744,12.634
2012-05-04-12_06_21.109,13,2,4,1,-20.083,-15.659,12.134
2012-05-04-12_06_21.110,13,2,4,1,-20.112,-15.649,12.134
2012-05-04-12_06_21.110,13,2,4,1,-20.095,-15.623,12.034
2012-05-04-12_06_21.111,13,3,4,1,-29.102,-15.737,12.334
2012-05-04-12_06_21.111,13,3,4,1,-29.131,-15.727,12.234
2012-05-04-12_06_21.112,13,3,4,1,-29.114,-15.701,12.234
2012-05-04-12_06_21.112,13,4,4,1,-38.087,-15.727,11.534
2012-05-04-12_06_21.113,13,4,4,1,-38.117,-15.717,11.534
2012-05-04-12_06_21.113,13,4,4,1,-38.100,-15.690,11.434
2012-05-04-12_06_21.114,13,5,4,1,-47.163,-15.813,12.334
2012-05-04-12_06_21.114,13,5,4,1,-47.192,-15.803,12.334
2012-05-04-12_06_21.114,13,5,4,1,-47.175,-15.776,12.234
2012-05-04-12_06_21.115,13,6,4,1,-56.100,-15.776,0.434
2012-05-04-12_06_21.115,13,6,4,1,-56.129,-15.766,0.634
2012-05-04-12_06_21.116,13,6,4,1,-56.112,-15.739,0.634
2012-05-04-12_06_21.116,13,7,4,1,-64.898,-15.835,12.934
2012-05-04-12_06_21.117,13,7,4,1,-65.062,-15.691,9.734
2012-05-04-12_06_21.117,13,7,4,1,-65.044,-15.665,6.834
2012-05-04-12_06_21.118,13,0,5,0,2.423,-20.262,13.041
2012-05-04-12_06_21.118,13,0,5,0,2.409,-20.259,12.942
2012-05-04-12_06_21.119,13,0,5,0,2.360,-20.323,13.142
2012-05-04-12_06_21.119,13,1,5,0,-6.777,-20.273,12.841
2012-05-04-12_06_21.120,13,1,5,0,-6.791,-20.270,12.842
2012-05-04-12_06_21.120,13,1,5,0,-6.840,-20.335,12.842
2012-05-04-12_06_21.121,13,2,5,0,-15.589,-20.152,12.241
2012-05-04-12_06_21.121,13,2,5,0,-15.604,-20.149,12.242
2012-05-04-12_06_21.122,13,2,5,0,-15.653,-20.214,12.442
2012-05-04-12_06_21.122,13,3,5,0,-24.608,-20.230,12.541
2012-05-04-12_06_21.123,13,3,5,0,-24.623,-20.227,12.542
2012-05-04-12_06_21.123,13,3,5,0,-24.671,-20.292,12.642
2012-05-04-12_06_21.124,13,4,5,0,-33.594,-20.220,11.841
2012-05-04-12_06_21.124,13,4,5,0,-33.608,-20.217,11.842
2012-05-04-12_06_21.125,13,4,5,0,-33.657,-20.281,12.042
2012-05-04-12_06_21.125,13,5,5,0,-42.669,-20.306,12.641
2012-05-04-12_06_21.126,13,5,5,0,-42.684,-20.303,12.642
2012-05-04-12_06_21.131,13,5,5,0,-42.732,-20.367,12.742
2012-05-04-12_06_21.132,13,6,5,0,-51.606,-20.269,12.041
2012-05-04-12_06_21.132,13,6,5,0,-51.621,-20.266,12.042
2012-05-04-12_06_21.133,13,6,5,0,-51.669,-20.330,12.242
2012-05-04-12_06_21.133,13,7,5,0,-60.324,-20.403,12.942
2012-05-04-12_06_21.134,13,7,5,0,-60.963,-20.346,12.942
2012-05-04-12_06_21.134,13,7,5,0,-60.521,-20.071,1.342
2012-05-04-12_06_21.135,13,0,5,1,-2.024,-20.271,12.848
2012-05-04-12_06_21.135,13,0,5,1,-2.056,-20.262,12.848
2012-05-04-12_06_21.136,13,0,5,1,-2.046,-20.235,12.848
2012-05-04-12_06_21.136,13,1,5,1,-11.224,-20.283,12.748
2012-05-04-12_06_21.136,13,1,5,1,-11.256,-20.273,12.648
2012-05-04-12_06_21.137,13,1,5,1,-11.246,-20.247,12.648
2012-05-04-12_06_21.137,13,2,5,1,-20.037,-20.162,12.248
2012-05-04-12_06_21.138,13,2,5,1,-20.069,-20.152,12.148
2012-05-04-12_06_21.138,13,2,5,1,-20.059,-20.126,12.048
2012-05-04-12_06_21.139,13,3,5,1,-29.055,-20.240,12.348
2012-05-04-12_06_21.139,13,3,5,1,-29.087,-20.230,12.348
2012-05-04-12_06_21.140,13,3,5,1,-29.077,-20.204,12.248
2012-05-04-12_06_21.140,13,4,5,1,-38.041,-20.230,11.648
2012-05-04-12_06_21.141,13,4,5,1,-38.073,-20.220,11.648
2012-05-04-12_06_21.141,13,4,5,1,-38.063,-20.193,11.548
2012-05-04-12_06_21.142,13,5,5,1,-47.116,-20.315,12.548
2012-05-04-12_06_21.142,13,5,5,1,-47.148,-20.306,12.448
2012-05-04-12_06_21.143,13,5,5,1,-47.138,-20.279,12.348
2012-05-04-12_06_21.143,13,6,5,1,-55.990,-20.331,11.648
2012-05-04-12_06_21.144,13,6,5,1,-56.456,-20.355,11.648
2012-05-04-12_06_21.144,13,6,5,1,-56.075,-20.242,0.648
2012-05-04-12_06_21.145,13,7,5,1,-64.854,-20.330,12.748
2012-05-04-12_06_21.145,13,7,5,1,-65.105,-20.210,2.748
2012-05-04-12_06_21.146,13,7,5,1,-64.983,-20.070,1.448
2012-05-04-12_06_21.146,13,0,6,0,2.467,-24.760,12.955
2012-05-04-12_06_21.146,13,0,6,0,2.448,-24.761,13.155
2012-05-04-12_06_21.147,13,0,6,0,2.465,-24.738,13.055
2012-05-04-12_06_21.147,13,1,6,0,-6.733,-24.772,12.755
2012-05-04-12_06_21.148,13,1,6,0,-6.752,-24.773,12.855
2012-05-04-12_06_21.148,13,1,6,0,-6.735,-24.749,12.855
2012-05-04-12_06_21.149,13,2,6,0,-15.545,-24.651,12.255
2012-05-04-12_06_21.150,13,2,6,0,-15.565,-24.652,12.255
2012-05-04-12_06_21.150,13,2,6,0,-15.548,-24.628,12.255
2012-05-04-12_06_21.151,13,3,6,0,-24.564,-24.729,12.555
2012-05-04-12_06_21.151,13,3,6,0,-24.584,-24.730,12.655
2012-05-04-12_06_21.153,13,3,6,0,-24.566,-24.706,12.555
2012-05-04-12_06_21.153,13,4,6,0,-33.550,-24.718,11.555
2012-05-04-12_06_21.154,13,4,6,0,-33.569,-24.720,11.655
2012-05-04-12_06_21.154,13,4,6,0,-33.552,-24.696,11.555
2012-05-04-12_06_21.155,13,5,6,0,-42.625,-24.804,12.455
2012-05-04-12_06_21.155,13,5,6,0,-42.644,-24.806,12.455
2012-05-04-12_06_21.156,13,5,6,0,-42.627,-24.782,12.455
2012-05-04-12_06_21.156,13,6,6,0,-51.494,-24.834,11.655
2012-05-04-12_06_21.157,13,6,6,0,-51.582,-24.769,11.255
2012-05-04-12_06_21.157,13,6,6,0,-51.545,-24.651,0.855
2012-05-04-12_06_21.157,13,7,6,0,-60.495,-24.693,1.455
2012-05-04-12_06_21.158,13,7,6,0,-60.514,-24.694,1.455
2012-05-04-12_06_21.158,13,7,6,0,-60.497,-24.670,1.455
2012-05-04-12_06_21.159,13,0,6,1,-1.978,-24.768,12.861
2012-05-04-12_06_21.159,13,0,6,1,-2.007,-24.759,12.861
2012-05-04-12_06_21.160,13,0,6,1,-1.936,-24.712,12.861
2012-05-04-12_06_21.160,13,1,6,1,-11.178,-24.779,12.661
2012-05-04-12_06_21.161,13,1,6,1,-11.207,-24.771,12.661
2012-05-04-12_06_21.161,13,1,6,1,-11.136,-24.724,12.561
2012-05-04-12_06_21.162,13,2,6,1,-19.990,-24.658,12.161
2012-05-04-12_06_21.162,13,2,6,1,-20.020,-24.650,12.161
2012-05-04-12_06_21.168,13,2,6,1,-19.949,-24.603,12.061
2012-05-04-12_06_21.168,13,3,6,1,-29.009,-24.736,12.361
2012-05-04-12_06_21.169,13,3,6,1,-29.038,-24.727,12.261
2012-05-04-12_06_21.170,13,3,6,1,-28.967,-24.681,12.161
2012-05-04-12_06_21.170,13,4,6,1,-37.865,-24.855,11.761
2012-05-04-12_06_21.171,13,4,6,1,-38.024,-24.717,2.161
2012-05-04-12_06_21.171,13,4,6,1,-37.953,-24.671,0.961
2012-05-04-12_06_21.172,13,5,6,1,-47.070,-24.812,12.261
2012-05-04-12_06_21.172,13,5,6,1,-47.028,-24.756,1.161
2012-05-04-12_06_21.173,13,5,6,1,-47.082,-24.767,1.261
2012-05-04-12_06_21.173,13,6,6,1,-56.007,-24.775,0.961
2012-05-04-12_06_21.174,13,6,6,1,-56.036,-24.766,0.961
2012-05-04-12_06_21.174,13,6,6,1,-55.965,-24.719,0.961
2012-05-04-12_06_21.175,13,7,6,1,-64.810,-24.829,12.661
2012-05-04-12_06_21.175,13,7,6,1,-64.969,-24.692,4.561
2012-05-04-12_06_21.175,13,7,6,1,-64.898,-24.645,7.061
2012-05-04-12_06_21.176,13,0,7,0,2.509,-29.260,13.069
2012-05-04-12_06_21.176,13,0,7,0,2.489,-29.259,13.069
2012-05-04-12_06_21.177,13,0,7,0,2.504,-29.240,12.969
2012-05-04-12_06_21.177,13,1,7,0,-6.691,-29.272,12.869
2012-05-04-12_06_21.178,13,1,7,0,-6.711,-29.271,12.869
2012-05-04-12_06_21.178,13,1,7,0,-6.696,-29.252,12.869
2012-05-04-12_06_21.179,13,2,7,0,-15.504,-29.151,12.369
2012-05-04-12_06_21.179,13,2,7,0,-15.524,-29.150,12.269
2012-05-04-12_06_21.180,13,2,7,0,-15.509,-29.131,12.369
2012-05-04-12_06_21.180,13,3,7,0,-24.523,-29.229,12.569
2012-05-04-12_06_21.181,13,3,7,0,-24.542,-29.228,12.569
2012-05-04-12_06_21.182,13,3,7,0,-24.527,-29.209,12.569
2012-05-04-12_06_21.183,13,4,7,0,-33.508,-29.219,11.569
2012-05-04-12_06_21.183,13,4,7,0,-33.528,-29.218,11.569
2012-05-04-12_06_21.184,13,4,7,0,-33.513,-29.199,11.569
2012-05-04-12_06_21.184,13,5,7,0,-42.583,-29.304,12.469
2012-05-04-12_06_21.184,13,5,7,0,-42.603,-29.304,12.469
2012-05-04-12_06_21.185,13,5,7,0,-42.588,-29.285,12.469
2012-05-04-12_06_21.185,13,6,7,0,-51.521,-29.268,0.369
2012-05-04-12_06_21.186,13,6,7,0,-51.540,-29.267,3.469
2012-05-04-12_06_21.186,13,6,7,0,-51.525,-29.248,0.000
2012-05-04-12_06_21.187,13,7,7,0,-60.453,-29.193,1.569
2012-05-04-12_06_21.187,13,7,7,0,-60.473,-29.192,1.569
2012-05-04-12_06_21.188,13,7,7,0,-60.458,-29.173,1.569
2012-05-04-12_06_21.188,13,0,7,1,-1.934,-29.268,12.878
2012-05-04-12_06_21.189,13,0,7,1,-1.966,-29.260,12.878
2012-05-04-12_06_21.189,13,0,7,1,-1.949,-29.241,12.878
2012-05-04-12_06_21.190,13,1,7,1,-11.134,-29.279,12.778
2012-05-04-12_06_21.190,13,1,7,1,-11.166,-29.271,12.678
2012-05-04-12_06_21.191,13,1,7,1,-11.148,-29.253,12.778
2012-05-04-12_06_21.191,13,2,7,1,-19.947,-29.158,12.278
2012-05-04-12_06_21.192,13,2,7,1,-19.978,-29.150,12.178
2012-05-04-12_06_21.192,13,2,7,1,-19.961,-29.132,12.178
2012-05-04-12_06_21.193,13,3,7,1,-28.965,-29.236,12.478
2012-05-04-12_06_21.193,13,3,7,1,-28.997,-29.228,12.378
2012-05-04-12_06_21.194,13,3,7,1,-28.980,-29.210,12.378
2012-05-04-12_06_21.194,13,4,7,1,-37.826,-29.355,11.778
2012-05-04-12_06_21.195,13,4,7,1,-37.983,-29.218,2.178
2012-05-04-12_06_21.195,13,4,7,1,-37.965,-29.199,0.978
2012-05-04-12_06_21.196,13,5,7,1,-47.026,-29.312,12.278
2012-05-04-12_06_21.196,13,5,7,1,-47.058,-29.304,12.378
2012-05-04-12_06_21.196,13,5,7,1,-47.041,-29.285,12.278
2012-05-04-12_06_21.197,13,6,7,1,-55.963,-29.275,0.978
2012-05-04-12_06_21.197,13,6,7,1,-55.995,-29.267,1.078
2012-05-04-12_06_21.198,13,6,7,1,-55.978,-29.248,1.078
2012-05-04-12_06_21.198,13,7,7,1,-64.771,-29.329,12.678
2012-05-04-12_06_21.199,13,7,7,1,-64.927,-29.192,3.178
2012-05-04-12_06_21.200,13,7,7,1,-64.910,-29.174,1.778
2012-05-04-12_06_21.201,13,0,8,0,2.555,-33.759,13.088
2012-05-04-12_06_21.202,13,0,8,0,2.528,-33.758,13.088
2012-05-04-12_06_21.202,13,0,8,0,2.545,-33.738,12.988
2012-05-04-12_06_21.202,13,1,8,0,-6.645,-33.770,12.888
2012-05-04-12_06_21.203,13,1,8,0,-6.672,-33.770,12.888
2012-05-04-12_06_21.203,13,1,8,0,-6.655,-33.750,12.888
2012-05-04-12_06_21.204,13,2,8,0,-15.458,-33.649,12.288
2012-05-04-12_06_21.204,13,2,8,0,-15.484,-33.649,12.388
2012-05-04-12_06_21.205,13,2,8,0,-15.467,-33.629,12.288
2012-05-04-12_06_21.205,13,3,8,0,-24.476,-33.727,12.688
2012-05-04-12_06_21.206,13,3,8,0,-24.503,-33.726,12.688
2012-05-04-12_06_21.206,13,3,8,0,-24.486,-33.707,12.588
2012-05-04-12_06_21.207,13,4,8,0,-33.462,-33.717,11.688
2012-05-04-12_06_21.207,13,4,8,0,-33.489,-33.716,11.688
2012-05-04-12_06_21.208,13,4,8,0,-33.472,-33.697,11.588
2012-05-04-12_06_21.208,13,5,8,0,-42.537,-33.803,12.588
2012-05-04-12_06_21.209,13,5,8,0,-42.564,-33.802,12.588
2012-05-04-12_06_21.210,13,5,8,0,-42.547,-33.783,12.588
2012-05-04-12_06_21.211,13,6,8,0,-51.474,-33.766,11.388
2012-05-04-12_06_21.211,13,6,8,0,-51.501,-33.765,11.288
2012-05-04-12_06_21.212,13,6,8,0,-51.484,-33.746,0.000
2012-05-04-12_06_21.212,13,7,8,0,-60.407,-33.691,1.588
2012-05-04-12_06_21.213,13,7,8,0,-60.433,-33.691,1.488
2012-05-04-12_06_21.213,13,7,8,0,-60.416,-33.671,1.588
2012-05-04-12_06_21.214,13,0,8,1,-1.897,-33.766,12.997
2012-05-04-12_06_21.214,13,0,8,1,-1.922,-33.757,12.897
2012-05-04-12_06_21.215,13,0,8,1,-1.907,-33.738,12.897
2012-05-04-12_06_21.215,13,1,8,1,-11.097,-33.778,12.797
2012-05-04-12_06_21.216,13,1,8,1,-11.122,-33.769,12.797
2012-05-04-12_06_21.216,13,1,8,1,-11.107,-33.750,12.797
2012-05-04-12_06_21.217,13,2,8,1,-19.910,-33.657,12.297
2012-05-04-12_06_21.217,13,2,8,1,-19.934,-33.648,12.197
2012-05-04-12_06_21.218,13,2,8,1,-19.920,-33.629,12.297
2012-05-04-12_06_21.218,13,3,8,1,-28.928,-33.735,12.397
2012-05-04-12_06_21.219,13,3,8,1,-28.953,-33.726,12.397
2012-05-04-12_06_21.219,13,3,8,1,-28.938,-33.707,12.397
2012-05-04-12_06_21.220,13,4,8,1,-37.716,-33.926,12.097
2012-05-04-12_06_21.220,13,4,8,1,-37.939,-33.715,0.997
2012-05-04-12_06_21.221,13,4,8,1,-37.924,-33.696,0.897
2012-05-04-12_06_21.221,13,5,8,1,-46.989,-33.811,12.497
2012-05-04-12_06_21.222,13,5,8,1,-47.014,-33.801,12.397
2012-05-04-12_06_21.222,13,5,8,1,-46.999,-33.782,12.397
2012-05-04-12_06_21.223,13,6,8,1,-55.926,-33.774,1.097
2012-05-04-12_06_21.223,13,6,8,1,-55.951,-33.764,1.197
2012-05-04-12_06_21.224,13,6,8,1,-55.936,-33.745,1.297
2012-05-04-12_06_21.224,13,7,8,1,-64.859,-33.699,12.697
2012-05-04-12_06_21.224,13,7,8,1,-64.981,-33.706,1.797
2012-05-04-12_06_21.225,13,7,8,1,-64.847,-33.573,1.897
2012-05-04-12_06_21.225,13,0,9,0,2.599,-38.258,13.104
2012-05-04-12_06_21.226,13,0,9,0,2.579,-38.258,13.105
2012-05-04-12_06_21.226,13,0,9,0,2.660,-38.214,13.005
2012-05-04-12_06_21.227,13,1,9,0,-6.601,-38.270,12.904
2012-05-04-12_06_21.227,13,1,9,0,-6.621,-38.269,12.905
2012-05-04-12_06_21.228,13,1,9,0,-6.540,-38.226,12.905
2012-05-04-12_06_21.228,13,2,9,0,-15.414,-38.149,12.404
2012-05-04-12_06_21.229,13,2,9,0,-15.433,-38.148,12.405
2012-05-04-12_06_21.229,13,2,9,0,-15.353,-38.105,12.305
2012-05-04-12_06_21.230,13,3,9,0,-24.432,-38.227,12.704
2012-05-04-12_06_21.230,13,3,9,0,-24.452,-38.226,12.705
2012-05-04-12_06_21.231,13,3,9,0,-24.371,-38.183,12.505
2012-05-04-12_06_21.231,13,4,9,0,-33.418,-38.216,11.804
2012-05-04-12_06_21.232,13,4,9,0,-33.438,-38.216,11.805
2012-05-04-12_06_21.233,13,4,9,0,-33.357,-38.173,11.605
2012-05-04-12_06_21.234,13,5,9,0,-42.288,-38.509,12.905
2012-05-04-12_06_21.234,13,5,9,0,-42.432,-38.259,1.105
2012-05-04-12_06_21.235,13,5,9,0,-42.498,-38.277,1.105
2012-05-04-12_06_21.235,13,6,9,0,-51.430,-38.265,11.704
2012-05-04-12_06_21.236,13,6,9,0,-51.450,-38.265,11.705
2012-05-04-12_06_21.236,13,6,9,0,-51.547,-38.259,11.805
2012-05-04-12_06_21.237,13,7,9,0,-60.363,-38.191,1.504
2012-05-04-12_06_21.237,13,7,9,0,-60.382,-38.191,1.605
2012-05-04-12_06_21.238,13,7,9,0,-60.302,-38.147,1.605
2012-05-04-12_06_21.238,13,0,9,1,-1.846,-38.268,13.011
2012-05-04-12_06_21.239,13,0,9,1,-1.875,-38.257,12.911
2012-05-04-12_06_21.239,13,0,9,1,-1.878,-38.305,13.111
2012-05-04-12_06_21.240,13,1,9,1,-11.046,-38.280,12.811
2012-05-04-12_06_21.240,13,1,9,1,-11.075,-38.269,12.811
2012-05-04-12_06_21.240,13,1,9,1,-11.078,-38.317,12.911
2012-05-04-12_06_21.241,13,2,9,1,-19.859,-38.159,12.311
2012-05-04-12_06_21.242,13,2,9,1,-19.888,-38.148,12.311
2012-05-04-12_06_21.242,13,2,9,1,-19.890,-38.196,12.311
2012-05-04-12_06_21.243,13,3,9,1,-28.877,-38.237,12.511
2012-05-04-12_06_21.243,13,3,9,1,-28.906,-38.226,12.411
2012-05-04-12_06_21.244,13,3,9,1,-28.909,-38.274,12.611
2012-05-04-12_06_21.244,13,4,9,1,-37.863,-38.227,11.711
2012-05-04-12_06_21.245,13,4,9,1,-38.163,-38.325,11.711
2012-05-04-12_06_21.245,13,4,9,1,-37.890,-38.191,6.411
2012-05-04-12_06_21.245,13,5,9,1,-46.748,-38.509,12.811
2012-05-04-12_06_21.246,13,5,9,1,-46.967,-38.301,2.811
2012-05-04-12_06_21.246,13,5,9,1,-46.970,-38.349,12.611
2012-05-04-12_06_21.247,13,6,9,1,-55.756,-38.411,12.211
2012-05-04-12_06_21.247,13,6,9,1,-55.904,-38.264,1.011
2012-05-04-12_06_21.248,13,6,9,1,-56.175,-38.374,11.611
2012-05-04-12_06_21.248,13,7,9,1,-64.808,-38.201,1.911
2012-05-04-12_06_21.249,13,7,9,1,-64.837,-38.190,1.911
2012-05-04-12_06_21.249,13,7,9,1,-64.839,-38.238,1.811
2012-05-04-12_06_21.250,13,0,10,0,2.645,-42.762,13.117
2012-05-04-12_06_21.250,13,0,10,0,2.621,-42.761,13.117
2012-05-04-12_06_21.250,13,0,10,0,2.636,-42.736,13.017
2012-05-04-12_06_21.251,13,1,10,0,-6.555,-42.773,13.017
2012-05-04-12_06_21.251,13,1,10,0,-6.579,-42.773,12.917
2012-05-04-12_06_21.252,13,1,10,0,-6.564,-42.748,12.917
2012-05-04-12_06_21.252,13,2,10,0,-15.367,-42.652,12.417
2012-05-04-12_06_21.253,13,2,10,0,-15.392,-42.652,12.317
2012-05-04-12_06_21.253,13,2,10,0,-15.377,-42.627,12.317
2012-05-04-12_06_21.254,13,3,10,0,-24.386,-42.730,12.617
2012-05-04-12_06_21.254,13,3,10,0,-24.410,-42.729,12.717
2012-05-04-12_06_21.255,13,3,10,0,-24.396,-42.704,12.617
2012-05-04-12_06_21.255,13,4,10,0,-33.372,-42.720,11.717
2012-05-04-12_06_21.256,13,4,10,0,-33.396,-42.719,11.817
2012-05-04-12_06_21.256,13,4,10,0,-33.381,-42.694,11.717
2012-05-04-12_06_21.257,13,5,10,0,-42.447,-42.806,6.817
2012-05-04-12_06_21.257,13,5,10,0,-42.471,-42.805,8.217
2012-05-04-12_06_21.258,13,5,10,0,-42.456,-42.780,4.017
2012-05-04-12_06_21.258,13,6,10,0,-51.384,-42.769,11.317
2012-05-04-12_06_21.259,13,6,10,0,-51.408,-42.768,11.317
2012-05-04-12_06_21.259,13,6,10,0,-51.367,-42.645,1.017
2012-05-04-12_06_21.260,13,7,10,0,-60.316,-42.694,1.617
2012-05-04-12_06_21.261,13,7,10,0,-60.341,-42.694,1.617
2012-05-04-12_06_21.262,13,7,10,0,-60.326,-42.669,1.617
2012-05-04-12_06_21.262,13,0,10,1,-1.805,-42.770,13.024
2012-05-04-12_06_21.263,13,0,10,1,-1.834,-42.759,12.924
2012-05-04-12_06_21.263,13,0,10,1,-1.819,-42.736,12.924
2012-05-04-12_06_21.264,13,1,10,1,-11.004,-42.782,12.924
2012-05-04-12_06_21.264,13,1,10,1,-11.034,-42.771,12.824
2012-05-04-12_06_21.265,13,1,10,1,-11.019,-42.748,12.824
2012-05-04-12_06_21.266,13,2,10,1,-19.817,-42.661,12.324
2012-05-04-12_06_21.266,13,2,10,1,-19.846,-42.650,12.324
2012-05-04-12_06_21.267,13,2,10,1,-19.832,-42.627,12.324
2012-05-04-12_06_21.267,13,3,10,1,-28.836,-42.739,12.524
2012-05-04-12_06_21.268,13,3,10,1,-28.865,-42.728,12.424
2012-05-04-12_06_21.268,13,3,10,1,-28.850,-42.704,12.524
2012-05-04-12_06_21.269,13,4,10,1,-37.821,-42.729,11.724
2012-05-04-12_06_21.269,13,4,10,1,-37.851,-42.718,5.024
2012-05-04-12_06_21.270,13,4,10,1,-37.836,-42.694,5.024
2012-05-04-12_06_21.270,13,5,10,1,-46.706,-43.014,12.924
2012-05-04-12_06_21.271,13,5,10,1,-46.926,-42.804,1.324
2012-05-04-12_06_21.271,13,5,10,1,-46.911,-42.780,1.324
2012-05-04-12_06_21.271,13,6,10,1,-55.834,-42.778,1.024
2012-05-04-12_06_21.272,13,6,10,1,-55.863,-42.767,0.824
2012-05-04-12_06_21.272,13,6,10,1,-55.848,-42.743,0.924
2012-05-04-12_06_21.273,13,7,10,1,-64.766,-42.703,4.624
2012-05-04-12_06_21.273,13,7,10,1,-64.795,-42.692,1.924
2012-05-04-12_06_21.274,13,7,10,1,-64.781,-42.669,1.924
2012-05-04-12_06_21.274,13,0,11,0,2.689,-47.260,13.033
2012-05-04-12_06_21.275,13,0,11,0,2.670,-47.259,13.033
2012-05-04-12_06_21.275,13,0,11,0,2.682,-47.235,13.033
2012-05-04-12_06_21.276,13,1,11,0,-6.511,-47.272,12.933
2012-05-04-12_06_21.276,13,1,11,0,-6.530,-47.271,12.933
2012-05-04-12_06_21.277,13,1,11,0,-6.518,-47.247,12.933
2012-05-04-12_06_21.277,13,2,11,0,-15.323,-47.151,12.333
2012-05-04-12_06_21.278,13,2,11,0,-15.343,-47.150,12.433
2012-05-04-12_06_21.278,13,2,11,0,-15.331,-47.126,12.333
2012-05-04-12_06_21.278,13,3,11,0,-24.342,-47.229,12.633
2012-05-04-12_06_21.279,13,3,11,0,-24.361,-47.227,12.733
2012-05-04-12_06_21.279,13,3,11,0,-24.349,-47.204,12.533
2012-05-04-12_06_21.280,13,4,11,0,-33.328,-47.219,11.933
2012-05-04-12_06_21.280,13,4,11,0,-33.347,-47.217,12.033
2012-05-04-12_06_21.281,13,4,11,0,-33.335,-47.194,11.833
2012-05-04-12_06_21.281,13,5,11,0,-42.403,-47.305,12.933
2012-05-04-12_06_21.282,13,5,11,0,-42.422,-47.303,12.933
2012-05-04-12_06_21.282,13,5,11,0,-42.410,-47.280,12.933
2012-05-04-12_06_21.283,13,6,11,0,-51.340,-47.268,12.033
2012-05-04-12_06_21.283,13,6,11,0,-51.359,-47.266,12.133
2012-05-04-12_06_21.284,13,6,11,0,-51.347,-47.243,11.933
2012-05-04-12_06_21.284,13,7,11,0,-60.143,-47.330,13.133
2012-05-04-12_06_21.285,13,7,11,0,-60.668,-47.287,13.133
2012-05-04-12_06_21.285,13,7,11,0,-60.258,-47.076,1.933
2012-05-04-12_06_21.286,13,0,11,1,-1.768,-47.267,13.042
2012-05-04-12_06_21.286,13,0,11,1,-1.797,-47.260,13.042
2012-05-04-12_06_21.287,13,0,11,1,-1.780,-47.237,12.942
2012-05-04-12_06_21.287,13,1,11,1,-10.968,-47.279,12.942
2012-05-04-12_06_21.288,13,1,11,1,-10.997,-47.272,12.842
2012-05-04-12_06_21.288,13,1,11,1,-10.980,-47.248,12.842
2012-05-04-12_06_21.289,13,2,11,1,-19.781,-47.158,12.342
2012-05-04-12_06_21.289,13,2,11,1,-19.810,-47.151,12.242
2012-05-04-12_06_21.290,13,2,11,1,-19.793,-47.127,12.342
2012-05-04-12_06_21.290,13,3,11,1,-28.799,-47.236,12.542
2012-05-04-12_06_21.291,13,3,11,1,-28.828,-47.229,12.542
2012-05-04-12_06_21.291,13,3,11,1,-28.811,-47.205,12.542
2012-05-04-12_06_21.292,13,4,11,1,-37.785,-47.225,11.842
2012-05-04-12_06_21.292,13,4,11,1,-37.814,-47.219,11.842
2012-05-04-12_06_21.293,13,4,11,1,-37.797,-47.195,11.742
2012-05-04-12_06_21.293,13,5,11,1,-46.860,-47.311,12.842
2012-05-04-12_06_21.294,13,5,11,1,-46.889,-47.305,12.742
2012-05-04-12_06_21.294,13,5,11,1,-46.872,-47.281,12.742
2012-05-04-12_06_21.295,13,6,11,1,-55.797,-47.274,0.942
2012-05-04-12_06_21.322,13,6,11,1,-55.826,-47.268,0.942
2012-05-04-12_06_21.326,13,6,11,1,-55.809,-47.244,0.942
2012-05-04-12_06_21.327,13,7,11,1,-64.730,-47.200,12.842
2012-05-04-12_06_21.329,13,7,11,1,-64.759,-47.193,12.842
2012-05-04-12_06_21.330,13,7,11,1,-64.742,-47.169,12.842
2012-05-04-12_06_21.332,13,0,12,0,2.731,-51.760,13.153
2012-05-04-12_06_21.333,13,0,12,0,2.709,-51.759,13.053
2012-05-04-12_06_21.335,13,0,12,0,2.723,-51.739,13.053
2012-05-04-12_06_21.336,13,1,12,0,-6.469,-51.771,12.953
2012-05-04-12_06_21.338,13,1,12,0,-6.491,-51.771,12.953
2012-05-04-12_06_21.340,13,1,12,0,-6.477,-51.751,12.953
2012-05-04-12_06_21.341,13,2,12,0,-15.282,-51.650,12.453
2012-05-04-12_06_21.343,13,2,12,0,-15.304,-51.650,12.353
2012-05-04-12_06_21.344,13,2,12,0,-15.289,-51.630,12.453
2012-05-04-12_06_21.345,13,3,12,0,-24.300,-51.728,12.553
2012-05-04-12_06_21.346,13,3,12,0,-24.322,-51.728,12.653
2012-05-04-12_06_21.347,13,3,12,0,-24.308,-51.708,12.653
2012-05-04-12_06_21.347,13,4,12,0,-33.286,-51.718,11.653
2012-05-04-12_06_21.348,13,4,12,0,-33.308,-51.717,11.653
2012-05-04-12_06_21.349,13,4,12,0,-33.293,-51.698,11.653
2012-05-04-12_06_21.349,13,5,12,0,-42.361,-51.804,12.753
2012-05-04-12_06_21.350,13,5,12,0,-42.383,-51.803,12.753
2012-05-04-12_06_21.350,13,5,12,0,-42.369,-51.784,12.753
2012-05-04-12_06_21.351,13,6,12,0,-51.298,-51.767,10.853
2012-05-04-12_06_21.351,13,6,12,0,-51.320,-51.766,10.853
2012-05-04-12_06_21.352,13,6,12,0,-51.306,-51.747,10.753
2012-05-04-12_06_21.352,13,7,12,0,-60.231,-51.692,12.853
2012-05-04-12_06_21.353,13,7,12,0,-60.253,-51.692,5.953
2012-05-04-12_06_21.353,13,7,12,0,-60.238,-51.672,7.053
2012-05-04-12_06_21.354,13,0,12,1,-1.729,-51.767,12.961
2012-05-04-12_06_21.354,13,0,12,1,-1.758,-51.761,12.961
2012-05-04-12_06_21.355,13,0,12,1,-1.741,-51.740,12.961
2012-05-04-12_06_21.356,13,1,12,1,-10.929,-51.778,12.861
2012-05-04-12_06_21.357,13,1,12,1,-10.958,-51.772,12.861
2012-05-04-12_06_21.357,13,1,12,1,-10.941,-51.751,12.861
2012-05-04-12_06_21.358,13,2,12,1,-19.741,-51.657,12.361
2012-05-04-12_06_21.358,13,2,12,1,-19.771,-51.651,12.361
2012-05-04-12_06_21.359,13,2,12,1,-19.754,-51.631,12.361
2012-05-04-12_06_21.359,13,3,12,1,-28.760,-51.735,12.561
2012-05-04-12_06_21.360,13,3,12,1,-28.789,-51.729,12.561
2012-05-04-12_06_21.360,13,3,12,1,-28.772,-51.708,12.461
2012-05-04-12_06_21.361,13,4,12,1,-37.746,-51.725,11.661
2012-05-04-12_06_21.361,13,4,12,1,-37.775,-51.719,11.661
2012-05-04-12_06_21.361,13,4,12,1,-37.738,-51.598,1.161
2012-05-04-12_06_21.362,13,5,12,1,-46.821,-51.811,12.661
2012-05-04-12_06_21.362,13,5,12,1,-46.850,-51.805,12.661
2012-05-04-12_06_21.363,13,5,12,1,-46.833,-51.784,12.561
2012-05-04-12_06_21.363,13,6,12,1,-55.758,-51.774,0.861
2012-05-04-12_06_21.364,13,6,12,1,-55.787,-51.768,0.961
2012-05-04-12_06_21.364,13,6,12,1,-55.770,-51.747,0.961
2012-05-04-12_06_21.365,13,7,12,1,-64.690,-51.699,12.861
2012-05-04-12_06_21.365,13,7,12,1,-64.720,-51.693,12.861
2012-05-04-12_06_21.366,13,7,12,1,-64.703,-51.673,12.861
2012-05-04-12_06_21.366,13,0,13,0,2.770,-56.259,13.068
2012-05-04-12_06_21.367,13,0,13,0,2.755,-56.257,13.169
2012-05-04-12_06_21.367,13,0,13,0,2.770,-56.238,13.069
2012-05-04-12_06_21.368,13,1,13,0,-6.430,-56.270,12.968
2012-05-04-12_06_21.368,13,1,13,0,-6.445,-56.269,12.869
2012-05-04-12_06_21.369,13,1,13,0,-6.430,-56.249,12.969
2012-05-04-12_06_21.369,13,2,13,0,-15.243,-56.149,12.468
2012-05-04-12_06_21.370,13,2,13,0,-15.257,-56.148,12.469
2012-05-04-12_06_21.370,13,2,13,0,-15.243,-56.128,12.469
2012-05-04-12_06_21.371,13,3,13,0,-24.261,-56.227,12.668
2012-05-04-12_06_21.371,13,3,13,0,-24.276,-56.226,12.669
2012-05-04-12_06_21.372,13,3,13,0,-24.261,-56.206,12.669
2012-05-04-12_06_21.373,13,4,13,0,-33.247,-56.217,11.668
2012-05-04-12_06_21.373,13,4,13,0,-33.262,-56.215,11.669
2012-05-04-12_06_21.374,13,4,13,0,-33.247,-56.196,11.569
2012-05-04-12_06_21.374,13,5,13,0,-42.322,-56.303,12.768
2012-05-04-12_06_21.375,13,5,13,0,-42.337,-56.301,12.769
2012-05-04-12_06_21.375,13,5,13,0,-42.322,-56.282,12.769
2012-05-04-12_06_21.376,13,6,13,0,-51.259,-56.266,10.968
2012-05-04-12_06_21.376,13,6,13,0,-51.274,-56.264,10.869
2012-05-04-12_06_21.377,13,6,13,0,-51.237,-56.147,1.069
2012-05-04-12_06_21.377,13,7,13,0,-59.989,-56.400,13.169
2012-05-04-12_06_21.378,13,7,13,0,-60.206,-56.190,2.969
2012-05-04-12_06_21.378,13,7,13,0,-60.192,-56.171,11.369
2012-05-04-12_06_21.379,13,0,13,1,-1.687,-56.267,13.075
2012-05-04-12_06_21.379,13,0,13,1,-1.717,-56.259,12.975
2012-05-04-12_06_21.380,13,0,13,1,-1.709,-56.236,12.975
2012-05-04-12_06_21.380,13,1,13,1,-10.887,-56.278,12.875
2012-05-04-12_06_21.381,13,1,13,1,-10.917,-56.271,12.875
2012-05-04-12_06_21.381,13,1,13,1,-10.909,-56.248,12.875
2012-05-04-12_06_21.382,13,2,13,1,-19.700,-56.157,12.375
2012-05-04-12_06_21.382,13,2,13,1,-19.729,-56.150,12.375
2012-05-04-12_06_21.382,13,2,13,1,-19.722,-56.127,12.375
2012-05-04-12_06_21.383,13,3,13,1,-28.718,-56.235,12.575
2012-05-04-12_06_21.383,13,3,13,1,-28.748,-56.228,12.575
2012-05-04-12_06_21.384,13,3,13,1,-28.740,-56.205,12.575
2012-05-04-12_06_21.384,13,4,13,1,-37.704,-56.225,11.675
2012-05-04-12_06_21.385,13,4,13,1,-37.734,-56.217,11.675
2012-05-04-12_06_21.385,13,4,13,1,-37.699,-56.098,1.075
2012-05-04-12_06_21.386,13,5,13,1,-46.779,-56.311,12.675
2012-05-04-12_06_21.386,13,5,13,1,-46.809,-56.303,12.675
2012-05-04-12_06_21.387,13,5,13,1,-46.775,-56.184,1.275
2012-05-04-12_06_21.387,13,6,13,1,-55.717,-56.274,0.975
2012-05-04-12_06_21.388,13,6,13,1,-55.746,-56.266,0.975
2012-05-04-12_06_21.388,13,6,13,1,-55.738,-56.244,1.075
2012-05-04-12_06_21.389,13,7,13,1,-64.649,-56.200,12.875
2012-05-04-12_06_21.389,13,7,13,1,-65.049,-56.281,12.975
2012-05-04-12_06_21.390,13,7,13,1,-64.644,-56.073,1.975
2012-05-04-12_06_21.390,13,0,14,0,2.814,-60.757,13.082
2012-05-04-12_06_21.391,13,0,14,0,2.799,-60.759,13.082
2012-05-04-12_06_21.391,13,0,14,0,2.806,-60.732,13.082
2012-05-04-12_06_21.392,13,1,14,0,-6.386,-60.769,12.982
2012-05-04-12_06_21.392,13,1,14,0,-6.401,-60.770,12.982
2012-05-04-12_06_21.393,13,1,14,0,-6.394,-60.744,12.982
2012-05-04-12_06_21.393,13,2,14,0,-15.199,-60.648,12.482
2012-05-04-12_06_21.394,13,2,14,0,-15.214,-60.649,12.482
2012-05-04-12_06_21.394,13,2,14,0,-15.206,-60.623,12.482
2012-05-04-12_06_21.395,13,3,14,0,-24.217,-60.726,12.682
2012-05-04-12_06_21.395,13,3,14,0,-24.232,-60.727,12.782
2012-05-04-12_06_21.396,13,3,14,0,-24.225,-60.701,12.682
2012-05-04-12_06_21.396,13,4,14,0,-33.203,-60.715,11.882
2012-05-04-12_06_21.397,13,4,14,0,-33.218,-60.717,11.882
2012-05-04-12_06_21.397,13,4,14,0,-33.210,-60.691,11.782
2012-05-04-12_06_21.398,13,5,14,0,-42.278,-60.801,12.882
2012-05-04-12_06_21.398,13,5,14,0,-42.293,-60.803,12.882
2012-05-04-12_06_21.399,13,5,14,0,-42.286,-60.777,12.882
2012-05-04-12_06_21.399,13,6,14,0,-51.215,-60.764,11.382
2012-05-04-12_06_21.400,13,6,14,0,-51.230,-60.766,11.582
2012-05-04-12_06_21.400,13,6,14,0,-51.223,-60.740,11.282
2012-05-04-12_06_21.401,13,7,14,0,-60.019,-60.835,13.182
2012-05-04-12_06_21.401,13,7,14,0,-60.541,-60.780,13.182
2012-05-04-12_06_21.402,13,7,14,0,-60.133,-60.570,1.882
2012-05-04-12_06_21.402,13,0,14,1,-1.646,-60.768,13.089
2012-05-04-12_06_21.403,13,0,14,1,-1.675,-60.758,13.089
2012-05-04-12_06_21.404,13,0,14,1,-1.663,-60.732,12.989
2012-05-04-12_06_21.405,13,1,14,1,-10.846,-60.780,12.889
2012-05-04-12_06_21.405,13,1,14,1,-10.875,-60.770,12.889
2012-05-04-12_06_21.406,13,1,14,1,-10.863,-60.744,12.789
2012-05-04-12_06_21.406,13,2,14,1,-19.658,-60.659,12.389
2012-05-04-12_06_21.408,13,2,14,1,-19.688,-60.649,12.389
2012-05-04-12_06_21.408,13,2,14,1,-19.676,-60.623,12.389
2012-05-04-12_06_21.409,13,3,14,1,-28.677,-60.737,12.589
2012-05-04-12_06_21.409,13,3,14,1,-28.706,-60.727,12.589
2012-05-04-12_06_21.410,13,3,14,1,-28.694,-60.701,12.489
2012-05-04-12_06_21.410,13,4,14,1,-37.663,-60.727,11.789
2012-05-04-12_06_21.411,13,4,14,1,-37.692,-60.717,11.789
2012-05-04-12_06_21.411,13,4,14,1,-37.680,-60.690,11.689
2012-05-04-12_06_21.411,13,5,14,1,-46.738,-60.813,12.789
2012-05-04-12_06_21.412,13,5,14,1,-46.767,-60.803,12.789
2012-05-04-12_06_21.413,13,5,14,1,-46.755,-60.776,12.689
2012-05-04-12_06_21.413,13,6,14,1,-55.675,-60.776,0.989
2012-05-04-12_06_21.414,13,6,14,1,-55.704,-60.766,0.989
2012-05-04-12_06_21.414,13,6,14,1,-55.692,-60.739,0.989
2012-05-04-12_06_21.415,13,7,14,1,-64.608,-60.701,12.889
2012-05-04-12_06_21.415,13,7,14,1,-64.813,-60.735,3.089
2012-05-04-12_06_21.416,13,7,14,1,-64.600,-60.569,1.989
2012-05-04-12_06_21.416,13,0,15,0,2.850,-65.262,13.098
2012-05-04-12_06_21.417,13,0,15,0,2.836,-65.259,13.199
2012-05-04-12_06_21.417,13,0,15,0,2.792,-65.323,13.299
2012-05-04-12_06_21.418,13,1,15,0,-6.350,-65.274,13.098
2012-05-04-12_06_21.418,13,1,15,0,-6.364,-65.271,13.099
2012-05-04-12_06_21.419,13,1,15,0,-6.408,-65.335,13.099
2012-05-04-12_06_21.419,13,2,15,0,-15.162,-65.153,12.498
2012-05-04-12_06_21.420,13,2,15,0,-15.177,-65.150,12.499
2012-05-04-12_06_21.420,13,2,15,0,-15.221,-65.214,12.599
2012-05-04-12_06_21.421,13,3,15,0,-24.181,-65.231,12.698
2012-05-04-12_06_21.421,13,3,15,0,-24.195,-65.228,12.799
2012-05-04-12_06_21.421,13,3,15,0,-24.239,-65.292,12.899
2012-05-04-12_06_21.422,13,4,15,0,-33.167,-65.220,11.798
2012-05-04-12_06_21.423,13,4,15,0,-33.181,-65.218,11.799
2012-05-04-12_06_21.423,13,4,15,0,-33.225,-65.281,12.099
2012-05-04-12_06_21.424,13,5,15,0,-42.242,-65.306,12.898
2012-05-04-12_06_21.424,13,5,15,0,-42.256,-65.304,12.899
2012-05-04-12_06_21.425,13,5,15,0,-42.300,-65.367,12.999
2012-05-04-12_06_21.425,13,6,15,0,-51.179,-65.269,11.198
2012-05-04-12_06_21.425,13,6,15,0,-51.193,-65.267,11.499
2012-05-04-12_06_21.426,13,6,15,0,-51.237,-65.330,12.299
2012-05-04-12_06_21.426,13,7,15,0,-59.901,-65.403,13.199
2012-05-04-12_06_21.427,13,7,15,0,-60.534,-65.347,13.299
2012-05-04-12_06_21.427,13,7,15,0,-60.097,-65.070,1.799
2012-05-04-12_06_21.428,13,0,15,1,-1.602,-65.271,13.108
2012-05-04-12_06_21.428,13,0,15,1,-1.631,-65.264,13.108
2012-05-04-12_06_21.429,13,0,15,1,-1.619,-65.235,13.108
2012-05-04-12_06_21.429,13,1,15,1,-10.802,-65.282,12.908
2012-05-04-12_06_21.430,13,1,15,1,-10.831,-65.276,13.008
2012-05-04-12_06_21.430,13,1,15,1,-10.819,-65.247,12.908
2012-05-04-12_06_21.431,13,2,15,1,-19.615,-65.161,12.408
2012-05-04-12_06_21.431,13,2,15,1,-19.644,-65.155,12.408
2012-05-04-12_06_21.432,13,2,15,1,-19.632,-65.126,12.408
2012-05-04-12_06_21.432,13,3,15,1,-28.633,-65.239,12.608
2012-05-04-12_06_21.433,13,3,15,1,-28.662,-65.233,12.608
2012-05-04-12_06_21.433,13,3,15,1,-28.650,-65.204,12.508
2012-05-04-12_06_21.434,13,4,15,1,-37.619,-65.229,11.808
2012-05-04-12_06_21.434,13,4,15,1,-37.648,-65.223,11.808
2012-05-04-12_06_21.435,13,4,15,1,-37.636,-65.194,11.708
2012-05-04-12_06_21.435,13,5,15,1,-46.694,-65.315,12.808
2012-05-04-12_06_21.436,13,5,15,1,-46.723,-65.308,12.808
2012-05-04-12_06_21.436,13,5,15,1,-46.711,-65.279,12.708
2012-05-04-12_06_21.437,13,6,15,1,-55.631,-65.278,3.208
2012-05-04-12_06_21.438,13,6,15,1,-55.660,-65.272,0.608
2012-05-04-12_06_21.439,13,6,15,1,-55.648,-65.243,0.908
2012-05-04-12_06_21.439,13,7,15,1,-64.564,-65.203,12.908
2012-05-04-12_06_21.440,13,7,15,1,-64.771,-65.232,7.108
2012-05-04-12_06_21.441,13,7,15,1,-64.556,-65.070,2.008
2012-05-04-12_06_21.441,13,0,16,0,2.889,-69.760,13.118
2012-05-04-12_06_21.442,13,0,16,0,2.872,-69.759,13.218
2012-05-04-12_06_21.442,13,0,16,0,2.887,-69.736,13.118
2012-05-04-12_06_21.442,13,1,16,0,-6.311,-69.772,13.018
2012-05-04-12_06_21.443,13,1,16,0,-6.328,-69.771,13.018
2012-05-04-12_06_21.443,13,1,16,0,-6.313,-69.748,13.018
2012-05-04-12_06_21.445,13,2,16,0,-15.123,-69.651,12.518
2012-05-04-12_06_21.445,13,2,16,0,-15.140,-69.650,12.518
2012-05-04-12_06_21.446,13,2,16,0,-15.126,-69.627,12.518
2012-05-04-12_06_21.446,13,3,16,0,-24.142,-69.729,12.718
2012-05-04-12_06_21.447,13,3,16,0,-24.159,-69.728,12.718
2012-05-04-12_06_21.447,13,3,16,0,-24.144,-69.705,12.718
2012-05-04-12_06_21.448,13,4,16,0,-33.128,-69.719,11.918
2012-05-04-12_06_21.448,13,4,16,0,-33.145,-69.718,11.818
2012-05-04-12_06_21.449,13,4,16,0,-33.130,-69.694,11.818
2012-05-04-12_06_21.449,13,5,16,0,-42.203,-69.805,12.818
2012-05-04-12_06_21.450,13,5,16,0,-42.220,-69.803,12.818
2012-05-04-12_06_21.450,13,5,16,0,-42.205,-69.780,12.818
2012-05-04-12_06_21.451,13,6,16,0,-51.140,-69.768,11.118
2012-05-04-12_06_21.451,13,6,16,0,-51.157,-69.766,11.318
2012-05-04-12_06_21.452,13,6,16,0,-51.142,-69.743,10.918
2012-05-04-12_06_21.452,13,7,16,0,-60.072,-69.693,5.918
2012-05-04-12_06_21.453,13,7,16,0,-60.089,-69.692,4.518
2012-05-04-12_06_21.453,13,7,16,0,-60.075,-69.669,4.518
2012-05-04-12_06_21.454,13,0,16,1,-1.560,-69.768,13.125
2012-05-04-12_06_21.454,13,0,16,1,-1.592,-69.759,13.125
2012-05-04-12_06_21.455,13,0,16,1,-1.578,-69.737,13.025
2012-05-04-12_06_21.455,13,1,16,1,-10.760,-69.779,12.925
2012-05-04-12_06_21.455,13,1,16,1,-10.792,-69.770,12.925
2012-05-04-12_06_21.456,13,1,16,1,-10.777,-69.748,12.825
2012-05-04-12_06_21.456,13,2,16,1,-19.573,-69.658,12.425
2012-05-04-12_06_21.457,13,2,16,1,-19.605,-69.649,12.425
2012-05-04-12_06_21.457,13,2,16,1,-19.590,-69.627,12.425
2012-05-04-12_06_21.458,13,3,16,1,-28.592,-69.736,12.625
2012-05-04-12_06_21.458,13,3,16,1,-28.623,-69.727,12.525
2012-05-04-12_06_21.459,13,3,16,1,-28.609,-69.705,12.525
2012-05-04-12_06_21.460,13,4,16,1,-37.577,-69.726,11.825
2012-05-04-12_06_21.461,13,4,16,1,-37.609,-69.717,11.725
2012-05-04-12_06_21.461,13,4,16,1,-37.594,-69.695,11.725
2012-05-04-12_06_21.462,13,5,16,1,-46.652,-69.812,12.825
2012-05-04-12_06_21.462,13,5,16,1,-46.684,-69.803,12.725
2012-05-04-12_06_21.463,13,5,16,1,-46.670,-69.781,12.725
2012-05-04-12_06_21.463,13,6,16,1,-55.590,-69.775,0.625
2012-05-04-12_06_21.464,13,6,16,1,-55.621,-69.766,0.825
2012-05-04-12_06_21.464,13,6,16,1,-55.607,-69.744,0.925
2012-05-04-12_06_21.465,13,7,16,1,-64.390,-69.831,13.125
2012-05-04-12_06_21.465,13,7,16,1,-64.644,-69.707,1.925
2012-05-04-12_06_21.465,13,7,16,1,-64.515,-69.576,2.025
2012-05-04-12_06_21.466,13,0,17,0,2.933,-74.260,13.132
2012-05-04-12_06_21.466,13,0,17,0,2.916,-74.257,13.132
2012-05-04-12_06_21.467,13,0,17,0,2.928,-74.240,13.132
2012-05-04-12_06_21.467,13,1,17,0,-6.267,-74.272,13.032
2012-05-04-12_06_21.468,13,1,17,0,-6.284,-74.269,13.032
2012-05-04-12_06_21.468,13,1,17,0,-6.271,-74.252,13.032
2012-05-04-12_06_21.469,13,2,17,0,-15.079,-74.151,12.432
2012-05-04-12_06_21.469,13,2,17,0,-15.096,-74.148,12.532
2012-05-04-12_06_21.470,13,2,17,0,-15.084,-74.131,12.532
2012-05-04-12_06_21.471,13,3,17,0,-24.098,-74.228,12.832
2012-05-04-12_06_21.471,13,3,17,0,-24.115,-74.226,12.732
2012-05-04-12_06_21.472,13,3,17,0,-24.103,-74.209,12.732
2012-05-04-12_06_21.472,13,4,17,0,-33.084,-74.218,11.932
2012-05-04-12_06_21.473,13,4,17,0,-33.101,-74.216,11.832
2012-05-04-12_06_21.473,13,4,17,0,-33.088,-74.199,11.832
2012-05-04-12_06_21.474,13,5,17,0,-42.159,-74.304,12.832
2012-05-04-12_06_21.474,13,5,17,0,-42.176,-74.302,12.832
2012-05-04-12_06_21.475,13,5,17,0,-42.164,-74.285,12.832
2012-05-04-12_06_21.475,13,6,17,0,-51.025,-74.339,11.932
2012-05-04-12_06_21.476,13,6,17,0,-51.196,-74.280,11.432
2012-05-04-12_06_21.476,13,6,17,0,-51.076,-74.149,1.132
2012-05-04-12_06_21.477,13,7,17,0,-59.813,-74.401,13.232
2012-05-04-12_06_21.477,13,7,17,0,-60.045,-74.190,8.632
2012-05-04-12_06_21.478,13,7,17,0,-60.009,-74.074,1.932
2012-05-04-12_06_21.478,13,0,17,1,-1.521,-74.268,13.138
2012-05-04-12_06_21.479,13,0,17,1,-1.551,-74.261,13.138
2012-05-04-12_06_21.479,13,0,17,1,-1.534,-74.239,13.138
2012-05-04-12_06_21.480,13,1,17,1,-10.721,-74.279,12.938
2012-05-04-12_06_21.480,13,1,17,1,-10.751,-74.272,12.938
2012-05-04-12_06_21.481,13,1,17,1,-10.734,-74.251,12.938
2012-05-04-12_06_21.481,13,2,17,1,-19.534,-74.158,12.438
2012-05-04-12_06_21.482,13,2,17,1,-19.563,-74.151,12.438
2012-05-04-12_06_21.482,13,2,17,1,-19.546,-74.130,12.438
2012-05-04-12_06_21.483,13,3,17,1,-28.553,-74.236,12.638
2012-05-04-12_06_21.483,13,3,17,1,-28.582,-74.229,12.638
2012-05-04-12_06_21.483,13,3,17,1,-28.565,-74.208,12.638
2012-05-04-12_06_21.484,13,4,17,1,-37.538,-74.226,11.838
2012-05-04-12_06_21.484,13,4,17,1,-37.568,-74.219,11.838
2012-05-04-12_06_21.485,13,4,17,1,-37.550,-74.198,11.838
2012-05-04-12_06_21.485,13,5,17,1,-46.613,-74.312,12.738
2012-05-04-12_06_21.486,13,5,17,1,-46.643,-74.305,12.838
2012-05-04-12_06_21.486,13,5,17,1,-46.626,-74.284,12.738
2012-05-04-12_06_21.487,13,6,17,1,-55.551,-74.275,0.638
2012-05-04-12_06_21.487,13,6,17,1,-55.580,-74.268,0.638
2012-05-04-12_06_21.488,13,6,17,1,-55.563,-74.247,0.938
2012-05-04-12_06_21.488,13,7,17,1,-64.483,-74.200,12.938
2012-05-04-12_06_21.489,13,7,17,1,-64.693,-74.232,3.238
2012-05-04-12_06_21.489,13,7,17,1,-64.471,-74.074,2.038
2012-05-04-12_06_21.490,13,0,18,0,2.980,-78.758,13.145
2012-05-04-12_06_21.490,13,0,18,0,2.958,-78.758,13.145
2012-05-04-12_06_21.491,13,0,18,0,2.972,-78.737,13.145
2012-05-04-12_06_21.491,13,1,18,0,-6.220,-78.770,13.045
2012-05-04-12_06_21.492,13,1,18,0,-6.242,-78.769,13.045
2012-05-04-12_06_21.492,13,1,18,0,-6.228,-78.749,13.045
2012-05-04-12_06_21.493,13,2,18,0,-15.033,-78.649,12.445
2012-05-04-12_06_21.493,13,2,18,0,-15.055,-78.648,12.545
2012-05-04-12_06_21.493,13,2,18,0,-15.040,-78.628,12.445
2012-05-04-12_06_21.494,13,3,18,0,-24.051,-78.727,12.745
2012-05-04-12_06_21.494,13,3,18,0,-24.073,-78.726,12.745
2012-05-04-12_06_21.495,13,3,18,0,-24.059,-78.706,12.745
2012-05-04-12_06_21.495,13,4,18,0,-33.037,-78.717,11.745
2012-05-04-12_06_21.496,13,4,18,0,-33.059,-78.716,11.745
2012-05-04-12_06_21.497,13,4,18,0,-33.045,-78.696,11.745
2012-05-04-12_06_21.497,13,5,18,0,-42.112,-78.802,12.745
2012-05-04-12_06_21.498,13,5,18,0,-42.134,-78.802,12.745
2012-05-04-12_06_21.498,13,5,18,0,-42.120,-78.782,12.745
2012-05-04-12_06_21.499,13,6,18,0,-51.049,-78.766,1.145
2012-05-04-12_06_21.499,13,6,18,0,-51.071,-78.765,1.145
2012-05-04-12_06_21.500,13,6,18,0,-51.057,-78.745,1.245
2012-05-04-12_06_21.500,13,7,18,0,-59.982,-78.691,1.945
2012-05-04-12_06_21.501,13,7,18,0,-60.004,-78.690,2.045
2012-05-04-12_06_21.501,13,7,18,0,-59.989,-78.670,2.045
2012-05-04-12_06_21.502,13,0,18,1,-1.470,-78.766,13.052
2012-05-04-12_06_21.503,13,0,18,1,-1.502,-78.759,13.052
2012-05-04-12_06_21.504,13,0,18,1,-1.502,-78.806,13.152
2012-05-04-12_06_21.504,13,1,18,1,-10.670,-78.778,12.952
2012-05-04-12_06_21.505,13,1,18,1,-10.702,-78.770,12.952
2012-05-04-12_06_21.505,13,1,18,1,-10.702,-78.817,13.052
2012-05-04-12_06_21.505,13,2,18,1,-19.483,-78.657,12.452
2012-05-04-12_06_21.506,13,2,18,1,-19.514,-78.650,12.452
2012-05-04-12_06_21.506,13,2,18,1,-19.514,-78.696,12.452
2012-05-04-12_06_21.507,13,3,18,1,-28.501,-78.735,12.652
2012-05-04-12_06_21.507,13,3,18,1,-28.533,-78.727,12.552
2012-05-04-12_06_21.508,13,3,18,1,-28.533,-78.774,12.652
2012-05-04-12_06_21.508,13,4,18,1,-37.360,-78.857,12.252
2012-05-04-12_06_21.509,13,4,18,1,-37.870,-78.849,11.852
2012-05-04-12_06_21.509,13,4,18,1,-37.511,-78.694,2.452
2012-05-04-12_06_21.510,13,5,18,1,-46.562,-78.811,12.652
2012-05-04-12_06_21.510,13,5,18,1,-46.594,-78.803,12.652
2012-05-04-12_06_21.511,13,5,18,1,-46.594,-78.850,12.752
2012-05-04-12_06_21.512,13,6,18,1,-55.499,-78.774,1.352
2012-05-04-12_06_21.513,13,6,18,1,-55.531,-78.766,1.452
2012-05-04-12_06_21.513,13,6,18,1,-55.531,-78.813,1.152
2012-05-04-12_06_21.514,13,7,18,1,-64.432,-78.699,12.852
2012-05-04-12_06_21.514,13,7,18,1,-64.463,-78.692,12.852
2012-05-04-12_06_21.515,13,7,18,1,-64.463,-78.738,12.852
2012-05-04-12_06_21.515,13,0,19,0,3.024,-83.257,13.060
2012-05-04-12_06_21.516,13,0,19,0,2.999,-83.257,13.160
2012-05-04-12_06_21.516,13,0,19,0,3.014,-83.232,13.160
2012-05-04-12_06_21.517,13,1,19,0,-6.176,-83.269,13.060
2012-05-04-12_06_21.517,13,1,19,0,-6.201,-83.268,13.060
2012-05-04-12_06_21.518,13,1,19,0,-6.186,-83.243,13.060
2012-05-04-12_06_21.518,13,2,19,0,-14.989,-83.148,12.460
2012-05-04-12_06_21.519,13,2,19,0,-15.013,-83.148,12.460
2012-05-04-12_06_21.519,13,2,19,0,-14.999,-83.123,12.460
2012-05-04-12_06_21.519,13,3,19,0,-24.007,-83.226,12.760
2012-05-04-12_06_21.520,13,3,19,0,-24.032,-83.225,12.760
2012-05-04-12_06_21.520,13,3,19,0,-24.017,-83.200,12.660
2012-05-04-12_06_21.521,13,4,19,0,-32.993,-83.216,11.760
2012-05-04-12_06_21.521,13,4,19,0,-33.018,-83.215,11.760
2012-05-04-12_06_21.522,13,4,19,0,-32.976,-83.095,1.360
2012-05-04-12_06_21.522,13,5,19,0,-42.068,-83.302,12.760
2012-05-04-12_06_21.523,13,5,19,0,-42.093,-83.301,12.760
2012-05-04-12_06_21.523,13,5,19,0,-42.078,-83.276,12.660
2012-05-04-12_06_21.524,13,6,19,0,-51.005,-83.265,1.260
2012-05-04-12_06_21.524,13,6,19,0,-51.030,-83.264,1.260
2012-05-04-12_06_21.525,13,6,19,0,-51.015,-83.239,1.360
2012-05-04-12_06_21.525,13,7,19,0,-59.938,-83.190,2.060
2012-05-04-12_06_21.526,13,7,19,0,-59.962,-83.190,2.060
2012-05-04-12_06_21.526,13,7,19,0,-59.948,-83.165,2.060
2012-05-04-12_06_21.527,13,0,19,1,-1.431,-83.267,13.069
2012-05-04-12_06_21.527,13,0,19,1,-1.458,-83.259,13.069
2012-05-04-12_06_21.528,13,0,19,1,-1.385,-83.214,12.969
2012-05-04-12_06_21.528,13,1,19,1,-10.631,-83.279,12.869
2012-05-04-12_06_21.529,13,1,19,1,-10.658,-83.270,12.869
2012-05-04-12_06_21.529,13,1,19,1,-10.585,-83.225,12.869
2012-05-04-12_06_21.530,13,2,19,1,-19.444,-83.158,12.469
2012-05-04-12_06_21.530,13,2,19,1,-19.471,-83.149,12.369
2012-05-04-12_06_21.531,13,2,19,1,-19.397,-83.105,12.369
2012-05-04-12_06_21.531,13,3,19,1,-28.462,-83.236,12.569
2012-05-04-12_06_21.532,13,3,19,1,-28.489,-83.227,12.569
2012-05-04-12_06_21.532,13,3,19,1,-28.416,-83.182,12.469
2012-05-04-12_06_21.532,13,4,19,1,-37.316,-83.360,12.169
2012-05-04-12_06_21.533,13,4,19,1,-37.475,-83.217,2.669
2012-05-04-12_06_21.533,13,4,19,1,-37.402,-83.172,1.369
2012-05-04-12_06_21.535,13,5,19,1,-46.523,-83.312,12.669
2012-05-04-12_06_21.535,13,5,19,1,-46.477,-83.258,2.869
2012-05-04-12_06_21.536,13,5,19,1,-46.533,-83.266,1.469
2012-05-04-12_06_21.536,13,6,19,1,-55.460,-83.275,1.469
2012-05-04-12_06_21.537,13,6,19,1,-55.487,-83.266,1.469
2012-05-04-12_06_21.537,13,6,19,1,-55.414,-83.221,1.369
2012-05-04-12_06_21.538,13,7,19,1,-64.261,-83.335,12.969
2012-05-04-12_06_21.538,13,7,19,1,-64.420,-83.191,10.069
2012-05-04-12_06_21.539,13,7,19,1,-64.346,-83.147,8.669
2012-05-04-12_06_21.539,13,0,20,0,3.068,-87.762,13.079
2012-05-04-12_06_21.539,13,0,20,0,3.043,-87.761,13.179
2012-05-04-12_06_21.540,13,0,20,0,3.058,-87.735,13.079
2012-05-04-12_06_21.540,13,1,20,0,-6.132,-87.773,12.979
2012-05-04-12_06_21.541,13,1,20,0,-6.157,-87.773,12.979
2012-05-04-12_06_21.541,13,1,20,0,-6.142,-87.747,12.979
2012-05-04-12_06_21.542,13,2,20,0,-14.945,-87.653,12.479
2012-05-04-12_06_21.542,13,2,20,0,-14.969,-87.652,12.479
2012-05-04-12_06_21.543,13,2,20,0,-14.955,-87.626,12.479
2012-05-04-12_06_21.543,13,3,20,0,-23.964,-87.730,12.679
2012-05-04-12_06_21.544,13,3,20,0,-23.988,-87.729,12.779
2012-05-04-12_06_21.544,13,3,20,0,-23.973,-87.704,12.679
2012-05-04-12_06_21.544,13,4,20,0,-32.949,-87.720,11.779
2012-05-04-12_06_21.545,13,4,20,0,-32.974,-87.719,11.779
2012-05-04-12_06_21.546,13,4,20,0,-32.959,-87.693,11.779
2012-05-04-12_06_21.546,13,5,20,0,-42.024,-87.806,12.779
2012-05-04-12_06_21.547,13,5,20,0,-42.049,-87.805,12.779
2012-05-04-12_06_21.547,13,5,20,0,-42.034,-87.779,12.779
2012-05-04-12_06_21.548,13,6,20,0,-50.962,-87.769,1.279
2012-05-04-12_06_21.548,13,6,20,0,-50.986,-87.768,1.279
2012-05-04-12_06_21.549,13,6,20,0,-50.971,-87.742,1.379
2012-05-04-12_06_21.549,13,7,20,0,-59.894,-87.695,1.979
2012-05-04-12_06_21.550,13,7,20,0,-59.918,-87.694,1.979
2012-05-04-12_06_21.550,13,7,20,0,-59.904,-87.668,2.079
2012-05-04-12_06_21.551,13,0,20,1,-1.382,-87.770,13.087
2012-05-04-12_06_21.551,13,0,20,1,-1.414,-87.762,13.087
2012-05-04-12_06_21.551,13,0,20,1,-1.414,-87.801,13.087
2012-05-04-12_06_21.552,13,1,20,1,-10.582,-87.782,12.887
2012-05-04-12_06_21.552,13,1,20,1,-10.614,-87.774,12.887
2012-05-04-12_06_21.553,13,1,20,1,-10.614,-87.813,12.987
2012-05-04-12_06_21.553,13,2,20,1,-19.395,-87.661,12.387
2012-05-04-12_06_21.554,13,2,20,1,-19.427,-87.653,12.387
2012-05-04-12_06_21.554,13,2,20,1,-19.427,-87.692,12.487
2012-05-04-12_06_21.555,13,3,20,1,-28.413,-87.739,12.587
2012-05-04-12_06_21.555,13,3,20,1,-28.445,-87.731,12.587
2012-05-04-12_06_21.556,13,3,20,1,-28.445,-87.769,12.687
2012-05-04-12_06_21.556,13,4,20,1,-37.272,-87.855,12.287
2012-05-04-12_06_21.557,13,4,20,1,-37.787,-87.849,12.087
2012-05-04-12_06_21.557,13,4,20,1,-37.426,-87.692,2.687
2012-05-04-12_06_21.558,13,5,20,1,-46.474,-87.815,12.787
2012-05-04-12_06_21.558,13,5,20,1,-46.506,-87.806,12.687
2012-05-04-12_06_21.559,13,5,20,1,-46.506,-87.845,12.887
2012-05-04-12_06_21.559,13,6,20,1,-55.411,-87.778,1.487
2012-05-04-12_06_21.560,13,6,20,1,-55.443,-87.769,1.487
2012-05-04-12_06_21.560,13,6,20,1,-55.443,-87.808,1.287
2012-05-04-12_06_21.561,13,7,20,1,-64.344,-87.703,12.887
2012-05-04-12_06_21.562,13,7,20,1,-64.466,-87.710,2.087
2012-05-04-12_06_21.563,13,7,20,1,-64.376,-87.734,12.887
2012-05-04-12_06_21.563,13,0,21,0,3.109,-92.260,13.095
2012-05-04-12_06_21.564,13,0,21,0,3.094,-92.260,13.095
2012-05-04-12_06_21.564,13,0,21,0,3.107,-92.237,13.095
2012-05-04-12_06_21.565,13,1,21,0,-6.091,-92.272,12.895
2012-05-04-12_06_21.565,13,1,21,0,-6.106,-92.271,12.995
2012-05-04-12_06_21.566,13,1,21,0,-6.093,-92.248,12.995
2012-05-04-12_06_21.567,13,2,21,0,-14.904,-92.151,12.395
2012-05-04-12_06_21.567,13,2,21,0,-14.918,-92.150,12.495
2012-05-04-12_06_21.568,13,2,21,0,-14.906,-92.127,12.395
2012-05-04-12_06_21.568,13,3,21,0,-23.922,-92.229,12.695
2012-05-04-12_06_21.569,13,3,21,0,-23.937,-92.228,12.795
2012-05-04-12_06_21.569,13,3,21,0,-23.924,-92.205,12.795
2012-05-04-12_06_21.570,13,4,21,0,-32.774,-92.355,12.095
2012-05-04-12_06_21.570,13,4,21,0,-33.201,-92.282,11.895
2012-05-04-12_06_21.571,13,4,21,0,-32.888,-92.102,1.395
2012-05-04-12_06_21.571,13,5,21,0,-41.849,-92.441,12.895
2012-05-04-12_06_21.571,13,5,21,0,-41.998,-92.304,12.595
2012-05-04-12_06_21.572,13,5,21,0,-41.963,-92.187,1.395
2012-05-04-12_06_21.572,13,6,21,0,-50.920,-92.268,1.195
2012-05-04-12_06_21.573,13,6,21,0,-50.935,-92.267,1.195
2012-05-04-12_06_21.573,13,6,21,0,-50.922,-92.244,1.195
2012-05-04-12_06_21.574,13,7,21,0,-59.853,-92.193,1.995
2012-05-04-12_06_21.574,13,7,21,0,-59.867,-92.192,1.995
2012-05-04-12_06_21.576,13,7,21,0,-59.855,-92.169,1.995
2012-05-04-12_06_21.576,13,0,21,1,-1.343,-92.268,13.001
2012-05-04-12_06_21.577,13,0,21,1,-1.373,-92.261,13.101
2012-05-04-12_06_21.577,13,0,21,1,-1.355,-92.237,13.001
2012-05-04-12_06_21.578,13,1,21,1,-10.543,-92.280,12.901
2012-05-04-12_06_21.578,13,1,21,1,-10.572,-92.273,12.901
2012-05-04-12_06_21.579,13,1,21,1,-10.555,-92.248,12.901
2012-05-04-12_06_21.579,13,2,21,1,-19.356,-92.159,12.401
2012-05-04-12_06_21.580,13,2,21,1,-19.385,-92.152,12.401
2012-05-04-12_06_21.580,13,2,21,1,-19.368,-92.127,12.301
2012-05-04-12_06_21.580,13,3,21,1,-28.374,-92.237,12.601
2012-05-04-12_06_21.581,13,3,21,1,-28.404,-92.230,12.601
2012-05-04-12_06_21.581,13,3,21,1,-28.387,-92.205,12.601
2012-05-04-12_06_21.582,13,4,21,1,-37.360,-92.226,1.201
2012-05-04-12_06_21.582,13,4,21,1,-37.389,-92.219,3.901
2012-05-04-12_06_21.583,13,4,21,1,-37.372,-92.195,1.301
2012-05-04-12_06_21.583,13,5,21,1,-46.435,-92.312,12.701
2012-05-04-12_06_21.584,13,5,21,1,-46.465,-92.305,12.601
2012-05-04-12_06_21.584,13,5,21,1,-46.447,-92.281,12.601
2012-05-04-12_06_21.585,13,6,21,1,-55.372,-92.275,1.401
2012-05-04-12_06_21.585,13,6,21,1,-55.402,-92.268,1.401
2012-05-04-12_06_21.586,13,6,21,1,-55.385,-92.244,1.401
2012-05-04-12_06_21.586,13,7,21,1,-64.305,-92.201,2.101
2012-05-04-12_06_21.587,13,7,21,1,-64.334,-92.194,2.101
2012-05-04-12_06_21.587,13,7,21,1,-64.317,-92.169,2.101
2012-05-04-12_06_21.588,13,0,22,0,3.153,-96.759,13.109
2012-05-04-12_06_21.588,13,0,22,0,3.185,-96.814,13.209
2012-05-04-12_06_21.589,13,0,22,0,3.138,-96.760,13.109
2012-05-04-12_06_21.589,13,1,22,0,-6.047,-96.771,13.009
2012-05-04-12_06_21.590,13,1,22,0,-6.015,-96.826,13.109
2012-05-04-12_06_21.590,13,1,22,0,-6.062,-96.772,13.009
2012-05-04-12_06_21.591,13,2,22,0,-14.860,-96.650,12.409
2012-05-04-12_06_21.591,13,2,22,0,-14.828,-96.705,12.509
2012-05-04-12_06_21.592,13,2,22,0,-14.874,-96.651,12.409
2012-05-04-12_06_21.592,13,3,22,0,-23.878,-96.728,12.809
2012-05-04-12_06_21.593,13,3,22,0,-23.846,-96.783,12.909
2012-05-04-12_06_21.593,13,3,22,0,-23.893,-96.729,12.809
2012-05-04-12_06_21.594,13,4,22,0,-32.778,-96.826,11.909
2012-05-04-12_06_21.594,13,4,22,0,-32.879,-96.719,11.809
2012-05-04-12_06_21.595,13,4,22,0,-32.864,-96.699,11.709
2012-05-04-12_06_21.595,13,5,22,0,-41.810,-96.940,12.909
2012-05-04-12_06_21.595,13,5,22,0,-41.907,-96.858,12.809
2012-05-04-12_06_21.596,13,5,22,0,-41.954,-96.804,12.609
2012-05-04-12_06_21.596,13,6,22,0,-50.876,-96.767,1.309
2012-05-04-12_06_21.597,13,6,22,0,-50.844,-96.822,11.409
2012-05-04-12_06_21.597,13,6,22,0,-50.891,-96.768,1.209
2012-05-04-12_06_21.598,13,7,22,0,-59.809,-96.692,2.009
2012-05-04-12_06_21.599,13,7,22,0,-59.777,-96.747,1.909
2012-05-04-12_06_21.600,13,7,22,0,-59.823,-96.693,2.009
2012-05-04-12_06_21.600,13,0,22,1,-1.307,-96.768,13.113
2012-05-04-12_06_21.601,13,0,22,1,-1.336,-96.761,13.113
2012-05-04-12_06_21.601,13,0,22,1,-1.316,-96.740,13.013
2012-05-04-12_06_21.602,13,1,22,1,-10.507,-96.779,12.913
2012-05-04-12_06_21.602,13,1,22,1,-10.536,-96.772,12.913
2012-05-04-12_06_21.603,13,1,22,1,-10.516,-96.751,12.913
2012-05-04-12_06_21.603,13,2,22,1,-19.319,-96.658,12.413
2012-05-04-12_06_21.604,13,2,22,1,-19.348,-96.651,12.413
2012-05-04-12_06_21.604,13,2,22,1,-19.329,-96.631,12.413
2012-05-04-12_06_21.605,13,3,22,1,-28.338,-96.736,12.713
2012-05-04-12_06_21.605,13,3,22,1,-28.367,-96.729,12.613
2012-05-04-12_06_21.606,13,3,22,1,-28.347,-96.708,12.613
2012-05-04-12_06_21.606,13,4,22,1,-37.323,-96.726,11.813
2012-05-04-12_06_21.607,13,4,22,1,-37.353,-96.719,11.713
2012-05-04-12_06_21.607,13,4,22,1,-37.333,-96.698,9.013
2012-05-04-12_06_21.608,13,5,22,1,-46.399,-96.812,12.613
2012-05-04-12_06_21.608,13,5,22,1,-46.428,-96.805,12.713
2012-05-04-12_06_21.609,13,5,22,1,-46.389,-96.684,1.513
2012-05-04-12_06_21.609,13,6,22,1,-55.336,-96.775,1.513
2012-05-04-12_06_21.609,13,6,22,1,-55.365,-96.768,1.513
2012-05-04-12_06_21.610,13,6,22,1,-55.345,-96.747,1.513
2012-05-04-12_06_21.610,13,7,22,1,-64.268,-96.700,2.113
2012-05-04-12_06_21.611,13,7,22,1,-64.298,-96.693,2.113
2012-05-04-12_06_21.611,13,7,22,1,-64.278,-96.673,2.113
2012-05-04-12_06_21.612,13,0,23,0,3.197,-101.258,13.226
2012-05-04-12_06_21.612,13,0,23,0,3.177,-101.257,13.226
2012-05-04-12_06_21.613,13,0,23,0,3.192,-101.238,13.126
2012-05-04-12_06_21.614,13,1,23,0,-6.003,-101.270,12.926
2012-05-04-12_06_21.615,13,1,23,0,-6.023,-101.269,12.926
2012-05-04-12_06_21.615,13,1,23,0,-6.008,-101.249,12.926
2012-05-04-12_06_21.616,13,2,23,0,-14.816,-101.149,12.426
2012-05-04-12_06_21.616,13,2,23,0,-14.835,-101.148,12.326
2012-05-04-12_06_21.617,13,2,23,0,-14.821,-101.128,12.326
2012-05-04-12_06_21.617,13,3,23,0,-23.834,-101.227,12.626
2012-05-04-12_06_21.618,13,3,23,0,-23.854,-101.226,12.626
2012-05-04-12_06_21.618,13,3,23,0,-23.839,-101.206,12.626
2012-05-04-12_06_21.619,13,4,23,0,-32.820,-101.217,12.126
2012-05-04-12_06_21.619,13,4,23,0,-32.839,-101.216,12.226
2012-05-04-12_06_21.620,13,4,23,0,-32.825,-101.196,12.126
2012-05-04-12_06_21.620,13,5,23,0,-41.895,-101.302,12.926
2012-05-04-12_06_21.621,13,5,23,0,-41.915,-101.302,12.926
2012-05-04-12_06_21.621,13,5,23,0,-41.900,-101.282,12.826
2012-05-04-12_06_21.622,13,6,23,0,-50.832,-101.266,12.026
2012-05-04-12_06_21.622,13,6,23,0,-50.852,-101.265,12.026
2012-05-04-12_06_21.623,13,6,23,0,-50.837,-101.245,11.926
2012-05-04-12_06_21.623,13,7,23,0,-59.765,-101.191,2.026
2012-05-04-12_06_21.624,13,7,23,0,-59.784,-101.190,2.126
2012-05-04-12_06_21.624,13,7,23,0,-59.770,-101.171,2.126
2012-05-04-12_06_21.625,13,0,23,1,-1.285,-101.259,13.226
2012-05-04-12_06_21.625,13,0,23,1,-1.280,-101.237,13.126
2012-05-04-12_06_21.626,13,1,23,1,-10.441,-101.266,12.926
2012-05-04-12_06_21.626,13,1,23,1,-10.485,-101.271,12.926
2012-05-04-12_06_21.627,13,1,23,1,-10.480,-101.249,12.926
2012-05-04-12_06_21.627,13,2,23,1,-19.297,-101.150,12.426
2012-05-04-12_06_21.628,13,2,23,1,-19.292,-101.128,12.426
2012-05-04-12_06_21.628,13,3,23,1,-28.272,-101.222,12.626
2012-05-04-12_06_21.628,13,3,23,1,-28.316,-101.228,12.626
2012-05-04-12_06_21.629,13,3,23,1,-28.311,-101.206,12.626
2012-05-04-12_06_21.629,13,4,23,1,-37.272,-101.099,1.426
2012-05-04-12_06_21.630,13,5,23,1,-46.333,-101.298,12.826
2012-05-04-12_06_21.631,13,5,23,1,-46.377,-101.304,12.826
2012-05-04-12_06_21.632,13,5,23,1,-46.372,-101.281,12.726
2012-05-04-12_06_21.632,13,6,23,1,-55.270,-101.261,12.026
2012-05-04-12_06_21.633,13,6,23,1,-55.314,-101.267,12.026
2012-05-04-12_06_21.633,13,6,23,1,-55.309,-101.244,11.926
