2012-05-15-07_33_53.266,2,0,0,0,2.259,2.217,0.000
2012-05-15-07_33_53.272,2,0,0,0,2.254,2.341,0.000
2012-05-15-07_33_53.277,2,0,0,0,2.210,2.215,0.000
2012-05-15-07_33_53.283,2,0,0,0,2.205,2.288,0.000
2012-05-15-07_33_53.287,2,1,0,0,-6.752,2.214,0.000
2012-05-15-07_33_53.293,2,1,0,0,-6.813,2.215,8.742
2012-05-15-07_33_53.298,2,1,0,0,-6.747,2.284,0.000
2012-05-15-07_33_53.303,2,2,0,0,-15.745,2.214,0.000
2012-05-15-07_33_53.308,2,2,0,0,-15.808,2.252,0.000
2012-05-15-07_33_53.314,2,3,0,0,-24.719,2.215,0.000
2012-05-15-07_33_53.319,2,3,0,0,-24.789,2.215,0.000
2012-05-15-07_33_53.324,2,3,0,0,-24.770,2.341,0.000
2012-05-15-07_33_53.330,2,3,0,0,-24.767,2.162,0.000
2012-05-15-07_33_53.335,2,4,0,0,-33.744,2.214,0.000
2012-05-15-07_33_53.340,2,4,0,0,-33.812,2.227,0.000
2012-05-15-07_33_53.346,2,5,0,0,-42.714,2.220,0.000
2012-05-15-07_33_53.351,2,5,0,0,-42.777,2.257,0.000
2012-05-15-07_33_53.356,2,5,0,0,-42.845,2.271,0.000
2012-05-15-07_33_53.360,2,6,0,0,-51.724,2.210,18.143
2012-05-15-07_33_53.363,2,6,0,0,-51.802,2.234,18.343
2012-05-15-07_33_53.366,2,7,0,0,-60.715,2.209,0.343
2012-05-15-07_33_53.369,2,7,0,0,-60.793,2.211,0.242
2012-05-15-07_33_53.373,2,0,1,0,2.290,-2.278,0.000
2012-05-15-07_33_53.376,2,0,1,0,2.256,-2.158,0.000
2012-05-15-07_33_53.379,2,0,1,0,2.214,-2.282,0.000
2012-05-15-07_33_53.382,2,0,1,0,2.207,-2.215,0.000
2012-05-15-07_33_53.385,2,1,1,0,-6.747,-2.287,0.000
2012-05-15-07_33_53.388,2,1,1,0,-6.811,-2.286,0.000
2012-05-15-07_33_53.391,2,1,1,0,-6.813,-2.215,0.000
2012-05-15-07_33_53.393,2,1,1,0,-6.747,-2.216,0.000
2012-05-15-07_33_53.395,2,2,1,0,-15.743,-2.287,0.000
2012-05-15-07_33_53.397,2,2,1,0,-15.804,-2.247,0.000
2012-05-15-07_33_53.400,2,3,1,0,-24.717,-2.284,0.000
2012-05-15-07_33_53.402,2,3,1,0,-24.790,-2.285,0.000
2012-05-15-07_33_53.404,2,3,1,0,-24.771,-2.159,0.000
2012-05-15-07_33_53.406,2,3,1,0,-24.765,-2.341,0.000
2012-05-15-07_33_53.408,2,4,1,0,-33.739,-2.285,0.000
2012-05-15-07_33_53.410,2,4,1,0,-33.810,-2.270,0.000
2012-05-15-07_33_53.412,2,4,1,0,-33.744,-2.253,0.000
2012-05-15-07_33_53.414,2,4,1,0,-33.678,-2.254,0.000
2012-05-15-07_33_53.416,2,5,1,0,-42.712,-2.281,0.000
2012-05-15-07_33_53.418,2,5,1,0,-42.773,-2.241,0.000
2012-05-15-07_33_53.420,2,5,1,0,-42.843,-2.226,0.000
2012-05-15-07_33_53.422,2,5,1,0,-42.778,-2.209,0.000
2012-05-15-07_33_53.424,2,6,1,0,-51.722,-2.286,0.000
2012-05-15-07_33_53.426,2,6,1,0,-51.807,-2.266,0.000
2012-05-15-07_33_53.429,2,6,1,0,-51.656,-2.270,0.000
2012-05-15-07_33_53.431,2,7,1,0,-60.721,-2.290,0.263
2012-05-15-07_33_53.433,2,7,1,0,-60.794,-2.289,0.263
2012-05-15-07_33_53.435,2,0,2,0,2.285,-6.782,0.000
2012-05-15-07_33_53.437,2,0,2,0,2.258,-6.652,0.000
2012-05-15-07_33_53.439,2,0,2,0,2.214,-6.785,0.000
2012-05-15-07_33_53.441,2,0,2,0,2.199,-6.713,0.000
2012-05-15-07_33_53.443,2,1,2,0,-6.745,-6.787,0.000
2012-05-15-07_33_53.445,2,1,2,0,-6.811,-6.787,0.000
2012-05-15-07_33_53.447,2,2,2,0,-15.741,-6.787,0.000
2012-05-15-07_33_53.449,2,2,2,0,-15.802,-6.751,0.000
2012-05-15-07_33_53.451,2,3,2,0,-24.715,-6.778,0.000
2012-05-15-07_33_53.453,2,3,2,0,-24.788,-6.782,0.000
2012-05-15-07_33_53.455,2,3,2,0,-24.773,-6.839,0.000
2012-05-15-07_33_53.457,2,4,2,0,-33.737,-6.789,0.000
2012-05-15-07_33_53.460,2,4,2,0,-33.808,-6.768,0.000
2012-05-15-07_33_53.462,2,5,2,0,-42.710,-6.781,0.000
2012-05-15-07_33_53.464,2,5,2,0,-42.771,-6.745,0.000
2012-05-15-07_33_53.466,2,5,2,0,-42.842,-6.725,0.000
2012-05-15-07_33_53.468,2,6,2,0,-51.720,-6.785,0.000
2012-05-15-07_33_53.470,2,6,2,0,-51.803,-6.763,0.000
2012-05-15-07_33_53.472,2,7,2,0,-60.716,-6.787,0.483
2012-05-15-07_33_53.474,2,7,2,0,-60.792,-6.787,19.083
2012-05-15-07_33_53.476,2,0,3,0,2.284,-11.286,0.000
2012-05-15-07_33_53.480,2,0,3,0,2.213,-11.286,0.000
2012-05-15-07_33_53.482,2,0,3,0,2.213,-11.215,0.000
2012-05-15-07_33_53.484,2,0,3,0,2.284,-11.216,0.000
2012-05-15-07_33_53.486,2,3,3,0,-24.759,-11.340,0.000
2012-05-15-07_33_53.488,2,0,4,0,2.284,-15.786,0.000
2012-05-15-07_33_53.490,2,0,4,0,2.254,-15.660,0.000
2012-05-15-07_33_53.492,2,0,4,0,2.213,-15.787,0.000
2012-05-15-07_33_53.495,2,0,4,0,2.198,-15.709,0.000
2012-05-15-07_33_53.497,2,1,4,0,-6.744,-15.785,0.000
2012-05-15-07_33_53.499,2,1,4,0,-6.807,-15.785,0.000
2012-05-15-07_33_53.501,2,1,4,0,-6.810,-15.715,0.000
2012-05-15-07_33_53.504,2,1,4,0,-6.744,-15.716,0.000
2012-05-15-07_33_53.506,2,2,4,0,-15.739,-15.785,0.231
2012-05-15-07_33_53.508,2,2,4,0,-15.801,-15.753,0.331
2012-05-15-07_33_53.510,2,2,4,0,-15.803,-15.716,0.331
2012-05-15-07_33_53.513,2,2,4,0,-15.740,-15.717,0.331
2012-05-15-07_33_53.517,2,3,4,0,-24.718,-15.786,0.000
2012-05-15-07_33_53.519,2,3,4,0,-24.789,-15.786,0.000
2012-05-15-07_33_53.521,2,3,4,0,-24.774,-15.835,0.000
2012-05-15-07_33_53.524,2,3,4,0,-24.716,-15.714,0.000
2012-05-15-07_33_53.526,2,4,4,0,-33.736,-15.791,0.000
2012-05-15-07_33_53.528,2,4,4,0,-33.807,-15.776,0.000
2012-05-15-07_33_53.530,2,4,4,0,-33.738,-15.754,0.000
2012-05-15-07_33_53.532,2,4,4,0,-33.675,-15.755,0.000
2012-05-15-07_33_53.535,2,5,4,0,-42.708,-15.779,0.000
2012-05-15-07_33_53.537,2,5,4,0,-42.769,-15.747,0.000
2012-05-15-07_33_53.539,2,5,4,0,-42.840,-15.733,0.000
2012-05-15-07_33_53.541,2,5,4,0,-42.772,-15.710,0.000
2012-05-15-07_33_53.543,2,6,4,0,-51.718,-15.793,0.000
2012-05-15-07_33_53.546,2,6,4,0,-51.802,-15.763,0.000
2012-05-15-07_33_53.548,2,6,4,0,-51.787,-15.718,0.000
2012-05-15-07_33_53.550,2,6,4,0,-51.728,-15.717,0.000
2012-05-15-07_33_53.552,2,7,4,0,-60.715,-15.788,19.231
2012-05-15-07_33_53.555,2,7,4,0,-60.793,-15.787,20.031
2012-05-15-07_33_53.557,2,7,4,0,-60.700,-15.742,19.731
2012-05-15-07_33_53.559,2,7,4,0,-60.739,-15.844,19.531
2012-05-15-07_33_53.561,2,0,5,0,2.283,-20.284,0.000
2012-05-15-07_33_53.563,2,0,5,0,2.256,-20.160,0.050
2012-05-15-07_33_53.566,2,0,5,0,2.212,-20.286,0.000
2012-05-15-07_33_53.568,2,0,5,0,2.200,-20.215,0.050
2012-05-15-07_33_53.570,2,1,5,0,-6.744,-20.287,0.000
2012-05-15-07_33_53.572,2,1,5,0,-6.808,-20.286,0.000
2012-05-15-07_33_53.574,2,1,5,0,-6.808,-20.217,0.000
2012-05-15-07_33_53.577,2,1,5,0,-6.745,-20.217,0.000
2012-05-15-07_33_53.579,2,2,5,0,-15.740,-20.285,0.000
2012-05-15-07_33_53.581,2,2,5,0,-15.801,-20.248,0.000
2012-05-15-07_33_53.584,2,2,5,0,-15.804,-20.217,0.050
2012-05-15-07_33_53.586,2,2,5,0,-15.740,-20.217,0.050
2012-05-15-07_33_53.588,2,3,5,0,-24.716,-20.286,0.000
2012-05-15-07_33_53.590,2,3,5,0,-24.772,-20.341,0.000
2012-05-15-07_33_53.593,2,4,5,0,-33.736,-20.286,0.000
2012-05-15-07_33_53.595,2,4,5,0,-33.807,-20.273,0.000
2012-05-15-07_33_53.597,2,4,5,0,-33.739,-20.255,0.000
2012-05-15-07_33_53.599,2,4,5,0,-33.675,-20.255,0.000
2012-05-15-07_33_53.601,2,5,5,0,-42.709,-20.279,0.000
2012-05-15-07_33_53.604,2,5,5,0,-42.770,-20.242,0.000
2012-05-15-07_33_53.606,2,5,5,0,-42.841,-20.229,0.000
2012-05-15-07_33_53.608,2,5,5,0,-42.772,-20.211,0.000
2012-05-15-07_33_53.610,2,6,5,0,-51.719,-20.290,0.000
2012-05-15-07_33_53.613,2,6,5,0,-51.802,-20.267,0.000
2012-05-15-07_33_53.615,2,7,5,0,-60.715,-20.291,19.750
2012-05-15-07_33_53.617,2,7,5,0,-60.740,-20.340,19.850
2012-05-15-07_33_53.619,2,0,6,0,2.283,-24.780,0.000
2012-05-15-07_33_53.622,2,0,6,0,2.256,-24.659,0.000
2012-05-15-07_33_53.624,2,0,6,0,2.214,-24.784,0.000
2012-05-15-07_33_53.626,2,0,6,0,2.207,-24.716,0.000
2012-05-15-07_33_53.628,2,1,6,0,-6.742,-24.788,0.000
2012-05-15-07_33_53.630,2,1,6,0,-6.808,-24.787,0.000
2012-05-15-07_33_53.633,2,1,6,0,-6.808,-24.716,0.000
2012-05-15-07_33_53.635,2,1,6,0,-6.743,-24.716,0.000
2012-05-15-07_33_53.637,2,2,6,0,-15.738,-24.787,0.000
2012-05-15-07_33_53.640,2,2,6,0,-15.799,-24.747,0.000
2012-05-15-07_33_53.642,2,2,6,0,-15.804,-24.716,0.000
2012-05-15-07_33_53.644,2,2,6,0,-15.738,-24.715,0.000
2012-05-15-07_33_53.646,2,3,6,0,-24.717,-24.785,0.000
2012-05-15-07_33_53.649,2,3,6,0,-24.790,-24.785,0.000
2012-05-15-07_33_53.651,2,3,6,0,-24.771,-24.658,10.775
2012-05-15-07_33_53.653,2,3,6,0,-24.765,-24.842,0.000
2012-05-15-07_33_53.655,2,4,6,0,-33.734,-24.785,0.000
2012-05-15-07_33_53.658,2,4,6,0,-33.808,-24.770,0.000
2012-05-15-07_33_53.660,2,4,6,0,-33.739,-24.754,0.000
2012-05-15-07_33_53.662,2,4,6,0,-33.674,-24.753,0.000
2012-05-15-07_33_53.665,2,5,6,0,-42.707,-24.781,0.000
2012-05-15-07_33_53.667,2,5,6,0,-42.768,-24.741,0.000
2012-05-15-07_33_53.669,2,5,6,0,-42.841,-24.726,0.000
2012-05-15-07_33_53.671,2,5,6,0,-42.773,-24.710,0.000
2012-05-15-07_33_53.673,2,6,6,0,-51.720,-24.787,0.000
2012-05-15-07_33_53.676,2,6,6,0,-51.803,-24.766,0.000
2012-05-15-07_33_53.678,2,6,6,0,-51.786,-24.714,0.000
2012-05-15-07_33_53.680,2,6,6,0,-51.715,-24.714,0.000
2012-05-15-07_33_53.682,2,7,6,0,-60.716,-24.790,19.775
2012-05-15-07_33_53.684,2,7,6,0,-60.794,-24.788,20.275
2012-05-15-07_33_53.687,2,7,6,0,-60.699,-24.738,19.975
2012-05-15-07_33_53.689,2,7,6,0,-60.716,-24.715,20.175
2012-05-15-07_33_53.691,2,0,7,0,2.285,-29.283,0.000
2012-05-15-07_33_53.693,2,0,7,0,2.258,-29.153,0.000
2012-05-15-07_33_53.696,2,0,7,0,2.214,-29.285,0.000
2012-05-15-07_33_53.698,2,0,7,0,2.202,-29.216,0.098
2012-05-15-07_33_53.700,2,1,7,0,-6.743,-29.287,0.000
2012-05-15-07_33_53.702,2,1,7,0,-6.806,-29.287,0.000
2012-05-15-07_33_53.704,2,1,7,0,-6.809,-29.215,0.000
2012-05-15-07_33_53.708,2,1,7,0,-6.743,-29.215,0.000
2012-05-15-07_33_53.710,2,2,7,0,-15.739,-29.287,0.000
2012-05-15-07_33_53.712,2,2,7,0,-15.800,-29.250,0.000
2012-05-15-07_33_53.715,2,2,7,0,-15.805,-29.215,0.000
2012-05-15-07_33_53.717,2,2,7,0,-15.739,-29.215,0.000
2012-05-15-07_33_53.719,2,3,7,0,-24.715,-29.279,0.000
2012-05-15-07_33_53.721,2,3,7,0,-24.788,-29.283,0.000
2012-05-15-07_33_53.723,2,3,7,0,-24.835,-29.227,0.000
2012-05-15-07_33_53.726,2,3,7,0,-24.771,-29.342,0.000
2012-05-15-07_33_53.728,2,4,7,0,-33.735,-29.288,0.000
2012-05-15-07_33_53.730,2,4,7,0,-33.806,-29.268,0.000
2012-05-15-07_33_53.732,2,4,7,0,-33.740,-29.253,0.000
2012-05-15-07_33_53.734,2,4,7,0,-33.674,-29.253,0.000
2012-05-15-07_33_53.737,2,5,7,0,-42.707,-29.281,0.000
2012-05-15-07_33_53.739,2,5,7,0,-42.768,-29.244,0.000
2012-05-15-07_33_53.741,2,5,7,0,-42.839,-29.224,0.000
2012-05-15-07_33_53.743,2,5,7,0,-42.773,-29.209,0.000
2012-05-15-07_33_53.746,2,6,7,0,-51.718,-29.285,0.000
2012-05-15-07_33_53.748,2,6,7,0,-51.803,-29.264,0.000
2012-05-15-07_33_53.750,2,6,7,0,-51.786,-29.219,0.000
2012-05-15-07_33_53.752,2,6,7,0,-51.715,-29.220,0.000
2012-05-15-07_33_53.754,2,7,7,0,-60.717,-29.288,19.798
2012-05-15-07_33_53.758,2,7,7,0,-60.792,-29.287,20.298
2012-05-15-07_33_53.761,2,7,7,0,-60.699,-29.244,19.898
2012-05-15-07_33_53.763,2,7,7,0,-60.717,-29.214,20.198
2012-05-15-07_33_53.765,2,0,8,0,2.284,-33.785,0.017
2012-05-15-07_33_53.768,2,0,8,0,2.257,-33.656,0.118
2012-05-15-07_33_53.770,2,0,8,0,2.213,-33.787,0.018
2012-05-15-07_33_53.772,2,0,8,0,2.199,-33.715,0.118
2012-05-15-07_33_53.774,2,1,8,0,-6.743,-33.787,0.000
2012-05-15-07_33_53.776,2,1,8,0,-6.807,-33.786,0.000
2012-05-15-07_33_53.779,2,1,8,0,-6.810,-33.714,0.000
2012-05-15-07_33_53.781,2,1,8,0,-6.744,-33.715,0.000
2012-05-15-07_33_53.783,2,2,8,0,-15.739,-33.786,0.000
2012-05-15-07_33_53.786,2,2,8,0,-15.798,-33.753,0.000
2012-05-15-07_33_53.788,2,2,8,0,-15.803,-33.713,0.000
2012-05-15-07_33_53.790,2,2,8,0,-15.737,-33.713,0.000
2012-05-15-07_33_53.792,2,3,8,0,-24.715,-33.782,0.000
2012-05-15-07_33_53.794,2,3,8,0,-24.789,-33.785,0.000
2012-05-15-07_33_53.797,2,3,8,0,-24.774,-33.841,0.000
2012-05-15-07_33_53.799,2,3,8,0,-24.715,-33.716,0.000
2012-05-15-07_33_53.801,2,4,8,0,-33.733,-33.791,0.000
2012-05-15-07_33_53.803,2,4,8,0,-33.806,-33.770,0.000
2012-05-15-07_33_53.806,2,4,8,0,-33.738,-33.751,0.000
2012-05-15-07_33_53.808,2,4,8,0,-33.672,-33.751,0.000
2012-05-15-07_33_53.810,2,5,8,0,-42.708,-33.780,0.000
2012-05-15-07_33_53.812,2,5,8,0,-42.766,-33.747,0.000
2012-05-15-07_33_53.815,2,5,8,0,-42.840,-33.726,0.000
2012-05-15-07_33_53.817,2,5,8,0,-42.771,-33.707,0.000
2012-05-15-07_33_53.819,2,6,8,0,-51.718,-33.786,0.000
2012-05-15-07_33_53.821,2,6,8,0,-51.804,-33.760,0.000
2012-05-15-07_33_53.824,2,6,8,0,-51.787,-33.722,0.000
2012-05-15-07_33_53.826,2,6,8,0,-51.726,-33.720,0.000
2012-05-15-07_33_53.828,2,7,8,0,-60.717,-33.784,19.818
2012-05-15-07_33_53.830,2,7,8,0,-60.793,-33.785,20.318
2012-05-15-07_33_53.832,2,7,8,0,-60.700,-33.746,19.918
2012-05-15-07_33_53.835,2,7,8,0,-60.739,-33.846,19.718
2012-05-15-07_33_53.837,2,0,9,0,2.284,-38.284,0.000
2012-05-15-07_33_53.839,2,0,9,0,2.257,-38.161,0.000
2012-05-15-07_33_53.841,2,0,9,0,2.213,-38.288,0.000
2012-05-15-07_33_53.843,2,0,9,0,2.205,-38.214,0.000
2012-05-15-07_33_53.845,2,1,9,0,-6.742,-38.286,0.000
2012-05-15-07_33_53.848,2,1,9,0,-6.805,-38.285,0.000
2012-05-15-07_33_53.851,2,1,9,0,-6.805,-38.216,0.000
2012-05-15-07_33_53.853,2,1,9,0,-6.742,-38.216,0.000
2012-05-15-07_33_53.855,2,2,9,0,-15.737,-38.285,0.000
2012-05-15-07_33_53.857,2,2,9,0,-15.798,-38.253,0.000
2012-05-15-07_33_53.860,2,2,9,0,-15.801,-38.217,0.000
2012-05-15-07_33_53.862,2,2,9,0,-15.737,-38.217,0.000
2012-05-15-07_33_53.864,2,3,9,0,-24.716,-38.287,0.000
2012-05-15-07_33_53.867,2,3,9,0,-24.789,-38.287,0.000
2012-05-15-07_33_53.869,2,3,9,0,-24.770,-38.159,0.000
2012-05-15-07_33_53.872,2,3,9,0,-24.767,-38.340,0.000
2012-05-15-07_33_53.874,2,4,9,0,-33.734,-38.291,0.000
2012-05-15-07_33_53.876,2,4,9,0,-33.807,-38.277,0.000
2012-05-15-07_33_53.878,2,4,9,0,-33.736,-38.255,0.000
2012-05-15-07_33_53.881,2,4,9,0,-33.673,-38.255,0.000
2012-05-15-07_33_53.883,2,5,9,0,-42.706,-38.280,0.000
2012-05-15-07_33_53.885,2,5,9,0,-42.767,-38.247,0.000
2012-05-15-07_33_53.887,2,5,9,0,-42.840,-38.233,0.000
2012-05-15-07_33_53.889,2,5,9,0,-42.769,-38.211,0.000
2012-05-15-07_33_53.892,2,6,9,0,-51.719,-38.294,0.000
2012-05-15-07_33_53.894,2,6,9,0,-51.802,-38.265,0.000
2012-05-15-07_33_53.896,2,6,9,0,-51.787,-38.219,0.000
2012-05-15-07_33_53.898,2,6,9,0,-51.719,-38.218,0.000
2012-05-15-07_33_53.900,2,7,9,0,-60.715,-38.289,19.644
2012-05-15-07_33_53.903,2,7,9,0,-60.793,-38.289,20.244
2012-05-15-07_33_53.905,2,7,9,0,-60.701,-38.243,19.744
2012-05-15-07_33_53.907,2,7,9,0,-60.715,-38.221,20.044
2012-05-15-07_33_53.909,2,0,10,0,2.283,-42.784,0.000
2012-05-15-07_33_53.912,2,0,10,0,2.256,-42.660,0.000
2012-05-15-07_33_53.914,2,0,10,0,2.212,-42.785,0.000
2012-05-15-07_33_53.916,2,0,10,0,2.207,-42.713,0.000
2012-05-15-07_33_53.918,2,1,10,0,-6.740,-42.786,0.000
2012-05-15-07_33_53.920,2,1,10,0,-6.806,-42.786,0.000
2012-05-15-07_33_53.923,2,1,10,0,-6.806,-42.716,0.000
2012-05-15-07_33_53.925,2,1,10,0,-6.740,-42.716,0.000
2012-05-15-07_33_53.927,2,2,10,0,-15.735,-42.784,0.000
2012-05-15-07_33_53.929,2,2,10,0,-15.799,-42.748,0.000
2012-05-15-07_33_53.931,2,2,10,0,-15.801,-42.717,0.000
2012-05-15-07_33_53.934,2,2,10,0,-15.735,-42.716,0.000
2012-05-15-07_33_53.937,2,3,10,0,-24.716,-42.786,0.000
2012-05-15-07_33_53.939,2,3,10,0,-24.790,-42.786,0.000
2012-05-15-07_33_53.941,2,3,10,0,-24.770,-42.659,0.000
2012-05-15-07_33_53.944,2,3,10,0,-24.765,-42.839,0.000
2012-05-15-07_33_53.946,2,4,10,0,-33.734,-42.786,0.000
2012-05-15-07_33_53.948,2,4,10,0,-33.805,-42.773,0.000
2012-05-15-07_33_53.950,2,4,10,0,-33.737,-42.755,0.000
2012-05-15-07_33_53.952,2,4,10,0,-33.671,-42.754,0.000
2012-05-15-07_33_53.954,2,5,10,0,-42.704,-42.779,0.000
2012-05-15-07_33_53.957,2,5,10,0,-42.767,-42.742,0.000
2012-05-15-07_33_53.959,2,5,10,0,-42.838,-42.729,0.000
2012-05-15-07_33_53.961,2,5,10,0,-42.770,-42.711,0.000
2012-05-15-07_33_53.963,2,6,10,0,-51.717,-42.790,0.000
2012-05-15-07_33_53.965,2,6,10,0,-51.802,-42.766,0.000
2012-05-15-07_33_53.968,2,6,10,0,-51.788,-42.714,0.000
2012-05-15-07_33_53.970,2,6,10,0,-51.717,-42.715,0.000
2012-05-15-07_33_53.972,2,7,10,0,-60.716,-42.790,19.365
2012-05-15-07_33_53.974,2,7,10,0,-60.794,-42.789,20.166
2012-05-15-07_33_53.977,2,7,10,0,-60.701,-42.738,19.966
2012-05-15-07_33_53.979,2,7,10,0,-60.716,-42.719,19.966
2012-05-15-07_33_53.981,2,0,11,0,2.285,-47.279,0.000
2012-05-15-07_33_53.983,2,0,11,0,2.256,-47.158,0.000
2012-05-15-07_33_53.986,2,0,11,0,2.214,-47.284,0.000
2012-05-15-07_33_53.988,2,0,11,0,2.207,-47.215,0.000
2012-05-15-07_33_53.990,2,1,11,0,-6.740,-47.286,0.000
2012-05-15-07_33_53.993,2,1,11,0,-6.804,-47.286,0.000
2012-05-15-07_33_53.995,2,1,11,0,-6.806,-47.216,0.000
2012-05-15-07_33_53.997,2,2,11,0,-15.736,-47.286,0.000
2012-05-15-07_33_53.999,2,2,11,0,-15.797,-47.247,0.000
2012-05-15-07_33_54.002,2,3,11,0,-24.717,-47.284,0.000
2012-05-15-07_33_54.004,2,3,11,0,-24.788,-47.285,0.000
2012-05-15-07_33_54.008,2,3,11,0,-24.771,-47.158,0.000
2012-05-15-07_33_54.010,2,3,11,0,-24.766,-47.341,0.000
2012-05-15-07_33_54.013,2,4,11,0,-33.732,-47.285,0.000
2012-05-15-07_33_54.015,2,4,11,0,-33.803,-47.269,0.000
2012-05-15-07_33_54.017,2,5,11,0,-42.704,-47.281,0.000
2012-05-15-07_33_54.019,2,5,11,0,-42.766,-47.241,0.000
2012-05-15-07_33_54.021,2,5,11,0,-42.836,-47.225,0.000
2012-05-15-07_33_54.024,2,6,11,0,-51.715,-47.286,0.086
2012-05-15-07_33_54.026,2,6,11,0,-51.803,-47.265,0.000
2012-05-15-07_33_54.028,2,7,11,0,-60.716,-47.290,19.386
2012-05-15-07_33_54.030,2,7,11,0,-60.794,-47.288,20.086
