2012-05-05-17_27_28.886,422,0,0,0,2.258,2.218,1.665
2012-05-05-17_27_28.888,422,0,0,0,2.296,2.304,1.665
2012-05-05-17_27_28.890,422,0,0,0,2.195,2.246,1.665
2012-05-05-17_27_28.891,422,1,0,0,-6.752,2.208,2.165
2012-05-05-17_27_28.893,422,1,0,0,-6.828,2.234,2.065
2012-05-05-17_27_28.895,422,1,0,0,-6.769,2.286,2.065
2012-05-05-17_27_28.897,422,2,0,0,-15.707,2.288,1.365
2012-05-05-17_27_28.899,422,2,0,0,-15.770,2.316,1.365
2012-05-05-17_27_28.900,422,2,0,0,-15.713,2.361,1.365
2012-05-05-17_27_28.900,422,3,0,0,-24.729,2.205,2.565
2012-05-05-17_27_28.901,422,3,0,0,-24.691,2.292,2.465
2012-05-05-17_27_28.902,422,3,0,0,-24.792,2.233,2.465
2012-05-05-17_27_28.902,422,4,0,0,-33.725,2.204,1.365
2012-05-05-17_27_28.903,422,4,0,0,-33.688,2.290,1.265
2012-05-05-17_27_28.903,422,4,0,0,-33.788,2.232,1.165
2012-05-05-17_27_28.904,422,5,0,0,-42.732,2.205,1.565
2012-05-05-17_27_28.904,422,5,0,0,-42.681,2.166,1.565
2012-05-05-17_27_28.905,422,5,0,0,-42.776,2.191,1.565
2012-05-05-17_27_28.906,422,6,0,0,-51.771,2.143,0.965
2012-05-05-17_27_28.906,422,6,0,0,-51.733,2.230,0.965
2012-05-05-17_27_28.907,422,6,0,0,-51.834,2.171,0.965
2012-05-05-17_27_28.907,422,7,0,0,-60.665,2.207,2.265
2012-05-05-17_27_28.908,422,7,0,0,-60.729,2.235,2.165
2012-05-05-17_27_28.908,422,7,0,0,-60.672,2.280,2.265
2012-05-05-17_27_28.909,422,0,0,1,-2.192,2.209,1.965
2012-05-05-17_27_28.909,422,0,0,1,-2.167,2.305,1.965
2012-05-05-17_27_28.910,422,0,0,1,-2.260,2.231,1.965
2012-05-05-17_27_28.927,422,1,0,1,-11.207,2.208,2.265
2012-05-05-17_27_28.928,422,1,0,1,-11.341,2.273,2.265
2012-05-05-17_27_28.929,422,1,0,1,-11.229,2.286,2.265
2012-05-05-17_27_28.930,422,2,0,1,-20.157,2.279,1.765
2012-05-05-17_27_28.930,422,2,0,1,-20.225,2.301,1.765
2012-05-05-17_27_28.931,422,2,0,1,-20.232,2.302,1.765
2012-05-05-17_27_28.932,422,3,0,1,-29.179,2.197,2.565
2012-05-05-17_27_28.932,422,3,0,1,-29.153,2.293,2.765
2012-05-05-17_27_28.933,422,3,0,1,-29.247,2.219,2.665
2012-05-05-17_27_28.934,422,4,0,1,-38.175,2.195,2.365
2012-05-05-17_27_28.934,422,4,0,1,-38.150,2.291,2.365
2012-05-05-17_27_28.935,422,4,0,1,-38.243,2.217,2.365
2012-05-05-17_27_28.936,422,5,0,1,-47.194,2.205,0.865
2012-05-05-17_27_28.937,422,5,0,1,-47.274,2.227,0.865
2012-05-05-17_27_28.937,422,5,0,1,-47.247,2.202,0.865
2012-05-05-17_27_28.938,422,6,0,1,-56.221,2.135,1.865
2012-05-05-17_27_28.939,422,6,0,1,-56.195,2.230,1.765
2012-05-05-17_27_28.940,422,6,0,1,-56.289,2.157,1.865
2012-05-05-17_27_28.940,422,7,0,1,-65.183,2.220,1.365
2012-05-05-17_27_28.945,422,7,0,1,-65.191,2.221,1.465
2012-05-05-17_27_28.946,422,7,0,1,-65.171,2.316,1.565
2012-05-05-17_27_28.946,422,0,1,0,2.270,-2.282,1.478
2012-05-05-17_27_28.947,422,0,1,0,2.298,-2.189,1.378
2012-05-05-17_27_28.947,422,0,1,0,2.197,-2.258,1.478
2012-05-05-17_27_28.948,422,1,1,0,-6.748,-2.294,1.578
2012-05-05-17_27_28.948,422,1,1,0,-6.828,-2.268,1.578
2012-05-05-17_27_28.949,422,1,1,0,-6.769,-2.208,1.578
2012-05-05-17_27_28.950,422,2,1,0,-15.695,-2.212,0.878
2012-05-05-17_27_28.951,422,2,1,0,-15.768,-2.188,0.878
2012-05-05-17_27_28.951,422,2,1,0,-15.744,-2.198,0.878
2012-05-05-17_27_28.952,422,3,1,0,-24.717,-2.294,1.078
2012-05-05-17_27_28.952,422,3,1,0,-24.689,-2.201,1.078
2012-05-05-17_27_28.953,422,3,1,0,-24.790,-2.271,1.078
2012-05-05-17_27_28.954,422,4,1,0,-33.713,-2.296,0.678
2012-05-05-17_27_28.955,422,4,1,0,-33.686,-2.203,0.578
2012-05-05-17_27_28.955,422,4,1,0,-33.787,-2.272,0.478
2012-05-05-17_27_28.956,422,5,1,0,-42.730,-2.289,0.878
2012-05-05-17_27_28.956,422,5,1,0,-42.681,-2.336,0.878
2012-05-05-17_27_28.957,422,5,1,0,-42.776,-2.303,0.878
2012-05-05-17_27_28.957,422,6,1,0,-51.759,-2.357,0.878
2012-05-05-17_27_28.958,422,6,1,0,-51.731,-2.264,0.878
2012-05-05-17_27_28.959,422,6,1,0,-51.832,-2.333,0.878
2012-05-05-17_27_28.960,422,7,1,0,-60.654,-2.293,1.578
2012-05-05-17_27_28.960,422,7,1,0,-60.727,-2.269,1.578
2012-05-05-17_27_28.961,422,7,1,0,-60.672,-2.214,1.578
2012-05-05-17_27_28.963,422,0,1,1,-2.194,-2.289,1.688
2012-05-05-17_27_28.963,422,0,1,1,-2.164,-2.189,1.688
2012-05-05-17_27_28.964,422,0,1,1,-2.263,-2.272,1.788
2012-05-05-17_27_28.965,422,1,1,1,-11.203,-2.294,0.988
2012-05-05-17_27_28.967,422,1,1,1,-11.339,-2.221,1.188
2012-05-05-17_27_28.968,422,1,1,1,-11.229,-2.208,1.188
2012-05-05-17_27_28.969,422,2,1,1,-20.159,-2.219,0.788
2012-05-05-17_27_28.970,422,2,1,1,-20.228,-2.202,0.788
2012-05-05-17_27_28.970,422,2,1,1,-20.235,-2.199,0.788
2012-05-05-17_27_28.972,422,3,1,1,-29.181,-2.301,0.888
2012-05-05-17_27_28.973,422,3,1,1,-29.151,-2.201,0.888
2012-05-05-17_27_28.974,422,3,1,1,-29.250,-2.284,0.888
2012-05-05-17_27_28.975,422,4,1,1,-38.178,-2.303,0.588
2012-05-05-17_27_28.975,422,4,1,1,-38.148,-2.203,0.688
2012-05-05-17_27_28.976,422,4,1,1,-38.246,-2.286,0.688
2012-05-05-17_27_28.977,422,5,1,1,-47.192,-2.289,0.988
2012-05-05-17_27_28.977,422,5,1,1,-47.277,-2.269,0.988
2012-05-05-17_27_28.978,422,5,1,1,-47.248,-2.292,0.988
2012-05-05-17_27_28.979,422,6,1,1,-56.223,-2.364,1.088
2012-05-05-17_27_28.980,422,6,1,1,-56.193,-2.264,1.088
2012-05-05-17_27_28.981,422,6,1,1,-56.292,-2.346,1.088
2012-05-05-17_27_28.981,422,7,1,1,-65.186,-2.282,1.488
2012-05-05-17_27_28.982,422,7,1,1,-65.194,-2.280,1.488
2012-05-05-17_27_28.983,422,7,1,1,-65.173,-2.180,1.588
2012-05-05-17_27_28.984,422,0,2,0,2.262,-6.780,1.902
2012-05-05-17_27_28.985,422,0,2,0,2.297,-6.689,1.802
2012-05-05-17_27_28.985,422,0,2,0,2.199,-6.760,1.902
2012-05-05-17_27_28.986,422,1,2,0,-6.744,-6.793,1.702
2012-05-05-17_27_28.987,422,1,2,0,-6.829,-6.773,1.702
2012-05-05-17_27_28.988,422,1,2,0,-6.767,-6.706,1.702
2012-05-05-17_27_28.989,422,2,2,0,-15.703,-6.710,1.002
2012-05-05-17_27_28.989,422,2,2,0,-15.766,-6.689,1.002
2012-05-05-17_27_28.990,422,2,2,0,-15.712,-6.637,1.002
2012-05-05-17_27_28.991,422,3,2,0,-24.725,-6.792,1.302
2012-05-05-17_27_28.992,422,3,2,0,-24.690,-6.701,1.302
2012-05-05-17_27_28.993,422,3,2,0,-24.788,-6.772,1.202
2012-05-05-17_27_28.994,422,4,2,0,-33.721,-6.794,0.702
2012-05-05-17_27_28.994,422,4,2,0,-33.686,-6.703,0.702
2012-05-05-17_27_29.002,422,4,2,0,-33.784,-6.774,0.702
2012-05-05-17_27_29.003,422,5,2,0,-42.730,-6.789,1.002
2012-05-05-17_27_29.004,422,5,2,0,-42.682,-6.841,0.902
2012-05-05-17_27_29.005,422,5,2,0,-42.774,-6.807,1.002
2012-05-05-17_27_29.005,422,6,2,0,-51.767,-6.855,1.102
2012-05-05-17_27_29.006,422,6,2,0,-51.732,-6.764,1.102
2012-05-05-17_27_29.007,422,6,2,0,-51.830,-6.834,1.002
2012-05-05-17_27_29.008,422,7,2,0,-60.661,-6.791,1.602
2012-05-05-17_27_29.009,422,7,2,0,-60.725,-6.770,1.602
2012-05-05-17_27_29.009,422,7,2,0,-60.671,-6.718,1.602
2012-05-05-17_27_29.010,422,0,2,1,-2.192,-6.786,1.810
2012-05-05-17_27_29.011,422,0,2,1,-2.167,-6.688,1.810
2012-05-05-17_27_29.012,422,0,2,1,-2.266,-6.770,1.910
2012-05-05-17_27_29.013,422,1,2,1,-11.206,-6.792,1.610
2012-05-05-17_27_29.013,422,1,2,1,-11.342,-6.720,1.710
2012-05-05-17_27_29.014,422,1,2,1,-11.229,-6.706,1.610
2012-05-05-17_27_29.015,422,2,2,1,-20.157,-6.716,1.010
2012-05-05-17_27_29.016,422,2,2,1,-20.230,-6.700,1.010
2012-05-05-17_27_29.017,422,2,2,1,-20.238,-6.697,1.010
2012-05-05-17_27_29.017,422,3,2,1,-29.179,-6.799,1.010
2012-05-05-17_27_29.018,422,3,2,1,-29.154,-6.700,1.010
2012-05-05-17_27_29.019,422,3,2,1,-29.252,-6.782,1.010
2012-05-05-17_27_29.020,422,4,2,1,-38.176,-6.800,0.710
2012-05-05-17_27_29.021,422,4,2,1,-38.151,-6.702,0.710
2012-05-05-17_27_29.021,422,4,2,1,-38.249,-6.784,0.710
2012-05-05-17_27_29.022,422,5,2,1,-47.195,-6.788,1.110
2012-05-05-17_27_29.023,422,5,2,1,-47.280,-6.766,1.010
2012-05-05-17_27_29.024,422,5,2,1,-47.251,-6.793,1.010
2012-05-05-17_27_29.025,422,6,2,1,-56.221,-6.861,1.210
2012-05-05-17_27_29.026,422,6,2,1,-56.196,-6.763,1.210
2012-05-05-17_27_29.026,422,6,2,1,-56.295,-6.844,1.110
2012-05-05-17_27_29.027,422,7,2,1,-65.189,-6.780,1.510
2012-05-05-17_27_29.028,422,7,2,1,-65.196,-6.778,1.610
2012-05-05-17_27_29.029,422,7,2,1,-65.176,-6.677,1.610
2012-05-05-17_27_29.029,422,0,3,0,2.269,-11.278,1.920
2012-05-05-17_27_29.030,422,0,3,0,2.294,-11.190,2.020
2012-05-05-17_27_29.031,422,0,3,0,2.196,-11.255,1.920
2012-05-05-17_27_29.032,422,1,3,0,-6.744,-11.289,1.720
2012-05-05-17_27_29.032,422,1,3,0,-6.824,-11.270,1.820
2012-05-05-17_27_29.033,422,1,3,0,-6.763,-11.205,1.820
2012-05-05-17_27_29.034,422,2,3,0,-15.696,-11.208,1.120
2012-05-05-17_27_29.034,422,2,3,0,-15.769,-11.185,1.020
2012-05-05-17_27_29.035,422,2,3,0,-15.715,-11.140,1.120
2012-05-05-17_27_29.036,422,3,3,0,-24.718,-11.290,1.320
2012-05-05-17_27_29.037,422,3,3,0,-24.693,-11.203,1.420
2012-05-05-17_27_29.038,422,3,3,0,-24.791,-11.267,1.420
2012-05-05-17_27_29.038,422,4,3,0,-33.714,-11.292,0.720
2012-05-05-17_27_29.039,422,4,3,0,-33.689,-11.204,0.720
2012-05-05-17_27_29.040,422,4,3,0,-33.787,-11.269,0.720
2012-05-05-17_27_29.040,422,5,3,0,-42.733,-11.290,1.020
2012-05-05-17_27_29.041,422,5,3,0,-42.677,-11.338,1.020
2012-05-05-17_27_29.042,422,5,3,0,-42.777,-11.310,1.020
2012-05-05-17_27_29.043,422,6,3,0,-51.760,-11.353,1.120
2012-05-05-17_27_29.043,422,6,3,0,-51.735,-11.265,1.120
2012-05-05-17_27_29.044,422,6,3,0,-51.833,-11.330,1.120
2012-05-05-17_27_29.045,422,7,3,0,-60.654,-11.289,1.720
2012-05-05-17_27_29.045,422,7,3,0,-60.727,-11.266,1.720
2012-05-05-17_27_29.046,422,7,3,0,-60.673,-11.221,1.720
2012-05-05-17_27_29.047,422,0,3,1,-2.190,-11.289,1.828
2012-05-05-17_27_29.048,422,0,3,1,-2.163,-11.190,1.828
2012-05-05-17_27_29.049,422,0,3,1,-2.266,-11.266,1.828
2012-05-05-17_27_29.049,422,1,3,1,-11.206,-11.289,1.628
2012-05-05-17_27_29.050,422,1,3,1,-11.337,-11.222,1.828
2012-05-05-17_27_29.062,422,1,3,1,-11.227,-11.204,1.728
2012-05-05-17_27_29.063,422,2,3,1,-20.155,-11.219,1.128
2012-05-05-17_27_29.063,422,2,3,1,-20.231,-11.196,1.028
2012-05-05-17_27_29.064,422,2,3,1,-20.238,-11.193,1.128
2012-05-05-17_27_29.067,422,3,3,1,-29.177,-11.301,1.128
2012-05-05-17_27_29.068,422,3,3,1,-29.150,-11.202,1.128
2012-05-05-17_27_29.068,422,3,3,1,-29.253,-11.279,1.128
2012-05-05-17_27_29.069,422,4,3,1,-38.174,-11.303,0.828
2012-05-05-17_27_29.070,422,4,3,1,-38.146,-11.204,0.728
2012-05-05-17_27_29.070,422,4,3,1,-38.249,-11.280,0.728
2012-05-05-17_27_29.072,422,5,3,1,-47.190,-11.290,1.028
2012-05-05-17_27_29.073,422,5,3,1,-47.280,-11.265,1.028
2012-05-05-17_27_29.074,422,5,3,1,-47.249,-11.293,1.028
2012-05-05-17_27_29.075,422,6,3,1,-56.219,-11.363,1.228
2012-05-05-17_27_29.076,422,6,3,1,-56.192,-11.264,1.228
2012-05-05-17_27_29.076,422,6,3,1,-56.295,-11.341,1.228
2012-05-05-17_27_29.077,422,7,3,1,-65.190,-11.277,1.628
2012-05-05-17_27_29.079,422,7,3,1,-65.197,-11.274,1.628
2012-05-05-17_27_29.080,422,7,3,1,-65.177,-11.176,1.728
2012-05-05-17_27_29.081,422,0,4,0,2.269,-15.781,2.039
2012-05-05-17_27_29.081,422,0,4,0,2.296,-15.697,1.939
2012-05-05-17_27_29.082,422,0,4,0,2.191,-15.754,2.039
2012-05-05-17_27_29.083,422,1,4,0,-6.739,-15.790,1.739
2012-05-05-17_27_29.084,422,1,4,0,-6.822,-15.768,1.839
2012-05-05-17_27_29.085,422,1,4,0,-6.763,-15.711,1.839
2012-05-05-17_27_29.085,422,2,4,0,-15.696,-15.711,1.139
2012-05-05-17_27_29.086,422,2,4,0,-15.774,-15.684,1.039
2012-05-05-17_27_29.087,422,2,4,0,-15.715,-15.641,1.139
2012-05-05-17_27_29.088,422,3,4,0,-24.718,-15.793,1.439
2012-05-05-17_27_29.089,422,3,4,0,-24.691,-15.709,1.439
2012-05-05-17_27_29.089,422,3,4,0,-24.796,-15.766,1.439
2012-05-05-17_27_29.090,422,4,4,0,-33.715,-15.795,0.739
2012-05-05-17_27_29.091,422,4,4,0,-33.687,-15.711,0.739
2012-05-05-17_27_29.091,422,4,4,0,-33.793,-15.768,0.739
2012-05-05-17_27_29.092,422,5,4,0,-42.731,-15.796,1.039
2012-05-05-17_27_29.093,422,5,4,0,-42.675,-15.836,1.039
2012-05-05-17_27_29.093,422,5,4,0,-42.777,-15.811,1.039
2012-05-05-17_27_29.094,422,6,4,0,-51.760,-15.856,1.139
2012-05-05-17_27_29.095,422,6,4,0,-51.733,-15.771,1.139
2012-05-05-17_27_29.096,422,6,4,0,-51.838,-15.828,1.139
2012-05-05-17_27_29.096,422,7,4,0,-60.655,-15.792,1.839
2012-05-05-17_27_29.097,422,7,4,0,-60.733,-15.764,1.839
2012-05-05-17_27_29.098,422,7,4,0,-60.674,-15.722,1.839
2012-05-05-17_27_29.099,422,0,4,1,-2.188,-15.793,1.951
2012-05-05-17_27_29.100,422,0,4,1,-2.163,-15.696,1.950
2012-05-05-17_27_29.100,422,0,4,1,-2.266,-15.766,1.950
2012-05-05-17_27_29.101,422,1,4,1,-11.209,-15.791,1.851
2012-05-05-17_27_29.102,422,1,4,1,-11.338,-15.728,1.850
2012-05-05-17_27_29.103,422,1,4,1,-11.230,-15.710,1.850
2012-05-05-17_27_29.103,422,2,4,1,-20.153,-15.723,1.151
2012-05-05-17_27_29.104,422,2,4,1,-20.231,-15.696,1.150
2012-05-05-17_27_29.105,422,2,4,1,-20.239,-15.695,1.150
2012-05-05-17_27_29.105,422,3,4,1,-29.175,-15.805,1.151
2012-05-05-17_27_29.106,422,3,4,1,-29.150,-15.708,1.150
2012-05-05-17_27_29.107,422,3,4,1,-29.253,-15.778,1.150
2012-05-05-17_27_29.107,422,4,4,1,-38.172,-15.807,0.851
2012-05-05-17_27_29.108,422,4,4,1,-38.147,-15.710,0.850
2012-05-05-17_27_29.109,422,4,4,1,-38.250,-15.780,0.850
2012-05-05-17_27_29.110,422,5,4,1,-47.191,-15.796,1.150
2012-05-05-17_27_29.111,422,5,4,1,-47.281,-15.770,1.150
2012-05-05-17_27_29.111,422,5,4,1,-47.249,-15.798,1.150
2012-05-05-17_27_29.112,422,6,4,1,-56.192,-15.771,1.250
2012-05-05-17_27_29.114,422,6,4,1,-56.295,-15.841,1.250
2012-05-05-17_27_29.115,422,6,4,1,-56.303,-15.840,1.250
2012-05-05-17_27_29.116,422,7,4,1,-65.190,-15.777,1.650
2012-05-05-17_27_29.117,422,7,4,1,-65.197,-15.776,1.650
2012-05-05-17_27_29.118,422,7,4,1,-65.177,-15.681,1.750
2012-05-05-17_27_29.119,422,0,5,0,2.268,-20.282,2.063
2012-05-05-17_27_29.119,422,0,5,0,2.296,-20.197,2.063
2012-05-05-17_27_29.120,422,0,5,0,2.190,-20.254,2.063
2012-05-05-17_27_29.121,422,1,5,0,-6.740,-20.294,1.863
2012-05-05-17_27_29.121,422,1,5,0,-6.823,-20.268,1.863
2012-05-05-17_27_29.122,422,1,5,0,-6.761,-20.216,1.864
2012-05-05-17_27_29.123,422,2,5,0,-15.697,-20.212,1.063
2012-05-05-17_27_29.123,422,2,5,0,-15.774,-20.184,1.063
2012-05-05-17_27_29.125,422,2,5,0,-15.718,-20.140,1.164
2012-05-05-17_27_29.126,422,3,5,0,-24.719,-20.294,1.463
2012-05-05-17_27_29.127,422,3,5,0,-24.691,-20.209,1.463
2012-05-05-17_27_29.128,422,3,5,0,-24.796,-20.266,1.463
2012-05-05-17_27_29.128,422,4,5,0,-33.715,-20.296,0.863
2012-05-05-17_27_29.129,422,4,5,0,-33.688,-20.211,0.863
2012-05-05-17_27_29.130,422,4,5,0,-33.793,-20.268,0.863
2012-05-05-17_27_29.131,422,5,5,0,-42.731,-20.297,1.063
2012-05-05-17_27_29.131,422,5,5,0,-42.676,-20.336,1.063
2012-05-05-17_27_29.132,422,5,5,0,-42.780,-20.310,1.064
2012-05-05-17_27_29.133,422,6,5,0,-51.761,-20.357,1.163
2012-05-05-17_27_29.134,422,6,5,0,-51.733,-20.271,1.163
2012-05-05-17_27_29.135,422,6,5,0,-51.839,-20.328,1.063
2012-05-05-17_27_29.135,422,7,5,0,-60.655,-20.293,1.863
2012-05-05-17_27_29.136,422,7,5,0,-60.733,-20.265,1.763
2012-05-05-17_27_29.137,422,7,5,0,-60.677,-20.221,1.864
2012-05-05-17_27_29.138,422,0,5,1,-2.186,-20.292,1.973
2012-05-05-17_27_29.139,422,0,5,1,-2.161,-20.196,1.972
2012-05-05-17_27_29.139,422,0,5,1,-2.264,-20.268,1.972
2012-05-05-17_27_29.140,422,1,5,1,-11.209,-20.294,1.872
2012-05-05-17_27_29.141,422,1,5,1,-11.336,-20.228,1.872
2012-05-05-17_27_29.142,422,1,5,1,-11.231,-20.215,1.872
2012-05-05-17_27_29.143,422,2,5,1,-20.151,-20.222,1.173
2012-05-05-17_27_29.143,422,2,5,1,-20.229,-20.198,1.172
2012-05-05-17_27_29.144,422,2,5,1,-20.237,-20.198,1.172
2012-05-05-17_27_29.145,422,3,5,1,-29.173,-20.304,1.173
2012-05-05-17_27_29.146,422,3,5,1,-29.148,-20.208,1.172
2012-05-05-17_27_29.147,422,3,5,1,-29.251,-20.281,1.172
2012-05-05-17_27_29.147,422,4,5,1,-38.170,-20.306,0.873
2012-05-05-17_27_29.148,422,4,5,1,-38.145,-20.210,0.872
2012-05-05-17_27_29.151,422,4,5,1,-38.248,-20.282,0.872
2012-05-05-17_27_29.151,422,5,5,1,-47.189,-20.296,1.172
2012-05-05-17_27_29.152,422,5,5,1,-47.279,-20.275,1.172
2012-05-05-17_27_29.153,422,5,5,1,-47.250,-20.298,1.072
2012-05-05-17_27_29.154,422,6,5,1,-56.190,-20.271,1.372
2012-05-05-17_27_29.154,422,6,5,1,-56.293,-20.343,1.372
2012-05-05-17_27_29.155,422,6,5,1,-56.301,-20.342,1.272
2012-05-05-17_27_29.156,422,7,5,1,-65.188,-20.279,1.872
2012-05-05-17_27_29.156,422,7,5,1,-65.195,-20.279,1.772
2012-05-05-17_27_29.157,422,7,5,1,-65.175,-20.186,1.772
2012-05-05-17_27_29.158,422,0,6,0,2.273,-24.782,1.981
2012-05-05-17_27_29.159,422,0,6,0,2.300,-24.690,1.981
2012-05-05-17_27_29.159,422,0,6,0,2.192,-24.758,1.981
2012-05-05-17_27_29.160,422,1,6,0,-6.740,-24.796,1.581
2012-05-05-17_27_29.161,422,1,6,0,-6.816,-24.769,1.681
2012-05-05-17_27_29.162,422,1,6,0,-6.759,-24.710,1.681
2012-05-05-17_27_29.163,422,2,6,0,-15.692,-24.712,1.081
2012-05-05-17_27_29.164,422,2,6,0,-15.772,-24.688,1.081
2012-05-05-17_27_29.165,422,2,6,0,-15.751,-24.698,1.081
2012-05-05-17_27_29.166,422,3,6,0,-24.714,-24.794,1.481
2012-05-05-17_27_29.167,422,3,6,0,-24.687,-24.702,1.481
2012-05-05-17_27_29.168,422,3,6,0,-24.794,-24.770,1.381
2012-05-05-17_27_29.170,422,4,6,0,-33.711,-24.796,0.781
2012-05-05-17_27_29.171,422,4,6,0,-33.683,-24.704,0.881
2012-05-05-17_27_29.172,422,4,6,0,-33.791,-24.772,0.881
2012-05-05-17_27_29.172,422,5,6,0,-42.727,-24.790,1.281
2012-05-05-17_27_29.173,422,5,6,0,-42.669,-24.837,1.281
2012-05-05-17_27_29.174,422,5,6,0,-42.778,-24.805,1.281
2012-05-05-17_27_29.176,422,6,6,0,-51.756,-24.857,1.281
2012-05-05-17_27_29.176,422,6,6,0,-51.729,-24.765,1.281
2012-05-05-17_27_29.177,422,6,6,0,-51.837,-24.833,1.281
2012-05-05-17_27_29.177,422,7,6,0,-60.651,-24.793,2.081
2012-05-05-17_27_29.178,422,7,6,0,-60.731,-24.769,2.081
2012-05-05-17_27_29.179,422,7,6,0,-60.675,-24.716,2.081
2012-05-05-17_27_29.179,422,0,6,1,-2.187,-24.789,1.890
2012-05-05-17_27_29.180,422,0,6,1,-2.162,-24.689,1.990
2012-05-05-17_27_29.181,422,0,6,1,-2.262,-24.770,1.990
2012-05-05-17_27_29.182,422,1,6,1,-11.212,-24.796,1.690
2012-05-05-17_27_29.183,422,1,6,1,-11.336,-24.721,1.690
2012-05-05-17_27_29.183,422,1,6,1,-11.231,-24.709,1.690
2012-05-05-17_27_29.185,422,2,6,1,-20.152,-24.719,1.190
2012-05-05-17_27_29.185,422,2,6,1,-20.227,-24.700,1.090
2012-05-05-17_27_29.186,422,2,6,1,-20.235,-24.699,1.090
2012-05-05-17_27_29.187,422,3,6,1,-29.174,-24.801,1.190
2012-05-05-17_27_29.188,422,3,6,1,-29.149,-24.701,1.390
2012-05-05-17_27_29.189,422,3,6,1,-29.249,-24.782,1.290
2012-05-05-17_27_29.189,422,4,6,1,-38.170,-24.803,0.890
2012-05-05-17_27_29.190,422,4,6,1,-38.145,-24.703,0.890
2012-05-05-17_27_29.191,422,4,6,1,-38.246,-24.784,0.890
2012-05-05-17_27_29.192,422,5,6,1,-47.189,-24.789,1.390
2012-05-05-17_27_29.192,422,5,6,1,-47.274,-24.770,1.390
2012-05-05-17_27_29.193,422,5,6,1,-47.245,-24.792,5.390
2012-05-05-17_27_29.194,422,6,6,1,-56.216,-24.864,1.490
2012-05-05-17_27_29.195,422,6,6,1,-56.191,-24.764,1.390
2012-05-05-17_27_29.196,422,6,6,1,-56.291,-24.844,1.490
2012-05-05-17_27_29.197,422,7,6,1,-65.186,-24.781,1.990
2012-05-05-17_27_29.197,422,7,6,1,-65.193,-24.780,1.990
2012-05-05-17_27_29.198,422,7,6,1,-65.171,-24.680,1.990
2012-05-05-17_27_29.199,422,0,7,0,2.263,-29.279,2.001
2012-05-05-17_27_29.200,422,0,7,0,2.302,-29.189,2.001
2012-05-05-17_27_29.200,422,0,7,0,2.190,-29.260,2.001
2012-05-05-17_27_29.201,422,1,7,0,-6.741,-29.292,1.701
2012-05-05-17_27_29.202,422,1,7,0,-6.819,-29.272,1.701
2012-05-05-17_27_29.203,422,1,7,0,-6.760,-29.206,1.701
2012-05-05-17_27_29.204,422,2,7,0,-15.702,-29.209,1.101
2012-05-05-17_27_29.204,422,2,7,0,-15.775,-29.189,1.101
2012-05-05-17_27_29.205,422,2,7,0,-15.714,-29.137,1.101
2012-05-05-17_27_29.206,422,3,7,0,-24.724,-29.292,1.301
2012-05-05-17_27_29.207,422,3,7,0,-24.685,-29.201,1.401
2012-05-05-17_27_29.208,422,3,7,0,-24.797,-29.272,1.301
2012-05-05-17_27_29.208,422,4,7,0,-33.721,-29.293,0.901
2012-05-05-17_27_29.209,422,4,7,0,-33.681,-29.203,1.001
2012-05-05-17_27_29.210,422,4,7,0,-33.794,-29.274,1.001
2012-05-05-17_27_29.211,422,5,7,0,-42.725,-29.289,1.401
2012-05-05-17_27_29.211,422,5,7,0,-42.672,-29.340,1.301
2012-05-05-17_27_29.212,422,5,7,0,-42.776,-29.307,1.401
2012-05-05-17_27_29.213,422,6,7,0,-51.766,-29.354,1.301
2012-05-05-17_27_29.214,422,6,7,0,-51.727,-29.263,1.301
2012-05-05-17_27_29.215,422,6,7,0,-51.673,-29.315,1.301
2012-05-05-17_27_29.215,422,7,7,0,-60.661,-29.290,2.101
2012-05-05-17_27_29.216,422,7,7,0,-60.734,-29.270,2.201
2012-05-05-17_27_29.216,422,7,7,0,-60.673,-29.218,2.201
2012-05-05-17_27_29.217,422,0,7,1,-2.187,-29.286,2.013
2012-05-05-17_27_29.219,422,0,7,1,-2.165,-29.188,1.913
2012-05-05-17_27_29.220,422,0,7,1,-2.263,-29.269,2.013
2012-05-05-17_27_29.221,422,1,7,1,-11.213,-29.292,1.713
2012-05-05-17_27_29.221,422,1,7,1,-11.339,-29.220,1.813
2012-05-05-17_27_29.223,422,1,7,1,-11.236,-29.205,1.713
2012-05-05-17_27_29.224,422,2,7,1,-20.152,-29.216,1.113
2012-05-05-17_27_29.224,422,2,7,1,-20.228,-29.199,1.213
2012-05-05-17_27_29.225,422,2,7,1,-20.235,-29.196,1.113
2012-05-05-17_27_29.226,422,3,7,1,-29.174,-29.298,1.213
2012-05-05-17_27_29.227,422,3,7,1,-29.152,-29.201,1.213
2012-05-05-17_27_29.228,422,3,7,1,-29.250,-29.281,1.213
2012-05-05-17_27_29.228,422,4,7,1,-38.171,-29.300,1.013
2012-05-05-17_27_29.229,422,4,7,1,-38.148,-29.202,1.013
2012-05-05-17_27_29.230,422,4,7,1,-38.246,-29.283,1.013
2012-05-05-17_27_29.230,422,5,7,1,-47.192,-29.288,1.513
2012-05-05-17_27_29.232,422,5,7,1,-47.275,-29.266,1.413
2012-05-05-17_27_29.233,422,5,7,1,-47.243,-29.293,1.513
2012-05-05-17_27_29.234,422,6,7,1,-56.216,-29.361,1.413
2012-05-05-17_27_29.235,422,6,7,1,-56.194,-29.263,1.413
2012-05-05-17_27_29.236,422,6,7,1,-56.292,-29.344,1.413
2012-05-05-17_27_29.237,422,7,7,1,-65.186,-29.280,2.013
2012-05-05-17_27_29.238,422,7,7,1,-65.194,-29.277,2.013
2012-05-05-17_27_29.239,422,7,7,1,-65.171,-29.177,2.113
2012-05-05-17_27_29.239,422,0,8,0,2.274,-33.778,2.026
2012-05-05-17_27_29.240,422,0,8,0,2.304,-33.688,1.926
2012-05-05-17_27_29.241,422,0,8,0,2.192,-33.756,1.926
2012-05-05-17_27_29.242,422,1,8,0,-6.744,-33.788,1.726
2012-05-05-17_27_29.243,422,1,8,0,-6.817,-33.769,1.726
2012-05-05-17_27_29.243,422,1,8,0,-6.763,-33.703,1.726
2012-05-05-17_27_29.244,422,2,8,0,-15.690,-33.708,1.126
2012-05-05-17_27_29.245,422,2,8,0,-15.773,-33.686,1.126
2012-05-05-17_27_29.245,422,2,8,0,-15.709,-33.638,1.126
2012-05-05-17_27_29.246,422,3,8,0,-24.712,-33.790,1.326
2012-05-05-17_27_29.247,422,3,8,0,-24.683,-33.700,1.326
2012-05-05-17_27_29.248,422,3,8,0,-24.795,-33.768,1.426
2012-05-05-17_27_29.248,422,4,8,0,-33.709,-33.792,1.026
2012-05-05-17_27_29.249,422,4,8,0,-33.679,-33.702,1.026
2012-05-05-17_27_29.250,422,4,8,0,-33.792,-33.770,0.926
2012-05-05-17_27_29.251,422,5,8,0,-42.723,-33.788,1.326
2012-05-05-17_27_29.252,422,5,8,0,-42.670,-33.837,1.326
2012-05-05-17_27_29.252,422,5,8,0,-42.772,-33.808,1.326
2012-05-05-17_27_29.253,422,6,8,0,-51.755,-33.853,1.326
2012-05-05-17_27_29.254,422,6,8,0,-51.725,-33.763,1.326
2012-05-05-17_27_29.255,422,6,8,0,-51.837,-33.830,1.226
2012-05-05-17_27_29.256,422,7,8,0,-60.649,-33.789,2.126
2012-05-05-17_27_29.256,422,7,8,0,-60.732,-33.766,2.226
2012-05-05-17_27_29.257,422,7,8,0,-60.668,-33.719,2.126
2012-05-05-17_27_29.258,422,0,8,1,-2.190,-33.787,1.936
2012-05-05-17_27_29.259,422,0,8,1,-2.165,-33.688,1.936
2012-05-05-17_27_29.259,422,0,8,1,-2.261,-33.766,2.035
2012-05-05-17_27_29.260,422,1,8,1,-11.213,-33.787,1.836
2012-05-05-17_27_29.261,422,1,8,1,-11.339,-33.719,1.736
2012-05-05-17_27_29.262,422,1,8,1,-11.237,-33.702,1.735
2012-05-05-17_27_29.263,422,2,8,1,-20.155,-33.716,1.236
2012-05-05-17_27_29.263,422,2,8,1,-20.226,-33.696,1.135
2012-05-05-17_27_29.264,422,2,8,1,-20.235,-33.692,1.135
2012-05-05-17_27_29.265,422,3,8,1,-29.177,-33.799,1.136
2012-05-05-17_27_29.265,422,3,8,1,-29.152,-33.700,1.136
2012-05-05-17_27_29.266,422,3,8,1,-29.248,-33.778,1.135
2012-05-05-17_27_29.267,422,4,8,1,-38.174,-33.801,1.036
2012-05-05-17_27_29.267,422,4,8,1,-38.148,-33.702,0.936
2012-05-05-17_27_29.268,422,4,8,1,-38.244,-33.780,0.935
2012-05-05-17_27_29.269,422,5,8,1,-47.192,-33.788,1.536
2012-05-05-17_27_29.271,422,5,8,1,-47.275,-33.764,1.535
2012-05-05-17_27_29.272,422,5,8,1,-47.246,-33.793,1.435
2012-05-05-17_27_29.273,422,6,8,1,-56.219,-33.861,1.436
2012-05-05-17_27_29.273,422,6,8,1,-56.194,-33.762,1.536
2012-05-05-17_27_29.274,422,6,8,1,-56.290,-33.841,1.435
2012-05-05-17_27_29.275,422,7,8,1,-65.184,-33.777,2.235
2012-05-05-17_27_29.276,422,7,8,1,-65.194,-33.773,2.235
2012-05-05-17_27_29.277,422,7,8,1,-65.171,-33.675,2.235
2012-05-05-17_27_29.277,422,0,9,0,2.276,-38.282,2.045
2012-05-05-17_27_29.278,422,0,9,0,2.304,-38.195,1.945
2012-05-05-17_27_29.279,422,0,9,0,2.191,-38.255,2.045
2012-05-05-17_27_29.280,422,1,9,0,-6.744,-38.289,1.845
2012-05-05-17_27_29.281,422,1,9,0,-6.820,-38.268,1.845
2012-05-05-17_27_29.284,422,1,9,0,-6.765,-38.210,1.845
2012-05-05-17_27_29.285,422,2,9,0,-15.688,-38.212,1.245
2012-05-05-17_27_29.286,422,2,9,0,-15.774,-38.184,1.145
2012-05-05-17_27_29.286,422,2,9,0,-15.710,-38.141,1.145
2012-05-05-17_27_29.287,422,3,9,0,-24.711,-38.294,1.545
2012-05-05-17_27_29.288,422,3,9,0,-24.683,-38.208,1.545
2012-05-05-17_27_29.289,422,3,9,0,-24.796,-38.267,1.545
2012-05-05-17_27_29.290,422,4,9,0,-33.707,-38.296,0.945
2012-05-05-17_27_29.291,422,4,9,0,-33.680,-38.209,0.945
2012-05-05-17_27_29.292,422,4,9,0,-33.792,-38.269,0.945
2012-05-05-17_27_29.293,422,5,9,0,-42.723,-38.295,1.445
2012-05-05-17_27_29.293,422,5,9,0,-42.672,-38.336,1.345
2012-05-05-17_27_29.294,422,5,9,0,-42.772,-38.311,1.345
2012-05-05-17_27_29.295,422,6,9,0,-51.753,-38.357,1.345
2012-05-05-17_27_29.295,422,6,9,0,-51.725,-38.270,1.345
2012-05-05-17_27_29.296,422,6,9,0,-51.838,-38.329,1.245
2012-05-05-17_27_29.297,422,7,9,0,-60.647,-38.293,2.145
2012-05-05-17_27_29.298,422,7,9,0,-60.732,-38.265,2.145
2012-05-05-17_27_29.299,422,7,9,0,-60.669,-38.222,2.145
2012-05-05-17_27_29.299,422,0,9,1,-2.188,-38.293,1.954
2012-05-05-17_27_29.300,422,0,9,1,-2.165,-38.195,2.054
2012-05-05-17_27_29.301,422,0,9,1,-2.261,-38.267,1.954
2012-05-05-17_27_29.302,422,1,9,1,-11.213,-38.289,1.854
2012-05-05-17_27_29.303,422,1,9,1,-11.340,-38.227,1.854
2012-05-05-17_27_29.304,422,1,9,1,-11.235,-38.209,1.854
2012-05-05-17_27_29.304,422,2,9,1,-20.153,-38.223,1.254
2012-05-05-17_27_29.305,422,2,9,1,-20.226,-38.197,1.254
2012-05-05-17_27_29.306,422,2,9,1,-20.233,-38.195,1.254
2012-05-05-17_27_29.307,422,3,9,1,-29.175,-38.305,1.354
2012-05-05-17_27_29.309,422,3,9,1,-29.152,-38.207,1.254
2012-05-05-17_27_29.310,422,3,9,1,-29.248,-38.279,1.354
2012-05-05-17_27_29.310,422,4,9,1,-38.172,-38.307,1.054
2012-05-05-17_27_29.311,422,4,9,1,-38.149,-38.209,1.054
2012-05-05-17_27_29.312,422,4,9,1,-38.245,-38.281,1.054
2012-05-05-17_27_29.313,422,5,9,1,-47.193,-38.295,1.554
2012-05-05-17_27_29.314,422,5,9,1,-47.276,-38.269,1.454
2012-05-05-17_27_29.314,422,5,9,1,-47.246,-38.300,1.454
2012-05-05-17_27_29.315,422,6,9,1,-56.194,-38.270,1.454
2012-05-05-17_27_29.316,422,6,9,1,-56.290,-38.342,1.454
2012-05-05-17_27_29.317,422,6,9,1,-56.297,-38.340,1.554
2012-05-05-17_27_29.317,422,7,9,1,-65.185,-38.278,2.054
2012-05-05-17_27_29.318,422,7,9,1,-65.192,-38.276,2.054
2012-05-05-17_27_29.319,422,7,9,1,-65.172,-38.180,2.054
2012-05-05-17_27_29.321,422,0,10,0,2.276,-42.783,2.066
2012-05-05-17_27_29.322,422,0,10,0,2.306,-42.696,1.966
2012-05-05-17_27_29.323,422,0,10,0,2.193,-42.755,2.066
2012-05-05-17_27_29.324,422,1,10,0,-6.747,-42.793,1.766
2012-05-05-17_27_29.325,422,1,10,0,-6.822,-42.767,1.766
2012-05-05-17_27_29.326,422,1,10,0,-6.768,-42.714,1.866
2012-05-05-17_27_29.327,422,2,10,0,-15.689,-42.713,1.266
2012-05-05-17_27_29.328,422,2,10,0,-15.772,-42.685,1.266
2012-05-05-17_27_29.329,422,2,10,0,-15.705,-42.639,1.166
2012-05-05-17_27_29.330,422,3,10,0,-24.711,-42.795,1.466
2012-05-05-17_27_29.331,422,3,10,0,-24.681,-42.708,1.566
2012-05-05-17_27_29.331,422,3,10,0,-24.794,-42.767,1.466
2012-05-05-17_27_29.332,422,4,10,0,-33.707,-42.797,0.966
2012-05-05-17_27_29.333,422,4,10,0,-33.678,-42.710,0.966
2012-05-05-17_27_29.334,422,4,10,0,-33.790,-42.769,0.966
2012-05-05-17_27_29.334,422,5,10,0,-42.721,-42.795,1.366
2012-05-05-17_27_29.335,422,5,10,0,-42.675,-42.835,1.366
2012-05-05-17_27_29.336,422,5,10,0,-42.768,-42.809,1.366
2012-05-05-17_27_29.337,422,6,10,0,-51.753,-42.857,1.366
2012-05-05-17_27_29.338,422,6,10,0,-51.723,-42.770,1.366
2012-05-05-17_27_29.338,422,6,10,0,-51.836,-42.830,1.266
2012-05-05-17_27_29.340,422,7,10,0,-60.648,-42.794,2.166
2012-05-05-17_27_29.340,422,7,10,0,-60.730,-42.766,2.166
2012-05-05-17_27_29.341,422,7,10,0,-60.664,-42.720,2.166
2012-05-05-17_27_29.342,422,0,10,1,-2.191,-42.792,1.978
2012-05-05-17_27_29.343,422,0,10,1,-2.168,-42.695,1.978
2012-05-05-17_27_29.344,422,0,10,1,-2.264,-42.769,1.978
2012-05-05-17_27_29.344,422,1,10,1,-11.214,-42.793,1.878
2012-05-05-17_27_29.345,422,1,10,1,-11.343,-42.727,1.878
2012-05-05-17_27_29.346,422,1,10,1,-11.235,-42.714,1.878
2012-05-05-17_27_29.347,422,2,10,1,-20.156,-42.722,1.278
2012-05-05-17_27_29.348,422,2,10,1,-20.229,-42.699,1.278
2012-05-05-17_27_29.349,422,2,10,1,-20.234,-42.698,1.278
2012-05-05-17_27_29.349,422,3,10,1,-29.178,-42.804,1.278
2012-05-05-17_27_29.350,422,3,10,1,-29.155,-42.707,1.278
2012-05-05-17_27_29.351,422,3,10,1,-29.251,-42.781,1.278
2012-05-05-17_27_29.352,422,4,10,1,-38.174,-42.806,1.078
2012-05-05-17_27_29.352,422,4,10,1,-38.152,-42.709,0.978
2012-05-05-17_27_29.353,422,4,10,1,-38.248,-42.783,1.078
2012-05-05-17_27_29.354,422,5,10,1,-47.196,-42.795,1.578
2012-05-05-17_27_29.355,422,5,10,1,-47.276,-42.774,1.578
2012-05-05-17_27_29.356,422,5,10,1,-47.249,-42.798,1.678
2012-05-05-17_27_29.356,422,6,10,1,-56.197,-42.770,1.478
2012-05-05-17_27_29.357,422,6,10,1,-56.293,-42.844,1.478
2012-05-05-17_27_29.358,422,6,10,1,-56.298,-42.842,1.578
2012-05-05-17_27_29.358,422,7,10,1,-65.188,-42.780,2.078
2012-05-05-17_27_29.359,422,7,10,1,-65.193,-42.779,2.078
2012-05-05-17_27_29.360,422,7,10,1,-65.172,-42.685,2.178
2012-05-05-17_27_29.360,422,0,11,0,2.278,-47.282,1.990
2012-05-05-17_27_29.361,422,0,11,0,2.306,-47.190,2.090
2012-05-05-17_27_29.362,422,0,11,0,2.195,-47.258,2.090
2012-05-05-17_27_29.362,422,1,11,0,-6.750,-47.295,1.890
2012-05-05-17_27_29.363,422,1,11,0,-6.823,-47.269,1.890
2012-05-05-17_27_29.364,422,1,11,0,-6.769,-47.209,1.890
2012-05-05-17_27_29.364,422,2,11,0,-15.687,-47.212,1.290
2012-05-05-17_27_29.365,422,2,11,0,-15.770,-47.188,1.190
2012-05-05-17_27_29.366,422,2,11,0,-15.740,-47.198,1.190
2012-05-05-17_27_29.367,422,3,11,0,-24.709,-47.294,1.590
2012-05-05-17_27_29.368,422,3,11,0,-24.681,-47.202,1.590
2012-05-05-17_27_29.368,422,3,11,0,-24.792,-47.270,1.590
2012-05-05-17_27_29.369,422,4,11,0,-33.705,-47.296,0.990
2012-05-05-17_27_29.370,422,4,11,0,-33.678,-47.204,0.990
2012-05-05-17_27_29.371,422,4,11,0,-33.788,-47.272,0.990
2012-05-05-17_27_29.372,422,5,11,0,-42.722,-47.290,1.390
2012-05-05-17_27_29.373,422,5,11,0,-42.676,-47.337,1.390
2012-05-05-17_27_29.373,422,5,11,0,-42.768,-47.304,1.390
2012-05-05-17_27_29.374,422,6,11,0,-51.751,-47.357,1.390
2012-05-05-17_27_29.375,422,6,11,0,-51.723,-47.265,1.290
2012-05-05-17_27_29.377,422,6,11,0,-51.834,-47.333,1.390
2012-05-05-17_27_29.378,422,7,11,0,-60.646,-47.293,2.190
2012-05-05-17_27_29.379,422,7,11,0,-60.728,-47.269,2.190
2012-05-05-17_27_29.380,422,7,11,0,-60.665,-47.215,2.190
2012-05-05-17_27_29.381,422,0,11,1,-2.196,-47.290,1.999
2012-05-05-17_27_29.381,422,0,11,1,-2.171,-47.190,1.999
2012-05-05-17_27_29.382,422,0,11,1,-2.262,-47.271,2.099
2012-05-05-17_27_29.383,422,1,11,1,-11.214,-47.295,1.899
2012-05-05-17_27_29.384,422,1,11,1,-11.346,-47.221,1.799
2012-05-05-17_27_29.385,422,1,11,1,-11.236,-47.209,1.899
2012-05-05-17_27_29.385,422,2,11,1,-20.161,-47.220,1.299
2012-05-05-17_27_29.386,422,2,11,1,-20.227,-47.201,1.299
2012-05-05-17_27_29.387,422,2,11,1,-20.234,-47.200,1.299
2012-05-05-17_27_29.388,422,3,11,1,-29.183,-47.302,1.299
2012-05-05-17_27_29.389,422,3,11,1,-29.158,-47.202,1.299
2012-05-05-17_27_29.389,422,3,11,1,-29.249,-47.283,1.299
2012-05-05-17_27_29.390,422,4,11,1,-38.180,-47.304,1.099
2012-05-05-17_27_29.391,422,4,11,1,-38.155,-47.204,0.999
2012-05-05-17_27_29.392,422,4,11,1,-38.246,-47.285,1.099
2012-05-05-17_27_29.392,422,5,11,1,-47.198,-47.289,1.499
2012-05-05-17_27_29.393,422,5,11,1,-47.279,-47.270,1.499
2012-05-05-17_27_29.394,422,5,11,1,-47.250,-47.292,1.499
2012-05-05-17_27_29.394,422,6,11,1,-56.225,-47.365,1.499
2012-05-05-17_27_29.395,422,6,11,1,-56.200,-47.264,1.499
2012-05-05-17_27_29.396,422,6,11,1,-56.291,-47.345,1.599
2012-05-05-17_27_29.397,422,7,11,1,-65.186,-47.282,2.099
2012-05-05-17_27_29.397,422,7,11,1,-65.193,-47.281,2.099
2012-05-05-17_27_29.398,422,7,11,1,-65.175,-47.181,2.299
2012-05-05-17_27_29.399,422,0,12,0,2.268,-51.779,2.307
2012-05-05-17_27_29.400,422,0,12,0,2.303,-51.690,2.207
2012-05-05-17_27_29.401,422,0,12,0,2.195,-51.759,2.307
2012-05-05-17_27_29.402,422,1,12,0,-6.753,-51.794,2.007
2012-05-05-17_27_29.402,422,1,12,0,-6.826,-51.773,1.907
2012-05-05-17_27_29.404,422,1,12,0,-6.772,-51.707,1.907
2012-05-05-17_27_29.405,422,2,12,0,-15.697,-51.709,1.307
2012-05-05-17_27_29.406,422,2,12,0,-15.770,-51.689,1.207
2012-05-05-17_27_29.406,422,2,12,0,-15.709,-51.639,1.307
2012-05-05-17_27_29.407,422,3,12,0,-24.719,-51.792,1.607
2012-05-05-17_27_29.408,422,3,12,0,-24.684,-51.702,1.607
2012-05-05-17_27_29.409,422,3,12,0,-24.792,-51.771,1.607
2012-05-05-17_27_29.410,422,4,12,0,-33.716,-51.793,1.107
2012-05-05-17_27_29.411,422,4,12,0,-33.681,-51.704,1.107
2012-05-05-17_27_29.412,422,4,12,0,-33.789,-51.773,1.107
2012-05-05-17_27_29.413,422,5,12,0,-42.725,-51.790,1.307
2012-05-05-17_27_29.414,422,5,12,0,-42.679,-51.841,1.207
2012-05-05-17_27_29.414,422,5,12,0,-42.771,-51.809,1.307
2012-05-05-17_27_29.415,422,6,12,0,-51.761,-51.854,1.307
2012-05-05-17_27_29.416,422,6,12,0,-51.726,-51.765,1.407
2012-05-05-17_27_29.417,422,6,12,0,-51.834,-51.834,1.307
2012-05-05-17_27_29.417,422,7,12,0,-60.656,-51.790,2.007
2012-05-05-17_27_29.418,422,7,12,0,-60.729,-51.770,2.107
2012-05-05-17_27_29.419,422,7,12,0,-60.667,-51.720,2.107
2012-05-05-17_27_29.420,422,0,12,1,-2.197,-51.787,2.216
2012-05-05-17_27_29.436,422,0,12,1,-2.172,-51.689,2.116
2012-05-05-17_27_29.436,422,0,12,1,-2.265,-51.769,2.116
2012-05-05-17_27_29.437,422,1,12,1,-11.215,-51.793,1.916
2012-05-05-17_27_29.438,422,1,12,1,-11.346,-51.721,1.916
2012-05-05-17_27_29.438,422,1,12,1,-11.236,-51.706,1.916
2012-05-05-17_27_29.439,422,2,12,1,-20.162,-51.717,1.316
2012-05-05-17_27_29.440,422,2,12,1,-20.230,-51.699,1.316
2012-05-05-17_27_29.440,422,2,12,1,-20.237,-51.697,1.316
2012-05-05-17_27_29.441,422,3,12,1,-29.184,-51.799,1.316
2012-05-05-17_27_29.443,422,3,12,1,-29.159,-51.701,1.516
2012-05-05-17_27_29.444,422,3,12,1,-29.252,-51.781,1.416
2012-05-05-17_27_29.444,422,4,12,1,-38.180,-51.801,1.116
2012-05-05-17_27_29.445,422,4,12,1,-38.155,-51.703,1.116
2012-05-05-17_27_29.445,422,4,12,1,-38.248,-51.783,1.016
2012-05-05-17_27_29.446,422,5,12,1,-47.199,-51.789,1.216
2012-05-05-17_27_29.446,422,5,12,1,-47.279,-51.767,1.316
2012-05-05-17_27_29.447,422,5,12,1,-47.250,-51.792,1.316
2012-05-05-17_27_29.448,422,6,12,1,-56.226,-51.861,1.516
2012-05-05-17_27_29.448,422,6,12,1,-56.201,-51.764,1.516
2012-05-05-17_27_29.449,422,6,12,1,-56.294,-51.843,1.516
2012-05-05-17_27_29.450,422,7,12,1,-65.188,-51.779,2.216
2012-05-05-17_27_29.451,422,7,12,1,-65.196,-51.778,2.116
2012-05-05-17_27_29.451,422,7,12,1,-65.176,-51.678,2.216
2012-05-05-17_27_29.452,422,0,13,0,2.275,-56.278,2.227
2012-05-05-17_27_29.452,422,0,13,0,2.302,-56.190,2.227
2012-05-05-17_27_29.453,422,0,13,0,2.199,-56.254,2.227
2012-05-05-17_27_29.454,422,1,13,0,-6.753,-56.289,1.927
2012-05-05-17_27_29.455,422,1,13,0,-6.826,-56.269,1.927
2012-05-05-17_27_29.455,422,1,13,0,-6.772,-56.204,1.927
2012-05-05-17_27_29.456,422,2,13,0,-15.690,-56.208,1.327
2012-05-05-17_27_29.456,422,2,13,0,-15.766,-56.184,1.227
2012-05-05-17_27_29.457,422,2,13,0,-15.709,-56.139,1.227
2012-05-05-17_27_29.457,422,3,13,0,-24.712,-56.290,1.627
2012-05-05-17_27_29.458,422,3,13,0,-24.685,-56.202,1.627
2012-05-05-17_27_29.459,422,3,13,0,-24.788,-56.267,1.627
2012-05-05-17_27_29.459,422,4,13,0,-33.709,-56.292,1.127
2012-05-05-17_27_29.460,422,4,13,0,-33.681,-56.204,1.127
2012-05-05-17_27_29.460,422,4,13,0,-33.784,-56.268,1.127
2012-05-05-17_27_29.461,422,5,13,0,-42.725,-56.290,1.427
2012-05-05-17_27_29.464,422,5,13,0,-42.679,-56.338,1.327
2012-05-05-17_27_29.465,422,5,13,0,-42.772,-56.309,1.527
2012-05-05-17_27_29.466,422,6,13,0,-51.754,-56.352,1.427
2012-05-05-17_27_29.466,422,6,13,0,-51.727,-56.265,1.427
2012-05-05-17_27_29.467,422,6,13,0,-51.830,-56.329,1.427
2012-05-05-17_27_29.468,422,7,13,0,-60.649,-56.288,2.127
2012-05-05-17_27_29.469,422,7,13,0,-60.724,-56.265,2.127
2012-05-05-17_27_29.469,422,7,13,0,-60.668,-56.220,2.127
2012-05-05-17_27_29.470,422,0,13,1,-2.200,-56.289,2.139
2012-05-05-17_27_29.470,422,0,13,1,-2.174,-56.190,2.239
2012-05-05-17_27_29.471,422,0,13,1,-2.268,-56.265,2.139
2012-05-05-17_27_29.472,422,1,13,1,-11.210,-56.289,1.939
2012-05-05-17_27_29.473,422,1,13,1,-11.349,-56.222,1.939
2012-05-05-17_27_29.473,422,1,13,1,-11.236,-56.204,1.939
2012-05-05-17_27_29.474,422,2,13,1,-20.164,-56.219,1.339
2012-05-05-17_27_29.474,422,2,13,1,-20.233,-56.195,1.339
2012-05-05-17_27_29.475,422,2,13,1,-20.237,-56.194,1.339
2012-05-05-17_27_29.475,422,3,13,1,-29.186,-56.301,1.339
2012-05-05-17_27_29.476,422,3,13,1,-29.161,-56.202,1.639
2012-05-05-17_27_29.476,422,3,13,1,-29.255,-56.277,1.339
2012-05-05-17_27_29.477,422,4,13,1,-38.183,-56.303,1.139
2012-05-05-17_27_29.477,422,4,13,1,-38.158,-56.204,1.139
2012-05-05-17_27_29.478,422,4,13,1,-38.251,-56.279,1.039
2012-05-05-17_27_29.478,422,5,13,1,-47.202,-56.290,1.639
2012-05-05-17_27_29.479,422,5,13,1,-47.282,-56.265,1.539
2012-05-05-17_27_29.480,422,5,13,1,-47.253,-56.292,1.639
2012-05-05-17_27_29.480,422,6,13,1,-56.229,-56.363,1.539
2012-05-05-17_27_29.481,422,6,13,1,-56.203,-56.264,1.639
2012-05-05-17_27_29.481,422,6,13,1,-56.297,-56.339,1.539
2012-05-05-17_27_29.482,422,7,13,1,-65.191,-56.276,2.239
2012-05-05-17_27_29.483,422,7,13,1,-65.196,-56.275,2.139
2012-05-05-17_27_29.483,422,7,13,1,-65.178,-56.176,2.239
2012-05-05-17_27_29.485,422,0,14,0,2.272,-60.782,2.251
2012-05-05-17_27_29.485,422,0,14,0,2.297,-60.696,2.251
2012-05-05-17_27_29.486,422,0,14,0,2.199,-60.754,2.251
2012-05-05-17_27_29.487,422,1,14,0,-6.753,-60.789,1.951
2012-05-05-17_27_29.488,422,1,14,0,-6.831,-60.768,1.951
2012-05-05-17_27_29.489,422,1,14,0,-6.772,-60.711,1.951
2012-05-05-17_27_29.490,422,2,14,0,-15.693,-60.712,1.351
2012-05-05-17_27_29.490,422,2,14,0,-15.766,-60.684,1.351
2012-05-05-17_27_29.491,422,2,14,0,-15.710,-60.642,1.351
2012-05-05-17_27_29.491,422,3,14,0,-24.715,-60.794,1.651
2012-05-05-17_27_29.493,422,3,14,0,-24.690,-60.708,1.651
2012-05-05-17_27_29.494,422,3,14,0,-24.788,-60.766,1.651
2012-05-05-17_27_29.495,422,4,14,0,-33.712,-60.796,1.051
2012-05-05-17_27_29.495,422,4,14,0,-33.687,-60.710,1.051
2012-05-05-17_27_29.496,422,4,14,0,-33.785,-60.768,1.051
2012-05-05-17_27_29.497,422,5,14,0,-42.730,-60.796,1.451
2012-05-05-17_27_29.498,422,5,14,0,-42.684,-60.836,1.251
2012-05-05-17_27_29.498,422,5,14,0,-42.772,-60.812,1.551
2012-05-05-17_27_29.499,422,6,14,0,-51.757,-60.856,1.451
2012-05-05-17_27_29.499,422,6,14,0,-51.732,-60.770,1.451
2012-05-05-17_27_29.500,422,6,14,0,-51.830,-60.828,1.451
2012-05-05-17_27_29.501,422,7,14,0,-60.652,-60.793,2.051
2012-05-05-17_27_29.502,422,7,14,0,-60.725,-60.764,2.051
2012-05-05-17_27_29.502,422,7,14,0,-60.668,-60.723,2.051
2012-05-05-17_27_29.503,422,0,14,1,-2.200,-60.793,2.161
2012-05-05-17_27_29.503,422,0,14,1,-2.172,-60.696,2.161
2012-05-05-17_27_29.504,422,0,14,1,-2.268,-60.767,2.161
2012-05-05-17_27_29.505,422,1,14,1,-11.211,-60.790,1.961
2012-05-05-17_27_29.505,422,1,14,1,-11.347,-60.727,1.961
2012-05-05-17_27_29.506,422,1,14,1,-11.234,-60.709,1.961
2012-05-05-17_27_29.507,422,2,14,1,-20.165,-60.723,1.361
2012-05-05-17_27_29.507,422,2,14,1,-20.233,-60.697,1.261
2012-05-05-17_27_29.508,422,2,14,1,-20.240,-60.696,1.261
2012-05-05-17_27_29.508,422,3,14,1,-29.187,-60.805,1.261
2012-05-05-17_27_29.509,422,3,14,1,-29.159,-60.708,1.361
2012-05-05-17_27_29.509,422,3,14,1,-29.255,-60.779,1.361
2012-05-05-17_27_29.510,422,4,14,1,-38.184,-60.807,1.161
2012-05-05-17_27_29.511,422,4,14,1,-38.156,-60.710,1.161
2012-05-05-17_27_29.511,422,4,14,1,-38.252,-60.781,1.061
2012-05-05-17_27_29.512,422,5,14,1,-47.200,-60.796,1.561
2012-05-05-17_27_29.513,422,5,14,1,-47.285,-60.770,1.561
2012-05-05-17_27_29.513,422,5,14,1,-47.256,-60.798,1.561
2012-05-05-17_27_29.514,422,6,14,1,-56.229,-60.868,1.561
2012-05-05-17_27_29.514,422,6,14,1,-56.201,-60.770,1.561
2012-05-05-17_27_29.515,422,6,14,1,-56.297,-60.841,1.561
2012-05-05-17_27_29.516,422,7,14,1,-65.192,-60.778,2.261
2012-05-05-17_27_29.516,422,7,14,1,-65.199,-60.777,2.261
2012-05-05-17_27_29.517,422,7,14,1,-65.181,-60.681,2.261
2012-05-05-17_27_29.518,422,0,15,0,2.269,-65.283,2.270
2012-05-05-17_27_29.518,422,0,15,0,2.296,-65.196,2.270
2012-05-05-17_27_29.519,422,0,15,0,2.198,-65.256,2.270
2012-05-05-17_27_29.520,422,1,15,0,-6.749,-65.292,2.070
2012-05-05-17_27_29.521,422,1,15,0,-6.832,-65.267,2.070
2012-05-05-17_27_29.522,422,1,15,0,-6.770,-65.215,2.070
2012-05-05-17_27_29.523,422,2,15,0,-15.696,-65.213,1.370
2012-05-05-17_27_29.524,422,2,15,0,-15.766,-65.186,1.370
2012-05-05-17_27_29.525,422,2,15,0,-15.712,-65.139,1.370
2012-05-05-17_27_29.525,422,3,15,0,-24.718,-65.296,1.670
2012-05-05-17_27_29.526,422,3,15,0,-24.690,-65.208,1.670
2012-05-05-17_27_29.527,422,3,15,0,-24.789,-65.268,1.670
2012-05-05-17_27_29.527,422,4,15,0,-33.714,-65.297,1.070
2012-05-05-17_27_29.528,422,4,15,0,-33.687,-65.210,0.970
2012-05-05-17_27_29.528,422,4,15,0,-33.785,-65.270,0.970
2012-05-05-17_27_29.529,422,5,15,0,-42.731,-65.296,1.570
2012-05-05-17_27_29.530,422,5,15,0,-42.685,-65.335,1.370
2012-05-05-17_27_29.530,422,5,15,0,-42.775,-65.309,1.570
2012-05-05-17_27_29.533,422,6,15,0,-51.760,-65.358,1.370
2012-05-05-17_27_29.534,422,6,15,0,-51.732,-65.270,1.470
2012-05-05-17_27_29.534,422,6,15,0,-51.831,-65.331,1.370
2012-05-05-17_27_29.535,422,7,15,0,-60.655,-65.294,2.070
2012-05-05-17_27_29.536,422,7,15,0,-60.725,-65.267,2.070
2012-05-05-17_27_29.536,422,7,15,0,-60.671,-65.220,2.070
2012-05-05-17_27_29.538,422,0,15,1,-2.200,-65.291,2.179
2012-05-05-17_27_29.539,422,0,15,1,-2.170,-65.196,2.179
2012-05-05-17_27_29.540,422,0,15,1,-2.273,-65.270,2.179
2012-05-05-17_27_29.541,422,1,15,1,-11.211,-65.293,1.979
2012-05-05-17_27_29.541,422,1,15,1,-11.345,-65.227,1.979
2012-05-05-17_27_29.542,422,1,15,1,-11.232,-65.214,2.079
2012-05-05-17_27_29.544,422,2,15,1,-20.165,-65.221,1.379
2012-05-05-17_27_29.545,422,2,15,1,-20.238,-65.200,1.379
2012-05-05-17_27_29.545,422,2,15,1,-20.243,-65.198,1.379
2012-05-05-17_27_29.546,422,3,15,1,-29.187,-65.303,1.379
2012-05-05-17_27_29.547,422,3,15,1,-29.157,-65.208,1.379
2012-05-05-17_27_29.547,422,3,15,1,-29.260,-65.282,1.379
2012-05-05-17_27_29.548,422,4,15,1,-38.184,-65.305,1.079
2012-05-05-17_27_29.549,422,4,15,1,-38.154,-65.210,1.079
2012-05-05-17_27_29.550,422,4,15,1,-38.257,-65.284,1.079
2012-05-05-17_27_29.550,422,5,15,1,-47.198,-65.295,1.379
2012-05-05-17_27_29.551,422,5,15,1,-47.285,-65.273,1.479
2012-05-05-17_27_29.552,422,5,15,1,-47.256,-65.298,1.479
2012-05-05-17_27_29.553,422,6,15,1,-56.229,-65.366,1.679
2012-05-05-17_27_29.554,422,6,15,1,-56.199,-65.270,1.579
2012-05-05-17_27_29.554,422,6,15,1,-56.302,-65.345,1.579
2012-05-05-17_27_29.555,422,7,15,1,-65.197,-65.281,2.179
2012-05-05-17_27_29.556,422,7,15,1,-65.202,-65.279,2.179
2012-05-05-17_27_29.557,422,7,15,1,-65.182,-65.184,2.179
2012-05-05-17_27_29.558,422,0,16,0,2.266,-69.783,2.291
2012-05-05-17_27_29.558,422,0,16,0,2.294,-69.689,2.291
2012-05-05-17_27_29.559,422,0,16,0,2.196,-69.759,2.291
2012-05-05-17_27_29.560,422,1,16,0,-6.747,-69.795,2.091
2012-05-05-17_27_29.561,422,1,16,0,-6.830,-69.768,2.091
2012-05-05-17_27_29.561,422,1,16,0,-6.771,-69.708,2.091
2012-05-05-17_27_29.562,422,2,16,0,-15.699,-69.713,1.391
2012-05-05-17_27_29.563,422,2,16,0,-15.769,-69.689,1.391
2012-05-05-17_27_29.563,422,2,16,0,-15.747,-69.699,1.391
2012-05-05-17_27_29.564,422,3,16,0,-24.721,-69.795,1.691
2012-05-05-17_27_29.565,422,3,16,0,-24.693,-69.701,1.691
2012-05-05-17_27_29.565,422,3,16,0,-24.791,-69.772,1.691
2012-05-05-17_27_29.566,422,4,16,0,-33.717,-69.797,0.991
2012-05-05-17_27_29.567,422,4,16,0,-33.690,-69.703,0.991
2012-05-05-17_27_29.567,422,4,16,0,-33.788,-69.773,0.991
2012-05-05-17_27_29.569,422,5,16,0,-42.734,-69.789,1.491
2012-05-05-17_27_29.570,422,5,16,0,-42.683,-69.836,1.291
2012-05-05-17_27_29.570,422,5,16,0,-42.778,-69.803,1.591
2012-05-05-17_27_29.571,422,6,16,0,-51.763,-69.857,1.391
2012-05-05-17_27_29.572,422,6,16,0,-51.735,-69.764,1.391
2012-05-05-17_27_29.573,422,6,16,0,-51.833,-69.834,1.391
2012-05-05-17_27_29.575,422,7,16,0,-60.657,-69.793,2.091
2012-05-05-17_27_29.576,422,7,16,0,-60.728,-69.770,2.091
2012-05-05-17_27_29.576,422,7,16,0,-60.674,-69.714,2.091
2012-05-05-17_27_29.577,422,0,16,1,-2.198,-69.789,2.203
2012-05-05-17_27_29.578,422,0,16,1,-2.171,-69.688,2.203
2012-05-05-17_27_29.579,422,0,16,1,-2.271,-69.771,2.203
2012-05-05-17_27_29.580,422,1,16,1,-11.211,-69.795,2.003
2012-05-05-17_27_29.580,422,1,16,1,-11.345,-69.720,2.003
2012-05-05-17_27_29.581,422,1,16,1,-11.233,-69.708,2.003
2012-05-05-17_27_29.582,422,2,16,1,-20.163,-69.719,1.303
2012-05-05-17_27_29.583,422,2,16,1,-20.236,-69.701,1.303
2012-05-05-17_27_29.584,422,2,16,1,-20.246,-69.699,1.303
2012-05-05-17_27_29.585,422,3,16,1,-29.185,-69.801,1.403
2012-05-05-17_27_29.586,422,3,16,1,-29.158,-69.700,1.403
2012-05-05-17_27_29.587,422,3,16,1,-29.258,-69.783,1.403
2012-05-05-17_27_29.588,422,4,16,1,-38.182,-69.803,1.103
2012-05-05-17_27_29.588,422,4,16,1,-38.154,-69.702,1.103
2012-05-05-17_27_29.589,422,4,16,1,-38.255,-69.785,1.103
2012-05-05-17_27_29.590,422,5,16,1,-47.198,-69.788,1.403
2012-05-05-17_27_29.591,422,5,16,1,-47.286,-69.769,1.503
2012-05-05-17_27_29.591,422,5,16,1,-47.257,-69.792,1.403
2012-05-05-17_27_29.592,422,6,16,1,-56.227,-69.863,1.503
2012-05-05-17_27_29.593,422,6,16,1,-56.200,-69.763,1.603
2012-05-05-17_27_29.594,422,6,16,1,-56.300,-69.846,1.603
2012-05-05-17_27_29.595,422,7,16,1,-65.195,-69.782,2.203
2012-05-05-17_27_29.595,422,7,16,1,-65.205,-69.780,2.203
2012-05-05-17_27_29.596,422,7,16,1,-65.182,-69.680,2.203
2012-05-05-17_27_29.596,422,0,17,0,2.258,-74.279,2.315
2012-05-05-17_27_29.597,422,0,17,0,2.291,-74.189,2.315
2012-05-05-17_27_29.598,422,0,17,0,2.193,-74.259,2.315
2012-05-05-17_27_29.599,422,1,17,0,-6.747,-74.293,2.015
2012-05-05-17_27_29.599,422,1,17,0,-6.830,-74.272,2.115
2012-05-05-17_27_29.600,422,1,17,0,-6.771,-74.206,2.015
2012-05-05-17_27_29.601,422,2,17,0,-15.706,-74.209,1.415
2012-05-05-17_27_29.602,422,2,17,0,-15.772,-74.189,1.415
2012-05-05-17_27_29.603,422,2,17,0,-15.718,-74.137,1.315
2012-05-05-17_27_29.604,422,3,17,0,-24.729,-74.292,1.715
2012-05-05-17_27_29.605,422,3,17,0,-24.696,-74.201,1.715
2012-05-05-17_27_29.606,422,3,17,0,-24.794,-74.271,1.715
2012-05-05-17_27_29.606,422,4,17,0,-33.725,-74.293,1.115
2012-05-05-17_27_29.607,422,4,17,0,-33.693,-74.203,1.115
2012-05-05-17_27_29.608,422,4,17,0,-33.791,-74.273,1.115
2012-05-05-17_27_29.609,422,5,17,0,-42.736,-74.289,1.515
2012-05-05-17_27_29.610,422,5,17,0,-42.683,-74.340,1.415
2012-05-05-17_27_29.610,422,5,17,0,-42.781,-74.307,1.615
2012-05-05-17_27_29.611,422,6,17,0,-51.771,-74.354,1.415
2012-05-05-17_27_29.612,422,6,17,0,-51.738,-74.264,1.415
2012-05-05-17_27_29.612,422,6,17,0,-51.685,-74.315,1.415
2012-05-05-17_27_29.613,422,7,17,0,-60.665,-74.290,2.115
2012-05-05-17_27_29.614,422,7,17,0,-60.731,-74.270,2.115
2012-05-05-17_27_29.615,422,7,17,0,-60.677,-74.218,2.215
2012-05-05-17_27_29.615,422,0,17,1,-2.199,-74.286,2.224
2012-05-05-17_27_29.616,422,0,17,1,-2.171,-74.188,2.224
2012-05-05-17_27_29.617,422,0,17,1,-2.272,-74.269,2.224
2012-05-05-17_27_29.618,422,1,17,1,-11.214,-74.292,2.024
2012-05-05-17_27_29.619,422,1,17,1,-11.346,-74.220,2.024
2012-05-05-17_27_29.619,422,1,17,1,-11.233,-74.206,2.024
2012-05-05-17_27_29.620,422,2,17,1,-20.164,-74.216,1.424
2012-05-05-17_27_29.621,422,2,17,1,-20.237,-74.199,1.324
2012-05-05-17_27_29.622,422,2,17,1,-20.244,-74.196,1.424
2012-05-05-17_27_29.622,422,3,17,1,-29.186,-74.298,1.524
2012-05-05-17_27_29.623,422,3,17,1,-29.158,-74.201,1.524
2012-05-05-17_27_29.624,422,3,17,1,-29.259,-74.281,1.424
2012-05-05-17_27_29.624,422,4,17,1,-38.182,-74.300,1.124
2012-05-05-17_27_29.625,422,4,17,1,-38.155,-74.202,1.124
2012-05-05-17_27_29.626,422,4,17,1,-38.255,-74.283,1.024
2012-05-05-17_27_29.627,422,5,17,1,-47.198,-74.288,1.624
2012-05-05-17_27_29.627,422,5,17,1,-47.284,-74.266,1.624
2012-05-05-17_27_29.628,422,5,17,1,-47.255,-74.292,1.624
2012-05-05-17_27_29.629,422,6,17,1,-56.228,-74.360,1.524
2012-05-05-17_27_29.630,422,6,17,1,-56.200,-74.263,1.524
2012-05-05-17_27_29.630,422,6,17,1,-56.301,-74.343,1.524
2012-05-05-17_27_29.631,422,7,17,1,-65.195,-74.279,2.224
2012-05-05-17_27_29.632,422,7,17,1,-65.203,-74.277,2.124
2012-05-05-17_27_29.633,422,7,17,1,-65.180,-74.177,2.224
2012-05-05-17_27_29.635,422,0,18,0,2.268,-78.778,2.132
2012-05-05-17_27_29.635,422,0,18,0,2.298,-78.689,2.132
2012-05-05-17_27_29.636,422,0,18,0,2.190,-78.755,2.132
2012-05-05-17_27_29.637,422,1,18,0,-6.745,-78.788,2.032
2012-05-05-17_27_29.638,422,1,18,0,-6.828,-78.768,1.932
2012-05-05-17_27_29.639,422,1,18,0,-6.767,-78.704,1.932
2012-05-05-17_27_29.639,422,2,18,0,-15.697,-78.708,1.332
2012-05-05-17_27_29.640,422,2,18,0,-15.775,-78.685,1.432
2012-05-05-17_27_29.641,422,2,18,0,-15.719,-78.638,1.432
2012-05-05-17_27_29.642,422,3,18,0,-24.719,-78.790,1.732
2012-05-05-17_27_29.642,422,3,18,0,-24.689,-78.701,1.732
2012-05-05-17_27_29.643,422,3,18,0,-24.797,-78.767,1.732
2012-05-05-17_27_29.644,422,4,18,0,-33.716,-78.792,1.132
2012-05-05-17_27_29.645,422,4,18,0,-33.686,-78.703,1.132
2012-05-05-17_27_29.646,422,4,18,0,-33.794,-78.769,1.132
2012-05-05-17_27_29.647,422,5,18,0,-42.730,-78.789,1.832
2012-05-05-17_27_29.647,422,5,18,0,-42.681,-78.836,1.632
2012-05-05-17_27_29.648,422,5,18,0,-42.781,-78.808,1.832
2012-05-05-17_27_29.649,422,6,18,0,-51.761,-78.853,1.632
2012-05-05-17_27_29.650,422,6,18,0,-51.731,-78.764,1.632
2012-05-05-17_27_29.652,422,6,18,0,-51.839,-78.830,1.632
2012-05-05-17_27_29.653,422,7,18,0,-60.656,-78.789,2.332
2012-05-05-17_27_29.653,422,7,18,0,-60.734,-78.766,2.332
2012-05-05-17_27_29.654,422,7,18,0,-60.677,-78.719,2.332
2012-05-05-17_27_29.655,422,0,18,1,-2.199,-78.787,2.142
2012-05-05-17_27_29.655,422,0,18,1,-2.169,-78.688,2.142
2012-05-05-17_27_29.656,422,0,18,1,-2.270,-78.766,2.142
2012-05-05-17_27_29.657,422,1,18,1,-11.212,-78.788,1.942
2012-05-05-17_27_29.658,422,1,18,1,-11.344,-78.720,1.942
2012-05-05-17_27_29.659,422,1,18,1,-11.236,-78.703,1.942
2012-05-05-17_27_29.660,422,2,18,1,-20.164,-78.717,1.542
2012-05-05-17_27_29.660,422,2,18,1,-20.235,-78.696,1.442
2012-05-05-17_27_29.661,422,2,18,1,-20.242,-78.693,1.442
2012-05-05-17_27_29.662,422,3,18,1,-29.186,-78.800,1.442
2012-05-05-17_27_29.662,422,3,18,1,-29.156,-78.700,1.642
2012-05-05-17_27_29.663,422,3,18,1,-29.257,-78.778,1.542
2012-05-05-17_27_29.664,422,4,18,1,-38.183,-78.801,1.242
2012-05-05-17_27_29.665,422,4,18,1,-38.153,-78.702,1.142
2012-05-05-17_27_29.666,422,4,18,1,-38.253,-78.780,1.142
2012-05-05-17_27_29.666,422,5,18,1,-47.196,-78.788,1.742
2012-05-05-17_27_29.667,422,5,18,1,-47.284,-78.764,1.842
2012-05-05-17_27_29.668,422,5,18,1,-47.253,-78.793,1.742
2012-05-05-17_27_29.669,422,6,18,1,-56.228,-78.862,1.642
2012-05-05-17_27_29.669,422,6,18,1,-56.198,-78.763,1.742
2012-05-05-17_27_29.670,422,6,18,1,-56.299,-78.841,1.642
2012-05-05-17_27_29.671,422,7,18,1,-65.193,-78.777,2.242
2012-05-05-17_27_29.671,422,7,18,1,-65.201,-78.774,2.342
2012-05-05-17_27_29.672,422,7,18,1,-65.181,-78.675,2.442
2012-05-05-17_27_29.673,422,0,19,0,2.267,-83.281,2.153
2012-05-05-17_27_29.673,422,0,19,0,2.295,-83.195,2.153
2012-05-05-17_27_29.674,422,0,19,0,2.192,-83.254,2.153
2012-05-05-17_27_29.675,422,1,19,0,-6.748,-83.289,2.053
2012-05-05-17_27_29.676,422,1,19,0,-6.826,-83.268,2.053
2012-05-05-17_27_29.676,422,1,19,0,-6.767,-83.210,1.953
2012-05-05-17_27_29.678,422,2,19,0,-15.698,-83.211,1.453
2012-05-05-17_27_29.678,422,2,19,0,-15.773,-83.184,1.453
2012-05-05-17_27_29.679,422,2,19,0,-15.719,-83.141,1.453
2012-05-05-17_27_29.680,422,3,19,0,-24.720,-83.294,1.753
2012-05-05-17_27_29.680,422,3,19,0,-24.692,-83.208,1.753
2012-05-05-17_27_29.681,422,3,19,0,-24.795,-83.266,1.753
2012-05-05-17_27_29.682,422,4,19,0,-33.716,-83.295,1.153
2012-05-05-17_27_29.683,422,4,19,0,-33.689,-83.209,1.153
2012-05-05-17_27_29.686,422,4,19,0,-33.792,-83.268,1.153
2012-05-05-17_27_29.687,422,5,19,0,-42.732,-83.295,1.853
2012-05-05-17_27_29.688,422,5,19,0,-42.679,-83.336,1.553
2012-05-05-17_27_29.688,422,5,19,0,-42.781,-83.311,1.753
2012-05-05-17_27_29.689,422,6,19,0,-51.762,-83.356,1.553
2012-05-05-17_27_29.689,422,6,19,0,-51.734,-83.270,1.553
2012-05-05-17_27_29.690,422,6,19,0,-51.837,-83.329,1.553
2012-05-05-17_27_29.691,422,7,19,0,-60.656,-83.292,2.353
2012-05-05-17_27_29.692,422,7,19,0,-60.732,-83.265,2.353
2012-05-05-17_27_29.692,422,7,19,0,-60.678,-83.222,2.353
2012-05-05-17_27_29.693,422,0,19,1,-2.195,-83.293,2.165
2012-05-05-17_27_29.694,422,0,19,1,-2.170,-83.195,2.165
2012-05-05-17_27_29.695,422,0,19,1,-2.270,-83.267,2.165
2012-05-05-17_27_29.696,422,1,19,1,-11.213,-83.289,1.965
2012-05-05-17_27_29.696,422,1,19,1,-11.344,-83.227,1.965
2012-05-05-17_27_29.697,422,1,19,1,-11.237,-83.209,1.965
2012-05-05-17_27_29.698,422,2,19,1,-20.160,-83.223,1.565
2012-05-05-17_27_29.699,422,2,19,1,-20.235,-83.197,1.565
2012-05-05-17_27_29.699,422,2,19,1,-20.242,-83.195,1.565
2012-05-05-17_27_29.700,422,3,19,1,-29.182,-83.305,1.565
2012-05-05-17_27_29.701,422,3,19,1,-29.157,-83.207,1.765
2012-05-05-17_27_29.702,422,3,19,1,-29.257,-83.279,1.765
2012-05-05-17_27_29.703,422,4,19,1,-38.178,-83.307,1.265
2012-05-05-17_27_29.703,422,4,19,1,-38.153,-83.209,1.165
2012-05-05-17_27_29.704,422,4,19,1,-38.254,-83.281,1.165
2012-05-05-17_27_29.705,422,5,19,1,-47.197,-83.295,1.665
2012-05-05-17_27_29.705,422,5,19,1,-47.285,-83.269,1.865
2012-05-05-17_27_29.707,422,5,19,1,-47.253,-83.298,1.765
2012-05-05-17_27_29.708,422,6,19,1,-56.199,-83.270,1.665
2012-05-05-17_27_29.709,422,6,19,1,-56.299,-83.341,1.565
2012-05-05-17_27_29.709,422,6,19,1,-56.307,-83.340,1.665
2012-05-05-17_27_29.710,422,7,19,1,-65.194,-83.278,2.365
2012-05-05-17_27_29.711,422,7,19,1,-65.201,-83.276,2.465
2012-05-05-17_27_29.712,422,7,19,1,-65.181,-83.180,2.465
2012-05-05-17_27_29.713,422,0,20,0,2.269,-87.783,2.178
2012-05-05-17_27_29.713,422,0,20,0,2.297,-87.696,2.178
2012-05-05-17_27_29.714,422,0,20,0,2.189,-87.755,2.178
2012-05-05-17_27_29.715,422,1,20,0,-6.749,-87.793,1.978
2012-05-05-17_27_29.715,422,1,20,0,-6.827,-87.767,1.978
2012-05-05-17_27_29.716,422,1,20,0,-6.770,-87.715,1.978
2012-05-05-17_27_29.717,422,2,20,0,-15.696,-87.713,1.478
2012-05-05-17_27_29.718,422,2,20,0,-15.776,-87.685,1.478
2012-05-05-17_27_29.719,422,2,20,0,-15.717,-87.639,1.478
2012-05-05-17_27_29.719,422,3,20,0,-24.718,-87.795,1.778
2012-05-05-17_27_29.720,422,3,20,0,-24.690,-87.708,1.778
2012-05-05-17_27_29.721,422,3,20,0,-24.798,-87.767,1.778
2012-05-05-17_27_29.721,422,4,20,0,-33.714,-87.797,1.078
2012-05-05-17_27_29.722,422,4,20,0,-33.687,-87.710,1.178
2012-05-05-17_27_29.722,422,4,20,0,-33.795,-87.769,1.078
2012-05-05-17_27_29.723,422,5,20,0,-42.730,-87.795,1.878
2012-05-05-17_27_29.723,422,5,20,0,-42.679,-87.835,1.578
2012-05-05-17_27_29.724,422,5,20,0,-42.779,-87.809,1.778
2012-05-05-17_27_29.724,422,6,20,0,-51.760,-87.858,1.578
2012-05-05-17_27_29.725,422,6,20,0,-51.732,-87.770,1.578
2012-05-05-17_27_29.725,422,6,20,0,-51.840,-87.829,1.578
2012-05-05-17_27_29.726,422,7,20,0,-60.654,-87.794,2.378
2012-05-05-17_27_29.727,422,7,20,0,-60.735,-87.766,2.378
2012-05-05-17_27_29.727,422,7,20,0,-60.676,-87.720,2.378
2012-05-05-17_27_29.728,422,0,20,1,-2.195,-87.792,2.187
2012-05-05-17_27_29.730,422,0,20,1,-2.278,-87.772,2.087
2012-05-05-17_27_29.731,422,0,20,1,-2.219,-87.709,2.087
2012-05-05-17_27_29.732,422,2,20,1,-20.160,-87.722,1.587
2012-05-05-17_27_29.733,422,2,20,1,-20.243,-87.702,1.587
2012-05-05-17_27_29.735,422,3,20,1,-29.182,-87.804,1.487
2012-05-05-17_27_29.736,422,3,20,1,-29.265,-87.784,1.587
2012-05-05-17_27_29.736,422,3,20,1,-29.206,-87.721,1.787
2012-05-05-17_27_29.737,422,4,20,1,-38.179,-87.806,1.287
2012-05-05-17_27_29.738,422,4,20,1,-38.262,-87.786,1.187
2012-05-05-17_27_29.739,422,4,20,1,-38.203,-87.723,1.287
2012-05-05-17_27_29.740,422,5,20,1,-47.246,-87.809,1.887
2012-05-05-17_27_29.740,422,6,20,1,-56.224,-87.867,1.587
2012-05-05-17_27_29.741,422,6,20,1,-56.307,-87.846,1.587
2012-05-05-17_27_29.742,422,6,20,1,-56.151,-87.811,1.687
2012-05-05-17_27_29.743,422,7,20,1,-65.202,-87.783,2.287
2012-05-05-17_27_29.744,422,7,20,1,-65.143,-87.720,2.187
2012-05-05-17_27_29.744,422,0,21,0,2.269,-92.282,2.096
2012-05-05-17_27_29.745,422,0,21,0,2.296,-92.190,2.096
2012-05-05-17_27_29.746,422,0,21,0,2.189,-92.258,2.096
2012-05-05-17_27_29.747,422,1,21,0,-6.749,-92.295,1.996
2012-05-05-17_27_29.747,422,1,21,0,-6.825,-92.269,1.996
2012-05-05-17_27_29.748,422,1,21,0,-6.770,-92.209,1.996
2012-05-05-17_27_29.749,422,2,21,0,-15.696,-92.212,1.396
2012-05-05-17_27_29.749,422,2,21,0,-15.776,-92.187,1.396
2012-05-05-17_27_29.750,422,2,21,0,-15.752,-92.197,1.396
2012-05-05-17_27_29.751,422,3,21,0,-24.718,-92.294,1.796
2012-05-05-17_27_29.751,422,3,21,0,-24.691,-92.202,1.796
2012-05-05-17_27_29.752,422,3,21,0,-24.798,-92.270,1.796
2012-05-05-17_27_29.753,422,4,21,0,-33.715,-92.296,1.196
2012-05-05-17_27_29.753,422,4,21,0,-33.687,-92.204,1.096
2012-05-05-17_27_29.754,422,4,21,0,-33.795,-92.272,1.096
2012-05-05-17_27_29.755,422,5,21,0,-42.731,-92.290,1.896
2012-05-05-17_27_29.756,422,5,21,0,-42.677,-92.337,1.596
2012-05-05-17_27_29.756,422,5,21,0,-42.780,-92.304,1.796
2012-05-05-17_27_29.757,422,6,21,0,-51.760,-92.357,1.596
2012-05-05-17_27_29.758,422,6,21,0,-51.733,-92.264,1.596
2012-05-05-17_27_29.759,422,6,21,0,-51.679,-92.311,1.596
2012-05-05-17_27_29.759,422,7,21,0,-60.655,-92.293,2.296
2012-05-05-17_27_29.760,422,7,21,0,-60.735,-92.268,2.396
2012-05-05-17_27_29.761,422,7,21,0,-60.676,-92.215,2.396
2012-05-05-17_27_29.762,422,0,21,1,-2.193,-92.290,2.205
2012-05-05-17_27_29.763,422,0,21,1,-2.168,-92.190,2.205
2012-05-05-17_27_29.763,422,0,21,1,-2.269,-92.270,2.105
2012-05-05-17_27_29.764,422,1,21,1,-11.216,-92.295,2.105
2012-05-05-17_27_29.765,422,1,21,1,-11.342,-92.221,2.105
2012-05-05-17_27_29.765,422,1,21,1,-11.235,-92.209,2.105
2012-05-05-17_27_29.766,422,2,21,1,-20.158,-92.220,1.505
2012-05-05-17_27_29.767,422,2,21,1,-20.234,-92.200,1.505
2012-05-05-17_27_29.767,422,2,21,1,-20.243,-92.199,1.505
2012-05-05-17_27_29.768,422,3,21,1,-29.180,-92.302,1.505
2012-05-05-17_27_29.769,422,3,21,1,-29.155,-92.202,1.505
2012-05-05-17_27_29.769,422,3,21,1,-29.256,-92.283,1.505
2012-05-05-17_27_29.770,422,4,21,1,-38.177,-92.304,1.205
2012-05-05-17_27_29.771,422,4,21,1,-38.152,-92.204,1.205
2012-05-05-17_27_29.772,422,4,21,1,-38.252,-92.284,1.205
2012-05-05-17_27_29.772,422,5,21,1,-47.195,-92.289,1.605
2012-05-05-17_27_29.773,422,5,21,1,-47.283,-92.270,1.705
2012-05-05-17_27_29.774,422,5,21,1,-47.254,-92.292,1.605
2012-05-05-17_27_29.775,422,6,21,1,-56.222,-92.364,1.605
2012-05-05-17_27_29.775,422,6,21,1,-56.197,-92.264,1.605
2012-05-05-17_27_29.776,422,6,21,1,-56.298,-92.345,1.605
2012-05-05-17_27_29.777,422,7,21,1,-65.192,-92.281,2.205
2012-05-05-17_27_29.778,422,7,21,1,-65.202,-92.280,2.205
2012-05-05-17_27_29.778,422,7,21,1,-65.179,-92.181,2.205
2012-05-05-17_27_29.779,422,0,22,0,2.259,-96.779,2.116
2012-05-05-17_27_29.781,422,0,22,0,2.296,-96.691,2.116
2012-05-05-17_27_29.781,422,0,22,0,2.188,-96.758,2.116
2012-05-05-17_27_29.782,422,1,22,0,-6.752,-96.794,2.016
2012-05-05-17_27_29.783,422,1,22,0,-6.828,-96.774,1.916
2012-05-05-17_27_29.784,422,1,22,0,-6.773,-96.707,2.016
2012-05-05-17_27_29.785,422,2,22,0,-15.706,-96.709,1.316
2012-05-05-17_27_29.785,422,2,22,0,-15.777,-96.688,1.316
2012-05-05-17_27_29.786,422,2,22,0,-15.715,-96.639,1.416
2012-05-05-17_27_29.787,422,3,22,0,-24.728,-96.792,1.816
2012-05-05-17_27_29.788,422,3,22,0,-24.691,-96.703,1.816
2012-05-05-17_27_29.789,422,3,22,0,-24.799,-96.770,1.816
2012-05-05-17_27_29.790,422,4,22,0,-33.725,-96.793,1.116
2012-05-05-17_27_29.790,422,4,22,0,-33.687,-96.705,1.116
2012-05-05-17_27_29.791,422,4,22,0,-33.795,-96.772,1.116
2012-05-05-17_27_29.792,422,5,22,0,-42.731,-96.790,1.816
2012-05-05-17_27_29.793,422,5,22,0,-42.680,-96.842,1.616
2012-05-05-17_27_29.793,422,5,22,0,-42.778,-96.809,1.916
2012-05-05-17_27_29.794,422,6,22,0,-51.770,-96.854,1.616
2012-05-05-17_27_29.794,422,6,22,0,-51.733,-96.765,1.616
2012-05-05-17_27_29.795,422,6,22,0,-51.682,-96.816,1.616
2012-05-05-17_27_29.796,422,7,22,0,-60.665,-96.790,2.316
2012-05-05-17_27_29.796,422,7,22,0,-60.735,-96.769,2.416
2012-05-05-17_27_29.797,422,7,22,0,-60.674,-96.720,2.316
2012-05-05-17_27_29.798,422,0,22,1,-2.194,-96.786,2.125
2012-05-05-17_27_29.798,422,0,22,1,-2.168,-96.691,2.125
2012-05-05-17_27_29.799,422,0,22,1,-2.264,-96.768,2.125
2012-05-05-17_27_29.800,422,1,22,1,-11.214,-96.793,2.025
2012-05-05-17_27_29.800,422,1,22,1,-11.343,-96.722,2.025
2012-05-05-17_27_29.801,422,1,22,1,-11.235,-96.707,2.025
2012-05-05-17_27_29.802,422,2,22,1,-20.158,-96.716,1.525
2012-05-05-17_27_29.803,422,2,22,1,-20.229,-96.698,1.525
2012-05-05-17_27_29.804,422,2,22,1,-20.239,-96.697,1.425
2012-05-05-17_27_29.804,422,3,22,1,-29.181,-96.798,1.525
2012-05-05-17_27_29.805,422,3,22,1,-29.155,-96.703,1.525
2012-05-05-17_27_29.806,422,3,22,1,-29.251,-96.781,1.525
2012-05-05-17_27_29.807,422,4,22,1,-38.177,-96.800,1.125
2012-05-05-17_27_29.809,422,4,22,1,-38.152,-96.705,1.225
2012-05-05-17_27_29.810,422,4,22,1,-38.248,-96.782,1.125
2012-05-05-17_27_29.811,422,5,22,1,-47.196,-96.790,1.725
2012-05-05-17_27_29.812,422,5,22,1,-47.281,-96.768,1.625
2012-05-05-17_27_29.812,422,5,22,1,-47.254,-96.791,1.625
2012-05-05-17_27_29.813,422,6,22,1,-56.223,-96.861,1.625
2012-05-05-17_27_29.815,422,6,22,1,-56.197,-96.765,1.625
2012-05-05-17_27_29.816,422,6,22,1,-56.293,-96.843,1.625
2012-05-05-17_27_29.816,422,7,22,1,-65.188,-96.779,2.225
2012-05-05-17_27_29.817,422,7,22,1,-65.198,-96.778,2.225
2012-05-05-17_27_29.818,422,7,22,1,-65.177,-96.678,2.125
2012-05-05-17_27_29.818,422,0,23,0,2.273,-101.278,2.040
2012-05-05-17_27_29.819,422,0,23,0,2.298,-101.190,2.140
2012-05-05-17_27_29.820,422,0,23,0,2.190,-101.254,2.040
2012-05-05-17_27_29.821,422,1,23,0,-6.755,-101.289,1.940
2012-05-05-17_27_29.822,422,1,23,0,-6.828,-101.270,1.940
2012-05-05-17_27_29.822,422,1,23,0,-6.774,-101.204,1.940
2012-05-05-17_27_29.823,422,2,23,0,-15.692,-101.208,1.340
2012-05-05-17_27_29.824,422,2,23,0,-15.775,-101.184,1.340
2012-05-05-17_27_29.825,422,2,23,0,-15.713,-101.139,1.340
2012-05-05-17_27_29.826,422,3,23,0,-24.714,-101.290,1.640
2012-05-05-17_27_29.826,422,3,23,0,-24.689,-101.202,1.740
2012-05-05-17_27_29.827,422,3,23,0,-24.797,-101.267,1.740
2012-05-05-17_27_29.828,422,4,23,0,-33.711,-101.292,1.140
2012-05-05-17_27_29.829,422,4,23,0,-33.685,-101.204,1.140
2012-05-05-17_27_29.829,422,4,23,0,-33.793,-101.268,1.140
2012-05-05-17_27_29.832,422,5,23,0,-42.729,-101.290,1.840
2012-05-05-17_27_29.832,422,5,23,0,-42.681,-101.338,1.540
2012-05-05-17_27_29.833,422,5,23,0,-42.776,-101.309,1.740
2012-05-05-17_27_29.834,422,6,23,0,-51.756,-101.352,1.540
2012-05-05-17_27_29.834,422,6,23,0,-51.731,-101.265,1.540
2012-05-05-17_27_29.835,422,6,23,0,-51.839,-101.329,1.540
2012-05-05-17_27_29.836,422,7,23,0,-60.651,-101.288,2.240
2012-05-05-17_27_29.837,422,7,23,0,-60.733,-101.265,2.240
2012-05-05-17_27_29.838,422,7,23,0,-60.672,-101.220,2.240
2012-05-05-17_27_29.838,422,0,23,1,-2.182,-101.277,2.140
2012-05-05-17_27_29.839,422,0,23,1,-2.166,-101.190,2.040
2012-05-05-17_27_29.840,422,0,23,1,-2.265,-101.266,2.140
2012-05-05-17_27_29.841,422,1,23,1,-11.210,-101.289,2.040
2012-05-05-17_27_29.842,422,1,23,1,-11.341,-101.222,3.340
2012-05-05-17_27_29.843,422,1,23,1,-11.236,-101.204,2.040
2012-05-05-17_27_29.843,422,2,23,1,-20.147,-101.207,1.440
2012-05-05-17_27_29.844,422,2,23,1,-20.230,-101.196,1.440
2012-05-05-17_27_29.845,422,2,23,1,-20.239,-101.194,1.440
2012-05-05-17_27_29.846,422,3,23,1,-29.169,-101.289,1.540
2012-05-05-17_27_29.846,422,3,23,1,-29.153,-101.202,1.540
2012-05-05-17_27_29.847,422,3,23,1,-29.252,-101.278,1.540
2012-05-05-17_27_29.848,422,4,23,1,-38.165,-101.291,1.240
2012-05-05-17_27_29.849,422,4,23,1,-38.150,-101.204,1.040
2012-05-05-17_27_29.849,422,4,23,1,-38.248,-101.280,1.140
2012-05-05-17_27_29.850,422,5,23,1,-47.194,-101.290,4.340
2012-05-05-17_27_29.851,422,5,23,1,-47.281,-101.265,1.640
2012-05-05-17_27_29.852,422,5,23,1,-47.252,-101.292,1.640
2012-05-05-17_27_29.852,422,6,23,1,-56.211,-101.351,1.640
2012-05-05-17_27_29.853,422,6,23,1,-56.195,-101.265,1.440
2012-05-05-17_27_29.854,422,6,23,1,-56.294,-101.340,1.540
2012-05-05-17_27_29.855,422,7,23,1,-65.188,-101.277,2.140
2012-05-05-17_27_29.855,422,7,23,1,-65.198,-101.274,2.140
2012-05-05-17_27_29.856,422,7,23,1,-65.178,-101.176,2.140
