2012-05-04-13_27_44.803,39,0,0,0,-0.039,0.267,NaN
2012-05-04-13_27_44.803,39,1,0,0,-9.696,0.062,NaN
2012-05-04-13_27_44.805,39,2,0,0,-18.090,0.235,NaN
2012-05-04-13_27_44.806,39,3,0,0,-27.537,0.201,NaN
2012-05-04-13_27_44.807,39,4,0,0,-36.035,0.353,NaN
2012-05-04-13_27_44.808,39,5,0,0,-45.048,-0.109,NaN
2012-05-04-13_27_44.809,39,6,0,0,-53.601,0.296,NaN
2012-05-04-13_27_44.809,39,7,0,0,-63.429,0.242,NaN
2012-05-04-13_27_44.810,39,0,1,0,-0.112,-9.239,NaN
2012-05-04-13_27_44.811,39,1,1,0,-9.324,-9.070,NaN
2012-05-04-13_27_44.812,39,2,1,0,-18.093,-8.900,NaN
2012-05-04-13_27_44.813,39,3,1,0,-27.004,-8.766,NaN
2012-05-04-13_27_44.815,39,4,1,0,-36.107,-9.152,NaN
2012-05-04-13_27_44.816,39,5,1,0,-45.184,-9.226,NaN
2012-05-04-13_27_44.817,39,6,1,0,-53.976,-8.824,NaN
2012-05-04-13_27_44.819,39,7,1,0,-62.850,-8.854,NaN
2012-05-04-13_27_44.820,39,0,2,0,0.059,-17.889,NaN
2012-05-04-13_27_44.821,39,1,2,0,-9.098,-18.034,NaN
2012-05-04-13_27_44.821,39,2,2,0,-18.046,-17.587,NaN
2012-05-04-13_27_44.822,39,3,2,0,-27.537,-17.795,NaN
2012-05-04-13_27_44.823,39,4,2,0,-35.937,-17.803,NaN
2012-05-04-13_27_44.824,39,5,2,0,-45.176,-18.043,NaN
2012-05-04-13_27_44.825,39,6,2,0,-53.976,-17.823,NaN
2012-05-04-13_27_44.826,39,7,2,0,-62.718,-17.715,NaN
2012-05-04-13_27_44.826,39,0,3,0,-0.113,-27.240,NaN
2012-05-04-13_27_44.827,39,1,3,0,-9.201,-27.116,NaN
2012-05-04-13_27_44.828,39,2,3,0,-18.090,-26.766,NaN
2012-05-04-13_27_44.829,39,3,3,0,-27.175,-27.115,NaN
2012-05-04-13_27_44.829,39,4,3,0,-36.079,-26.824,NaN
2012-05-04-13_27_44.830,39,5,3,0,-45.138,-26.914,NaN
2012-05-04-13_27_44.831,39,6,3,0,-53.976,-26.823,NaN
2012-05-04-13_27_44.832,39,7,3,0,-63.067,-27.075,NaN
2012-05-04-13_27_44.833,39,0,4,0,-0.475,-35.922,NaN
2012-05-04-13_27_44.834,39,1,4,0,-9.098,-36.033,NaN
2012-05-04-13_27_44.835,39,2,4,0,-18.046,-35.587,NaN
2012-05-04-13_27_44.836,39,3,4,0,-27.175,-36.114,NaN
2012-05-04-13_27_44.836,39,4,4,0,-36.470,-35.835,NaN
2012-05-04-13_27_44.837,39,5,4,0,-45.547,-35.908,NaN
2012-05-04-13_27_44.837,39,6,4,0,-54.011,-36.056,NaN
2012-05-04-13_27_44.838,39,7,4,0,-63.058,-35.891,NaN
2012-05-04-13_27_44.839,39,0,5,0,-0.475,-44.924,0.634
2012-05-04-13_27_44.842,39,1,5,0,-9.304,-44.925,NaN
2012-05-04-13_27_44.843,39,2,5,0,-18.263,-44.811,NaN
2012-05-04-13_27_44.843,39,3,5,0,-26.939,-44.895,NaN
2012-05-04-13_27_44.844,39,4,5,0,-35.892,-44.931,NaN
2012-05-04-13_27_44.845,39,5,5,0,-45.158,-45.030,NaN
2012-05-04-13_27_44.847,39,6,5,0,-54.147,-45.174,NaN
2012-05-04-13_27_44.848,39,7,5,0,-62.934,-44.937,NaN
2012-05-04-13_27_44.849,39,0,6,0,0.059,-53.890,2.009
2012-05-04-13_27_44.851,39,1,6,0,-9.696,-53.935,NaN
2012-05-04-13_27_44.852,39,2,6,0,-17.987,-53.955,NaN
2012-05-04-13_27_44.853,39,3,6,0,-27.102,-53.609,NaN
2012-05-04-13_27_44.854,39,4,6,0,-36.470,-53.834,NaN
2012-05-04-13_27_44.855,39,5,6,0,-45.547,-53.907,NaN
2012-05-04-13_27_44.856,39,6,6,0,-54.509,-53.855,NaN
2012-05-04-13_27_44.856,39,7,6,0,-63.058,-53.891,NaN
2012-05-04-13_27_44.857,39,0,7,0,-0.086,-63.043,3.142
2012-05-04-13_27_44.858,39,1,7,0,-9.696,-62.935,NaN
2012-05-04-13_27_44.859,39,2,7,0,-17.817,-63.044,NaN
2012-05-04-13_27_44.860,39,3,7,0,-27.004,-62.765,NaN
2012-05-04-13_27_44.861,39,4,7,0,-35.949,-62.819,NaN
2012-05-04-13_27_44.861,39,5,7,0,-45.025,-62.892,NaN
2012-05-04-13_27_44.862,39,6,7,0,-53.931,-62.951,NaN
2012-05-04-13_27_44.863,39,7,7,0,-62.895,-62.725,NaN
2012-05-04-13_27_44.864,39,0,8,0,-0.083,-71.911,4.537
2012-05-04-13_27_44.866,39,1,8,0,-9.696,-71.938,NaN
2012-05-04-13_27_44.867,39,2,8,0,-18.481,-71.778,NaN
2012-05-04-13_27_44.868,39,3,8,0,-27.004,-71.765,NaN
2012-05-04-13_27_44.869,39,4,8,0,-35.972,-72.036,NaN
2012-05-04-13_27_44.869,39,5,8,0,-45.328,-71.944,NaN
2012-05-04-13_27_44.870,39,6,8,0,-54.509,-71.857,NaN
2012-05-04-13_27_44.871,39,7,8,0,-63.429,-71.758,NaN
2012-05-04-13_27_44.872,39,0,9,0,-0.475,-80.922,5.679
2012-05-04-13_27_44.873,39,1,9,0,-9.118,-81.033,NaN
2012-05-04-13_27_44.874,39,2,9,0,-18.481,-80.777,NaN
2012-05-04-13_27_44.875,39,3,9,0,-27.146,-80.785,NaN
2012-05-04-13_27_44.876,39,4,9,0,-36.470,-80.835,NaN
2012-05-04-13_27_44.877,39,5,9,0,-45.547,-80.909,NaN
2012-05-04-13_27_44.877,39,6,9,0,-54.075,-80.667,NaN
2012-05-04-13_27_44.878,39,7,9,0,-63.429,-80.758,NaN
2012-05-04-13_27_44.878,39,0,10,0,0.237,-89.879,10.913
2012-05-04-13_27_44.879,39,1,10,0,-8.984,-89.894,NaN
2012-05-04-13_27_44.880,39,2,10,0,-17.948,-89.745,NaN
2012-05-04-13_27_44.881,39,3,10,0,-26.826,-89.754,NaN
2012-05-04-13_27_44.882,39,4,10,0,-35.949,-89.818,NaN
2012-05-04-13_27_44.883,39,5,10,0,-44.968,-90.004,NaN
2012-05-04-13_27_44.884,39,6,10,0,-53.976,-89.824,NaN
2012-05-04-13_27_44.884,39,7,10,0,-62.831,-89.854,0.113
2012-05-04-13_27_44.885,39,0,11,0,-0.472,-98.922,8.172
2012-05-04-13_27_44.886,39,1,11,0,-9.196,-99.135,NaN
2012-05-04-13_27_44.886,39,2,11,0,-18.089,-98.765,NaN
2012-05-04-13_27_44.889,39,3,11,0,-27.003,-98.763,NaN
2012-05-04-13_27_44.889,39,4,11,0,-35.948,-98.819,NaN
2012-05-04-13_27_44.890,39,5,11,0,-45.544,-98.908,NaN
2012-05-04-13_27_44.891,39,6,11,0,-53.975,-98.821,0.281
2012-05-04-13_27_44.891,39,7,11,0,-62.830,-98.852,4.258
