2012-05-10-07_38_49.197,4,0,0,0,2.267,2.216,20.492
2012-05-10-07_38_49.199,4,0,0,0,2.201,2.284,20.492
2012-05-10-07_38_49.200,4,1,0,0,-6.754,2.104,20.292
2012-05-10-07_38_49.202,4,1,0,0,-6.819,2.173,20.292
2012-05-10-07_38_49.203,4,2,0,0,-15.701,2.268,20.092
2012-05-10-07_38_49.205,4,2,0,0,-15.766,2.337,20.192
2012-05-10-07_38_49.206,4,3,0,0,-24.676,2.185,20.292
2012-05-10-07_38_49.208,4,3,0,0,-24.741,2.254,20.292
2012-05-10-07_38_49.209,4,4,0,0,-33.741,2.222,20.192
2012-05-10-07_38_49.211,4,4,0,0,-33.807,2.290,20.192
2012-05-10-07_38_49.212,4,5,0,0,-42.715,2.202,20.092
2012-05-10-07_38_49.214,4,5,0,0,-42.781,2.271,20.092
2012-05-10-07_38_49.215,4,6,0,0,-51.756,2.208,20.192
2012-05-10-07_38_49.216,4,6,0,0,-51.821,2.276,20.192
2012-05-10-07_38_49.218,4,7,0,0,-60.795,2.213,20.592
2012-05-10-07_38_49.220,4,7,0,0,-60.861,2.282,20.592
2012-05-10-07_38_49.221,4,0,0,1,-2.186,2.211,20.492
2012-05-10-07_38_49.223,4,0,0,1,-2.163,2.322,20.492
2012-05-10-07_38_49.224,4,1,0,1,-11.183,2.211,20.392
2012-05-10-07_38_49.225,4,1,0,1,-11.271,2.178,20.292
2012-05-10-07_38_49.227,4,2,0,1,-20.153,2.264,20.192
2012-05-10-07_38_49.228,4,2,0,1,-20.219,2.343,20.092
2012-05-10-07_38_49.230,4,3,0,1,-29.128,2.181,20.292
2012-05-10-07_38_49.231,4,3,0,1,-29.193,2.260,20.292
2012-05-10-07_38_49.233,4,4,0,1,-38.193,2.217,20.192
2012-05-10-07_38_49.234,4,4,0,1,-38.171,2.329,20.192
2012-05-10-07_38_49.236,4,5,0,1,-47.167,2.198,19.892
2012-05-10-07_38_49.237,4,5,0,1,-47.145,2.309,20.092
2012-05-10-07_38_49.239,4,6,0,1,-56.208,2.203,20.092
2012-05-10-07_38_49.240,4,6,0,1,-56.185,2.314,20.092
2012-05-10-07_38_49.242,4,7,0,1,-65.248,2.209,20.592
2012-05-10-07_38_49.243,4,7,0,1,-65.225,2.320,20.592
2012-05-10-07_38_49.245,4,0,1,0,2.274,-2.281,20.612
2012-05-10-07_38_49.246,4,0,1,0,2.206,-2.214,20.512
2012-05-10-07_38_49.247,4,1,1,0,-6.747,-2.393,20.212
2012-05-10-07_38_49.249,4,1,1,0,-6.815,-2.325,20.212
2012-05-10-07_38_49.250,4,2,1,0,-15.694,-2.229,20.212
2012-05-10-07_38_49.252,4,2,1,0,-15.762,-2.161,20.112
2012-05-10-07_38_49.253,4,3,1,0,-24.669,-2.312,20.212
2012-05-10-07_38_49.255,4,3,1,0,-24.737,-2.244,20.312
2012-05-10-07_38_49.257,4,4,1,0,-33.734,-2.275,20.212
2012-05-10-07_38_49.258,4,4,1,0,-33.802,-2.208,20.212
2012-05-10-07_38_49.259,4,5,1,0,-42.708,-2.295,20.112
2012-05-10-07_38_49.261,4,5,1,0,-42.776,-2.227,19.812
2012-05-10-07_38_49.262,4,6,1,0,-51.749,-2.289,20.212
2012-05-10-07_38_49.263,4,6,1,0,-51.817,-2.222,20.212
2012-05-10-07_38_49.264,4,7,1,0,-60.789,-2.284,20.512
2012-05-10-07_38_49.266,4,7,1,0,-60.856,-2.216,20.512
2012-05-10-07_38_49.267,4,0,1,1,-2.181,-2.286,20.514
2012-05-10-07_38_49.268,4,0,1,1,-2.168,-2.173,20.514
2012-05-10-07_38_49.270,4,1,1,1,-11.188,-2.285,20.314
2012-05-10-07_38_49.271,4,1,1,1,-11.272,-2.319,20.314
2012-05-10-07_38_49.272,4,2,1,1,-20.149,-2.234,20.214
2012-05-10-07_38_49.273,4,2,1,1,-20.219,-2.155,20.214
2012-05-10-07_38_49.274,4,3,1,1,-29.123,-2.317,20.314
2012-05-10-07_38_49.275,4,3,1,1,-29.110,-2.204,20.214
2012-05-10-07_38_49.276,4,4,1,1,-38.189,-2.280,20.314
2012-05-10-07_38_49.278,4,4,1,1,-38.176,-2.167,20.214
2012-05-10-07_38_49.279,4,5,1,1,-47.163,-2.300,19.914
2012-05-10-07_38_49.280,4,5,1,1,-47.150,-2.187,19.814
2012-05-10-07_38_49.281,4,6,1,1,-56.204,-2.294,20.114
2012-05-10-07_38_49.282,4,6,1,1,-56.191,-2.181,20.214
2012-05-10-07_38_49.283,4,7,1,1,-65.243,-2.289,20.414
2012-05-10-07_38_49.284,4,7,1,1,-65.230,-2.176,20.514
2012-05-10-07_38_49.285,4,0,2,0,2.273,-6.781,20.535
2012-05-10-07_38_49.287,4,0,2,0,2.203,-6.722,20.535
2012-05-10-07_38_49.288,4,1,2,0,-6.747,-6.893,20.135
2012-05-10-07_38_49.289,4,1,2,0,-6.817,-6.834,20.235
2012-05-10-07_38_49.290,4,2,2,0,-15.695,-6.729,20.135
2012-05-10-07_38_49.291,4,2,2,0,-15.765,-6.670,20.135
2012-05-10-07_38_49.294,4,3,2,0,-24.669,-6.812,20.235
2012-05-10-07_38_49.295,4,3,2,0,-24.739,-6.753,20.235
2012-05-10-07_38_49.296,4,4,2,0,-33.735,-6.775,20.335
2012-05-10-07_38_49.297,4,4,2,0,-33.805,-6.716,20.235
2012-05-10-07_38_49.298,4,5,2,0,-42.709,-6.795,19.935
2012-05-10-07_38_49.299,4,5,2,0,-42.779,-6.736,19.735
2012-05-10-07_38_49.301,4,6,2,0,-51.749,-6.789,20.235
2012-05-10-07_38_49.302,4,6,2,0,-51.820,-6.730,20.235
2012-05-10-07_38_49.303,4,7,2,0,-60.789,-6.784,20.535
2012-05-10-07_38_49.304,4,7,2,0,-60.859,-6.725,20.535
2012-05-10-07_38_49.305,4,0,2,1,-2.184,-6.785,20.538
2012-05-10-07_38_49.306,4,0,2,1,-2.176,-6.674,20.538
2012-05-10-07_38_49.307,4,1,2,1,-11.196,-6.786,20.238
2012-05-10-07_38_49.309,4,1,2,1,-11.272,-6.828,20.237
2012-05-10-07_38_49.310,4,2,2,1,-20.152,-6.733,20.138
2012-05-10-07_38_49.311,4,2,2,1,-20.220,-6.664,20.237
2012-05-10-07_38_49.312,4,3,2,1,-29.126,-6.816,20.238
2012-05-10-07_38_49.313,4,3,2,1,-29.118,-6.705,20.338
2012-05-10-07_38_49.314,4,4,2,1,-38.192,-6.779,20.238
2012-05-10-07_38_49.316,4,4,2,1,-38.184,-6.668,20.238
2012-05-10-07_38_49.317,4,5,2,1,-47.166,-6.799,19.938
2012-05-10-07_38_49.318,4,5,2,1,-47.158,-6.688,19.738
2012-05-10-07_38_49.319,4,6,2,1,-56.207,-6.793,20.238
2012-05-10-07_38_49.320,4,6,2,1,-56.198,-6.682,20.238
2012-05-10-07_38_49.321,4,7,2,1,-65.246,-6.788,20.438
2012-05-10-07_38_49.323,4,7,2,1,-65.238,-6.677,20.438
2012-05-10-07_38_49.324,4,0,3,0,2.275,-11.282,20.558
2012-05-10-07_38_49.325,4,0,3,0,2.205,-11.219,20.558
2012-05-10-07_38_49.326,4,1,3,0,-6.745,-11.394,20.158
2012-05-10-07_38_49.327,4,1,3,0,-6.815,-11.331,20.158
2012-05-10-07_38_49.329,4,2,3,0,-15.693,-11.230,20.158
2012-05-10-07_38_49.330,4,2,3,0,-15.763,-11.167,20.158
2012-05-10-07_38_49.331,4,3,3,0,-24.667,-11.312,20.258
2012-05-10-07_38_49.332,4,3,3,0,-24.737,-11.249,20.258
2012-05-10-07_38_49.333,4,4,3,0,-33.733,-11.276,20.258
2012-05-10-07_38_49.334,4,4,3,0,-33.803,-11.213,20.258
2012-05-10-07_38_49.335,4,5,3,0,-42.707,-11.296,19.958
2012-05-10-07_38_49.336,4,5,3,0,-42.777,-11.233,19.858
2012-05-10-07_38_49.338,4,6,3,0,-51.747,-11.290,20.258
2012-05-10-07_38_49.339,4,6,3,0,-51.818,-11.227,20.258
2012-05-10-07_38_49.340,4,7,3,0,-60.787,-11.285,20.558
2012-05-10-07_38_49.341,4,7,3,0,-60.857,-11.222,20.458
2012-05-10-07_38_49.342,4,0,3,1,-2.187,-11.287,20.560
2012-05-10-07_38_49.343,4,0,3,1,-2.181,-11.175,20.560
2012-05-10-07_38_49.344,4,1,3,1,-11.201,-11.286,20.260
2012-05-10-07_38_49.345,4,1,3,1,-11.275,-11.327,20.260
2012-05-10-07_38_49.346,4,2,3,1,-20.155,-11.234,20.160
2012-05-10-07_38_49.347,4,2,3,1,-20.222,-11.162,20.260
2012-05-10-07_38_49.348,4,3,3,1,-29.129,-11.317,20.260
2012-05-10-07_38_49.349,4,3,3,1,-29.124,-11.205,20.260
2012-05-10-07_38_49.350,4,4,3,1,-38.195,-11.281,20.260
2012-05-10-07_38_49.352,4,4,3,1,-38.189,-11.168,20.260
2012-05-10-07_38_49.353,4,5,3,1,-47.169,-11.300,19.960
2012-05-10-07_38_49.354,4,5,3,1,-47.163,-11.188,19.760
2012-05-10-07_38_49.355,4,6,3,1,-56.209,-11.295,20.260
2012-05-10-07_38_49.356,4,6,3,1,-56.204,-11.183,20.260
2012-05-10-07_38_49.357,4,7,3,1,-65.249,-11.289,20.460
2012-05-10-07_38_49.358,4,7,3,1,-65.243,-11.177,20.460
2012-05-10-07_38_49.359,4,0,4,0,2.265,-15.784,20.580
2012-05-10-07_38_49.360,4,0,4,0,2.205,-15.715,20.580
2012-05-10-07_38_49.361,4,1,4,0,-6.755,-15.896,20.180
2012-05-10-07_38_49.362,4,1,4,0,-6.816,-15.827,20.180
2012-05-10-07_38_49.364,4,2,4,0,-15.703,-15.732,20.180
2012-05-10-07_38_49.365,4,2,4,0,-15.763,-15.663,20.180
2012-05-10-07_38_49.366,4,3,4,0,-24.677,-15.815,20.280
2012-05-10-07_38_49.368,4,3,4,0,-24.738,-15.746,20.280
2012-05-10-07_38_49.369,4,4,4,0,-33.743,-15.778,20.280
2012-05-10-07_38_49.370,4,4,4,0,-33.803,-15.709,20.280
2012-05-10-07_38_49.372,4,5,4,0,-42.717,-15.798,19.980
2012-05-10-07_38_49.373,4,5,4,0,-42.777,-15.729,19.780
2012-05-10-07_38_49.374,4,6,4,0,-51.758,-15.792,20.280
2012-05-10-07_38_49.376,4,6,4,0,-51.818,-15.723,20.280
2012-05-10-07_38_49.377,4,7,4,0,-60.797,-15.787,20.580
2012-05-10-07_38_49.379,4,7,4,0,-60.858,-15.718,20.580
2012-05-10-07_38_49.380,4,0,4,1,-2.187,-15.790,20.583
2012-05-10-07_38_49.382,4,0,4,1,-2.177,-15.677,20.582
2012-05-10-07_38_49.383,4,1,4,1,-11.197,-15.789,20.282
2012-05-10-07_38_49.384,4,1,4,1,-11.278,-15.824,20.282
2012-05-10-07_38_49.386,4,2,4,1,-20.155,-15.738,20.283
2012-05-10-07_38_49.387,4,2,4,1,-20.225,-15.660,20.182
2012-05-10-07_38_49.388,4,3,4,1,-29.130,-15.821,20.283
2012-05-10-07_38_49.390,4,3,4,1,-29.119,-15.707,20.282
2012-05-10-07_38_49.391,4,4,4,1,-38.195,-15.784,20.283
2012-05-10-07_38_49.393,4,4,4,1,-38.185,-15.671,20.282
2012-05-10-07_38_49.394,4,5,4,1,-47.169,-15.804,19.983
2012-05-10-07_38_49.395,4,5,4,1,-47.159,-15.690,19.882
2012-05-10-07_38_49.397,4,6,4,1,-56.210,-15.798,20.183
2012-05-10-07_38_49.398,4,6,4,1,-56.199,-15.685,20.282
2012-05-10-07_38_49.400,4,7,4,1,-65.249,-15.793,20.483
2012-05-10-07_38_49.401,4,7,4,1,-65.239,-15.679,20.482
2012-05-10-07_38_49.402,4,0,5,0,2.267,-20.284,20.604
2012-05-10-07_38_49.404,4,0,5,0,2.207,-20.215,20.604
2012-05-10-07_38_49.405,4,1,5,0,-6.753,-20.396,20.204
2012-05-10-07_38_49.406,4,1,5,0,-6.814,-20.327,20.204
2012-05-10-07_38_49.408,4,2,5,0,-15.701,-20.232,20.204
2012-05-10-07_38_49.410,4,2,5,0,-15.761,-20.163,20.204
2012-05-10-07_38_49.411,4,3,5,0,-24.675,-20.315,20.304
2012-05-10-07_38_49.413,4,3,5,0,-24.736,-20.245,20.304
2012-05-10-07_38_49.414,4,4,5,0,-33.741,-20.278,20.304
2012-05-10-07_38_49.416,4,4,5,0,-33.801,-20.209,20.304
2012-05-10-07_38_49.418,4,5,5,0,-42.715,-20.298,19.904
2012-05-10-07_38_49.421,4,5,5,0,-42.775,-20.229,19.804
2012-05-10-07_38_49.423,4,6,5,0,-51.755,-20.292,20.304
2012-05-10-07_38_49.425,4,6,5,0,-51.816,-20.223,20.304
2012-05-10-07_38_49.426,4,7,5,0,-60.795,-20.287,20.604
2012-05-10-07_38_49.428,4,7,5,0,-60.856,-20.218,20.604
2012-05-10-07_38_49.430,4,0,5,1,-2.190,-20.289,20.607
2012-05-10-07_38_49.432,4,0,5,1,-2.175,-20.178,20.607
2012-05-10-07_38_49.433,4,1,5,1,-11.195,-20.289,20.307
2012-05-10-07_38_49.435,4,1,5,1,-11.271,-20.323,20.306
2012-05-10-07_38_49.437,4,2,5,1,-20.158,-20.236,20.207
2012-05-10-07_38_49.438,4,2,5,1,-20.218,-20.158,20.206
2012-05-10-07_38_49.440,4,3,5,1,-29.132,-20.319,20.307
2012-05-10-07_38_49.442,4,3,5,1,-29.117,-20.208,20.307
2012-05-10-07_38_49.443,4,4,5,1,-38.198,-20.283,20.307
2012-05-10-07_38_49.445,4,4,5,1,-38.183,-20.171,20.307
2012-05-10-07_38_49.446,4,5,5,1,-47.172,-20.302,20.007
2012-05-10-07_38_49.448,4,5,5,1,-47.157,-20.191,19.807
2012-05-10-07_38_49.449,4,6,5,1,-56.213,-20.297,20.207
2012-05-10-07_38_49.451,4,6,5,1,-56.197,-20.186,20.307
2012-05-10-07_38_49.453,4,7,5,1,-65.252,-20.291,20.507
2012-05-10-07_38_49.454,4,7,5,1,-65.237,-20.180,20.507
2012-05-10-07_38_49.456,4,0,6,0,2.269,-24.782,20.627
2012-05-10-07_38_49.457,4,0,6,0,2.209,-24.713,20.627
2012-05-10-07_38_49.459,4,1,6,0,-6.751,-24.894,20.327
2012-05-10-07_38_49.460,4,1,6,0,-6.812,-24.825,20.227
2012-05-10-07_38_49.462,4,2,6,0,-15.699,-24.730,20.227
2012-05-10-07_38_49.464,4,2,6,0,-15.759,-24.661,20.227
2012-05-10-07_38_49.465,4,3,6,0,-24.673,-24.813,20.327
2012-05-10-07_38_49.467,4,3,6,0,-24.734,-24.744,20.327
2012-05-10-07_38_49.469,4,4,6,0,-33.739,-24.776,20.327
2012-05-10-07_38_49.470,4,4,6,0,-33.799,-24.707,20.327
2012-05-10-07_38_49.472,4,5,6,0,-42.713,-24.796,19.927
2012-05-10-07_38_49.474,4,5,6,0,-42.773,-24.727,19.927
2012-05-10-07_38_49.475,4,6,6,0,-51.753,-24.790,20.327
2012-05-10-07_38_49.477,4,6,6,0,-51.814,-24.721,20.227
2012-05-10-07_38_49.479,4,7,6,0,-60.793,-24.785,20.527
2012-05-10-07_38_49.481,4,7,6,0,-60.854,-24.716,20.627
2012-05-10-07_38_49.483,4,0,6,1,-2.188,-24.786,20.631
2012-05-10-07_38_49.485,4,0,6,1,-2.177,-24.674,20.630
2012-05-10-07_38_49.487,4,1,6,1,-11.198,-24.785,20.330
2012-05-10-07_38_49.489,4,1,6,1,-11.276,-24.819,20.330
2012-05-10-07_38_49.491,4,2,6,1,-20.156,-24.734,20.231
2012-05-10-07_38_49.493,4,2,6,1,-20.224,-24.655,20.330
2012-05-10-07_38_49.494,4,3,6,1,-29.130,-24.816,20.331
2012-05-10-07_38_49.496,4,3,6,1,-29.120,-24.704,20.330
2012-05-10-07_38_49.498,4,4,6,1,-38.196,-24.780,20.331
2012-05-10-07_38_49.507,4,4,6,1,-38.185,-24.668,20.330
2012-05-10-07_38_49.509,4,5,6,1,-47.170,-24.800,20.031
2012-05-10-07_38_49.511,4,5,6,1,-47.159,-24.687,19.930
2012-05-10-07_38_49.516,4,6,6,1,-56.211,-24.794,20.231
2012-05-10-07_38_49.518,4,6,6,1,-56.200,-24.682,20.330
2012-05-10-07_38_49.520,4,7,6,1,-65.250,-24.789,20.531
2012-05-10-07_38_49.522,4,7,6,1,-65.240,-24.676,20.530
2012-05-10-07_38_49.524,4,0,7,0,2.259,-29.281,20.651
2012-05-10-07_38_49.526,4,0,7,0,2.203,-29.222,20.551
2012-05-10-07_38_49.528,4,1,7,0,-6.761,-29.393,20.251
2012-05-10-07_38_49.530,4,1,7,0,-6.817,-29.334,20.251
2012-05-10-07_38_49.532,4,2,7,0,-15.709,-29.228,20.251
2012-05-10-07_38_49.534,4,2,7,0,-15.765,-29.170,20.251
2012-05-10-07_38_49.536,4,3,7,0,-24.683,-29.311,20.351
2012-05-10-07_38_49.538,4,3,7,0,-24.739,-29.252,20.351
2012-05-10-07_38_49.539,4,4,7,0,-33.749,-29.275,20.351
2012-05-10-07_38_49.541,4,4,7,0,-33.805,-29.216,20.351
2012-05-10-07_38_49.543,4,5,7,0,-42.723,-29.294,19.951
2012-05-10-07_38_49.545,4,5,7,0,-42.779,-29.236,19.851
2012-05-10-07_38_49.547,4,6,7,0,-51.764,-29.289,20.251
2012-05-10-07_38_49.549,4,6,7,0,-51.819,-29.230,20.251
2012-05-10-07_38_49.551,4,7,7,0,-60.803,-29.283,20.551
2012-05-10-07_38_49.553,4,7,7,0,-60.859,-29.225,20.551
2012-05-10-07_38_49.555,4,0,7,1,-2.188,-29.286,20.655
2012-05-10-07_38_49.557,4,0,7,1,-2.175,-29.174,20.654
2012-05-10-07_38_49.559,4,1,7,1,-11.196,-29.286,20.354
2012-05-10-07_38_49.561,4,1,7,1,-11.272,-29.328,20.354
2012-05-10-07_38_49.563,4,2,7,1,-20.156,-29.233,20.255
2012-05-10-07_38_49.565,4,2,7,1,-20.219,-29.163,20.254
2012-05-10-07_38_49.566,4,3,7,1,-29.131,-29.316,20.355
2012-05-10-07_38_49.568,4,3,7,1,-29.118,-29.204,20.354
2012-05-10-07_38_49.570,4,4,7,1,-38.196,-29.279,20.355
2012-05-10-07_38_49.572,4,4,7,1,-38.183,-29.168,20.354
2012-05-10-07_38_49.574,4,5,7,1,-47.170,-29.299,20.055
2012-05-10-07_38_49.576,4,5,7,1,-47.157,-29.187,19.954
2012-05-10-07_38_49.578,4,6,7,1,-56.211,-29.293,20.255
2012-05-10-07_38_49.580,4,6,7,1,-56.198,-29.182,20.254
2012-05-10-07_38_49.582,4,7,7,1,-65.251,-29.288,20.555
2012-05-10-07_38_49.584,4,7,7,1,-65.238,-29.176,20.554
2012-05-10-07_38_49.586,4,0,8,0,2.261,-33.781,20.675
2012-05-10-07_38_49.588,4,0,8,0,2.205,-33.720,20.575
2012-05-10-07_38_49.590,4,1,8,0,-6.759,-33.893,20.175
2012-05-10-07_38_49.592,4,1,8,0,-6.815,-33.832,20.275
2012-05-10-07_38_49.593,4,2,8,0,-15.707,-33.729,20.275
2012-05-10-07_38_49.595,4,2,8,0,-15.763,-33.667,20.275
2012-05-10-07_38_49.597,4,3,8,0,-24.681,-33.811,20.375
2012-05-10-07_38_49.599,4,3,8,0,-24.737,-33.750,20.375
2012-05-10-07_38_49.601,4,4,8,0,-33.747,-33.775,20.375
2012-05-10-07_38_49.603,4,4,8,0,-33.803,-33.714,20.275
2012-05-10-07_38_49.605,4,5,8,0,-42.721,-33.795,19.875
2012-05-10-07_38_49.607,4,5,8,0,-42.777,-33.733,19.875
2012-05-10-07_38_49.609,4,6,8,0,-51.762,-33.789,20.275
2012-05-10-07_38_49.611,4,6,8,0,-51.817,-33.728,20.275
2012-05-10-07_38_49.613,4,7,8,0,-60.801,-33.784,20.575
2012-05-10-07_38_49.615,4,7,8,0,-60.857,-33.722,20.575
2012-05-10-07_38_49.617,4,0,8,1,-2.189,-33.788,20.578
2012-05-10-07_38_49.619,4,0,8,1,-2.166,-33.676,20.578
2012-05-10-07_38_49.621,4,1,8,1,-11.187,-33.788,20.378
2012-05-10-07_38_49.623,4,1,8,1,-11.275,-33.827,20.378
2012-05-10-07_38_49.625,4,2,8,1,-20.157,-33.736,20.278
2012-05-10-07_38_49.627,4,2,8,1,-20.222,-33.662,20.278
2012-05-10-07_38_49.629,4,3,8,1,-29.131,-33.818,20.378
2012-05-10-07_38_49.631,4,3,8,1,-29.109,-33.706,20.378
2012-05-10-07_38_49.633,4,4,8,1,-38.197,-33.782,20.378
2012-05-10-07_38_49.635,4,4,8,1,-38.174,-33.670,20.378
2012-05-10-07_38_49.636,4,5,8,1,-47.171,-33.802,20.078
2012-05-10-07_38_49.638,4,5,8,1,-47.148,-33.689,19.878
2012-05-10-07_38_49.640,4,6,8,1,-56.212,-33.796,20.278
2012-05-10-07_38_49.642,4,6,8,1,-56.189,-33.684,20.278
2012-05-10-07_38_49.644,4,7,8,1,-65.251,-33.791,20.578
2012-05-10-07_38_49.646,4,7,8,1,-65.228,-33.678,20.578
2012-05-10-07_38_49.648,4,0,9,0,2.265,-38.284,20.697
2012-05-10-07_38_49.650,4,0,9,0,2.202,-38.216,20.597
2012-05-10-07_38_49.652,4,1,9,0,-6.755,-38.396,20.197
2012-05-10-07_38_49.654,4,1,9,0,-6.818,-38.328,20.197
2012-05-10-07_38_49.655,4,2,9,0,-15.702,-38.232,20.297
2012-05-10-07_38_49.657,4,2,9,0,-15.765,-38.163,20.297
2012-05-10-07_38_49.659,4,3,9,0,-24.677,-38.315,20.397
2012-05-10-07_38_49.661,4,3,9,0,-24.740,-38.246,20.397
2012-05-10-07_38_49.663,4,4,9,0,-33.743,-38.278,20.397
2012-05-10-07_38_49.665,4,4,9,0,-33.806,-38.210,20.297
2012-05-10-07_38_49.667,4,5,9,0,-42.717,-38.298,19.997
2012-05-10-07_38_49.669,4,5,9,0,-42.780,-38.229,19.897
2012-05-10-07_38_49.671,4,6,9,0,-51.757,-38.292,20.297
2012-05-10-07_38_49.673,4,6,9,0,-51.820,-38.224,20.297
2012-05-10-07_38_49.675,4,7,9,0,-60.797,-38.287,20.597
2012-05-10-07_38_49.677,4,7,9,0,-60.860,-38.218,20.597
2012-05-10-07_38_49.679,4,0,9,1,-2.187,-38.291,20.700
2012-05-10-07_38_49.681,4,0,9,1,-2.169,-38.177,20.700
2012-05-10-07_38_49.683,4,1,9,1,-11.189,-38.289,20.400
2012-05-10-07_38_49.685,4,1,9,1,-11.275,-38.323,20.300
2012-05-10-07_38_49.687,4,2,9,1,-20.155,-38.238,20.300
2012-05-10-07_38_49.689,4,2,9,1,-20.223,-38.159,20.300
2012-05-10-07_38_49.691,4,3,9,1,-29.129,-38.321,20.400
2012-05-10-07_38_49.693,4,3,9,1,-29.111,-38.208,20.400
2012-05-10-07_38_49.695,4,4,9,1,-38.195,-38.285,20.400
2012-05-10-07_38_49.696,4,4,9,1,-38.177,-38.171,20.400
2012-05-10-07_38_49.698,4,5,9,1,-47.169,-38.304,20.100
2012-05-10-07_38_49.700,4,5,9,1,-47.151,-38.191,19.900
2012-05-10-07_38_49.702,4,6,9,1,-56.210,-38.299,20.300
2012-05-10-07_38_49.704,4,6,9,1,-56.192,-38.185,20.300
2012-05-10-07_38_49.706,4,7,9,1,-65.249,-38.293,20.500
2012-05-10-07_38_49.708,4,7,9,1,-65.231,-38.180,20.600
2012-05-10-07_38_49.710,4,0,10,0,2.258,-42.784,20.620
2012-05-10-07_38_49.712,4,0,10,0,2.195,-42.715,20.620
2012-05-10-07_38_49.714,4,1,10,0,-6.763,-42.896,20.120
2012-05-10-07_38_49.716,4,1,10,0,-6.826,-42.827,20.220
2012-05-10-07_38_49.717,4,2,10,0,-15.710,-42.732,20.220
2012-05-10-07_38_49.719,4,2,10,0,-15.773,-42.663,20.320
2012-05-10-07_38_49.721,4,3,10,0,-24.685,-42.814,20.320
2012-05-10-07_38_49.723,4,3,10,0,-24.748,-42.746,20.320
2012-05-10-07_38_49.725,4,4,10,0,-33.750,-42.778,20.320
2012-05-10-07_38_49.729,4,4,10,0,-33.813,-42.709,20.320
2012-05-10-07_38_49.731,4,5,10,0,-42.724,-42.798,20.020
2012-05-10-07_38_49.733,4,5,10,0,-42.787,-42.729,19.920
2012-05-10-07_38_49.734,4,6,10,0,-51.765,-42.792,20.220
2012-05-10-07_38_49.736,4,6,10,0,-51.828,-42.723,20.320
2012-05-10-07_38_49.738,4,7,10,0,-60.805,-42.787,20.620
2012-05-10-07_38_49.740,4,7,10,0,-60.868,-42.718,20.520
2012-05-10-07_38_49.742,4,0,10,1,-2.197,-42.788,20.624
2012-05-10-07_38_49.744,4,0,10,1,-2.169,-42.677,20.624
2012-05-10-07_38_49.746,4,1,10,1,-11.190,-42.789,20.324
2012-05-10-07_38_49.748,4,1,10,1,-11.283,-42.821,20.323
2012-05-10-07_38_49.750,4,2,10,1,-20.165,-42.736,20.324
2012-05-10-07_38_49.752,4,2,10,1,-20.230,-42.657,20.323
2012-05-10-07_38_49.754,4,3,10,1,-29.139,-42.819,20.424
2012-05-10-07_38_49.756,4,3,10,1,-29.112,-42.707,20.424
2012-05-10-07_38_49.758,4,4,10,1,-38.205,-42.782,20.324
2012-05-10-07_38_49.759,4,4,10,1,-38.177,-42.671,20.324
2012-05-10-07_38_49.761,4,5,10,1,-47.179,-42.802,20.124
2012-05-10-07_38_49.773,4,5,10,1,-47.151,-42.690,19.924
2012-05-10-07_38_49.775,4,6,10,1,-56.220,-42.796,20.324
2012-05-10-07_38_49.777,4,6,10,1,-56.192,-42.685,20.324
2012-05-10-07_38_49.779,4,7,10,1,-65.259,-42.791,20.524
2012-05-10-07_38_49.781,4,7,10,1,-65.232,-42.679,20.624
2012-05-10-07_38_49.783,4,0,11,0,2.265,-47.281,20.643
2012-05-10-07_38_49.785,4,0,11,0,2.197,-47.213,20.643
2012-05-10-07_38_49.787,4,1,11,0,-6.756,-47.393,20.143
2012-05-10-07_38_49.789,4,1,11,0,-6.824,-47.325,20.243
2012-05-10-07_38_49.791,4,2,11,0,-15.703,-47.229,20.243
2012-05-10-07_38_49.793,4,2,11,0,-15.771,-47.161,20.343
2012-05-10-07_38_49.794,4,3,11,0,-24.678,-47.312,20.343
2012-05-10-07_38_49.796,4,3,11,0,-24.746,-47.244,20.343
2012-05-10-07_38_49.798,4,4,11,0,-33.743,-47.275,20.343
2012-05-10-07_38_49.800,4,4,11,0,-33.811,-47.207,20.343
2012-05-10-07_38_49.802,4,5,11,0,-42.717,-47.295,19.943
2012-05-10-07_38_49.804,4,5,11,0,-42.785,-47.227,19.943
2012-05-10-07_38_49.806,4,6,11,0,-51.758,-47.289,20.243
2012-05-10-07_38_49.808,4,6,11,0,-51.826,-47.221,20.243
2012-05-10-07_38_49.810,4,7,11,0,-60.798,-47.284,20.543
2012-05-10-07_38_49.812,4,7,11,0,-60.866,-47.216,20.543
2012-05-10-07_38_49.814,4,0,11,1,-2.190,-47.287,20.647
2012-05-10-07_38_49.816,4,0,11,1,-2.170,-47.173,20.646
2012-05-10-07_38_49.818,4,1,11,1,-11.190,-47.285,20.346
2012-05-10-07_38_49.819,4,1,11,1,-11.278,-47.318,20.346
2012-05-10-07_38_49.821,4,2,11,1,-20.158,-47.234,20.347
2012-05-10-07_38_49.824,4,2,11,1,-20.226,-47.154,20.346
2012-05-10-07_38_49.826,4,3,11,1,-29.133,-47.317,20.347
2012-05-10-07_38_49.828,4,3,11,1,-29.112,-47.204,20.446
2012-05-10-07_38_49.830,4,4,11,1,-38.198,-47.281,20.347
2012-05-10-07_38_49.832,4,4,11,1,-38.178,-47.167,20.346
2012-05-10-07_38_49.834,4,5,11,1,-47.172,-47.300,20.147
2012-05-10-07_38_49.836,4,5,11,1,-47.152,-47.187,19.946
2012-05-10-07_38_49.838,4,6,11,1,-56.213,-47.295,20.347
2012-05-10-07_38_49.840,4,6,11,1,-56.192,-47.181,20.346
2012-05-10-07_38_49.842,4,7,11,1,-65.252,-47.289,20.547
2012-05-10-07_38_49.843,4,7,11,1,-65.232,-47.176,20.646
2012-05-10-07_38_49.845,4,0,12,0,2.269,-51.780,20.666
2012-05-10-07_38_49.847,4,0,12,0,2.204,-51.721,20.566
2012-05-10-07_38_49.849,4,1,12,0,-6.751,-51.892,20.166
2012-05-10-07_38_49.851,4,1,12,0,-6.817,-51.833,20.166
2012-05-10-07_38_49.853,4,2,12,0,-15.699,-51.728,20.266
2012-05-10-07_38_49.855,4,2,12,0,-15.764,-51.669,20.266
2012-05-10-07_38_49.857,4,3,12,0,-24.673,-51.810,20.366
2012-05-10-07_38_49.859,4,3,12,0,-24.739,-51.752,20.366
2012-05-10-07_38_49.861,4,4,12,0,-33.739,-51.774,20.366
2012-05-10-07_38_49.863,4,4,12,0,-33.804,-51.715,20.366
2012-05-10-07_38_49.865,4,5,12,0,-42.713,-51.794,19.966
2012-05-10-07_38_49.866,4,5,12,0,-42.778,-51.735,19.866
2012-05-10-07_38_49.868,4,6,12,0,-51.754,-51.788,20.266
2012-05-10-07_38_49.870,4,6,12,0,-51.819,-51.729,20.266
2012-05-10-07_38_49.872,4,7,12,0,-60.793,-51.783,20.566
2012-05-10-07_38_49.874,4,7,12,0,-60.859,-51.724,20.566
2012-05-10-07_38_49.876,4,0,12,1,-2.193,-51.787,20.670
2012-05-10-07_38_49.878,4,0,12,1,-2.170,-51.674,20.669
2012-05-10-07_38_49.880,4,1,12,1,-11.191,-51.785,20.269
2012-05-10-07_38_49.882,4,1,12,1,-11.272,-51.827,20.269
2012-05-10-07_38_49.884,4,2,12,1,-20.161,-51.734,20.370
2012-05-10-07_38_49.886,4,2,12,1,-20.219,-51.663,20.269
2012-05-10-07_38_49.888,4,3,12,1,-29.135,-51.817,20.370
2012-05-10-07_38_49.890,4,3,12,1,-29.113,-51.704,20.469
2012-05-10-07_38_49.891,4,4,12,1,-38.201,-51.781,20.370
2012-05-10-07_38_49.893,4,4,12,1,-38.178,-51.667,20.369
2012-05-10-07_38_49.895,4,5,12,1,-47.175,-51.800,20.070
2012-05-10-07_38_49.897,4,5,12,1,-47.152,-51.687,20.069
2012-05-10-07_38_49.899,4,6,12,1,-56.216,-51.795,20.370
2012-05-10-07_38_49.901,4,6,12,1,-56.193,-51.681,20.269
2012-05-10-07_38_49.903,4,7,12,1,-65.255,-51.789,20.570
2012-05-10-07_38_49.905,4,7,12,1,-65.233,-51.676,20.569
2012-05-10-07_38_49.907,4,0,13,0,2.271,-56.282,20.590
2012-05-10-07_38_49.909,4,0,13,0,2.203,-56.220,20.590
2012-05-10-07_38_49.911,4,1,13,0,-6.749,-56.394,20.090
2012-05-10-07_38_49.913,4,1,13,0,-6.817,-56.332,20.190
2012-05-10-07_38_49.915,4,2,13,0,-15.697,-56.230,20.190
2012-05-10-07_38_49.917,4,2,13,0,-15.765,-56.167,20.290
2012-05-10-07_38_49.919,4,3,13,0,-24.671,-56.312,20.290
2012-05-10-07_38_49.921,4,3,13,0,-24.739,-56.250,20.290
2012-05-10-07_38_49.922,4,4,13,0,-33.737,-56.276,20.390
2012-05-10-07_38_49.924,4,4,13,0,-33.805,-56.214,20.390
2012-05-10-07_38_49.926,4,5,13,0,-42.711,-56.296,19.990
2012-05-10-07_38_49.928,4,5,13,0,-42.779,-56.233,19.890
2012-05-10-07_38_49.930,4,6,13,0,-51.752,-56.290,20.290
2012-05-10-07_38_49.932,4,6,13,0,-51.819,-56.228,20.290
2012-05-10-07_38_49.934,4,7,13,0,-60.791,-56.285,20.490
2012-05-10-07_38_49.936,4,7,13,0,-60.859,-56.222,20.490
2012-05-10-07_38_49.938,4,0,13,1,-2.186,-56.287,20.694
2012-05-10-07_38_49.940,4,0,13,1,-2.171,-56.175,20.693
2012-05-10-07_38_49.942,4,1,13,1,-11.191,-56.287,20.393
2012-05-10-07_38_49.944,4,1,13,1,-11.274,-56.326,20.293
2012-05-10-07_38_49.946,4,2,13,1,-20.154,-56.235,20.294
2012-05-10-07_38_49.947,4,2,13,1,-20.222,-56.162,20.293
2012-05-10-07_38_49.949,4,3,13,1,-29.129,-56.318,20.394
2012-05-10-07_38_49.951,4,3,13,1,-29.113,-56.205,20.393
2012-05-10-07_38_49.953,4,4,13,1,-38.194,-56.281,20.394
2012-05-10-07_38_49.955,4,4,13,1,-38.179,-56.169,20.393
2012-05-10-07_38_49.958,4,5,13,1,-47.168,-56.301,20.094
2012-05-10-07_38_49.959,4,5,13,1,-47.153,-56.188,19.993
2012-05-10-07_38_49.961,4,6,13,1,-56.209,-56.295,20.394
2012-05-10-07_38_49.963,4,6,13,1,-56.193,-56.183,20.393
2012-05-10-07_38_49.965,4,7,13,1,-65.248,-56.290,20.594
2012-05-10-07_38_49.967,4,7,13,1,-65.233,-56.177,20.593
2012-05-10-07_38_49.969,4,0,14,0,2.273,-60.785,20.613
2012-05-10-07_38_49.971,4,0,14,0,2.198,-60.716,20.613
2012-05-10-07_38_49.973,4,1,14,0,-6.747,-60.897,20.213
2012-05-10-07_38_49.975,4,1,14,0,-6.823,-60.828,20.213
2012-05-10-07_38_49.977,4,2,14,0,-15.695,-60.732,20.313
2012-05-10-07_38_49.979,4,2,14,0,-15.770,-60.663,20.313
2012-05-10-07_38_49.980,4,3,14,0,-24.669,-60.815,20.313
2012-05-10-07_38_49.982,4,3,14,0,-24.745,-60.746,20.313
2012-05-10-07_38_49.984,4,4,14,0,-33.735,-60.779,20.313
2012-05-10-07_38_49.986,4,4,14,0,-33.810,-60.710,20.313
2012-05-10-07_38_49.988,4,5,14,0,-42.709,-60.798,20.013
2012-05-10-07_38_49.990,4,5,14,0,-42.784,-60.729,19.913
2012-05-10-07_38_49.992,4,6,14,0,-51.750,-60.793,20.313
2012-05-10-07_38_49.994,4,6,14,0,-51.825,-60.724,20.313
2012-05-10-07_38_49.996,4,7,14,0,-60.789,-60.787,20.513
2012-05-10-07_38_49.998,4,7,14,0,-60.864,-60.718,20.513
2012-05-10-07_38_49.999,4,0,14,1,-2.189,-60.791,20.716
2012-05-10-07_38_50.001,4,0,14,1,-2.181,-60.678,20.716
2012-05-10-07_38_50.003,4,1,14,1,-11.201,-60.790,20.416
2012-05-10-07_38_50.005,4,1,14,1,-11.267,-60.824,20.316
2012-05-10-07_38_50.007,4,2,14,1,-20.157,-60.738,20.316
2012-05-10-07_38_50.009,4,2,14,1,-20.215,-60.660,20.316
2012-05-10-07_38_50.011,4,3,14,1,-29.131,-60.821,20.416
2012-05-10-07_38_50.013,4,3,14,1,-29.123,-60.708,20.416
2012-05-10-07_38_50.015,4,4,14,1,-38.197,-60.785,20.316
2012-05-10-07_38_50.017,4,4,14,1,-38.189,-60.672,20.316
2012-05-10-07_38_50.020,4,5,14,1,-47.171,-60.804,20.116
2012-05-10-07_38_50.022,4,5,14,1,-47.163,-60.691,20.016
2012-05-10-07_38_50.024,4,6,14,1,-56.212,-60.799,20.316
2012-05-10-07_38_50.025,4,6,14,1,-56.203,-60.686,20.416
2012-05-10-07_38_50.027,4,7,14,1,-65.251,-60.793,20.616
2012-05-10-07_38_50.029,4,7,14,1,-65.243,-60.680,20.616
2012-05-10-07_38_50.031,4,0,15,0,2.270,-65.286,20.637
2012-05-10-07_38_50.033,4,0,15,0,2.202,-65.216,20.637
2012-05-10-07_38_50.035,4,1,15,0,-6.750,-65.398,20.237
2012-05-10-07_38_50.037,4,1,15,0,-6.818,-65.327,20.237
2012-05-10-07_38_50.039,4,2,15,0,-15.698,-65.233,20.337
2012-05-10-07_38_50.041,4,2,15,0,-15.766,-65.163,20.237
2012-05-10-07_38_50.043,4,3,15,0,-24.672,-65.316,20.337
2012-05-10-07_38_50.045,4,3,15,0,-24.740,-65.246,20.337
2012-05-10-07_38_50.047,4,4,15,0,-33.738,-65.280,20.337
2012-05-10-07_38_50.049,4,4,15,0,-33.806,-65.210,20.337
2012-05-10-07_38_50.051,4,5,15,0,-42.712,-65.299,20.037
2012-05-10-07_38_50.053,4,5,15,0,-42.780,-65.229,19.937
2012-05-10-07_38_50.054,4,6,15,0,-51.752,-65.294,20.337
2012-05-10-07_38_50.056,4,6,15,0,-51.820,-65.224,20.337
2012-05-10-07_38_50.058,4,7,15,0,-60.792,-65.288,20.537
2012-05-10-07_38_50.060,4,7,15,0,-60.860,-65.218,20.537
2012-05-10-07_38_50.062,4,0,15,1,-2.192,-65.289,20.741
2012-05-10-07_38_50.064,4,0,15,1,-2.174,-65.178,20.740
2012-05-10-07_38_50.066,4,1,15,1,-11.194,-65.289,20.340
2012-05-10-07_38_50.068,4,1,15,1,-11.270,-65.322,20.340
2012-05-10-07_38_50.070,4,2,15,1,-20.160,-65.236,20.341
2012-05-10-07_38_50.072,4,2,15,1,-20.218,-65.158,20.340
2012-05-10-07_38_50.074,4,3,15,1,-29.134,-65.319,20.441
2012-05-10-07_38_50.076,4,3,15,1,-29.116,-65.208,20.440
2012-05-10-07_38_50.078,4,4,15,1,-38.200,-65.283,20.341
2012-05-10-07_38_50.080,4,4,15,1,-38.182,-65.171,20.440
2012-05-10-07_38_50.082,4,5,15,1,-47.174,-65.302,20.141
2012-05-10-07_38_50.084,4,5,15,1,-47.156,-65.191,20.040
2012-05-10-07_38_50.086,4,6,15,1,-56.214,-65.297,20.341
2012-05-10-07_38_50.088,4,6,15,1,-56.197,-65.186,20.440
2012-05-10-07_38_50.090,4,7,15,1,-65.254,-65.291,20.641
2012-05-10-07_38_50.092,4,7,15,1,-65.236,-65.180,20.640
2012-05-10-07_38_50.093,4,0,16,0,2.272,-69.782,20.660
2012-05-10-07_38_50.095,4,0,16,0,2.209,-69.714,20.660
2012-05-10-07_38_50.097,4,1,16,0,-6.748,-69.894,20.260
2012-05-10-07_38_50.099,4,1,16,0,-6.811,-69.826,20.360
2012-05-10-07_38_50.101,4,2,16,0,-15.696,-69.729,20.360
2012-05-10-07_38_50.103,4,2,16,0,-15.759,-69.662,20.360
2012-05-10-07_38_50.105,4,3,16,0,-24.670,-69.812,20.360
2012-05-10-07_38_50.107,4,3,16,0,-24.733,-69.745,20.360
2012-05-10-07_38_50.109,4,4,16,0,-33.736,-69.776,20.360
2012-05-10-07_38_50.111,4,4,16,0,-33.799,-69.708,20.360
2012-05-10-07_38_50.113,4,5,16,0,-42.710,-69.795,20.060
2012-05-10-07_38_50.115,4,5,16,0,-42.773,-69.728,20.060
2012-05-10-07_38_50.117,4,6,16,0,-51.750,-69.790,20.360
2012-05-10-07_38_50.119,4,6,16,0,-51.813,-69.722,20.360
2012-05-10-07_38_50.121,4,7,16,0,-60.790,-69.784,20.560
2012-05-10-07_38_50.123,4,7,16,0,-60.853,-69.717,20.560
2012-05-10-07_38_50.124,4,0,16,1,-2.195,-69.784,20.764
2012-05-10-07_38_50.126,4,0,16,1,-2.184,-69.675,20.764
2012-05-10-07_38_50.128,4,1,16,1,-11.205,-69.787,20.364
2012-05-10-07_38_50.130,4,1,16,1,-11.273,-69.820,20.363
2012-05-10-07_38_50.132,4,2,16,1,-20.163,-69.732,20.364
2012-05-10-07_38_50.134,4,2,16,1,-20.221,-69.655,20.363
2012-05-10-07_38_50.136,4,3,16,1,-29.137,-69.815,20.464
2012-05-10-07_38_50.138,4,3,16,1,-29.127,-69.705,20.464
2012-05-10-07_38_50.140,4,4,16,1,-38.203,-69.778,20.364
2012-05-10-07_38_50.142,4,4,16,1,-38.192,-69.669,20.364
2012-05-10-07_38_50.144,4,5,16,1,-47.177,-69.798,20.164
2012-05-10-07_38_50.146,4,5,16,1,-47.166,-69.688,20.064
2012-05-10-07_38_50.148,4,6,16,1,-56.217,-69.792,20.464
2012-05-10-07_38_50.150,4,6,16,1,-56.207,-69.683,20.464
2012-05-10-07_38_50.151,4,7,16,1,-65.257,-69.787,20.664
2012-05-10-07_38_50.153,4,7,16,1,-65.246,-69.677,20.664
2012-05-10-07_38_50.155,4,0,17,0,2.269,-74.280,20.683
2012-05-10-07_38_50.157,4,0,17,0,2.209,-74.223,20.583
2012-05-10-07_38_50.159,4,1,17,0,-6.751,-74.392,20.283
2012-05-10-07_38_50.161,4,1,17,0,-6.812,-74.335,20.383
2012-05-10-07_38_50.163,4,2,17,0,-15.698,-74.228,20.283
2012-05-10-07_38_50.165,4,2,17,0,-15.759,-74.171,20.283
2012-05-10-07_38_50.167,4,3,17,0,-24.673,-74.310,20.283
2012-05-10-07_38_50.169,4,3,17,0,-24.734,-74.253,20.383
2012-05-10-07_38_50.170,4,4,17,0,-33.739,-74.274,20.383
2012-05-10-07_38_50.172,4,4,17,0,-33.799,-74.217,20.283
2012-05-10-07_38_50.175,4,5,17,0,-42.713,-74.294,19.983
2012-05-10-07_38_50.177,4,5,17,0,-42.773,-74.236,19.983
2012-05-10-07_38_50.179,4,6,17,0,-51.753,-74.288,20.383
2012-05-10-07_38_50.181,4,6,17,0,-51.814,-74.231,20.383
2012-05-10-07_38_50.183,4,7,17,0,-60.793,-74.283,20.583
2012-05-10-07_38_50.184,4,7,17,0,-60.853,-74.225,20.583
2012-05-10-07_38_50.186,4,0,17,1,-2.200,-74.286,20.686
2012-05-10-07_38_50.188,4,0,17,1,-2.175,-74.175,20.686
2012-05-10-07_38_50.190,4,1,17,1,-11.195,-74.287,20.486
2012-05-10-07_38_50.192,4,1,17,1,-11.276,-74.328,20.486
2012-05-10-07_38_50.194,4,2,17,1,-20.168,-74.233,20.486
2012-05-10-07_38_50.196,4,2,17,1,-20.224,-74.163,20.386
2012-05-10-07_38_50.198,4,3,17,1,-29.142,-74.316,20.486
2012-05-10-07_38_50.200,4,3,17,1,-29.117,-74.205,20.486
2012-05-10-07_38_50.202,4,4,17,1,-38.208,-74.280,20.386
2012-05-10-07_38_50.204,4,4,17,1,-38.183,-74.169,20.386
2012-05-10-07_38_50.205,4,5,17,1,-47.182,-74.299,20.186
2012-05-10-07_38_50.207,4,5,17,1,-47.157,-74.188,20.086
2012-05-10-07_38_50.209,4,6,17,1,-56.223,-74.294,20.486
2012-05-10-07_38_50.211,4,6,17,1,-56.197,-74.183,20.486
2012-05-10-07_38_50.213,4,7,17,1,-65.262,-74.288,20.686
2012-05-10-07_38_50.216,4,7,17,1,-65.237,-74.177,20.686
2012-05-10-07_38_50.218,4,0,18,0,2.264,-78.781,20.606
2012-05-10-07_38_50.220,4,0,18,0,2.208,-78.720,20.606
2012-05-10-07_38_50.222,4,1,18,0,-6.756,-78.893,20.406
2012-05-10-07_38_50.223,4,1,18,0,-6.812,-78.832,20.406
2012-05-10-07_38_50.225,4,2,18,0,-15.704,-78.729,20.306
2012-05-10-07_38_50.227,4,2,18,0,-15.759,-78.668,20.306
2012-05-10-07_38_50.229,4,3,18,0,-24.678,-78.811,20.406
2012-05-10-07_38_50.231,4,3,18,0,-24.734,-78.751,20.306
2012-05-10-07_38_50.233,4,4,18,0,-33.744,-78.775,20.406
2012-05-10-07_38_50.235,4,4,18,0,-33.800,-78.714,20.306
2012-05-10-07_38_50.237,4,5,18,0,-42.718,-78.795,20.006
2012-05-10-07_38_50.239,4,5,18,0,-42.774,-78.734,20.006
2012-05-10-07_38_50.241,4,6,18,0,-51.759,-78.789,20.406
2012-05-10-07_38_50.243,4,6,18,0,-51.814,-78.728,20.406
2012-05-10-07_38_50.245,4,7,18,0,-60.798,-78.784,20.606
2012-05-10-07_38_50.247,4,7,18,0,-60.854,-78.723,20.606
2012-05-10-07_38_50.248,4,0,18,1,-2.198,-78.789,20.710
2012-05-10-07_38_50.250,4,0,18,1,-2.178,-78.676,20.710
2012-05-10-07_38_50.252,4,1,18,1,-11.198,-78.788,20.510
2012-05-10-07_38_50.254,4,1,18,1,-11.276,-78.827,20.509
2012-05-10-07_38_50.256,4,2,18,1,-20.166,-78.736,20.410
2012-05-10-07_38_50.258,4,2,18,1,-20.224,-78.662,20.409
2012-05-10-07_38_50.260,4,3,18,1,-29.140,-78.819,20.510
2012-05-10-07_38_50.262,4,3,18,1,-29.120,-78.707,20.510
2012-05-10-07_38_50.264,4,4,18,1,-38.206,-78.783,20.410
2012-05-10-07_38_50.265,4,4,18,1,-38.186,-78.670,20.410
2012-05-10-07_38_50.267,4,5,18,1,-47.180,-78.802,20.110
2012-05-10-07_38_50.269,4,5,18,1,-47.160,-78.690,20.110
2012-05-10-07_38_50.271,4,6,18,1,-56.221,-78.797,20.410
2012-05-10-07_38_50.273,4,6,18,1,-56.200,-78.684,20.510
2012-05-10-07_38_50.275,4,7,18,1,-65.260,-78.791,20.610
2012-05-10-07_38_50.277,4,7,18,1,-65.240,-78.679,20.710
2012-05-10-07_38_50.279,4,0,19,0,2.266,-83.284,20.629
2012-05-10-07_38_50.281,4,0,19,0,2.201,-83.217,20.529
2012-05-10-07_38_50.283,4,1,19,0,-6.754,-83.396,20.429
2012-05-10-07_38_50.285,4,1,19,0,-6.820,-83.329,20.429
2012-05-10-07_38_50.287,4,2,19,0,-15.702,-83.232,20.329
2012-05-10-07_38_50.288,4,2,19,0,-15.767,-83.164,20.329
2012-05-10-07_38_50.290,4,3,19,0,-24.676,-83.315,20.329
2012-05-10-07_38_50.292,4,3,19,0,-24.742,-83.247,20.429
2012-05-10-07_38_50.294,4,4,19,0,-33.742,-83.278,20.329
2012-05-10-07_38_50.296,4,4,19,0,-33.807,-83.211,20.329
2012-05-10-07_38_50.298,4,5,19,0,-42.716,-83.298,20.029
2012-05-10-07_38_50.300,4,5,19,0,-42.781,-83.230,19.929
2012-05-10-07_38_50.302,4,6,19,0,-51.757,-83.292,20.329
2012-05-10-07_38_50.304,4,6,19,0,-51.822,-83.225,20.329
2012-05-10-07_38_50.306,4,7,19,0,-60.796,-83.287,20.629
2012-05-10-07_38_50.308,4,7,19,0,-60.862,-83.219,20.629
2012-05-10-07_38_50.310,4,0,19,1,-2.203,-83.291,20.732
2012-05-10-07_38_50.312,4,0,19,1,-2.183,-83.179,20.732
2012-05-10-07_38_50.314,4,1,19,1,-11.203,-83.291,20.532
2012-05-10-07_38_50.316,4,1,19,1,-11.287,-83.324,20.532
2012-05-10-07_38_50.318,4,2,19,1,-20.171,-83.239,20.432
2012-05-10-07_38_50.320,4,2,19,1,-20.234,-83.160,20.432
2012-05-10-07_38_50.322,4,3,19,1,-29.146,-83.322,20.532
2012-05-10-07_38_50.323,4,3,19,1,-29.125,-83.210,20.532
2012-05-10-07_38_50.325,4,4,19,1,-38.211,-83.285,20.432
2012-05-10-07_38_50.327,4,4,19,1,-38.191,-83.173,20.432
2012-05-10-07_38_50.329,4,5,19,1,-47.185,-83.305,20.132
2012-05-10-07_38_50.331,4,5,19,1,-47.165,-83.193,20.132
2012-05-10-07_38_50.333,4,6,19,1,-56.226,-83.299,20.432
2012-05-10-07_38_50.335,4,6,19,1,-56.206,-83.187,20.432
2012-05-10-07_38_50.337,4,7,19,1,-65.266,-83.294,20.732
2012-05-10-07_38_50.339,4,7,19,1,-65.245,-83.182,20.732
2012-05-10-07_38_50.341,4,0,20,0,2.258,-87.784,20.551
2012-05-10-07_38_50.343,4,0,20,0,2.208,-87.716,20.552
2012-05-10-07_38_50.345,4,1,20,0,-6.762,-87.896,20.351
2012-05-10-07_38_50.347,4,1,20,0,-6.813,-87.827,20.352
2012-05-10-07_38_50.349,4,2,20,0,-15.710,-87.731,20.351
2012-05-10-07_38_50.351,4,2,20,0,-15.760,-87.663,20.252
2012-05-10-07_38_50.353,4,3,20,0,-24.684,-87.814,20.351
2012-05-10-07_38_50.354,4,3,20,0,-24.735,-87.746,20.352
2012-05-10-07_38_50.356,4,4,20,0,-33.750,-87.778,20.351
2012-05-10-07_38_50.358,4,4,20,0,-33.800,-87.710,20.352
2012-05-10-07_38_50.360,4,5,20,0,-42.724,-87.797,19.951
2012-05-10-07_38_50.362,4,5,20,0,-42.774,-87.729,19.852
2012-05-10-07_38_50.364,4,6,20,0,-51.764,-87.792,20.351
2012-05-10-07_38_50.366,4,6,20,0,-51.815,-87.724,20.352
2012-05-10-07_38_50.368,4,7,20,0,-60.804,-87.786,20.551
2012-05-10-07_38_50.370,4,7,20,0,-60.855,-87.718,20.652
2012-05-10-07_38_50.372,4,0,20,1,-2.194,-87.789,20.754
2012-05-10-07_38_50.374,4,0,20,1,-2.186,-87.678,20.654
2012-05-10-07_38_50.376,4,1,20,1,-11.206,-87.790,20.554
2012-05-10-07_38_50.378,4,1,20,1,-11.285,-87.821,20.554
2012-05-10-07_38_50.380,4,2,20,1,-20.162,-87.736,20.454
2012-05-10-07_38_50.381,4,2,20,1,-20.232,-87.657,20.454
2012-05-10-07_38_50.383,4,3,20,1,-29.136,-87.819,20.454
2012-05-10-07_38_50.385,4,3,20,1,-29.128,-87.709,20.554
2012-05-10-07_38_50.387,4,4,20,1,-38.202,-87.783,20.454
2012-05-10-07_38_50.389,4,4,20,1,-38.194,-87.672,20.354
2012-05-10-07_38_50.391,4,5,20,1,-47.176,-87.802,20.154
2012-05-10-07_38_50.394,4,5,20,1,-47.168,-87.692,20.054
2012-05-10-07_38_50.396,4,6,20,1,-56.217,-87.797,20.454
2012-05-10-07_38_50.397,4,6,20,1,-56.208,-87.686,20.454
2012-05-10-07_38_50.399,4,7,20,1,-65.256,-87.791,20.754
2012-05-10-07_38_50.401,4,7,20,1,-65.248,-87.681,20.754
2012-05-10-07_38_50.403,4,0,21,0,2.260,-92.282,20.575
2012-05-10-07_38_50.405,4,0,21,0,2.197,-92.214,20.575
2012-05-10-07_38_50.407,4,1,21,0,-6.760,-92.394,20.475
2012-05-10-07_38_50.409,4,1,21,0,-6.823,-92.326,20.475
2012-05-10-07_38_50.412,4,2,21,0,-15.707,-92.229,20.275
2012-05-10-07_38_50.414,4,2,21,0,-15.770,-92.162,20.275
2012-05-10-07_38_50.416,4,3,21,0,-24.682,-92.312,20.375
2012-05-10-07_38_50.418,4,3,21,0,-24.745,-92.244,20.375
2012-05-10-07_38_50.420,4,4,21,0,-33.748,-92.276,20.375
2012-05-10-07_38_50.422,4,4,21,0,-33.811,-92.208,20.275
2012-05-10-07_38_50.423,4,5,21,0,-42.722,-92.295,19.875
2012-05-10-07_38_50.425,4,5,21,0,-42.785,-92.228,19.875
2012-05-10-07_38_50.427,4,6,21,0,-51.762,-92.290,20.375
2012-05-10-07_38_50.429,4,6,21,0,-51.825,-92.222,20.275
2012-05-10-07_38_50.431,4,7,21,0,-60.802,-92.284,20.675
2012-05-10-07_38_50.433,4,7,21,0,-60.865,-92.217,20.675
2012-05-10-07_38_50.435,4,0,21,1,-2.202,-92.286,20.778
2012-05-10-07_38_50.437,4,0,21,1,-2.179,-92.174,20.678
2012-05-10-07_38_50.439,4,1,21,1,-11.199,-92.285,20.678
2012-05-10-07_38_50.441,4,1,21,1,-11.287,-92.319,20.578
2012-05-10-07_38_50.442,4,2,21,1,-20.170,-92.234,20.378
2012-05-10-07_38_50.444,4,2,21,1,-20.235,-92.155,20.378
2012-05-10-07_38_50.446,4,3,21,1,-29.144,-92.317,20.578
2012-05-10-07_38_50.448,4,3,21,1,-29.121,-92.204,20.578
2012-05-10-07_38_50.450,4,4,21,1,-38.210,-92.280,20.478
2012-05-10-07_38_50.452,4,4,21,1,-38.187,-92.168,20.378
2012-05-10-07_38_50.454,4,5,21,1,-47.184,-92.300,20.178
2012-05-10-07_38_50.456,4,5,21,1,-47.161,-92.187,20.078
2012-05-10-07_38_50.458,4,6,21,1,-56.224,-92.294,20.378
2012-05-10-07_38_50.460,4,6,21,1,-56.202,-92.182,20.378
2012-05-10-07_38_50.462,4,7,21,1,-65.264,-92.289,20.778
2012-05-10-07_38_50.463,4,7,21,1,-65.241,-92.176,20.778
2012-05-10-07_38_50.465,4,0,22,0,2.253,-96.781,20.599
2012-05-10-07_38_50.467,4,0,22,0,2.194,-96.723,20.599
2012-05-10-07_38_50.469,4,1,22,0,-6.768,-96.893,20.399
2012-05-10-07_38_50.471,4,1,22,0,-6.826,-96.835,20.399
2012-05-10-07_38_50.473,4,2,22,0,-15.715,-96.728,20.299
2012-05-10-07_38_50.475,4,2,22,0,-15.773,-96.671,20.299
2012-05-10-07_38_50.477,4,3,22,0,-24.690,-96.811,20.399
2012-05-10-07_38_50.479,4,3,22,0,-24.748,-96.753,20.399
2012-05-10-07_38_50.481,4,4,22,0,-33.755,-96.775,20.299
2012-05-10-07_38_50.483,4,4,22,0,-33.814,-96.717,20.299
2012-05-10-07_38_50.485,4,5,22,0,-42.729,-96.794,19.899
2012-05-10-07_38_50.486,4,5,22,0,-42.788,-96.736,19.799
2012-05-10-07_38_50.488,4,6,22,0,-51.770,-96.789,20.199
2012-05-10-07_38_50.490,4,6,22,0,-51.828,-96.731,20.299
2012-05-10-07_38_50.492,4,7,22,0,-60.810,-96.783,20.599
2012-05-10-07_38_50.494,4,7,22,0,-60.868,-96.725,20.599
2012-05-10-07_38_50.496,4,0,22,1,-2.187,-96.786,20.801
2012-05-10-07_38_50.498,4,0,22,1,-2.170,-96.674,20.701
2012-05-10-07_38_50.500,4,1,22,1,-11.190,-96.786,20.601
2012-05-10-07_38_50.502,4,1,22,1,-11.281,-96.827,20.601
2012-05-10-07_38_50.504,4,2,22,1,-20.155,-96.733,20.401
2012-05-10-07_38_50.506,4,2,22,1,-20.228,-96.663,20.401
2012-05-10-07_38_50.508,4,3,22,1,-29.130,-96.816,20.501
2012-05-10-07_38_50.510,4,3,22,1,-29.112,-96.704,20.601
2012-05-10-07_38_50.511,4,4,22,1,-38.195,-96.780,20.501
2012-05-10-07_38_50.513,4,4,22,1,-38.178,-96.668,20.401
2012-05-10-07_38_50.515,4,5,22,1,-47.169,-96.799,20.201
2012-05-10-07_38_50.517,4,5,22,1,-47.152,-96.688,20.101
2012-05-10-07_38_50.519,4,6,22,1,-56.210,-96.794,20.401
2012-05-10-07_38_50.521,4,6,22,1,-56.192,-96.682,20.401
2012-05-10-07_38_50.523,4,7,22,1,-65.250,-96.788,20.801
2012-05-10-07_38_50.525,4,7,22,1,-65.232,-96.677,20.801
2012-05-10-07_38_50.527,4,0,23,0,2.262,-101.281,20.622
2012-05-10-07_38_50.529,4,0,23,0,2.201,-101.220,20.622
2012-05-10-07_38_50.531,4,1,23,0,-6.758,-101.393,20.322
2012-05-10-07_38_50.532,4,1,23,0,-6.819,-101.332,20.322
2012-05-10-07_38_50.534,4,2,23,0,-15.706,-101.229,20.222
2012-05-10-07_38_50.536,4,2,23,0,-15.766,-101.167,20.222
2012-05-10-07_38_50.538,4,3,23,0,-24.680,-101.311,20.322
2012-05-10-07_38_50.540,4,3,23,0,-24.741,-101.250,20.322
2012-05-10-07_38_50.542,4,4,23,0,-33.746,-101.275,20.322
2012-05-10-07_38_50.544,4,4,23,0,-33.807,-101.214,20.322
2012-05-10-07_38_50.546,4,5,23,0,-42.720,-101.295,19.822
2012-05-10-07_38_50.548,4,5,23,0,-42.781,-101.233,19.822
2012-05-10-07_38_50.550,4,6,23,0,-51.761,-101.289,20.222
2012-05-10-07_38_50.552,4,6,23,0,-51.821,-101.228,20.222
2012-05-10-07_38_50.554,4,7,23,0,-60.800,-101.284,20.622
2012-05-10-07_38_50.555,4,7,23,0,-60.861,-101.222,20.622
2012-05-10-07_38_50.557,4,0,23,1,-2.178,-101.280,20.622
2012-05-10-07_38_50.559,4,0,23,1,-2.168,-101.175,20.722
2012-05-10-07_38_50.561,4,1,23,1,-11.188,-101.287,20.722
2012-05-10-07_38_50.563,4,1,23,1,-11.281,-101.326,20.622
2012-05-10-07_38_50.565,4,2,23,1,-20.146,-101.228,20.422
2012-05-10-07_38_50.567,4,2,23,1,-20.228,-101.162,20.522
2012-05-10-07_38_50.569,4,3,23,1,-29.121,-101.311,20.622
2012-05-10-07_38_50.571,4,3,23,1,-29.110,-101.206,20.622
2012-05-10-07_38_50.573,4,4,23,1,-38.186,-101.274,20.322
2012-05-10-07_38_50.575,4,4,23,1,-38.176,-101.169,20.522
2012-05-10-07_38_50.576,4,5,23,1,-47.160,-101.294,19.922
2012-05-10-07_38_50.578,4,5,23,1,-47.150,-101.189,20.122
2012-05-10-07_38_50.580,4,6,23,1,-56.201,-101.288,20.422
2012-05-10-07_38_50.582,4,6,23,1,-56.190,-101.183,20.522
2012-05-10-07_38_50.584,4,7,23,1,-65.240,-101.283,20.822
2012-05-10-07_38_50.586,4,7,23,1,-65.230,-101.178,20.822
