2012-05-05-18_12_38.587,18,0,0,0,2.259,2.220,3.395
2012-05-05-18_12_38.588,18,1,0,0,-6.747,2.205,2.795
2012-05-05-18_12_38.589,18,2,0,0,-15.738,2.301,2.395
2012-05-05-18_12_38.590,18,3,0,0,-24.792,2.205,2.495
2012-05-05-18_12_38.591,18,4,0,0,-33.779,2.230,1.895
2012-05-05-18_12_38.592,18,5,0,0,-42.794,2.168,2.595
2012-05-05-18_12_38.592,18,6,0,0,-51.793,2.164,2.595
2012-05-05-18_12_38.593,18,7,0,0,-60.715,2.247,3.295
2012-05-05-18_12_38.593,18,0,0,1,-2.186,2.214,3.595
2012-05-05-18_12_38.594,18,1,0,1,-11.201,2.205,2.995
2012-05-05-18_12_38.595,18,2,0,1,-20.183,2.294,2.495
2012-05-05-18_12_38.596,18,3,0,1,-29.237,2.198,2.495
2012-05-05-18_12_38.597,18,4,0,1,-38.224,2.223,2.195
2012-05-05-18_12_38.597,18,5,0,1,-47.239,2.161,2.495
2012-05-05-18_12_38.598,18,6,0,1,-56.238,2.158,2.595
2012-05-05-18_12_38.598,18,7,0,1,-65.160,2.240,3.395
2012-05-05-18_12_38.599,18,0,1,0,2.271,-2.280,3.512
2012-05-05-18_12_38.600,18,1,1,0,-6.745,-2.290,3.012
2012-05-05-18_12_38.600,18,2,1,0,-15.726,-2.200,2.512
2012-05-05-18_12_38.601,18,3,1,0,-24.781,-2.295,2.612
2012-05-05-18_12_38.602,18,4,1,0,-33.768,-2.270,2.012
2012-05-05-18_12_38.603,18,5,1,0,-42.782,-2.333,2.412
2012-05-05-18_12_38.604,18,6,1,0,-51.781,-2.336,2.612
2012-05-05-18_12_38.605,18,7,1,0,-60.703,-2.254,3.212
2012-05-05-18_12_38.605,18,0,1,1,-2.188,-2.288,3.519
2012-05-05-18_12_38.606,18,1,1,1,-11.202,-2.288,3.119
2012-05-05-18_12_38.607,18,2,1,1,-20.186,-2.208,2.519
2012-05-05-18_12_38.608,18,3,1,1,-29.240,-2.304,2.519
2012-05-05-18_12_38.608,18,4,1,1,-38.227,-2.279,1.919
2012-05-05-18_12_38.618,18,5,1,1,-47.242,-2.341,2.419
2012-05-05-18_12_38.619,18,6,1,1,-56.241,-2.344,2.619
2012-05-05-18_12_38.620,18,7,1,1,-65.163,-2.262,3.319
2012-05-05-18_12_38.621,18,0,2,0,2.271,-6.785,3.529
2012-05-05-18_12_38.622,18,1,2,0,-6.743,-6.787,3.129
2012-05-05-18_12_38.623,18,2,2,0,-15.726,-6.705,2.529
2012-05-05-18_12_38.624,18,3,2,0,-24.781,-6.800,2.729
2012-05-05-18_12_38.625,18,4,2,0,-33.768,-6.775,2.129
2012-05-05-18_12_38.625,18,5,2,0,-42.783,-6.837,2.829
2012-05-05-18_12_38.626,18,6,2,0,-51.781,-6.841,2.629
2012-05-05-18_12_38.627,18,7,2,0,-60.703,-6.759,3.529
2012-05-05-18_12_38.628,18,0,2,1,-2.189,-6.792,3.536
2012-05-05-18_12_38.629,18,1,2,1,-11.202,-6.787,3.036
2012-05-05-18_12_38.629,18,2,2,1,-20.186,-6.712,2.536
2012-05-05-18_12_38.630,18,3,2,1,-29.241,-6.807,2.536
2012-05-05-18_12_38.630,18,4,2,1,-38.228,-6.782,2.136
2012-05-05-18_12_38.631,18,5,2,1,-47.242,-6.845,2.436
2012-05-05-18_12_38.632,18,6,2,1,-56.241,-6.848,2.636
2012-05-05-18_12_38.632,18,7,2,1,-65.163,-6.766,3.436
2012-05-05-18_12_38.633,18,0,3,0,2.270,-11.282,3.548
2012-05-05-18_12_38.633,18,1,3,0,-6.743,-11.285,3.148
2012-05-05-18_12_38.634,18,2,3,0,-15.727,-11.202,2.548
2012-05-05-18_12_38.635,18,3,3,0,-24.781,-11.297,2.648
2012-05-05-18_12_38.635,18,4,3,0,-33.769,-11.272,2.248
2012-05-05-18_12_38.636,18,5,3,0,-42.783,-11.335,2.648
2012-05-05-18_12_38.637,18,6,3,0,-51.782,-11.338,2.648
2012-05-05-18_12_38.638,18,7,3,0,-60.704,-11.256,3.248
2012-05-05-18_12_38.639,18,0,3,1,-2.189,-11.288,3.658
2012-05-05-18_12_38.639,18,1,3,1,-11.203,-11.285,3.158
2012-05-05-18_12_38.640,18,2,3,1,-20.186,-11.208,2.558
2012-05-05-18_12_38.641,18,3,3,1,-29.241,-11.303,2.558
2012-05-05-18_12_38.641,18,4,3,1,-38.228,-11.278,2.258
2012-05-05-18_12_38.642,18,5,3,1,-47.243,-11.340,2.558
2012-05-05-18_12_38.643,18,6,3,1,-56.241,-11.344,2.658
2012-05-05-18_12_38.643,18,7,3,1,-65.163,-11.262,3.258
2012-05-05-18_12_38.644,18,0,4,0,2.270,-15.782,3.573
2012-05-05-18_12_38.644,18,1,4,0,-6.741,-15.793,3.073
2012-05-05-18_12_38.645,18,2,4,0,-15.727,-15.702,2.473
2012-05-05-18_12_38.645,18,3,4,0,-24.782,-15.797,2.673
2012-05-05-18_12_38.646,18,4,4,0,-33.769,-15.772,1.873
2012-05-05-18_12_38.646,18,5,4,0,-42.784,-15.834,2.373
2012-05-05-18_12_38.647,18,6,4,0,-51.782,-15.838,2.573
2012-05-05-18_12_38.648,18,7,4,0,-60.704,-15.756,3.373
2012-05-05-18_12_38.649,18,0,4,1,-2.187,-15.788,3.582
2012-05-05-18_12_38.649,18,1,4,1,-11.203,-15.793,3.082
2012-05-05-18_12_38.650,18,2,4,1,-20.184,-15.708,2.582
2012-05-05-18_12_38.651,18,3,4,1,-29.239,-15.803,2.782
2012-05-05-18_12_38.651,18,4,4,1,-38.226,-15.778,1.882
2012-05-05-18_12_38.652,18,5,4,1,-47.241,-15.841,2.382
2012-05-05-18_12_38.653,18,6,4,1,-56.239,-15.844,2.582
2012-05-05-18_12_38.653,18,7,4,1,-65.161,-15.762,3.382
2012-05-05-18_12_38.654,18,0,5,0,2.267,-20.280,3.592
2012-05-05-18_12_38.655,18,1,5,0,-6.739,-20.296,3.092
2012-05-05-18_12_38.655,18,2,5,0,-15.730,-20.200,2.592
2012-05-05-18_12_38.656,18,3,5,0,-24.785,-20.295,2.692
2012-05-05-18_12_38.656,18,4,5,0,-33.772,-20.270,2.092
2012-05-05-18_12_38.657,18,5,5,0,-42.786,-20.333,2.592
2012-05-05-18_12_38.658,18,6,5,0,-51.785,-20.336,2.592
2012-05-05-18_12_38.658,18,7,5,0,-60.707,-20.254,3.192
2012-05-05-18_12_38.659,18,0,5,1,-2.185,-20.288,3.600
2012-05-05-18_12_38.659,18,1,5,1,-11.206,-20.296,3.000
2012-05-05-18_12_38.662,18,2,5,1,-20.182,-20.207,2.600
2012-05-05-18_12_38.663,18,3,5,1,-29.237,-20.303,2.500
2012-05-05-18_12_38.664,18,4,5,1,-38.224,-20.278,2.000
2012-05-05-18_12_38.664,18,5,5,1,-47.239,-20.340,2.400
2012-05-05-18_12_38.665,18,6,5,1,-56.237,-20.344,2.700
2012-05-05-18_12_38.666,18,7,5,1,-65.159,-20.261,3.500
2012-05-05-18_12_38.666,18,0,6,0,2.267,-24.780,3.610
2012-05-05-18_12_38.667,18,1,6,0,-6.739,-24.791,3.110
2012-05-05-18_12_38.668,18,2,6,0,-15.730,-24.700,2.510
2012-05-05-18_12_38.668,18,3,6,0,-24.785,-24.796,2.710
2012-05-05-18_12_38.669,18,4,6,0,-33.772,-24.771,2.010
2012-05-05-18_12_38.669,18,5,6,0,-42.787,-24.833,2.510
2012-05-05-18_12_38.670,18,6,6,0,-51.786,-24.836,2.710
2012-05-05-18_12_38.671,18,7,6,0,-60.707,-24.754,3.510
2012-05-05-18_12_38.671,18,0,6,1,-2.183,-24.789,3.621
2012-05-05-18_12_38.672,18,1,6,1,-11.209,-24.790,3.021
2012-05-05-18_12_38.673,18,2,6,1,-20.180,-24.708,2.621
2012-05-05-18_12_38.674,18,3,6,1,-29.235,-24.804,2.721
2012-05-05-18_12_38.674,18,4,6,1,-38.222,-24.779,2.021
2012-05-05-18_12_38.675,18,5,6,1,-47.237,-24.841,2.521
2012-05-05-18_12_38.676,18,6,6,1,-56.235,-24.845,2.721
2012-05-05-18_12_38.676,18,7,6,1,-65.157,-24.762,3.421
2012-05-05-18_12_38.677,18,0,7,0,2.269,-29.284,3.635
2012-05-05-18_12_38.677,18,1,7,0,-6.740,-29.287,3.035
2012-05-05-18_12_38.678,18,2,7,0,-15.728,-29.204,2.635
2012-05-05-18_12_38.679,18,3,7,0,-24.783,-29.300,2.735
2012-05-05-18_12_38.679,18,4,7,0,-33.770,-29.275,2.235
2012-05-05-18_12_38.680,18,5,7,0,-42.785,-29.337,2.635
2012-05-05-18_12_38.681,18,6,7,0,-51.784,-29.341,2.735
2012-05-05-18_12_38.681,18,7,7,0,-60.705,-29.258,3.435
2012-05-05-18_12_38.682,18,0,7,1,-2.181,-29.291,3.644
2012-05-05-18_12_38.682,18,1,7,1,-11.209,-29.286,3.144
2012-05-05-18_12_38.683,18,2,7,1,-20.178,-29.211,2.644
2012-05-05-18_12_38.684,18,3,7,1,-29.233,-29.306,2.744
2012-05-05-18_12_38.684,18,4,7,1,-38.220,-29.281,2.244
2012-05-05-18_12_38.685,18,5,7,1,-47.235,-29.343,2.644
2012-05-05-18_12_38.686,18,6,7,1,-56.233,-29.347,2.744
2012-05-05-18_12_38.686,18,7,7,1,-65.155,-29.265,3.544
2012-05-05-18_12_38.687,18,0,8,0,2.273,-33.783,3.654
2012-05-05-18_12_38.687,18,1,8,0,-6.743,-33.784,3.154
2012-05-05-18_12_38.688,18,2,8,0,-15.724,-33.703,2.554
2012-05-05-18_12_38.689,18,3,8,0,-24.779,-33.798,2.754
2012-05-05-18_12_38.689,18,4,8,0,-33.766,-33.773,2.254
2012-05-05-18_12_38.690,18,5,8,0,-42.780,-33.835,2.554
2012-05-05-18_12_38.690,18,6,8,0,-51.779,-33.839,2.754
2012-05-05-18_12_38.691,18,7,8,0,-60.701,-33.757,3.454
2012-05-05-18_12_38.692,18,0,8,1,-2.184,-33.788,3.662
2012-05-05-18_12_38.693,18,1,8,1,-11.212,-33.784,3.262
2012-05-05-18_12_38.693,18,2,8,1,-20.181,-33.707,2.662
2012-05-05-18_12_38.694,18,3,8,1,-29.236,-33.803,2.862
2012-05-05-18_12_38.694,18,4,8,1,-38.223,-33.778,2.362
2012-05-05-18_12_38.695,18,5,8,1,-47.238,-33.840,2.562
2012-05-05-18_12_38.695,18,6,8,1,-56.236,-33.844,2.762
2012-05-05-18_12_38.696,18,7,8,1,-65.158,-33.761,3.562
2012-05-05-18_12_38.697,18,0,9,0,2.273,-38.283,3.673
2012-05-05-18_12_38.698,18,1,9,0,-6.746,-38.292,3.173
2012-05-05-18_12_38.698,18,2,9,0,-15.724,-38.202,2.673
2012-05-05-18_12_38.699,18,3,9,0,-24.779,-38.298,2.773
2012-05-05-18_12_38.700,18,4,9,0,-33.766,-38.273,2.173
2012-05-05-18_12_38.700,18,5,9,0,-42.781,-38.335,2.573
2012-05-05-18_12_38.701,18,6,9,0,-51.779,-38.339,2.773
2012-05-05-18_12_38.703,18,7,9,0,-60.701,-38.256,3.373
2012-05-05-18_12_38.704,18,0,9,1,-2.185,-38.287,3.584
2012-05-05-18_12_38.704,18,1,9,1,-11.210,-38.291,2.884
2012-05-05-18_12_38.705,18,2,9,1,-20.182,-38.207,2.684
2012-05-05-18_12_38.706,18,3,9,1,-29.236,-38.303,2.684
2012-05-05-18_12_38.707,18,4,9,1,-38.223,-38.278,2.084
2012-05-05-18_12_38.709,18,5,9,1,-47.238,-38.340,2.584
2012-05-05-18_12_38.709,18,6,9,1,-56.237,-38.344,2.784
2012-05-05-18_12_38.710,18,7,9,1,-65.159,-38.261,3.584
2012-05-05-18_12_38.711,18,0,10,0,2.275,-42.780,3.698
2012-05-05-18_12_38.711,18,1,10,0,-6.748,-42.795,3.199
2012-05-05-18_12_38.712,18,2,10,0,-15.722,-42.699,2.698
2012-05-05-18_12_38.713,18,3,10,0,-24.777,-42.795,2.798
2012-05-05-18_12_38.713,18,4,10,0,-33.764,-42.770,2.198
2012-05-05-18_12_38.714,18,5,10,0,-42.779,-42.832,2.598
2012-05-05-18_12_38.715,18,6,10,0,-51.777,-42.836,2.898
2012-05-05-18_12_38.715,18,7,10,0,-60.699,-42.753,3.398
2012-05-05-18_12_38.716,18,0,10,1,-2.187,-42.787,3.708
2012-05-05-18_12_38.717,18,1,10,1,-11.213,-42.794,3.108
2012-05-05-18_12_38.717,18,2,10,1,-20.184,-42.706,2.608
2012-05-05-18_12_38.718,18,3,10,1,-29.239,-42.802,2.908
2012-05-05-18_12_38.719,18,4,10,1,-38.226,-42.777,2.308
2012-05-05-18_12_38.719,18,5,10,1,-47.241,-42.839,2.708
2012-05-05-18_12_38.720,18,6,10,1,-56.240,-42.843,2.808
2012-05-05-18_12_38.720,18,7,10,1,-65.161,-42.760,3.508
2012-05-05-18_12_38.721,18,0,11,0,2.274,-47.280,3.617
2012-05-05-18_12_38.722,18,1,11,0,-6.749,-47.290,3.217
2012-05-05-18_12_38.723,18,2,11,0,-15.723,-47.200,2.717
2012-05-05-18_12_38.724,18,3,11,0,-24.778,-47.295,2.817
2012-05-05-18_12_38.724,18,4,11,0,-33.765,-47.270,2.317
2012-05-05-18_12_38.725,18,5,11,0,-42.779,-47.333,2.617
2012-05-05-18_12_38.726,18,6,11,0,-51.778,-47.336,2.817
2012-05-05-18_12_38.726,18,7,11,0,-60.700,-47.254,3.417
2012-05-05-18_12_38.727,18,0,11,1,-2.188,-47.289,3.726
2012-05-05-18_12_38.728,18,1,11,1,-11.211,-47.290,3.226
2012-05-05-18_12_38.728,18,2,11,1,-20.185,-47.209,2.626
2012-05-05-18_12_38.729,18,3,11,1,-29.240,-47.304,2.726
2012-05-05-18_12_38.729,18,4,11,1,-38.227,-47.279,2.326
2012-05-05-18_12_38.730,18,5,11,1,-47.241,-47.341,2.726
2012-05-05-18_12_38.730,18,6,11,1,-56.240,-47.345,2.826
2012-05-05-18_12_38.731,18,7,11,1,-65.162,-47.263,3.626
2012-05-05-18_12_38.732,18,0,12,0,2.274,-51.784,3.637
2012-05-05-18_12_38.732,18,1,12,0,-6.749,-51.788,3.237
2012-05-05-18_12_38.733,18,2,12,0,-15.723,-51.704,2.737
2012-05-05-18_12_38.733,18,3,12,0,-24.778,-51.800,2.737
2012-05-05-18_12_38.734,18,4,12,0,-33.765,-51.775,2.137
2012-05-05-18_12_38.734,18,5,12,0,-42.780,-51.837,2.637
2012-05-05-18_12_38.735,18,6,12,0,-51.778,-51.841,2.837
2012-05-05-18_12_38.736,18,7,12,0,-60.700,-51.758,3.437
2012-05-05-18_12_38.736,18,0,12,1,-2.188,-51.792,3.749
2012-05-05-18_12_38.737,18,1,12,1,-11.211,-51.787,3.249
2012-05-05-18_12_38.737,18,2,12,1,-20.185,-51.712,2.749
2012-05-05-18_12_38.738,18,3,12,1,-29.240,-51.807,2.749
2012-05-05-18_12_38.739,18,4,12,1,-38.227,-51.782,2.449
2012-05-05-18_12_38.739,18,5,12,1,-47.242,-51.845,2.649
2012-05-05-18_12_38.740,18,6,12,1,-56.240,-51.848,2.849
2012-05-05-18_12_38.741,18,7,12,1,-65.162,-51.766,3.649
2012-05-05-18_12_38.741,18,0,13,0,2.276,-56.282,3.762
2012-05-05-18_12_38.742,18,1,13,0,-6.752,-56.285,3.262
2012-05-05-18_12_38.742,18,2,13,0,-15.721,-56.202,2.762
2012-05-05-18_12_38.743,18,3,13,0,-24.776,-56.297,2.862
2012-05-05-18_12_38.743,18,4,13,0,-33.763,-56.272,2.262
2012-05-05-18_12_38.745,18,5,13,0,-42.778,-56.335,2.662
2012-05-05-18_12_38.746,18,6,13,0,-51.776,-56.338,2.862
2012-05-05-18_12_38.746,18,7,13,0,-60.698,-56.256,3.462
2012-05-05-18_12_38.747,18,0,13,1,-2.191,-56.288,3.771
2012-05-05-18_12_38.748,18,1,13,1,-11.209,-56.285,3.271
2012-05-05-18_12_38.748,18,2,13,1,-20.188,-56.208,2.671
2012-05-05-18_12_38.749,18,3,13,1,-29.243,-56.303,2.671
2012-05-05-18_12_38.749,18,4,13,1,-38.230,-56.278,2.171
2012-05-05-18_12_38.750,18,5,13,1,-47.245,-56.340,2.771
2012-05-05-18_12_38.750,18,6,13,1,-56.243,-56.344,2.671
2012-05-05-18_12_38.751,18,7,13,1,-65.165,-56.262,3.571
2012-05-05-18_12_38.752,18,0,14,0,2.275,-60.782,3.780
2012-05-05-18_12_38.752,18,1,14,0,-6.753,-60.792,3.280
2012-05-05-18_12_38.753,18,2,14,0,-15.722,-60.702,2.780
2012-05-05-18_12_38.753,18,3,14,0,-24.776,-60.797,2.880
2012-05-05-18_12_38.754,18,4,14,0,-33.763,-60.772,2.380
2012-05-05-18_12_38.754,18,5,14,0,-42.778,-60.834,2.680
2012-05-05-18_12_38.755,18,6,14,0,-51.777,-60.838,2.880
2012-05-05-18_12_38.755,18,7,14,0,-60.699,-60.756,3.580
2012-05-05-18_12_38.756,18,0,14,1,-2.194,-60.788,3.788
2012-05-05-18_12_38.756,18,1,14,1,-11.210,-60.792,3.288
2012-05-05-18_12_38.757,18,2,14,1,-20.191,-60.708,2.788
2012-05-05-18_12_38.758,18,3,14,1,-29.246,-60.803,2.788
2012-05-05-18_12_38.758,18,4,14,1,-38.233,-60.778,2.388
2012-05-05-18_12_38.759,18,5,14,1,-47.247,-60.840,2.788
2012-05-05-18_12_38.759,18,6,14,1,-56.246,-60.844,2.888
2012-05-05-18_12_38.760,18,7,14,1,-65.168,-60.762,3.688
2012-05-05-18_12_38.761,18,0,15,0,2.273,-65.280,3.798
2012-05-05-18_12_38.761,18,1,15,0,-6.751,-65.295,3.298
2012-05-05-18_12_38.762,18,2,15,0,-15.725,-65.200,2.798
2012-05-05-18_12_38.762,18,3,15,0,-24.779,-65.295,2.898
2012-05-05-18_12_38.763,18,4,15,0,-33.766,-65.270,2.398
2012-05-05-18_12_38.764,18,5,15,0,-42.781,-65.333,2.598
2012-05-05-18_12_38.764,18,6,15,0,-51.780,-65.336,2.798
2012-05-05-18_12_38.765,18,7,15,0,-60.702,-65.254,3.498
2012-05-05-18_12_38.766,18,0,15,1,-2.194,-65.287,3.810
2012-05-05-18_12_38.766,18,1,15,1,-11.208,-65.295,3.309
2012-05-05-18_12_38.767,18,2,15,1,-20.191,-65.206,2.810
2012-05-05-18_12_38.769,18,3,15,1,-29.246,-65.302,2.710
2012-05-05-18_12_38.770,18,4,15,1,-38.233,-65.277,2.310
2012-05-05-18_12_38.771,18,5,15,1,-47.248,-65.339,2.710
2012-05-05-18_12_38.772,18,6,15,1,-56.247,-65.343,2.910
2012-05-05-18_12_38.773,18,7,15,1,-65.168,-65.260,3.610
2012-05-05-18_12_38.774,18,0,16,0,2.270,-69.780,3.823
2012-05-05-18_12_38.775,18,1,16,0,-6.751,-69.789,3.323
2012-05-05-18_12_38.776,18,2,16,0,-15.727,-69.700,2.823
2012-05-05-18_12_38.776,18,3,16,0,-24.782,-69.795,2.923
2012-05-05-18_12_38.777,18,4,16,0,-33.769,-69.770,2.223
2012-05-05-18_12_38.778,18,5,16,0,-42.784,-69.833,2.723
2012-05-05-18_12_38.778,18,6,16,0,-51.782,-69.836,2.823
2012-05-05-18_12_38.779,18,7,16,0,-60.704,-69.754,3.623
2012-05-05-18_12_38.779,18,0,16,1,-2.195,-69.788,3.733
2012-05-05-18_12_38.780,18,1,16,1,-11.208,-69.789,3.333
2012-05-05-18_12_38.780,18,2,16,1,-20.192,-69.708,2.733
2012-05-05-18_12_38.781,18,3,16,1,-29.247,-69.804,2.733
2012-05-05-18_12_38.781,18,4,16,1,-38.234,-69.779,2.433
2012-05-05-18_12_38.782,18,5,16,1,-47.248,-69.841,2.633
2012-05-05-18_12_38.782,18,6,16,1,-56.247,-69.844,2.933
2012-05-05-18_12_38.783,18,7,16,1,-65.169,-69.762,3.633
2012-05-05-18_12_38.784,18,0,17,0,2.267,-74.284,3.843
2012-05-05-18_12_38.785,18,1,17,0,-6.747,-74.287,3.343
2012-05-05-18_12_38.785,18,2,17,0,-15.730,-74.204,2.743
2012-05-05-18_12_38.786,18,3,17,0,-24.785,-74.300,2.843
2012-05-05-18_12_38.787,18,4,17,0,-33.772,-74.275,2.243
2012-05-05-18_12_38.787,18,5,17,0,-42.787,-74.337,2.743
2012-05-05-18_12_38.788,18,6,17,0,-51.785,-74.341,2.843
2012-05-05-18_12_38.789,18,7,17,0,-60.707,-74.258,3.443
2012-05-05-18_12_38.789,18,0,17,1,-2.193,-74.291,3.851
2012-05-05-18_12_38.790,18,1,17,1,-11.211,-74.286,3.351
2012-05-05-18_12_38.791,18,2,17,1,-20.190,-74.211,2.751
2012-05-05-18_12_38.791,18,3,17,1,-29.245,-74.306,2.751
2012-05-05-18_12_38.792,18,4,17,1,-38.232,-74.281,2.251
2012-05-05-18_12_38.792,18,5,17,1,-47.246,-74.343,2.751
2012-05-05-18_12_38.793,18,6,17,1,-56.245,-74.347,2.851
2012-05-05-18_12_38.794,18,7,17,1,-65.167,-74.265,3.651
2012-05-05-18_12_38.794,18,0,18,0,2.266,-78.782,3.762
2012-05-05-18_12_38.795,18,1,18,0,-6.747,-78.785,3.362
2012-05-05-18_12_38.795,18,2,18,0,-15.731,-78.702,2.762
2012-05-05-18_12_38.796,18,3,18,0,-24.785,-78.797,2.962
2012-05-05-18_12_38.796,18,4,18,0,-33.772,-78.772,2.462
2012-05-05-18_12_38.797,18,5,18,0,-42.787,-78.834,2.762
2012-05-05-18_12_38.797,18,6,18,0,-51.786,-78.838,2.862
2012-05-05-18_12_38.798,18,7,18,0,-60.708,-78.756,3.662
2012-05-05-18_12_38.799,18,0,18,1,-2.193,-78.788,3.774
2012-05-05-18_12_38.799,18,1,18,1,-11.211,-78.785,3.374
2012-05-05-18_12_38.800,18,2,18,1,-20.190,-78.708,2.874
2012-05-05-18_12_38.800,18,3,18,1,-29.245,-78.803,2.974
2012-05-05-18_12_38.801,18,4,18,1,-38.232,-78.778,2.174
2012-05-05-18_12_38.802,18,5,18,1,-47.247,-78.840,2.774
2012-05-05-18_12_38.802,18,6,18,1,-56.245,-78.844,2.974
2012-05-05-18_12_38.803,18,7,18,1,-65.167,-78.762,3.774
2012-05-05-18_12_38.803,18,0,19,0,2.266,-83.282,3.787
2012-05-05-18_12_38.804,18,2,19,0,-15.731,-83.201,2.887
2012-05-05-18_12_38.804,18,3,19,0,-24.786,-83.297,2.987
2012-05-05-18_12_38.805,18,4,19,0,-33.773,-83.272,2.187
2012-05-05-18_12_38.805,18,5,19,0,-42.787,-83.334,2.787
2012-05-05-18_12_38.806,18,6,19,0,-51.786,-83.338,2.987
2012-05-05-18_12_38.807,18,7,19,0,-60.708,-83.255,3.587
2012-05-05-18_12_38.807,18,0,19,1,-2.194,-83.287,3.897
2012-05-05-18_12_38.808,18,1,19,1,-11.214,-83.291,3.396
2012-05-05-18_12_38.809,18,2,19,1,-20.191,-83.207,2.897
2012-05-05-18_12_38.809,18,3,19,1,-29.245,-83.303,2.797
2012-05-05-18_12_38.810,18,4,19,1,-38.232,-83.278,2.497
2012-05-05-18_12_38.811,18,5,19,1,-47.247,-83.340,2.797
2012-05-05-18_12_38.811,18,6,19,1,-56.246,-83.344,2.997
2012-05-05-18_12_38.812,18,7,19,1,-65.168,-83.261,3.797
2012-05-05-18_12_38.813,18,0,20,0,2.270,-87.781,3.906
2012-05-05-18_12_38.813,18,1,20,0,-6.745,-87.795,3.406
2012-05-05-18_12_38.814,18,2,20,0,-15.727,-87.700,2.806
2012-05-05-18_12_38.815,18,3,20,0,-24.781,-87.796,3.006
2012-05-05-18_12_38.815,18,4,20,0,-33.768,-87.771,2.506
2012-05-05-18_12_38.816,18,5,20,0,-42.783,-87.833,2.806
2012-05-05-18_12_38.817,18,6,20,0,-51.782,-87.837,2.906
2012-05-05-18_12_38.818,18,7,20,0,-60.704,-87.754,3.706
2012-05-05-18_12_38.818,18,0,20,1,-2.192,-87.787,3.914
2012-05-05-18_12_38.819,18,1,20,1,-11.212,-87.795,3.314
2012-05-05-18_12_38.820,18,2,20,1,-20.189,-87.707,2.914
2012-05-05-18_12_38.820,18,3,20,1,-29.243,-87.802,3.014
2012-05-05-18_12_38.821,18,4,20,1,-38.230,-87.777,2.514
2012-05-05-18_12_38.821,18,5,20,1,-47.245,-87.839,2.814
2012-05-05-18_12_38.822,18,6,20,1,-56.244,-87.843,3.014
2012-05-05-18_12_38.829,18,7,20,1,-65.166,-87.761,3.814
2012-05-05-18_12_38.830,18,0,21,0,2.270,-92.279,3.925
2012-05-05-18_12_38.830,18,1,21,0,-6.751,-92.290,3.425
2012-05-05-18_12_38.831,18,2,21,0,-15.727,-92.199,2.925
2012-05-05-18_12_38.831,18,3,21,0,-24.782,-92.295,2.925
2012-05-05-18_12_38.832,18,4,21,0,-33.769,-92.270,2.425
2012-05-05-18_12_38.832,18,5,21,0,-42.783,-92.332,2.825
2012-05-05-18_12_38.833,18,6,21,0,-51.782,-92.336,2.925
2012-05-05-18_12_38.833,18,7,21,0,-60.704,-92.253,3.625
2012-05-05-18_12_38.834,18,0,21,1,-2.194,-92.289,3.937
2012-05-05-18_12_38.835,18,1,21,1,-11.213,-92.290,3.337
2012-05-05-18_12_38.835,18,2,21,1,-20.192,-92.209,2.937
2012-05-05-18_12_38.836,18,3,21,1,-29.246,-92.304,2.837
2012-05-05-18_12_38.836,18,4,21,1,-38.233,-92.279,2.437
2012-05-05-18_12_38.837,18,5,21,1,-47.248,-92.342,2.937
2012-05-05-18_12_38.837,18,6,21,1,-56.247,-92.345,3.037
2012-05-05-18_12_38.838,18,7,21,1,-65.169,-92.263,3.737
2012-05-05-18_12_38.839,18,0,22,0,2.270,-96.784,3.850
2012-05-05-18_12_38.839,18,1,22,0,-6.751,-96.788,3.450
2012-05-05-18_12_38.840,18,2,22,0,-15.728,-96.704,2.850
2012-05-05-18_12_38.840,18,3,22,0,-24.782,-96.799,3.050
2012-05-05-18_12_38.841,18,4,22,0,-33.769,-96.774,2.450
2012-05-05-18_12_38.842,18,5,22,0,-42.784,-96.837,2.850
2012-05-05-18_12_38.843,18,6,22,0,-51.783,-96.840,3.050
2012-05-05-18_12_38.844,18,7,22,0,-60.705,-96.758,3.750
2012-05-05-18_12_38.845,18,0,22,1,-2.195,-96.792,3.958
2012-05-05-18_12_38.845,18,1,22,1,-11.213,-96.788,3.558
2012-05-05-18_12_38.846,18,2,22,1,-20.192,-96.712,2.958
2012-05-05-18_12_38.846,18,3,22,1,-29.247,-96.807,2.858
2012-05-05-18_12_38.847,18,4,22,1,-38.234,-96.782,2.558
2012-05-05-18_12_38.848,18,5,22,1,-47.248,-96.845,2.958
2012-05-05-18_12_38.848,18,6,22,1,-56.247,-96.848,3.058
2012-05-05-18_12_38.849,18,7,22,1,-65.169,-96.766,3.758
2012-05-05-18_12_38.849,18,0,23,0,2.269,-101.282,3.968
2012-05-05-18_12_38.850,18,1,23,0,-6.754,-101.285,3.469
2012-05-05-18_12_38.851,18,2,23,0,-15.728,-101.202,2.968
2012-05-05-18_12_38.851,18,3,23,0,-24.783,-101.297,3.168
2012-05-05-18_12_38.852,18,4,23,0,-33.770,-101.272,2.568
2012-05-05-18_12_38.852,18,5,23,0,-42.784,-101.334,2.868
2012-05-05-18_12_38.853,18,6,23,0,-51.783,-101.338,2.868
2012-05-05-18_12_38.853,18,7,23,0,-60.705,-101.256,3.568
2012-05-05-18_12_38.854,18,0,23,1,-2.181,-101.281,3.969
2012-05-05-18_12_38.855,18,1,23,1,-11.209,-101.285,3.469
2012-05-05-18_12_38.855,18,2,23,1,-20.178,-101.201,2.969
2012-05-05-18_12_38.856,18,3,23,1,-29.232,-101.296,2.969
2012-05-05-18_12_38.857,18,4,23,1,-38.219,-101.271,2.569
2012-05-05-18_12_38.857,18,5,23,1,-47.234,-101.333,2.969
2012-05-05-18_12_38.858,18,6,23,1,-56.233,-101.337,3.069
2012-05-05-18_12_38.858,18,7,23,1,-65.155,-101.255,3.769
