2012-05-14-15_32_38.210,5,0,0,0,2.261,2.218,0.409
2012-05-14-15_32_38.214,5,0,0,0,2.254,2.342,0.309
2012-05-14-15_32_38.219,5,0,0,0,2.213,2.214,0.507
2012-05-14-15_32_38.223,5,0,0,0,2.212,2.286,0.309
2012-05-14-15_32_38.227,5,1,0,0,-6.749,2.212,0.778
2012-05-14-15_32_38.231,5,1,0,0,-6.813,2.284,19.824
2012-05-14-15_32_38.236,5,1,0,0,-6.747,2.284,14.718
2012-05-14-15_32_38.240,5,2,0,0,-15.745,2.214,0.798
2012-05-14-15_32_38.244,5,2,0,0,-15.808,2.253,5.682
2012-05-14-15_32_38.248,5,3,0,0,-24.719,2.216,0.282
2012-05-14-15_32_38.253,5,3,0,0,-24.760,2.160,0.380
2012-05-14-15_32_38.257,5,4,0,0,-33.744,2.215,0.605
2012-05-14-15_32_38.261,5,4,0,0,-33.812,2.230,0.703
2012-05-14-15_32_38.265,5,5,0,0,-42.714,2.219,0.780
2012-05-14-15_32_38.270,5,5,0,0,-42.777,2.258,0.878
2012-05-14-15_32_38.274,5,5,0,0,-42.845,2.273,0.976
2012-05-14-15_32_38.278,5,6,0,0,-51.724,2.213,14.589
2012-05-14-15_32_38.282,5,6,0,0,-51.802,2.234,19.603
2012-05-14-15_32_38.287,5,7,0,0,-60.715,2.209,0.802
2012-05-14-15_32_38.291,5,0,1,0,2.285,-2.279,0.526
2012-05-14-15_32_38.295,5,0,1,0,2.256,-2.156,0.427
2012-05-14-15_32_38.299,5,0,1,0,2.212,-2.282,0.526
2012-05-14-15_32_38.304,5,0,1,0,2.207,-2.216,0.427
2012-05-14-15_32_38.308,5,1,1,0,-6.747,-2.287,0.797
2012-05-14-15_32_38.312,5,1,1,0,-6.811,-2.286,0.797
2012-05-14-15_32_38.316,5,1,1,0,-6.811,-2.215,0.797
2012-05-14-15_32_38.320,5,1,1,0,-6.745,-2.216,0.797
2012-05-14-15_32_38.325,5,2,1,0,-15.743,-2.287,0.720
2012-05-14-15_32_38.329,5,2,1,0,-15.804,-2.248,0.817
2012-05-14-15_32_38.333,5,3,1,0,-24.717,-2.282,0.204
2012-05-14-15_32_38.337,5,3,1,0,-24.790,-2.285,0.399
2012-05-14-15_32_38.352,5,3,1,0,-24.771,-2.157,0.107
2012-05-14-15_32_38.356,5,3,1,0,-24.765,-2.342,0.302
2012-05-14-15_32_38.360,5,4,1,0,-33.739,-2.286,0.917
2012-05-14-15_32_38.365,5,4,1,0,-33.810,-2.269,0.820
2012-05-14-15_32_38.369,5,4,1,0,-33.742,-2.253,0.722
2012-05-14-15_32_38.373,5,4,1,0,-33.678,-2.253,0.722
2012-05-14-15_32_38.380,5,5,1,0,-42.712,-2.281,0.800
2012-05-14-15_32_38.385,5,5,1,0,-42.773,-2.242,0.799
2012-05-14-15_32_38.389,5,5,1,0,-42.843,-2.225,0.702
2012-05-14-15_32_38.393,5,5,1,0,-42.775,-2.209,0.800
2012-05-14-15_32_38.397,5,6,1,0,-51.722,-2.285,0.647
2012-05-14-15_32_38.402,5,6,1,0,-51.798,-2.264,0.843
2012-05-14-15_32_38.406,5,6,1,0,-51.654,-2.269,0.647
2012-05-14-15_32_38.410,5,7,1,0,-60.711,-2.288,0.921
2012-05-14-15_32_38.414,5,7,1,0,-60.794,-2.287,1.120
2012-05-14-15_32_38.418,5,0,2,0,2.292,-6.785,0.646
2012-05-14-15_32_38.423,5,0,2,0,2.260,-6.652,0.646
2012-05-14-15_32_38.427,5,0,2,0,2.214,-6.785,0.646
2012-05-14-15_32_38.431,5,0,2,0,2.207,-6.715,0.547
2012-05-14-15_32_38.435,5,1,2,0,-6.745,-6.786,0.522
2012-05-14-15_32_38.439,5,1,2,0,-6.811,-6.787,0.719
2012-05-14-15_32_38.444,5,1,2,0,-6.811,-6.714,0.621
2012-05-14-15_32_38.448,5,1,2,0,-6.745,-6.713,0.621
2012-05-14-15_32_38.452,5,2,2,0,-15.741,-6.786,0.935
2012-05-14-15_32_38.456,5,2,2,0,-15.802,-6.754,1.131
2012-05-14-15_32_38.460,5,2,2,0,-15.807,-6.714,1.033
2012-05-14-15_32_38.465,5,2,2,0,-15.741,-6.714,1.033
2012-05-14-15_32_38.469,5,3,2,0,-24.712,-6.778,0.322
2012-05-14-15_32_38.473,5,3,2,0,-24.788,-6.782,0.127
2012-05-14-15_32_38.477,5,3,2,0,-24.769,-6.655,9.573
2012-05-14-15_32_38.482,5,3,2,0,-24.766,-6.841,0.225
2012-05-14-15_32_38.486,5,4,2,0,-33.737,-6.792,0.937
2012-05-14-15_32_38.492,5,4,2,0,-33.808,-6.771,0.840
2012-05-14-15_32_38.496,5,4,2,0,-33.742,-6.752,0.840
2012-05-14-15_32_38.500,5,4,2,0,-33.676,-6.752,0.840
2012-05-14-15_32_38.505,5,5,2,0,-42.710,-6.780,0.820
2012-05-14-15_32_38.509,5,5,2,0,-42.771,-6.748,0.820
2012-05-14-15_32_38.513,5,5,2,0,-42.842,-6.727,1.015
2012-05-14-15_32_38.518,5,5,2,0,-42.776,-6.708,1.015
2012-05-14-15_32_38.522,5,6,2,0,-51.720,-6.788,0.962
2012-05-14-15_32_38.526,5,6,2,0,-51.803,-6.761,0.962
2012-05-14-15_32_38.530,5,6,2,0,-51.654,-6.769,0.864
2012-05-14-15_32_38.534,5,6,2,0,-51.718,-6.721,0.962
2012-05-14-15_32_38.539,5,7,2,0,-60.716,-6.786,1.240
2012-05-14-15_32_38.543,5,7,2,0,-60.792,-6.785,20.483
2012-05-14-15_32_38.547,5,7,2,0,-60.785,-6.717,20.582
2012-05-14-15_32_38.551,5,7,2,0,-60.717,-6.717,10.712
2012-05-14-15_32_38.556,5,0,3,0,2.284,-11.285,0.666
2012-05-14-15_32_38.560,5,0,3,0,2.255,-11.160,0.766
2012-05-14-15_32_38.564,5,0,3,0,2.213,-11.287,0.766
2012-05-14-15_32_38.568,5,0,3,0,2.199,-11.211,0.766
2012-05-14-15_32_38.573,5,1,3,0,-6.746,-11.286,0.543
2012-05-14-15_32_38.577,5,1,3,0,-6.809,-11.286,0.543
2012-05-14-15_32_38.581,5,1,3,0,-6.746,-11.216,0.445
2012-05-14-15_32_38.586,5,2,3,0,-15.741,-11.285,1.542
2012-05-14-15_32_38.590,5,2,3,0,-15.802,-11.252,1.542
2012-05-14-15_32_38.595,5,3,3,0,-24.718,-11.285,0.245
2012-05-14-15_32_38.599,5,3,3,0,-24.788,-11.286,0.245
2012-05-14-15_32_38.603,5,3,3,0,-24.774,-11.337,0.343
2012-05-14-15_32_38.608,5,4,3,0,-33.738,-11.290,0.958
2012-05-14-15_32_38.612,5,4,3,0,-33.806,-11.274,0.958
2012-05-14-15_32_38.616,5,5,3,0,-42.710,-11.279,0.938
2012-05-14-15_32_38.620,5,5,3,0,-42.771,-11.246,1.134
2012-05-14-15_32_38.625,5,5,3,0,-42.840,-11.230,1.134
2012-05-14-15_32_38.629,5,6,3,0,-51.718,-11.291,1.081
2012-05-14-15_32_38.633,5,6,3,0,-51.803,-11.261,0.983
2012-05-14-15_32_38.637,5,7,3,0,-60.717,-11.285,8.440
2012-05-14-15_32_38.641,5,7,3,0,-60.793,-11.284,20.703
2012-05-14-15_32_38.645,5,0,4,0,2.284,-15.784,0.793
2012-05-14-15_32_38.650,5,0,4,0,2.254,-15.661,0.892
2012-05-14-15_32_38.654,5,0,4,0,2.213,-15.785,0.892
2012-05-14-15_32_38.658,5,0,4,0,2.198,-15.708,0.991
2012-05-14-15_32_38.662,5,1,4,0,-6.746,-15.785,1.159
2012-05-14-15_32_38.666,5,1,4,0,-6.807,-15.784,1.159
2012-05-14-15_32_38.671,5,1,4,0,-6.810,-15.717,1.159
2012-05-14-15_32_38.675,5,1,4,0,-6.744,-15.718,1.159
2012-05-14-15_32_38.679,5,2,4,0,-15.739,-15.786,1.666
2012-05-14-15_32_38.683,5,2,4,0,-15.801,-15.750,1.666
2012-05-14-15_32_38.687,5,2,4,0,-15.805,-15.717,17.980
2012-05-14-15_32_38.692,5,2,4,0,-15.740,-15.717,1.666
2012-05-14-15_32_38.696,5,3,4,0,-24.718,-15.787,0.759
2012-05-14-15_32_38.700,5,3,4,0,-24.787,-15.786,0.759
2012-05-14-15_32_38.704,5,3,4,0,-24.774,-15.834,0.661
2012-05-14-15_32_38.708,5,3,4,0,-24.716,-15.711,0.661
2012-05-14-15_32_38.713,5,4,4,0,-33.736,-15.788,0.887
2012-05-14-15_32_38.717,5,4,4,0,-33.807,-15.775,0.790
2012-05-14-15_32_38.721,5,4,4,0,-33.741,-15.755,0.790
2012-05-14-15_32_38.725,5,4,4,0,-33.675,-15.755,0.887
2012-05-14-15_32_38.730,5,5,4,0,-42.708,-15.780,1.063
2012-05-14-15_32_38.734,5,5,4,0,-42.769,-15.744,1.161
2012-05-14-15_32_38.738,5,5,4,0,-42.840,-15.731,1.258
2012-05-14-15_32_38.742,5,5,4,0,-42.774,-15.711,1.258
2012-05-14-15_32_38.746,5,6,4,0,-51.718,-15.792,1.206
2012-05-14-15_32_38.751,5,6,4,0,-51.802,-15.767,1.107
2012-05-14-15_32_38.755,5,6,4,0,-51.653,-15.771,1.107
2012-05-14-15_32_38.759,5,6,4,0,-51.728,-15.716,1.107
2012-05-14-15_32_38.763,5,7,4,0,-60.715,-15.792,20.430
2012-05-14-15_32_38.768,5,7,4,0,-60.791,-15.790,20.829
2012-05-14-15_32_38.772,5,7,4,0,-60.788,-15.719,20.929
2012-05-14-15_32_38.776,5,7,4,0,-60.739,-15.841,20.630
2012-05-14-15_32_38.780,5,0,5,0,2.283,-20.282,0.911
2012-05-14-15_32_38.785,5,0,5,0,2.256,-20.158,1.011
2012-05-14-15_32_38.789,5,0,5,0,2.212,-20.285,0.912
2012-05-14-15_32_38.793,5,0,5,0,2.198,-20.212,1.110
2012-05-14-15_32_38.797,5,1,5,0,-6.742,-20.288,0.884
2012-05-14-15_32_38.801,5,1,5,0,-6.808,-20.287,0.884
2012-05-14-15_32_38.806,5,1,5,0,-6.808,-20.217,0.884
2012-05-14-15_32_38.810,5,2,5,0,-15.740,-20.286,1.491
2012-05-14-15_32_38.814,5,2,5,0,-15.801,-20.247,1.491
2012-05-14-15_32_38.818,5,2,5,0,-15.806,-20.216,20.344
2012-05-14-15_32_38.823,5,3,5,0,-24.716,-20.284,0.000
2012-05-14-15_32_38.830,5,3,5,0,-24.789,-20.285,0.000
2012-05-14-15_32_38.834,5,3,5,0,-24.775,-20.338,0.000
2012-05-14-15_32_38.838,5,4,5,0,-33.736,-20.285,0.907
2012-05-14-15_32_38.843,5,4,5,0,-33.807,-20.270,0.810
2012-05-14-15_32_38.847,5,4,5,0,-33.741,-20.254,0.810
2012-05-14-15_32_38.851,5,5,5,0,-42.709,-20.280,1.082
2012-05-14-15_32_38.855,5,5,5,0,-42.770,-20.241,1.180
2012-05-14-15_32_38.860,5,5,5,0,-42.841,-20.227,1.278
2012-05-14-15_32_38.864,5,5,5,0,-42.775,-20.210,1.181
2012-05-14-15_32_38.868,5,6,5,0,-51.719,-20.287,1.127
2012-05-14-15_32_38.872,5,6,5,0,-51.802,-20.267,1.127
2012-05-14-15_32_38.877,5,6,5,0,-51.653,-20.270,1.127
2012-05-14-15_32_38.881,5,7,5,0,-60.715,-20.291,20.749
2012-05-14-15_32_38.885,5,7,5,0,-60.794,-20.289,20.949
