2012-05-04-14_43_17.680,2,0,0,0,2.240,2.217,2.767
2012-05-04-14_43_17.681,2,0,0,0,2.279,2.304,2.766
2012-05-04-14_43_17.682,2,0,0,0,2.182,2.245,2.766
2012-05-04-14_43_17.683,2,1,0,0,-6.768,2.208,3.066
2012-05-04-14_43_17.683,2,1,0,0,-6.846,2.234,2.966
2012-05-04-14_43_17.689,2,1,0,0,-6.790,2.286,3.066
2012-05-04-14_43_17.689,2,2,0,0,-15.725,2.287,2.567
2012-05-04-14_43_17.690,2,2,0,0,-15.783,2.315,2.566
2012-05-04-14_43_17.690,2,2,0,0,-15.727,2.361,2.566
2012-05-04-14_43_17.691,2,3,0,0,-24.747,2.205,3.167
2012-05-04-14_43_17.691,2,3,0,0,-24.708,2.292,3.166
2012-05-04-14_43_17.692,2,3,0,0,-24.805,2.233,3.266
2012-05-04-14_43_17.693,2,4,0,0,-33.743,2.203,2.467
2012-05-04-14_43_17.716,2,4,0,0,-33.704,2.290,2.366
2012-05-04-14_43_17.717,2,4,0,0,-33.802,2.231,2.366
2012-05-04-14_43_17.718,2,5,0,0,-42.748,2.205,2.666
2012-05-04-14_43_17.719,2,5,0,0,-42.699,2.166,2.566
2012-05-04-14_43_17.720,2,5,0,0,-42.790,2.191,2.666
2012-05-04-14_43_17.720,2,6,0,0,-51.789,2.143,2.867
2012-05-04-14_43_17.721,2,6,0,0,-51.750,2.230,2.966
2012-05-04-14_43_17.721,2,6,0,0,-51.701,2.191,2.866
2012-05-04-14_43_17.722,2,7,0,0,-60.683,2.206,3.367
2012-05-04-14_43_17.723,2,7,0,0,-60.644,2.294,3.366
2012-05-04-14_43_17.724,2,7,0,0,-60.742,2.234,3.366
2012-05-04-14_43_17.725,2,0,0,1,-2.202,2.209,2.267
2012-05-04-14_43_17.726,2,0,0,1,-2.180,2.305,2.267
2012-05-04-14_43_17.727,2,0,0,1,-2.276,2.231,2.267
2012-05-04-14_43_17.728,2,1,0,1,-11.218,2.208,3.067
2012-05-04-14_43_17.728,2,1,0,1,-11.355,2.274,3.067
2012-05-04-14_43_17.729,2,1,0,1,-11.240,2.286,3.067
2012-05-04-14_43_17.729,2,2,0,1,-20.167,2.279,2.667
2012-05-04-14_43_17.730,2,2,0,1,-20.240,2.301,2.567
2012-05-04-14_43_17.731,2,2,0,1,-20.245,2.302,2.567
2012-05-04-14_43_17.731,2,3,0,1,-29.189,2.197,3.267
2012-05-04-14_43_17.732,2,3,0,1,-29.167,2.293,4.767
2012-05-04-14_43_17.733,2,3,0,1,-29.263,2.219,3.367
2012-05-04-14_43_17.733,2,4,0,1,-38.186,2.195,2.667
2012-05-04-14_43_17.734,2,4,0,1,-38.164,2.291,2.667
2012-05-04-14_43_17.734,2,4,0,1,-38.259,2.217,2.767
2012-05-04-14_43_17.735,2,5,0,1,-47.208,2.206,2.767
2012-05-04-14_43_17.735,2,5,0,1,-47.291,2.227,2.867
2012-05-04-14_43_17.736,2,5,0,1,-47.261,2.202,2.767
2012-05-04-14_43_17.737,2,6,0,1,-56.231,2.135,2.567
2012-05-04-14_43_17.737,2,6,0,1,-56.209,2.231,2.567
2012-05-04-14_43_17.739,2,6,0,1,-56.305,2.156,2.567
2012-05-04-14_43_17.740,2,7,0,1,-65.199,2.220,2.767
2012-05-04-14_43_17.741,2,7,0,1,-65.204,2.221,2.767
2012-05-04-14_43_17.742,2,7,0,1,-65.187,2.316,2.767
2012-05-04-14_43_17.742,2,0,1,0,2.282,-2.283,1.174
2012-05-04-14_43_17.743,2,0,1,0,2.306,-2.189,1.174
2012-05-04-14_43_17.744,2,0,1,0,2.208,-2.259,1.074
2012-05-04-14_43_17.744,2,1,1,0,-6.741,-2.295,1.374
2012-05-04-14_43_17.746,2,1,1,0,-6.822,-2.268,1.174
2012-05-04-14_43_17.746,2,1,1,0,-6.761,-2.209,1.174
2012-05-04-14_43_17.747,2,2,1,0,-15.683,-2.213,1.774
2012-05-04-14_43_17.748,2,2,1,0,-15.756,-2.189,1.774
2012-05-04-14_43_17.749,2,2,1,0,-15.737,-2.198,1.774
2012-05-04-14_43_17.750,2,3,1,0,-24.705,-2.295,1.874
2012-05-04-14_43_17.751,2,3,1,0,-24.681,-2.201,1.774
2012-05-04-14_43_17.751,2,3,1,0,-24.779,-2.271,1.874
2012-05-04-14_43_17.752,2,4,1,0,-33.702,-2.297,0.974
2012-05-04-14_43_17.754,2,4,1,0,-33.677,-2.203,0.974
2012-05-04-14_43_17.754,2,4,1,0,-33.775,-2.273,0.874
2012-05-04-14_43_17.755,2,5,1,0,-42.721,-2.289,1.774
2012-05-04-14_43_17.756,2,5,1,0,-42.675,-2.336,1.774
2012-05-04-14_43_17.760,2,5,1,0,-42.765,-2.303,1.774
2012-05-04-14_43_17.761,2,6,1,0,-51.747,-2.357,1.274
2012-05-04-14_43_17.762,2,6,1,0,-51.723,-2.264,1.174
2012-05-04-14_43_17.763,2,6,1,0,-51.821,-2.334,1.174
2012-05-04-14_43_17.764,2,7,1,0,-60.642,-2.293,1.774
2012-05-04-14_43_17.765,2,7,1,0,-60.715,-2.270,1.774
2012-05-04-14_43_17.766,2,7,1,0,-60.661,-2.214,1.774
2012-05-04-14_43_17.767,2,0,1,1,-2.193,-2.289,2.085
2012-05-04-14_43_17.768,2,0,1,1,-2.158,-2.189,1.985
2012-05-04-14_43_17.769,2,0,1,1,-2.251,-2.271,1.984
2012-05-04-14_43_17.770,2,1,1,1,-11.194,-2.295,1.585
2012-05-04-14_43_17.772,2,1,1,1,-11.333,-2.221,1.785
2012-05-04-14_43_17.773,2,1,1,1,-11.218,-2.208,1.684
2012-05-04-14_43_17.774,2,2,1,1,-20.157,-2.219,1.785
2012-05-04-14_43_17.775,2,2,1,1,-20.216,-2.201,1.884
2012-05-04-14_43_17.777,2,2,1,1,-20.223,-2.200,1.884
2012-05-04-14_43_17.778,2,3,1,1,-29.180,-2.301,1.985
2012-05-04-14_43_17.779,2,3,1,1,-29.145,-2.201,1.985
2012-05-04-14_43_17.779,2,3,1,1,-29.238,-2.283,2.084
2012-05-04-14_43_17.780,2,4,1,1,-38.176,-2.303,0.685
2012-05-04-14_43_17.781,2,4,1,1,-38.142,-2.203,0.585
2012-05-04-14_43_17.782,2,4,1,1,-38.235,-2.285,0.684
2012-05-04-14_43_17.782,2,5,1,1,-47.186,-2.289,0.985
2012-05-04-14_43_17.785,2,5,1,1,-47.266,-2.269,0.984
2012-05-04-14_43_17.786,2,5,1,1,-47.237,-2.292,0.984
2012-05-04-14_43_17.786,2,6,1,1,-56.222,-2.363,1.085
2012-05-04-14_43_17.787,2,6,1,1,-56.187,-2.264,1.085
2012-05-04-14_43_17.788,2,6,1,1,-56.280,-2.346,1.084
2012-05-04-14_43_17.789,2,7,1,1,-65.175,-2.282,1.284
2012-05-04-14_43_17.790,2,7,1,1,-65.182,-2.281,1.284
2012-05-04-14_43_17.791,2,7,1,1,-65.163,-2.180,1.384
2012-05-04-14_43_17.792,2,0,2,0,2.294,-6.780,1.893
2012-05-04-14_43_17.793,2,0,2,0,2.330,-6.689,1.893
2012-05-04-14_43_17.794,2,0,2,0,2.235,-6.769,1.893
2012-05-04-14_43_17.795,2,1,2,0,-6.715,-6.793,1.693
2012-05-04-14_43_17.796,2,1,2,0,-6.844,-6.721,1.693
2012-05-04-14_43_17.797,2,1,2,0,-6.737,-6.706,1.693
2012-05-04-14_43_17.798,2,2,2,0,-15.671,-6.710,0.993
2012-05-04-14_43_17.800,2,2,2,0,-15.730,-6.699,0.993
2012-05-04-14_43_17.801,2,2,2,0,-15.732,-6.697,0.993
2012-05-04-14_43_17.802,2,3,2,0,-24.693,-6.792,1.393
2012-05-04-14_43_17.803,2,3,2,0,-24.656,-6.701,1.393
2012-05-04-14_43_17.805,2,3,2,0,-24.752,-6.781,1.393
2012-05-04-14_43_17.807,2,4,2,0,-33.690,-6.794,0.793
2012-05-04-14_43_17.808,2,4,2,0,-33.653,-6.703,0.793
2012-05-04-14_43_17.809,2,4,2,0,-33.748,-6.783,0.793
2012-05-04-14_43_17.810,2,5,2,0,-42.697,-6.789,0.993
2012-05-04-14_43_17.812,2,5,2,0,-42.780,-6.766,1.193
2012-05-04-14_43_17.813,2,5,2,0,-42.753,-6.792,0.993
2012-05-04-14_43_17.814,2,6,2,0,-51.735,-6.854,1.093
2012-05-04-14_43_17.817,2,6,2,0,-51.699,-6.763,1.193
2012-05-04-14_43_17.818,2,6,2,0,-51.794,-6.844,1.093
2012-05-04-14_43_17.818,2,7,2,0,-60.688,-6.780,1.693
2012-05-04-14_43_17.819,2,7,2,0,-60.691,-6.778,1.693
2012-05-04-14_43_17.820,2,7,2,0,-60.676,-6.677,1.693
2012-05-04-14_43_17.821,2,0,2,1,-2.168,-6.786,1.803
2012-05-04-14_43_17.822,2,0,2,1,-2.195,-6.850,1.903
2012-05-04-14_43_17.823,2,0,2,1,-2.232,-6.770,1.803
2012-05-04-14_43_17.823,2,1,2,1,-11.343,-6.818,1.603
2012-05-04-14_43_17.826,2,1,2,1,-11.318,-6.719,1.703
2012-05-04-14_43_17.831,2,1,2,1,-11.362,-6.738,1.703
2012-05-04-14_43_17.831,2,2,2,1,-20.160,-6.780,1.003
2012-05-04-14_43_17.832,2,2,2,1,-20.197,-6.700,1.003
2012-05-04-14_43_17.833,2,2,2,1,-20.201,-6.697,1.003
2012-05-04-14_43_17.834,2,3,2,1,-29.155,-6.798,1.103
2012-05-04-14_43_17.835,2,3,2,1,-29.219,-6.782,1.103
2012-05-04-14_43_17.836,2,3,2,1,-29.223,-6.779,1.203
2012-05-04-14_43_17.837,2,4,2,1,-38.152,-6.800,0.803
2012-05-04-14_43_17.838,2,4,2,1,-38.215,-6.784,0.803
2012-05-04-14_43_17.839,2,4,2,1,-38.220,-6.781,0.903
2012-05-04-14_43_17.841,2,5,2,1,-47.171,-6.787,1.103
2012-05-04-14_43_17.842,2,5,2,1,-47.259,-6.869,1.103
2012-05-04-14_43_17.843,2,5,2,1,-47.264,-6.867,1.103
2012-05-04-14_43_17.844,2,6,2,1,-56.173,-6.762,1.203
2012-05-04-14_43_17.845,2,6,2,1,-56.261,-6.844,1.203
2012-05-04-14_43_17.846,2,6,2,1,-56.266,-6.842,1.203
2012-05-04-14_43_17.847,2,7,2,1,-65.155,-6.780,1.603
2012-05-04-14_43_17.848,2,7,2,1,-65.160,-6.778,1.603
2012-05-04-14_43_17.850,2,7,2,1,-65.177,-6.705,1.803
2012-05-04-14_43_17.851,2,0,3,0,2.326,-11.279,2.009
2012-05-04-14_43_17.851,2,0,3,0,2.343,-11.190,2.009
2012-05-04-14_43_17.852,2,0,3,0,2.260,-11.265,2.009
2012-05-04-14_43_17.853,2,1,3,0,-6.849,-11.310,9.809
2012-05-04-14_43_17.853,2,1,3,0,-6.832,-11.222,1.809
2012-05-04-14_43_17.854,2,1,3,0,-6.715,-11.204,1.809
2012-05-04-14_43_17.855,2,2,3,0,-15.639,-11.208,1.109
2012-05-04-14_43_17.856,2,2,3,0,-15.705,-11.195,1.109
2012-05-04-14_43_17.857,2,2,3,0,-15.710,-11.193,1.109
2012-05-04-14_43_17.858,2,3,3,0,-24.661,-11.291,1.509
2012-05-04-14_43_17.859,2,3,3,0,-24.644,-11.202,1.509
2012-05-04-14_43_17.860,2,3,3,0,-24.727,-11.278,1.509
2012-05-04-14_43_17.861,2,4,3,0,-33.658,-11.293,0.809
2012-05-04-14_43_17.862,2,4,3,0,-33.641,-11.204,0.809
2012-05-04-14_43_17.863,2,4,3,0,-33.724,-11.279,0.809
2012-05-04-14_43_17.864,2,5,3,0,-42.685,-11.290,1.109
2012-05-04-14_43_17.865,2,5,3,0,-42.768,-11.365,1.109
2012-05-04-14_43_17.867,2,5,3,0,-42.772,-11.363,1.109
2012-05-04-14_43_17.868,2,6,3,0,-51.703,-11.353,1.109
2012-05-04-14_43_17.868,2,6,3,0,-51.686,-11.264,1.109
2012-05-04-14_43_17.869,2,6,3,0,-51.769,-11.340,1.109
2012-05-04-14_43_17.871,2,7,3,0,-60.664,-11.276,1.809
2012-05-04-14_43_17.872,2,7,3,0,-60.669,-11.274,1.809
2012-05-04-14_43_17.873,2,7,3,0,-60.688,-11.192,1.809
2012-05-04-14_43_17.874,2,0,3,1,-2.139,-11.288,1.917
2012-05-04-14_43_17.875,2,0,3,1,-2.210,-11.265,1.917
2012-05-04-14_43_17.876,2,0,3,1,-2.246,-11.330,1.917
2012-05-04-14_43_17.877,2,1,3,1,-11.313,-11.320,1.617
2012-05-04-14_43_17.878,2,1,3,1,-11.225,-11.269,1.717
2012-05-04-14_43_17.878,2,1,3,1,-11.343,-11.240,1.817
2012-05-04-14_43_17.880,2,2,3,1,-20.175,-11.195,1.117
2012-05-04-14_43_17.881,2,2,3,1,-20.211,-11.260,1.217
2012-05-04-14_43_17.882,2,2,3,1,-20.248,-11.176,1.117
2012-05-04-14_43_17.883,2,3,3,1,-29.197,-11.277,1.217
2012-05-04-14_43_17.885,2,3,3,1,-29.233,-11.342,1.217
2012-05-04-14_43_17.885,2,3,3,1,-29.184,-11.176,1.317
2012-05-04-14_43_17.889,2,4,3,1,-38.193,-11.279,0.917
2012-05-04-14_43_17.890,2,4,3,1,-38.230,-11.344,0.917
2012-05-04-14_43_17.891,2,4,3,1,-38.181,-11.178,0.917
2012-05-04-14_43_17.893,2,5,3,1,-47.237,-11.365,1.117
2012-05-04-14_43_17.895,2,5,3,1,-47.225,-11.263,1.117
2012-05-04-14_43_17.897,2,5,3,1,-47.310,-11.346,1.117
2012-05-04-14_43_17.898,2,6,3,1,-56.239,-11.340,1.317
2012-05-04-14_43_17.898,2,6,3,1,-56.226,-11.238,1.317
2012-05-04-14_43_17.899,2,6,3,1,-56.312,-11.321,1.217
2012-05-04-14_43_17.902,2,7,3,1,-65.133,-11.276,1.917
2012-05-04-14_43_17.902,2,7,3,1,-65.207,-11.257,1.817
2012-05-04-14_43_17.903,2,7,3,1,-65.153,-11.206,1.817
2012-05-04-14_43_17.904,2,0,4,0,2.338,-15.781,2.122
2012-05-04-14_43_17.905,2,0,4,0,2.284,-15.767,2.122
2012-05-04-14_43_17.906,2,0,4,0,2.277,-15.766,2.122
2012-05-04-14_43_17.907,2,1,4,0,-6.666,-15.790,1.822
2012-05-04-14_43_17.908,2,1,4,0,-6.807,-15.725,7.722
2012-05-04-14_43_17.909,2,1,4,0,-6.854,-15.743,11.422
2012-05-04-14_43_17.910,2,2,4,0,-15.644,-15.778,1.122
2012-05-04-14_43_17.911,2,2,4,0,-15.681,-15.697,1.122
2012-05-04-14_43_17.912,2,2,4,0,-15.688,-15.696,1.222
2012-05-04-14_43_17.913,2,3,4,0,-24.649,-15.793,1.522
2012-05-04-14_43_17.914,2,3,4,0,-24.703,-15.779,1.622
2012-05-04-14_43_17.915,2,3,4,0,-24.710,-15.778,1.622
2012-05-04-14_43_17.917,2,4,4,0,-33.646,-15.795,0.822
2012-05-04-14_43_17.917,2,4,4,0,-33.699,-15.781,0.822
2012-05-04-14_43_17.918,2,4,4,0,-33.707,-15.780,0.822
2012-05-04-14_43_17.920,2,5,4,0,-42.660,-15.793,1.222
2012-05-04-14_43_17.921,2,5,4,0,-42.743,-15.867,1.122
2012-05-04-14_43_17.922,2,5,4,0,-42.750,-15.866,1.122
2012-05-04-14_43_17.923,2,6,4,0,-51.662,-15.768,1.222
2012-05-04-14_43_17.925,2,6,4,0,-51.745,-15.842,1.122
2012-05-04-14_43_17.926,2,6,4,0,-51.752,-15.841,1.122
2012-05-04-14_43_17.927,2,7,4,0,-60.640,-15.778,1.922
2012-05-04-14_43_17.928,2,7,4,0,-60.647,-15.777,1.922
2012-05-04-14_43_17.928,2,7,4,0,-60.661,-15.714,1.922
2012-05-04-14_43_17.930,2,0,4,1,-2.188,-15.770,2.030
2012-05-04-14_43_17.930,2,0,4,1,-2.139,-15.711,2.030
2012-05-04-14_43_17.932,2,1,4,1,-11.286,-15.825,1.831
2012-05-04-14_43_17.933,2,1,4,1,-11.313,-15.743,1.830
2012-05-04-14_43_17.934,2,2,4,1,-20.153,-15.699,1.230
2012-05-04-14_43_17.935,2,3,4,1,-29.175,-15.782,1.330
2012-05-04-14_43_17.935,2,4,4,1,-38.171,-15.784,0.930
2012-05-04-14_43_17.936,2,5,4,1,-47.166,-15.811,1.230
2012-05-04-14_43_17.937,2,6,4,1,-56.217,-15.844,1.230
2012-05-04-14_43_17.940,2,6,4,1,-56.168,-15.786,1.330
2012-05-04-14_43_17.941,2,0,5,0,2.362,-20.282,2.137
2012-05-04-14_43_17.942,2,0,5,0,2.296,-20.272,2.137
2012-05-04-14_43_17.943,2,0,5,0,2.265,-20.324,2.137
2012-05-04-14_43_17.944,2,1,5,0,-6.812,-20.314,6.537
2012-05-04-14_43_17.945,2,1,5,0,-6.724,-20.269,1.837
2012-05-04-14_43_17.947,2,1,5,0,-6.661,-20.198,1.937
2012-05-04-14_43_17.947,2,2,5,0,-15.669,-20.202,1.137
2012-05-04-14_43_17.948,2,2,5,0,-15.700,-20.254,1.137
2012-05-04-14_43_17.949,2,2,5,0,-15.644,-20.195,1.137
2012-05-04-14_43_17.951,2,3,5,0,-24.691,-20.284,1.637
2012-05-04-14_43_17.952,2,3,5,0,-24.722,-20.336,1.637
2012-05-04-14_43_17.953,2,3,5,0,-24.676,-20.185,1.537
2012-05-04-14_43_17.954,2,4,5,0,-33.687,-20.286,0.937
2012-05-04-14_43_17.955,2,4,5,0,-33.719,-20.338,0.937
2012-05-04-14_43_17.956,2,4,5,0,-33.673,-20.187,0.937
2012-05-04-14_43_17.957,2,5,5,0,-42.716,-20.273,1.337
2012-05-04-14_43_17.960,2,5,5,0,-42.685,-20.297,1.437
2012-05-04-14_43_17.961,2,5,5,0,-42.660,-20.207,1.437
2012-05-04-14_43_17.962,2,6,5,0,-51.733,-20.346,1.237
2012-05-04-14_43_17.962,2,6,5,0,-51.718,-20.248,1.237
2012-05-04-14_43_17.963,2,6,5,0,-51.686,-20.272,1.137
2012-05-04-14_43_17.964,2,0,5,1,-2.163,-20.272,2.048
2012-05-04-14_43_17.965,2,1,5,1,-11.260,-20.323,1.848
2012-05-04-14_43_17.966,2,1,5,1,-11.338,-20.304,1.848
2012-05-04-14_43_17.967,2,1,5,1,-11.286,-20.241,1.848
2012-05-04-14_43_17.968,2,3,5,1,-29.150,-20.285,1.348
2012-05-04-14_43_17.968,2,4,5,1,-38.147,-20.286,0.948
2012-05-04-14_43_17.971,2,6,5,1,-56.192,-20.347,1.248
2012-05-04-14_43_17.972,2,6,5,1,-56.141,-20.284,1.348
2012-05-04-14_43_17.973,2,0,6,0,2.321,-24.772,2.056
2012-05-04-14_43_17.974,2,1,6,0,-6.785,-24.814,1.656
2012-05-04-14_43_17.975,2,1,6,0,-6.854,-24.804,5.156
2012-05-04-14_43_17.976,2,1,6,0,-6.810,-24.736,1.656
2012-05-04-14_43_17.977,2,2,6,0,-15.644,-24.702,1.156
2012-05-04-14_43_17.978,2,3,6,0,-24.666,-24.784,1.556
2012-05-04-14_43_17.979,2,4,6,0,-33.663,-24.786,0.956
2012-05-04-14_43_17.980,2,5,6,0,-42.663,-24.804,1.456
2012-05-04-14_43_17.981,2,6,6,0,-51.708,-24.847,1.356
2012-05-04-14_43_17.982,2,6,6,0,-51.664,-24.779,1.456
2012-05-04-14_43_17.983,2,0,6,1,-2.136,-24.773,1.966
2012-05-04-14_43_17.983,2,1,6,1,-11.238,-24.820,1.666
2012-05-04-14_43_17.984,2,1,6,1,-11.311,-24.804,1.666
2012-05-04-14_43_17.985,2,1,6,1,-11.260,-24.736,1.666
2012-05-04-14_43_17.986,2,0,7,0,2.343,-29.268,2.071
2012-05-04-14_43_17.987,2,1,7,0,-6.766,-29.311,1.671
2012-05-04-14_43_17.989,2,1,7,0,-6.832,-29.300,1.671
2012-05-04-14_43_17.989,2,1,7,0,-6.785,-29.239,1.671
2012-05-04-14_43_17.990,2,3,7,0,-24.644,-29.280,1.471
2012-05-04-14_43_17.991,2,4,7,0,-33.641,-29.282,1.071
2012-05-04-14_43_17.992,2,6,7,0,-51.686,-29.343,1.371
2012-05-04-14_43_17.993,2,6,7,0,-51.640,-29.282,1.371
2012-05-04-14_43_17.994,2,1,7,1,-11.213,-29.318,1.680
2012-05-04-14_43_17.995,2,1,7,1,-11.291,-29.300,1.680
2012-05-04-14_43_17.996,2,1,7,1,-11.238,-29.238,1.680
2012-05-04-14_43_17.997,2,0,8,0,2.362,-33.764,1.985
2012-05-04-14_43_17.998,2,1,8,0,-6.744,-33.810,1.685
2012-05-04-14_43_17.999,2,1,8,0,-6.812,-33.795,1.685
2012-05-04-14_43_18.000,2,1,8,0,-6.763,-33.740,1.685
2012-05-04-14_43_18.002,2,1,8,1,-11.186,-33.818,1.794
2012-05-04-14_43_18.003,2,1,8,1,-11.264,-33.795,1.794
2012-05-04-14_43_18.004,2,1,8,1,-11.213,-33.738,1.693
2012-05-04-14_43_18.005,2,1,9,0,-6.719,-38.314,1.800
2012-05-04-14_43_18.006,2,1,9,0,-6.793,-38.299,1.800
2012-05-04-14_43_18.007,2,1,9,0,-6.741,-38.242,1.800
2012-05-04-14_43_18.008,2,1,9,1,-11.164,-38.324,1.812
2012-05-04-14_43_18.009,2,1,9,1,-11.240,-38.300,1.912
2012-05-04-14_43_18.010,2,1,9,1,-11.186,-38.242,1.912
2012-05-04-14_43_18.011,2,1,10,0,-6.695,-42.815,1.720
2012-05-04-14_43_18.012,2,1,10,0,-6.766,-42.803,1.720
2012-05-04-14_43_18.013,2,1,10,0,-6.715,-42.740,1.820
2012-05-04-14_43_18.014,2,1,10,1,-11.216,-42.803,1.830
2012-05-04-14_43_18.015,2,1,10,1,-11.164,-42.740,1.930
2012-05-04-14_43_18.016,2,1,11,0,-6.671,-47.314,1.835
2012-05-04-14_43_18.017,2,1,11,0,-6.741,-47.304,1.835
2012-05-04-14_43_18.018,2,1,11,0,-6.693,-47.237,1.835
2012-05-04-14_43_18.019,2,1,11,1,-11.191,-47.303,1.844
2012-05-04-14_43_18.022,2,1,11,1,-11.140,-47.236,1.844
2012-05-04-14_43_18.023,2,1,12,0,-6.717,-51.800,1.950
2012-05-04-14_43_18.024,2,1,12,0,-6.666,-51.740,1.950
2012-05-04-14_43_18.026,2,1,12,1,-11.167,-51.800,1.859
2012-05-04-14_43_18.027,2,1,13,0,-6.695,-56.296,1.966
2012-05-04-14_43_18.028,2,1,13,0,-6.644,-56.240,1.966
2012-05-04-14_43_18.029,2,1,13,1,-11.142,-56.296,1.978
2012-05-04-14_43_18.030,2,1,14,0,-6.668,-60.800,1.985
2012-05-04-14_43_18.031,2,1,15,0,-6.646,-65.303,2.099
