2012-05-05-16_06_01.704,401,0,0,0,2.258,2.217,1.765
2012-05-05-16_06_01.706,401,0,0,0,2.293,2.304,1.765
2012-05-05-16_06_01.707,401,0,0,0,2.195,2.245,1.665
2012-05-05-16_06_01.707,401,1,0,0,-6.752,2.208,2.165
2012-05-05-16_06_01.708,401,1,0,0,-6.830,2.234,2.165
2012-05-05-16_06_01.708,401,1,0,0,-6.771,2.286,2.165
2012-05-05-16_06_01.709,401,2,0,0,-15.707,2.287,1.565
2012-05-05-16_06_01.709,401,2,0,0,-15.770,2.315,1.565
2012-05-05-16_06_01.710,401,2,0,0,-15.713,2.361,1.565
2012-05-05-16_06_01.711,401,3,0,0,-24.729,2.205,2.565
2012-05-05-16_06_01.711,401,3,0,0,-24.694,2.292,2.565
2012-05-05-16_06_01.712,401,3,0,0,-24.792,2.233,2.565
2012-05-05-16_06_01.713,401,4,0,0,-33.725,2.203,1.365
2012-05-05-16_06_01.713,401,4,0,0,-33.690,2.290,1.465
2012-05-05-16_06_01.714,401,4,0,0,-33.788,2.231,1.365
2012-05-05-16_06_01.714,401,5,0,0,-42.734,2.205,1.765
2012-05-05-16_06_01.715,401,5,0,0,-42.683,2.166,1.765
2012-05-05-16_06_01.716,401,5,0,0,-42.776,2.191,1.665
2012-05-05-16_06_01.716,401,6,0,0,-51.771,2.143,1.165
2012-05-05-16_06_01.717,401,6,0,0,-51.736,2.230,1.065
2012-05-05-16_06_01.717,401,6,0,0,-51.834,2.171,1.065
2012-05-05-16_06_01.718,401,7,0,0,-60.665,2.206,2.365
2012-05-05-16_06_01.719,401,7,0,0,-60.729,2.234,2.265
2012-05-05-16_06_01.719,401,7,0,0,-60.672,2.280,2.365
2012-05-05-16_06_01.720,401,0,0,1,-2.192,2.208,1.965
2012-05-05-16_06_01.720,401,0,0,1,-2.164,2.304,1.965
2012-05-05-16_06_01.721,401,0,0,1,-2.260,2.232,1.965
2012-05-05-16_06_01.722,401,1,0,1,-11.205,2.207,2.265
2012-05-05-16_06_01.722,401,1,0,1,-11.339,2.272,2.365
2012-05-05-16_06_01.723,401,1,0,1,-11.229,2.286,2.365
2012-05-05-16_06_01.723,401,2,0,1,-20.157,2.278,1.765
2012-05-05-16_06_01.724,401,2,0,1,-20.225,2.302,1.765
2012-05-05-16_06_01.725,401,2,0,1,-20.230,2.302,1.765
2012-05-05-16_06_01.848,401,3,0,1,-29.179,2.196,2.765
2012-05-05-16_06_01.850,401,3,0,1,-29.151,2.292,2.965
2012-05-05-16_06_01.852,401,3,0,1,-29.247,2.219,2.765
2012-05-05-16_06_01.853,401,4,0,1,-38.175,2.194,2.465
2012-05-05-16_06_01.855,401,4,0,1,-38.148,2.290,2.365
2012-05-05-16_06_01.857,401,4,0,1,-38.243,2.218,2.365
2012-05-05-16_06_01.861,401,5,0,1,-47.191,2.204,0.865
2012-05-05-16_06_01.863,401,5,0,1,-47.274,2.227,0.965
2012-05-05-16_06_01.865,401,5,0,1,-47.247,2.203,0.865
2012-05-05-16_06_01.867,401,6,0,1,-56.193,2.230,1.865
2012-05-05-16_06_01.869,401,6,0,1,-56.289,2.157,1.865
2012-05-05-16_06_01.870,401,6,0,1,-56.294,2.158,1.865
2012-05-05-16_06_01.872,401,7,0,1,-65.183,2.221,1.665
2012-05-05-16_06_01.873,401,7,0,1,-65.188,2.221,1.665
2012-05-05-16_06_01.875,401,7,0,1,-65.171,2.316,1.665
2012-05-05-16_06_01.877,401,0,1,0,2.270,-2.283,1.178
2012-05-05-16_06_01.879,401,0,1,0,2.298,-2.189,1.178
2012-05-05-16_06_01.881,401,0,1,0,2.195,-2.258,1.178
2012-05-05-16_06_01.883,401,1,1,0,-6.748,-2.295,1.678
2012-05-05-16_06_01.885,401,1,1,0,-6.828,-2.268,1.678
2012-05-05-16_06_01.886,401,1,1,0,-6.769,-2.208,1.678
2012-05-05-16_06_01.888,401,2,1,0,-15.695,-2.213,0.878
2012-05-05-16_06_01.889,401,2,1,0,-15.770,-2.188,0.778
2012-05-05-16_06_01.889,401,2,1,0,-15.746,-2.198,0.878
2012-05-05-16_06_01.890,401,3,1,0,-24.717,-2.295,1.178
2012-05-05-16_06_01.891,401,3,1,0,-24.689,-2.201,1.178
2012-05-05-16_06_01.892,401,3,1,0,-24.792,-2.271,1.178
2012-05-05-16_06_01.892,401,4,1,0,-33.713,-2.297,0.578
2012-05-05-16_06_01.893,401,4,1,0,-33.686,-2.203,0.578
2012-05-05-16_06_01.894,401,4,1,0,-33.789,-2.272,0.478
2012-05-05-16_06_01.895,401,5,1,0,-42.730,-2.289,1.078
2012-05-05-16_06_01.895,401,5,1,0,-42.681,-2.336,1.078
2012-05-05-16_06_01.898,401,5,1,0,-42.776,-2.303,1.078
2012-05-05-16_06_01.898,401,6,1,0,-51.759,-2.357,0.978
2012-05-05-16_06_01.899,401,6,1,0,-51.731,-2.264,0.878
2012-05-05-16_06_01.900,401,6,1,0,-51.834,-2.333,0.878
2012-05-05-16_06_01.900,401,7,1,0,-60.654,-2.293,1.578
2012-05-05-16_06_01.901,401,7,1,0,-60.729,-2.269,1.578
2012-05-05-16_06_01.902,401,7,1,0,-60.672,-2.214,1.578
2012-05-05-16_06_01.903,401,0,1,1,-2.194,-2.290,1.688
2012-05-05-16_06_01.903,401,0,1,1,-2.167,-2.189,1.688
2012-05-05-16_06_01.904,401,0,1,1,-2.263,-2.272,1.688
2012-05-05-16_06_01.905,401,1,1,1,-11.205,-2.294,1.088
2012-05-05-16_06_01.906,401,1,1,1,-11.341,-2.221,1.188
2012-05-05-16_06_01.907,401,1,1,1,-11.229,-2.208,1.188
2012-05-05-16_06_01.907,401,2,1,1,-20.159,-2.220,0.688
2012-05-05-16_06_01.908,401,2,1,1,-20.228,-2.202,0.688
2012-05-05-16_06_01.909,401,2,1,1,-20.235,-2.200,0.788
2012-05-05-16_06_01.909,401,3,1,1,-29.181,-2.302,0.988
2012-05-05-16_06_01.910,401,3,1,1,-29.154,-2.201,0.988
2012-05-05-16_06_01.911,401,3,1,1,-29.250,-2.284,0.988
2012-05-05-16_06_01.912,401,4,1,1,-38.178,-2.304,0.788
2012-05-05-16_06_01.913,401,4,1,1,-38.150,-2.203,0.688
2012-05-05-16_06_01.915,401,4,1,1,-38.246,-2.286,0.688
2012-05-05-16_06_01.916,401,5,1,1,-47.194,-2.289,1.088
2012-05-05-16_06_01.917,401,5,1,1,-47.277,-2.269,0.988
2012-05-05-16_06_01.917,401,5,1,1,-47.248,-2.292,1.088
2012-05-05-16_06_01.918,401,6,1,1,-56.223,-2.364,1.188
2012-05-05-16_06_01.918,401,6,1,1,-56.196,-2.264,1.188
2012-05-05-16_06_01.919,401,6,1,1,-56.292,-2.346,1.088
2012-05-05-16_06_01.921,401,7,1,1,-65.186,-2.282,1.588
2012-05-05-16_06_01.922,401,7,1,1,-65.194,-2.281,1.588
2012-05-05-16_06_01.930,401,7,1,1,-65.173,-2.180,1.688
2012-05-05-16_06_01.931,401,0,2,0,2.260,-6.780,1.902
2012-05-05-16_06_01.932,401,0,2,0,2.295,-6.689,1.902
2012-05-05-16_06_01.932,401,0,2,0,2.197,-6.759,1.902
2012-05-05-16_06_01.933,401,1,2,0,-6.746,-6.793,1.702
2012-05-05-16_06_01.934,401,1,2,0,-6.829,-6.772,1.702
2012-05-05-16_06_01.935,401,1,2,0,-6.767,-6.706,1.702
2012-05-05-16_06_01.935,401,2,2,0,-15.705,-6.710,1.002
2012-05-05-16_06_01.936,401,2,2,0,-15.768,-6.689,1.002
2012-05-05-16_06_01.936,401,2,2,0,-15.712,-6.637,1.002
2012-05-05-16_06_01.937,401,3,2,0,-24.727,-6.792,1.402
2012-05-05-16_06_01.938,401,3,2,0,-24.692,-6.701,1.402
2012-05-05-16_06_01.939,401,3,2,0,-24.790,-6.771,1.402
2012-05-05-16_06_01.940,401,4,2,0,-33.724,-6.794,0.802
2012-05-05-16_06_01.940,401,4,2,0,-33.689,-6.703,0.802
2012-05-05-16_06_01.941,401,4,2,0,-33.787,-6.773,0.802
2012-05-05-16_06_01.942,401,5,2,0,-42.733,-6.789,1.102
2012-05-05-16_06_01.943,401,5,2,0,-42.682,-6.840,1.102
2012-05-05-16_06_01.944,401,5,2,0,-42.774,-6.807,1.102
2012-05-05-16_06_01.944,401,6,2,0,-51.769,-6.855,1.102
2012-05-05-16_06_01.945,401,6,2,0,-51.734,-6.764,1.202
2012-05-05-16_06_01.946,401,6,2,0,-51.832,-6.834,1.102
2012-05-05-16_06_01.947,401,7,2,0,-60.664,-6.791,1.702
2012-05-05-16_06_01.947,401,7,2,0,-60.727,-6.770,1.702
2012-05-05-16_06_01.948,401,7,2,0,-60.671,-6.718,1.702
2012-05-05-16_06_01.949,401,0,2,1,-2.192,-6.786,1.810
2012-05-05-16_06_01.949,401,0,2,1,-2.165,-6.688,1.810
2012-05-05-16_06_01.950,401,0,2,1,-2.266,-6.770,1.810
2012-05-05-16_06_01.951,401,1,2,1,-11.203,-6.792,1.610
2012-05-05-16_06_01.952,401,1,2,1,-11.339,-6.720,1.710
2012-05-05-16_06_01.952,401,1,2,1,-11.229,-6.706,1.710
2012-05-05-16_06_01.953,401,2,2,1,-20.157,-6.716,1.010
2012-05-05-16_06_01.954,401,2,2,1,-20.230,-6.700,1.010
2012-05-05-16_06_01.954,401,2,2,1,-20.238,-6.697,1.010
2012-05-05-16_06_01.955,401,3,2,1,-29.179,-6.799,1.110
2012-05-05-16_06_01.956,401,3,2,1,-29.152,-6.700,1.010
2012-05-05-16_06_01.957,401,3,2,1,-29.252,-6.782,1.110
2012-05-05-16_06_01.958,401,4,2,1,-38.176,-6.800,0.810
2012-05-05-16_06_01.959,401,4,2,1,-38.148,-6.702,0.810
2012-05-05-16_06_01.960,401,4,2,1,-38.249,-6.784,0.810
2012-05-05-16_06_01.961,401,5,2,1,-47.192,-6.788,1.110
2012-05-05-16_06_01.962,401,5,2,1,-47.280,-6.767,1.110
2012-05-05-16_06_01.963,401,5,2,1,-47.251,-6.792,1.110
2012-05-05-16_06_01.963,401,6,2,1,-56.221,-6.861,1.110
2012-05-05-16_06_01.964,401,6,2,1,-56.194,-6.763,1.110
2012-05-05-16_06_01.965,401,6,2,1,-56.295,-6.844,1.210
2012-05-05-16_06_01.966,401,7,2,1,-65.189,-6.780,1.710
2012-05-05-16_06_01.967,401,7,2,1,-65.196,-6.778,1.710
2012-05-05-16_06_01.967,401,7,2,1,-65.176,-6.678,1.810
2012-05-05-16_06_01.968,401,0,3,0,2.269,-11.279,2.020
2012-05-05-16_06_01.969,401,0,3,0,2.294,-11.190,1.920
2012-05-05-16_06_01.969,401,0,3,0,2.196,-11.255,2.020
2012-05-05-16_06_01.970,401,1,3,0,-6.744,-11.289,1.820
2012-05-05-16_06_01.971,401,1,3,0,-6.827,-11.270,1.820
2012-05-05-16_06_01.972,401,1,3,0,-6.765,-11.204,1.820
2012-05-05-16_06_01.973,401,2,3,0,-15.696,-11.208,1.120
2012-05-05-16_06_01.974,401,2,3,0,-15.769,-11.185,1.120
2012-05-05-16_06_01.974,401,2,3,0,-15.715,-11.140,1.120
2012-05-05-16_06_01.975,401,3,3,0,-24.718,-11.291,1.520
2012-05-05-16_06_01.976,401,3,3,0,-24.693,-11.203,1.520
2012-05-05-16_06_01.977,401,3,3,0,-24.791,-11.267,1.420
2012-05-05-16_06_01.988,401,4,3,0,-33.714,-11.293,0.820
2012-05-05-16_06_01.989,401,4,3,0,-33.689,-11.204,0.820
2012-05-05-16_06_01.990,401,4,3,0,-33.787,-11.269,0.820
2012-05-05-16_06_01.990,401,5,3,0,-42.733,-11.290,1.120
2012-05-05-16_06_01.991,401,5,3,0,-42.680,-11.338,1.120
2012-05-05-16_06_01.993,401,5,3,0,-42.777,-11.310,1.120
2012-05-05-16_06_01.993,401,6,3,0,-51.760,-11.353,1.120
2012-05-05-16_06_01.994,401,6,3,0,-51.735,-11.265,1.120
2012-05-05-16_06_01.995,401,6,3,0,-51.833,-11.330,1.120
2012-05-05-16_06_01.996,401,7,3,0,-60.654,-11.289,1.820
2012-05-05-16_06_01.998,401,7,3,0,-60.727,-11.266,1.720
2012-05-05-16_06_01.998,401,7,3,0,-60.673,-11.221,1.720
2012-05-05-16_06_01.999,401,0,3,1,-2.190,-11.288,1.928
2012-05-05-16_06_02.000,401,0,3,1,-2.165,-11.189,1.928
2012-05-05-16_06_02.001,401,0,3,1,-2.266,-11.265,1.828
2012-05-05-16_06_02.001,401,1,3,1,-11.206,-11.288,1.828
2012-05-05-16_06_02.002,401,1,3,1,-11.340,-11.221,1.828
2012-05-05-16_06_02.004,401,1,3,1,-11.227,-11.204,1.828
2012-05-05-16_06_02.005,401,2,3,1,-20.155,-11.218,1.128
2012-05-05-16_06_02.005,401,2,3,1,-20.231,-11.195,1.128
2012-05-05-16_06_02.006,401,2,3,1,-20.238,-11.194,1.028
2012-05-05-16_06_02.007,401,3,3,1,-29.177,-11.300,1.228
2012-05-05-16_06_02.007,401,3,3,1,-29.152,-11.201,1.228
2012-05-05-16_06_02.008,401,3,3,1,-29.253,-11.277,1.228
2012-05-05-16_06_02.008,401,4,3,1,-38.174,-11.302,0.828
2012-05-05-16_06_02.009,401,4,3,1,-38.149,-11.203,0.828
2012-05-05-16_06_02.010,401,4,3,1,-38.249,-11.279,0.828
2012-05-05-16_06_02.010,401,5,3,1,-47.193,-11.289,1.128
2012-05-05-16_06_02.011,401,5,3,1,-47.280,-11.265,1.028
2012-05-05-16_06_02.012,401,5,3,1,-47.249,-11.292,1.128
2012-05-05-16_06_02.014,401,6,3,1,-56.219,-11.363,1.228
2012-05-05-16_06_02.015,401,6,3,1,-56.194,-11.264,1.228
2012-05-05-16_06_02.015,401,6,3,1,-56.295,-11.340,1.228
2012-05-05-16_06_02.016,401,7,3,1,-65.190,-11.276,1.828
2012-05-05-16_06_02.016,401,7,3,1,-65.197,-11.275,1.828
2012-05-05-16_06_02.017,401,7,3,1,-65.177,-11.176,1.828
2012-05-05-16_06_02.018,401,0,4,0,2.269,-15.782,2.039
2012-05-05-16_06_02.019,401,0,4,0,2.296,-15.697,2.039
2012-05-05-16_06_02.020,401,0,4,0,2.193,-15.754,2.039
2012-05-05-16_06_02.020,401,1,4,0,-6.739,-15.789,1.839
2012-05-05-16_06_02.021,401,1,4,0,-6.825,-15.769,1.839
2012-05-05-16_06_02.022,401,1,4,0,-6.761,-15.712,1.839
2012-05-05-16_06_02.023,401,2,4,0,-15.696,-15.712,1.139
2012-05-05-16_06_02.024,401,2,4,0,-15.772,-15.684,1.139
2012-05-05-16_06_02.025,401,2,4,0,-15.715,-15.642,1.139
2012-05-05-16_06_02.025,401,3,4,0,-24.718,-15.794,1.539
2012-05-05-16_06_02.026,401,3,4,0,-24.691,-15.709,1.539
2012-05-05-16_06_02.026,401,3,4,0,-24.794,-15.766,1.539
2012-05-05-16_06_02.027,401,4,4,0,-33.715,-15.796,0.839
2012-05-05-16_06_02.028,401,4,4,0,-33.687,-15.711,0.839
2012-05-05-16_06_02.028,401,4,4,0,-33.790,-15.768,0.839
2012-05-05-16_06_02.029,401,5,4,0,-42.731,-15.796,1.139
2012-05-05-16_06_02.030,401,5,4,0,-42.678,-15.837,1.139
2012-05-05-16_06_02.031,401,5,4,0,-42.777,-15.812,1.139
2012-05-05-16_06_02.031,401,6,4,0,-51.760,-15.856,1.139
2012-05-05-16_06_02.032,401,6,4,0,-51.733,-15.771,1.239
2012-05-05-16_06_02.033,401,6,4,0,-51.836,-15.829,1.139
2012-05-05-16_06_02.035,401,7,4,0,-60.655,-15.793,1.839
2012-05-05-16_06_02.036,401,7,4,0,-60.730,-15.765,1.839
2012-05-05-16_06_02.036,401,7,4,0,-60.674,-15.723,1.839
2012-05-05-16_06_02.037,401,0,4,1,-2.188,-15.794,1.951
2012-05-05-16_06_02.038,401,0,4,1,-2.163,-15.696,1.851
2012-05-05-16_06_02.040,401,0,4,1,-2.266,-15.766,3.051
2012-05-05-16_06_02.042,401,1,4,1,-11.209,-15.790,1.851
2012-05-05-16_06_02.042,401,1,4,1,-11.338,-15.728,1.851
2012-05-05-16_06_02.043,401,1,4,1,-11.228,-15.710,1.850
2012-05-05-16_06_02.044,401,2,4,1,-20.153,-15.724,1.251
2012-05-05-16_06_02.044,401,2,4,1,-20.231,-15.696,1.251
2012-05-05-16_06_02.045,401,2,4,1,-20.239,-15.695,1.151
2012-05-05-16_06_02.045,401,3,4,1,-29.175,-15.806,1.251
2012-05-05-16_06_02.046,401,3,4,1,-29.150,-15.708,1.251
2012-05-05-16_06_02.047,401,3,4,1,-29.253,-15.779,1.351
2012-05-05-16_06_02.048,401,4,4,1,-38.172,-15.808,0.851
2012-05-05-16_06_02.048,401,4,4,1,-38.147,-15.710,0.851
2012-05-05-16_06_02.049,401,4,4,1,-38.250,-15.780,0.851
2012-05-05-16_06_02.050,401,5,4,1,-47.191,-15.796,1.251
2012-05-05-16_06_02.051,401,5,4,1,-47.281,-15.770,1.150
2012-05-05-16_06_02.051,401,5,4,1,-47.249,-15.798,1.250
2012-05-05-16_06_02.052,401,6,4,1,-56.192,-15.771,1.251
2012-05-05-16_06_02.053,401,6,4,1,-56.295,-15.841,1.251
2012-05-05-16_06_02.054,401,6,4,1,-56.303,-15.840,1.351
2012-05-05-16_06_02.054,401,7,4,1,-65.190,-15.777,12.751
2012-05-05-16_06_02.055,401,7,4,1,-65.197,-15.776,1.851
2012-05-05-16_06_02.056,401,7,4,1,-65.177,-15.681,1.850
2012-05-05-16_06_02.057,401,0,5,0,2.271,-20.283,2.063
2012-05-05-16_06_02.057,401,0,5,0,2.296,-20.197,2.063
2012-05-05-16_06_02.058,401,0,5,0,2.190,-20.254,2.063
2012-05-05-16_06_02.059,401,1,5,0,-6.740,-20.294,1.863
2012-05-05-16_06_02.060,401,1,5,0,-6.825,-20.268,1.863
2012-05-05-16_06_02.061,401,1,5,0,-6.761,-20.216,1.863
2012-05-05-16_06_02.061,401,2,5,0,-15.694,-20.213,1.163
2012-05-05-16_06_02.062,401,2,5,0,-15.774,-20.184,1.163
2012-05-05-16_06_02.063,401,2,5,0,-15.716,-20.140,1.163
2012-05-05-16_06_02.064,401,3,5,0,-24.716,-20.295,1.563
2012-05-05-16_06_02.065,401,3,5,0,-24.691,-20.209,1.563
2012-05-05-16_06_02.065,401,3,5,0,-24.796,-20.266,1.563
2012-05-05-16_06_02.066,401,4,5,0,-33.713,-20.297,0.963
2012-05-05-16_06_02.067,401,4,5,0,-33.688,-20.211,0.963
2012-05-05-16_06_02.067,401,4,5,0,-33.793,-20.268,0.863
2012-05-05-16_06_02.068,401,5,5,0,-42.731,-20.297,1.163
2012-05-05-16_06_02.069,401,5,5,0,-42.678,-20.336,1.163
2012-05-05-16_06_02.072,401,5,5,0,-42.778,-20.310,1.163
2012-05-05-16_06_02.072,401,6,5,0,-51.758,-20.358,1.163
2012-05-05-16_06_02.073,401,6,5,0,-51.733,-20.272,1.263
2012-05-05-16_06_02.074,401,6,5,0,-51.839,-20.328,1.163
2012-05-05-16_06_02.074,401,7,5,0,-60.653,-20.294,1.863
2012-05-05-16_06_02.076,401,7,5,0,-60.733,-20.265,1.863
2012-05-05-16_06_02.076,401,7,5,0,-60.674,-20.221,1.863
2012-05-05-16_06_02.077,401,0,5,1,-2.186,-20.291,1.973
2012-05-05-16_06_02.078,401,0,5,1,-2.161,-20.196,1.972
2012-05-05-16_06_02.079,401,0,5,1,-2.264,-20.269,4.172
2012-05-05-16_06_02.079,401,1,5,1,-11.209,-20.294,1.872
2012-05-05-16_06_02.080,401,1,5,1,-11.336,-20.228,1.872
2012-05-05-16_06_02.081,401,1,5,1,-11.231,-20.215,1.872
2012-05-05-16_06_02.082,401,2,5,1,-20.151,-20.221,1.173
2012-05-05-16_06_02.082,401,2,5,1,-20.229,-20.199,1.272
2012-05-05-16_06_02.083,401,2,5,1,-20.237,-20.198,1.172
2012-05-05-16_06_02.084,401,3,5,1,-29.173,-20.303,1.273
2012-05-05-16_06_02.084,401,3,5,1,-29.148,-20.208,1.272
2012-05-05-16_06_02.085,401,3,5,1,-29.251,-20.281,12.772
2012-05-05-16_06_02.086,401,4,5,1,-38.170,-20.305,0.973
2012-05-05-16_06_02.087,401,4,5,1,-38.145,-20.210,0.972
2012-05-05-16_06_02.087,401,4,5,1,-38.248,-20.283,0.872
2012-05-05-16_06_02.088,401,5,5,1,-47.189,-20.296,1.172
2012-05-05-16_06_02.089,401,5,5,1,-47.279,-20.275,1.172
2012-05-05-16_06_02.091,401,5,5,1,-47.250,-20.298,1.172
2012-05-05-16_06_02.092,401,6,5,1,-56.190,-20.271,1.372
2012-05-05-16_06_02.093,401,6,5,1,-56.293,-20.343,1.372
2012-05-05-16_06_02.093,401,6,5,1,-56.301,-20.343,1.272
2012-05-05-16_06_02.094,401,7,5,1,-65.188,-20.280,12.272
2012-05-05-16_06_02.095,401,7,5,1,-65.195,-20.279,1.872
2012-05-05-16_06_02.097,401,7,5,1,-65.175,-20.186,1.872
2012-05-05-16_06_02.098,401,0,6,0,2.273,-24.783,1.981
2012-05-05-16_06_02.099,401,0,6,0,2.303,-24.690,1.981
2012-05-05-16_06_02.099,401,0,6,0,2.190,-24.757,1.981
2012-05-05-16_06_02.100,401,1,6,0,-6.740,-24.796,1.681
2012-05-05-16_06_02.101,401,1,6,0,-6.818,-24.770,1.681
2012-05-05-16_06_02.102,401,1,6,0,-6.759,-24.710,1.681
2012-05-05-16_06_02.102,401,2,6,0,-15.692,-24.713,1.081
2012-05-05-16_06_02.103,401,2,6,0,-15.775,-24.687,1.081
2012-05-05-16_06_02.104,401,2,6,0,-15.748,-24.697,1.081
2012-05-05-16_06_02.104,401,3,6,0,-24.714,-24.795,1.481
2012-05-05-16_06_02.106,401,3,6,0,-24.684,-24.702,1.581
2012-05-05-16_06_02.106,401,3,6,0,-24.797,-24.769,1.481
2012-05-05-16_06_02.107,401,4,6,0,-33.711,-24.797,0.981
2012-05-05-16_06_02.107,401,4,6,0,-33.681,-24.704,0.981
2012-05-05-16_06_02.108,401,4,6,0,-33.793,-24.771,0.981
2012-05-05-16_06_02.109,401,5,6,0,-42.724,-24.790,1.381
2012-05-05-16_06_02.110,401,5,6,0,-42.671,-24.838,1.381
2012-05-05-16_06_02.110,401,5,6,0,-42.776,-24.805,1.381
2012-05-05-16_06_02.111,401,6,6,0,-51.756,-24.857,1.281
2012-05-05-16_06_02.112,401,6,6,0,-51.726,-24.764,1.281
2012-05-05-16_06_02.112,401,6,6,0,-51.673,-24.812,1.381
2012-05-05-16_06_02.113,401,7,6,0,-60.651,-24.793,2.081
2012-05-05-16_06_02.114,401,7,6,0,-60.734,-24.768,2.081
2012-05-05-16_06_02.114,401,7,6,0,-60.672,-24.716,2.181
2012-05-05-16_06_02.115,401,0,6,1,-2.189,-24.789,1.890
2012-05-05-16_06_02.116,401,0,6,1,-2.162,-24.690,1.990
2012-05-05-16_06_02.116,401,0,6,1,-2.262,-24.770,1.890
2012-05-05-16_06_02.117,401,1,6,1,-11.212,-24.796,1.690
2012-05-05-16_06_02.118,401,1,6,1,-11.336,-24.721,1.790
2012-05-05-16_06_02.118,401,1,6,1,-11.234,-24.710,1.790
2012-05-05-16_06_02.119,401,2,6,1,-20.154,-24.719,1.090
2012-05-05-16_06_02.120,401,2,6,1,-20.227,-24.700,1.090
2012-05-05-16_06_02.120,401,2,6,1,-20.235,-24.699,1.190
2012-05-05-16_06_02.121,401,3,6,1,-29.176,-24.801,1.290
2012-05-05-16_06_02.122,401,3,6,1,-29.149,-24.702,1.490
2012-05-05-16_06_02.122,401,3,6,1,-29.249,-24.782,1.290
2012-05-05-16_06_02.123,401,4,6,1,-38.173,-24.803,0.990
2012-05-05-16_06_02.123,401,4,6,1,-38.145,-24.704,0.990
2012-05-05-16_06_02.124,401,4,6,1,-38.246,-24.784,0.990
2012-05-05-16_06_02.125,401,5,6,1,-47.189,-24.789,1.490
2012-05-05-16_06_02.126,401,5,6,1,-47.274,-24.770,1.390
2012-05-05-16_06_02.127,401,5,6,1,-47.243,-24.792,1.390
2012-05-05-16_06_02.127,401,6,6,1,-56.218,-24.864,1.390
2012-05-05-16_06_02.128,401,6,6,1,-56.191,-24.764,1.490
2012-05-05-16_06_02.129,401,6,6,1,-56.291,-24.845,1.490
2012-05-05-16_06_02.130,401,7,6,1,-65.186,-24.781,1.990
2012-05-05-16_06_02.130,401,7,6,1,-65.193,-24.780,1.990
2012-05-05-16_06_02.131,401,7,6,1,-65.171,-24.681,2.190
2012-05-05-16_06_02.132,401,0,7,0,2.265,-29.280,2.001
2012-05-05-16_06_02.133,401,0,7,0,2.302,-29.189,2.001
2012-05-05-16_06_02.133,401,0,7,0,2.190,-29.260,2.001
2012-05-05-16_06_02.134,401,1,7,0,-6.743,-29.292,1.801
2012-05-05-16_06_02.135,401,1,7,0,-6.816,-29.272,1.701
2012-05-05-16_06_02.136,401,1,7,0,-6.762,-29.206,1.701
2012-05-05-16_06_02.137,401,2,7,0,-15.700,-29.210,1.101
2012-05-05-16_06_02.137,401,2,7,0,-15.775,-29.189,1.201
2012-05-05-16_06_02.139,401,2,7,0,-15.749,-29.196,1.101
2012-05-05-16_06_02.140,401,3,7,0,-24.722,-29.292,1.501
2012-05-05-16_06_02.141,401,3,7,0,-24.685,-29.201,1.501
2012-05-05-16_06_02.142,401,3,7,0,-24.797,-29.272,1.501
2012-05-05-16_06_02.143,401,4,7,0,-33.718,-29.294,1.001
2012-05-05-16_06_02.143,401,4,7,0,-33.681,-29.203,1.001
2012-05-05-16_06_02.144,401,4,7,0,-33.794,-29.274,1.001
2012-05-05-16_06_02.145,401,5,7,0,-42.725,-29.289,1.401
2012-05-05-16_06_02.146,401,5,7,0,-42.810,-29.268,1.401
2012-05-05-16_06_02.146,401,5,7,0,-42.783,-29.292,1.401
2012-05-05-16_06_02.147,401,6,7,0,-51.764,-29.355,1.301
2012-05-05-16_06_02.148,401,6,7,0,-51.727,-29.264,1.301
2012-05-05-16_06_02.149,401,6,7,0,-51.671,-29.315,1.301
2012-05-05-16_06_02.149,401,7,7,0,-60.658,-29.291,2.101
2012-05-05-16_06_02.150,401,7,7,0,-60.734,-29.270,2.201
2012-05-05-16_06_02.151,401,7,7,0,-60.707,-29.178,2.201
2012-05-05-16_06_02.152,401,0,7,1,-2.190,-29.286,2.013
2012-05-05-16_06_02.153,401,0,7,1,-2.162,-29.189,1.913
2012-05-05-16_06_02.154,401,0,7,1,-2.263,-29.270,2.013
2012-05-05-16_06_02.155,401,1,7,1,-11.213,-29.292,1.813
2012-05-05-16_06_02.155,401,1,7,1,-11.337,-29.221,1.813
2012-05-05-16_06_02.156,401,1,7,1,-11.236,-29.206,1.813
2012-05-05-16_06_02.157,401,2,7,1,-20.155,-29.216,1.113
2012-05-05-16_06_02.158,401,2,7,1,-20.228,-29.200,1.213
2012-05-05-16_06_02.158,401,2,7,1,-20.233,-29.196,1.113
2012-05-05-16_06_02.159,401,3,7,1,-29.177,-29.298,1.313
2012-05-05-16_06_02.160,401,3,7,1,-29.149,-29.201,1.313
2012-05-05-16_06_02.161,401,3,7,1,-29.250,-29.282,1.313
2012-05-05-16_06_02.162,401,4,7,1,-38.173,-29.300,1.013
2012-05-05-16_06_02.162,401,4,7,1,-38.146,-29.203,1.113
2012-05-05-16_06_02.163,401,4,7,1,-38.246,-29.284,1.113
2012-05-05-16_06_02.165,401,5,7,1,-47.189,-29.289,1.513
2012-05-05-16_06_02.166,401,5,7,1,-47.275,-29.266,1.513
2012-05-05-16_06_02.166,401,5,7,1,-47.246,-29.293,1.513
2012-05-05-16_06_02.167,401,6,7,1,-56.219,-29.360,1.413
2012-05-05-16_06_02.168,401,6,7,1,-56.191,-29.263,1.413
2012-05-05-16_06_02.169,401,6,7,1,-56.292,-29.344,1.413
2012-05-05-16_06_02.169,401,7,7,1,-65.186,-29.280,2.113
2012-05-05-16_06_02.171,401,7,7,1,-65.191,-29.277,2.013
2012-05-05-16_06_02.172,401,7,7,1,-65.171,-29.177,2.213
2012-05-05-16_06_02.173,401,0,8,0,2.267,-33.778,2.026
2012-05-05-16_06_02.173,401,0,8,0,2.304,-33.688,2.026
2012-05-05-16_06_02.174,401,0,8,0,2.192,-33.755,1.926
2012-05-05-16_06_02.175,401,1,8,0,-6.744,-33.788,1.726
2012-05-05-16_06_02.176,401,1,8,0,-6.819,-33.769,1.726
2012-05-05-16_06_02.177,401,1,8,0,-6.763,-33.703,1.726
2012-05-05-16_06_02.178,401,2,8,0,-15.698,-33.708,1.126
2012-05-05-16_06_02.179,401,2,8,0,-15.773,-33.685,1.126
2012-05-05-16_06_02.179,401,2,8,0,-15.709,-33.638,1.126
2012-05-05-16_06_02.180,401,3,8,0,-24.720,-33.790,1.526
2012-05-05-16_06_02.181,401,3,8,0,-24.683,-33.700,1.526
2012-05-05-16_06_02.182,401,3,8,0,-24.795,-33.768,1.526
2012-05-05-16_06_02.183,401,4,8,0,-33.716,-33.792,1.026
2012-05-05-16_06_02.183,401,4,8,0,-33.679,-33.702,1.026
2012-05-05-16_06_02.184,401,4,8,0,-33.792,-33.769,1.026
2012-05-05-16_06_02.185,401,5,8,0,-42.723,-33.788,1.426
2012-05-05-16_06_02.186,401,5,8,0,-42.672,-33.837,1.426
2012-05-05-16_06_02.186,401,5,8,0,-42.772,-33.808,1.426
2012-05-05-16_06_02.187,401,6,8,0,-51.762,-33.853,1.326
2012-05-05-16_06_02.188,401,6,8,0,-51.725,-33.763,1.326
2012-05-05-16_06_02.189,401,6,8,0,-51.837,-33.830,1.326
2012-05-05-16_06_02.190,401,7,8,0,-60.656,-33.789,2.226
2012-05-05-16_06_02.192,401,7,8,0,-60.732,-33.766,2.226
2012-05-05-16_06_02.192,401,7,8,0,-60.668,-33.719,2.226
2012-05-05-16_06_02.193,401,0,8,1,-2.190,-33.787,1.936
2012-05-05-16_06_02.194,401,0,8,1,-2.165,-33.687,1.936
2012-05-05-16_06_02.194,401,0,8,1,-2.261,-33.766,2.036
2012-05-05-16_06_02.195,401,1,8,1,-11.213,-33.787,1.736
2012-05-05-16_06_02.196,401,1,8,1,-11.339,-33.719,1.736
2012-05-05-16_06_02.197,401,1,8,1,-11.237,-33.702,1.836
2012-05-05-16_06_02.198,401,2,8,1,-20.155,-33.716,1.236
2012-05-05-16_06_02.198,401,2,8,1,-20.226,-33.696,1.236
2012-05-05-16_06_02.199,401,2,8,1,-20.233,-33.693,1.136
2012-05-05-16_06_02.200,401,3,8,1,-29.177,-33.799,1.136
2012-05-05-16_06_02.201,401,3,8,1,-29.152,-33.699,1.136
2012-05-05-16_06_02.201,401,3,8,1,-29.248,-33.778,1.236
2012-05-05-16_06_02.202,401,4,8,1,-38.174,-33.801,1.036
2012-05-05-16_06_02.203,401,4,8,1,-38.148,-33.701,1.036
2012-05-05-16_06_02.204,401,4,8,1,-38.244,-33.780,1.036
2012-05-05-16_06_02.205,401,5,8,1,-47.192,-33.787,1.536
2012-05-05-16_06_02.205,401,5,8,1,-47.275,-33.764,1.536
2012-05-05-16_06_02.206,401,5,8,1,-47.246,-33.793,1.536
2012-05-05-16_06_02.207,401,6,8,1,-56.219,-33.861,1.436
2012-05-05-16_06_02.208,401,6,8,1,-56.194,-33.762,1.536
2012-05-05-16_06_02.209,401,6,8,1,-56.290,-33.840,1.436
2012-05-05-16_06_02.209,401,7,8,1,-65.184,-33.777,2.236
2012-05-05-16_06_02.210,401,7,8,1,-65.192,-33.774,2.236
2012-05-05-16_06_02.211,401,7,8,1,-65.171,-33.675,2.236
2012-05-05-16_06_02.212,401,0,9,0,2.276,-38.281,2.045
2012-05-05-16_06_02.212,401,0,9,0,2.304,-38.195,2.045
2012-05-05-16_06_02.213,401,0,9,0,2.191,-38.254,1.945
2012-05-05-16_06_02.214,401,1,9,0,-6.746,-38.289,1.845
2012-05-05-16_06_02.215,401,1,9,0,-6.820,-38.268,1.845
2012-05-05-16_06_02.215,401,1,9,0,-6.765,-38.211,1.845
2012-05-05-16_06_02.217,401,2,9,0,-15.688,-38.211,1.245
2012-05-05-16_06_02.218,401,2,9,0,-15.774,-38.184,1.245
2012-05-05-16_06_02.219,401,2,9,0,-15.710,-38.141,1.245
2012-05-05-16_06_02.219,401,3,9,0,-24.710,-38.294,1.645
2012-05-05-16_06_02.220,401,3,9,0,-24.683,-38.207,1.645
2012-05-05-16_06_02.221,401,3,9,0,-24.796,-38.266,1.645
2012-05-05-16_06_02.222,401,4,9,0,-33.707,-38.295,1.045
2012-05-05-16_06_02.223,401,4,9,0,-33.680,-38.209,1.045
2012-05-05-16_06_02.223,401,4,9,0,-33.792,-38.268,1.045
2012-05-05-16_06_02.224,401,5,9,0,-42.723,-38.295,1.445
2012-05-05-16_06_02.225,401,5,9,0,-42.672,-38.336,1.445
2012-05-05-16_06_02.226,401,5,9,0,-42.772,-38.311,1.445
2012-05-05-16_06_02.226,401,6,9,0,-51.753,-38.356,1.345
2012-05-05-16_06_02.227,401,6,9,0,-51.725,-38.270,1.345
2012-05-05-16_06_02.228,401,6,9,0,-51.838,-38.329,1.345
2012-05-05-16_06_02.229,401,7,9,0,-60.647,-38.292,2.145
2012-05-05-16_06_02.229,401,7,9,0,-60.732,-38.265,2.245
2012-05-05-16_06_02.230,401,7,9,0,-60.669,-38.222,2.145
2012-05-05-16_06_02.231,401,0,9,1,-2.188,-38.293,1.954
2012-05-05-16_06_02.231,401,0,9,1,-2.168,-38.195,1.954
2012-05-05-16_06_02.232,401,0,9,1,-2.261,-38.267,1.954
2012-05-05-16_06_02.233,401,1,9,1,-11.213,-38.289,1.954
2012-05-05-16_06_02.233,401,1,9,1,-11.342,-38.227,1.854
2012-05-05-16_06_02.234,401,1,9,1,-11.235,-38.209,1.854
2012-05-05-16_06_02.235,401,2,9,1,-20.153,-38.223,1.254
2012-05-05-16_06_02.235,401,2,9,1,-20.226,-38.197,1.254
2012-05-05-16_06_02.236,401,2,9,1,-20.233,-38.195,1.254
2012-05-05-16_06_02.237,401,3,9,1,-29.175,-38.305,1.354
2012-05-05-16_06_02.237,401,3,9,1,-29.155,-38.207,1.454
2012-05-05-16_06_02.238,401,3,9,1,-29.248,-38.279,1.454
2012-05-05-16_06_02.239,401,4,9,1,-38.172,-38.307,1.054
2012-05-05-16_06_02.241,401,4,9,1,-38.151,-38.209,1.054
2012-05-05-16_06_02.242,401,4,9,1,-38.245,-38.281,1.054
2012-05-05-16_06_02.243,401,5,9,1,-47.195,-38.295,1.554
2012-05-05-16_06_02.244,401,5,9,1,-47.276,-38.269,1.554
2012-05-05-16_06_02.245,401,5,9,1,-47.246,-38.299,1.554
2012-05-05-16_06_02.245,401,6,9,1,-56.197,-38.269,1.454
2012-05-05-16_06_02.246,401,6,9,1,-56.290,-38.341,1.454
2012-05-05-16_06_02.247,401,6,9,1,-56.297,-38.340,1.454
2012-05-05-16_06_02.248,401,7,9,1,-65.185,-38.278,2.054
2012-05-05-16_06_02.249,401,7,9,1,-65.192,-38.276,2.054
2012-05-05-16_06_02.249,401,7,9,1,-65.172,-38.180,2.154
2012-05-05-16_06_02.250,401,0,10,0,2.276,-42.783,2.066
2012-05-05-16_06_02.251,401,0,10,0,2.303,-42.696,2.066
2012-05-05-16_06_02.251,401,0,10,0,2.193,-42.755,2.066
2012-05-05-16_06_02.252,401,1,10,0,-6.749,-42.793,1.866
2012-05-05-16_06_02.253,401,1,10,0,-6.825,-42.767,1.866
2012-05-05-16_06_02.254,401,1,10,0,-6.768,-42.714,1.866
2012-05-05-16_06_02.254,401,2,10,0,-15.689,-42.713,1.266
2012-05-05-16_06_02.255,401,2,10,0,-15.772,-42.685,1.266
2012-05-05-16_06_02.256,401,2,10,0,-15.710,-42.639,1.266
2012-05-05-16_06_02.258,401,3,10,0,-24.711,-42.795,1.566
2012-05-05-16_06_02.259,401,3,10,0,-24.683,-42.708,1.566
2012-05-05-16_06_02.260,401,3,10,0,-24.794,-42.767,1.566
2012-05-05-16_06_02.261,401,4,10,0,-33.707,-42.797,1.066
2012-05-05-16_06_02.261,401,4,10,0,-33.680,-42.710,1.066
2012-05-05-16_06_02.262,401,4,10,0,-33.790,-42.769,0.966
2012-05-05-16_06_02.263,401,5,10,0,-42.724,-42.796,1.466
2012-05-05-16_06_02.264,401,5,10,0,-42.678,-42.835,1.466
2012-05-05-16_06_02.264,401,5,10,0,-42.773,-42.809,1.466
2012-05-05-16_06_02.265,401,6,10,0,-51.753,-42.858,1.366
2012-05-05-16_06_02.266,401,6,10,0,-51.725,-42.770,1.366
2012-05-05-16_06_02.267,401,6,10,0,-51.836,-42.830,1.266
2012-05-05-16_06_02.267,401,7,10,0,-60.648,-42.794,2.166
2012-05-05-16_06_02.268,401,7,10,0,-60.730,-42.766,2.266
2012-05-05-16_06_02.269,401,7,10,0,-60.669,-42.720,2.166
2012-05-05-16_06_02.270,401,0,10,1,-2.191,-42.792,1.978
2012-05-05-16_06_02.271,401,0,10,1,-2.168,-42.695,1.978
2012-05-05-16_06_02.271,401,0,10,1,-2.264,-42.769,1.978
2012-05-05-16_06_02.272,401,1,10,1,-11.214,-42.793,1.878
2012-05-05-16_06_02.273,401,1,10,1,-11.343,-42.726,1.878
2012-05-05-16_06_02.274,401,1,10,1,-11.235,-42.714,1.978
2012-05-05-16_06_02.274,401,2,10,1,-20.156,-42.722,1.378
2012-05-05-16_06_02.275,401,2,10,1,-20.229,-42.699,1.278
2012-05-05-16_06_02.276,401,2,10,1,-20.234,-42.698,1.278
2012-05-05-16_06_02.276,401,3,10,1,-29.178,-42.804,1.378
2012-05-05-16_06_02.277,401,3,10,1,-29.155,-42.707,1.378
2012-05-05-16_06_02.278,401,3,10,1,-29.251,-42.781,1.378
2012-05-05-16_06_02.278,401,4,10,1,-38.174,-42.806,1.078
2012-05-05-16_06_02.279,401,4,10,1,-38.152,-42.709,1.078
2012-05-05-16_06_02.281,401,4,10,1,-38.248,-42.783,1.078
2012-05-05-16_06_02.282,401,5,10,1,-47.196,-42.794,1.578
2012-05-05-16_06_02.283,401,5,10,1,-47.276,-42.773,1.578
2012-05-05-16_06_02.283,401,5,10,1,-47.249,-42.798,1.578
2012-05-05-16_06_02.284,401,6,10,1,-56.197,-42.769,1.478
2012-05-05-16_06_02.285,401,6,10,1,-56.293,-42.844,1.478
2012-05-05-16_06_02.285,401,6,10,1,-56.298,-42.843,1.578
2012-05-05-16_06_02.286,401,7,10,1,-65.188,-42.780,2.078
2012-05-05-16_06_02.287,401,7,10,1,-65.193,-42.779,2.178
2012-05-05-16_06_02.288,401,7,10,1,-65.172,-42.684,2.278
2012-05-05-16_06_02.288,401,0,11,0,2.280,-47.282,2.090
2012-05-05-16_06_02.289,401,0,11,0,2.301,-47.190,1.990
2012-05-05-16_06_02.290,401,0,11,0,2.195,-47.258,2.090
2012-05-05-16_06_02.291,401,1,11,0,-6.752,-47.295,1.890
2012-05-05-16_06_02.293,401,1,11,0,-6.825,-47.269,1.890
2012-05-05-16_06_02.294,401,1,11,0,-6.771,-47.209,1.990
2012-05-05-16_06_02.295,401,2,11,0,-15.684,-47.212,1.290
2012-05-05-16_06_02.295,401,2,11,0,-15.770,-47.188,1.290
2012-05-05-16_06_02.296,401,2,11,0,-15.740,-47.198,1.290
2012-05-05-16_06_02.297,401,3,11,0,-24.706,-47.294,1.690
2012-05-05-16_06_02.298,401,3,11,0,-24.686,-47.202,1.690
2012-05-05-16_06_02.298,401,3,11,0,-24.792,-47.270,1.690
2012-05-05-16_06_02.299,401,4,11,0,-33.703,-47.296,1.090
2012-05-05-16_06_02.300,401,4,11,0,-33.683,-47.204,1.090
2012-05-05-16_06_02.301,401,4,11,0,-33.788,-47.272,1.090
2012-05-05-16_06_02.302,401,5,11,0,-42.727,-47.290,1.490
2012-05-05-16_06_02.302,401,5,11,0,-42.678,-47.337,1.390
2012-05-05-16_06_02.303,401,5,11,0,-42.771,-47.304,1.390
2012-05-05-16_06_02.304,401,6,11,0,-51.748,-47.357,1.390
2012-05-05-16_06_02.305,401,6,11,0,-51.728,-47.264,1.390
2012-05-05-16_06_02.306,401,6,11,0,-51.834,-47.333,1.390
2012-05-05-16_06_02.306,401,7,11,0,-60.643,-47.293,2.290
2012-05-05-16_06_02.307,401,7,11,0,-60.728,-47.269,2.290
2012-05-05-16_06_02.308,401,7,11,0,-60.667,-47.215,2.290
2012-05-05-16_06_02.309,401,0,11,1,-2.194,-47.290,1.999
2012-05-05-16_06_02.310,401,0,11,1,-2.169,-47.190,1.999
2012-05-05-16_06_02.310,401,0,11,1,-2.262,-47.270,2.099
2012-05-05-16_06_02.311,401,1,11,1,-11.214,-47.295,1.899
2012-05-05-16_06_02.312,401,1,11,1,-11.343,-47.222,1.899
2012-05-05-16_06_02.312,401,1,11,1,-11.236,-47.209,1.899
2012-05-05-16_06_02.313,401,2,11,1,-20.159,-47.220,1.299
2012-05-05-16_06_02.314,401,2,11,1,-20.227,-47.200,1.299
2012-05-05-16_06_02.315,401,2,11,1,-20.232,-47.199,1.299
2012-05-05-16_06_02.315,401,3,11,1,-29.181,-47.302,1.399
2012-05-05-16_06_02.316,401,3,11,1,-29.156,-47.202,1.399
2012-05-05-16_06_02.317,401,3,11,1,-29.249,-47.283,1.399
2012-05-05-16_06_02.318,401,4,11,1,-38.177,-47.304,1.099
2012-05-05-16_06_02.319,401,4,11,1,-38.152,-47.204,1.099
2012-05-05-16_06_02.319,401,4,11,1,-38.246,-47.284,1.099
2012-05-05-16_06_02.320,401,5,11,1,-47.196,-47.290,1.499
2012-05-05-16_06_02.321,401,5,11,1,-47.279,-47.270,1.699
2012-05-05-16_06_02.321,401,5,11,1,-47.247,-47.292,1.599
2012-05-05-16_06_02.322,401,6,11,1,-56.223,-47.364,1.499
2012-05-05-16_06_02.323,401,6,11,1,-56.198,-47.264,1.599
2012-05-05-16_06_02.324,401,6,11,1,-56.291,-47.345,1.599
2012-05-05-16_06_02.325,401,7,11,1,-65.186,-47.281,2.299
2012-05-05-16_06_02.325,401,7,11,1,-65.191,-47.280,2.299
2012-05-05-16_06_02.326,401,7,11,1,-65.175,-47.180,12.799
2012-05-05-16_06_02.327,401,0,12,0,2.268,-51.780,2.307
2012-05-05-16_06_02.328,401,0,12,0,2.300,-51.690,2.307
2012-05-05-16_06_02.329,401,0,12,0,2.197,-51.759,2.307
2012-05-05-16_06_02.329,401,1,12,0,-6.753,-51.794,2.007
2012-05-05-16_06_02.330,401,1,12,0,-6.828,-51.774,2.007
2012-05-05-16_06_02.331,401,1,12,0,-6.772,-51.707,2.007
2012-05-05-16_06_02.331,401,2,12,0,-15.697,-51.710,1.307
2012-05-05-16_06_02.332,401,2,12,0,-15.768,-51.689,1.307
2012-05-05-16_06_02.333,401,2,12,0,-15.709,-51.638,1.307
2012-05-05-16_06_02.334,401,3,12,0,-24.719,-51.792,1.707
2012-05-05-16_06_02.334,401,3,12,0,-24.687,-51.702,1.707
2012-05-05-16_06_02.335,401,3,12,0,-24.790,-51.771,1.707
2012-05-05-16_06_02.336,401,4,12,0,-33.716,-51.794,1.207
2012-05-05-16_06_02.337,401,4,12,0,-33.683,-51.704,1.107
2012-05-05-16_06_02.338,401,4,12,0,-33.786,-51.773,1.107
2012-05-05-16_06_02.339,401,5,12,0,-42.727,-51.790,1.407
2012-05-05-16_06_02.341,401,5,12,0,-42.681,-51.842,1.407
2012-05-05-16_06_02.342,401,5,12,0,-42.771,-51.808,1.307
2012-05-05-16_06_02.344,401,6,12,0,-51.761,-51.855,1.407
2012-05-05-16_06_02.344,401,6,12,0,-51.729,-51.764,1.407
2012-05-05-16_06_02.346,401,6,12,0,-51.832,-51.834,1.307
2012-05-05-16_06_02.347,401,7,12,0,-60.656,-51.791,2.107
2012-05-05-16_06_02.348,401,7,12,0,-60.726,-51.770,2.107
2012-05-05-16_06_02.348,401,7,12,0,-60.667,-51.719,2.207
2012-05-05-16_06_02.349,401,0,12,1,-2.197,-51.786,2.216
2012-05-05-16_06_02.349,401,0,12,1,-2.172,-51.690,2.216
2012-05-05-16_06_02.350,401,0,12,1,-2.262,-51.769,2.216
2012-05-05-16_06_02.350,401,1,12,1,-11.212,-51.793,1.916
2012-05-05-16_06_02.351,401,1,12,1,-11.346,-51.721,2.016
2012-05-05-16_06_02.352,401,1,12,1,-11.236,-51.706,1.916
2012-05-05-16_06_02.352,401,2,12,1,-20.162,-51.716,1.316
2012-05-05-16_06_02.353,401,2,12,1,-20.227,-51.699,1.316
2012-05-05-16_06_02.354,401,2,12,1,-20.235,-51.697,1.316
2012-05-05-16_06_02.355,401,3,12,1,-29.184,-51.799,1.416
2012-05-05-16_06_02.356,401,3,12,1,-29.159,-51.702,1.616
2012-05-05-16_06_02.356,401,3,12,1,-29.249,-51.781,1.616
2012-05-05-16_06_02.357,401,4,12,1,-38.180,-51.800,1.116
2012-05-05-16_06_02.358,401,4,12,1,-38.155,-51.704,1.116
2012-05-05-16_06_02.359,401,4,12,1,-38.246,-51.783,1.216
2012-05-05-16_06_02.360,401,5,12,1,-47.199,-51.790,1.416
2012-05-05-16_06_02.360,401,5,12,1,-47.279,-51.767,1.416
2012-05-05-16_06_02.361,401,5,12,1,-47.250,-51.792,1.416
2012-05-05-16_06_02.361,401,6,12,1,-56.226,-51.861,1.516
2012-05-05-16_06_02.362,401,6,12,1,-56.201,-51.764,1.416
2012-05-05-16_06_02.363,401,6,12,1,-56.291,-51.843,1.516
2012-05-05-16_06_02.363,401,7,12,1,-65.186,-51.779,2.216
2012-05-05-16_06_02.364,401,7,12,1,-65.193,-51.778,2.316
2012-05-05-16_06_02.365,401,7,12,1,-65.176,-51.678,2.316
2012-05-05-16_06_02.365,401,0,13,0,2.272,-56.278,2.327
2012-05-05-16_06_02.366,401,0,13,0,2.300,-56.190,2.327
2012-05-05-16_06_02.367,401,0,13,0,2.197,-56.255,2.227
2012-05-05-16_06_02.367,401,1,13,0,-6.753,-56.289,2.027
2012-05-05-16_06_02.368,401,1,13,0,-6.829,-56.269,2.027
2012-05-05-16_06_02.368,401,1,13,0,-6.774,-56.204,2.027
2012-05-05-16_06_02.369,401,2,13,0,-15.693,-56.208,1.327
2012-05-05-16_06_02.370,401,2,13,0,-15.768,-56.185,1.327
2012-05-05-16_06_02.371,401,2,13,0,-15.709,-56.140,1.327
2012-05-05-16_06_02.371,401,3,13,0,-24.715,-56.290,1.727
2012-05-05-16_06_02.372,401,3,13,0,-24.687,-56.202,1.727
2012-05-05-16_06_02.373,401,3,13,0,-24.790,-56.267,1.727
2012-05-05-16_06_02.373,401,4,13,0,-33.711,-56.292,1.127
2012-05-05-16_06_02.374,401,4,13,0,-33.684,-56.204,1.127
2012-05-05-16_06_02.375,401,4,13,0,-33.787,-56.269,1.127
2012-05-05-16_06_02.376,401,5,13,0,-42.727,-56.290,1.327
2012-05-05-16_06_02.377,401,5,13,0,-42.681,-56.338,1.327
2012-05-05-16_06_02.378,401,5,13,0,-42.772,-56.309,1.427
2012-05-05-16_06_02.378,401,6,13,0,-51.757,-56.353,1.427
2012-05-05-16_06_02.379,401,6,13,0,-51.729,-56.265,1.427
2012-05-05-16_06_02.380,401,6,13,0,-51.832,-56.329,1.327
2012-05-05-16_06_02.381,401,7,13,0,-60.651,-56.289,2.127
2012-05-05-16_06_02.381,401,7,13,0,-60.727,-56.266,7.227
2012-05-05-16_06_02.382,401,7,13,0,-60.668,-56.220,2.127
2012-05-05-16_06_02.383,401,0,13,1,-2.197,-56.288,2.139
2012-05-05-16_06_02.384,401,0,13,1,-2.172,-56.190,2.139
2012-05-05-16_06_02.385,401,0,13,1,-2.265,-56.265,2.239
2012-05-05-16_06_02.385,401,1,13,1,-11.210,-56.288,1.939
2012-05-05-16_06_02.386,401,1,13,1,-11.346,-56.222,2.039
2012-05-05-16_06_02.387,401,1,13,1,-11.234,-56.204,1.939
2012-05-05-16_06_02.388,401,2,13,1,-20.162,-56.218,1.339
2012-05-05-16_06_02.388,401,2,13,1,-20.230,-56.195,1.339
2012-05-05-16_06_02.389,401,2,13,1,-20.237,-56.194,1.339
2012-05-05-16_06_02.391,401,3,13,1,-29.184,-56.300,1.439
2012-05-05-16_06_02.392,401,3,13,1,-29.159,-56.202,1.639
2012-05-05-16_06_02.393,401,3,13,1,-29.252,-56.277,1.439
2012-05-05-16_06_02.393,401,4,13,1,-38.181,-56.302,1.139
2012-05-05-16_06_02.394,401,4,13,1,-38.155,-56.204,1.139
2012-05-05-16_06_02.395,401,4,13,1,-38.249,-56.279,1.139
2012-05-05-16_06_02.395,401,5,13,1,-47.199,-56.290,1.639
2012-05-05-16_06_02.396,401,5,13,1,-47.280,-56.265,1.639
2012-05-05-16_06_02.397,401,5,13,1,-47.253,-56.292,1.639
2012-05-05-16_06_02.397,401,6,13,1,-56.226,-56.363,1.539
2012-05-05-16_06_02.398,401,6,13,1,-56.201,-56.264,1.539
2012-05-05-16_06_02.399,401,6,13,1,-56.294,-56.339,1.539
2012-05-05-16_06_02.399,401,7,13,1,-65.189,-56.276,2.239
2012-05-05-16_06_02.400,401,7,13,1,-65.196,-56.275,2.239
2012-05-05-16_06_02.401,401,7,13,1,-65.176,-56.176,2.339
2012-05-05-16_06_02.402,401,0,14,0,2.272,-60.781,2.251
2012-05-05-16_06_02.403,401,0,14,0,2.297,-60.696,2.251
2012-05-05-16_06_02.403,401,0,14,0,2.199,-60.754,2.251
2012-05-05-16_06_02.404,401,1,14,0,-6.753,-60.789,2.051
2012-05-05-16_06_02.405,401,1,14,0,-6.831,-60.768,1.951
2012-05-05-16_06_02.405,401,1,14,0,-6.775,-60.711,2.051
2012-05-05-16_06_02.406,401,2,14,0,-15.693,-60.711,1.351
2012-05-05-16_06_02.407,401,2,14,0,-15.766,-60.684,1.351
2012-05-05-16_06_02.407,401,2,14,0,-15.712,-60.641,1.351
2012-05-05-16_06_02.408,401,3,14,0,-24.715,-60.794,1.751
2012-05-05-16_06_02.409,401,3,14,0,-24.690,-60.708,1.751
2012-05-05-16_06_02.410,401,3,14,0,-24.788,-60.766,1.751
2012-05-05-16_06_02.411,401,4,14,0,-33.712,-60.795,1.051
2012-05-05-16_06_02.412,401,4,14,0,-33.687,-60.710,1.051
2012-05-05-16_06_02.413,401,4,14,0,-33.785,-60.768,1.051
2012-05-05-16_06_02.414,401,5,14,0,-42.730,-60.796,1.451
2012-05-05-16_06_02.414,401,5,14,0,-42.684,-60.836,1.351
2012-05-05-16_06_02.415,401,5,14,0,-42.774,-60.811,1.651
2012-05-05-16_06_02.416,401,6,14,0,-51.757,-60.856,1.351
2012-05-05-16_06_02.418,401,6,14,0,-51.732,-60.770,1.451
2012-05-05-16_06_02.419,401,6,14,0,-51.830,-60.829,1.451
2012-05-05-16_06_02.419,401,7,14,0,-60.652,-60.792,2.151
2012-05-05-16_06_02.420,401,7,14,0,-60.725,-60.765,2.151
2012-05-05-16_06_02.421,401,7,14,0,-60.671,-60.722,2.151
2012-05-05-16_06_02.422,401,0,14,1,-2.200,-60.793,2.161
2012-05-05-16_06_02.423,401,0,14,1,-2.172,-60.696,2.161
2012-05-05-16_06_02.423,401,0,14,1,-2.268,-60.767,2.161
2012-05-05-16_06_02.425,401,1,14,1,-11.211,-60.790,1.961
2012-05-05-16_06_02.425,401,1,14,1,-11.347,-60.727,1.961
2012-05-05-16_06_02.426,401,1,14,1,-11.237,-60.710,1.961
2012-05-05-16_06_02.427,401,2,14,1,-20.165,-60.723,1.361
2012-05-05-16_06_02.427,401,2,14,1,-20.233,-60.697,1.361
2012-05-05-16_06_02.428,401,2,14,1,-20.240,-60.695,1.361
2012-05-05-16_06_02.429,401,3,14,1,-29.187,-60.805,1.361
2012-05-05-16_06_02.430,401,3,14,1,-29.159,-60.708,1.561
2012-05-05-16_06_02.430,401,3,14,1,-29.255,-60.779,1.361
2012-05-05-16_06_02.431,401,4,14,1,-38.184,-60.807,1.161
2012-05-05-16_06_02.432,401,4,14,1,-38.156,-60.710,1.161
2012-05-05-16_06_02.433,401,4,14,1,-38.252,-60.781,1.161
2012-05-05-16_06_02.434,401,5,14,1,-47.200,-60.796,1.661
2012-05-05-16_06_02.435,401,5,14,1,-47.283,-60.769,1.661
2012-05-05-16_06_02.435,401,5,14,1,-47.253,-60.799,1.661
2012-05-05-16_06_02.436,401,6,14,1,-56.229,-60.868,1.461
2012-05-05-16_06_02.436,401,6,14,1,-56.201,-60.770,1.561
2012-05-05-16_06_02.437,401,6,14,1,-56.297,-60.842,1.561
2012-05-05-16_06_02.438,401,7,14,1,-65.192,-60.778,2.361
2012-05-05-16_06_02.439,401,7,14,1,-65.199,-60.776,2.261
2012-05-05-16_06_02.441,401,7,14,1,-65.179,-60.680,2.261
2012-05-05-16_06_02.441,401,0,15,0,2.269,-65.284,2.370
2012-05-05-16_06_02.446,401,0,15,0,2.296,-65.196,2.270
2012-05-05-16_06_02.447,401,0,15,0,2.198,-65.256,2.270
2012-05-05-16_06_02.447,401,1,15,0,-6.749,-65.293,2.070
2012-05-05-16_06_02.448,401,1,15,0,-6.832,-65.268,2.070
2012-05-05-16_06_02.449,401,1,15,0,-6.773,-65.215,2.070
2012-05-05-16_06_02.450,401,2,15,0,-15.696,-65.214,1.470
2012-05-05-16_06_02.450,401,2,15,0,-15.766,-65.186,1.370
2012-05-05-16_06_02.452,401,2,15,0,-15.712,-65.140,1.370
2012-05-05-16_06_02.452,401,3,15,0,-24.718,-65.296,1.670
2012-05-05-16_06_02.453,401,3,15,0,-24.690,-65.208,1.770
2012-05-05-16_06_02.454,401,3,15,0,-24.789,-65.268,1.770
2012-05-05-16_06_02.455,401,4,15,0,-33.714,-65.298,1.070
2012-05-05-16_06_02.455,401,4,15,0,-33.687,-65.210,1.070
2012-05-05-16_06_02.456,401,4,15,0,-33.785,-65.270,1.070
2012-05-05-16_06_02.457,401,5,15,0,-42.731,-65.296,1.570
2012-05-05-16_06_02.458,401,5,15,0,-42.685,-65.336,1.370
2012-05-05-16_06_02.458,401,5,15,0,-42.775,-65.310,1.670
2012-05-05-16_06_02.459,401,6,15,0,-51.760,-65.358,1.370
2012-05-05-16_06_02.460,401,6,15,0,-51.732,-65.270,1.470
2012-05-05-16_06_02.461,401,6,15,0,-51.831,-65.330,1.470
2012-05-05-16_06_02.461,401,7,15,0,-60.655,-65.295,13.370
2012-05-05-16_06_02.462,401,7,15,0,-60.725,-65.266,2.170
2012-05-05-16_06_02.463,401,7,15,0,-60.671,-65.221,2.070
2012-05-05-16_06_02.463,401,0,15,1,-2.198,-65.291,2.179
2012-05-05-16_06_02.464,401,0,15,1,-2.170,-65.196,2.179
2012-05-05-16_06_02.465,401,0,15,1,-2.271,-65.269,2.279
2012-05-05-16_06_02.465,401,1,15,1,-11.211,-65.292,2.079
2012-05-05-16_06_02.466,401,1,15,1,-11.345,-65.227,2.079
2012-05-05-16_06_02.467,401,1,15,1,-11.232,-65.214,2.079
2012-05-05-16_06_02.468,401,2,15,1,-20.163,-65.221,1.379
2012-05-05-16_06_02.468,401,2,15,1,-20.236,-65.199,1.379
2012-05-05-16_06_02.470,401,2,15,1,-20.243,-65.198,1.379
2012-05-05-16_06_02.471,401,3,15,1,-29.185,-65.303,1.479
2012-05-05-16_06_02.471,401,3,15,1,-29.157,-65.208,1.479
2012-05-05-16_06_02.472,401,3,15,1,-29.258,-65.281,1.479
2012-05-05-16_06_02.473,401,4,15,1,-38.181,-65.305,1.179
2012-05-05-16_06_02.474,401,4,15,1,-38.154,-65.210,1.179
2012-05-05-16_06_02.475,401,4,15,1,-38.255,-65.283,1.179
2012-05-05-16_06_02.476,401,5,15,1,-47.198,-65.295,1.479
2012-05-05-16_06_02.477,401,5,15,1,-47.285,-65.273,1.379
2012-05-05-16_06_02.477,401,5,15,1,-47.256,-65.298,1.479
2012-05-05-16_06_02.478,401,6,15,1,-56.227,-65.366,1.679
2012-05-05-16_06_02.479,401,6,15,1,-56.199,-65.270,1.579
2012-05-05-16_06_02.479,401,6,15,1,-56.300,-65.344,1.579
2012-05-05-16_06_02.480,401,7,15,1,-65.195,-65.280,2.179
2012-05-05-16_06_02.481,401,7,15,1,-65.202,-65.279,2.179
2012-05-05-16_06_02.482,401,7,15,1,-65.182,-65.184,2.179
2012-05-05-16_06_02.483,401,0,16,0,2.266,-69.783,2.291
2012-05-05-16_06_02.483,401,0,16,0,2.294,-69.689,2.291
2012-05-05-16_06_02.484,401,0,16,0,2.196,-69.759,2.291
2012-05-05-16_06_02.485,401,1,16,0,-6.749,-69.795,8.591
2012-05-05-16_06_02.486,401,1,16,0,-6.832,-69.768,2.091
2012-05-05-16_06_02.486,401,1,16,0,-6.773,-69.708,2.091
2012-05-05-16_06_02.487,401,2,16,0,-15.699,-69.713,1.391
2012-05-05-16_06_02.488,401,2,16,0,-15.769,-69.689,1.391
2012-05-05-16_06_02.488,401,2,16,0,-15.747,-69.698,1.391
2012-05-05-16_06_02.489,401,3,16,0,-24.721,-69.795,1.791
2012-05-05-16_06_02.490,401,3,16,0,-24.693,-69.701,1.791
2012-05-05-16_06_02.490,401,3,16,0,-24.791,-69.771,1.791
2012-05-05-16_06_02.493,401,4,16,0,-33.717,-69.797,1.091
2012-05-05-16_06_02.494,401,4,16,0,-33.690,-69.703,1.091
2012-05-05-16_06_02.495,401,4,16,0,-33.788,-69.773,1.091
2012-05-05-16_06_02.495,401,5,16,0,-42.734,-69.789,1.491
2012-05-05-16_06_02.496,401,5,16,0,-42.685,-69.836,1.491
2012-05-05-16_06_02.497,401,5,16,0,-42.780,-69.803,1.591
2012-05-05-16_06_02.497,401,6,16,0,-51.763,-69.857,1.391
2012-05-05-16_06_02.498,401,6,16,0,-51.735,-69.764,1.491
2012-05-05-16_06_02.499,401,6,16,0,-51.833,-69.833,1.491
2012-05-05-16_06_02.500,401,7,16,0,-60.657,-69.793,2.091
2012-05-05-16_06_02.501,401,7,16,0,-60.728,-69.770,2.191
2012-05-05-16_06_02.501,401,7,16,0,-60.676,-69.714,2.091
2012-05-05-16_06_02.504,401,0,16,1,-2.198,-69.789,2.203
2012-05-05-16_06_02.505,401,0,16,1,-2.171,-69.689,2.203
2012-05-05-16_06_02.505,401,0,16,1,-2.271,-69.771,2.203
2012-05-05-16_06_02.506,401,1,16,1,-11.214,-69.795,2.003
2012-05-05-16_06_02.507,401,1,16,1,-11.345,-69.720,2.103
2012-05-05-16_06_02.508,401,1,16,1,-11.233,-69.708,2.103
2012-05-05-16_06_02.508,401,2,16,1,-20.163,-69.719,1.403
2012-05-05-16_06_02.509,401,2,16,1,-20.236,-69.701,1.403
2012-05-05-16_06_02.510,401,2,16,1,-20.246,-69.699,1.403
2012-05-05-16_06_02.511,401,3,16,1,-29.185,-69.801,1.603
2012-05-05-16_06_02.512,401,3,16,1,-29.158,-69.701,1.503
2012-05-05-16_06_02.512,401,3,16,1,-29.258,-69.783,1.503
2012-05-05-16_06_02.513,401,4,16,1,-38.182,-69.803,1.203
2012-05-05-16_06_02.514,401,4,16,1,-38.154,-69.703,1.203
2012-05-05-16_06_02.515,401,4,16,1,-38.255,-69.785,1.203
2012-05-05-16_06_02.515,401,5,16,1,-47.198,-69.788,1.403
2012-05-05-16_06_02.516,401,5,16,1,-47.286,-69.769,1.503
2012-05-05-16_06_02.517,401,5,16,1,-47.257,-69.792,1.403
2012-05-05-16_06_02.517,401,6,16,1,-56.227,-69.864,1.603
2012-05-05-16_06_02.518,401,6,16,1,-56.200,-69.763,1.603
2012-05-05-16_06_02.519,401,6,16,1,-56.300,-69.846,1.603
2012-05-05-16_06_02.519,401,7,16,1,-65.195,-69.782,2.203
2012-05-05-16_06_02.520,401,7,16,1,-65.205,-69.780,2.203
2012-05-05-16_06_02.521,401,7,16,1,-65.182,-69.680,2.203
2012-05-05-16_06_02.521,401,0,17,0,2.258,-74.280,2.315
2012-05-05-16_06_02.522,401,0,17,0,2.291,-74.190,2.315
2012-05-05-16_06_02.523,401,0,17,0,2.193,-74.259,2.315
2012-05-05-16_06_02.524,401,1,17,0,-6.750,-74.293,2.115
2012-05-05-16_06_02.524,401,1,17,0,-6.830,-74.272,2.115
2012-05-05-16_06_02.525,401,1,17,0,-6.771,-74.206,2.115
2012-05-05-16_06_02.526,401,2,17,0,-15.706,-74.210,1.415
2012-05-05-16_06_02.527,401,2,17,0,-15.772,-74.189,1.415
2012-05-05-16_06_02.527,401,2,17,0,-15.718,-74.138,1.315
2012-05-05-16_06_02.528,401,3,17,0,-24.729,-74.292,1.815
2012-05-05-16_06_02.529,401,3,17,0,-24.696,-74.202,1.815
2012-05-05-16_06_02.530,401,3,17,0,-24.794,-74.271,1.815
2012-05-05-16_06_02.530,401,4,17,0,-33.725,-74.294,1.215
2012-05-05-16_06_02.531,401,4,17,0,-33.693,-74.204,1.115
2012-05-05-16_06_02.532,401,4,17,0,-33.791,-74.273,1.115
2012-05-05-16_06_02.533,401,5,17,0,-42.736,-74.290,1.615
2012-05-05-16_06_02.533,401,5,17,0,-42.683,-74.340,1.415
2012-05-05-16_06_02.534,401,5,17,0,-42.781,-74.308,1.715
2012-05-05-16_06_02.535,401,6,17,0,-51.771,-74.354,1.415
2012-05-05-16_06_02.536,401,6,17,0,-51.738,-74.264,1.415
2012-05-05-16_06_02.537,401,6,17,0,-51.836,-74.333,1.415
2012-05-05-16_06_02.537,401,7,17,0,-60.665,-74.290,2.215
2012-05-05-16_06_02.538,401,7,17,0,-60.731,-74.269,2.115
2012-05-05-16_06_02.539,401,7,17,0,-60.677,-74.218,2.215
2012-05-05-16_06_02.540,401,0,17,1,-2.199,-74.285,2.224
2012-05-05-16_06_02.541,401,0,17,1,-2.171,-74.188,2.224
2012-05-05-16_06_02.542,401,0,17,1,-2.272,-74.269,2.224
2012-05-05-16_06_02.544,401,1,17,1,-11.214,-74.292,2.024
2012-05-05-16_06_02.545,401,1,17,1,-11.346,-74.220,2.024
2012-05-05-16_06_02.545,401,1,17,1,-11.236,-74.206,2.024
2012-05-05-16_06_02.546,401,2,17,1,-20.164,-74.215,1.424
2012-05-05-16_06_02.547,401,2,17,1,-20.237,-74.199,1.424
2012-05-05-16_06_02.547,401,2,17,1,-20.244,-74.196,1.424
2012-05-05-16_06_02.548,401,3,17,1,-29.186,-74.298,1.524
2012-05-05-16_06_02.548,401,3,17,1,-29.158,-74.200,1.524
2012-05-05-16_06_02.549,401,3,17,1,-29.259,-74.281,1.524
2012-05-05-16_06_02.550,401,4,17,1,-38.182,-74.299,1.124
2012-05-05-16_06_02.551,401,4,17,1,-38.155,-74.202,1.124
2012-05-05-16_06_02.551,401,4,17,1,-38.255,-74.283,1.124
2012-05-05-16_06_02.552,401,5,17,1,-47.198,-74.288,1.724
2012-05-05-16_06_02.553,401,5,17,1,-47.284,-74.266,1.724
2012-05-05-16_06_02.554,401,5,17,1,-47.255,-74.292,1.724
2012-05-05-16_06_02.554,401,6,17,1,-56.228,-74.360,1.624
2012-05-05-16_06_02.555,401,6,17,1,-56.200,-74.263,1.624
2012-05-05-16_06_02.556,401,6,17,1,-56.301,-74.343,1.624
2012-05-05-16_06_02.557,401,7,17,1,-65.195,-74.279,2.324
2012-05-05-16_06_02.557,401,7,17,1,-65.203,-74.277,2.224
2012-05-05-16_06_02.558,401,7,17,1,-65.180,-74.177,2.324
2012-05-05-16_06_02.559,401,0,18,0,2.268,-78.778,2.133
2012-05-05-16_06_02.560,401,0,18,0,2.293,-78.689,2.133
2012-05-05-16_06_02.561,401,0,18,0,2.190,-78.755,2.133
2012-05-05-16_06_02.562,401,1,18,0,-6.748,-78.789,2.033
2012-05-05-16_06_02.562,401,1,18,0,-6.828,-78.769,2.033
2012-05-05-16_06_02.563,401,1,18,0,-6.769,-78.704,2.033
2012-05-05-16_06_02.564,401,2,18,0,-15.697,-78.708,1.433
2012-05-05-16_06_02.564,401,2,18,0,-15.775,-78.685,1.433
2012-05-05-16_06_02.565,401,2,18,0,-15.721,-78.638,1.433
2012-05-05-16_06_02.566,401,3,18,0,-24.719,-78.790,1.833
2012-05-05-16_06_02.566,401,3,18,0,-24.694,-78.701,1.833
2012-05-05-16_06_02.567,401,3,18,0,-24.797,-78.767,1.833
2012-05-05-16_06_02.568,401,4,18,0,-33.716,-78.792,1.233
2012-05-05-16_06_02.569,401,4,18,0,-33.691,-78.703,1.233
2012-05-05-16_06_02.570,401,4,18,0,-33.794,-78.769,1.233
2012-05-05-16_06_02.570,401,5,18,0,-42.734,-78.788,1.833
2012-05-05-16_06_02.571,401,5,18,0,-42.681,-78.837,1.633
2012-05-05-16_06_02.572,401,5,18,0,-42.783,-78.808,1.833
2012-05-05-16_06_02.573,401,6,18,0,-51.761,-78.853,1.633
2012-05-05-16_06_02.573,401,6,18,0,-51.736,-78.763,1.633
2012-05-05-16_06_02.574,401,6,18,0,-51.839,-78.829,1.633
2012-05-05-16_06_02.575,401,7,18,0,-60.656,-78.789,2.433
2012-05-05-16_06_02.575,401,7,18,0,-60.734,-78.766,2.433
2012-05-05-16_06_02.576,401,7,18,0,-60.680,-78.719,2.433
2012-05-05-16_06_02.577,401,0,18,1,-2.197,-78.787,2.142
2012-05-05-16_06_02.578,401,0,18,1,-2.169,-78.688,2.142
2012-05-05-16_06_02.579,401,0,18,1,-2.270,-78.765,2.142
2012-05-05-16_06_02.579,401,1,18,1,-11.212,-78.788,1.942
2012-05-05-16_06_02.580,401,1,18,1,-11.344,-78.720,1.942
2012-05-05-16_06_02.583,401,1,18,1,-11.236,-78.703,1.942
2012-05-05-16_06_02.584,401,2,18,1,-20.162,-78.717,1.442
2012-05-05-16_06_02.584,401,2,18,1,-20.235,-78.695,1.542
2012-05-05-16_06_02.585,401,2,18,1,-20.244,-78.694,1.542
2012-05-05-16_06_02.585,401,3,18,1,-29.184,-78.800,1.642
2012-05-05-16_06_02.586,401,3,18,1,-29.156,-78.700,1.842
2012-05-05-16_06_02.587,401,3,18,1,-29.257,-78.778,1.742
2012-05-05-16_06_02.588,401,4,18,1,-38.180,-78.801,1.242
2012-05-05-16_06_02.589,401,4,18,1,-38.153,-78.702,1.242
2012-05-05-16_06_02.589,401,4,18,1,-38.253,-78.779,1.242
2012-05-05-16_06_02.590,401,5,18,1,-47.196,-78.788,1.642
2012-05-05-16_06_02.591,401,5,18,1,-47.284,-78.764,1.742
2012-05-05-16_06_02.593,401,5,18,1,-47.253,-78.793,1.742
2012-05-05-16_06_02.594,401,6,18,1,-56.226,-78.862,1.642
2012-05-05-16_06_02.595,401,6,18,1,-56.198,-78.763,1.642
2012-05-05-16_06_02.596,401,6,18,1,-56.299,-78.840,1.642
2012-05-05-16_06_02.597,401,7,18,1,-65.193,-78.776,2.442
2012-05-05-16_06_02.598,401,7,18,1,-65.203,-78.774,2.442
2012-05-05-16_06_02.598,401,7,18,1,-65.181,-78.675,2.442
2012-05-05-16_06_02.599,401,0,19,0,2.267,-83.281,2.153
2012-05-05-16_06_02.599,401,0,19,0,2.295,-83.195,2.153
2012-05-05-16_06_02.600,401,0,19,0,2.187,-83.254,2.153
2012-05-05-16_06_02.601,401,1,19,0,-6.748,-83.289,2.053
2012-05-05-16_06_02.602,401,1,19,0,-6.826,-83.268,2.053
2012-05-05-16_06_02.602,401,1,19,0,-6.770,-83.210,2.053
2012-05-05-16_06_02.603,401,2,19,0,-15.698,-83.211,1.453
2012-05-05-16_06_02.604,401,2,19,0,-15.778,-83.184,1.453
2012-05-05-16_06_02.606,401,2,19,0,-15.719,-83.141,1.453
2012-05-05-16_06_02.606,401,3,19,0,-24.720,-83.293,1.853
2012-05-05-16_06_02.607,401,3,19,0,-24.692,-83.207,1.853
2012-05-05-16_06_02.607,401,3,19,0,-24.800,-83.266,1.853
2012-05-05-16_06_02.608,401,4,19,0,-33.716,-83.295,1.253
2012-05-05-16_06_02.608,401,4,19,0,-33.689,-83.209,1.253
2012-05-05-16_06_02.609,401,4,19,0,-33.797,-83.268,1.253
2012-05-05-16_06_02.610,401,5,19,0,-42.732,-83.295,1.853
2012-05-05-16_06_02.610,401,5,19,0,-42.679,-83.336,1.653
2012-05-05-16_06_02.611,401,5,19,0,-42.781,-83.311,1.853
2012-05-05-16_06_02.612,401,6,19,0,-51.762,-83.356,1.553
2012-05-05-16_06_02.613,401,6,19,0,-51.734,-83.270,1.553
2012-05-05-16_06_02.614,401,6,19,0,-51.681,-83.311,1.653
2012-05-05-16_06_02.614,401,7,19,0,-60.656,-83.292,2.453
2012-05-05-16_06_02.615,401,7,19,0,-60.737,-83.264,2.453
2012-05-05-16_06_02.616,401,7,19,0,-60.678,-83.222,2.453
2012-05-05-16_06_02.617,401,0,19,1,-2.197,-83.293,2.166
2012-05-05-16_06_02.618,401,0,19,1,-2.170,-83.195,2.166
2012-05-05-16_06_02.618,401,0,19,1,-2.270,-83.266,2.166
2012-05-05-16_06_02.619,401,1,19,1,-11.213,-83.290,1.966
2012-05-05-16_06_02.620,401,1,19,1,-11.344,-83.227,1.966
2012-05-05-16_06_02.621,401,1,19,1,-11.237,-83.210,1.966
2012-05-05-16_06_02.621,401,2,19,1,-20.162,-83.223,1.566
2012-05-05-16_06_02.622,401,2,19,1,-20.235,-83.196,1.566
2012-05-05-16_06_02.623,401,2,19,1,-20.242,-83.195,1.566
2012-05-05-16_06_02.624,401,3,19,1,-29.184,-83.305,1.666
2012-05-05-16_06_02.624,401,3,19,1,-29.157,-83.207,1.866
2012-05-05-16_06_02.625,401,3,19,1,-29.257,-83.279,1.866
2012-05-05-16_06_02.626,401,4,19,1,-38.181,-83.307,1.266
2012-05-05-16_06_02.627,401,4,19,1,-38.153,-83.209,1.266
2012-05-05-16_06_02.628,401,4,19,1,-38.254,-83.280,1.266
2012-05-05-16_06_02.628,401,5,19,1,-47.197,-83.295,1.666
2012-05-05-16_06_02.629,401,5,19,1,-47.285,-83.269,1.766
2012-05-05-16_06_02.630,401,5,19,1,-47.253,-83.298,1.666
2012-05-05-16_06_02.631,401,6,19,1,-56.226,-83.367,1.666
2012-05-05-16_06_02.631,401,6,19,1,-56.199,-83.270,1.666
2012-05-05-16_06_02.632,401,6,19,1,-56.299,-83.341,1.666
2012-05-05-16_06_02.633,401,7,19,1,-65.194,-83.277,2.466
2012-05-05-16_06_02.634,401,7,19,1,-65.201,-83.276,2.466
2012-05-05-16_06_02.635,401,7,19,1,-65.181,-83.180,2.466
2012-05-05-16_06_02.636,401,0,20,0,2.267,-87.783,2.178
2012-05-05-16_06_02.637,401,0,20,0,2.294,-87.696,2.078
2012-05-05-16_06_02.638,401,0,20,0,2.187,-87.755,2.178
2012-05-05-16_06_02.639,401,1,20,0,-6.751,-87.794,1.978
2012-05-05-16_06_02.640,401,1,20,0,-6.827,-87.767,1.978
2012-05-05-16_06_02.641,401,1,20,0,-6.770,-87.715,1.978
2012-05-05-16_06_02.642,401,2,20,0,-15.698,-87.713,1.478
2012-05-05-16_06_02.643,401,2,20,0,-15.778,-87.685,1.478
2012-05-05-16_06_02.645,401,2,20,0,-15.719,-87.639,1.578
2012-05-05-16_06_02.646,401,3,20,0,-24.720,-87.796,1.878
2012-05-05-16_06_02.647,401,3,20,0,-24.693,-87.708,1.878
2012-05-05-16_06_02.648,401,3,20,0,-24.800,-87.767,1.878
2012-05-05-16_06_02.649,401,4,20,0,-33.717,-87.797,1.178
2012-05-05-16_06_02.650,401,4,20,0,-33.689,-87.710,1.278
2012-05-05-16_06_02.651,401,4,20,0,-33.797,-87.769,1.178
2012-05-05-16_06_02.652,401,5,20,0,-42.733,-87.796,1.878
2012-05-05-16_06_02.653,401,5,20,0,-42.679,-87.835,1.678
2012-05-05-16_06_02.654,401,5,20,0,-42.782,-87.809,1.778
2012-05-05-16_06_02.655,401,6,20,0,-51.762,-87.858,1.578
2012-05-05-16_06_02.656,401,6,20,0,-51.735,-87.770,1.678
2012-05-05-16_06_02.657,401,6,20,0,-51.681,-87.810,1.578
2012-05-05-16_06_02.659,401,7,20,0,-60.657,-87.794,2.378
2012-05-05-16_06_02.660,401,7,20,0,-60.737,-87.766,2.478
2012-05-05-16_06_02.661,401,7,20,0,-60.678,-87.720,2.478
2012-05-05-16_06_02.662,401,0,20,1,-2.195,-87.792,2.087
2012-05-05-16_06_02.663,401,0,20,1,-2.278,-87.772,2.087
2012-05-05-16_06_02.663,401,0,20,1,-2.219,-87.710,2.087
2012-05-05-16_06_02.665,401,2,20,1,-20.160,-87.722,1.487
2012-05-05-16_06_02.666,401,2,20,1,-20.243,-87.702,1.587
2012-05-05-16_06_02.666,401,3,20,1,-29.182,-87.804,1.587
2012-05-05-16_06_02.667,401,3,20,1,-29.265,-87.784,1.687
2012-05-05-16_06_02.670,401,3,20,1,-29.206,-87.722,1.787
2012-05-05-16_06_02.670,401,4,20,1,-38.179,-87.806,1.287
2012-05-05-16_06_02.671,401,4,20,1,-38.262,-87.786,1.287
2012-05-05-16_06_02.672,401,4,20,1,-38.203,-87.724,1.287
2012-05-05-16_06_02.673,401,5,20,1,-47.246,-87.810,1.787
2012-05-05-16_06_02.674,401,6,20,1,-56.224,-87.866,1.687
2012-05-05-16_06_02.675,401,6,20,1,-56.307,-87.846,1.687
2012-05-05-16_06_02.676,401,6,20,1,-56.148,-87.811,1.687
2012-05-05-16_06_02.676,401,7,20,1,-65.202,-87.783,2.487
2012-05-05-16_06_02.677,401,7,20,1,-65.143,-87.721,2.487
2012-05-05-16_06_02.678,401,0,21,0,2.269,-92.283,2.196
2012-05-05-16_06_02.679,401,0,21,0,2.296,-92.190,2.196
2012-05-05-16_06_02.679,401,0,21,0,2.186,-92.258,2.196
2012-05-05-16_06_02.680,401,1,21,0,-6.752,-92.296,1.996
2012-05-05-16_06_02.681,401,1,21,0,-6.827,-92.269,2.096
2012-05-05-16_06_02.681,401,1,21,0,-6.770,-92.209,1.996
2012-05-05-16_06_02.682,401,2,21,0,-15.696,-92.213,1.396
2012-05-05-16_06_02.683,401,2,21,0,-15.779,-92.188,1.396
2012-05-05-16_06_02.684,401,2,21,0,-15.752,-92.197,1.396
2012-05-05-16_06_02.685,401,3,21,0,-24.718,-92.295,1.896
2012-05-05-16_06_02.685,401,3,21,0,-24.691,-92.202,1.896
2012-05-05-16_06_02.686,401,3,21,0,-24.801,-92.270,1.896
2012-05-05-16_06_02.687,401,4,21,0,-33.715,-92.297,1.196
2012-05-05-16_06_02.688,401,4,21,0,-33.687,-92.204,1.296
2012-05-05-16_06_02.689,401,4,21,0,-33.797,-92.272,1.196
2012-05-05-16_06_02.690,401,5,21,0,-42.731,-92.290,1.896
2012-05-05-16_06_02.690,401,5,21,0,-42.680,-92.337,1.696
2012-05-05-16_06_02.691,401,5,21,0,-42.780,-92.304,1.896
2012-05-05-16_06_02.692,401,6,21,0,-51.760,-92.357,1.596
2012-05-05-16_06_02.693,401,6,21,0,-51.733,-92.265,1.596
2012-05-05-16_06_02.693,401,6,21,0,-51.682,-92.311,1.596
2012-05-05-16_06_02.694,401,7,21,0,-60.655,-92.293,2.396
2012-05-05-16_06_02.695,401,7,21,0,-60.737,-92.269,2.396
2012-05-05-16_06_02.696,401,7,21,0,-60.676,-92.215,2.396
2012-05-05-16_06_02.697,401,0,21,1,-2.193,-92.290,2.105
2012-05-05-16_06_02.699,401,0,21,1,-2.168,-92.190,2.105
2012-05-05-16_06_02.700,401,0,21,1,-2.269,-92.270,2.104
2012-05-05-16_06_02.700,401,1,21,1,-11.214,-92.295,2.105
2012-05-05-16_06_02.702,401,1,21,1,-11.342,-92.222,2.105
2012-05-05-16_06_02.704,401,1,21,1,-11.235,-92.209,2.004
2012-05-05-16_06_02.705,401,2,21,1,-20.158,-92.220,1.505
2012-05-05-16_06_02.706,401,2,21,1,-20.234,-92.200,1.504
2012-05-05-16_06_02.707,401,2,21,1,-20.243,-92.199,1.504
2012-05-05-16_06_02.708,401,3,21,1,-29.180,-92.302,1.605
2012-05-05-16_06_02.709,401,3,21,1,-29.155,-92.202,1.705
2012-05-05-16_06_02.710,401,3,21,1,-29.256,-92.283,1.704
2012-05-05-16_06_02.711,401,4,21,1,-38.177,-92.304,1.305
2012-05-05-16_06_02.711,401,4,21,1,-38.152,-92.204,1.205
2012-05-05-16_06_02.712,401,4,21,1,-38.252,-92.284,1.304
2012-05-05-16_06_02.713,401,5,21,1,-47.195,-92.290,1.805
2012-05-05-16_06_02.714,401,5,21,1,-47.283,-92.270,1.704
2012-05-05-16_06_02.715,401,5,21,1,-47.251,-92.292,1.804
2012-05-05-16_06_02.715,401,6,21,1,-56.222,-92.365,1.605
2012-05-05-16_06_02.716,401,6,21,1,-56.197,-92.264,1.605
2012-05-05-16_06_02.717,401,6,21,1,-56.298,-92.345,1.604
2012-05-05-16_06_02.718,401,7,21,1,-65.192,-92.281,2.204
2012-05-05-16_06_02.719,401,7,21,1,-65.202,-92.280,2.204
2012-05-05-16_06_02.720,401,7,21,1,-65.179,-92.181,2.304
2012-05-05-16_06_02.720,401,0,22,0,2.259,-96.779,2.116
2012-05-05-16_06_02.721,401,0,22,0,2.296,-96.691,2.116
2012-05-05-16_06_02.722,401,0,22,0,2.188,-96.758,2.116
2012-05-05-16_06_02.723,401,1,22,0,-6.754,-96.794,2.016
2012-05-05-16_06_02.724,401,1,22,0,-6.828,-96.774,2.016
2012-05-05-16_06_02.724,401,1,22,0,-6.773,-96.707,2.016
2012-05-05-16_06_02.725,401,2,22,0,-15.706,-96.709,1.416
2012-05-05-16_06_02.726,401,2,22,0,-15.777,-96.688,1.416
2012-05-05-16_06_02.727,401,2,22,0,-15.715,-96.639,1.416
2012-05-05-16_06_02.728,401,3,22,0,-24.728,-96.792,1.816
2012-05-05-16_06_02.728,401,3,22,0,-24.691,-96.703,1.916
2012-05-05-16_06_02.729,401,3,22,0,-24.799,-96.770,1.816
2012-05-05-16_06_02.730,401,4,22,0,-33.725,-96.793,1.216
2012-05-05-16_06_02.731,401,4,22,0,-33.688,-96.705,1.216
2012-05-05-16_06_02.732,401,4,22,0,-33.795,-96.772,1.216
2012-05-05-16_06_02.733,401,5,22,0,-42.731,-96.791,1.916
2012-05-05-16_06_02.734,401,5,22,0,-42.680,-96.842,1.716
2012-05-05-16_06_02.735,401,5,22,0,-42.778,-96.809,1.916
2012-05-05-16_06_02.735,401,6,22,0,-51.770,-96.854,1.616
2012-05-05-16_06_02.736,401,6,22,0,-51.733,-96.766,1.616
2012-05-05-16_06_02.737,401,6,22,0,-51.682,-96.817,1.616
2012-05-05-16_06_02.738,401,7,22,0,-60.665,-96.790,2.416
2012-05-05-16_06_02.739,401,7,22,0,-60.735,-96.769,2.416
2012-05-05-16_06_02.739,401,7,22,0,-60.674,-96.720,2.416
2012-05-05-16_06_02.740,401,0,22,1,-2.194,-96.786,2.125
2012-05-05-16_06_02.741,401,0,22,1,-2.168,-96.691,2.125
2012-05-05-16_06_02.742,401,0,22,1,-2.264,-96.768,2.125
2012-05-05-16_06_02.742,401,1,22,1,-11.214,-96.794,2.025
2012-05-05-16_06_02.743,401,1,22,1,-11.343,-96.722,2.025
2012-05-05-16_06_02.744,401,1,22,1,-11.235,-96.707,2.025
2012-05-05-16_06_02.745,401,2,22,1,-20.158,-96.716,1.425
2012-05-05-16_06_02.746,401,2,22,1,-20.229,-96.698,1.525
2012-05-05-16_06_02.747,401,2,22,1,-20.236,-96.697,1.525
2012-05-05-16_06_02.748,401,3,22,1,-29.181,-96.798,1.625
2012-05-05-16_06_02.748,401,3,22,1,-29.155,-96.703,1.625
2012-05-05-16_06_02.749,401,3,22,1,-29.251,-96.780,1.625
2012-05-05-16_06_02.750,401,4,22,1,-38.177,-96.800,1.225
2012-05-05-16_06_02.751,401,4,22,1,-38.152,-96.705,1.225
2012-05-05-16_06_02.752,401,4,22,1,-38.248,-96.782,1.225
2012-05-05-16_06_02.752,401,5,22,1,-47.196,-96.790,1.725
2012-05-05-16_06_02.753,401,5,22,1,-47.281,-96.768,1.725
2012-05-05-16_06_02.754,401,5,22,1,-47.252,-96.790,1.725
2012-05-05-16_06_02.755,401,6,22,1,-56.223,-96.861,1.525
2012-05-05-16_06_02.756,401,6,22,1,-56.197,-96.765,1.625
2012-05-05-16_06_02.759,401,6,22,1,-56.293,-96.843,1.625
2012-05-05-16_06_02.760,401,7,22,1,-65.188,-96.779,2.225
2012-05-05-16_06_02.761,401,7,22,1,-65.195,-96.778,2.225
2012-05-05-16_06_02.762,401,7,22,1,-65.177,-96.678,2.225
2012-05-05-16_06_02.764,401,0,23,0,2.273,-101.278,2.040
2012-05-05-16_06_02.765,401,0,23,0,2.298,-101.190,2.040
2012-05-05-16_06_02.766,401,0,23,0,2.188,-101.254,2.140
2012-05-05-16_06_02.766,401,1,23,0,-6.755,-101.289,2.040
2012-05-05-16_06_02.767,401,1,23,0,-6.828,-101.269,1.940
2012-05-05-16_06_02.768,401,1,23,0,-6.774,-101.204,2.040
2012-05-05-16_06_02.769,401,2,23,0,-15.692,-101.208,1.340
2012-05-05-16_06_02.770,401,2,23,0,-15.777,-101.184,1.340
2012-05-05-16_06_02.770,401,2,23,0,-15.713,-101.139,1.340
2012-05-05-16_06_02.771,401,3,23,0,-24.714,-101.290,1.840
2012-05-05-16_06_02.772,401,3,23,0,-24.689,-101.202,1.840
2012-05-05-16_06_02.773,401,3,23,0,-24.799,-101.266,1.840
2012-05-05-16_06_02.774,401,4,23,0,-33.711,-101.292,1.140
2012-05-05-16_06_02.774,401,4,23,0,-33.685,-101.204,1.140
2012-05-05-16_06_02.775,401,4,23,0,-33.796,-101.268,1.140
2012-05-05-16_06_02.776,401,5,23,0,-42.729,-101.290,1.840
2012-05-05-16_06_02.777,401,5,23,0,-42.681,-101.338,1.640
2012-05-05-16_06_02.778,401,5,23,0,-42.776,-101.309,1.840
2012-05-05-16_06_02.779,401,6,23,0,-51.756,-101.353,1.540
2012-05-05-16_06_02.779,401,6,23,0,-51.731,-101.265,1.540
2012-05-05-16_06_02.780,401,6,23,0,-51.682,-101.312,1.540
2012-05-05-16_06_02.781,401,7,23,0,-60.651,-101.289,2.240
2012-05-05-16_06_02.782,401,7,23,0,-60.736,-101.265,2.340
2012-05-05-16_06_02.783,401,7,23,0,-60.672,-101.220,2.340
2012-05-05-16_06_02.783,401,0,23,1,-2.182,-101.277,2.140
2012-05-05-16_06_02.784,401,0,23,1,-2.169,-101.189,2.140
2012-05-05-16_06_02.785,401,0,23,1,-2.265,-101.265,2.140
2012-05-05-16_06_02.786,401,1,23,1,-11.210,-101.289,7.340
2012-05-05-16_06_02.787,401,1,23,1,-11.343,-101.221,2.040
2012-05-05-16_06_02.787,401,1,23,1,-11.236,-101.204,3.340
2012-05-05-16_06_02.788,401,2,23,1,-20.147,-101.207,1.440
2012-05-05-16_06_02.789,401,2,23,1,-20.230,-101.194,1.440
2012-05-05-16_06_02.790,401,2,23,1,-20.237,-101.194,1.440
2012-05-05-16_06_02.791,401,3,23,1,-29.169,-101.289,1.540
2012-05-05-16_06_02.791,401,3,23,1,-29.156,-101.202,1.640
2012-05-05-16_06_02.792,401,3,23,1,-29.252,-101.277,1.640
2012-05-05-16_06_02.793,401,4,23,1,-38.165,-101.291,1.240
2012-05-05-16_06_02.794,401,4,23,1,-38.152,-101.203,1.240
2012-05-05-16_06_02.795,401,4,23,1,-38.248,-101.279,1.240
2012-05-05-16_06_02.796,401,5,23,1,-47.196,-101.289,1.640
2012-05-05-16_06_02.796,401,5,23,1,-47.279,-101.266,1.740
2012-05-05-16_06_02.798,401,5,23,1,-47.250,-101.292,1.740
2012-05-05-16_06_02.798,401,6,23,1,-56.211,-101.351,1.640
2012-05-05-16_06_02.799,401,6,23,1,-56.198,-101.264,1.640
2012-05-05-16_06_02.800,401,6,23,1,-56.294,-101.339,1.540
2012-05-05-16_06_02.801,401,7,23,1,-65.188,-101.275,2.240
2012-05-05-16_06_02.802,401,7,23,1,-65.196,-101.275,2.240
2012-05-05-16_06_02.803,401,7,23,1,-65.175,-101.176,2.140
