2012-05-05-20_33_41.178,173,0,0,0,2.259,2.220,3.496
2012-05-05-20_33_41.179,173,1,0,0,-6.747,2.205,2.896
2012-05-05-20_33_41.207,173,2,0,0,-15.738,2.300,2.496
2012-05-05-20_33_41.209,173,3,0,0,-24.792,2.205,2.796
2012-05-05-20_33_41.210,173,4,0,0,-33.779,2.230,1.996
2012-05-05-20_33_41.211,173,5,0,0,-42.794,2.168,2.696
2012-05-05-20_33_41.211,173,6,0,0,-51.793,2.164,2.596
2012-05-05-20_33_41.212,173,7,0,0,-60.715,2.246,3.296
2012-05-05-20_33_41.213,173,0,0,1,-2.186,2.213,3.696
2012-05-05-20_33_41.214,173,1,0,1,-11.204,2.205,3.096
2012-05-05-20_33_41.215,173,2,0,1,-20.183,2.294,2.596
2012-05-05-20_33_41.216,173,3,0,1,-29.237,2.198,2.596
2012-05-05-20_33_41.216,173,4,0,1,-38.224,2.223,2.296
2012-05-05-20_33_41.217,173,5,0,1,-47.239,2.161,2.596
2012-05-05-20_33_41.218,173,6,0,1,-56.238,2.157,2.796
2012-05-05-20_33_41.219,173,7,0,1,-65.160,2.240,3.496
2012-05-05-20_33_41.220,173,0,1,0,2.271,-2.280,3.612
2012-05-05-20_33_41.220,173,1,1,0,-6.745,-2.290,3.112
2012-05-05-20_33_41.221,173,2,1,0,-15.726,-2.200,2.512
2012-05-05-20_33_41.222,173,3,1,0,-24.781,-2.295,2.812
2012-05-05-20_33_41.222,173,4,1,0,-33.768,-2.270,2.112
2012-05-05-20_33_41.223,173,5,1,0,-42.782,-2.333,2.512
2012-05-05-20_33_41.224,173,6,1,0,-51.781,-2.336,2.612
2012-05-05-20_33_41.225,173,7,1,0,-60.703,-2.254,3.312
2012-05-05-20_33_41.225,173,0,1,1,-2.188,-2.289,3.719
2012-05-05-20_33_41.226,173,1,1,1,-11.204,-2.289,3.119
2012-05-05-20_33_41.226,173,2,1,1,-20.186,-2.208,2.619
2012-05-05-20_33_41.227,173,3,1,1,-29.240,-2.304,2.619
2012-05-05-20_33_41.227,173,4,1,1,-38.227,-2.279,2.019
2012-05-05-20_33_41.228,173,5,1,1,-47.242,-2.341,2.619
2012-05-05-20_33_41.229,173,6,1,1,-56.241,-2.345,2.719
2012-05-05-20_33_41.229,173,7,1,1,-65.163,-2.262,3.419
2012-05-05-20_33_41.230,173,0,2,0,2.271,-6.784,3.628
2012-05-05-20_33_41.231,173,1,2,0,-6.745,-6.787,3.228
2012-05-05-20_33_41.231,173,2,2,0,-15.726,-6.704,2.528
2012-05-05-20_33_41.232,173,3,2,0,-24.781,-6.800,2.928
2012-05-05-20_33_41.232,173,4,2,0,-33.768,-6.775,2.228
2012-05-05-20_33_41.233,173,5,2,0,-42.783,-6.837,2.828
2012-05-05-20_33_41.233,173,6,2,0,-51.781,-6.841,2.728
2012-05-05-20_33_41.234,173,7,2,0,-60.703,-6.758,3.528
2012-05-05-20_33_41.235,173,0,2,1,-2.186,-6.792,3.637
2012-05-05-20_33_41.236,173,1,2,1,-11.202,-6.787,3.137
2012-05-05-20_33_41.238,173,2,2,1,-20.184,-6.712,2.637
2012-05-05-20_33_41.239,173,3,2,1,-29.238,-6.807,2.737
2012-05-05-20_33_41.240,173,4,2,1,-38.225,-6.782,2.337
2012-05-05-20_33_41.241,173,5,2,1,-47.240,-6.845,2.637
2012-05-05-20_33_41.247,173,6,2,1,-56.239,-6.848,2.837
2012-05-05-20_33_41.248,173,7,2,1,-65.161,-6.766,3.437
2012-05-05-20_33_41.249,173,0,3,0,2.270,-11.282,3.647
2012-05-05-20_33_41.249,173,1,3,0,-6.741,-11.286,3.247
2012-05-05-20_33_41.250,173,2,3,0,-15.727,-11.202,2.547
2012-05-05-20_33_41.252,173,3,3,0,-24.781,-11.298,2.847
2012-05-05-20_33_41.253,173,4,3,0,-33.769,-11.273,2.347
2012-05-05-20_33_41.254,173,5,3,0,-42.783,-11.335,2.747
2012-05-05-20_33_41.255,173,6,3,0,-51.782,-11.339,2.847
2012-05-05-20_33_41.256,173,7,3,0,-60.704,-11.256,3.347
2012-05-05-20_33_41.257,173,0,3,1,-2.187,-11.289,3.659
2012-05-05-20_33_41.260,173,1,3,1,-11.200,-11.286,3.259
2012-05-05-20_33_41.270,173,2,3,1,-20.184,-11.208,2.559
2012-05-05-20_33_41.271,173,3,3,1,-29.239,-11.304,2.659
2012-05-05-20_33_41.272,173,4,3,1,-38.226,-11.279,2.459
2012-05-05-20_33_41.273,173,5,3,1,-47.240,-11.341,2.659
2012-05-05-20_33_41.274,173,6,3,1,-56.239,-11.345,2.859
2012-05-05-20_33_41.276,173,7,3,1,-65.161,-11.262,3.359
2012-05-05-20_33_41.277,173,0,4,0,2.270,-15.781,3.672
2012-05-05-20_33_41.278,173,1,4,0,-6.741,-15.793,3.172
2012-05-05-20_33_41.279,173,2,4,0,-15.727,-15.701,2.572
2012-05-05-20_33_41.280,173,3,4,0,-24.782,-15.797,2.972
2012-05-05-20_33_41.281,173,4,4,0,-33.769,-15.772,2.072
2012-05-05-20_33_41.282,173,5,4,0,-42.784,-15.834,2.572
2012-05-05-20_33_41.283,173,6,4,0,-51.782,-15.837,2.772
2012-05-05-20_33_41.284,173,7,4,0,-60.704,-15.755,3.472
2012-05-05-20_33_41.285,173,0,4,1,-2.187,-15.788,3.683
2012-05-05-20_33_41.286,173,1,4,1,-11.203,-15.794,3.182
2012-05-05-20_33_41.287,173,2,4,1,-20.184,-15.708,2.683
2012-05-05-20_33_41.287,173,3,4,1,-29.239,-15.804,2.883
2012-05-05-20_33_41.288,173,4,4,1,-38.226,-15.779,2.183
2012-05-05-20_33_41.289,173,5,4,1,-47.241,-15.841,2.483
2012-05-05-20_33_41.290,173,6,4,1,-56.239,-15.844,2.783
2012-05-05-20_33_41.291,173,7,4,1,-65.161,-15.762,3.383
2012-05-05-20_33_41.292,173,0,5,0,2.270,-20.279,3.691
2012-05-05-20_33_41.293,173,1,5,0,-6.741,-20.297,3.191
2012-05-05-20_33_41.294,173,2,5,0,-15.728,-20.199,2.591
2012-05-05-20_33_41.295,173,3,5,0,-24.782,-20.295,2.891
2012-05-05-20_33_41.296,173,4,5,0,-33.769,-20.270,2.191
2012-05-05-20_33_41.297,173,5,5,0,-42.784,-20.332,2.691
2012-05-05-20_33_41.298,173,6,5,0,-51.783,-20.335,2.791
2012-05-05-20_33_41.299,173,7,5,0,-60.705,-20.253,3.391
2012-05-05-20_33_41.300,173,0,5,1,-2.185,-20.287,3.700
2012-05-05-20_33_41.302,173,1,5,1,-11.206,-20.296,3.100
2012-05-05-20_33_41.303,173,2,5,1,-20.182,-20.207,2.600
2012-05-05-20_33_41.304,173,3,5,1,-29.237,-20.303,2.800
2012-05-05-20_33_41.305,173,4,5,1,-38.224,-20.277,2.100
2012-05-05-20_33_41.306,173,5,5,1,-47.239,-20.340,2.600
2012-05-05-20_33_41.306,173,6,5,1,-56.237,-20.343,2.800
2012-05-05-20_33_41.307,173,7,5,1,-65.159,-20.261,3.500
2012-05-05-20_33_41.309,173,0,6,0,2.269,-24.780,3.710
2012-05-05-20_33_41.310,173,1,6,0,-6.737,-24.791,3.310
2012-05-05-20_33_41.311,173,2,6,0,-15.728,-24.700,2.610
2012-05-05-20_33_41.312,173,3,6,0,-24.783,-24.795,2.910
2012-05-05-20_33_41.313,173,4,6,0,-33.770,-24.770,2.110
2012-05-05-20_33_41.314,173,5,6,0,-42.784,-24.833,2.610
2012-05-05-20_33_41.316,173,6,6,0,-51.783,-24.836,2.810
2012-05-05-20_33_41.317,173,7,6,0,-60.705,-24.754,3.610
2012-05-05-20_33_41.317,173,0,6,1,-2.183,-24.789,3.722
2012-05-05-20_33_41.318,173,1,6,1,-11.209,-24.790,3.322
2012-05-05-20_33_41.326,173,2,6,1,-20.180,-24.709,2.622
2012-05-05-20_33_41.327,173,3,6,1,-29.235,-24.804,2.922
2012-05-05-20_33_41.328,173,4,6,1,-38.222,-24.779,2.122
2012-05-05-20_33_41.329,173,5,6,1,-47.237,-24.842,2.622
2012-05-05-20_33_41.330,173,6,6,1,-56.235,-24.845,2.922
2012-05-05-20_33_41.331,173,7,6,1,-65.157,-24.763,3.522
2012-05-05-20_33_41.332,173,0,7,0,2.271,-29.284,3.735
2012-05-05-20_33_41.333,173,1,7,0,-6.740,-29.287,3.135
2012-05-05-20_33_41.334,173,2,7,0,-15.726,-29.204,2.735
2012-05-05-20_33_41.335,173,3,7,0,-24.781,-29.299,2.935
2012-05-05-20_33_41.336,173,4,7,0,-33.768,-29.274,2.435
2012-05-05-20_33_41.337,173,5,7,0,-42.782,-29.336,2.735
2012-05-05-20_33_41.338,173,6,7,0,-51.781,-29.340,2.935
2012-05-05-20_33_41.339,173,7,7,0,-60.703,-29.258,3.535
2012-05-05-20_33_41.340,173,0,7,1,-2.184,-29.291,3.745
2012-05-05-20_33_41.342,173,1,7,1,-11.212,-29.287,3.345
2012-05-05-20_33_41.343,173,2,7,1,-20.181,-29.211,2.645
2012-05-05-20_33_41.344,173,3,7,1,-29.235,-29.306,2.845
2012-05-05-20_33_41.346,173,4,7,1,-38.223,-29.281,2.345
2012-05-05-20_33_41.347,173,5,7,1,-47.237,-29.344,2.845
2012-05-05-20_33_41.348,173,6,7,1,-56.236,-29.347,2.945
2012-05-05-20_33_41.349,173,7,7,1,-65.158,-29.265,3.545
2012-05-05-20_33_41.350,173,0,8,0,2.273,-33.782,3.754
2012-05-05-20_33_41.351,173,1,8,0,-6.743,-33.785,3.254
2012-05-05-20_33_41.352,173,2,8,0,-15.724,-33.702,2.654
2012-05-05-20_33_41.353,173,3,8,0,-24.779,-33.798,2.954
2012-05-05-20_33_41.353,173,4,8,0,-33.766,-33.773,2.454
2012-05-05-20_33_41.354,173,5,8,0,-42.780,-33.835,2.754
2012-05-05-20_33_41.355,173,6,8,0,-51.779,-33.839,2.954
2012-05-05-20_33_41.356,173,7,8,0,-60.701,-33.756,3.554
2012-05-05-20_33_41.357,173,0,8,1,-2.187,-33.787,3.763
2012-05-05-20_33_41.358,173,1,8,1,-11.214,-33.785,3.262
2012-05-05-20_33_41.359,173,2,8,1,-20.184,-33.707,2.663
2012-05-05-20_33_41.360,173,3,8,1,-29.238,-33.803,2.963
2012-05-05-20_33_41.361,173,4,8,1,-38.225,-33.778,2.463
2012-05-05-20_33_41.364,173,5,8,1,-47.240,-33.840,2.763
2012-05-05-20_33_41.364,173,6,8,1,-56.239,-33.843,2.963
2012-05-05-20_33_41.365,173,7,8,1,-65.161,-33.761,3.563
2012-05-05-20_33_41.366,173,0,9,0,2.275,-38.283,3.772
2012-05-05-20_33_41.367,173,1,9,0,-6.746,-38.292,3.372
2012-05-05-20_33_41.369,173,2,9,0,-15.722,-38.202,2.672
2012-05-05-20_33_41.370,173,3,9,0,-24.777,-38.298,2.972
2012-05-05-20_33_41.371,173,4,9,0,-33.764,-38.273,2.272
2012-05-05-20_33_41.372,173,5,9,0,-42.778,-38.335,2.672
2012-05-05-20_33_41.374,173,6,9,0,-51.777,-38.339,2.872
2012-05-05-20_33_41.375,173,7,9,0,-60.699,-38.256,3.472
2012-05-05-20_33_41.376,173,0,9,1,-2.185,-38.288,3.685
2012-05-05-20_33_41.377,173,1,9,1,-11.213,-38.292,3.185
2012-05-05-20_33_41.378,173,2,9,1,-20.182,-38.208,2.785
2012-05-05-20_33_41.379,173,3,9,1,-29.236,-38.303,2.785
2012-05-05-20_33_41.380,173,4,9,1,-38.223,-38.278,2.285
2012-05-05-20_33_41.381,173,5,9,1,-47.238,-38.340,2.685
2012-05-05-20_33_41.382,173,6,9,1,-56.237,-38.344,2.985
2012-05-05-20_33_41.384,173,7,9,1,-65.159,-38.262,3.585
2012-05-05-20_33_41.385,173,0,10,0,2.275,-42.780,3.698
2012-05-05-20_33_41.386,173,1,10,0,-6.748,-42.795,3.298
2012-05-05-20_33_41.387,173,2,10,0,-15.722,-42.700,2.798
2012-05-05-20_33_41.388,173,3,10,0,-24.777,-42.795,2.998
2012-05-05-20_33_41.390,173,4,10,0,-33.764,-42.770,2.298
2012-05-05-20_33_41.393,173,5,10,0,-42.779,-42.833,2.798
2012-05-05-20_33_41.394,173,6,10,0,-51.777,-42.836,2.998
2012-05-05-20_33_41.394,173,7,10,0,-60.699,-42.754,3.498
2012-05-05-20_33_41.396,173,0,10,1,-2.187,-42.787,3.808
2012-05-05-20_33_41.397,173,1,10,1,-11.213,-42.795,3.308
2012-05-05-20_33_41.398,173,2,10,1,-20.184,-42.707,2.708
2012-05-05-20_33_41.399,173,3,10,1,-29.239,-42.803,3.108
2012-05-05-20_33_41.400,173,4,10,1,-38.226,-42.777,2.508
2012-05-05-20_33_41.401,173,5,10,1,-47.241,-42.840,2.808
2012-05-05-20_33_41.402,173,6,10,1,-56.240,-42.843,3.008
2012-05-05-20_33_41.403,173,7,10,1,-65.162,-42.761,3.508
2012-05-05-20_33_41.404,173,0,11,0,2.277,-47.279,3.717
2012-05-05-20_33_41.405,173,1,11,0,-6.749,-47.291,3.317
2012-05-05-20_33_41.406,173,2,11,0,-15.720,-47.199,2.717
2012-05-05-20_33_41.407,173,3,11,0,-24.775,-47.295,3.017
2012-05-05-20_33_41.408,173,4,11,0,-33.762,-47.270,2.417
2012-05-05-20_33_41.409,173,5,11,0,-42.777,-47.332,2.817
2012-05-05-20_33_41.410,173,6,11,0,-51.775,-47.336,3.017
2012-05-05-20_33_41.411,173,7,11,0,-60.697,-47.253,3.517
2012-05-05-20_33_41.411,173,0,11,1,-2.190,-47.289,3.826
2012-05-05-20_33_41.412,173,1,11,1,-11.211,-47.290,3.326
2012-05-05-20_33_41.413,173,2,11,1,-20.187,-47.209,2.726
2012-05-05-20_33_41.414,173,3,11,1,-29.242,-47.305,2.826
2012-05-05-20_33_41.415,173,4,11,1,-38.229,-47.280,2.526
2012-05-05-20_33_41.416,173,5,11,1,-47.244,-47.342,2.926
2012-05-05-20_33_41.417,173,6,11,1,-56.242,-47.346,3.026
2012-05-05-20_33_41.418,173,7,11,1,-65.164,-47.263,3.626
2012-05-05-20_33_41.418,173,0,12,0,2.276,-51.785,3.636
2012-05-05-20_33_41.420,173,1,12,0,-6.749,-51.787,3.336
2012-05-05-20_33_41.420,173,2,12,0,-15.721,-51.705,2.736
2012-05-05-20_33_41.422,173,3,12,0,-24.776,-51.800,2.936
2012-05-05-20_33_41.422,173,4,12,0,-33.763,-51.775,2.236
2012-05-05-20_33_41.424,173,5,12,0,-42.777,-51.837,2.836
2012-05-05-20_33_41.425,173,6,12,0,-51.776,-51.841,2.936
2012-05-05-20_33_41.426,173,7,12,0,-60.698,-51.759,3.536
2012-05-05-20_33_41.427,173,0,12,1,-2.191,-51.792,3.849
2012-05-05-20_33_41.428,173,1,12,1,-11.211,-51.787,3.449
2012-05-05-20_33_41.430,173,2,12,1,-20.188,-51.712,2.749
2012-05-05-20_33_41.431,173,3,12,1,-29.242,-51.807,2.849
2012-05-05-20_33_41.432,173,4,12,1,-38.230,-51.782,2.549
2012-05-05-20_33_41.433,173,5,12,1,-47.244,-51.845,2.849
2012-05-05-20_33_41.434,173,6,12,1,-56.243,-51.848,3.049
2012-05-05-20_33_41.436,173,7,12,1,-65.165,-51.766,3.649
2012-05-05-20_33_41.437,173,0,13,0,2.278,-56.282,3.862
2012-05-05-20_33_41.438,173,1,13,0,-6.752,-56.285,3.362
2012-05-05-20_33_41.439,173,2,13,0,-15.719,-56.202,2.762
2012-05-05-20_33_41.441,173,3,13,0,-24.773,-56.297,3.062
2012-05-05-20_33_41.442,173,4,13,0,-33.761,-56.272,2.362
2012-05-05-20_33_41.443,173,5,13,0,-42.775,-56.335,2.762
2012-05-05-20_33_41.444,173,6,13,0,-51.774,-56.338,2.862
2012-05-05-20_33_41.445,173,7,13,0,-60.696,-56.256,3.562
2012-05-05-20_33_41.446,173,0,13,1,-2.194,-56.289,3.872
2012-05-05-20_33_41.447,173,1,13,1,-11.209,-56.285,3.371
2012-05-05-20_33_41.448,173,2,13,1,-20.191,-56.208,2.772
2012-05-05-20_33_41.449,173,3,13,1,-29.245,-56.304,2.872
2012-05-05-20_33_41.450,173,4,13,1,-38.232,-56.279,2.272
2012-05-05-20_33_41.451,173,5,13,1,-47.247,-56.341,2.972
2012-05-05-20_33_41.452,173,6,13,1,-56.246,-56.345,2.972
2012-05-05-20_33_41.454,173,7,13,1,-65.168,-56.262,3.572
2012-05-05-20_33_41.455,173,0,14,0,2.275,-60.782,3.779
2012-05-05-20_33_41.458,173,1,14,0,-6.750,-60.793,3.379
2012-05-05-20_33_41.459,173,2,14,0,-15.722,-60.702,2.779
2012-05-05-20_33_41.460,173,3,14,0,-24.776,-60.797,3.079
2012-05-05-20_33_41.461,173,4,14,0,-33.763,-60.772,2.579
2012-05-05-20_33_41.461,173,5,14,0,-42.778,-60.834,2.779
2012-05-05-20_33_41.462,173,6,14,0,-51.777,-60.838,2.979
2012-05-05-20_33_41.463,173,7,14,0,-60.699,-60.756,3.779
2012-05-05-20_33_41.464,173,0,14,1,-2.196,-60.788,3.888
2012-05-05-20_33_41.465,173,1,14,1,-11.210,-60.793,3.388
2012-05-05-20_33_41.466,173,2,14,1,-20.194,-60.708,2.888
2012-05-05-20_33_41.466,173,3,14,1,-29.248,-60.804,2.888
2012-05-05-20_33_41.467,173,4,14,1,-38.235,-60.779,2.588
2012-05-05-20_33_41.468,173,5,14,1,-47.250,-60.841,2.888
2012-05-05-20_33_41.469,173,6,14,1,-56.249,-60.844,3.088
2012-05-05-20_33_41.470,173,7,14,1,-65.171,-60.762,3.688
2012-05-05-20_33_41.471,173,0,15,0,2.273,-65.280,3.897
2012-05-05-20_33_41.473,173,1,15,0,-6.751,-65.296,3.397
2012-05-05-20_33_41.474,173,2,15,0,-15.725,-65.200,2.797
2012-05-05-20_33_41.475,173,3,15,0,-24.779,-65.295,3.097
2012-05-05-20_33_41.476,173,4,15,0,-33.766,-65.270,2.597
2012-05-05-20_33_41.477,173,5,15,0,-42.781,-65.332,2.797
2012-05-05-20_33_41.478,173,6,15,0,-51.780,-65.336,2.997
2012-05-05-20_33_41.479,173,7,15,0,-60.702,-65.254,3.497
2012-05-05-20_33_41.480,173,0,15,1,-2.197,-65.287,3.910
2012-05-05-20_33_41.480,173,1,15,1,-11.210,-65.296,3.410
2012-05-05-20_33_41.481,173,2,15,1,-20.194,-65.206,2.810
2012-05-05-20_33_41.482,173,3,15,1,-29.249,-65.302,2.910
2012-05-05-20_33_41.483,173,4,15,1,-38.236,-65.277,2.510
2012-05-05-20_33_41.484,173,5,15,1,-47.250,-65.339,2.910
2012-05-05-20_33_41.485,173,6,15,1,-56.249,-65.343,2.910
2012-05-05-20_33_41.486,173,7,15,1,-65.171,-65.260,3.610
2012-05-05-20_33_41.487,173,0,16,0,2.270,-69.780,3.922
2012-05-05-20_33_41.488,173,1,16,0,-6.751,-69.790,3.422
2012-05-05-20_33_41.489,173,2,16,0,-15.727,-69.700,2.822
2012-05-05-20_33_41.490,173,3,16,0,-24.782,-69.795,3.122
2012-05-05-20_33_41.492,173,4,16,0,-33.769,-69.770,2.322
2012-05-05-20_33_41.493,173,5,16,0,-42.784,-69.832,2.922
2012-05-05-20_33_41.494,173,6,16,0,-51.782,-69.836,2.922
2012-05-05-20_33_41.495,173,7,16,0,-60.704,-69.754,3.722
2012-05-05-20_33_41.496,173,0,16,1,-2.197,-69.789,3.834
2012-05-05-20_33_41.497,173,1,16,1,-11.208,-69.789,3.434
2012-05-05-20_33_41.498,173,2,16,1,-20.194,-69.708,2.834
2012-05-05-20_33_41.499,173,3,16,1,-29.249,-69.804,2.934
2012-05-05-20_33_41.500,173,4,16,1,-38.236,-69.779,2.534
2012-05-05-20_33_41.500,173,5,16,1,-47.251,-69.841,2.734
2012-05-05-20_33_41.502,173,6,16,1,-56.249,-69.845,3.034
2012-05-05-20_33_41.502,173,7,16,1,-65.171,-69.762,3.634
2012-05-05-20_33_41.503,173,0,17,0,2.267,-74.284,3.942
2012-05-05-20_33_41.504,173,1,17,0,-6.749,-74.287,3.442
2012-05-05-20_33_41.505,173,2,17,0,-15.730,-74.204,2.842
2012-05-05-20_33_41.506,173,3,17,0,-24.785,-74.299,3.042
2012-05-05-20_33_41.506,173,4,17,0,-33.772,-74.274,2.342
2012-05-05-20_33_41.508,173,5,17,0,-42.787,-74.336,2.842
2012-05-05-20_33_41.508,173,6,17,0,-51.785,-74.340,2.942
2012-05-05-20_33_41.509,173,7,17,0,-60.707,-74.258,3.642
2012-05-05-20_33_41.511,173,0,17,1,-2.193,-74.291,3.952
2012-05-05-20_33_41.512,173,1,17,1,-11.211,-74.286,3.451
2012-05-05-20_33_41.512,173,2,17,1,-20.190,-74.211,2.852
2012-05-05-20_33_41.513,173,3,17,1,-29.245,-74.306,2.852
2012-05-05-20_33_41.514,173,4,17,1,-38.232,-74.281,2.352
2012-05-05-20_33_41.517,173,5,17,1,-47.246,-74.344,2.752
2012-05-05-20_33_41.518,173,6,17,1,-56.245,-74.347,3.052
2012-05-05-20_33_41.519,173,7,17,1,-65.167,-74.265,3.752
2012-05-05-20_33_41.519,173,0,18,0,2.264,-78.782,3.862
2012-05-05-20_33_41.520,173,1,18,0,-6.747,-78.785,3.462
2012-05-05-20_33_41.521,173,2,18,0,-15.733,-78.702,2.862
2012-05-05-20_33_41.522,173,3,18,0,-24.788,-78.797,3.062
2012-05-05-20_33_41.523,173,4,18,0,-33.775,-78.772,2.562
2012-05-05-20_33_41.524,173,5,18,0,-42.789,-78.834,2.762
2012-05-05-20_33_41.525,173,6,18,0,-51.788,-78.838,2.962
2012-05-05-20_33_41.526,173,7,18,0,-60.710,-78.756,3.862
2012-05-05-20_33_41.527,173,0,18,1,-2.193,-78.789,3.875
2012-05-05-20_33_41.528,173,1,18,1,-11.211,-78.785,3.474
2012-05-05-20_33_41.529,173,2,18,1,-20.190,-78.708,2.875
2012-05-05-20_33_41.530,173,3,18,1,-29.245,-78.804,3.175
2012-05-05-20_33_41.531,173,4,18,1,-38.232,-78.779,2.375
2012-05-05-20_33_41.532,173,5,18,1,-47.247,-78.841,2.875
2012-05-05-20_33_41.532,173,6,18,1,-56.245,-78.845,3.075
2012-05-05-20_33_41.533,173,7,18,1,-65.167,-78.762,3.775
2012-05-05-20_33_41.534,173,0,19,0,2.264,-83.282,3.887
2012-05-05-20_33_41.535,173,1,19,0,-6.747,-83.292,3.387
2012-05-05-20_33_41.536,173,2,19,0,-15.734,-83.201,2.887
2012-05-05-20_33_41.537,173,3,19,0,-24.788,-83.297,3.187
2012-05-05-20_33_41.538,173,4,19,0,-33.775,-83.272,2.187
2012-05-05-20_33_41.539,173,5,19,0,-42.790,-83.334,2.887
2012-05-05-20_33_41.539,173,6,19,0,-51.789,-83.338,3.087
2012-05-05-20_33_41.540,173,7,19,0,-60.711,-83.255,3.687
2012-05-05-20_33_41.541,173,0,19,1,-2.191,-83.288,3.997
2012-05-05-20_33_41.542,173,1,19,1,-11.214,-83.292,3.397
2012-05-05-20_33_41.543,173,2,19,1,-20.188,-83.208,2.897
2012-05-05-20_33_41.544,173,3,19,1,-29.243,-83.303,2.897
2012-05-05-20_33_41.545,173,4,19,1,-38.230,-83.278,2.697
2012-05-05-20_33_41.546,173,5,19,1,-47.245,-83.340,2.997
2012-05-05-20_33_41.547,173,6,19,1,-56.243,-83.344,3.097
2012-05-05-20_33_41.547,173,7,19,1,-65.165,-83.262,3.797
2012-05-05-20_33_41.548,173,0,20,0,2.266,-87.780,4.005
2012-05-05-20_33_41.549,173,1,20,0,-6.748,-87.796,3.405
2012-05-05-20_33_41.550,173,2,20,0,-15.732,-87.700,2.905
2012-05-05-20_33_41.551,173,3,20,0,-24.786,-87.795,3.105
2012-05-05-20_33_41.552,173,4,20,0,-33.773,-87.770,2.605
2012-05-05-20_33_41.553,173,5,20,0,-42.788,-87.833,2.905
2012-05-05-20_33_41.554,173,6,20,0,-51.787,-87.836,3.005
2012-05-05-20_33_41.555,173,7,20,0,-60.709,-87.754,3.805
2012-05-05-20_33_41.556,173,0,20,1,-2.192,-87.788,4.014
2012-05-05-20_33_41.556,173,1,20,1,-11.212,-87.795,3.414
2012-05-05-20_33_41.557,173,2,20,1,-20.189,-87.707,2.914
2012-05-05-20_33_41.558,173,3,20,1,-29.243,-87.803,3.014
2012-05-05-20_33_41.559,173,4,20,1,-38.230,-87.778,2.614
2012-05-05-20_33_41.560,173,5,20,1,-47.245,-87.840,3.014
2012-05-05-20_33_41.561,173,6,20,1,-56.244,-87.844,3.114
2012-05-05-20_33_41.562,173,7,20,1,-65.166,-87.761,3.914
2012-05-05-20_33_41.563,173,0,21,0,2.268,-92.280,4.024
2012-05-05-20_33_41.564,173,1,21,0,-6.751,-92.290,3.524
2012-05-05-20_33_41.564,173,2,21,0,-15.729,-92.200,3.024
2012-05-05-20_33_41.565,173,3,21,0,-24.784,-92.295,3.124
2012-05-05-20_33_41.566,173,4,21,0,-33.771,-92.270,2.524
2012-05-05-20_33_41.568,173,5,21,0,-42.786,-92.332,2.924
2012-05-05-20_33_41.569,173,6,21,0,-51.785,-92.336,3.024
2012-05-05-20_33_41.570,173,7,21,0,-60.706,-92.254,3.624
2012-05-05-20_33_41.571,173,0,21,1,-2.192,-92.289,4.037
2012-05-05-20_33_41.573,173,1,21,1,-11.213,-92.290,3.337
2012-05-05-20_33_41.576,173,2,21,1,-20.189,-92.209,2.937
2012-05-05-20_33_41.576,173,3,21,1,-29.244,-92.305,2.937
2012-05-05-20_33_41.577,173,4,21,1,-38.231,-92.280,2.537
2012-05-05-20_33_41.579,173,5,21,1,-47.246,-92.342,3.037
2012-05-05-20_33_41.580,173,6,21,1,-56.244,-92.346,3.037
2012-05-05-20_33_41.580,173,7,21,1,-65.166,-92.263,3.737
2012-05-05-20_33_41.581,173,0,22,0,2.267,-96.784,3.950
2012-05-05-20_33_41.584,173,1,22,0,-6.754,-96.788,3.550
2012-05-05-20_33_41.585,173,2,22,0,-15.730,-96.704,2.950
2012-05-05-20_33_41.585,173,3,22,0,-24.785,-96.799,3.150
2012-05-05-20_33_41.586,173,4,22,0,-33.772,-96.774,2.650
2012-05-05-20_33_41.587,173,5,22,0,-42.786,-96.836,2.950
2012-05-05-20_33_41.588,173,6,22,0,-51.785,-96.840,3.150
2012-05-05-20_33_41.588,173,7,22,0,-60.707,-96.758,3.750
2012-05-05-20_33_41.590,173,0,22,1,-2.190,-96.792,4.058
2012-05-05-20_33_41.592,173,1,22,1,-11.213,-96.788,3.558
2012-05-05-20_33_41.593,173,2,22,1,-20.187,-96.712,2.958
2012-05-05-20_33_41.594,173,3,22,1,-29.242,-96.808,3.058
2012-05-05-20_33_41.595,173,4,22,1,-38.229,-96.783,2.758
2012-05-05-20_33_41.596,173,5,22,1,-47.244,-96.845,3.058
2012-05-05-20_33_41.597,173,6,22,1,-56.242,-96.848,3.158
2012-05-05-20_33_41.598,173,7,22,1,-65.164,-96.766,3.858
2012-05-05-20_33_41.600,173,0,23,0,2.267,-101.282,4.068
2012-05-05-20_33_41.601,173,1,23,0,-6.754,-101.286,3.568
2012-05-05-20_33_41.602,173,2,23,0,-15.730,-101.202,2.968
2012-05-05-20_33_41.603,173,3,23,0,-24.785,-101.297,3.268
2012-05-05-20_33_41.603,173,4,23,0,-33.772,-101.272,2.668
2012-05-05-20_33_41.605,173,5,23,0,-42.787,-101.334,2.968
2012-05-05-20_33_41.605,173,6,23,0,-51.785,-101.338,2.968
2012-05-05-20_33_41.606,173,7,23,0,-60.707,-101.256,3.568
2012-05-05-20_33_41.607,173,0,23,1,-2.181,-101.281,3.968
2012-05-05-20_33_41.608,173,1,23,1,-11.211,-101.286,3.568
2012-05-05-20_33_41.609,173,2,23,1,-20.178,-101.200,2.968
2012-05-05-20_33_41.610,173,3,23,1,-29.232,-101.296,2.968
2012-05-05-20_33_41.611,173,4,23,1,-38.219,-101.271,2.668
2012-05-05-20_33_41.612,173,5,23,1,-47.234,-101.333,3.068
2012-05-05-20_33_41.613,173,6,23,1,-56.233,-101.337,3.168
2012-05-05-20_33_41.614,173,7,23,1,-65.155,-101.254,3.768
