2012-05-07-18_49_41.648,143,0,0,0,2.255,2.219,4.307
2012-05-07-18_49_41.651,143,0,0,0,2.202,2.279,4.307
2012-05-07-18_49_41.652,143,1,0,0,-6.747,2.292,4.215
2012-05-07-18_49_41.653,143,1,0,0,-6.801,2.352,4.215
2012-05-07-18_49_41.655,143,2,0,0,-15.725,2.234,4.236
2012-05-07-18_49_41.656,143,2,0,0,-15.779,2.294,4.236
2012-05-07-18_49_41.656,143,3,0,0,-24.749,2.242,4.313
2012-05-07-18_49_41.657,143,3,0,0,-24.803,2.301,4.215
2012-05-07-18_49_41.658,143,4,0,0,-33.740,2.260,3.828
2012-05-07-18_49_41.659,143,4,0,0,-33.793,2.320,3.828
2012-05-07-18_49_41.660,143,5,0,0,-42.787,2.235,4.416
2012-05-07-18_49_41.663,143,5,0,0,-42.841,2.294,4.318
2012-05-07-18_49_41.664,143,6,0,0,-51.766,2.168,4.166
2012-05-07-18_49_41.665,143,6,0,0,-51.820,2.228,4.166
2012-05-07-18_49_41.666,143,7,0,0,-60.820,2.244,4.264
2012-05-07-18_49_41.666,143,7,0,0,-60.815,2.288,4.264
2012-05-07-18_49_41.667,143,0,0,1,-2.195,2.212,4.207
2012-05-07-18_49_41.668,143,0,0,1,-2.258,2.279,4.207
2012-05-07-18_49_41.668,143,1,0,1,-11.197,2.285,4.313
2012-05-07-18_49_41.669,143,1,0,1,-11.260,2.352,4.215
2012-05-07-18_49_41.670,143,2,0,1,-20.175,2.226,4.334
2012-05-07-18_49_41.670,143,2,0,1,-20.238,2.294,4.334
2012-05-07-18_49_41.671,143,3,0,1,-29.199,2.234,4.313
2012-05-07-18_49_41.671,143,3,0,1,-29.262,2.301,4.215
2012-05-07-18_49_41.672,143,4,0,1,-38.189,2.253,4.122
2012-05-07-18_49_41.673,143,4,0,1,-38.252,2.320,4.121
2012-05-07-18_49_41.673,143,5,0,1,-47.237,2.227,4.220
2012-05-07-18_49_41.674,143,5,0,1,-47.300,2.294,4.220
2012-05-07-18_49_41.674,143,6,0,1,-56.216,2.161,4.363
2012-05-07-18_49_41.675,143,6,0,1,-56.279,2.228,4.265
2012-05-07-18_49_41.675,143,7,0,1,-65.270,2.237,4.464
2012-05-07-18_49_41.676,143,7,0,1,-65.333,2.304,4.364
2012-05-07-18_49_41.676,143,0,1,0,2.255,-2.278,4.419
2012-05-07-18_49_41.677,143,0,1,0,2.201,-2.225,4.319
2012-05-07-18_49_41.678,143,1,1,0,-6.748,-2.205,4.522
2012-05-07-18_49_41.678,143,1,1,0,-6.801,-2.152,4.424
2012-05-07-18_49_41.679,143,2,1,0,-15.726,-2.263,4.346
2012-05-07-18_49_41.680,143,2,1,0,-15.779,-2.210,4.248
2012-05-07-18_49_41.680,143,3,1,0,-24.750,-2.255,4.325
2012-05-07-18_49_41.681,143,3,1,0,-24.803,-2.202,4.228
2012-05-07-18_49_41.681,143,4,1,0,-33.740,-2.236,4.036
2012-05-07-18_49_41.682,143,4,1,0,-33.793,-2.184,3.938
2012-05-07-18_49_41.682,143,5,1,0,-42.788,-2.262,4.330
2012-05-07-18_49_41.683,143,5,1,0,-42.841,-2.209,4.232
2012-05-07-18_49_41.684,143,6,1,0,-51.767,-2.329,4.277
2012-05-07-18_49_41.685,143,6,1,0,-51.820,-2.276,4.277
2012-05-07-18_49_41.685,143,7,1,0,-60.820,-2.253,4.376
2012-05-07-18_49_41.686,143,7,1,0,-60.815,-2.211,4.276
2012-05-07-18_49_41.687,143,0,1,1,-2.195,-2.287,4.529
2012-05-07-18_49_41.687,143,0,1,1,-2.258,-2.224,4.428
2012-05-07-18_49_41.688,143,1,1,1,-11.198,-2.213,4.532
2012-05-07-18_49_41.688,143,1,1,1,-11.261,-2.151,4.532
2012-05-07-18_49_41.689,143,2,1,1,-20.176,-2.272,4.356
2012-05-07-18_49_41.690,143,2,1,1,-20.239,-2.209,4.355
2012-05-07-18_49_41.690,143,3,1,1,-29.200,-2.264,4.335
2012-05-07-18_49_41.691,143,3,1,1,-29.263,-2.201,4.237
2012-05-07-18_49_41.691,143,4,1,1,-38.190,-2.245,3.850
2012-05-07-18_49_41.692,143,4,1,1,-38.253,-2.183,3.850
2012-05-07-18_49_41.692,143,5,1,1,-47.238,-2.271,4.242
2012-05-07-18_49_41.693,143,5,1,1,-47.301,-2.208,4.339
2012-05-07-18_49_41.693,143,6,1,1,-56.217,-2.337,4.286
2012-05-07-18_49_41.694,143,6,1,1,-56.280,-2.275,4.188
2012-05-07-18_49_41.695,143,7,1,1,-65.270,-2.261,4.386
2012-05-07-18_49_41.703,143,7,1,1,-65.333,-2.199,4.286
2012-05-07-18_49_41.704,143,0,2,0,2.252,-6.781,4.446
2012-05-07-18_49_41.705,143,0,2,0,2.199,-6.719,4.346
2012-05-07-18_49_41.705,143,1,2,0,-6.751,-6.708,4.549
2012-05-07-18_49_41.706,143,1,2,0,-6.804,-6.646,4.549
2012-05-07-18_49_41.706,143,2,2,0,-15.729,-6.766,4.275
2012-05-07-18_49_41.707,143,2,2,0,-15.782,-6.704,4.275
2012-05-07-18_49_41.708,143,3,2,0,-24.753,-6.758,4.352
2012-05-07-18_49_41.709,143,3,2,0,-24.806,-6.696,4.254
2012-05-07-18_49_41.709,143,4,2,0,-33.743,-6.739,4.160
2012-05-07-18_49_41.710,143,4,2,0,-33.796,-6.677,3.965
2012-05-07-18_49_41.711,143,5,2,0,-42.791,-6.765,4.553
2012-05-07-18_49_41.712,143,5,2,0,-42.844,-6.703,4.553
2012-05-07-18_49_41.713,143,6,2,0,-51.770,-6.831,4.304
2012-05-07-18_49_41.713,143,6,2,0,-51.823,-6.769,4.304
2012-05-07-18_49_41.714,143,7,2,0,-60.823,-6.755,4.503
2012-05-07-18_49_41.715,143,7,2,0,-60.816,-6.706,4.503
2012-05-07-18_49_41.715,143,0,2,1,-2.191,-6.791,4.456
2012-05-07-18_49_41.716,143,0,2,1,-2.258,-6.718,4.456
2012-05-07-18_49_41.717,143,1,2,1,-11.193,-6.718,4.559
2012-05-07-18_49_41.718,143,1,2,1,-11.261,-6.645,4.559
2012-05-07-18_49_41.719,143,2,2,1,-20.171,-6.776,4.383
2012-05-07-18_49_41.720,143,2,2,1,-20.239,-6.704,4.383
2012-05-07-18_49_41.721,143,3,2,1,-29.195,-6.768,4.362
2012-05-07-18_49_41.721,143,3,2,1,-29.263,-6.696,4.362
2012-05-07-18_49_41.722,143,4,2,1,-38.185,-6.750,4.171
2012-05-07-18_49_41.723,143,4,2,1,-38.253,-6.677,4.170
2012-05-07-18_49_41.724,143,5,2,1,-47.233,-6.775,4.269
2012-05-07-18_49_41.724,143,5,2,1,-47.301,-6.703,4.465
2012-05-07-18_49_41.725,143,6,2,1,-56.212,-6.842,4.412
2012-05-07-18_49_41.726,143,6,2,1,-56.280,-6.769,4.313
2012-05-07-18_49_41.728,143,7,2,1,-65.266,-6.766,4.413
2012-05-07-18_49_41.729,143,7,2,1,-65.334,-6.693,4.413
2012-05-07-18_49_41.730,143,0,3,0,2.254,-11.284,4.467
2012-05-07-18_49_41.730,143,0,3,0,2.196,-11.218,4.467
2012-05-07-18_49_41.731,143,1,3,0,-6.749,-11.211,4.570
2012-05-07-18_49_41.732,143,1,3,0,-6.807,-11.145,4.570
2012-05-07-18_49_41.733,143,2,3,0,-15.727,-11.269,4.296
2012-05-07-18_49_41.733,143,2,3,0,-15.785,-11.203,4.296
2012-05-07-18_49_41.735,143,3,3,0,-24.751,-11.261,4.275
2012-05-07-18_49_41.737,143,3,3,0,-24.809,-11.196,4.275
2012-05-07-18_49_41.738,143,4,3,0,-33.741,-11.243,4.182
2012-05-07-18_49_41.739,143,4,3,0,-33.799,-11.177,4.182
2012-05-07-18_49_41.739,143,5,3,0,-42.789,-11.268,4.378
2012-05-07-18_49_41.740,143,5,3,0,-42.847,-11.203,4.182
2012-05-07-18_49_41.741,143,6,3,0,-51.768,-11.335,4.325
2012-05-07-18_49_41.742,143,6,3,0,-51.826,-11.269,4.325
2012-05-07-18_49_41.742,143,7,3,0,-60.821,-11.259,4.424
2012-05-07-18_49_41.743,143,7,3,0,-60.816,-11.205,4.324
2012-05-07-18_49_41.744,143,0,3,1,-2.189,-11.292,4.576
2012-05-07-18_49_41.745,143,0,3,1,-2.254,-11.218,4.476
2012-05-07-18_49_41.746,143,1,3,1,-11.191,-11.219,4.579
2012-05-07-18_49_41.747,143,1,3,1,-11.256,-11.144,4.579
2012-05-07-18_49_41.747,143,2,3,1,-20.169,-11.277,4.403
2012-05-07-18_49_41.748,143,2,3,1,-20.235,-11.203,4.304
2012-05-07-18_49_41.749,143,3,3,1,-29.193,-11.269,4.382
2012-05-07-18_49_41.750,143,3,3,1,-29.258,-11.195,4.382
2012-05-07-18_49_41.751,143,4,3,1,-38.183,-11.251,4.289
2012-05-07-18_49_41.752,143,4,3,1,-38.249,-11.176,4.288
2012-05-07-18_49_41.753,143,5,3,1,-47.231,-11.276,4.387
2012-05-07-18_49_41.764,143,5,3,1,-47.297,-11.202,4.485
2012-05-07-18_49_41.765,143,6,3,1,-56.210,-11.343,4.334
2012-05-07-18_49_41.765,143,6,3,1,-56.276,-11.268,4.333
2012-05-07-18_49_41.766,143,7,3,1,-65.264,-11.267,4.333
2012-05-07-18_49_41.766,143,7,3,1,-65.329,-11.192,4.233
2012-05-07-18_49_41.767,143,0,4,0,2.256,-15.781,4.488
2012-05-07-18_49_41.768,143,0,4,0,2.195,-15.718,4.488
2012-05-07-18_49_41.768,143,1,4,0,-6.746,-15.708,4.591
2012-05-07-18_49_41.769,143,1,4,0,-6.807,-15.645,4.591
2012-05-07-18_49_41.770,143,2,4,0,-15.725,-15.766,4.317
2012-05-07-18_49_41.770,143,2,4,0,-15.785,-15.704,4.317
2012-05-07-18_49_41.771,143,3,4,0,-24.748,-15.759,4.394
2012-05-07-18_49_41.772,143,3,4,0,-24.809,-15.696,4.296
2012-05-07-18_49_41.772,143,4,4,0,-33.739,-15.740,3.909
2012-05-07-18_49_41.773,143,4,4,0,-33.799,-15.677,3.909
2012-05-07-18_49_41.773,143,5,4,0,-42.787,-15.766,4.399
2012-05-07-18_49_41.774,143,5,4,0,-42.847,-15.703,4.301
2012-05-07-18_49_41.774,143,6,4,0,-51.766,-15.832,4.247
2012-05-07-18_49_41.775,143,6,4,0,-51.826,-15.769,4.247
2012-05-07-18_49_41.775,143,7,4,0,-60.819,-15.756,4.445
2012-05-07-18_49_41.776,143,7,4,0,-60.814,-15.708,4.345
2012-05-07-18_49_41.776,143,0,4,1,-2.189,-15.789,4.500
2012-05-07-18_49_41.777,143,0,4,1,-2.254,-15.718,4.500
2012-05-07-18_49_41.777,143,1,4,1,-11.191,-15.715,4.505
2012-05-07-18_49_41.778,143,1,4,1,-11.257,-15.645,4.505
2012-05-07-18_49_41.778,143,2,4,1,-20.170,-15.774,4.427
2012-05-07-18_49_41.779,143,2,4,1,-20.235,-15.704,4.427
2012-05-07-18_49_41.779,143,3,4,1,-29.193,-15.766,4.406
2012-05-07-18_49_41.780,143,3,4,1,-29.259,-15.696,4.308
2012-05-07-18_49_41.780,143,4,4,1,-38.184,-15.747,4.019
2012-05-07-18_49_41.781,143,4,4,1,-38.249,-15.677,3.921
2012-05-07-18_49_41.781,143,5,4,1,-47.232,-15.773,4.313
2012-05-07-18_49_41.781,143,5,4,1,-47.297,-15.703,4.215
2012-05-07-18_49_41.782,143,6,4,1,-56.211,-15.839,4.259
2012-05-07-18_49_41.782,143,6,4,1,-56.276,-15.769,4.259
2012-05-07-18_49_41.783,143,7,4,1,-65.264,-15.763,4.357
2012-05-07-18_49_41.783,143,7,4,1,-65.330,-15.693,4.357
2012-05-07-18_49_41.784,143,0,5,0,2.258,-20.281,4.515
2012-05-07-18_49_41.784,143,0,5,0,2.197,-20.223,4.415
2012-05-07-18_49_41.785,143,1,5,0,-6.744,-20.208,4.618
2012-05-07-18_49_41.785,143,1,5,0,-6.805,-20.150,4.520
2012-05-07-18_49_41.786,143,2,5,0,-15.723,-20.266,4.343
2012-05-07-18_49_41.786,143,2,5,0,-15.783,-20.209,4.343
2012-05-07-18_49_41.787,143,3,5,0,-24.746,-20.258,4.128
2012-05-07-18_49_41.787,143,3,5,0,-24.807,-20.201,4.128
2012-05-07-18_49_41.788,143,4,5,0,-33.737,-20.239,4.132
2012-05-07-18_49_41.789,143,4,5,0,-33.797,-20.182,4.034
2012-05-07-18_49_41.789,143,5,5,0,-42.785,-20.265,4.328
2012-05-07-18_49_41.790,143,5,5,0,-42.845,-20.208,4.230
2012-05-07-18_49_41.790,143,6,5,0,-51.764,-20.332,4.274
2012-05-07-18_49_41.790,143,6,5,0,-51.824,-20.274,4.274
2012-05-07-18_49_41.791,143,7,5,0,-60.817,-20.255,4.372
2012-05-07-18_49_41.791,143,7,5,0,-60.815,-20.211,4.372
2012-05-07-18_49_41.792,143,0,5,1,-2.192,-20.289,4.524
2012-05-07-18_49_41.794,143,0,5,1,-2.252,-20.223,4.524
2012-05-07-18_49_41.795,143,1,5,1,-11.194,-20.216,4.529
2012-05-07-18_49_41.795,143,1,5,1,-11.255,-20.150,4.431
2012-05-07-18_49_41.796,143,2,5,1,-20.173,-20.274,4.353
2012-05-07-18_49_41.796,143,2,5,1,-20.233,-20.208,4.353
2012-05-07-18_49_41.797,143,3,5,1,-29.196,-20.266,4.333
2012-05-07-18_49_41.798,143,3,5,1,-29.257,-20.200,4.235
2012-05-07-18_49_41.798,143,4,5,1,-38.187,-20.248,4.043
2012-05-07-18_49_41.800,143,4,5,1,-38.247,-20.182,3.945
2012-05-07-18_49_41.801,143,5,5,1,-47.234,-20.273,4.338
2012-05-07-18_49_41.802,143,5,5,1,-47.295,-20.207,4.337
2012-05-07-18_49_41.803,143,6,5,1,-56.213,-20.340,4.284
2012-05-07-18_49_41.804,143,6,5,1,-56.274,-20.274,4.284
2012-05-07-18_49_41.805,143,7,5,1,-65.267,-20.264,4.481
2012-05-07-18_49_41.806,143,7,5,1,-65.328,-20.198,4.481
2012-05-07-18_49_41.807,143,0,6,0,2.258,-24.778,4.534
2012-05-07-18_49_41.807,143,0,6,0,2.199,-24.726,4.434
2012-05-07-18_49_41.808,143,1,6,0,-6.745,-24.705,4.638
2012-05-07-18_49_41.809,143,1,6,0,-6.803,-24.653,4.638
2012-05-07-18_49_41.810,143,2,6,0,-15.723,-24.764,4.363
2012-05-07-18_49_41.811,143,2,6,0,-15.781,-24.711,4.363
2012-05-07-18_49_41.812,143,3,6,0,-24.747,-24.756,4.343
2012-05-07-18_49_41.812,143,3,6,0,-24.805,-24.704,4.343
2012-05-07-18_49_41.813,143,4,6,0,-33.737,-24.737,3.956
2012-05-07-18_49_41.814,143,4,6,0,-33.795,-24.685,3.956
2012-05-07-18_49_41.815,143,5,6,0,-42.785,-24.763,4.250
2012-05-07-18_49_41.818,143,5,6,0,-42.843,-24.711,4.445
2012-05-07-18_49_41.819,143,6,6,0,-51.764,-24.829,4.294
2012-05-07-18_49_41.819,143,6,6,0,-51.822,-24.777,4.294
2012-05-07-18_49_41.820,143,7,6,0,-60.818,-24.753,4.491
2012-05-07-18_49_41.821,143,7,6,0,-60.810,-24.711,4.491
2012-05-07-18_49_41.822,143,0,6,1,-2.192,-24.787,4.544
2012-05-07-18_49_41.822,143,0,6,1,-2.253,-24.726,4.444
2012-05-07-18_49_41.823,143,1,6,1,-11.195,-24.714,4.647
2012-05-07-18_49_41.824,143,1,6,1,-11.255,-24.652,4.647
2012-05-07-18_49_41.825,143,2,6,1,-20.173,-24.772,4.373
2012-05-07-18_49_41.826,143,2,6,1,-20.234,-24.711,4.373
2012-05-07-18_49_41.827,143,3,6,1,-29.197,-24.764,4.450
2012-05-07-18_49_41.827,143,3,6,1,-29.257,-24.703,4.450
2012-05-07-18_49_41.828,143,4,6,1,-38.187,-24.745,4.063
2012-05-07-18_49_41.829,143,4,6,1,-38.248,-24.684,3.965
2012-05-07-18_49_41.830,143,5,6,1,-47.235,-24.771,4.259
2012-05-07-18_49_41.830,143,5,6,1,-47.295,-24.710,4.553
2012-05-07-18_49_41.831,143,6,6,1,-56.214,-24.838,4.402
2012-05-07-18_49_41.832,143,6,6,1,-56.274,-24.776,4.402
2012-05-07-18_49_41.833,143,7,6,1,-65.268,-24.762,4.501
2012-05-07-18_49_41.834,143,7,6,1,-65.328,-24.700,4.401
2012-05-07-18_49_41.834,143,0,7,0,2.260,-29.281,4.558
2012-05-07-18_49_41.835,143,0,7,0,2.201,-29.219,4.458
2012-05-07-18_49_41.836,143,1,7,0,-6.743,-29.208,4.563
2012-05-07-18_49_41.837,143,1,7,0,-6.801,-29.146,4.563
2012-05-07-18_49_41.837,143,2,7,0,-15.721,-29.266,4.485
2012-05-07-18_49_41.838,143,2,7,0,-15.779,-29.204,4.485
2012-05-07-18_49_41.839,143,3,7,0,-24.745,-29.258,4.367
2012-05-07-18_49_41.840,143,3,7,0,-24.803,-29.196,4.269
2012-05-07-18_49_41.841,143,4,7,0,-33.735,-29.240,4.273
2012-05-07-18_49_41.842,143,4,7,0,-33.793,-29.177,4.273
2012-05-07-18_49_41.842,143,5,7,0,-42.783,-29.265,4.469
2012-05-07-18_49_41.843,143,5,7,0,-42.841,-29.203,4.567
2012-05-07-18_49_41.845,143,6,7,0,-51.762,-29.332,4.416
2012-05-07-18_49_41.846,143,6,7,0,-51.820,-29.269,4.416
2012-05-07-18_49_41.847,143,7,7,0,-60.816,-29.256,4.515
2012-05-07-18_49_41.848,143,7,7,0,-60.808,-29.206,4.415
2012-05-07-18_49_41.848,143,0,7,1,-2.193,-29.290,4.571
2012-05-07-18_49_41.849,143,0,7,1,-2.256,-29.218,4.471
2012-05-07-18_49_41.850,143,1,7,1,-11.195,-29.217,4.576
2012-05-07-18_49_41.851,143,1,7,1,-11.258,-29.145,4.674
2012-05-07-18_49_41.852,143,2,7,1,-20.173,-29.276,4.400
2012-05-07-18_49_41.853,143,2,7,1,-20.236,-29.203,4.400
2012-05-07-18_49_41.854,143,3,7,1,-29.197,-29.268,4.380
2012-05-07-18_49_41.855,143,3,7,1,-29.260,-29.195,4.380
2012-05-07-18_49_41.856,143,4,7,1,-38.187,-29.249,4.188
2012-05-07-18_49_41.856,143,4,7,1,-38.250,-29.177,4.188
2012-05-07-18_49_41.857,143,5,7,1,-47.235,-29.275,4.384
2012-05-07-18_49_41.858,143,5,7,1,-47.298,-29.202,4.678
2012-05-07-18_49_41.859,143,6,7,1,-56.214,-29.341,4.527
2012-05-07-18_49_41.860,143,6,7,1,-56.277,-29.269,4.429
2012-05-07-18_49_41.860,143,7,7,1,-65.268,-29.265,4.528
2012-05-07-18_49_41.861,143,7,7,1,-65.331,-29.193,4.528
2012-05-07-18_49_41.862,143,0,8,0,2.259,-33.783,4.483
2012-05-07-18_49_41.862,143,0,8,0,2.203,-33.717,4.483
2012-05-07-18_49_41.863,143,1,8,0,-6.743,-33.710,4.687
2012-05-07-18_49_41.864,143,1,8,0,-6.799,-33.644,4.687
2012-05-07-18_49_41.865,143,2,8,0,-15.721,-33.768,4.412
2012-05-07-18_49_41.866,143,2,8,0,-15.777,-33.703,4.412
2012-05-07-18_49_41.867,143,3,8,0,-24.745,-33.761,4.392
2012-05-07-18_49_41.868,143,3,8,0,-24.801,-33.695,4.392
2012-05-07-18_49_41.868,143,4,8,0,-33.736,-33.742,4.396
2012-05-07-18_49_41.869,143,4,8,0,-33.791,-33.676,4.298
2012-05-07-18_49_41.870,143,5,8,0,-42.783,-33.768,4.592
2012-05-07-18_49_41.871,143,5,8,0,-42.839,-33.702,4.592
2012-05-07-18_49_41.871,143,6,8,0,-51.762,-33.834,4.441
2012-05-07-18_49_41.872,143,6,8,0,-51.818,-33.768,4.441
2012-05-07-18_49_41.873,143,7,8,0,-60.816,-33.758,4.640
2012-05-07-18_49_41.874,143,7,8,0,-60.811,-33.706,4.640
2012-05-07-18_49_41.875,143,0,8,1,-2.196,-33.791,4.593
2012-05-07-18_49_41.876,143,0,8,1,-2.254,-33.716,4.593
2012-05-07-18_49_41.876,143,1,8,1,-11.198,-33.718,4.598
2012-05-07-18_49_41.877,143,1,8,1,-11.256,-33.643,4.598
2012-05-07-18_49_41.878,143,2,8,1,-20.176,-33.776,4.520
2012-05-07-18_49_41.879,143,2,8,1,-20.234,-33.701,4.520
2012-05-07-18_49_41.879,143,3,8,1,-29.200,-33.768,4.499
2012-05-07-18_49_41.880,143,3,8,1,-29.258,-33.693,4.499
2012-05-07-18_49_41.881,143,4,8,1,-38.190,-33.750,4.308
2012-05-07-18_49_41.882,143,4,8,1,-38.248,-33.675,4.308
2012-05-07-18_49_41.883,143,5,8,1,-47.238,-33.775,4.602
2012-05-07-18_49_41.884,143,5,8,1,-47.296,-33.700,4.602
2012-05-07-18_49_41.885,143,6,8,1,-56.217,-33.842,4.451
2012-05-07-18_49_41.885,143,6,8,1,-56.275,-33.767,4.451
2012-05-07-18_49_41.886,143,7,8,1,-65.271,-33.766,4.550
2012-05-07-18_49_41.887,143,7,8,1,-65.329,-33.691,4.550
2012-05-07-18_49_41.888,143,0,9,0,2.259,-38.282,4.604
2012-05-07-18_49_41.889,143,0,9,0,2.203,-38.217,4.604
2012-05-07-18_49_41.890,143,1,9,0,-6.744,-38.209,4.707
2012-05-07-18_49_41.891,143,1,9,0,-6.799,-38.144,4.707
2012-05-07-18_49_41.891,143,2,9,0,-15.722,-38.267,4.432
2012-05-07-18_49_41.892,143,2,9,0,-15.778,-38.203,4.531
2012-05-07-18_49_41.893,143,3,9,0,-24.746,-38.259,4.412
2012-05-07-18_49_41.894,143,3,9,0,-24.801,-38.195,4.412
2012-05-07-18_49_41.895,143,4,9,0,-33.736,-38.240,4.221
2012-05-07-18_49_41.896,143,4,9,0,-33.792,-38.176,4.123
2012-05-07-18_49_41.896,143,5,9,0,-42.784,-38.266,4.417
2012-05-07-18_49_41.898,143,5,9,0,-42.840,-38.202,4.613
2012-05-07-18_49_41.898,143,6,9,0,-51.763,-38.333,4.461
2012-05-07-18_49_41.899,143,6,9,0,-51.818,-38.268,4.363
2012-05-07-18_49_41.900,143,7,9,0,-60.817,-38.257,4.361
2012-05-07-18_49_41.901,143,7,9,0,-60.811,-38.209,4.461
2012-05-07-18_49_41.903,143,0,9,1,-2.198,-38.288,4.515
2012-05-07-18_49_41.905,143,0,9,1,-2.257,-38.217,4.515
2012-05-07-18_49_41.906,143,1,9,1,-11.201,-38.214,4.620
2012-05-07-18_49_41.906,143,1,9,1,-11.259,-38.144,4.620
2012-05-07-18_49_41.907,143,2,9,1,-20.179,-38.273,4.444
2012-05-07-18_49_41.908,143,2,9,1,-20.237,-38.203,4.542
2012-05-07-18_49_41.908,143,3,9,1,-29.203,-38.265,4.521
2012-05-07-18_49_41.909,143,3,9,1,-29.261,-38.195,4.423
2012-05-07-18_49_41.910,143,4,9,1,-38.193,-38.246,4.134
2012-05-07-18_49_41.911,143,4,9,1,-38.251,-38.176,4.036
2012-05-07-18_49_41.912,143,5,9,1,-47.241,-38.272,4.428
2012-05-07-18_49_41.912,143,5,9,1,-47.299,-38.202,4.330
2012-05-07-18_49_41.913,143,6,9,1,-56.220,-38.338,4.473
2012-05-07-18_49_41.914,143,6,9,1,-56.278,-38.268,4.473
2012-05-07-18_49_41.915,143,7,9,1,-65.274,-38.262,4.572
2012-05-07-18_49_41.916,143,7,9,1,-65.332,-38.192,4.472
2012-05-07-18_49_41.916,143,0,10,0,2.258,-42.781,4.531
2012-05-07-18_49_41.917,143,0,10,0,2.203,-42.722,4.531
2012-05-07-18_49_41.918,143,1,10,0,-6.744,-42.708,4.734
2012-05-07-18_49_41.918,143,1,10,0,-6.800,-42.649,4.734
2012-05-07-18_49_41.919,143,2,10,0,-15.722,-42.766,4.558
2012-05-07-18_49_41.920,143,2,10,0,-15.778,-42.707,4.558
2012-05-07-18_49_41.921,143,3,10,0,-24.746,-42.758,4.537
2012-05-07-18_49_41.922,143,3,10,0,-24.802,-42.699,4.439
2012-05-07-18_49_41.923,143,4,10,0,-33.736,-42.740,4.150
2012-05-07-18_49_41.924,143,4,10,0,-33.792,-42.681,4.150
2012-05-07-18_49_41.925,143,5,10,0,-42.784,-42.765,4.444
2012-05-07-18_49_41.925,143,5,10,0,-42.840,-42.706,4.640
2012-05-07-18_49_41.926,143,6,10,0,-51.763,-42.832,4.587
2012-05-07-18_49_41.927,143,6,10,0,-51.819,-42.773,4.488
2012-05-07-18_49_41.928,143,7,10,0,-60.817,-42.756,4.688
2012-05-07-18_49_41.929,143,7,10,0,-60.814,-42.712,4.588
2012-05-07-18_49_41.929,143,0,10,1,-2.199,-42.789,4.642
2012-05-07-18_49_41.930,143,0,10,1,-2.259,-42.721,4.642
2012-05-07-18_49_41.931,143,1,10,1,-11.201,-42.716,4.647
2012-05-07-18_49_41.932,143,1,10,1,-11.262,-42.648,4.549
2012-05-07-18_49_41.933,143,2,10,1,-20.180,-42.774,4.471
2012-05-07-18_49_41.935,143,2,10,1,-20.240,-42.706,4.471
2012-05-07-18_49_41.936,143,3,10,1,-29.203,-42.766,4.548
2012-05-07-18_49_41.937,143,3,10,1,-29.264,-42.699,4.548
2012-05-07-18_49_41.937,143,4,10,1,-38.194,-42.748,4.357
2012-05-07-18_49_41.938,143,4,10,1,-38.254,-42.680,4.259
2012-05-07-18_49_41.940,143,5,10,1,-47.241,-42.773,4.455
2012-05-07-18_49_41.941,143,5,10,1,-47.302,-42.706,4.651
2012-05-07-18_49_41.941,143,6,10,1,-56.220,-42.840,4.500
2012-05-07-18_49_41.942,143,6,10,1,-56.281,-42.772,4.500
2012-05-07-18_49_41.942,143,7,10,1,-65.274,-42.764,4.499
2012-05-07-18_49_41.943,143,7,10,1,-65.335,-42.696,4.499
2012-05-07-18_49_41.944,143,0,11,0,2.255,-47.278,4.552
2012-05-07-18_49_41.945,143,0,11,0,2.205,-47.226,4.452
2012-05-07-18_49_41.946,143,1,11,0,-6.747,-47.205,4.756
2012-05-07-18_49_41.947,143,1,11,0,-6.798,-47.152,4.756
2012-05-07-18_49_41.947,143,2,11,0,-15.725,-47.263,4.481
2012-05-07-18_49_41.948,143,2,11,0,-15.776,-47.211,4.481
2012-05-07-18_49_41.948,143,3,11,0,-24.749,-47.255,4.558
2012-05-07-18_49_41.949,143,3,11,0,-24.800,-47.203,4.461
2012-05-07-18_49_41.950,143,4,11,0,-33.739,-47.237,4.269
2012-05-07-18_49_41.951,143,4,11,0,-33.790,-47.184,4.269
2012-05-07-18_49_41.951,143,5,11,0,-42.787,-47.262,4.367
2012-05-07-18_49_41.952,143,5,11,0,-42.838,-47.210,4.563
2012-05-07-18_49_41.953,143,6,11,0,-51.766,-47.329,4.608
2012-05-07-18_49_41.955,143,6,11,0,-51.817,-47.276,4.608
2012-05-07-18_49_41.956,143,7,11,0,-60.820,-47.253,4.410
2012-05-07-18_49_41.957,143,7,11,0,-60.815,-47.211,4.509
2012-05-07-18_49_41.958,143,0,11,1,-2.202,-47.288,4.661
2012-05-07-18_49_41.959,143,0,11,1,-2.262,-47.225,4.561
2012-05-07-18_49_41.959,143,1,11,1,-11.204,-47.214,4.666
2012-05-07-18_49_41.960,143,1,11,1,-11.265,-47.152,4.666
2012-05-07-18_49_41.961,143,2,11,1,-20.182,-47.273,4.490
2012-05-07-18_49_41.962,143,2,11,1,-20.243,-47.210,4.490
2012-05-07-18_49_41.963,143,3,11,1,-29.206,-47.265,4.470
2012-05-07-18_49_41.964,143,3,11,1,-29.267,-47.202,4.470
2012-05-07-18_49_41.965,143,4,11,1,-38.196,-47.246,4.376
2012-05-07-18_49_41.965,143,4,11,1,-38.257,-47.183,4.376
2012-05-07-18_49_41.966,143,5,11,1,-47.244,-47.272,4.474
2012-05-07-18_49_41.967,143,5,11,1,-47.305,-47.209,4.474
2012-05-07-18_49_41.968,143,6,11,1,-56.223,-47.338,4.617
2012-05-07-18_49_41.968,143,6,11,1,-56.284,-47.275,4.519
2012-05-07-18_49_41.969,143,7,11,1,-65.277,-47.262,4.519
2012-05-07-18_49_41.970,143,7,11,1,-65.338,-47.199,4.618
2012-05-07-18_49_41.970,143,0,12,0,2.253,-51.781,4.571
2012-05-07-18_49_41.971,143,0,12,0,2.202,-51.720,4.471
2012-05-07-18_49_41.972,143,1,12,0,-6.750,-51.708,4.676
2012-05-07-18_49_41.973,143,1,12,0,-6.801,-51.646,4.676
2012-05-07-18_49_41.973,143,2,12,0,-15.728,-51.766,4.500
2012-05-07-18_49_41.974,143,2,12,0,-15.779,-51.705,4.500
2012-05-07-18_49_41.975,143,3,12,0,-24.752,-51.758,4.480
2012-05-07-18_49_41.976,143,3,12,0,-24.803,-51.697,4.382
2012-05-07-18_49_41.977,143,4,12,0,-33.742,-51.740,4.093
2012-05-07-18_49_41.977,143,4,12,0,-33.793,-51.678,4.093
2012-05-07-18_49_41.978,143,5,12,0,-42.790,-51.765,4.485
2012-05-07-18_49_41.979,143,5,12,0,-42.841,-51.704,4.582
2012-05-07-18_49_41.980,143,6,12,0,-51.769,-51.832,4.529
2012-05-07-18_49_41.980,143,6,12,0,-51.820,-51.770,4.529
2012-05-07-18_49_41.981,143,7,12,0,-60.823,-51.756,4.529
2012-05-07-18_49_41.982,143,7,12,0,-60.817,-51.706,4.628
2012-05-07-18_49_41.983,143,0,12,1,-2.202,-51.791,4.683
2012-05-07-18_49_41.983,143,0,12,1,-2.265,-51.719,4.683
2012-05-07-18_49_41.984,143,1,12,1,-11.205,-51.718,4.787
2012-05-07-18_49_41.985,143,1,12,1,-11.268,-51.646,4.787
2012-05-07-18_49_41.986,143,2,12,1,-20.183,-51.777,4.512
2012-05-07-18_49_41.988,143,2,12,1,-20.246,-51.704,4.512
2012-05-07-18_49_41.989,143,3,12,1,-29.207,-51.769,4.590
2012-05-07-18_49_41.990,143,3,12,1,-29.270,-51.696,4.492
2012-05-07-18_49_41.991,143,4,12,1,-38.197,-51.750,4.496
2012-05-07-18_49_41.991,143,4,12,1,-38.260,-51.678,4.398
2012-05-07-18_49_41.992,143,5,12,1,-47.245,-51.776,4.497
2012-05-07-18_49_41.993,143,5,12,1,-47.308,-51.703,4.692
2012-05-07-18_49_41.994,143,6,12,1,-56.224,-51.842,4.541
2012-05-07-18_49_41.994,143,6,12,1,-56.287,-51.770,4.541
2012-05-07-18_49_41.995,143,7,12,1,-65.277,-51.766,4.640
2012-05-07-18_49_41.996,143,7,12,1,-65.340,-51.694,4.640
2012-05-07-18_49_41.997,143,0,13,0,2.250,-56.284,4.599
2012-05-07-18_49_41.997,143,0,13,0,2.199,-56.218,4.599
2012-05-07-18_49_41.998,143,1,13,0,-6.753,-56.211,4.802
2012-05-07-18_49_41.999,143,1,13,0,-6.804,-56.145,4.802
2012-05-07-18_49_42.000,143,2,13,0,-15.731,-56.270,4.528
2012-05-07-18_49_42.000,143,2,13,0,-15.782,-56.203,4.528
2012-05-07-18_49_42.001,143,3,13,0,-24.755,-56.262,4.410
2012-05-07-18_49_42.002,143,3,13,0,-24.806,-56.195,4.313
2012-05-07-18_49_42.003,143,4,13,0,-33.745,-56.243,4.218
2012-05-07-18_49_42.004,143,4,13,0,-33.796,-56.176,4.218
2012-05-07-18_49_42.006,143,5,13,0,-42.793,-56.269,4.414
2012-05-07-18_49_42.007,143,5,13,0,-42.844,-56.202,4.610
2012-05-07-18_49_42.008,143,6,13,0,-51.772,-56.335,4.458
2012-05-07-18_49_42.008,143,6,13,0,-51.823,-56.269,4.458
2012-05-07-18_49_42.009,143,7,13,0,-60.826,-56.259,4.456
2012-05-07-18_49_42.011,143,7,13,0,-60.820,-56.206,4.456
2012-05-07-18_49_42.012,143,0,13,1,-2.200,-56.291,4.710
2012-05-07-18_49_42.013,143,0,13,1,-2.266,-56.218,4.610
2012-05-07-18_49_42.013,143,1,13,1,-11.203,-56.218,4.715
2012-05-07-18_49_42.014,143,1,13,1,-11.268,-56.144,4.715
2012-05-07-18_49_42.015,143,2,13,1,-20.181,-56.276,4.539
2012-05-07-18_49_42.016,143,2,13,1,-20.246,-56.203,4.539
2012-05-07-18_49_42.017,143,3,13,1,-29.205,-56.268,4.519
2012-05-07-18_49_42.017,143,3,13,1,-29.270,-56.195,4.421
2012-05-07-18_49_42.018,143,4,13,1,-38.195,-56.250,4.229
2012-05-07-18_49_42.019,143,4,13,1,-38.260,-56.176,4.131
2012-05-07-18_49_42.020,143,5,13,1,-47.243,-56.275,4.523
2012-05-07-18_49_42.020,143,5,13,1,-47.308,-56.202,4.523
2012-05-07-18_49_42.021,143,6,13,1,-56.222,-56.342,4.469
2012-05-07-18_49_42.022,143,6,13,1,-56.287,-56.268,4.469
2012-05-07-18_49_42.022,143,7,13,1,-65.275,-56.266,4.667
2012-05-07-18_49_42.023,143,7,13,1,-65.341,-56.192,4.667
2012-05-07-18_49_42.024,143,0,14,0,2.247,-60.782,4.620
2012-05-07-18_49_42.024,143,0,14,0,2.196,-60.718,4.620
2012-05-07-18_49_42.025,143,1,14,0,-6.756,-60.709,4.725
2012-05-07-18_49_42.026,143,1,14,0,-6.806,-60.645,4.725
2012-05-07-18_49_42.027,143,2,14,0,-15.734,-60.767,4.549
2012-05-07-18_49_42.028,143,2,14,0,-15.785,-60.703,4.549
2012-05-07-18_49_42.029,143,3,14,0,-24.758,-60.759,4.529
2012-05-07-18_49_42.029,143,3,14,0,-24.808,-60.695,4.431
2012-05-07-18_49_42.030,143,4,14,0,-33.748,-60.741,4.533
2012-05-07-18_49_42.031,143,4,14,0,-33.799,-60.676,4.435
2012-05-07-18_49_42.032,143,5,14,0,-42.796,-60.766,4.436
2012-05-07-18_49_42.033,143,5,14,0,-42.847,-60.702,4.533
2012-05-07-18_49_42.034,143,6,14,0,-51.775,-60.833,4.480
2012-05-07-18_49_42.035,143,6,14,0,-51.825,-60.769,4.480
2012-05-07-18_49_42.036,143,7,14,0,-60.828,-60.757,4.777
2012-05-07-18_49_42.036,143,7,14,0,-60.821,-60.708,4.777
2012-05-07-18_49_42.037,143,0,14,1,-2.201,-60.788,4.731
2012-05-07-18_49_42.038,143,0,14,1,-2.266,-60.718,4.630
2012-05-07-18_49_42.039,143,1,14,1,-11.203,-60.715,4.735
2012-05-07-18_49_42.039,143,1,14,1,-11.268,-60.645,4.735
2012-05-07-18_49_42.040,143,2,14,1,-20.181,-60.773,4.559
2012-05-07-18_49_42.041,143,2,14,1,-20.247,-60.703,4.559
2012-05-07-18_49_42.042,143,3,14,1,-29.205,-60.766,4.637
2012-05-07-18_49_42.043,143,3,14,1,-29.270,-60.695,4.539
2012-05-07-18_49_42.043,143,4,14,1,-38.195,-60.747,4.445
2012-05-07-18_49_42.044,143,4,14,1,-38.261,-60.677,4.445
2012-05-07-18_49_42.045,143,5,14,1,-47.243,-60.773,4.544
2012-05-07-18_49_42.046,143,5,14,1,-47.309,-60.702,4.543
2012-05-07-18_49_42.047,143,6,14,1,-56.222,-60.839,4.588
2012-05-07-18_49_42.048,143,6,14,1,-56.287,-60.769,4.588
2012-05-07-18_49_42.049,143,7,14,1,-65.276,-60.763,4.688
2012-05-07-18_49_42.050,143,7,14,1,-65.341,-60.693,4.687
2012-05-07-18_49_42.051,143,0,15,0,2.246,-65.281,4.643
2012-05-07-18_49_42.051,143,0,15,0,2.193,-65.222,4.643
2012-05-07-18_49_42.052,143,1,15,0,-6.756,-65.208,4.748
2012-05-07-18_49_42.053,143,1,15,0,-6.809,-65.149,4.748
2012-05-07-18_49_42.054,143,2,15,0,-15.734,-65.266,4.572
2012-05-07-18_49_42.055,143,2,15,0,-15.787,-65.208,4.572
2012-05-07-18_49_42.056,143,3,15,0,-24.758,-65.258,4.552
2012-05-07-18_49_42.058,143,3,15,0,-24.811,-65.200,4.552
2012-05-07-18_49_42.059,143,4,15,0,-33.748,-65.239,4.458
2012-05-07-18_49_42.059,143,4,15,0,-33.802,-65.181,4.458
2012-05-07-18_49_42.060,143,5,15,0,-42.796,-65.265,4.458
2012-05-07-18_49_42.061,143,5,15,0,-42.849,-65.207,4.361
2012-05-07-18_49_42.062,143,6,15,0,-51.775,-65.332,4.601
2012-05-07-18_49_42.063,143,6,15,0,-51.828,-65.273,4.503
2012-05-07-18_49_42.063,143,7,15,0,-60.829,-65.255,4.501
2012-05-07-18_49_42.064,143,7,15,0,-60.824,-65.212,4.501
2012-05-07-18_49_42.065,143,0,15,1,-2.201,-65.289,4.657
2012-05-07-18_49_42.065,143,0,15,1,-2.264,-65.222,4.657
2012-05-07-18_49_42.066,143,1,15,1,-11.203,-65.216,4.762
2012-05-07-18_49_42.067,143,1,15,1,-11.266,-65.149,4.761
2012-05-07-18_49_42.068,143,2,15,1,-20.182,-65.274,4.586
2012-05-07-18_49_42.069,143,2,15,1,-20.245,-65.208,4.585
2012-05-07-18_49_42.070,143,3,15,1,-29.205,-65.266,4.565
2012-05-07-18_49_42.070,143,3,15,1,-29.268,-65.200,4.565
2012-05-07-18_49_42.071,143,4,15,1,-38.196,-65.248,4.374
2012-05-07-18_49_42.072,143,4,15,1,-38.259,-65.181,4.276
2012-05-07-18_49_42.074,143,5,15,1,-47.244,-65.273,4.472
2012-05-07-18_49_42.075,143,5,15,1,-47.307,-65.207,4.472
2012-05-07-18_49_42.076,143,6,15,1,-56.223,-65.340,4.516
2012-05-07-18_49_42.077,143,6,15,1,-56.285,-65.273,4.516
2012-05-07-18_49_42.077,143,7,15,1,-65.276,-65.264,4.614
2012-05-07-18_49_42.078,143,7,15,1,-65.339,-65.197,4.614
2012-05-07-18_49_42.079,143,0,16,0,2.248,-69.778,4.769
2012-05-07-18_49_42.079,143,0,16,0,2.193,-69.725,4.769
2012-05-07-18_49_42.080,143,1,16,0,-6.754,-69.705,4.774
2012-05-07-18_49_42.081,143,1,16,0,-6.810,-69.652,4.774
2012-05-07-18_49_42.082,143,2,16,0,-15.732,-69.763,4.598
2012-05-07-18_49_42.082,143,2,16,0,-15.788,-69.710,4.598
2012-05-07-18_49_42.083,143,3,16,0,-24.756,-69.755,4.480
2012-05-07-18_49_42.084,143,3,16,0,-24.812,-69.702,4.480
2012-05-07-18_49_42.085,143,4,16,0,-33.746,-69.736,4.190
2012-05-07-18_49_42.085,143,4,16,0,-33.802,-69.684,4.190
2012-05-07-18_49_42.086,143,5,16,0,-42.794,-69.762,4.484
2012-05-07-18_49_42.087,143,5,16,0,-42.850,-69.709,4.484
2012-05-07-18_49_42.088,143,6,16,0,-51.773,-69.829,4.529
2012-05-07-18_49_42.089,143,6,16,0,-51.829,-69.776,4.529
2012-05-07-18_49_42.089,143,7,16,0,-60.827,-69.753,4.626
2012-05-07-18_49_42.090,143,7,16,0,-60.824,-69.711,4.626
2012-05-07-18_49_42.091,143,0,16,1,-2.199,-69.787,4.679
2012-05-07-18_49_42.092,143,0,16,1,-2.264,-69.724,4.679
2012-05-07-18_49_42.093,143,1,16,1,-11.201,-69.714,4.784
2012-05-07-18_49_42.094,143,1,16,1,-11.267,-69.651,4.784
2012-05-07-18_49_42.095,143,2,16,1,-20.180,-69.772,4.608
2012-05-07-18_49_42.096,143,2,16,1,-20.245,-69.710,4.608
2012-05-07-18_49_42.096,143,3,16,1,-29.203,-69.764,4.588
2012-05-07-18_49_42.097,143,3,16,1,-29.269,-69.702,4.587
2012-05-07-18_49_42.098,143,4,16,1,-38.194,-69.745,4.396
2012-05-07-18_49_42.098,143,4,16,1,-38.259,-69.683,4.298
2012-05-07-18_49_42.099,143,5,16,1,-47.242,-69.771,4.299
2012-05-07-18_49_42.100,143,5,16,1,-47.307,-69.709,4.396
2012-05-07-18_49_42.102,143,6,16,1,-56.220,-69.838,4.539
2012-05-07-18_49_42.103,143,6,16,1,-56.286,-69.775,4.538
2012-05-07-18_49_42.104,143,7,16,1,-65.274,-69.762,4.636
2012-05-07-18_49_42.105,143,7,16,1,-65.340,-69.699,4.636
2012-05-07-18_49_42.105,143,0,17,0,2.248,-74.281,4.689
2012-05-07-18_49_42.106,143,0,17,0,2.192,-74.218,4.689
2012-05-07-18_49_42.107,143,1,17,0,-6.754,-74.208,4.892
2012-05-07-18_49_42.108,143,1,17,0,-6.811,-74.208,4.794
2012-05-07-18_49_42.110,143,2,17,0,-15.733,-74.266,4.618
2012-05-07-18_49_42.111,143,2,17,0,-15.788,-74.204,4.618
2012-05-07-18_49_42.112,143,3,17,0,-24.756,-74.258,4.500
2012-05-07-18_49_42.112,143,3,17,0,-24.812,-74.196,4.305
2012-05-07-18_49_42.113,143,4,17,0,-33.747,-74.240,4.308
2012-05-07-18_49_42.114,143,4,17,0,-33.802,-74.177,4.210
2012-05-07-18_49_42.115,143,5,17,0,-42.795,-74.265,4.504
2012-05-07-18_49_42.115,143,5,17,0,-42.850,-74.203,4.504
2012-05-07-18_49_42.117,143,6,17,0,-51.773,-74.332,4.548
2012-05-07-18_49_42.117,143,6,17,0,-51.829,-74.269,4.450
2012-05-07-18_49_42.118,143,7,17,0,-60.827,-74.256,4.546
2012-05-07-18_49_42.119,143,7,17,0,-60.822,-74.216,4.546
2012-05-07-18_49_42.119,143,0,17,1,-2.199,-74.290,4.700
2012-05-07-18_49_42.120,143,0,17,1,-2.262,-74.218,4.700
2012-05-07-18_49_42.121,143,1,17,1,-11.202,-74.217,4.804
2012-05-07-18_49_42.122,143,1,17,1,-11.265,-74.145,4.804
2012-05-07-18_49_42.123,143,2,17,1,-20.180,-74.275,4.628
2012-05-07-18_49_42.123,143,2,17,1,-20.243,-74.203,4.530
2012-05-07-18_49_42.124,143,3,17,1,-29.204,-74.267,4.608
2012-05-07-18_49_42.125,143,3,17,1,-29.267,-74.195,4.511
2012-05-07-18_49_42.126,143,4,17,1,-38.194,-74.248,4.221
2012-05-07-18_49_42.127,143,4,17,1,-38.257,-74.177,4.221
2012-05-07-18_49_42.127,143,5,17,1,-47.242,-74.274,4.515
2012-05-07-18_49_42.128,143,5,17,1,-47.305,-74.202,4.417
2012-05-07-18_49_42.129,143,6,17,1,-56.221,-74.341,4.559
2012-05-07-18_49_42.130,143,6,17,1,-56.284,-74.269,4.461
2012-05-07-18_49_42.130,143,7,17,1,-65.275,-74.265,4.657
2012-05-07-18_49_42.131,143,7,17,1,-65.338,-74.193,4.657
2012-05-07-18_49_42.132,143,0,18,0,2.248,-78.784,4.614
2012-05-07-18_49_42.133,143,0,18,0,2.192,-78.717,4.615
2012-05-07-18_49_42.134,143,1,18,0,-6.755,-78.710,4.819
2012-05-07-18_49_42.134,143,1,18,0,-6.811,-78.712,4.820
2012-05-07-18_49_42.135,143,2,18,0,-15.733,-78.769,4.643
2012-05-07-18_49_42.136,143,2,18,0,-15.789,-78.703,4.643
2012-05-07-18_49_42.137,143,3,18,0,-24.757,-78.761,4.525
2012-05-07-18_49_42.138,143,3,18,0,-24.813,-78.695,4.526
2012-05-07-18_49_42.139,143,4,18,0,-33.747,-78.742,4.431
2012-05-07-18_49_42.139,143,4,18,0,-33.803,-78.676,4.334
2012-05-07-18_49_42.140,143,5,18,0,-42.795,-78.768,4.530
2012-05-07-18_49_42.145,143,5,18,0,-42.851,-78.702,4.628
2012-05-07-18_49_42.146,143,6,18,0,-51.774,-78.834,4.574
2012-05-07-18_49_42.147,143,6,18,0,-51.830,-78.768,4.476
2012-05-07-18_49_42.148,143,7,18,0,-60.828,-78.758,4.771
2012-05-07-18_49_42.149,143,7,18,0,-60.820,-78.717,4.772
2012-05-07-18_49_42.150,143,0,18,1,-2.200,-78.791,4.627
2012-05-07-18_49_42.151,143,0,18,1,-2.263,-78.717,4.627
2012-05-07-18_49_42.151,143,1,18,1,-11.202,-78.718,4.832
2012-05-07-18_49_42.152,143,1,18,1,-11.265,-78.644,4.832
2012-05-07-18_49_42.153,143,2,18,1,-20.181,-78.777,4.656
2012-05-07-18_49_42.154,143,2,18,1,-20.243,-78.702,4.558
2012-05-07-18_49_42.154,143,3,18,1,-29.204,-78.769,4.636
2012-05-07-18_49_42.155,143,3,18,1,-29.267,-78.694,4.636
2012-05-07-18_49_42.156,143,4,18,1,-38.195,-78.750,4.151
2012-05-07-18_49_42.157,143,4,18,1,-38.258,-78.676,4.151
2012-05-07-18_49_42.157,143,5,18,1,-47.242,-78.776,4.543
2012-05-07-18_49_42.158,143,5,18,1,-47.305,-78.701,4.836
2012-05-07-18_49_42.160,143,6,18,1,-56.221,-78.842,4.587
2012-05-07-18_49_42.161,143,6,18,1,-56.284,-78.768,4.587
2012-05-07-18_49_42.161,143,7,18,1,-65.275,-78.766,4.784
2012-05-07-18_49_42.163,143,7,18,1,-65.338,-78.692,4.784
2012-05-07-18_49_42.165,143,0,19,0,2.250,-83.282,4.738
2012-05-07-18_49_42.166,143,0,19,0,2.194,-83.217,4.638
2012-05-07-18_49_42.167,143,1,19,0,-6.753,-83.208,4.843
2012-05-07-18_49_42.168,143,1,19,0,-6.809,-83.209,4.843
2012-05-07-18_49_42.169,143,2,19,0,-15.731,-83.267,4.667
2012-05-07-18_49_42.170,143,2,19,0,-15.787,-83.202,4.667
2012-05-07-18_49_42.171,143,3,19,0,-24.755,-83.259,4.646
2012-05-07-18_49_42.171,143,3,19,0,-24.811,-83.194,4.744
2012-05-07-18_49_42.172,143,4,19,0,-33.745,-83.240,4.161
2012-05-07-18_49_42.173,143,4,19,0,-33.801,-83.176,4.161
2012-05-07-18_49_42.173,143,5,19,0,-42.793,-83.266,4.553
2012-05-07-18_49_42.174,143,5,19,0,-42.849,-83.201,4.749
2012-05-07-18_49_42.175,143,6,19,0,-51.772,-83.332,4.597
2012-05-07-18_49_42.175,143,6,19,0,-51.828,-83.268,4.597
2012-05-07-18_49_42.176,143,7,19,0,-60.826,-83.256,4.595
2012-05-07-18_49_42.177,143,7,19,0,-60.821,-83.221,4.595
2012-05-07-18_49_42.178,143,0,19,1,-2.198,-83.289,4.748
2012-05-07-18_49_42.179,143,0,19,1,-2.263,-83.217,4.748
2012-05-07-18_49_42.180,143,1,19,1,-11.200,-83.215,4.852
2012-05-07-18_49_42.180,143,1,19,1,-11.266,-83.144,4.754
2012-05-07-18_49_42.181,143,2,19,1,-20.178,-83.274,4.676
2012-05-07-18_49_42.182,143,2,19,1,-20.244,-83.203,4.676
2012-05-07-18_49_42.183,143,3,19,1,-29.202,-83.266,4.559
2012-05-07-18_49_42.184,143,3,19,1,-29.268,-83.195,4.559
2012-05-07-18_49_42.184,143,4,19,1,-38.193,-83.247,4.464
2012-05-07-18_49_42.185,143,4,19,1,-38.258,-83.176,4.464
2012-05-07-18_49_42.186,143,5,19,1,-47.240,-83.273,4.563
2012-05-07-18_49_42.187,143,5,19,1,-47.306,-83.202,4.661
2012-05-07-18_49_42.188,143,6,19,1,-56.219,-83.339,4.607
2012-05-07-18_49_42.188,143,6,19,1,-56.285,-83.268,4.607
2012-05-07-18_49_42.189,143,7,19,1,-65.273,-83.263,4.805
2012-05-07-18_49_42.190,143,7,19,1,-65.339,-83.192,4.805
2012-05-07-18_49_42.190,143,0,20,0,2.252,-87.782,4.858
2012-05-07-18_49_42.191,143,0,20,0,2.193,-87.722,4.758
2012-05-07-18_49_42.192,143,1,20,0,-6.751,-87.708,4.764
2012-05-07-18_49_42.193,143,1,20,0,-6.809,-87.649,4.764
2012-05-07-18_49_42.194,143,2,20,0,-15.729,-87.767,4.687
2012-05-07-18_49_42.194,143,2,20,0,-15.787,-87.707,4.589
2012-05-07-18_49_42.195,143,3,20,0,-24.753,-87.759,4.569
2012-05-07-18_49_42.196,143,3,20,0,-24.811,-87.699,4.666
2012-05-07-18_49_42.196,143,4,20,0,-33.743,-87.740,4.475
2012-05-07-18_49_42.197,143,4,20,0,-33.801,-87.681,4.475
2012-05-07-18_49_42.198,143,5,20,0,-42.791,-87.766,4.573
2012-05-07-18_49_42.198,143,5,20,0,-42.849,-87.706,4.769
2012-05-07-18_49_42.199,143,6,20,0,-51.770,-87.832,4.519
2012-05-07-18_49_42.200,143,6,20,0,-51.828,-87.773,4.519
2012-05-07-18_49_42.201,143,7,20,0,-60.824,-87.756,4.815
2012-05-07-18_49_42.202,143,7,20,0,-60.821,-87.712,4.815
2012-05-07-18_49_42.203,143,0,20,1,-2.198,-87.789,4.770
2012-05-07-18_49_42.204,143,0,20,1,-2.261,-87.722,4.770
2012-05-07-18_49_42.204,143,1,20,1,-11.201,-87.716,4.776
2012-05-07-18_49_42.205,143,1,20,1,-11.264,-87.649,4.776
2012-05-07-18_49_42.206,143,2,20,1,-20.179,-87.774,4.699
2012-05-07-18_49_42.207,143,2,20,1,-20.242,-87.707,4.600
2012-05-07-18_49_42.208,143,3,20,1,-29.203,-87.767,4.678
2012-05-07-18_49_42.208,143,3,20,1,-29.266,-87.699,4.678
2012-05-07-18_49_42.209,143,4,20,1,-38.193,-87.748,4.487
2012-05-07-18_49_42.210,143,4,20,1,-38.256,-87.680,4.487
2012-05-07-18_49_42.211,143,5,20,1,-47.241,-87.774,4.585
2012-05-07-18_49_42.212,143,5,20,1,-47.304,-87.706,4.585
2012-05-07-18_49_42.212,143,6,20,1,-56.220,-87.840,4.629
2012-05-07-18_49_42.215,143,6,20,1,-56.283,-87.773,4.629
2012-05-07-18_49_42.215,143,7,20,1,-65.274,-87.764,4.827
2012-05-07-18_49_42.216,143,7,20,1,-65.337,-87.697,4.727
2012-05-07-18_49_42.217,143,0,21,0,2.249,-92.278,4.884
2012-05-07-18_49_42.218,143,0,21,0,2.195,-92.226,4.785
2012-05-07-18_49_42.219,143,1,21,0,-6.754,-92.205,4.889
2012-05-07-18_49_42.219,143,1,21,0,-6.807,-92.152,4.889
2012-05-07-18_49_42.220,143,2,21,0,-15.732,-92.264,4.713
2012-05-07-18_49_42.221,143,2,21,0,-15.785,-92.211,4.713
2012-05-07-18_49_42.222,143,3,21,0,-24.756,-92.256,4.596
2012-05-07-18_49_42.223,143,3,21,0,-24.809,-92.203,4.596
2012-05-07-18_49_42.223,143,4,21,0,-33.746,-92.237,4.501
2012-05-07-18_49_42.224,143,4,21,0,-33.799,-92.184,4.404
2012-05-07-18_49_42.225,143,5,21,0,-42.794,-92.263,4.600
2012-05-07-18_49_42.226,143,5,21,0,-42.847,-92.210,4.502
2012-05-07-18_49_42.227,143,6,21,0,-51.773,-92.329,4.644
2012-05-07-18_49_42.227,143,6,21,0,-51.826,-92.276,4.644
2012-05-07-18_49_42.228,143,7,21,0,-60.826,-92.253,4.642
2012-05-07-18_49_42.229,143,7,21,0,-60.819,-92.211,4.642
2012-05-07-18_49_42.230,143,0,21,1,-2.201,-92.288,4.895
2012-05-07-18_49_42.231,143,0,21,1,-2.262,-92.225,4.895
2012-05-07-18_49_42.232,143,1,21,1,-11.204,-92.215,4.802
2012-05-07-18_49_42.233,143,1,21,1,-11.264,-92.152,4.802
2012-05-07-18_49_42.233,143,2,21,1,-20.182,-92.273,4.626
2012-05-07-18_49_42.234,143,2,21,1,-20.242,-92.210,4.626
2012-05-07-18_49_42.235,143,3,21,1,-29.206,-92.265,4.606
2012-05-07-18_49_42.236,143,3,21,1,-29.266,-92.203,4.606
2012-05-07-18_49_42.238,143,4,21,1,-38.196,-92.246,4.317
2012-05-07-18_49_42.238,143,4,21,1,-38.256,-92.184,4.317
2012-05-07-18_49_42.239,143,5,21,1,-47.244,-92.272,4.611
2012-05-07-18_49_42.240,143,5,21,1,-47.304,-92.210,4.611
2012-05-07-18_49_42.240,143,6,21,1,-56.223,-92.339,4.655
2012-05-07-18_49_42.241,143,6,21,1,-56.283,-92.276,4.655
2012-05-07-18_49_42.242,143,7,21,1,-65.276,-92.263,4.753
2012-05-07-18_49_42.243,143,7,21,1,-65.337,-92.200,4.753
2012-05-07-18_49_42.244,143,0,22,0,2.251,-96.780,4.805
2012-05-07-18_49_42.245,143,0,22,0,2.195,-96.720,4.705
2012-05-07-18_49_42.246,143,1,22,0,-6.752,-96.707,4.910
2012-05-07-18_49_42.246,143,1,22,0,-6.807,-96.646,4.910
2012-05-07-18_49_42.249,143,2,22,0,-15.730,-96.766,4.734
2012-05-07-18_49_42.250,143,2,22,0,-15.786,-96.705,4.734
2012-05-07-18_49_42.250,143,3,22,0,-24.754,-96.758,4.714
2012-05-07-18_49_42.251,143,3,22,0,-24.809,-96.697,4.616
2012-05-07-18_49_42.251,143,4,22,0,-33.744,-96.739,4.620
2012-05-07-18_49_42.252,143,4,22,0,-33.800,-96.678,4.522
2012-05-07-18_49_42.253,143,5,22,0,-42.792,-96.765,4.621
2012-05-07-18_49_42.254,143,5,22,0,-42.847,-96.704,4.621
2012-05-07-18_49_42.255,143,6,22,0,-51.771,-96.831,4.665
2012-05-07-18_49_42.255,143,6,22,0,-51.826,-96.770,4.763
2012-05-07-18_49_42.256,143,7,22,0,-60.824,-96.755,4.663
2012-05-07-18_49_42.257,143,7,22,0,-60.819,-96.705,4.663
2012-05-07-18_49_42.258,143,0,22,1,-2.202,-96.792,4.812
2012-05-07-18_49_42.259,143,0,22,1,-2.262,-96.719,4.712
2012-05-07-18_49_42.259,143,1,22,1,-11.204,-96.719,4.917
2012-05-07-18_49_42.260,143,1,22,1,-11.265,-96.646,4.917
2012-05-07-18_49_42.261,143,2,22,1,-20.182,-96.777,4.643
2012-05-07-18_49_42.262,143,2,22,1,-20.243,-96.705,4.643
2012-05-07-18_49_42.263,143,3,22,1,-29.206,-96.769,4.721
2012-05-07-18_49_42.264,143,3,22,1,-29.267,-96.697,4.721
2012-05-07-18_49_42.265,143,4,22,1,-38.196,-96.750,4.627
2012-05-07-18_49_42.267,143,4,22,1,-38.257,-96.678,4.627
2012-05-07-18_49_42.268,143,5,22,1,-47.244,-96.776,4.627
2012-05-07-18_49_42.268,143,5,22,1,-47.305,-96.704,4.627
2012-05-07-18_49_42.269,143,6,22,1,-56.223,-96.842,4.671
2012-05-07-18_49_42.270,143,6,22,1,-56.284,-96.770,4.671
2012-05-07-18_49_42.271,143,7,22,1,-65.277,-96.766,4.769
2012-05-07-18_49_42.271,143,7,22,1,-65.337,-96.694,4.769
2012-05-07-18_49_42.272,143,0,23,0,2.250,-101.283,4.927
2012-05-07-18_49_42.273,143,0,23,0,2.197,-101.219,4.927
2012-05-07-18_49_42.275,143,1,23,0,-6.752,-101.210,4.932
2012-05-07-18_49_42.276,143,1,23,0,-6.805,-101.146,4.932
2012-05-07-18_49_42.277,143,2,23,0,-15.730,-101.268,4.756
2012-05-07-18_49_42.277,143,2,23,0,-15.784,-101.204,4.756
2012-05-07-18_49_42.278,143,3,23,0,-24.754,-101.261,4.736
2012-05-07-18_49_42.280,143,3,23,0,-24.807,-101.196,4.736
2012-05-07-18_49_42.281,143,4,23,0,-33.744,-101.242,4.642
2012-05-07-18_49_42.281,143,4,23,0,-33.798,-101.177,4.544
2012-05-07-18_49_42.282,143,5,23,0,-42.792,-101.268,4.642
2012-05-07-18_49_42.283,143,5,23,0,-42.845,-101.203,4.642
2012-05-07-18_49_42.284,143,6,23,0,-51.771,-101.334,4.588
2012-05-07-18_49_42.285,143,6,23,0,-51.824,-101.270,4.490
2012-05-07-18_49_42.285,143,7,23,0,-60.825,-101.258,4.684
2012-05-07-18_49_42.286,143,7,23,0,-60.820,-101.205,4.585
2012-05-07-18_49_42.287,143,0,23,1,-2.187,-101.282,4.827
2012-05-07-18_49_42.288,143,0,23,1,-2.260,-101.219,4.727
2012-05-07-18_49_42.288,143,1,23,1,-11.190,-101.209,4.833
2012-05-07-18_49_42.289,143,1,23,1,-11.262,-101.145,4.932
2012-05-07-18_49_42.290,143,2,23,1,-20.168,-101.267,4.658
2012-05-07-18_49_42.290,143,2,23,1,-20.241,-101.204,4.658
2012-05-07-18_49_42.291,143,3,23,1,-29.192,-101.259,4.736
2012-05-07-18_49_42.292,143,3,23,1,-29.264,-101.196,4.638
2012-05-07-18_49_42.293,143,4,23,1,-38.182,-101.240,4.544
2012-05-07-18_49_42.293,143,4,23,1,-38.255,-101.177,4.446
2012-05-07-18_49_42.294,143,5,23,1,-47.230,-101.266,4.642
2012-05-07-18_49_42.295,143,5,23,1,-47.303,-101.203,4.642
2012-05-07-18_49_42.295,143,6,23,1,-56.209,-101.332,4.686
2012-05-07-18_49_42.296,143,6,23,1,-56.282,-101.269,4.588
2012-05-07-18_49_42.297,143,7,23,1,-65.263,-101.256,4.784
2012-05-07-18_49_42.298,143,7,23,1,-65.335,-101.193,4.784
