2012-05-06-01_21_49.304,476,0,0,0,2.259,2.220,3.397
2012-05-06-01_21_49.306,476,1,0,0,-6.749,2.204,2.796
2012-05-06-01_21_49.307,476,2,0,0,-15.738,2.300,2.497
2012-05-06-01_21_49.310,476,3,0,0,-24.792,2.205,2.897
2012-05-06-01_21_49.312,476,4,0,0,-33.779,2.230,1.997
2012-05-06-01_21_49.313,476,5,0,0,-42.794,2.168,2.697
2012-05-06-01_21_49.314,476,6,0,0,-51.793,2.164,2.597
2012-05-06-01_21_49.315,476,7,0,0,-60.715,2.246,3.297
2012-05-06-01_21_49.316,476,0,0,1,-2.183,2.212,3.596
2012-05-06-01_21_49.317,476,1,0,1,-11.201,2.205,3.096
2012-05-06-01_21_49.317,476,2,0,1,-20.180,2.293,2.596
2012-05-06-01_21_49.318,476,3,0,1,-29.235,2.197,2.696
2012-05-06-01_21_49.320,476,4,0,1,-38.222,2.222,2.296
2012-05-06-01_21_49.321,476,5,0,1,-47.237,2.160,2.596
2012-05-06-01_21_49.321,476,6,0,1,-56.235,2.156,2.696
2012-05-06-01_21_49.322,476,7,0,1,-65.157,2.239,3.496
2012-05-06-01_21_49.323,476,0,1,0,2.274,-2.279,3.612
2012-05-06-01_21_49.324,476,1,1,0,-6.747,-2.290,3.112
2012-05-06-01_21_49.325,476,2,1,0,-15.723,-2.199,2.612
2012-05-06-01_21_49.326,476,3,1,0,-24.778,-2.295,2.912
2012-05-06-01_21_49.327,476,4,1,0,-33.765,-2.270,2.112
2012-05-06-01_21_49.327,476,5,1,0,-42.780,-2.332,2.712
2012-05-06-01_21_49.328,476,6,1,0,-51.779,-2.336,2.612
2012-05-06-01_21_49.329,476,7,1,0,-60.700,-2.253,3.312
2012-05-06-01_21_49.329,476,0,1,1,-2.188,-2.289,3.620
2012-05-06-01_21_49.330,476,1,1,1,-11.202,-2.289,3.119
2012-05-06-01_21_49.331,476,2,1,1,-20.186,-2.209,2.520
2012-05-06-01_21_49.332,476,3,1,1,-29.240,-2.305,2.620
2012-05-06-01_21_49.333,476,4,1,1,-38.227,-2.280,2.120
2012-05-06-01_21_49.333,476,5,1,1,-47.242,-2.342,2.520
2012-05-06-01_21_49.334,476,6,1,1,-56.241,-2.346,2.620
2012-05-06-01_21_49.335,476,7,1,1,-65.163,-2.263,3.420
2012-05-06-01_21_49.336,476,0,2,0,2.271,-6.784,3.528
2012-05-06-01_21_49.336,476,1,2,0,-6.745,-6.788,3.128
2012-05-06-01_21_49.337,476,2,2,0,-15.726,-6.704,2.528
2012-05-06-01_21_49.338,476,3,2,0,-24.781,-6.800,2.928
2012-05-06-01_21_49.339,476,4,2,0,-33.768,-6.775,2.328
2012-05-06-01_21_49.340,476,5,2,0,-42.783,-6.837,2.928
2012-05-06-01_21_49.341,476,6,2,0,-51.781,-6.841,2.728
2012-05-06-01_21_49.342,476,7,2,0,-60.703,-6.758,3.628
2012-05-06-01_21_49.342,476,0,2,1,-2.189,-6.792,3.537
2012-05-06-01_21_49.343,476,1,2,1,-11.205,-6.788,3.137
2012-05-06-01_21_49.344,476,2,2,1,-20.186,-6.712,2.537
2012-05-06-01_21_49.344,476,3,2,1,-29.241,-6.808,2.937
2012-05-06-01_21_49.345,476,4,2,1,-38.228,-6.783,2.437
2012-05-06-01_21_49.346,476,5,2,1,-47.242,-6.845,2.637
2012-05-06-01_21_49.347,476,6,2,1,-56.241,-6.848,2.737
2012-05-06-01_21_49.347,476,7,2,1,-65.163,-6.766,3.437
2012-05-06-01_21_49.348,476,0,3,0,2.270,-11.282,3.647
2012-05-06-01_21_49.349,476,1,3,0,-6.743,-11.287,3.147
2012-05-06-01_21_49.349,476,2,3,0,-15.727,-11.202,2.547
2012-05-06-01_21_49.350,476,3,3,0,-24.781,-11.297,2.947
2012-05-06-01_21_49.351,476,4,3,0,-33.769,-11.272,2.447
2012-05-06-01_21_49.351,476,5,3,0,-42.783,-11.335,2.747
2012-05-06-01_21_49.352,476,6,3,0,-51.782,-11.338,2.747
2012-05-06-01_21_49.353,476,7,3,0,-60.704,-11.256,3.447
2012-05-06-01_21_49.355,476,0,3,1,-2.187,-11.288,3.659
2012-05-06-01_21_49.356,476,1,3,1,-11.200,-11.286,3.159
2012-05-06-01_21_49.356,476,2,3,1,-20.184,-11.208,2.559
2012-05-06-01_21_49.357,476,3,3,1,-29.239,-11.303,2.859
2012-05-06-01_21_49.358,476,4,3,1,-38.226,-11.278,2.459
2012-05-06-01_21_49.359,476,5,3,1,-47.240,-11.341,2.559
2012-05-06-01_21_49.359,476,6,3,1,-56.239,-11.344,2.759
2012-05-06-01_21_49.360,476,7,3,1,-65.161,-11.262,3.359
2012-05-06-01_21_49.361,476,0,4,0,2.270,-15.782,3.572
2012-05-06-01_21_49.362,476,1,4,0,-6.739,-15.794,3.173
2012-05-06-01_21_49.362,476,2,4,0,-15.727,-15.701,2.572
2012-05-06-01_21_49.363,476,3,4,0,-24.782,-15.797,2.972
2012-05-06-01_21_49.364,476,4,4,0,-33.769,-15.772,2.172
2012-05-06-01_21_49.365,476,5,4,0,-42.784,-15.834,2.772
2012-05-06-01_21_49.366,476,6,4,0,-51.782,-15.838,2.672
2012-05-06-01_21_49.366,476,7,4,0,-60.704,-15.755,3.472
2012-05-06-01_21_49.367,476,0,4,1,-2.185,-15.789,3.583
2012-05-06-01_21_49.368,476,1,4,1,-11.203,-15.794,3.083
2012-05-06-01_21_49.368,476,2,4,1,-20.182,-15.708,2.683
2012-05-06-01_21_49.369,476,3,4,1,-29.237,-15.804,2.883
2012-05-06-01_21_49.369,476,4,4,1,-38.224,-15.779,2.183
2012-05-06-01_21_49.370,476,5,4,1,-47.238,-15.841,2.483
2012-05-06-01_21_49.371,476,6,4,1,-56.237,-15.845,2.683
2012-05-06-01_21_49.371,476,7,4,1,-65.159,-15.762,3.383
2012-05-06-01_21_49.372,476,0,5,0,2.270,-20.280,3.591
2012-05-06-01_21_49.373,476,1,5,0,-6.742,-20.297,3.191
2012-05-06-01_21_49.374,476,2,5,0,-15.728,-20.200,2.691
2012-05-06-01_21_49.374,476,3,5,0,-24.782,-20.295,2.891
2012-05-06-01_21_49.375,476,4,5,0,-33.769,-20.270,2.391
2012-05-06-01_21_49.376,476,5,5,0,-42.784,-20.332,2.691
2012-05-06-01_21_49.377,476,6,5,0,-51.783,-20.336,2.691
2012-05-06-01_21_49.377,476,7,5,0,-60.705,-20.254,3.291
2012-05-06-01_21_49.378,476,0,5,1,-2.185,-20.288,3.700
2012-05-06-01_21_49.378,476,1,5,1,-11.206,-20.297,3.100
2012-05-06-01_21_49.379,476,2,5,1,-20.182,-20.208,2.600
2012-05-06-01_21_49.379,476,3,5,1,-29.237,-20.303,2.900
2012-05-06-01_21_49.380,476,4,5,1,-38.224,-20.278,2.300
2012-05-06-01_21_49.380,476,5,5,1,-47.239,-20.340,2.600
2012-05-06-01_21_49.381,476,6,5,1,-56.237,-20.344,2.800
2012-05-06-01_21_49.381,476,7,5,1,-65.159,-20.262,3.500
2012-05-06-01_21_49.382,476,0,6,0,2.272,-24.779,3.610
2012-05-06-01_21_49.382,476,1,6,0,-6.737,-24.792,3.210
2012-05-06-01_21_49.383,476,2,6,0,-15.726,-24.699,2.610
2012-05-06-01_21_49.383,476,3,6,0,-24.780,-24.795,2.910
2012-05-06-01_21_49.384,476,4,6,0,-33.767,-24.770,2.110
2012-05-06-01_21_49.384,476,5,6,0,-42.782,-24.832,2.610
2012-05-06-01_21_49.385,476,6,6,0,-51.781,-24.836,2.710
2012-05-06-01_21_49.386,476,7,6,0,-60.703,-24.753,3.610
2012-05-06-01_21_49.386,476,0,6,1,-2.183,-24.789,3.622
2012-05-06-01_21_49.387,476,1,6,1,-11.206,-24.790,3.222
2012-05-06-01_21_49.387,476,2,6,1,-20.180,-24.709,2.622
2012-05-06-01_21_49.388,476,3,6,1,-29.235,-24.804,3.022
2012-05-06-01_21_49.389,476,4,6,1,-38.222,-24.779,2.222
2012-05-06-01_21_49.389,476,5,6,1,-47.237,-24.842,2.722
2012-05-06-01_21_49.390,476,6,6,1,-56.235,-24.845,2.822
2012-05-06-01_21_49.390,476,7,6,1,-65.157,-24.763,3.522
2012-05-06-01_21_49.391,476,0,7,0,2.269,-29.284,3.635
2012-05-06-01_21_49.391,476,1,7,0,-6.740,-29.288,3.135
2012-05-06-01_21_49.392,476,2,7,0,-15.728,-29.204,2.735
2012-05-06-01_21_49.392,476,3,7,0,-24.783,-29.299,2.935
2012-05-06-01_21_49.393,476,4,7,0,-33.770,-29.274,2.535
2012-05-06-01_21_49.394,476,5,7,0,-42.785,-29.337,2.735
2012-05-06-01_21_49.395,476,6,7,0,-51.784,-29.340,2.835
2012-05-06-01_21_49.396,476,7,7,0,-60.705,-29.258,3.535
2012-05-06-01_21_49.396,476,0,7,1,-2.181,-29.291,3.745
2012-05-06-01_21_49.397,476,1,7,1,-11.209,-29.287,3.245
2012-05-06-01_21_49.398,476,2,7,1,-20.178,-29.211,2.745
2012-05-06-01_21_49.398,476,3,7,1,-29.233,-29.306,2.945
2012-05-06-01_21_49.399,476,4,7,1,-38.220,-29.281,2.445
2012-05-06-01_21_49.400,476,5,7,1,-47.235,-29.344,2.745
2012-05-06-01_21_49.401,476,6,7,1,-56.233,-29.347,2.845
2012-05-06-01_21_49.402,476,7,7,1,-65.155,-29.265,3.545
2012-05-06-01_21_49.403,476,0,8,0,2.273,-33.782,3.654
2012-05-06-01_21_49.404,476,1,8,0,-6.743,-33.785,3.254
2012-05-06-01_21_49.405,476,2,8,0,-15.724,-33.702,2.654
2012-05-06-01_21_49.406,476,3,8,0,-24.779,-33.798,2.954
2012-05-06-01_21_49.406,476,4,8,0,-33.766,-33.773,2.454
2012-05-06-01_21_49.407,476,5,8,0,-42.780,-33.835,2.754
2012-05-06-01_21_49.408,476,6,8,0,-51.779,-33.839,2.854
2012-05-06-01_21_49.408,476,7,8,0,-60.701,-33.756,3.654
2012-05-06-01_21_49.409,476,0,8,1,-2.182,-33.788,3.663
2012-05-06-01_21_49.410,476,1,8,1,-11.212,-33.785,3.263
2012-05-06-01_21_49.410,476,2,8,1,-20.179,-33.707,2.763
2012-05-06-01_21_49.411,476,3,8,1,-29.233,-33.803,2.963
2012-05-06-01_21_49.412,476,4,8,1,-38.221,-33.778,2.463
2012-05-06-01_21_49.413,476,5,8,1,-47.235,-33.840,2.963
2012-05-06-01_21_49.413,476,6,8,1,-56.234,-33.844,2.863
2012-05-06-01_21_49.414,476,7,8,1,-65.156,-33.761,3.563
2012-05-06-01_21_49.414,476,0,9,0,2.275,-38.282,3.672
2012-05-06-01_21_49.415,476,1,9,0,-6.746,-38.293,3.272
2012-05-06-01_21_49.416,476,2,9,0,-15.722,-38.202,2.772
2012-05-06-01_21_49.416,476,3,9,0,-24.777,-38.297,3.072
2012-05-06-01_21_49.417,476,4,9,0,-33.764,-38.272,2.372
2012-05-06-01_21_49.418,476,5,9,0,-42.778,-38.334,2.772
2012-05-06-01_21_49.419,476,6,9,0,-51.777,-38.338,2.772
2012-05-06-01_21_49.419,476,7,9,0,-60.699,-38.256,3.472
2012-05-06-01_21_49.420,476,0,9,1,-2.185,-38.288,3.585
2012-05-06-01_21_49.421,476,1,9,1,-11.210,-38.293,3.185
2012-05-06-01_21_49.421,476,2,9,1,-20.182,-38.208,2.685
2012-05-06-01_21_49.422,476,3,9,1,-29.236,-38.303,2.985
2012-05-06-01_21_49.423,476,4,9,1,-38.223,-38.278,2.285
2012-05-06-01_21_49.423,476,5,9,1,-47.238,-38.340,2.785
2012-05-06-01_21_49.424,476,6,9,1,-56.237,-38.344,2.885
2012-05-06-01_21_49.425,476,7,9,1,-65.159,-38.262,3.585
2012-05-06-01_21_49.425,476,0,10,0,2.277,-42.779,3.698
2012-05-06-01_21_49.426,476,1,10,0,-6.748,-42.796,3.298
2012-05-06-01_21_49.426,476,2,10,0,-15.720,-42.699,2.698
2012-05-06-01_21_49.427,476,3,10,0,-24.775,-42.795,2.998
2012-05-06-01_21_49.428,476,4,10,0,-33.762,-42.770,2.298
2012-05-06-01_21_49.428,476,5,10,0,-42.776,-42.832,2.698
2012-05-06-01_21_49.429,476,6,10,0,-51.775,-42.835,2.898
2012-05-06-01_21_49.430,476,7,10,0,-60.697,-42.753,3.598
2012-05-06-01_21_49.430,476,0,10,1,-2.187,-42.788,3.708
2012-05-06-01_21_49.431,476,1,10,1,-11.211,-42.795,3.208
2012-05-06-01_21_49.432,476,2,10,1,-20.184,-42.707,2.708
2012-05-06-01_21_49.432,476,3,10,1,-29.239,-42.803,3.108
2012-05-06-01_21_49.433,476,4,10,1,-38.226,-42.778,2.508
2012-05-06-01_21_49.434,476,5,10,1,-47.241,-42.840,2.808
2012-05-06-01_21_49.434,476,6,10,1,-56.240,-42.844,2.908
2012-05-06-01_21_49.435,476,7,10,1,-65.162,-42.761,3.508
2012-05-06-01_21_49.436,476,0,11,0,2.277,-47.279,3.617
2012-05-06-01_21_49.436,476,1,11,0,-6.749,-47.291,3.317
2012-05-06-01_21_49.437,476,2,11,0,-15.720,-47.199,2.717
2012-05-06-01_21_49.439,476,3,11,0,-24.775,-47.295,3.117
2012-05-06-01_21_49.440,476,4,11,0,-33.762,-47.270,2.417
2012-05-06-01_21_49.441,476,5,11,0,-42.777,-47.332,2.717
2012-05-06-01_21_49.442,476,6,11,0,-51.775,-47.336,3.017
2012-05-06-01_21_49.442,476,7,11,0,-60.697,-47.253,3.517
2012-05-06-01_21_49.443,476,0,11,1,-2.190,-47.289,3.827
2012-05-06-01_21_49.444,476,1,11,1,-11.211,-47.290,3.226
2012-05-06-01_21_49.445,476,2,11,1,-20.187,-47.209,2.727
2012-05-06-01_21_49.445,476,3,11,1,-29.242,-47.305,2.827
2012-05-06-01_21_49.446,476,4,11,1,-38.229,-47.280,2.527
2012-05-06-01_21_49.447,476,5,11,1,-47.244,-47.342,2.827
2012-05-06-01_21_49.448,476,6,11,1,-56.242,-47.346,2.927
2012-05-06-01_21_49.448,476,7,11,1,-65.164,-47.263,3.627
2012-05-06-01_21_49.449,476,0,12,0,2.276,-51.784,3.636
2012-05-06-01_21_49.449,476,1,12,0,-6.752,-51.789,3.236
2012-05-06-01_21_49.450,476,2,12,0,-15.721,-51.704,2.736
2012-05-06-01_21_49.450,476,3,12,0,-24.776,-51.800,3.036
2012-05-06-01_21_49.451,476,4,12,0,-33.763,-51.775,2.236
2012-05-06-01_21_49.452,476,5,12,0,-42.777,-51.837,2.736
2012-05-06-01_21_49.453,476,6,12,0,-51.776,-51.841,2.836
2012-05-06-01_21_49.453,476,7,12,0,-60.698,-51.758,3.536
2012-05-06-01_21_49.454,476,0,12,1,-2.191,-51.792,3.850
2012-05-06-01_21_49.454,476,1,12,1,-11.211,-51.788,3.349
2012-05-06-01_21_49.455,476,2,12,1,-20.188,-51.712,2.750
2012-05-06-01_21_49.456,476,3,12,1,-29.242,-51.807,3.050
2012-05-06-01_21_49.457,476,4,12,1,-38.230,-51.782,2.550
2012-05-06-01_21_49.457,476,5,12,1,-47.244,-51.845,2.750
2012-05-06-01_21_49.458,476,6,12,1,-56.243,-51.848,3.050
2012-05-06-01_21_49.459,476,7,12,1,-65.165,-51.766,3.650
2012-05-06-01_21_49.459,476,0,13,0,2.273,-56.282,3.762
2012-05-06-01_21_49.460,476,1,13,0,-6.752,-56.286,3.362
2012-05-06-01_21_49.460,476,2,13,0,-15.724,-56.202,2.762
2012-05-06-01_21_49.461,476,3,13,0,-24.778,-56.298,3.062
2012-05-06-01_21_49.461,476,4,13,0,-33.765,-56.273,2.362
2012-05-06-01_21_49.462,476,5,13,0,-42.780,-56.335,2.762
2012-05-06-01_21_49.463,476,6,13,0,-51.779,-56.339,2.862
2012-05-06-01_21_49.463,476,7,13,0,-60.701,-56.256,3.562
2012-05-06-01_21_49.464,476,0,13,1,-2.194,-56.288,3.772
2012-05-06-01_21_49.464,476,1,13,1,-11.209,-56.286,3.271
2012-05-06-01_21_49.465,476,2,13,1,-20.191,-56.208,2.772
2012-05-06-01_21_49.466,476,3,13,1,-29.245,-56.303,2.872
2012-05-06-01_21_49.466,476,4,13,1,-38.232,-56.278,2.372
2012-05-06-01_21_49.467,476,5,13,1,-47.247,-56.341,2.872
2012-05-06-01_21_49.467,476,6,13,1,-56.246,-56.344,2.872
2012-05-06-01_21_49.468,476,7,13,1,-65.168,-56.262,3.672
2012-05-06-01_21_49.468,476,0,14,0,2.275,-60.782,3.779
2012-05-06-01_21_49.469,476,1,14,0,-6.753,-60.793,3.379
2012-05-06-01_21_49.470,476,2,14,0,-15.722,-60.702,2.779
2012-05-06-01_21_49.470,476,3,14,0,-24.776,-60.797,3.079
2012-05-06-01_21_49.472,476,4,14,0,-33.763,-60.772,2.579
2012-05-06-01_21_49.473,476,5,14,0,-42.778,-60.834,2.779
2012-05-06-01_21_49.474,476,6,14,0,-51.777,-60.838,2.879
2012-05-06-01_21_49.474,476,7,14,0,-60.699,-60.756,3.879
2012-05-06-01_21_49.475,476,0,14,1,-2.196,-60.788,3.788
2012-05-06-01_21_49.476,476,1,14,1,-11.212,-60.794,3.388
2012-05-06-01_21_49.476,476,2,14,1,-20.194,-60.708,2.788
2012-05-06-01_21_49.477,476,3,14,1,-29.248,-60.804,3.088
2012-05-06-01_21_49.478,476,4,14,1,-38.235,-60.779,2.588
2012-05-06-01_21_49.478,476,5,14,1,-47.250,-60.841,2.888
2012-05-06-01_21_49.479,476,6,14,1,-56.249,-60.844,2.988
2012-05-06-01_21_49.480,476,7,14,1,-65.171,-60.762,3.688
2012-05-06-01_21_49.481,476,0,15,0,2.273,-65.280,3.797
2012-05-06-01_21_49.482,476,1,15,0,-6.753,-65.297,3.397
2012-05-06-01_21_49.483,476,2,15,0,-15.725,-65.200,2.797
2012-05-06-01_21_49.484,476,3,15,0,-24.779,-65.295,3.097
2012-05-06-01_21_49.484,476,4,15,0,-33.766,-65.270,2.597
2012-05-06-01_21_49.485,476,5,15,0,-42.781,-65.333,2.697
2012-05-06-01_21_49.486,476,6,15,0,-51.780,-65.336,2.897
2012-05-06-01_21_49.486,476,7,15,0,-60.702,-65.254,3.497
2012-05-06-01_21_49.487,476,0,15,1,-2.197,-65.287,3.810
2012-05-06-01_21_49.488,476,1,15,1,-11.210,-65.296,3.410
2012-05-06-01_21_49.488,476,2,15,1,-20.194,-65.206,2.810
2012-05-06-01_21_49.489,476,3,15,1,-29.249,-65.302,3.010
2012-05-06-01_21_49.489,476,4,15,1,-38.236,-65.277,2.510
2012-05-06-01_21_49.490,476,5,15,1,-47.250,-65.339,2.810
2012-05-06-01_21_49.491,476,6,15,1,-56.249,-65.343,2.910
2012-05-06-01_21_49.491,476,7,15,1,-65.171,-65.260,3.710
2012-05-06-01_21_49.492,476,0,16,0,2.270,-69.780,26.723
2012-05-06-01_21_49.493,476,1,16,0,-6.751,-69.790,3.323
2012-05-06-01_21_49.493,476,2,16,0,-15.727,-69.700,2.823
2012-05-06-01_21_49.494,476,3,16,0,-24.782,-69.795,25.423
2012-05-06-01_21_49.495,476,4,16,0,-33.769,-69.770,19.423
2012-05-06-01_21_49.495,476,5,16,0,-42.784,-69.832,25.923
2012-05-06-01_21_49.496,476,6,16,0,-51.782,-69.836,26.323
2012-05-06-01_21_49.497,476,7,16,0,-60.704,-69.754,20.423
2012-05-06-01_21_49.497,476,0,16,1,-2.197,-69.789,3.834
2012-05-06-01_21_49.498,476,1,16,1,-11.208,-69.790,3.334
2012-05-06-01_21_49.499,476,2,16,1,-20.194,-69.709,2.834
2012-05-06-01_21_49.499,476,3,16,1,-29.249,-69.804,3.134
2012-05-06-01_21_49.500,476,4,16,1,-38.236,-69.779,2.534
2012-05-06-01_21_49.501,476,5,16,1,-47.251,-69.841,2.734
2012-05-06-01_21_49.502,476,6,16,1,-56.249,-69.845,2.934
2012-05-06-01_21_49.503,476,7,16,1,-65.171,-69.763,3.634
2012-05-06-01_21_49.504,476,0,17,0,2.267,-74.284,3.842
2012-05-06-01_21_49.505,476,1,17,0,-6.747,-74.288,3.342
2012-05-06-01_21_49.505,476,2,17,0,-15.730,-74.204,2.842
2012-05-06-01_21_49.506,476,3,17,0,-24.785,-74.299,3.142
2012-05-06-01_21_49.507,476,4,17,0,-33.772,-74.274,2.442
2012-05-06-01_21_49.507,476,5,17,0,-42.787,-74.337,2.842
2012-05-06-01_21_49.508,476,6,17,0,-51.785,-74.340,2.942
2012-05-06-01_21_49.508,476,7,17,0,-60.707,-74.258,3.642
2012-05-06-01_21_49.509,476,0,17,1,-2.195,-74.291,3.852
2012-05-06-01_21_49.510,476,1,17,1,-11.211,-74.287,3.352
2012-05-06-01_21_49.510,476,2,17,1,-20.192,-74.211,2.852
2012-05-06-01_21_49.511,476,3,17,1,-29.247,-74.307,3.152
2012-05-06-01_21_49.512,476,4,17,1,-38.234,-74.282,2.452
2012-05-06-01_21_49.512,476,5,17,1,-47.249,-74.344,2.752
2012-05-06-01_21_49.513,476,6,17,1,-56.247,-74.348,2.952
2012-05-06-01_21_49.514,476,7,17,1,-65.169,-74.265,3.752
2012-05-06-01_21_49.515,476,0,18,0,2.264,-78.782,3.762
2012-05-06-01_21_49.516,476,1,18,0,-6.744,-78.785,3.362
2012-05-06-01_21_49.517,476,2,18,0,-15.733,-78.702,2.862
2012-05-06-01_21_49.517,476,3,18,0,-24.788,-78.798,3.162
2012-05-06-01_21_49.518,476,4,18,0,-33.775,-78.773,2.562
2012-05-06-01_21_49.519,476,5,18,0,-42.789,-78.835,2.862
2012-05-06-01_21_49.519,476,6,18,0,-51.788,-78.839,2.962
2012-05-06-01_21_49.520,476,7,18,0,-60.710,-78.756,3.762
2012-05-06-01_21_49.520,476,0,18,1,-2.196,-78.788,3.875
2012-05-06-01_21_49.521,476,1,18,1,-11.211,-78.786,3.375
2012-05-06-01_21_49.521,476,2,18,1,-20.193,-78.708,2.875
2012-05-06-01_21_49.522,476,3,18,1,-29.247,-78.803,3.175
2012-05-06-01_21_49.523,476,4,18,1,-38.235,-78.778,2.375
2012-05-06-01_21_49.524,476,5,18,1,-47.249,-78.841,2.875
2012-05-06-01_21_49.525,476,6,18,1,-56.248,-78.844,2.975
2012-05-06-01_21_49.526,476,7,18,1,-65.170,-78.762,3.775
2012-05-06-01_21_49.527,476,0,19,0,2.264,-83.282,3.786
2012-05-06-01_21_49.527,476,1,19,0,-6.747,-83.293,3.386
2012-05-06-01_21_49.528,476,2,19,0,-15.734,-83.202,2.886
2012-05-06-01_21_49.529,476,3,19,0,-24.788,-83.297,3.286
2012-05-06-01_21_49.529,476,4,19,0,-33.775,-83.272,2.286
2012-05-06-01_21_49.530,476,5,19,0,-42.790,-83.334,2.886
2012-05-06-01_21_49.531,476,6,19,0,-51.789,-83.338,2.986
2012-05-06-01_21_49.531,476,7,19,0,-60.711,-83.256,3.686
2012-05-06-01_21_49.532,476,0,19,1,-2.194,-83.288,3.897
2012-05-06-01_21_49.533,476,1,19,1,-11.214,-83.294,3.397
2012-05-06-01_21_49.534,476,2,19,1,-20.191,-83.208,2.897
2012-05-06-01_21_49.534,476,3,19,1,-29.245,-83.304,3.097
2012-05-06-01_21_49.535,476,4,19,1,-38.233,-83.279,2.597
2012-05-06-01_21_49.535,476,5,19,1,-47.247,-83.341,2.997
2012-05-06-01_21_49.536,476,6,19,1,-56.246,-83.344,2.997
2012-05-06-01_21_49.537,476,7,19,1,-65.168,-83.262,3.797
2012-05-06-01_21_49.537,476,0,20,0,2.266,-87.780,3.905
2012-05-06-01_21_49.538,476,1,20,0,-6.748,-87.796,3.405
2012-05-06-01_21_49.539,476,2,20,0,-15.732,-87.700,2.805
2012-05-06-01_21_49.539,476,3,20,0,-24.786,-87.795,3.205
2012-05-06-01_21_49.540,476,4,20,0,-33.773,-87.770,2.605
2012-05-06-01_21_49.540,476,5,20,0,-42.788,-87.832,2.905
2012-05-06-01_21_49.541,476,6,20,0,-51.787,-87.836,2.905
2012-05-06-01_21_49.541,476,7,20,0,-60.709,-87.754,3.805
2012-05-06-01_21_49.542,476,0,20,1,-2.192,-87.788,3.914
2012-05-06-01_21_49.544,476,1,20,1,-11.212,-87.795,3.414
2012-05-06-01_21_49.545,476,2,20,1,-20.189,-87.707,2.914
2012-05-06-01_21_49.545,476,3,20,1,-29.243,-87.803,3.214
2012-05-06-01_21_49.546,476,4,20,1,-38.230,-87.778,2.714
2012-05-06-01_21_49.547,476,5,20,1,-47.245,-87.840,2.914
2012-05-06-01_21_49.547,476,6,20,1,-56.244,-87.844,3.014
2012-05-06-01_21_49.548,476,7,20,1,-65.166,-87.761,3.814
2012-05-06-01_21_49.548,476,0,21,0,2.268,-92.279,4.024
2012-05-06-01_21_49.549,476,1,21,0,-6.751,-92.291,3.424
2012-05-06-01_21_49.549,476,2,21,0,-15.729,-92.199,2.924
2012-05-06-01_21_49.550,476,3,21,0,-24.784,-92.295,3.224
2012-05-06-01_21_49.551,476,4,21,0,-33.771,-92.270,2.624
2012-05-06-01_21_49.551,476,5,21,0,-42.786,-92.332,2.924
2012-05-06-01_21_49.552,476,6,21,0,-51.785,-92.336,3.024
2012-05-06-01_21_49.553,476,7,21,0,-60.706,-92.253,3.724
2012-05-06-01_21_49.553,476,0,21,1,-2.190,-92.290,4.037
2012-05-06-01_21_49.554,476,1,21,1,-11.213,-92.290,3.437
2012-05-06-01_21_49.555,476,2,21,1,-20.187,-92.210,2.937
2012-05-06-01_21_49.555,476,3,21,1,-29.241,-92.305,3.037
2012-05-06-01_21_49.556,476,4,21,1,-38.228,-92.280,2.537
2012-05-06-01_21_49.557,476,5,21,1,-47.243,-92.342,2.937
2012-05-06-01_21_49.557,476,6,21,1,-56.242,-92.346,3.037
2012-05-06-01_21_49.558,476,7,21,1,-65.164,-92.264,3.737
2012-05-06-01_21_49.559,476,0,22,0,2.270,-96.783,3.850
2012-05-06-01_21_49.559,476,1,22,0,-6.756,-96.789,3.450
2012-05-06-01_21_49.560,476,2,22,0,-15.728,-96.703,2.950
2012-05-06-01_21_49.561,476,3,22,0,-24.782,-96.799,3.250
2012-05-06-01_21_49.561,476,4,22,0,-33.769,-96.774,2.650
2012-05-06-01_21_49.562,476,5,22,0,-42.784,-96.836,2.950
2012-05-06-01_21_49.563,476,6,22,0,-51.783,-96.840,3.050
2012-05-06-01_21_49.564,476,7,22,0,-60.705,-96.757,3.850
2012-05-06-01_21_49.565,476,0,22,1,-2.188,-96.793,3.958
2012-05-06-01_21_49.565,476,1,22,1,-11.213,-96.788,3.458
2012-05-06-01_21_49.567,476,2,22,1,-20.185,-96.713,2.858
2012-05-06-01_21_49.568,476,3,22,1,-29.239,-96.808,3.058
2012-05-06-01_21_49.569,476,4,22,1,-38.226,-96.783,2.758
2012-05-06-01_21_49.569,476,5,22,1,-47.241,-96.845,2.958
2012-05-06-01_21_49.570,476,6,22,1,-56.240,-96.849,3.058
2012-05-06-01_21_49.571,476,7,22,1,-65.162,-96.766,3.858
2012-05-06-01_21_49.571,476,0,23,0,2.269,-101.281,3.968
2012-05-06-01_21_49.572,476,1,23,0,-6.756,-101.287,3.468
2012-05-06-01_21_49.572,476,2,23,0,-15.728,-101.201,2.868
2012-05-06-01_21_49.573,476,3,23,0,-24.783,-101.297,3.368
2012-05-06-01_21_49.574,476,4,23,0,-33.770,-101.272,2.668
2012-05-06-01_21_49.575,476,5,23,0,-42.784,-101.334,2.968
2012-05-06-01_21_49.575,476,6,23,0,-51.783,-101.338,2.968
2012-05-06-01_21_49.576,476,7,23,0,-60.705,-101.255,3.768
2012-05-06-01_21_49.577,476,0,23,1,-2.181,-101.280,3.968
2012-05-06-01_21_49.577,476,1,23,1,-11.209,-101.287,3.468
2012-05-06-01_21_49.578,476,2,23,1,-20.178,-101.200,2.968
2012-05-06-01_21_49.579,476,3,23,1,-29.232,-101.295,3.068
2012-05-06-01_21_49.579,476,4,23,1,-38.219,-101.270,2.668
2012-05-06-01_21_49.580,476,5,23,1,-47.234,-101.332,2.968
2012-05-06-01_21_49.581,476,6,23,1,-56.233,-101.336,3.068
2012-05-06-01_21_49.581,476,7,23,1,-65.155,-101.253,3.768
