2012-05-05-23_33_21.178,363,0,0,0,2.259,2.219,3.497
2012-05-05-23_33_21.179,363,1,0,0,-6.747,2.205,2.796
2012-05-05-23_33_21.179,363,2,0,0,-15.738,2.300,2.497
2012-05-05-23_33_21.180,363,3,0,0,-24.792,2.204,2.797
2012-05-05-23_33_21.180,363,4,0,0,-33.779,2.229,1.997
2012-05-05-23_33_21.181,363,5,0,0,-42.794,2.167,2.797
2012-05-05-23_33_21.182,363,6,0,0,-51.793,2.163,2.597
2012-05-05-23_33_21.182,363,7,0,0,-60.715,2.246,3.297
2012-05-05-23_33_21.183,363,0,0,1,-2.183,2.213,3.596
2012-05-05-23_33_21.184,363,1,0,1,-11.201,2.205,3.096
2012-05-05-23_33_21.184,363,2,0,1,-20.180,2.293,2.696
2012-05-05-23_33_21.185,363,3,0,1,-29.235,2.197,2.696
2012-05-05-23_33_21.187,363,4,0,1,-38.222,2.223,2.296
2012-05-05-23_33_21.188,363,5,0,1,-47.237,2.160,2.596
2012-05-05-23_33_21.188,363,6,0,1,-56.235,2.157,2.696
2012-05-05-23_33_21.189,363,7,0,1,-65.157,2.239,3.396
2012-05-05-23_33_21.190,363,0,1,0,2.271,-2.280,3.612
2012-05-05-23_33_21.191,363,1,1,0,-6.745,-2.290,3.112
2012-05-05-23_33_21.192,363,2,1,0,-15.726,-2.200,2.512
2012-05-05-23_33_21.192,363,3,1,0,-24.781,-2.295,2.912
2012-05-05-23_33_21.193,363,4,1,0,-33.768,-2.270,2.112
2012-05-05-23_33_21.193,363,5,1,0,-42.782,-2.333,2.712
2012-05-05-23_33_21.194,363,6,1,0,-51.781,-2.336,2.612
2012-05-05-23_33_21.195,363,7,1,0,-60.703,-2.254,3.212
2012-05-05-23_33_21.195,363,0,1,1,-2.186,-2.289,3.720
2012-05-05-23_33_21.196,363,1,1,1,-11.202,-2.290,3.119
2012-05-05-23_33_21.199,363,2,1,1,-20.183,-2.209,2.620
2012-05-05-23_33_21.200,363,3,1,1,-29.238,-2.304,2.620
2012-05-05-23_33_21.200,363,4,1,1,-38.225,-2.279,2.020
2012-05-05-23_33_21.201,363,5,1,1,-47.239,-2.342,2.620
2012-05-05-23_33_21.201,363,6,1,1,-56.238,-2.345,2.620
2012-05-05-23_33_21.202,363,7,1,1,-65.160,-2.263,3.420
2012-05-05-23_33_21.204,363,0,2,0,2.271,-6.784,3.628
2012-05-05-23_33_21.205,363,1,2,0,-6.743,-6.788,3.128
2012-05-05-23_33_21.207,363,2,2,0,-15.726,-6.704,2.628
2012-05-05-23_33_21.208,363,3,2,0,-24.781,-6.799,2.828
2012-05-05-23_33_21.209,363,4,2,0,-33.768,-6.774,2.328
2012-05-05-23_33_21.210,363,5,2,0,-42.783,-6.837,2.928
2012-05-05-23_33_21.211,363,6,2,0,-51.781,-6.840,2.628
2012-05-05-23_33_21.211,363,7,2,0,-60.703,-6.758,3.528
2012-05-05-23_33_21.212,363,0,2,1,-2.186,-6.793,3.637
2012-05-05-23_33_21.213,363,1,2,1,-11.202,-6.787,3.137
2012-05-05-23_33_21.214,363,2,2,1,-20.184,-6.713,2.637
2012-05-05-23_33_21.215,363,3,2,1,-29.238,-6.808,2.837
2012-05-05-23_33_21.216,363,4,2,1,-38.225,-6.783,2.337
2012-05-05-23_33_21.217,363,5,2,1,-47.240,-6.845,2.637
2012-05-05-23_33_21.218,363,6,2,1,-56.239,-6.849,2.737
2012-05-05-23_33_21.219,363,7,2,1,-65.161,-6.766,3.437
2012-05-05-23_33_21.220,363,0,3,0,2.270,-11.282,3.647
2012-05-05-23_33_21.221,363,1,3,0,-6.741,-11.286,3.147
2012-05-05-23_33_21.223,363,2,3,0,-15.727,-11.202,2.647
2012-05-05-23_33_21.224,363,3,3,0,-24.781,-11.298,2.847
2012-05-05-23_33_21.225,363,4,3,0,-33.769,-11.273,2.347
2012-05-05-23_33_21.226,363,5,3,0,-42.783,-11.335,2.847
2012-05-05-23_33_21.229,363,6,3,0,-51.782,-11.339,2.747
2012-05-05-23_33_21.230,363,7,3,0,-60.704,-11.256,3.347
2012-05-05-23_33_21.232,363,0,3,1,-2.187,-11.289,3.659
2012-05-05-23_33_21.233,363,1,3,1,-11.200,-11.286,3.159
2012-05-05-23_33_21.235,363,2,3,1,-20.184,-11.208,2.659
2012-05-05-23_33_21.236,363,3,3,1,-29.239,-11.304,2.859
2012-05-05-23_33_21.237,363,4,3,1,-38.226,-11.279,2.459
2012-05-05-23_33_21.238,363,5,3,1,-47.240,-11.341,2.659
2012-05-05-23_33_21.239,363,6,3,1,-56.239,-11.345,2.759
2012-05-05-23_33_21.240,363,7,3,1,-65.161,-11.262,3.359
2012-05-05-23_33_21.241,363,0,4,0,2.270,-15.782,26.072
2012-05-05-23_33_21.241,363,1,4,0,-6.741,-15.793,3.173
2012-05-05-23_33_21.242,363,2,4,0,-15.727,-15.701,13.572
2012-05-05-23_33_21.243,363,3,4,0,-24.782,-15.797,2.672
2012-05-05-23_33_21.244,363,4,4,0,-33.769,-15.772,18.972
2012-05-05-23_33_21.245,363,5,4,0,-42.784,-15.834,26.072
2012-05-05-23_33_21.246,363,6,4,0,-51.782,-15.838,26.072
2012-05-05-23_33_21.247,363,7,4,0,-60.704,-15.755,5.972
2012-05-05-23_33_21.248,363,0,4,1,-2.187,-15.788,3.683
2012-05-05-23_33_21.249,363,1,4,1,-11.203,-15.794,3.082
2012-05-05-23_33_21.250,363,2,4,1,-20.184,-15.708,2.683
2012-05-05-23_33_21.251,363,3,4,1,-29.239,-15.804,2.883
2012-05-05-23_33_21.252,363,4,4,1,-38.226,-15.779,2.083
2012-05-05-23_33_21.253,363,5,4,1,-47.241,-15.841,2.583
2012-05-05-23_33_21.254,363,6,4,1,-56.239,-15.844,2.683
2012-05-05-23_33_21.255,363,7,4,1,-65.161,-15.762,3.383
2012-05-05-23_33_21.256,363,0,5,0,2.272,-20.280,3.691
2012-05-05-23_33_21.257,363,1,5,0,-6.739,-20.297,3.192
2012-05-05-23_33_21.257,363,2,5,0,-15.725,-20.199,2.691
2012-05-05-23_33_21.259,363,3,5,0,-24.780,-20.295,2.891
2012-05-05-23_33_21.260,363,4,5,0,-33.767,-20.270,2.191
2012-05-05-23_33_21.269,363,5,5,0,-42.782,-20.332,2.791
2012-05-05-23_33_21.270,363,6,5,0,-51.780,-20.336,2.691
2012-05-05-23_33_21.273,363,7,5,0,-60.702,-20.253,3.291
2012-05-05-23_33_21.274,363,0,5,1,-2.185,-20.288,3.700
2012-05-05-23_33_21.275,363,1,5,1,-11.204,-20.297,3.100
2012-05-05-23_33_21.277,363,2,5,1,-20.182,-20.208,2.600
2012-05-05-23_33_21.278,363,3,5,1,-29.237,-20.303,2.900
2012-05-05-23_33_21.279,363,4,5,1,-38.224,-20.278,2.200
2012-05-05-23_33_21.280,363,5,5,1,-47.239,-20.340,2.600
2012-05-05-23_33_21.282,363,6,5,1,-56.237,-20.344,2.800
2012-05-05-23_33_21.283,363,7,5,1,-65.159,-20.262,3.500
2012-05-05-23_33_21.285,363,0,6,0,2.269,-24.780,3.710
2012-05-05-23_33_21.286,363,1,6,0,-6.737,-24.791,3.210
2012-05-05-23_33_21.287,363,2,6,0,-15.728,-24.700,2.710
2012-05-05-23_33_21.289,363,3,6,0,-24.783,-24.795,2.910
2012-05-05-23_33_21.290,363,4,6,0,-33.770,-24.770,2.110
2012-05-05-23_33_21.291,363,5,6,0,-42.784,-24.832,2.610
2012-05-05-23_33_21.292,363,6,6,0,-51.783,-24.836,2.710
2012-05-05-23_33_21.293,363,7,6,0,-60.705,-24.754,3.510
2012-05-05-23_33_21.294,363,0,6,1,-2.183,-24.789,3.722
2012-05-05-23_33_21.295,363,1,6,1,-11.209,-24.790,3.222
2012-05-05-23_33_21.295,363,2,6,1,-20.180,-24.709,2.722
2012-05-05-23_33_21.297,363,3,6,1,-29.235,-24.804,2.922
2012-05-05-23_33_21.298,363,4,6,1,-38.222,-24.779,2.122
2012-05-05-23_33_21.298,363,5,6,1,-47.237,-24.842,2.722
2012-05-05-23_33_21.299,363,6,6,1,-56.235,-24.845,2.822
2012-05-05-23_33_21.300,363,7,6,1,-65.157,-24.763,3.522
2012-05-05-23_33_21.301,363,0,7,0,2.271,-29.284,3.735
2012-05-05-23_33_21.302,363,1,7,0,-6.740,-29.287,3.135
2012-05-05-23_33_21.303,363,2,7,0,-15.726,-29.204,2.735
2012-05-05-23_33_21.305,363,3,7,0,-24.781,-29.300,2.935
2012-05-05-23_33_21.306,363,4,7,0,-33.768,-29.275,2.435
2012-05-05-23_33_21.307,363,5,7,0,-42.782,-29.337,2.735
2012-05-05-23_33_21.308,363,6,7,0,-51.781,-29.341,2.835
2012-05-05-23_33_21.309,363,7,7,0,-60.703,-29.258,3.435
2012-05-05-23_33_21.310,363,0,7,1,-2.184,-29.291,3.745
2012-05-05-23_33_21.312,363,1,7,1,-11.212,-29.287,3.145
2012-05-05-23_33_21.313,363,2,7,1,-20.181,-29.211,2.745
2012-05-05-23_33_21.314,363,3,7,1,-29.235,-29.306,2.945
2012-05-05-23_33_21.315,363,4,7,1,-38.223,-29.281,2.345
2012-05-05-23_33_21.316,363,5,7,1,-47.237,-29.343,2.745
2012-05-05-23_33_21.317,363,6,7,1,-56.236,-29.347,2.845
2012-05-05-23_33_21.318,363,7,7,1,-65.158,-29.265,3.545
2012-05-05-23_33_21.319,363,0,8,0,2.273,-33.782,3.754
2012-05-05-23_33_21.320,363,1,8,0,-6.743,-33.785,3.254
2012-05-05-23_33_21.322,363,2,8,0,-15.724,-33.702,2.654
2012-05-05-23_33_21.323,363,3,8,0,-24.779,-33.797,2.954
2012-05-05-23_33_21.325,363,4,8,0,-33.766,-33.772,2.454
2012-05-05-23_33_21.326,363,5,8,0,-42.780,-33.835,2.754
2012-05-05-23_33_21.326,363,6,8,0,-51.779,-33.838,2.754
2012-05-05-23_33_21.327,363,7,8,0,-60.701,-33.756,3.454
2012-05-05-23_33_21.328,363,0,8,1,-2.184,-33.788,3.763
2012-05-05-23_33_21.329,363,1,8,1,-11.214,-33.785,3.262
2012-05-05-23_33_21.330,363,2,8,1,-20.181,-33.708,2.763
2012-05-05-23_33_21.331,363,3,8,1,-29.236,-33.803,3.063
2012-05-05-23_33_21.332,363,4,8,1,-38.223,-33.778,2.463
2012-05-05-23_33_21.333,363,5,8,1,-47.238,-33.840,2.763
2012-05-05-23_33_21.334,363,6,8,1,-56.236,-33.844,2.863
2012-05-05-23_33_21.335,363,7,8,1,-65.158,-33.762,3.563
2012-05-05-23_33_21.336,363,0,9,0,2.275,-38.282,3.773
2012-05-05-23_33_21.347,363,1,9,0,-6.746,-38.293,3.273
2012-05-05-23_33_21.348,363,2,9,0,-15.722,-38.201,2.773
2012-05-05-23_33_21.348,363,3,9,0,-24.777,-38.297,3.073
2012-05-05-23_33_21.349,363,4,9,0,-33.764,-38.272,2.373
2012-05-05-23_33_21.350,363,5,9,0,-42.778,-38.334,2.773
2012-05-05-23_33_21.351,363,6,9,0,-51.777,-38.338,2.773
2012-05-05-23_33_21.351,363,7,9,0,-60.699,-38.255,3.473
2012-05-05-23_33_21.352,363,0,9,1,-2.185,-38.288,3.785
2012-05-05-23_33_21.353,363,1,9,1,-11.213,-38.293,3.285
2012-05-05-23_33_21.354,363,2,9,1,-20.182,-38.208,2.785
2012-05-05-23_33_21.355,363,3,9,1,-29.236,-38.304,2.985
2012-05-05-23_33_21.355,363,4,9,1,-38.223,-38.279,2.185
2012-05-05-23_33_21.356,363,5,9,1,-47.238,-38.341,2.685
2012-05-05-23_33_21.357,363,6,9,1,-56.237,-38.344,2.885
2012-05-05-23_33_21.358,363,7,9,1,-65.159,-38.262,3.585
2012-05-05-23_33_21.359,363,0,10,0,2.275,-42.780,3.798
2012-05-05-23_33_21.360,363,1,10,0,-6.748,-42.796,3.298
2012-05-05-23_33_21.361,363,2,10,0,-15.722,-42.700,2.798
2012-05-05-23_33_21.363,363,3,10,0,-24.777,-42.795,2.998
2012-05-05-23_33_21.364,363,4,10,0,-33.764,-42.770,2.298
2012-05-05-23_33_21.365,363,5,10,0,-42.779,-42.833,2.798
2012-05-05-23_33_21.366,363,6,10,0,-51.777,-42.836,2.898
2012-05-05-23_33_21.366,363,7,10,0,-60.699,-42.754,3.498
2012-05-05-23_33_21.367,363,0,10,1,-2.187,-42.788,3.808
2012-05-05-23_33_21.368,363,1,10,1,-11.213,-42.795,3.208
2012-05-05-23_33_21.369,363,2,10,1,-20.185,-42.708,2.708
2012-05-05-23_33_21.370,363,3,10,1,-29.239,-42.803,3.108
2012-05-05-23_33_21.370,363,4,10,1,-38.226,-42.778,2.508
2012-05-05-23_33_21.371,363,5,10,1,-47.241,-42.840,2.808
2012-05-05-23_33_21.372,363,6,10,1,-56.240,-42.844,2.908
2012-05-05-23_33_21.373,363,7,10,1,-65.162,-42.762,3.508
2012-05-05-23_33_21.374,363,0,11,0,2.277,-47.280,3.717
2012-05-05-23_33_21.375,363,1,11,0,-6.751,-47.291,3.417
2012-05-05-23_33_21.376,363,2,11,0,-15.720,-47.200,2.717
2012-05-05-23_33_21.377,363,3,11,0,-24.775,-47.295,3.017
2012-05-05-23_33_21.378,363,4,11,0,-33.762,-47.270,2.417
2012-05-05-23_33_21.379,363,5,11,0,-42.777,-47.332,2.817
2012-05-05-23_33_21.380,363,6,11,0,-51.775,-47.336,2.917
2012-05-05-23_33_21.381,363,7,11,0,-60.697,-47.254,3.517
2012-05-05-23_33_21.382,363,0,11,1,-2.190,-47.289,3.826
2012-05-05-23_33_21.383,363,1,11,1,-11.211,-47.290,3.326
2012-05-05-23_33_21.384,363,2,11,1,-20.187,-47.209,2.826
2012-05-05-23_33_21.385,363,3,11,1,-29.242,-47.304,2.826
2012-05-05-23_33_21.387,363,4,11,1,-38.229,-47.279,2.526
2012-05-05-23_33_21.388,363,5,11,1,-47.244,-47.342,2.826
2012-05-05-23_33_21.389,363,6,11,1,-56.242,-47.345,2.926
2012-05-05-23_33_21.390,363,7,11,1,-65.164,-47.263,3.526
2012-05-05-23_33_21.391,363,0,12,0,2.276,-51.784,3.736
2012-05-05-23_33_21.392,363,1,12,0,-6.752,-51.788,3.336
2012-05-05-23_33_21.393,363,2,12,0,-15.721,-51.704,2.836
2012-05-05-23_33_21.394,363,3,12,0,-24.776,-51.800,3.036
2012-05-05-23_33_21.395,363,4,12,0,-33.763,-51.775,2.236
2012-05-05-23_33_21.396,363,5,12,0,-42.777,-51.837,2.836
2012-05-05-23_33_21.397,363,6,12,0,-51.776,-51.841,2.836
2012-05-05-23_33_21.398,363,7,12,0,-60.698,-51.758,3.536
2012-05-05-23_33_21.399,363,0,12,1,-2.191,-51.792,3.849
2012-05-05-23_33_21.401,363,1,12,1,-11.211,-51.788,3.349
2012-05-05-23_33_21.401,363,2,12,1,-20.188,-51.712,2.849
2012-05-05-23_33_21.402,363,3,12,1,-29.242,-51.807,2.849
2012-05-05-23_33_21.403,363,4,12,1,-38.230,-51.782,2.549
2012-05-05-23_33_21.404,363,5,12,1,-47.244,-51.845,2.849
2012-05-05-23_33_21.408,363,6,12,1,-56.243,-51.848,2.949
2012-05-05-23_33_21.409,363,7,12,1,-65.165,-51.766,3.649
2012-05-05-23_33_21.410,363,0,13,0,2.276,-56.282,3.862
2012-05-05-23_33_21.411,363,1,13,0,-6.752,-56.286,3.362
2012-05-05-23_33_21.412,363,2,13,0,-15.721,-56.202,2.762
2012-05-05-23_33_21.413,363,3,13,0,-24.776,-56.297,3.062
2012-05-05-23_33_21.414,363,4,13,0,-33.763,-56.272,2.362
2012-05-05-23_33_21.414,363,5,13,0,-42.778,-56.334,2.762
2012-05-05-23_33_21.415,363,6,13,0,-51.776,-56.338,2.862
2012-05-05-23_33_21.416,363,7,13,0,-60.698,-56.256,3.462
2012-05-05-23_33_21.417,363,0,13,1,-2.194,-56.289,3.872
2012-05-05-23_33_21.418,363,1,13,1,-11.212,-56.286,3.371
2012-05-05-23_33_21.419,363,2,13,1,-20.191,-56.208,2.872
2012-05-05-23_33_21.420,363,3,13,1,-29.245,-56.304,2.772
2012-05-05-23_33_21.421,363,4,13,1,-38.232,-56.279,2.372
2012-05-05-23_33_21.423,363,5,13,1,-47.247,-56.341,2.872
2012-05-05-23_33_21.424,363,6,13,1,-56.246,-56.345,2.872
2012-05-05-23_33_21.425,363,7,13,1,-65.168,-56.262,3.672
2012-05-05-23_33_21.426,363,0,14,0,2.275,-60.783,3.879
2012-05-05-23_33_21.427,363,1,14,0,-6.753,-60.793,3.379
2012-05-05-23_33_21.428,363,2,14,0,-15.722,-60.702,2.779
2012-05-05-23_33_21.429,363,3,14,0,-24.776,-60.798,3.079
2012-05-05-23_33_21.430,363,4,14,0,-33.763,-60.773,2.579
2012-05-05-23_33_21.431,363,5,14,0,-42.778,-60.835,2.879
2012-05-05-23_33_21.432,363,6,14,0,-51.777,-60.839,2.879
2012-05-05-23_33_21.433,363,7,14,0,-60.699,-60.756,3.579
2012-05-05-23_33_21.434,363,0,14,1,-2.196,-60.788,3.888
2012-05-05-23_33_21.435,363,1,14,1,-11.212,-60.793,3.388
2012-05-05-23_33_21.436,363,2,14,1,-20.194,-60.708,2.888
2012-05-05-23_33_21.437,363,3,14,1,-29.248,-60.803,2.888
2012-05-05-23_33_21.438,363,4,14,1,-38.235,-60.778,2.588
2012-05-05-23_33_21.439,363,5,14,1,-47.250,-60.840,2.888
2012-05-05-23_33_21.440,363,6,14,1,-56.249,-60.844,2.988
2012-05-05-23_33_21.441,363,7,14,1,-65.171,-60.762,3.688
2012-05-05-23_33_21.441,363,0,15,0,2.273,-65.280,3.797
2012-05-05-23_33_21.442,363,1,15,0,-6.751,-65.296,3.397
2012-05-05-23_33_21.443,363,2,15,0,-15.725,-65.200,2.797
2012-05-05-23_33_21.444,363,3,15,0,-24.779,-65.295,3.097
2012-05-05-23_33_21.445,363,4,15,0,-33.766,-65.270,2.597
2012-05-05-23_33_21.446,363,5,15,0,-42.781,-65.333,2.797
2012-05-05-23_33_21.446,363,6,15,0,-51.780,-65.336,2.897
2012-05-05-23_33_21.447,363,7,15,0,-60.702,-65.254,3.397
2012-05-05-23_33_21.448,363,0,15,1,-2.194,-65.288,3.910
2012-05-05-23_33_21.449,363,1,15,1,-11.205,-65.296,3.410
2012-05-05-23_33_21.450,363,2,15,1,-20.191,-65.207,2.810
2012-05-05-23_33_21.451,363,3,15,1,-29.246,-65.303,2.910
2012-05-05-23_33_21.452,363,4,15,1,-38.233,-65.278,2.510
2012-05-05-23_33_21.453,363,5,15,1,-47.248,-65.340,2.810
2012-05-05-23_33_21.454,363,6,15,1,-56.247,-65.344,2.910
2012-05-05-23_33_21.455,363,7,15,1,-65.168,-65.261,3.610
2012-05-05-23_33_21.457,363,0,16,0,2.270,-69.779,3.922
2012-05-05-23_33_21.457,363,1,16,0,-6.751,-69.790,3.322
2012-05-05-23_33_21.458,363,2,16,0,-15.727,-69.699,2.922
2012-05-05-23_33_21.459,363,3,16,0,-24.782,-69.795,3.122
2012-05-05-23_33_21.460,363,4,16,0,-33.769,-69.770,2.322
2012-05-05-23_33_21.462,363,5,16,0,-42.784,-69.832,2.822
2012-05-05-23_33_21.463,363,6,16,0,-51.782,-69.836,2.922
2012-05-05-23_33_21.464,363,7,16,0,-60.704,-69.753,3.622
2012-05-05-23_33_21.465,363,0,16,1,-2.195,-69.789,3.934
2012-05-05-23_33_21.466,363,1,16,1,-11.206,-69.789,3.333
2012-05-05-23_33_21.468,363,2,16,1,-20.192,-69.709,2.834
2012-05-05-23_33_21.470,363,3,16,1,-29.247,-69.804,2.934
2012-05-05-23_33_21.471,363,4,16,1,-38.234,-69.779,2.534
2012-05-05-23_33_21.472,363,5,16,1,-47.248,-69.841,2.734
2012-05-05-23_33_21.473,363,6,16,1,-56.247,-69.845,2.934
2012-05-05-23_33_21.474,363,7,16,1,-65.169,-69.763,3.634
2012-05-05-23_33_21.475,363,0,17,0,2.267,-74.284,3.942
2012-05-05-23_33_21.476,363,1,17,0,-6.749,-74.287,3.442
2012-05-05-23_33_21.477,363,2,17,0,-15.730,-74.204,2.942
2012-05-05-23_33_21.478,363,3,17,0,-24.785,-74.299,3.042
2012-05-05-23_33_21.479,363,4,17,0,-33.772,-74.274,2.342
2012-05-05-23_33_21.480,363,5,17,0,-42.787,-74.336,2.842
2012-05-05-23_33_21.481,363,6,17,0,-51.785,-74.340,2.842
2012-05-05-23_33_21.481,363,7,17,0,-60.707,-74.258,3.542
2012-05-05-23_33_21.482,363,0,17,1,-2.193,-74.291,3.952
2012-05-05-23_33_21.483,363,1,17,1,-11.211,-74.287,3.451
2012-05-05-23_33_21.484,363,2,17,1,-20.190,-74.211,2.852
2012-05-05-23_33_21.485,363,3,17,1,-29.245,-74.306,2.952
2012-05-05-23_33_21.486,363,4,17,1,-38.232,-74.281,2.352
2012-05-05-23_33_21.487,363,5,17,1,-47.246,-74.344,2.852
2012-05-05-23_33_21.488,363,6,17,1,-56.245,-74.347,2.952
2012-05-05-23_33_21.489,363,7,17,1,-65.167,-74.265,3.752
2012-05-05-23_33_21.490,363,0,18,0,2.264,-78.782,3.862
2012-05-05-23_33_21.492,363,1,18,0,-6.747,-78.785,3.462
2012-05-05-23_33_21.493,363,2,18,0,-15.733,-78.702,2.862
2012-05-05-23_33_21.494,363,3,18,0,-24.788,-78.797,3.162
2012-05-05-23_33_21.495,363,4,18,0,-33.775,-78.772,2.562
2012-05-05-23_33_21.495,363,5,18,0,-42.789,-78.834,2.862
2012-05-05-23_33_21.497,363,6,18,0,-51.788,-78.838,2.962
2012-05-05-23_33_21.498,363,7,18,0,-60.710,-78.756,3.662
2012-05-05-23_33_21.498,363,0,18,1,-2.191,-78.789,3.875
2012-05-05-23_33_21.499,363,1,18,1,-11.209,-78.785,3.374
2012-05-05-23_33_21.500,363,2,18,1,-20.188,-78.708,2.975
2012-05-05-23_33_21.501,363,3,18,1,-29.243,-78.804,3.175
2012-05-05-23_33_21.502,363,4,18,1,-38.230,-78.779,2.275
2012-05-05-23_33_21.503,363,5,18,1,-47.244,-78.841,2.875
2012-05-05-23_33_21.504,363,6,18,1,-56.243,-78.845,2.975
2012-05-05-23_33_21.505,363,7,18,1,-65.165,-78.762,3.775
2012-05-05-23_33_21.506,363,0,19,0,2.264,-83.283,3.886
2012-05-05-23_33_21.507,363,1,19,0,-6.747,-83.292,3.387
2012-05-05-23_33_21.508,363,2,19,0,-15.734,-83.202,2.986
2012-05-05-23_33_21.509,363,3,19,0,-24.788,-83.298,3.186
2012-05-05-23_33_21.510,363,4,19,0,-33.775,-83.273,2.286
2012-05-05-23_33_21.511,363,5,19,0,-42.790,-83.335,2.886
2012-05-05-23_33_21.511,363,6,19,0,-51.789,-83.339,2.986
2012-05-05-23_33_21.512,363,7,19,0,-60.711,-83.256,3.586
2012-05-05-23_33_21.513,363,0,19,1,-2.191,-83.288,3.997
2012-05-05-23_33_21.515,363,1,19,1,-11.214,-83.293,3.397
2012-05-05-23_33_21.516,363,2,19,1,-20.188,-83.208,2.997
2012-05-05-23_33_21.517,363,3,19,1,-29.243,-83.304,2.897
2012-05-05-23_33_21.517,363,4,19,1,-38.230,-83.279,2.597
2012-05-05-23_33_21.518,363,5,19,1,-47.245,-83.341,2.997
2012-05-05-23_33_21.519,363,6,19,1,-56.243,-83.344,2.997
2012-05-05-23_33_21.520,363,7,19,1,-65.165,-83.262,3.797
2012-05-05-23_33_21.522,363,0,20,0,2.268,-87.780,4.005
2012-05-05-23_33_21.523,363,1,20,0,-6.748,-87.796,3.405
2012-05-05-23_33_21.524,363,2,20,0,-15.729,-87.700,2.905
2012-05-05-23_33_21.525,363,3,20,0,-24.784,-87.795,3.205
2012-05-05-23_33_21.525,363,4,20,0,-33.771,-87.770,2.605
2012-05-05-23_33_21.526,363,5,20,0,-42.785,-87.832,2.905
2012-05-05-23_33_21.528,363,6,20,0,-51.784,-87.836,2.905
2012-05-05-23_33_21.530,363,7,20,0,-60.706,-87.754,3.805
2012-05-05-23_33_21.531,363,0,20,1,-2.189,-87.788,4.014
2012-05-05-23_33_21.531,363,1,20,1,-11.212,-87.796,3.514
2012-05-05-23_33_21.533,363,2,20,1,-20.186,-87.708,2.914
2012-05-05-23_33_21.534,363,3,20,1,-29.241,-87.803,3.214
2012-05-05-23_33_21.535,363,4,20,1,-38.228,-87.778,2.714
2012-05-05-23_33_21.535,363,5,20,1,-47.243,-87.841,2.914
2012-05-05-23_33_21.536,363,6,20,1,-56.241,-87.844,3.014
2012-05-05-23_33_21.537,363,7,20,1,-65.163,-87.762,3.814
2012-05-05-23_33_21.538,363,0,21,0,2.268,-92.279,4.024
2012-05-05-23_33_21.539,363,1,21,0,-6.751,-92.291,3.524
2012-05-05-23_33_21.540,363,2,21,0,-15.729,-92.199,3.024
2012-05-05-23_33_21.541,363,3,21,0,-24.784,-92.294,3.124
2012-05-05-23_33_21.543,363,4,21,0,-33.771,-92.269,2.524
2012-05-05-23_33_21.544,363,5,21,0,-42.786,-92.332,2.924
2012-05-05-23_33_21.545,363,6,21,0,-51.785,-92.335,3.024
2012-05-05-23_33_21.546,363,7,21,0,-60.706,-92.253,3.624
2012-05-05-23_33_21.546,363,0,21,1,-2.190,-92.290,4.037
2012-05-05-23_33_21.547,363,1,21,1,-11.213,-92.290,3.437
2012-05-05-23_33_21.548,363,2,21,1,-20.187,-92.210,2.937
2012-05-05-23_33_21.549,363,3,21,1,-29.241,-92.305,2.937
2012-05-05-23_33_21.551,363,4,21,1,-38.228,-92.280,2.537
2012-05-05-23_33_21.552,363,5,21,1,-47.243,-92.342,2.937
2012-05-05-23_33_21.554,363,6,21,1,-56.242,-92.346,3.037
2012-05-05-23_33_21.554,363,7,21,1,-65.164,-92.264,3.737
2012-05-05-23_33_21.555,363,0,22,0,2.267,-96.783,4.050
2012-05-05-23_33_21.556,363,1,22,0,-6.751,-96.788,3.450
2012-05-05-23_33_21.557,363,2,22,0,-15.730,-96.703,2.950
2012-05-05-23_33_21.558,363,3,22,0,-24.785,-96.798,3.150
2012-05-05-23_33_21.559,363,4,22,0,-33.772,-96.773,2.650
2012-05-05-23_33_21.560,363,5,22,0,-42.786,-96.836,2.950
2012-05-05-23_33_21.561,363,6,22,0,-51.785,-96.839,3.050
2012-05-05-23_33_21.562,363,7,22,0,-60.707,-96.757,3.750
2012-05-05-23_33_21.562,363,0,22,1,-2.188,-96.792,4.058
2012-05-05-23_33_21.563,363,1,22,1,-11.213,-96.789,3.558
2012-05-05-23_33_21.564,363,2,22,1,-20.185,-96.712,2.958
2012-05-05-23_33_21.565,363,3,22,1,-29.239,-96.807,3.058
2012-05-05-23_33_21.566,363,4,22,1,-38.226,-96.782,2.658
2012-05-05-23_33_21.567,363,5,22,1,-47.241,-96.845,2.958
2012-05-05-23_33_21.568,363,6,22,1,-56.240,-96.848,3.058
2012-05-05-23_33_21.569,363,7,22,1,-65.162,-96.766,3.858
2012-05-05-23_33_21.570,363,0,23,0,2.272,-101.281,4.068
2012-05-05-23_33_21.571,363,1,23,0,-6.754,-101.286,3.568
2012-05-05-23_33_21.572,363,2,23,0,-15.725,-101.201,2.968
2012-05-05-23_33_21.572,363,3,23,0,-24.780,-101.297,3.268
2012-05-05-23_33_21.573,363,4,23,0,-33.767,-101.272,2.668
2012-05-05-23_33_21.575,363,5,23,0,-42.782,-101.334,2.968
2012-05-05-23_33_21.575,363,6,23,0,-51.781,-101.338,2.868
2012-05-05-23_33_21.576,363,7,23,0,-60.702,-101.255,3.668
2012-05-05-23_33_21.577,363,0,23,1,-2.181,-101.280,3.968
2012-05-05-23_33_21.578,363,1,23,1,-11.211,-101.286,3.568
2012-05-05-23_33_21.579,363,2,23,1,-20.178,-101.200,2.968
2012-05-05-23_33_21.580,363,3,23,1,-29.232,-101.295,2.968
2012-05-05-23_33_21.581,363,4,23,1,-38.219,-101.270,2.668
2012-05-05-23_33_21.582,363,5,23,1,-47.234,-101.332,3.068
2012-05-05-23_33_21.583,363,6,23,1,-56.233,-101.336,3.068
2012-05-05-23_33_21.585,363,7,23,1,-65.155,-101.254,3.768
