2012-05-05-21_57_46.881,262,0,0,0,2.259,2.220,3.497
2012-05-05-21_57_46.882,262,1,0,0,-6.747,2.205,2.896
2012-05-05-21_57_46.883,262,2,0,0,-15.738,2.301,2.497
2012-05-05-21_57_46.883,262,3,0,0,-24.792,2.205,2.697
2012-05-05-21_57_46.884,262,4,0,0,-33.779,2.230,1.997
2012-05-05-21_57_46.885,262,5,0,0,-42.794,2.168,2.697
2012-05-05-21_57_46.885,262,6,0,0,-51.793,2.164,2.597
2012-05-05-21_57_46.886,262,7,0,0,-60.715,2.247,3.297
2012-05-05-21_57_46.887,262,0,0,1,-2.186,2.214,3.696
2012-05-05-21_57_46.888,262,1,0,1,-11.204,2.205,3.096
2012-05-05-21_57_46.889,262,2,0,1,-20.183,2.294,2.596
2012-05-05-21_57_46.890,262,3,0,1,-29.237,2.198,2.596
2012-05-05-21_57_46.891,262,4,0,1,-38.224,2.223,2.296
2012-05-05-21_57_46.891,262,5,0,1,-47.239,2.161,2.596
2012-05-05-21_57_46.892,262,6,0,1,-56.238,2.158,2.696
2012-05-05-21_57_46.893,262,7,0,1,-65.160,2.240,3.496
2012-05-05-21_57_46.893,262,0,1,0,2.271,-2.280,3.612
2012-05-05-21_57_46.894,262,1,1,0,-6.745,-2.290,3.112
2012-05-05-21_57_46.896,262,2,1,0,-15.726,-2.200,2.612
2012-05-05-21_57_46.896,262,3,1,0,-24.781,-2.295,2.812
2012-05-05-21_57_46.924,262,4,1,0,-33.768,-2.270,2.012
2012-05-05-21_57_46.925,262,5,1,0,-42.782,-2.332,2.612
2012-05-05-21_57_46.928,262,6,1,0,-51.781,-2.336,2.712
2012-05-05-21_57_46.929,262,7,1,0,-60.703,-2.254,3.212
2012-05-05-21_57_46.930,262,0,1,1,-2.188,-2.289,3.719
2012-05-05-21_57_46.931,262,1,1,1,-11.202,-2.290,5.419
2012-05-05-21_57_46.932,262,2,1,1,-20.186,-2.209,2.619
2012-05-05-21_57_46.934,262,3,1,1,-29.240,-2.304,2.619
2012-05-05-21_57_46.935,262,4,1,1,-38.227,-2.279,2.019
2012-05-05-21_57_46.939,262,5,1,1,-47.242,-2.342,2.519
2012-05-05-21_57_46.939,262,6,1,1,-56.241,-2.345,2.719
2012-05-05-21_57_46.940,262,7,1,1,-65.163,-2.263,3.419
2012-05-05-21_57_46.940,262,0,2,0,2.271,-6.784,3.628
2012-05-05-21_57_46.941,262,1,2,0,-6.745,-6.787,3.128
2012-05-05-21_57_46.941,262,2,2,0,-15.726,-6.704,2.628
2012-05-05-21_57_46.942,262,3,2,0,-24.781,-6.799,2.828
2012-05-05-21_57_46.943,262,4,2,0,-33.768,-6.774,2.228
2012-05-05-21_57_46.944,262,5,2,0,-42.783,-6.837,2.828
2012-05-05-21_57_46.945,262,6,2,0,-51.781,-6.840,2.728
2012-05-05-21_57_46.946,262,7,2,0,-60.703,-6.758,3.528
2012-05-05-21_57_46.947,262,0,2,1,-2.189,-6.792,3.637
2012-05-05-21_57_46.948,262,1,2,1,-11.205,-6.787,3.137
2012-05-05-21_57_46.949,262,2,2,1,-20.186,-6.712,2.637
2012-05-05-21_57_46.950,262,3,2,1,-29.241,-6.807,2.737
2012-05-05-21_57_46.951,262,4,2,1,-38.228,-6.782,2.337
2012-05-05-21_57_46.959,262,5,2,1,-47.242,-6.845,2.637
2012-05-05-21_57_46.961,262,6,2,1,-56.241,-6.848,2.837
2012-05-05-21_57_46.962,262,7,2,1,-65.163,-6.766,3.437
2012-05-05-21_57_46.962,262,0,3,0,2.270,-11.282,3.647
2012-05-05-21_57_46.964,262,1,3,0,-6.741,-11.286,3.147
2012-05-05-21_57_46.965,262,2,3,0,-15.727,-11.202,2.647
2012-05-05-21_57_46.965,262,3,3,0,-24.781,-11.298,2.847
2012-05-05-21_57_46.968,262,4,3,0,-33.769,-11.273,2.347
2012-05-05-21_57_46.969,262,5,3,0,-42.783,-11.335,2.747
2012-05-05-21_57_46.971,262,6,3,0,-51.782,-11.339,2.847
2012-05-05-21_57_46.972,262,7,3,0,-60.704,-11.256,3.247
2012-05-05-21_57_46.973,262,0,3,1,-2.187,-11.288,3.759
2012-05-05-21_57_46.974,262,1,3,1,-11.200,-11.286,3.159
2012-05-05-21_57_46.975,262,2,3,1,-20.184,-11.208,2.659
2012-05-05-21_57_46.977,262,3,3,1,-29.239,-11.303,2.859
2012-05-05-21_57_46.978,262,4,3,1,-38.226,-11.278,2.459
2012-05-05-21_57_46.979,262,5,3,1,-47.240,-11.341,2.659
2012-05-05-21_57_46.980,262,6,3,1,-56.239,-11.344,2.759
2012-05-05-21_57_46.981,262,7,3,1,-65.161,-11.262,3.459
2012-05-05-21_57_46.982,262,0,4,0,2.270,-15.782,3.673
2012-05-05-21_57_46.983,262,1,4,0,-6.741,-15.793,3.173
2012-05-05-21_57_46.984,262,2,4,0,-15.727,-15.701,2.673
2012-05-05-21_57_46.985,262,3,4,0,-24.782,-15.797,2.873
2012-05-05-21_57_46.986,262,4,4,0,-33.769,-15.772,2.073
2012-05-05-21_57_46.987,262,5,4,0,-42.784,-15.834,2.673
2012-05-05-21_57_46.988,262,6,4,0,-51.782,-15.838,2.673
2012-05-05-21_57_46.988,262,7,4,0,-60.704,-15.755,3.473
2012-05-05-21_57_46.989,262,0,4,1,-2.187,-15.789,3.683
2012-05-05-21_57_46.990,262,1,4,1,-11.203,-15.793,3.082
2012-05-05-21_57_46.991,262,2,4,1,-20.184,-15.708,2.683
2012-05-05-21_57_46.992,262,3,4,1,-29.239,-15.804,2.883
2012-05-05-21_57_46.993,262,4,4,1,-38.226,-15.779,2.083
2012-05-05-21_57_46.994,262,5,4,1,-47.241,-15.841,2.483
2012-05-05-21_57_46.995,262,6,4,1,-56.239,-15.845,2.683
2012-05-05-21_57_46.997,262,7,4,1,-65.161,-15.762,3.383
2012-05-05-21_57_46.998,262,0,5,0,2.270,-20.280,3.692
2012-05-05-21_57_46.999,262,1,5,0,-6.739,-20.297,3.192
2012-05-05-21_57_47.000,262,2,5,0,-15.728,-20.199,2.692
2012-05-05-21_57_47.002,262,3,5,0,-24.782,-20.295,2.792
2012-05-05-21_57_47.002,262,4,5,0,-33.769,-20.270,2.292
2012-05-05-21_57_47.003,262,5,5,0,-42.784,-20.332,2.692
2012-05-05-21_57_47.004,262,6,5,0,-51.783,-20.336,2.792
2012-05-05-21_57_47.007,262,7,5,0,-60.705,-20.253,3.292
2012-05-05-21_57_47.008,262,0,5,1,-2.185,-20.288,3.700
2012-05-05-21_57_47.008,262,1,5,1,-11.206,-20.296,3.200
2012-05-05-21_57_47.009,262,2,5,1,-20.182,-20.207,2.700
2012-05-05-21_57_47.010,262,3,5,1,-29.237,-20.303,2.700
2012-05-05-21_57_47.011,262,4,5,1,-38.224,-20.278,2.100
2012-05-05-21_57_47.012,262,5,5,1,-47.239,-20.340,2.600
2012-05-05-21_57_47.014,262,6,5,1,-56.237,-20.344,2.700
2012-05-05-21_57_47.015,262,7,5,1,-65.159,-20.261,3.500
2012-05-05-21_57_47.016,262,0,6,0,2.269,-24.780,3.710
2012-05-05-21_57_47.016,262,1,6,0,-6.737,-24.791,3.210
2012-05-05-21_57_47.017,262,2,6,0,-15.728,-24.700,2.710
2012-05-05-21_57_47.019,262,3,6,0,-24.783,-24.795,2.910
2012-05-05-21_57_47.021,262,4,6,0,-33.770,-24.770,2.110
2012-05-05-21_57_47.022,262,5,6,0,-42.784,-24.832,2.610
2012-05-05-21_57_47.023,262,6,6,0,-51.783,-24.836,2.810
2012-05-05-21_57_47.024,262,7,6,0,-60.705,-24.754,3.610
2012-05-05-21_57_47.025,262,0,6,1,-2.186,-24.789,3.722
2012-05-05-21_57_47.031,262,1,6,1,-11.209,-24.790,3.222
2012-05-05-21_57_47.032,262,2,6,1,-20.183,-24.709,2.622
2012-05-05-21_57_47.033,262,3,6,1,-29.237,-24.804,2.922
2012-05-05-21_57_47.034,262,4,6,1,-38.225,-24.779,2.022
2012-05-05-21_57_47.034,262,5,6,1,-47.239,-24.841,2.722
2012-05-05-21_57_47.035,262,6,6,1,-56.238,-24.845,2.922
2012-05-05-21_57_47.036,262,7,6,1,-65.160,-24.763,3.522
2012-05-05-21_57_47.036,262,0,7,0,2.269,-29.284,3.735
2012-05-05-21_57_47.037,262,1,7,0,-6.740,-29.287,3.135
2012-05-05-21_57_47.037,262,2,7,0,-15.728,-29.204,2.735
2012-05-05-21_57_47.038,262,3,7,0,-24.783,-29.300,2.935
2012-05-05-21_57_47.039,262,4,7,0,-33.770,-29.275,2.435
2012-05-05-21_57_47.039,262,5,7,0,-42.785,-29.337,2.635
2012-05-05-21_57_47.040,262,6,7,0,-51.784,-29.341,2.835
2012-05-05-21_57_47.042,262,7,7,0,-60.705,-29.258,3.535
2012-05-05-21_57_47.042,262,0,7,1,-2.181,-29.291,3.745
2012-05-05-21_57_47.043,262,1,7,1,-11.212,-29.287,3.045
2012-05-05-21_57_47.044,262,2,7,1,-20.178,-29.211,2.745
2012-05-05-21_57_47.044,262,3,7,1,-29.233,-29.306,2.945
2012-05-05-21_57_47.045,262,4,7,1,-38.220,-29.281,2.345
2012-05-05-21_57_47.046,262,5,7,1,-47.235,-29.343,2.745
2012-05-05-21_57_47.047,262,6,7,1,-56.233,-29.347,2.845
2012-05-05-21_57_47.048,262,7,7,1,-65.155,-29.265,3.545
2012-05-05-21_57_47.049,262,0,8,0,2.273,-33.783,3.754
2012-05-05-21_57_47.049,262,1,8,0,-6.743,-33.785,3.254
2012-05-05-21_57_47.050,262,2,8,0,-15.724,-33.703,2.654
2012-05-05-21_57_47.051,262,3,8,0,-24.779,-33.798,2.954
2012-05-05-21_57_47.052,262,4,8,0,-33.766,-33.773,2.454
2012-05-05-21_57_47.053,262,5,8,0,-42.780,-33.835,2.754
2012-05-05-21_57_47.054,262,6,8,0,-51.779,-33.839,2.854
2012-05-05-21_57_47.055,262,7,8,0,-60.701,-33.757,3.554
2012-05-05-21_57_47.055,262,0,8,1,-2.184,-33.788,3.763
2012-05-05-21_57_47.057,262,1,8,1,-11.212,-33.785,3.262
2012-05-05-21_57_47.058,262,2,8,1,-20.181,-33.707,2.763
2012-05-05-21_57_47.060,262,3,8,1,-29.236,-33.803,2.963
2012-05-05-21_57_47.061,262,4,8,1,-38.223,-33.778,2.463
2012-05-05-21_57_47.061,262,5,8,1,-47.238,-33.840,2.763
2012-05-05-21_57_47.062,262,6,8,1,-56.236,-33.844,2.863
2012-05-05-21_57_47.063,262,7,8,1,-65.158,-33.761,3.563
2012-05-05-21_57_47.064,262,0,9,0,2.275,-38.281,3.772
2012-05-05-21_57_47.065,262,1,9,0,-6.748,-38.292,3.272
2012-05-05-21_57_47.066,262,2,9,0,-15.722,-38.201,2.772
2012-05-05-21_57_47.067,262,3,9,0,-24.777,-38.297,2.972
2012-05-05-21_57_47.068,262,4,9,0,-33.764,-38.272,2.272
2012-05-05-21_57_47.069,262,5,9,0,-42.778,-38.334,2.672
2012-05-05-21_57_47.071,262,6,9,0,-51.777,-38.337,2.872
2012-05-05-21_57_47.072,262,7,9,0,-60.699,-38.255,3.372
2012-05-05-21_57_47.072,262,0,9,1,-2.185,-38.288,3.785
2012-05-05-21_57_47.073,262,1,9,1,-11.213,-38.292,3.184
2012-05-05-21_57_47.074,262,2,9,1,-20.182,-38.208,2.785
2012-05-05-21_57_47.075,262,3,9,1,-29.236,-38.303,2.785
2012-05-05-21_57_47.076,262,4,9,1,-38.223,-38.278,2.185
2012-05-05-21_57_47.077,262,5,9,1,-47.238,-38.341,2.785
2012-05-05-21_57_47.078,262,6,9,1,-56.237,-38.344,2.985
2012-05-05-21_57_47.079,262,7,9,1,-65.159,-38.262,3.585
2012-05-05-21_57_47.081,262,0,10,0,2.275,-42.780,3.798
2012-05-05-21_57_47.082,262,1,10,0,-6.748,-42.795,3.298
2012-05-05-21_57_47.083,262,2,10,0,-15.722,-42.699,2.798
2012-05-05-21_57_47.083,262,3,10,0,-24.777,-42.795,2.998
2012-05-05-21_57_47.084,262,4,10,0,-33.764,-42.770,2.298
2012-05-05-21_57_47.087,262,5,10,0,-42.779,-42.832,2.798
2012-05-05-21_57_47.088,262,6,10,0,-51.777,-42.836,2.998
2012-05-05-21_57_47.089,262,7,10,0,-60.699,-42.753,3.498
2012-05-05-21_57_47.089,262,0,10,1,-2.187,-42.787,3.808
2012-05-05-21_57_47.091,262,1,10,1,-11.213,-42.795,3.208
2012-05-05-21_57_47.092,262,2,10,1,-20.184,-42.706,2.808
2012-05-05-21_57_47.093,262,3,10,1,-29.239,-42.802,3.008
2012-05-05-21_57_47.094,262,4,10,1,-38.226,-42.777,2.408
2012-05-05-21_57_47.095,262,5,10,1,-47.241,-42.839,2.808
2012-05-05-21_57_47.096,262,6,10,1,-56.240,-42.843,3.008
2012-05-05-21_57_47.097,262,7,10,1,-65.161,-42.760,3.508
2012-05-05-21_57_47.098,262,0,11,0,2.277,-47.280,3.717
2012-05-05-21_57_47.099,262,1,11,0,-6.749,-47.291,3.317
2012-05-05-21_57_47.100,262,2,11,0,-15.720,-47.200,2.817
2012-05-05-21_57_47.101,262,3,11,0,-24.775,-47.295,3.017
2012-05-05-21_57_47.102,262,4,11,0,-33.762,-47.270,2.417
2012-05-05-21_57_47.103,262,5,11,0,-42.777,-47.332,2.717
2012-05-05-21_57_47.104,262,6,11,0,-51.775,-47.336,3.017
2012-05-05-21_57_47.105,262,7,11,0,-60.697,-47.254,3.517
2012-05-05-21_57_47.107,262,0,11,1,-2.188,-47.289,3.826
2012-05-05-21_57_47.107,262,1,11,1,-11.211,-47.290,3.326
2012-05-05-21_57_47.108,262,2,11,1,-20.185,-47.209,2.826
2012-05-05-21_57_47.109,262,3,11,1,-29.240,-47.304,2.826
2012-05-05-21_57_47.110,262,4,11,1,-38.227,-47.279,2.526
2012-05-05-21_57_47.111,262,5,11,1,-47.241,-47.342,2.826
2012-05-05-21_57_47.112,262,6,11,1,-56.240,-47.345,3.026
2012-05-05-21_57_47.113,262,7,11,1,-65.162,-47.263,3.626
2012-05-05-21_57_47.113,262,0,12,0,2.276,-51.785,3.736
2012-05-05-21_57_47.114,262,1,12,0,-6.752,-51.787,3.336
2012-05-05-21_57_47.115,262,2,12,0,-15.721,-51.705,2.836
2012-05-05-21_57_47.117,262,3,12,0,-24.776,-51.801,2.936
2012-05-05-21_57_47.118,262,4,12,0,-33.763,-51.776,2.236
2012-05-05-21_57_47.120,262,5,12,0,-42.777,-51.838,2.836
2012-05-05-21_57_47.121,262,6,12,0,-51.776,-51.841,2.936
2012-05-05-21_57_47.122,262,7,12,0,-60.698,-51.759,3.536
2012-05-05-21_57_47.123,262,0,12,1,-2.188,-51.792,3.849
2012-05-05-21_57_47.124,262,1,12,1,-11.211,-51.788,3.349
2012-05-05-21_57_47.125,262,2,12,1,-20.185,-51.712,2.849
2012-05-05-21_57_47.126,262,3,12,1,-29.240,-51.807,2.949
2012-05-05-21_57_47.127,262,4,12,1,-38.227,-51.782,2.549
2012-05-05-21_57_47.128,262,5,12,1,-47.242,-51.845,2.849
2012-05-05-21_57_47.129,262,6,12,1,-56.240,-51.848,3.049
2012-05-05-21_57_47.130,262,7,12,1,-65.162,-51.766,3.649
2012-05-05-21_57_47.130,262,0,13,0,2.276,-56.282,3.762
2012-05-05-21_57_47.131,262,1,13,0,-6.752,-56.285,3.362
2012-05-05-21_57_47.132,262,2,13,0,-15.721,-56.202,2.862
2012-05-05-21_57_47.133,262,3,13,0,-24.776,-56.297,2.962
2012-05-05-21_57_47.134,262,4,13,0,-33.763,-56.272,2.262
2012-05-05-21_57_47.135,262,5,13,0,-42.778,-56.334,2.762
2012-05-05-21_57_47.136,262,6,13,0,-51.776,-56.338,2.962
2012-05-05-21_57_47.138,262,7,13,0,-60.698,-56.256,3.562
2012-05-05-21_57_47.139,262,0,13,1,-2.191,-56.289,3.872
2012-05-05-21_57_47.140,262,1,13,1,-11.209,-56.286,3.371
2012-05-05-21_57_47.141,262,2,13,1,-20.188,-56.208,2.772
2012-05-05-21_57_47.142,262,3,13,1,-29.243,-56.304,2.872
2012-05-05-21_57_47.145,262,4,13,1,-38.230,-56.279,2.372
2012-05-05-21_57_47.146,262,5,13,1,-47.245,-56.341,2.872
2012-05-05-21_57_47.146,262,6,13,1,-56.243,-56.345,2.872
2012-05-05-21_57_47.148,262,7,13,1,-65.165,-56.262,3.672
2012-05-05-21_57_47.148,262,0,14,0,2.275,-60.782,3.779
2012-05-05-21_57_47.151,262,1,14,0,-6.753,-60.793,3.379
2012-05-05-21_57_47.152,262,2,14,0,-15.722,-60.701,2.879
2012-05-05-21_57_47.153,262,3,14,0,-24.776,-60.797,3.079
2012-05-05-21_57_47.155,262,4,14,0,-33.763,-60.772,2.579
2012-05-05-21_57_47.155,262,5,14,0,-42.778,-60.834,2.779
2012-05-05-21_57_47.156,262,6,14,0,-51.777,-60.838,2.979
2012-05-05-21_57_47.157,262,7,14,0,-60.699,-60.755,3.679
2012-05-05-21_57_47.158,262,0,14,1,-2.194,-60.788,3.888
2012-05-05-21_57_47.160,262,1,14,1,-11.210,-60.793,3.388
2012-05-05-21_57_47.161,262,2,14,1,-20.191,-60.708,2.888
2012-05-05-21_57_47.162,262,3,14,1,-29.246,-60.803,2.888
2012-05-05-21_57_47.162,262,4,14,1,-38.233,-60.778,2.588
2012-05-05-21_57_47.163,262,5,14,1,-47.247,-60.841,2.888
2012-05-05-21_57_47.165,262,6,14,1,-56.246,-60.844,3.088
2012-05-05-21_57_47.166,262,7,14,1,-65.168,-60.762,3.688
2012-05-05-21_57_47.166,262,0,15,0,2.273,-65.280,3.897
2012-05-05-21_57_47.167,262,1,15,0,-6.753,-65.296,3.397
2012-05-05-21_57_47.168,262,2,15,0,-15.725,-65.200,2.897
2012-05-05-21_57_47.169,262,3,15,0,-24.779,-65.295,2.997
2012-05-05-21_57_47.170,262,4,15,0,-33.766,-65.270,2.497
2012-05-05-21_57_47.171,262,5,15,0,-42.781,-65.332,2.697
2012-05-05-21_57_47.172,262,6,15,0,-51.780,-65.336,2.897
2012-05-05-21_57_47.173,262,7,15,0,-60.702,-65.254,3.497
2012-05-05-21_57_47.174,262,0,15,1,-2.194,-65.288,3.910
2012-05-05-21_57_47.175,262,1,15,1,-11.208,-65.295,3.409
2012-05-05-21_57_47.176,262,2,15,1,-20.191,-65.207,2.910
2012-05-05-21_57_47.177,262,3,15,1,-29.246,-65.303,3.010
2012-05-05-21_57_47.178,262,4,15,1,-38.233,-65.278,2.310
2012-05-05-21_57_47.179,262,5,15,1,-47.248,-65.340,2.810
2012-05-05-21_57_47.180,262,6,15,1,-56.247,-65.344,25.810
2012-05-05-21_57_47.180,262,7,15,1,-65.168,-65.261,2.510
2012-05-05-21_57_47.181,262,0,16,0,2.270,-69.780,3.923
2012-05-05-21_57_47.182,262,1,16,0,-6.749,-69.790,3.423
2012-05-05-21_57_47.184,262,2,16,0,-15.727,-69.700,2.923
2012-05-05-21_57_47.184,262,3,16,0,-24.782,-69.795,3.023
2012-05-05-21_57_47.186,262,4,16,0,-33.769,-69.770,2.323
2012-05-05-21_57_47.187,262,5,16,0,-42.784,-69.832,2.823
2012-05-05-21_57_47.188,262,6,16,0,-51.782,-69.836,2.923
2012-05-05-21_57_47.190,262,7,16,0,-60.704,-69.754,3.623
2012-05-05-21_57_47.191,262,0,16,1,-2.195,-69.789,3.934
2012-05-05-21_57_47.191,262,1,16,1,-11.208,-69.789,3.434
2012-05-05-21_57_47.192,262,2,16,1,-20.192,-69.708,2.934
2012-05-05-21_57_47.193,262,3,16,1,-29.247,-69.804,2.834
2012-05-05-21_57_47.195,262,4,16,1,-38.234,-69.779,2.534
2012-05-05-21_57_47.195,262,5,16,1,-47.248,-69.841,2.734
2012-05-05-21_57_47.196,262,6,16,1,-56.247,-69.845,2.934
2012-05-05-21_57_47.197,262,7,16,1,-65.169,-69.762,3.634
2012-05-05-21_57_47.198,262,0,17,0,2.267,-74.284,3.942
2012-05-05-21_57_47.199,262,1,17,0,-6.747,-74.287,3.442
2012-05-05-21_57_47.200,262,2,17,0,-15.730,-74.204,2.842
2012-05-05-21_57_47.201,262,3,17,0,-24.785,-74.299,3.042
2012-05-05-21_57_47.203,262,4,17,0,-33.772,-74.274,2.342
2012-05-05-21_57_47.204,262,5,17,0,-42.787,-74.336,2.842
2012-05-05-21_57_47.205,262,6,17,0,-51.785,-74.340,2.942
2012-05-05-21_57_47.206,262,7,17,0,-60.707,-74.258,3.642
2012-05-05-21_57_47.207,262,0,17,1,-2.193,-74.291,3.952
2012-05-05-21_57_47.208,262,1,17,1,-11.209,-74.287,3.352
2012-05-05-21_57_47.209,262,2,17,1,-20.190,-74.211,2.852
2012-05-05-21_57_47.209,262,3,17,1,-29.245,-74.306,2.852
2012-05-05-21_57_47.212,262,4,17,1,-38.232,-74.281,2.352
2012-05-05-21_57_47.214,262,5,17,1,-47.246,-74.344,2.752
2012-05-05-21_57_47.214,262,6,17,1,-56.245,-74.347,2.952
2012-05-05-21_57_47.216,262,7,17,1,-65.167,-74.265,3.652
2012-05-05-21_57_47.217,262,0,18,0,2.264,-78.782,3.862
2012-05-05-21_57_47.218,262,1,18,0,-6.747,-78.785,3.462
2012-05-05-21_57_47.220,262,2,18,0,-15.733,-78.702,2.862
2012-05-05-21_57_47.221,262,3,18,0,-24.788,-78.798,3.062
2012-05-05-21_57_47.222,262,4,18,0,-33.775,-78.773,2.562
2012-05-05-21_57_47.223,262,5,18,0,-42.789,-78.835,2.762
2012-05-05-21_57_47.224,262,6,18,0,-51.788,-78.839,2.962
2012-05-05-21_57_47.225,262,7,18,0,-60.710,-78.756,3.662
2012-05-05-21_57_47.226,262,0,18,1,-2.193,-78.788,3.875
2012-05-05-21_57_47.227,262,1,18,1,-11.211,-78.785,3.375
2012-05-05-21_57_47.228,262,2,18,1,-20.190,-78.708,2.975
2012-05-05-21_57_47.229,262,3,18,1,-29.245,-78.803,3.075
2012-05-05-21_57_47.230,262,4,18,1,-38.232,-78.778,2.275
2012-05-05-21_57_47.231,262,5,18,1,-47.247,-78.840,2.875
2012-05-05-21_57_47.232,262,6,18,1,-56.245,-78.844,3.075
2012-05-05-21_57_47.233,262,7,18,1,-65.167,-78.762,3.775
2012-05-05-21_57_47.234,262,0,19,0,2.264,-83.282,3.887
2012-05-05-21_57_47.236,262,1,19,0,-6.747,-83.292,3.487
2012-05-05-21_57_47.237,262,2,19,0,-15.734,-83.201,2.987
2012-05-05-21_57_47.238,262,3,19,0,-24.788,-83.297,3.187
2012-05-05-21_57_47.239,262,4,19,0,-33.775,-83.272,2.287
2012-05-05-21_57_47.242,262,5,19,0,-42.790,-83.334,2.887
2012-05-05-21_57_47.243,262,6,19,0,-51.789,-83.338,2.987
2012-05-05-21_57_47.244,262,7,19,0,-60.711,-83.255,3.587
2012-05-05-21_57_47.246,262,0,19,1,-2.194,-83.288,3.897
2012-05-05-21_57_47.246,262,1,19,1,-11.214,-83.292,3.497
2012-05-05-21_57_47.247,262,2,19,1,-20.191,-83.208,2.997
2012-05-05-21_57_47.248,262,3,19,1,-29.245,-83.303,2.897
2012-05-05-21_57_47.249,262,4,19,1,-38.233,-83.278,2.597
2012-05-05-21_57_47.250,262,5,19,1,-47.247,-83.341,2.897
2012-05-05-21_57_47.251,262,6,19,1,-56.246,-83.344,3.097
2012-05-05-21_57_47.252,262,7,19,1,-65.168,-83.262,3.797
2012-05-05-21_57_47.253,262,0,20,0,2.266,-87.780,4.005
2012-05-05-21_57_47.255,262,1,20,0,-6.748,-87.796,3.405
2012-05-05-21_57_47.256,262,2,20,0,-15.732,-87.700,2.905
2012-05-05-21_57_47.257,262,3,20,0,-24.786,-87.795,3.105
2012-05-05-21_57_47.258,262,4,20,0,-33.773,-87.770,2.605
2012-05-05-21_57_47.259,262,5,20,0,-42.788,-87.833,2.905
2012-05-05-21_57_47.260,262,6,20,0,-51.787,-87.836,3.005
2012-05-05-21_57_47.261,262,7,20,0,-60.709,-87.754,3.805
2012-05-05-21_57_47.262,262,0,20,1,-2.192,-87.787,4.014
2012-05-05-21_57_47.263,262,1,20,1,-11.212,-87.795,3.414
2012-05-05-21_57_47.264,262,2,20,1,-20.189,-87.707,2.914
2012-05-05-21_57_47.266,262,3,20,1,-29.243,-87.803,3.114
2012-05-05-21_57_47.266,262,4,20,1,-38.230,-87.777,2.614
2012-05-05-21_57_47.267,262,5,20,1,-47.245,-87.840,2.914
2012-05-05-21_57_47.268,262,6,20,1,-56.244,-87.843,3.114
2012-05-05-21_57_47.269,262,7,20,1,-65.166,-87.761,3.814
2012-05-05-21_57_47.270,262,0,21,0,2.265,-92.280,4.024
2012-05-05-21_57_47.272,262,1,21,0,-6.751,-92.291,3.424
2012-05-05-21_57_47.273,262,2,21,0,-15.732,-92.200,3.024
2012-05-05-21_57_47.274,262,3,21,0,-24.787,-92.295,3.124
2012-05-05-21_57_47.275,262,4,21,0,-33.774,-92.270,2.624
2012-05-05-21_57_47.276,262,5,21,0,-42.788,-92.332,2.924
2012-05-05-21_57_47.278,262,6,21,0,-51.787,-92.336,3.024
2012-05-05-21_57_47.279,262,7,21,0,-60.709,-92.254,3.624
2012-05-05-21_57_47.280,262,0,21,1,-2.190,-92.289,4.037
2012-05-05-21_57_47.283,262,1,21,1,-11.213,-92.290,3.437
2012-05-05-21_57_47.284,262,2,21,1,-20.187,-92.209,2.937
2012-05-05-21_57_47.285,262,3,21,1,-29.241,-92.305,2.937
2012-05-05-21_57_47.286,262,4,21,1,-38.228,-92.280,2.437
2012-05-05-21_57_47.286,262,5,21,1,-47.243,-92.342,2.937
2012-05-05-21_57_47.287,262,6,21,1,-56.242,-92.346,3.037
2012-05-05-21_57_47.288,262,7,21,1,-65.164,-92.263,3.737
2012-05-05-21_57_47.289,262,0,22,0,2.267,-96.783,3.950
2012-05-05-21_57_47.290,262,1,22,0,-6.751,-96.788,3.550
2012-05-05-21_57_47.291,262,2,22,0,-15.730,-96.703,3.050
2012-05-05-21_57_47.292,262,3,22,0,-24.785,-96.799,3.150
2012-05-05-21_57_47.293,262,4,22,0,-33.772,-96.774,2.650
2012-05-05-21_57_47.294,262,5,22,0,-42.786,-96.836,2.950
2012-05-05-21_57_47.295,262,6,22,0,-51.785,-96.840,3.150
2012-05-05-21_57_47.296,262,7,22,0,-60.707,-96.757,3.750
2012-05-05-21_57_47.297,262,0,22,1,-2.190,-96.792,4.059
2012-05-05-21_57_47.298,262,1,22,1,-11.213,-96.789,3.558
2012-05-05-21_57_47.300,262,2,22,1,-20.187,-96.712,2.959
2012-05-05-21_57_47.301,262,3,22,1,-29.242,-96.808,3.059
2012-05-05-21_57_47.302,262,4,22,1,-38.229,-96.783,2.659
2012-05-05-21_57_47.303,262,5,22,1,-47.244,-96.845,2.959
2012-05-05-21_57_47.304,262,6,22,1,-56.242,-96.848,3.159
2012-05-05-21_57_47.306,262,7,22,1,-65.164,-96.766,3.859
2012-05-05-21_57_47.307,262,0,23,0,2.267,-101.282,4.068
2012-05-05-21_57_47.308,262,1,23,0,-6.754,-101.286,3.568
2012-05-05-21_57_47.308,262,2,23,0,-15.730,-101.202,2.968
2012-05-05-21_57_47.309,262,3,23,0,-24.785,-101.297,3.168
2012-05-05-21_57_47.310,262,4,23,0,-33.772,-101.272,2.668
2012-05-05-21_57_47.311,262,5,23,0,-42.787,-101.334,2.968
2012-05-05-21_57_47.312,262,6,23,0,-51.785,-101.338,2.968
2012-05-05-21_57_47.313,262,7,23,0,-60.707,-101.256,3.668
2012-05-05-21_57_47.314,262,0,23,1,-2.181,-101.280,4.068
2012-05-05-21_57_47.315,262,1,23,1,-11.211,-101.286,3.568
2012-05-05-21_57_47.316,262,2,23,1,-20.178,-101.200,2.968
2012-05-05-21_57_47.317,262,3,23,1,-29.232,-101.296,2.968
2012-05-05-21_57_47.319,262,4,23,1,-38.219,-101.271,2.668
2012-05-05-21_57_47.320,262,5,23,1,-47.234,-101.333,2.968
2012-05-05-21_57_47.321,262,6,23,1,-56.233,-101.336,3.068
2012-05-05-21_57_47.322,262,7,23,1,-65.155,-101.254,3.768
