2012-05-09-15_32_32.674,4,0,0,0,2.253,2.204,NaN
2012-05-09-15_32_32.676,4,1,0,0,-6.767,2.210,NaN
2012-05-09-15_32_32.678,4,2,0,0,-15.788,2.231,NaN
2012-05-09-15_32_32.680,4,3,0,0,-24.831,2.238,NaN
2012-05-09-15_32_32.682,4,4,0,0,-33.829,2.230,NaN
2012-05-09-15_32_32.684,4,5,0,0,-42.759,2.185,NaN
2012-05-09-15_32_32.686,4,6,0,0,-51.784,2.193,NaN
2012-05-09-15_32_32.688,4,7,0,0,-60.798,2.217,NaN
2012-05-09-15_32_32.689,4,0,1,0,2.253,-2.302,NaN
2012-05-09-15_32_32.691,4,1,1,0,-6.766,-2.297,NaN
2012-05-09-15_32_32.693,4,2,1,0,-15.780,-2.270,NaN
2012-05-09-15_32_32.695,4,4,1,0,-33.771,-2.330,NaN
2012-05-09-15_32_32.697,4,5,1,0,-42.758,-2.321,NaN
2012-05-09-15_32_32.699,4,6,1,0,-51.801,-2.279,NaN
2012-05-09-15_32_32.701,4,7,1,0,-60.796,-2.323,NaN
