2012-05-04-22_50_10.844,133,0,0,0,2.256,2.217,1.665
2012-05-04-22_50_10.845,133,0,0,0,2.296,2.304,1.664
2012-05-04-22_50_10.846,133,0,0,0,2.193,2.246,1.564
2012-05-04-22_50_10.846,133,1,0,0,-6.755,2.208,2.265
2012-05-04-22_50_10.847,133,1,0,0,-6.830,2.233,2.164
2012-05-04-22_50_10.848,133,1,0,0,-6.774,2.285,2.164
2012-05-04-22_50_10.848,133,2,0,0,-15.709,2.287,1.765
2012-05-04-22_50_10.849,133,2,0,0,-15.772,2.316,1.664
2012-05-04-22_50_10.850,133,2,0,0,-15.716,2.361,1.664
2012-05-04-22_50_10.850,133,3,0,0,-24.731,2.205,2.865
2012-05-04-22_50_10.851,133,3,0,0,-24.691,2.292,2.864
2012-05-04-22_50_10.852,133,3,0,0,-24.794,2.234,2.864
2012-05-04-22_50_10.853,133,4,0,0,-33.728,2.203,1.765
2012-05-04-22_50_10.854,133,4,0,0,-33.688,2.290,1.764
2012-05-04-22_50_10.855,133,4,0,0,-33.791,2.232,1.764
2012-05-04-22_50_10.855,133,5,0,0,-42.732,2.205,2.164
2012-05-04-22_50_10.856,133,5,0,0,-42.683,2.165,2.164
2012-05-04-22_50_10.857,133,5,0,0,-42.778,2.191,2.164
2012-05-04-22_50_10.858,133,6,0,0,-51.773,2.142,1.565
2012-05-04-22_50_10.859,133,6,0,0,-51.733,2.230,1.464
2012-05-04-22_50_10.859,133,6,0,0,-51.836,2.172,1.464
2012-05-04-22_50_10.860,133,7,0,0,-60.668,2.206,2.365
2012-05-04-22_50_10.861,133,7,0,0,-60.731,2.235,2.364
2012-05-04-22_50_10.862,133,7,0,0,-60.675,2.280,2.364
2012-05-04-22_50_10.882,133,0,0,1,-2.192,2.209,2.365
2012-05-04-22_50_10.883,133,0,0,1,-2.167,2.305,2.265
2012-05-04-22_50_10.884,133,0,0,1,-2.260,2.232,2.365
2012-05-04-22_50_10.884,133,1,0,1,-11.207,2.207,2.465
2012-05-04-22_50_10.885,133,1,0,1,-11.341,2.273,2.465
2012-05-04-22_50_10.885,133,1,0,1,-11.231,2.286,2.465
2012-05-04-22_50_10.886,133,2,0,1,-20.157,2.279,1.865
2012-05-04-22_50_10.887,133,2,0,1,-20.225,2.302,1.865
2012-05-04-22_50_10.888,133,2,0,1,-20.232,2.302,1.865
2012-05-04-22_50_10.888,133,3,0,1,-29.179,2.197,2.665
2012-05-04-22_50_10.890,133,3,0,1,-29.153,2.293,2.865
2012-05-04-22_50_10.890,133,3,0,1,-29.247,2.220,2.665
2012-05-04-22_50_10.891,133,4,0,1,-38.175,2.195,2.365
2012-05-04-22_50_10.892,133,4,0,1,-38.150,2.291,2.365
2012-05-04-22_50_10.893,133,4,0,1,-38.243,2.218,2.365
2012-05-04-22_50_10.893,133,5,0,1,-47.194,2.205,1.265
2012-05-04-22_50_10.894,133,5,0,1,-47.274,2.227,1.365
2012-05-04-22_50_10.895,133,5,0,1,-47.247,2.203,1.265
2012-05-04-22_50_10.895,133,6,0,1,-56.221,2.134,2.265
2012-05-04-22_50_10.896,133,6,0,1,-56.195,2.230,2.265
2012-05-04-22_50_10.896,133,6,0,1,-56.289,2.157,2.265
2012-05-04-22_50_10.897,133,7,0,1,-65.183,2.221,1.465
2012-05-04-22_50_10.898,133,7,0,1,-65.191,2.221,1.465
2012-05-04-22_50_10.898,133,7,0,1,-65.171,2.316,1.465
2012-05-04-22_50_10.899,133,0,1,0,2.270,-2.283,1.678
2012-05-04-22_50_10.900,133,0,1,0,2.295,-2.189,1.678
2012-05-04-22_50_10.900,133,0,1,0,2.195,-2.258,1.578
2012-05-04-22_50_10.901,133,1,1,0,-6.750,-2.295,1.578
2012-05-04-22_50_10.901,133,1,1,0,-6.828,-2.268,1.478
2012-05-04-22_50_10.902,133,1,1,0,-6.772,-2.209,1.578
2012-05-04-22_50_10.903,133,2,1,0,-15.695,-2.213,1.178
2012-05-04-22_50_10.903,133,2,1,0,-15.770,-2.188,1.278
2012-05-04-22_50_10.912,133,2,1,0,-15.746,-2.198,1.178
2012-05-04-22_50_10.913,133,3,1,0,-24.717,-2.295,1.278
2012-05-04-22_50_10.914,133,3,1,0,-24.692,-2.201,1.278
2012-05-04-22_50_10.915,133,3,1,0,-24.792,-2.270,1.178
2012-05-04-22_50_10.915,133,4,1,0,-33.713,-2.297,0.578
2012-05-04-22_50_10.916,133,4,1,0,-33.688,-2.203,0.578
2012-05-04-22_50_10.917,133,4,1,0,-33.789,-2.272,0.578
2012-05-04-22_50_10.917,133,5,1,0,-42.732,-2.289,1.378
2012-05-04-22_50_10.918,133,5,1,0,-42.681,-2.336,1.378
2012-05-04-22_50_10.919,133,5,1,0,-42.776,-2.304,1.378
2012-05-04-22_50_10.919,133,6,1,0,-51.759,-2.358,0.778
2012-05-04-22_50_10.920,133,6,1,0,-51.734,-2.264,0.678
2012-05-04-22_50_10.920,133,6,1,0,-51.834,-2.333,0.678
2012-05-04-22_50_10.921,133,7,1,0,-60.654,-2.294,1.578
2012-05-04-22_50_10.921,133,7,1,0,-60.729,-2.269,1.578
2012-05-04-22_50_10.922,133,7,1,0,-60.673,-2.215,1.578
2012-05-04-22_50_10.923,133,0,1,1,-2.192,-2.289,1.888
2012-05-04-22_50_10.923,133,0,1,1,-2.164,-2.189,1.888
2012-05-04-22_50_10.924,133,0,1,1,-2.263,-2.271,1.888
2012-05-04-22_50_10.924,133,1,1,1,-11.203,-2.295,1.188
2012-05-04-22_50_10.925,133,1,1,1,-11.339,-2.221,1.388
2012-05-04-22_50_10.925,133,1,1,1,-11.227,-2.208,1.288
2012-05-04-22_50_10.926,133,2,1,1,-20.157,-2.219,1.088
2012-05-04-22_50_10.926,133,2,1,1,-20.228,-2.201,1.088
2012-05-04-22_50_10.927,133,2,1,1,-20.232,-2.200,4.888
2012-05-04-22_50_10.927,133,3,1,1,-29.179,-2.301,0.888
2012-05-04-22_50_10.928,133,3,1,1,-29.151,-2.201,0.888
2012-05-04-22_50_10.928,133,3,1,1,-29.250,-2.283,0.988
2012-05-04-22_50_10.929,133,4,1,1,-38.176,-2.303,0.588
2012-05-04-22_50_10.929,133,4,1,1,-38.148,-2.203,0.588
2012-05-04-22_50_10.929,133,4,1,1,-38.246,-2.285,0.688
2012-05-04-22_50_10.930,133,5,1,1,-47.192,-2.289,0.888
2012-05-04-22_50_10.930,133,5,1,1,-47.277,-2.270,0.888
2012-05-04-22_50_10.931,133,5,1,1,-47.248,-2.292,0.788
2012-05-04-22_50_10.932,133,6,1,1,-56.221,-2.364,1.088
2012-05-04-22_50_10.932,133,6,1,1,-56.193,-2.264,0.988
2012-05-04-22_50_10.933,133,6,1,1,-56.292,-2.346,0.988
2012-05-04-22_50_10.933,133,7,1,1,-65.186,-2.282,1.488
2012-05-04-22_50_10.934,133,7,1,1,-65.191,-2.281,10.088
2012-05-04-22_50_10.934,133,7,1,1,-65.173,-2.180,1.588
2012-05-04-22_50_10.935,133,0,2,0,2.260,-6.780,1.802
2012-05-04-22_50_10.935,133,0,2,0,2.295,-6.689,1.802
2012-05-04-22_50_10.936,133,0,2,0,2.197,-6.759,1.802
2012-05-04-22_50_10.936,133,1,2,0,-6.748,-6.793,1.702
2012-05-04-22_50_10.937,133,1,2,0,-6.829,-6.773,1.702
2012-05-04-22_50_10.937,133,1,2,0,-6.770,-6.706,1.702
2012-05-04-22_50_10.938,133,2,2,0,-15.705,-6.710,0.902
2012-05-04-22_50_10.938,133,2,2,0,-15.768,-6.689,1.002
2012-05-04-22_50_10.939,133,2,2,0,-15.714,-6.637,0.902
2012-05-04-22_50_10.939,133,3,2,0,-24.727,-6.792,1.402
2012-05-04-22_50_10.940,133,3,2,0,-24.692,-6.701,1.402
2012-05-04-22_50_10.940,133,3,2,0,-24.790,-6.771,1.402
2012-05-04-22_50_10.941,133,4,2,0,-33.724,-6.794,0.802
2012-05-04-22_50_10.941,133,4,2,0,-33.689,-6.703,0.802
2012-05-04-22_50_10.942,133,4,2,0,-33.787,-6.773,0.702
2012-05-04-22_50_10.942,133,5,2,0,-42.733,-6.789,1.102
2012-05-04-22_50_10.942,133,5,2,0,-42.682,-6.841,1.102
2012-05-04-22_50_10.943,133,5,2,0,-42.777,-6.807,1.002
2012-05-04-22_50_10.943,133,6,2,0,-51.769,-6.855,1.002
2012-05-04-22_50_10.944,133,6,2,0,-51.734,-6.764,1.102
2012-05-04-22_50_10.944,133,6,2,0,-51.832,-6.834,1.002
2012-05-04-22_50_10.945,133,7,2,0,-60.664,-6.791,1.702
2012-05-04-22_50_10.945,133,7,2,0,-60.727,-6.770,1.702
2012-05-04-22_50_10.954,133,7,2,0,-60.673,-6.718,1.602
2012-05-04-22_50_10.955,133,0,2,1,-2.192,-6.787,1.810
2012-05-04-22_50_10.955,133,0,2,1,-2.165,-6.688,1.810
2012-05-04-22_50_10.956,133,0,2,1,-2.266,-6.769,1.810
2012-05-04-22_50_10.956,133,1,2,1,-11.203,-6.792,4.010
2012-05-04-22_50_10.957,133,1,2,1,-11.339,-6.720,1.710
2012-05-04-22_50_10.957,133,1,2,1,-11.229,-6.706,1.610
2012-05-04-22_50_10.958,133,2,2,1,-20.157,-6.717,0.910
2012-05-04-22_50_10.958,133,2,2,1,-20.230,-6.699,0.910
2012-05-04-22_50_10.959,133,2,2,1,-20.235,-6.697,0.910
2012-05-04-22_50_10.959,133,3,2,1,-29.179,-6.799,1.110
2012-05-04-22_50_10.960,133,3,2,1,-29.152,-6.701,1.110
2012-05-04-22_50_10.960,133,3,2,1,-29.252,-6.781,1.110
2012-05-04-22_50_10.961,133,4,2,1,-38.176,-6.801,0.710
2012-05-04-22_50_10.961,133,4,2,1,-38.148,-6.702,0.710
2012-05-04-22_50_10.962,133,4,2,1,-38.249,-6.783,0.710
2012-05-04-22_50_10.963,133,5,2,1,-47.192,-6.788,1.110
2012-05-04-22_50_10.964,133,5,2,1,-47.277,-6.766,1.110
2012-05-04-22_50_10.964,133,5,2,1,-47.248,-6.792,1.110
2012-05-04-22_50_10.965,133,6,2,1,-56.221,-6.861,1.110
2012-05-04-22_50_10.965,133,6,2,1,-56.194,-6.763,1.110
2012-05-04-22_50_10.966,133,6,2,1,-56.295,-6.843,1.110
2012-05-04-22_50_10.966,133,7,2,1,-65.189,-6.779,1.510
2012-05-04-22_50_10.967,133,7,2,1,-65.194,-6.778,1.510
2012-05-04-22_50_10.967,133,7,2,1,-65.174,-6.677,1.710
2012-05-04-22_50_10.968,133,0,3,0,2.269,-11.278,1.920
2012-05-04-22_50_10.968,133,0,3,0,2.294,-11.190,1.920
2012-05-04-22_50_10.968,133,0,3,0,2.194,-11.254,1.920
2012-05-04-22_50_10.969,133,1,3,0,-6.744,-11.289,1.720
2012-05-04-22_50_10.969,133,1,3,0,-6.829,-11.270,1.720
2012-05-04-22_50_10.970,133,1,3,0,-6.768,-11.205,1.820
2012-05-04-22_50_10.970,133,2,3,0,-15.696,-11.208,1.020
2012-05-04-22_50_10.971,133,2,3,0,-15.771,-11.184,1.020
2012-05-04-22_50_10.971,133,2,3,0,-15.715,-11.140,1.120
2012-05-04-22_50_10.972,133,3,3,0,-24.718,-11.290,1.420
2012-05-04-22_50_10.972,133,3,3,0,-24.693,-11.202,1.420
2012-05-04-22_50_10.973,133,3,3,0,-24.793,-11.267,1.420
2012-05-04-22_50_10.973,133,4,3,0,-33.714,-11.292,0.820
2012-05-04-22_50_10.974,133,4,3,0,-33.689,-11.204,0.820
2012-05-04-22_50_10.974,133,4,3,0,-33.790,-11.268,0.820
2012-05-04-22_50_10.975,133,5,3,0,-42.733,-11.290,1.020
2012-05-04-22_50_10.975,133,5,3,0,-42.682,-11.338,1.120
2012-05-04-22_50_10.976,133,5,3,0,-42.777,-11.310,1.120
2012-05-04-22_50_10.976,133,6,3,0,-51.760,-11.353,1.120
2012-05-04-22_50_10.977,133,6,3,0,-51.735,-11.265,1.120
2012-05-04-22_50_10.977,133,6,3,0,-51.835,-11.329,1.020
2012-05-04-22_50_10.978,133,7,3,0,-60.654,-11.289,1.720
2012-05-04-22_50_10.978,133,7,3,0,-60.730,-11.265,1.720
2012-05-04-22_50_10.979,133,7,3,0,-60.673,-11.221,1.720
2012-05-04-22_50_10.979,133,0,3,1,-2.188,-11.289,1.828
2012-05-04-22_50_10.980,133,0,3,1,-2.165,-11.191,1.827
2012-05-04-22_50_10.980,133,0,3,1,-2.266,-11.265,1.827
2012-05-04-22_50_10.981,133,1,3,1,-11.204,-11.289,1.628
2012-05-04-22_50_10.981,133,1,3,1,-11.340,-11.222,1.727
2012-05-04-22_50_10.982,133,1,3,1,-11.227,-11.205,1.727
2012-05-04-22_50_10.982,133,2,3,1,-20.153,-11.219,1.028
2012-05-04-22_50_10.983,133,2,3,1,-20.231,-11.195,1.027
2012-05-04-22_50_10.983,133,2,3,1,-20.236,-11.194,1.027
2012-05-04-22_50_10.983,133,3,3,1,-29.175,-11.301,1.128
2012-05-04-22_50_10.984,133,3,3,1,-29.152,-11.203,1.127
2012-05-04-22_50_10.984,133,3,3,1,-29.253,-11.277,1.227
2012-05-04-22_50_10.985,133,4,3,1,-38.171,-11.303,0.728
2012-05-04-22_50_10.985,133,4,3,1,-38.149,-11.205,0.727
2012-05-04-22_50_10.987,133,4,3,1,-38.249,-11.279,0.727
2012-05-04-22_50_10.987,133,5,3,1,-47.193,-11.291,1.127
2012-05-04-22_50_10.988,133,5,3,1,-47.278,-11.266,1.127
2012-05-04-22_50_10.988,133,5,3,1,-47.249,-11.292,1.127
2012-05-04-22_50_10.989,133,6,3,1,-56.217,-11.363,1.128
2012-05-04-22_50_10.989,133,6,3,1,-56.194,-11.265,1.127
2012-05-04-22_50_10.990,133,6,3,1,-56.295,-11.340,1.127
2012-05-04-22_50_10.990,133,7,3,1,-65.190,-11.276,1.827
2012-05-04-22_50_10.991,133,7,3,1,-65.194,-11.275,1.727
2012-05-04-22_50_10.991,133,7,3,1,-65.174,-11.177,1.827
2012-05-04-22_50_10.992,133,0,4,0,2.269,-15.781,2.039
2012-05-04-22_50_10.992,133,0,4,0,2.294,-15.697,2.039
2012-05-04-22_50_10.993,133,0,4,0,2.191,-15.753,2.039
2012-05-04-22_50_10.993,133,1,4,0,-6.739,-15.790,1.839
2012-05-04-22_50_10.994,133,1,4,0,-6.827,-15.769,1.839
2012-05-04-22_50_10.994,133,1,4,0,-6.766,-15.712,1.839
2012-05-04-22_50_10.995,133,2,4,0,-15.696,-15.711,1.139
2012-05-04-22_50_10.995,133,2,4,0,-15.774,-15.683,1.139
2012-05-04-22_50_10.996,133,2,4,0,-15.718,-15.642,1.139
2012-05-04-22_50_10.996,133,3,4,0,-24.718,-15.793,1.539
2012-05-04-22_50_10.996,133,3,4,0,-24.693,-15.709,1.539
2012-05-04-22_50_10.997,133,3,4,0,-24.796,-15.766,1.539
2012-05-04-22_50_10.997,133,4,4,0,-33.715,-15.795,0.839
2012-05-04-22_50_10.998,133,4,4,0,-33.690,-15.711,0.839
2012-05-04-22_50_10.998,133,4,4,0,-33.793,-15.767,0.839
2012-05-04-22_50_10.999,133,5,4,0,-42.733,-15.796,1.139
2012-05-04-22_50_10.999,133,5,4,0,-42.680,-15.837,1.139
2012-05-04-22_50_11.000,133,5,4,0,-42.780,-15.812,1.139
2012-05-04-22_50_11.000,133,6,4,0,-51.760,-15.856,1.139
2012-05-04-22_50_11.001,133,6,4,0,-51.735,-15.771,1.139
2012-05-04-22_50_11.001,133,6,4,0,-51.838,-15.828,1.039
2012-05-04-22_50_11.002,133,7,4,0,-60.655,-15.792,1.839
2012-05-04-22_50_11.003,133,7,4,0,-60.733,-15.764,1.839
2012-05-04-22_50_11.003,133,7,4,0,-60.676,-15.723,1.839
2012-05-04-22_50_11.004,133,0,4,1,-2.188,-15.793,1.950
2012-05-04-22_50_11.004,133,0,4,1,-2.161,-15.696,1.850
2012-05-04-22_50_11.004,133,0,4,1,-2.266,-15.766,1.950
2012-05-04-22_50_11.005,133,1,4,1,-11.206,-15.791,1.750
2012-05-04-22_50_11.005,133,1,4,1,-11.335,-15.728,1.750
2012-05-04-22_50_11.006,133,1,4,1,-11.228,-15.711,1.750
2012-05-04-22_50_11.006,133,2,4,1,-20.153,-15.723,1.150
2012-05-04-22_50_11.007,133,2,4,1,-20.231,-15.696,1.150
2012-05-04-22_50_11.007,133,2,4,1,-20.239,-15.695,1.150
2012-05-04-22_50_11.008,133,3,4,1,-29.175,-15.805,1.250
2012-05-04-22_50_11.008,133,3,4,1,-29.148,-15.708,1.250
2012-05-04-22_50_11.009,133,3,4,1,-29.253,-15.778,1.250
2012-05-04-22_50_11.009,133,4,4,1,-38.172,-15.807,0.850
2012-05-04-22_50_11.010,133,4,4,1,-38.144,-15.710,0.850
2012-05-04-22_50_11.010,133,4,4,1,-38.250,-15.780,0.850
2012-05-04-22_50_11.011,133,5,4,1,-47.188,-15.796,1.150
2012-05-04-22_50_11.011,133,5,4,1,-47.281,-15.770,1.150
2012-05-04-22_50_11.012,133,5,4,1,-47.249,-15.798,1.150
2012-05-04-22_50_11.013,133,6,4,1,-56.190,-15.771,1.250
2012-05-04-22_50_11.013,133,6,4,1,-56.295,-15.841,1.250
2012-05-04-22_50_11.014,133,6,4,1,-56.303,-15.840,1.250
2012-05-04-22_50_11.015,133,7,4,1,-65.190,-15.777,1.850
2012-05-04-22_50_11.016,133,7,4,1,-65.197,-15.776,1.750
2012-05-04-22_50_11.017,133,7,4,1,-65.177,-15.681,1.850
2012-05-04-22_50_11.017,133,0,5,0,2.266,-20.283,2.064
2012-05-04-22_50_11.018,133,0,5,0,2.296,-20.197,2.064
2012-05-04-22_50_11.019,133,0,5,0,2.188,-20.253,2.064
2012-05-04-22_50_11.020,133,1,5,0,-6.742,-20.294,1.864
2012-05-04-22_50_11.020,133,1,5,0,-6.825,-20.268,1.864
2012-05-04-22_50_11.022,133,1,5,0,-6.761,-20.216,1.764
2012-05-04-22_50_11.022,133,2,5,0,-15.699,-20.213,1.164
2012-05-04-22_50_11.023,133,2,5,0,-15.777,-20.183,1.164
2012-05-04-22_50_11.023,133,2,5,0,-15.718,-20.140,1.064
2012-05-04-22_50_11.024,133,3,5,0,-24.721,-20.295,1.564
2012-05-04-22_50_11.025,133,3,5,0,-24.691,-20.209,1.564
2012-05-04-22_50_11.025,133,3,5,0,-24.799,-20.266,1.564
2012-05-04-22_50_11.026,133,4,5,0,-33.718,-20.297,0.864
2012-05-04-22_50_11.026,133,4,5,0,-33.688,-20.211,0.864
2012-05-04-22_50_11.027,133,4,5,0,-33.795,-20.267,0.864
2012-05-04-22_50_11.027,133,5,5,0,-42.731,-20.297,1.164
2012-05-04-22_50_11.028,133,5,5,0,-42.678,-20.336,1.164
2012-05-04-22_50_11.028,133,5,5,0,-42.780,-20.310,1.164
2012-05-04-22_50_11.029,133,6,5,0,-51.763,-20.357,1.164
2012-05-04-22_50_11.030,133,6,5,0,-51.733,-20.272,1.164
2012-05-04-22_50_11.030,133,6,5,0,-51.841,-20.328,1.064
2012-05-04-22_50_11.031,133,7,5,0,-60.658,-20.294,1.864
2012-05-04-22_50_11.031,133,7,5,0,-60.736,-20.264,1.864
2012-05-04-22_50_11.031,133,7,5,0,-60.677,-20.221,1.864
2012-05-04-22_50_11.032,133,0,5,1,-2.186,-20.292,1.972
2012-05-04-22_50_11.032,133,0,5,1,-2.159,-20.196,1.972
2012-05-04-22_50_11.033,133,0,5,1,-2.262,-20.268,1.972
2012-05-04-22_50_11.033,133,1,5,1,-11.209,-20.294,1.772
2012-05-04-22_50_11.034,133,1,5,1,-11.333,-20.228,1.772
2012-05-04-22_50_11.034,133,1,5,1,-11.231,-20.215,1.772
2012-05-04-22_50_11.035,133,2,5,1,-20.151,-20.222,1.172
2012-05-04-22_50_11.035,133,2,5,1,-20.227,-20.197,1.072
2012-05-04-22_50_11.036,133,2,5,1,-20.234,-20.197,1.172
2012-05-04-22_50_11.036,133,3,5,1,-29.173,-20.304,1.272
2012-05-04-22_50_11.037,133,3,5,1,-29.146,-20.208,1.272
2012-05-04-22_50_11.037,133,3,5,1,-29.249,-20.280,1.272
2012-05-04-22_50_11.038,133,4,5,1,-38.170,-20.306,0.872
2012-05-04-22_50_11.038,133,4,5,1,-38.142,-20.210,0.872
2012-05-04-22_50_11.039,133,4,5,1,-38.245,-20.282,0.872
2012-05-04-22_50_11.039,133,5,5,1,-47.186,-20.296,1.172
2012-05-04-22_50_11.040,133,5,5,1,-47.279,-20.275,1.172
2012-05-04-22_50_11.040,133,5,5,1,-47.247,-20.297,1.172
2012-05-04-22_50_11.041,133,6,5,1,-56.188,-20.271,1.272
2012-05-04-22_50_11.041,133,6,5,1,-56.291,-20.342,1.272
2012-05-04-22_50_11.042,133,6,5,1,-56.298,-20.342,1.272
2012-05-04-22_50_11.042,133,7,5,1,-65.186,-20.278,1.672
2012-05-04-22_50_11.042,133,7,5,1,-65.193,-20.278,1.772
2012-05-04-22_50_11.043,133,7,5,1,-65.175,-20.186,1.872
2012-05-04-22_50_11.043,133,0,6,0,2.270,-24.783,1.881
2012-05-04-22_50_11.044,133,0,6,0,2.300,-24.690,1.881
2012-05-04-22_50_11.044,133,0,6,0,2.190,-24.757,1.881
2012-05-04-22_50_11.045,133,1,6,0,-6.743,-24.796,1.681
2012-05-04-22_50_11.046,133,1,6,0,-6.821,-24.770,1.681
2012-05-04-22_50_11.046,133,1,6,0,-6.762,-24.710,1.681
2012-05-04-22_50_11.047,133,2,6,0,-15.695,-24.713,1.081
2012-05-04-22_50_11.047,133,2,6,0,-15.775,-24.687,1.081
2012-05-04-22_50_11.048,133,2,6,0,-15.753,-24.698,1.081
2012-05-04-22_50_11.048,133,3,6,0,-24.717,-24.795,1.481
2012-05-04-22_50_11.049,133,3,6,0,-24.687,-24.703,1.481
2012-05-04-22_50_11.049,133,3,6,0,-24.797,-24.769,1.481
2012-05-04-22_50_11.050,133,4,6,0,-33.713,-24.797,0.881
2012-05-04-22_50_11.050,133,4,6,0,-33.683,-24.704,0.881
2012-05-04-22_50_11.051,133,4,6,0,-33.793,-24.771,0.881
2012-05-04-22_50_11.051,133,5,6,0,-42.727,-24.790,1.381
2012-05-04-22_50_11.052,133,5,6,0,-42.674,-24.838,1.381
2012-05-04-22_50_11.052,133,5,6,0,-42.778,-24.805,1.381
2012-05-04-22_50_11.052,133,6,6,0,-51.759,-24.857,1.281
2012-05-04-22_50_11.053,133,6,6,0,-51.729,-24.765,1.281
2012-05-04-22_50_11.055,133,6,6,0,-51.675,-24.812,1.281
2012-05-04-22_50_11.055,133,7,6,0,-60.653,-24.793,2.081
2012-05-04-22_50_11.056,133,7,6,0,-60.734,-24.768,2.081
2012-05-04-22_50_11.057,133,7,6,0,-60.675,-24.716,2.081
2012-05-04-22_50_11.057,133,0,6,1,-2.187,-24.788,1.890
2012-05-04-22_50_11.058,133,0,6,1,-2.162,-24.690,1.790
2012-05-04-22_50_11.059,133,0,6,1,-2.262,-24.770,1.890
2012-05-04-22_50_11.059,133,1,6,1,-11.212,-24.796,1.690
2012-05-04-22_50_11.060,133,1,6,1,-11.336,-24.722,1.690
2012-05-04-22_50_11.061,133,1,6,1,-11.231,-24.710,1.690
2012-05-04-22_50_11.061,133,2,6,1,-20.152,-24.718,1.090
2012-05-04-22_50_11.062,133,2,6,1,-20.227,-24.700,1.090
2012-05-04-22_50_11.062,133,2,6,1,-20.235,-24.699,1.090
2012-05-04-22_50_11.063,133,3,6,1,-29.174,-24.801,1.290
2012-05-04-22_50_11.063,133,3,6,1,-29.149,-24.702,1.390
2012-05-04-22_50_11.064,133,3,6,1,-29.249,-24.782,1.290
2012-05-04-22_50_11.064,133,4,6,1,-38.170,-24.802,0.890
2012-05-04-22_50_11.065,133,4,6,1,-38.145,-24.704,0.890
2012-05-04-22_50_11.065,133,4,6,1,-38.246,-24.784,0.990
2012-05-04-22_50_11.066,133,5,6,1,-47.189,-24.790,1.490
2012-05-04-22_50_11.066,133,5,6,1,-47.274,-24.770,1.390
2012-05-04-22_50_11.067,133,5,6,1,-47.243,-24.791,1.490
2012-05-04-22_50_11.067,133,6,6,1,-56.216,-24.863,1.290
2012-05-04-22_50_11.068,133,6,6,1,-56.191,-24.764,1.390
2012-05-04-22_50_11.068,133,6,6,1,-56.291,-24.844,1.290
2012-05-04-22_50_11.069,133,7,6,1,-65.186,-24.781,1.890
2012-05-04-22_50_11.069,133,7,6,1,-65.193,-24.780,1.890
2012-05-04-22_50_11.070,133,7,6,1,-65.171,-24.681,1.890
2012-05-04-22_50_11.070,133,0,7,0,2.263,-29.280,1.902
2012-05-04-22_50_11.071,133,0,7,0,2.302,-29.190,1.902
2012-05-04-22_50_11.072,133,0,7,0,2.192,-29.259,1.902
2012-05-04-22_50_11.073,133,1,7,0,-6.743,-29.293,1.702
2012-05-04-22_50_11.073,133,1,7,0,-6.819,-29.272,1.702
2012-05-04-22_50_11.074,133,1,7,0,-6.762,-29.206,1.702
2012-05-04-22_50_11.074,133,2,7,0,-15.702,-29.210,1.102
2012-05-04-22_50_11.075,133,2,7,0,-15.773,-29.189,1.102
2012-05-04-22_50_11.076,133,2,7,0,-15.714,-29.137,1.102
2012-05-04-22_50_11.076,133,3,7,0,-24.724,-29.292,1.502
2012-05-04-22_50_11.077,133,3,7,0,-24.685,-29.202,1.502
2012-05-04-22_50_11.077,133,3,7,0,-24.795,-29.271,1.402
2012-05-04-22_50_11.078,133,4,7,0,-33.721,-29.294,1.002
2012-05-04-22_50_11.078,133,4,7,0,-33.681,-29.204,1.002
2012-05-04-22_50_11.079,133,4,7,0,-33.791,-29.273,0.902
2012-05-04-22_50_11.079,133,5,7,0,-42.725,-29.290,1.402
2012-05-04-22_50_11.080,133,5,7,0,-42.672,-29.340,1.402
2012-05-04-22_50_11.080,133,5,7,0,-42.776,-29.307,1.402
2012-05-04-22_50_11.080,133,6,7,0,-51.766,-29.355,1.202
2012-05-04-22_50_11.081,133,6,7,0,-51.727,-29.264,1.302
2012-05-04-22_50_11.081,133,6,7,0,-51.673,-29.315,1.302
2012-05-04-22_50_11.082,133,7,7,0,-60.661,-29.291,2.102
2012-05-04-22_50_11.082,133,7,7,0,-60.732,-29.270,2.102
2012-05-04-22_50_11.083,133,7,7,0,-60.673,-29.218,2.102
2012-05-04-22_50_11.083,133,0,7,1,-2.187,-29.286,1.913
2012-05-04-22_50_11.084,133,0,7,1,-2.162,-29.189,1.913
2012-05-04-22_50_11.084,133,0,7,1,-2.260,-29.269,1.913
2012-05-04-22_50_11.085,133,1,7,1,-11.213,-29.292,1.713
2012-05-04-22_50_11.085,133,1,7,1,-11.337,-29.221,1.713
2012-05-04-22_50_11.086,133,1,7,1,-11.236,-29.206,1.713
2012-05-04-22_50_11.086,133,2,7,1,-20.152,-29.216,1.113
2012-05-04-22_50_11.087,133,2,7,1,-20.225,-29.199,1.113
2012-05-04-22_50_11.087,133,2,7,1,-20.233,-29.197,1.113
2012-05-04-22_50_11.088,133,3,7,1,-29.174,-29.298,1.313
2012-05-04-22_50_11.088,133,3,7,1,-29.149,-29.201,1.313
2012-05-04-22_50_11.089,133,3,7,1,-29.247,-29.281,1.313
2012-05-04-22_50_11.090,133,4,7,1,-38.171,-29.300,1.013
2012-05-04-22_50_11.090,133,4,7,1,-38.146,-29.203,1.013
2012-05-04-22_50_11.091,133,4,7,1,-38.244,-29.283,1.013
2012-05-04-22_50_11.091,133,5,7,1,-47.189,-29.289,1.513
2012-05-04-22_50_11.092,133,5,7,1,-47.275,-29.267,1.413
2012-05-04-22_50_11.092,133,5,7,1,-47.243,-29.293,1.513
2012-05-04-22_50_11.093,133,6,7,1,-56.216,-29.360,1.313
2012-05-04-22_50_11.093,133,6,7,1,-56.191,-29.264,1.313
2012-05-04-22_50_11.094,133,6,7,1,-56.289,-29.344,1.313
2012-05-04-22_50_11.094,133,7,7,1,-65.184,-29.280,2.013
2012-05-04-22_50_11.095,133,7,7,1,-65.191,-29.278,2.013
2012-05-04-22_50_11.095,133,7,7,1,-65.171,-29.178,2.113
2012-05-04-22_50_11.096,133,0,8,0,2.274,-33.778,1.927
2012-05-04-22_50_11.096,133,0,8,0,2.304,-33.688,1.927
2012-05-04-22_50_11.097,133,0,8,0,2.189,-33.755,1.927
2012-05-04-22_50_11.097,133,1,8,0,-6.746,-33.788,1.727
2012-05-04-22_50_11.098,133,1,8,0,-6.819,-33.769,1.727
2012-05-04-22_50_11.098,133,1,8,0,-6.765,-33.703,1.727
2012-05-04-22_50_11.099,133,2,8,0,-15.690,-33.708,1.127
2012-05-04-22_50_11.099,133,2,8,0,-15.776,-33.685,1.127
2012-05-04-22_50_11.100,133,2,8,0,-15.712,-33.638,1.127
2012-05-04-22_50_11.100,133,3,8,0,-24.712,-33.790,1.527
2012-05-04-22_50_11.101,133,3,8,0,-24.683,-33.700,1.527
2012-05-04-22_50_11.101,133,3,8,0,-24.798,-33.767,1.527
2012-05-04-22_50_11.102,133,4,8,0,-33.709,-33.792,1.027
2012-05-04-22_50_11.102,133,4,8,0,-33.679,-33.702,1.027
2012-05-04-22_50_11.102,133,4,8,0,-33.794,-33.769,1.027
2012-05-04-22_50_11.103,133,5,8,0,-42.723,-33.788,1.427
2012-05-04-22_50_11.103,133,5,8,0,-42.672,-33.837,1.427
2012-05-04-22_50_11.104,133,5,8,0,-42.774,-33.808,1.427
2012-05-04-22_50_11.104,133,6,8,0,-51.755,-33.853,1.327
2012-05-04-22_50_11.105,133,6,8,0,-51.725,-33.763,1.327
2012-05-04-22_50_11.105,133,6,8,0,-51.674,-33.811,1.327
2012-05-04-22_50_11.106,133,7,8,0,-60.649,-33.789,2.227
2012-05-04-22_50_11.106,133,7,8,0,-60.734,-33.766,2.227
2012-05-04-22_50_11.107,133,7,8,0,-60.671,-33.719,2.227
2012-05-04-22_50_11.107,133,0,8,1,-2.188,-33.787,1.936
2012-05-04-22_50_11.108,133,0,8,1,-2.165,-33.687,1.936
2012-05-04-22_50_11.108,133,0,8,1,-2.261,-33.766,1.835
2012-05-04-22_50_11.108,133,1,8,1,-11.213,-33.787,1.736
2012-05-04-22_50_11.109,133,1,8,1,-11.339,-33.719,1.736
2012-05-04-22_50_11.109,133,1,8,1,-11.237,-33.703,1.735
2012-05-04-22_50_11.110,133,2,8,1,-20.153,-33.717,1.136
2012-05-04-22_50_11.110,133,2,8,1,-20.226,-33.696,1.135
2012-05-04-22_50_11.111,133,2,8,1,-20.233,-33.692,1.135
2012-05-04-22_50_11.111,133,3,8,1,-29.175,-33.799,1.136
2012-05-04-22_50_11.112,133,3,8,1,-29.152,-33.699,1.236
2012-05-04-22_50_11.112,133,3,8,1,-29.248,-33.778,1.235
2012-05-04-22_50_11.113,133,4,8,1,-38.171,-33.801,0.936
2012-05-04-22_50_11.113,133,4,8,1,-38.148,-33.701,1.036
2012-05-04-22_50_11.114,133,4,8,1,-38.244,-33.780,1.035
2012-05-04-22_50_11.114,133,5,8,1,-47.192,-33.787,1.536
2012-05-04-22_50_11.115,133,5,8,1,-47.275,-33.764,1.535
2012-05-04-22_50_11.115,133,5,8,1,-47.246,-33.792,1.535
2012-05-04-22_50_11.115,133,6,8,1,-56.217,-33.862,1.336
2012-05-04-22_50_11.116,133,6,8,1,-56.194,-33.762,1.336
2012-05-04-22_50_11.116,133,6,8,1,-56.290,-33.840,1.335
2012-05-04-22_50_11.117,133,7,8,1,-65.184,-33.777,2.235
2012-05-04-22_50_11.117,133,7,8,1,-65.192,-33.773,2.235
2012-05-04-22_50_11.118,133,7,8,1,-65.171,-33.675,2.235
2012-05-04-22_50_11.118,133,0,9,0,2.274,-38.282,1.945
2012-05-04-22_50_11.119,133,0,9,0,2.304,-38.196,1.945
2012-05-04-22_50_11.121,133,0,9,0,2.191,-38.254,1.945
2012-05-04-22_50_11.121,133,1,9,0,-6.746,-38.290,1.845
2012-05-04-22_50_11.122,133,1,9,0,-6.822,-38.268,1.845
2012-05-04-22_50_11.122,133,1,9,0,-6.765,-38.211,1.845
2012-05-04-22_50_11.123,133,2,9,0,-15.691,-38.212,1.245
2012-05-04-22_50_11.124,133,2,9,0,-15.774,-38.184,1.145
2012-05-04-22_50_11.125,133,2,9,0,-15.710,-38.141,1.245
2012-05-04-22_50_11.126,133,3,9,0,-24.713,-38.294,1.645
2012-05-04-22_50_11.126,133,3,9,0,-24.683,-38.208,1.645
2012-05-04-22_50_11.127,133,3,9,0,-24.796,-38.266,1.645
2012-05-04-22_50_11.127,133,4,9,0,-33.710,-38.296,0.945
2012-05-04-22_50_11.128,133,4,9,0,-33.680,-38.210,0.945
2012-05-04-22_50_11.128,133,4,9,0,-33.792,-38.268,0.945
2012-05-04-22_50_11.129,133,5,9,0,-42.723,-38.296,1.445
2012-05-04-22_50_11.129,133,5,9,0,-42.675,-38.336,1.445
2012-05-04-22_50_11.130,133,5,9,0,-42.772,-38.311,1.445
2012-05-04-22_50_11.130,133,6,9,0,-51.755,-38.357,1.345
2012-05-04-22_50_11.131,133,6,9,0,-51.725,-38.270,1.345
2012-05-04-22_50_11.131,133,6,9,0,-51.838,-38.329,1.345
2012-05-04-22_50_11.132,133,7,9,0,-60.650,-38.293,2.145
2012-05-04-22_50_11.132,133,7,9,0,-60.732,-38.265,2.145
2012-05-04-22_50_11.132,133,7,9,0,-60.669,-38.222,2.145
2012-05-04-22_50_11.133,133,0,9,1,-2.191,-38.293,1.954
2012-05-04-22_50_11.134,133,0,9,1,-2.168,-38.196,1.954
2012-05-04-22_50_11.134,133,0,9,1,-2.261,-38.267,1.954
2012-05-04-22_50_11.134,133,1,9,1,-11.213,-38.290,1.854
2012-05-04-22_50_11.135,133,1,9,1,-11.342,-38.227,1.854
2012-05-04-22_50_11.136,133,1,9,1,-11.235,-38.210,1.854
2012-05-04-22_50_11.136,133,2,9,1,-20.155,-38.223,1.254
2012-05-04-22_50_11.137,133,2,9,1,-20.226,-38.197,1.254
2012-05-04-22_50_11.137,133,2,9,1,-20.233,-38.195,1.254
2012-05-04-22_50_11.138,133,3,9,1,-29.178,-38.305,1.454
2012-05-04-22_50_11.138,133,3,9,1,-29.155,-38.208,1.554
2012-05-04-22_50_11.139,133,3,9,1,-29.248,-38.279,1.454
2012-05-04-22_50_11.139,133,4,9,1,-38.174,-38.307,1.054
2012-05-04-22_50_11.140,133,4,9,1,-38.151,-38.210,1.054
2012-05-04-22_50_11.140,133,4,9,1,-38.245,-38.281,0.954
2012-05-04-22_50_11.141,133,5,9,1,-47.195,-38.296,1.554
2012-05-04-22_50_11.141,133,5,9,1,-47.276,-38.270,1.554
2012-05-04-22_50_11.142,133,5,9,1,-47.246,-38.299,1.554
2012-05-04-22_50_11.142,133,6,9,1,-56.197,-38.270,1.354
2012-05-04-22_50_11.143,133,6,9,1,-56.290,-38.341,1.354
2012-05-04-22_50_11.143,133,6,9,1,-56.297,-38.340,1.354
2012-05-04-22_50_11.144,133,7,9,1,-65.185,-38.278,2.254
2012-05-04-22_50_11.144,133,7,9,1,-65.192,-38.276,2.254
2012-05-04-22_50_11.145,133,7,9,1,-65.172,-38.181,2.254
2012-05-04-22_50_11.145,133,0,10,0,2.276,-42.783,1.966
2012-05-04-22_50_11.145,133,0,10,0,2.301,-42.696,1.966
2012-05-04-22_50_11.146,133,0,10,0,2.193,-42.754,1.966
2012-05-04-22_50_11.146,133,1,10,0,-6.749,-42.793,1.766
2012-05-04-22_50_11.147,133,1,10,0,-6.825,-42.767,1.766
2012-05-04-22_50_11.147,133,1,10,0,-6.771,-42.715,1.766
2012-05-04-22_50_11.148,133,2,10,0,-15.689,-42.713,1.166
2012-05-04-22_50_11.149,133,2,10,0,-15.772,-42.684,1.266
2012-05-04-22_50_11.150,133,2,10,0,-15.708,-42.639,1.166
2012-05-04-22_50_11.150,133,3,10,0,-24.711,-42.795,1.666
2012-05-04-22_50_11.151,133,3,10,0,-24.686,-42.708,1.566
2012-05-04-22_50_11.151,133,3,10,0,-24.794,-42.766,1.566
2012-05-04-22_50_11.152,133,4,10,0,-33.707,-42.797,1.066
2012-05-04-22_50_11.152,133,4,10,0,-33.682,-42.710,0.966
2012-05-04-22_50_11.153,133,4,10,0,-33.790,-42.768,0.966
2012-05-04-22_50_11.153,133,5,10,0,-42.726,-42.795,1.466
2012-05-04-22_50_11.154,133,5,10,0,-42.678,-42.835,1.466
2012-05-04-22_50_11.154,133,5,10,0,-42.770,-42.809,1.366
2012-05-04-22_50_11.155,133,6,10,0,-51.753,-42.857,1.366
2012-05-04-22_50_11.156,133,6,10,0,-51.728,-42.770,1.266
2012-05-04-22_50_11.156,133,6,10,0,-51.836,-42.829,1.266
2012-05-04-22_50_11.157,133,7,10,0,-60.648,-42.794,2.266
2012-05-04-22_50_11.157,133,7,10,0,-60.730,-42.765,2.266
2012-05-04-22_50_11.158,133,7,10,0,-60.667,-42.720,2.166
2012-05-04-22_50_11.158,133,0,10,1,-2.191,-42.791,1.978
2012-05-04-22_50_11.159,133,0,10,1,-2.168,-42.695,1.978
2012-05-04-22_50_11.159,133,0,10,1,-2.262,-42.768,1.878
2012-05-04-22_50_11.160,133,1,10,1,-11.214,-42.794,1.878
2012-05-04-22_50_11.160,133,1,10,1,-11.343,-42.727,1.878
2012-05-04-22_50_11.161,133,1,10,1,-11.235,-42.714,1.878
2012-05-04-22_50_11.161,133,2,10,1,-20.156,-42.721,1.278
2012-05-04-22_50_11.162,133,2,10,1,-20.226,-42.698,1.278
2012-05-04-22_50_11.162,133,2,10,1,-20.234,-42.697,1.278
2012-05-04-22_50_11.163,133,3,10,1,-29.178,-42.803,1.378
2012-05-04-22_50_11.163,133,3,10,1,-29.155,-42.707,1.378
2012-05-04-22_50_11.164,133,3,10,1,-29.249,-42.781,1.378
2012-05-04-22_50_11.164,133,4,10,1,-38.174,-42.805,1.078
2012-05-04-22_50_11.165,133,4,10,1,-38.152,-42.709,1.078
2012-05-04-22_50_11.165,133,4,10,1,-38.245,-42.782,1.078
2012-05-04-22_50_11.166,133,5,10,1,-47.196,-42.795,1.578
2012-05-04-22_50_11.166,133,5,10,1,-47.276,-42.774,1.578
2012-05-04-22_50_11.167,133,5,10,1,-47.249,-42.797,1.478
2012-05-04-22_50_11.167,133,6,10,1,-56.220,-42.866,1.378
2012-05-04-22_50_11.168,133,6,10,1,-56.197,-42.770,1.378
2012-05-04-22_50_11.168,133,6,10,1,-56.291,-42.843,1.378
2012-05-04-22_50_11.169,133,7,10,1,-65.185,-42.779,2.278
2012-05-04-22_50_11.169,133,7,10,1,-65.193,-42.778,2.278
2012-05-04-22_50_11.170,133,7,10,1,-65.172,-42.685,2.278
2012-05-04-22_50_11.170,133,0,11,0,2.278,-47.282,1.990
2012-05-04-22_50_11.171,133,0,11,0,2.301,-47.190,1.990
2012-05-04-22_50_11.171,133,0,11,0,2.195,-47.257,1.990
2012-05-04-22_50_11.172,133,1,11,0,-6.750,-47.295,1.890
2012-05-04-22_50_11.172,133,1,11,0,-6.825,-47.269,1.790
2012-05-04-22_50_11.173,133,1,11,0,-6.774,-47.209,1.790
2012-05-04-22_50_11.173,133,2,11,0,-15.687,-47.212,1.190
2012-05-04-22_50_11.174,133,2,11,0,-15.770,-47.187,1.190
2012-05-04-22_50_11.174,133,2,11,0,-15.743,-47.197,1.190
2012-05-04-22_50_11.175,133,3,11,0,-24.709,-47.294,1.690
2012-05-04-22_50_11.175,133,3,11,0,-24.686,-47.202,1.690
2012-05-04-22_50_11.177,133,3,11,0,-24.792,-47.269,1.690
2012-05-04-22_50_11.177,133,4,11,0,-33.705,-47.296,1.090
2012-05-04-22_50_11.178,133,4,11,0,-33.683,-47.204,1.090
2012-05-04-22_50_11.179,133,4,11,0,-33.788,-47.271,0.990
2012-05-04-22_50_11.180,133,5,11,0,-42.727,-47.290,1.390
2012-05-04-22_50_11.180,133,5,11,0,-42.678,-47.337,1.490
2012-05-04-22_50_11.181,133,5,11,0,-42.771,-47.304,1.390
2012-05-04-22_50_11.182,133,6,11,0,-51.751,-47.357,1.290
2012-05-04-22_50_11.183,133,6,11,0,-51.728,-47.265,1.390
2012-05-04-22_50_11.183,133,6,11,0,-51.834,-47.332,1.290
2012-05-04-22_50_11.184,133,7,11,0,-60.646,-47.293,2.190
2012-05-04-22_50_11.184,133,7,11,0,-60.728,-47.268,2.290
2012-05-04-22_50_11.185,133,7,11,0,-60.667,-47.215,2.190
2012-05-04-22_50_11.185,133,0,11,1,-2.191,-47.289,1.999
2012-05-04-22_50_11.186,133,0,11,1,-2.169,-47.189,1.999
2012-05-04-22_50_11.186,133,0,11,1,-2.262,-47.270,1.999
2012-05-04-22_50_11.187,133,1,11,1,-11.212,-47.295,1.799
2012-05-04-22_50_11.187,133,1,11,1,-11.343,-47.221,1.899
2012-05-04-22_50_11.188,133,1,11,1,-11.236,-47.209,1.799
2012-05-04-22_50_11.188,133,2,11,1,-20.156,-47.219,1.299
2012-05-04-22_50_11.189,133,2,11,1,-20.227,-47.200,1.299
2012-05-04-22_50_11.189,133,2,11,1,-20.232,-47.199,1.299
2012-05-04-22_50_11.191,133,3,11,1,-29.178,-47.301,1.299
2012-05-04-22_50_11.191,133,3,11,1,-29.156,-47.201,1.599
2012-05-04-22_50_11.192,133,3,11,1,-29.249,-47.282,1.399
2012-05-04-22_50_11.192,133,4,11,1,-38.175,-47.303,1.099
2012-05-04-22_50_11.193,133,4,11,1,-38.152,-47.203,1.099
2012-05-04-22_50_11.193,133,4,11,1,-38.246,-47.284,1.099
2012-05-04-22_50_11.194,133,5,11,1,-47.196,-47.289,1.499
2012-05-04-22_50_11.194,133,5,11,1,-47.276,-47.270,1.599
2012-05-04-22_50_11.195,133,5,11,1,-47.247,-47.291,1.499
2012-05-04-22_50_11.195,133,6,11,1,-56.220,-47.364,1.399
2012-05-04-22_50_11.196,133,6,11,1,-56.198,-47.264,1.399
2012-05-04-22_50_11.196,133,6,11,1,-56.291,-47.345,1.399
2012-05-04-22_50_11.197,133,7,11,1,-65.186,-47.281,2.299
2012-05-04-22_50_11.197,133,7,11,1,-65.191,-47.280,2.299
2012-05-04-22_50_11.198,133,7,11,1,-65.173,-47.181,2.299
2012-05-04-22_50_11.198,133,0,12,0,2.268,-51.780,2.107
2012-05-04-22_50_11.199,133,0,12,0,2.303,-51.690,2.208
2012-05-04-22_50_11.199,133,0,12,0,2.195,-51.759,2.208
2012-05-04-22_50_11.200,133,1,12,0,-6.753,-51.794,1.908
2012-05-04-22_50_11.200,133,1,12,0,-6.828,-51.774,1.908
2012-05-04-22_50_11.201,133,1,12,0,-6.772,-51.707,1.908
2012-05-04-22_50_11.201,133,2,12,0,-15.697,-51.710,1.307
2012-05-04-22_50_11.202,133,2,12,0,-15.770,-51.689,1.208
2012-05-04-22_50_11.202,133,2,12,0,-15.709,-51.639,1.208
2012-05-04-22_50_11.203,133,3,12,0,-24.719,-51.792,1.707
2012-05-04-22_50_11.203,133,3,12,0,-24.684,-51.702,1.708
2012-05-04-22_50_11.204,133,3,12,0,-24.792,-51.771,1.708
2012-05-04-22_50_11.204,133,4,12,0,-33.716,-51.794,1.107
2012-05-04-22_50_11.205,133,4,12,0,-33.681,-51.704,1.108
2012-05-04-22_50_11.205,133,4,12,0,-33.789,-51.773,1.108
2012-05-04-22_50_11.206,133,5,12,0,-42.725,-51.790,1.408
2012-05-04-22_50_11.206,133,5,12,0,-42.681,-51.842,1.308
2012-05-04-22_50_11.207,133,5,12,0,-42.771,-51.809,1.408
2012-05-04-22_50_11.207,133,6,12,0,-51.761,-51.854,1.307
2012-05-04-22_50_11.207,133,6,12,0,-51.726,-51.765,1.308
2012-05-04-22_50_11.208,133,6,12,0,-51.834,-51.833,1.308
2012-05-04-22_50_11.208,133,7,12,0,-60.656,-51.790,2.207
2012-05-04-22_50_11.209,133,7,12,0,-60.729,-51.769,2.208
2012-05-04-22_50_11.209,133,7,12,0,-60.667,-51.720,2.208
2012-05-04-22_50_11.210,133,0,12,1,-2.194,-51.786,2.116
2012-05-04-22_50_11.210,133,0,12,1,-2.169,-51.690,2.116
2012-05-04-22_50_11.211,133,0,12,1,-2.262,-51.768,2.116
2012-05-04-22_50_11.211,133,1,12,1,-11.212,-51.793,1.816
2012-05-04-22_50_11.212,133,1,12,1,-11.344,-51.722,1.816
2012-05-04-22_50_11.212,133,1,12,1,-11.234,-51.707,1.916
2012-05-04-22_50_11.213,133,2,12,1,-20.159,-51.716,1.216
2012-05-04-22_50_11.213,133,2,12,1,-20.227,-51.698,1.216
2012-05-04-22_50_11.214,133,2,12,1,-20.235,-51.697,1.216
2012-05-04-22_50_11.214,133,3,12,1,-29.181,-51.799,1.316
2012-05-04-22_50_11.215,133,3,12,1,-29.156,-51.702,1.616
2012-05-04-22_50_11.215,133,3,12,1,-29.249,-51.781,1.616
2012-05-04-22_50_11.216,133,4,12,1,-38.178,-51.800,1.116
2012-05-04-22_50_11.216,133,4,12,1,-38.153,-51.704,1.016
2012-05-04-22_50_11.217,133,4,12,1,-38.246,-51.782,1.116
2012-05-04-22_50_11.217,133,5,12,1,-47.196,-51.790,1.316
2012-05-04-22_50_11.218,133,5,12,1,-47.277,-51.767,1.316
2012-05-04-22_50_11.218,133,5,12,1,-47.250,-51.792,1.316
2012-05-04-22_50_11.219,133,6,12,1,-56.223,-51.861,1.416
2012-05-04-22_50_11.219,133,6,12,1,-56.198,-51.765,1.416
2012-05-04-22_50_11.220,133,6,12,1,-56.291,-51.843,1.316
2012-05-04-22_50_11.220,133,7,12,1,-65.186,-51.779,2.216
2012-05-04-22_50_11.221,133,7,12,1,-65.193,-51.778,2.216
2012-05-04-22_50_11.221,133,7,12,1,-65.173,-51.678,2.216
2012-05-04-22_50_11.222,133,0,13,0,2.275,-56.278,2.227
2012-05-04-22_50_11.223,133,0,13,0,2.300,-56.191,2.227
2012-05-04-22_50_11.224,133,0,13,0,2.199,-56.254,2.127
2012-05-04-22_50_11.224,133,1,13,0,-6.753,-56.289,1.927
2012-05-04-22_50_11.225,133,1,13,0,-6.829,-56.270,1.927
2012-05-04-22_50_11.225,133,1,13,0,-6.774,-56.205,1.927
2012-05-04-22_50_11.226,133,2,13,0,-15.690,-56.208,1.327
2012-05-04-22_50_11.226,133,2,13,0,-15.766,-56.184,1.227
2012-05-04-22_50_11.227,133,2,13,0,-15.712,-56.140,1.227
2012-05-04-22_50_11.227,133,3,13,0,-24.712,-56.290,1.727
2012-05-04-22_50_11.228,133,3,13,0,-24.687,-56.203,1.627
2012-05-04-22_50_11.228,133,3,13,0,-24.788,-56.267,1.727
2012-05-04-22_50_11.229,133,4,13,0,-33.709,-56.292,1.127
2012-05-04-22_50_11.229,133,4,13,0,-33.684,-56.205,1.127
2012-05-04-22_50_11.230,133,4,13,0,-33.784,-56.268,1.127
2012-05-04-22_50_11.230,133,5,13,0,-42.727,-56.291,1.527
2012-05-04-22_50_11.232,133,5,13,0,-42.681,-56.338,1.327
2012-05-04-22_50_11.232,133,5,13,0,-42.774,-56.310,1.427
2012-05-04-22_50_11.233,133,6,13,0,-51.754,-56.353,1.327
2012-05-04-22_50_11.233,133,6,13,0,-51.729,-56.265,1.327
2012-05-04-22_50_11.234,133,6,13,0,-51.830,-56.329,1.327
2012-05-04-22_50_11.234,133,7,13,0,-60.649,-56.289,3.327
2012-05-04-22_50_11.235,133,7,13,0,-60.724,-56.265,6.627
2012-05-04-22_50_11.236,133,7,13,0,-60.670,-56.221,4.227
2012-05-04-22_50_11.236,133,0,13,1,-2.197,-56.289,2.139
2012-05-04-22_50_11.237,133,0,13,1,-2.172,-56.190,2.039
2012-05-04-22_50_11.237,133,0,13,1,-2.265,-56.265,2.039
2012-05-04-22_50_11.238,133,1,13,1,-11.210,-56.289,1.939
2012-05-04-22_50_11.238,133,1,13,1,-11.346,-56.222,1.939
2012-05-04-22_50_11.238,133,1,13,1,-11.236,-56.204,1.939
2012-05-04-22_50_11.239,133,2,13,1,-20.162,-56.219,1.339
2012-05-04-22_50_11.239,133,2,13,1,-20.230,-56.194,1.239
2012-05-04-22_50_11.240,133,2,13,1,-20.237,-56.194,1.239
2012-05-04-22_50_11.240,133,3,13,1,-29.184,-56.301,1.439
2012-05-04-22_50_11.241,133,3,13,1,-29.159,-56.203,1.639
2012-05-04-22_50_11.241,133,3,13,1,-29.252,-56.277,1.439
2012-05-04-22_50_11.242,133,4,13,1,-38.181,-56.303,1.039
2012-05-04-22_50_11.242,133,4,13,1,-38.155,-56.204,1.139
2012-05-04-22_50_11.243,133,4,13,1,-38.249,-56.279,1.039
2012-05-04-22_50_11.243,133,5,13,1,-47.199,-56.290,1.539
2012-05-04-22_50_11.244,133,5,13,1,-47.280,-56.266,1.639
2012-05-04-22_50_11.244,133,5,13,1,-47.251,-56.292,1.539
2012-05-04-22_50_11.245,133,6,13,1,-56.226,-56.364,1.439
2012-05-04-22_50_11.245,133,6,13,1,-56.201,-56.265,1.439
2012-05-04-22_50_11.246,133,6,13,1,-56.294,-56.339,1.439
2012-05-04-22_50_11.246,133,7,13,1,-65.189,-56.275,2.239
2012-05-04-22_50_11.247,133,7,13,1,-65.196,-56.275,2.239
2012-05-04-22_50_11.247,133,7,13,1,-65.176,-56.176,2.239
2012-05-04-22_50_11.248,133,0,14,0,2.272,-60.782,2.151
2012-05-04-22_50_11.248,133,0,14,0,2.299,-60.696,2.151
2012-05-04-22_50_11.248,133,0,14,0,2.199,-60.753,2.152
2012-05-04-22_50_11.249,133,1,14,0,-6.753,-60.790,1.951
2012-05-04-22_50_11.249,133,1,14,0,-6.831,-60.769,1.952
2012-05-04-22_50_11.250,133,1,14,0,-6.775,-60.712,1.952
2012-05-04-22_50_11.250,133,2,14,0,-15.693,-60.712,1.351
2012-05-04-22_50_11.251,133,2,14,0,-15.766,-60.683,1.252
2012-05-04-22_50_11.251,133,2,14,0,-15.710,-60.642,1.352
2012-05-04-22_50_11.252,133,3,14,0,-24.715,-60.794,1.651
2012-05-04-22_50_11.252,133,3,14,0,-24.688,-60.708,1.651
2012-05-04-22_50_11.253,133,3,14,0,-24.788,-60.765,1.652
2012-05-04-22_50_11.253,133,4,14,0,-33.712,-60.796,1.051
2012-05-04-22_50_11.253,133,4,14,0,-33.684,-60.710,1.051
2012-05-04-22_50_11.254,133,4,14,0,-33.785,-60.767,1.052
2012-05-04-22_50_11.255,133,5,14,0,-42.728,-60.796,1.551
2012-05-04-22_50_11.256,133,5,14,0,-42.684,-60.837,1.352
2012-05-04-22_50_11.256,133,5,14,0,-42.772,-60.812,1.452
2012-05-04-22_50_11.257,133,6,14,0,-51.757,-60.857,1.351
2012-05-04-22_50_11.257,133,6,14,0,-51.730,-60.771,1.351
2012-05-04-22_50_11.258,133,6,14,0,-51.830,-60.828,1.352
2012-05-04-22_50_11.258,133,7,14,0,-60.652,-60.793,2.151
2012-05-04-22_50_11.259,133,7,14,0,-60.725,-60.764,2.152
2012-05-04-22_50_11.259,133,7,14,0,-60.668,-60.723,2.152
2012-05-04-22_50_11.260,133,0,14,1,-2.200,-60.793,2.161
2012-05-04-22_50_11.261,133,0,14,1,-2.172,-60.696,2.061
2012-05-04-22_50_11.261,133,0,14,1,-2.268,-60.766,2.061
2012-05-04-22_50_11.262,133,1,14,1,-11.211,-60.790,1.861
2012-05-04-22_50_11.262,133,1,14,1,-11.347,-60.728,1.961
2012-05-04-22_50_11.263,133,1,14,1,-11.234,-60.710,1.961
2012-05-04-22_50_11.263,133,2,14,1,-20.165,-60.723,1.361
2012-05-04-22_50_11.264,133,2,14,1,-20.233,-60.696,1.261
2012-05-04-22_50_11.264,133,2,14,1,-20.240,-60.695,1.361
2012-05-04-22_50_11.265,133,3,14,1,-29.187,-60.805,1.361
2012-05-04-22_50_11.265,133,3,14,1,-29.159,-60.708,1.461
2012-05-04-22_50_11.266,133,3,14,1,-29.255,-60.778,1.461
2012-05-04-22_50_11.266,133,4,14,1,-38.184,-60.807,1.061
2012-05-04-22_50_11.267,133,4,14,1,-38.156,-60.710,1.161
2012-05-04-22_50_11.267,133,4,14,1,-38.252,-60.780,1.061
2012-05-04-22_50_11.268,133,5,14,1,-47.200,-60.796,1.561
2012-05-04-22_50_11.268,133,5,14,1,-47.283,-60.770,1.461
2012-05-04-22_50_11.269,133,5,14,1,-47.253,-60.798,1.561
2012-05-04-22_50_11.269,133,6,14,1,-56.229,-60.868,1.461
2012-05-04-22_50_11.269,133,6,14,1,-56.201,-60.771,1.461
2012-05-04-22_50_11.270,133,6,14,1,-56.297,-60.841,1.461
2012-05-04-22_50_11.270,133,7,14,1,-65.192,-60.777,2.261
2012-05-04-22_50_11.271,133,7,14,1,-65.199,-60.776,2.261
2012-05-04-22_50_11.271,133,7,14,1,-65.179,-60.681,2.261
2012-05-04-22_50_11.272,133,0,15,0,2.269,-65.283,2.270
2012-05-04-22_50_11.272,133,0,15,0,2.294,-65.196,2.270
2012-05-04-22_50_11.273,133,0,15,0,2.196,-65.255,2.270
2012-05-04-22_50_11.273,133,1,15,0,-6.751,-65.293,1.970
2012-05-04-22_50_11.274,133,1,15,0,-6.832,-65.268,1.970
2012-05-04-22_50_11.274,133,1,15,0,-6.773,-65.215,2.070
2012-05-04-22_50_11.275,133,2,15,0,-15.696,-65.213,1.370
2012-05-04-22_50_11.275,133,2,15,0,-15.769,-65.185,1.370
2012-05-04-22_50_11.275,133,2,15,0,-15.715,-65.139,5.370
2012-05-04-22_50_11.276,133,3,15,0,-24.718,-65.295,1.770
2012-05-04-22_50_11.276,133,3,15,0,-24.693,-65.208,1.770
2012-05-04-22_50_11.277,133,3,15,0,-24.791,-65.267,1.770
2012-05-04-22_50_11.277,133,4,15,0,-33.714,-65.297,1.070
2012-05-04-22_50_11.278,133,4,15,0,-33.689,-65.210,1.070
2012-05-04-22_50_11.278,133,4,15,0,-33.788,-65.269,1.070
2012-05-04-22_50_11.279,133,5,15,0,-42.733,-65.296,1.570
2012-05-04-22_50_11.279,133,5,15,0,-42.685,-65.336,1.370
2012-05-04-22_50_11.280,133,5,15,0,-42.777,-65.309,5.570
2012-05-04-22_50_11.280,133,6,15,0,-51.760,-65.357,1.370
2012-05-04-22_50_11.281,133,6,15,0,-51.735,-65.270,1.370
2012-05-04-22_50_11.281,133,6,15,0,-51.833,-65.329,1.370
2012-05-04-22_50_11.283,133,7,15,0,-60.655,-65.294,2.070
2012-05-04-22_50_11.283,133,7,15,0,-60.728,-65.266,2.070
2012-05-04-22_50_11.284,133,7,15,0,-60.674,-65.220,12.870
2012-05-04-22_50_11.284,133,0,15,1,-2.198,-65.291,2.179
2012-05-04-22_50_11.285,133,0,15,1,-2.173,-65.195,2.179
2012-05-04-22_50_11.285,133,0,15,1,-2.271,-65.268,2.179
2012-05-04-22_50_11.286,133,1,15,1,-11.214,-65.293,12.879
2012-05-04-22_50_11.286,133,1,15,1,-11.347,-65.227,1.979
2012-05-04-22_50_11.287,133,1,15,1,-11.232,-65.214,1.979
2012-05-04-22_50_11.288,133,2,15,1,-20.163,-65.221,1.379
2012-05-04-22_50_11.289,133,2,15,1,-20.236,-65.198,1.379
2012-05-04-22_50_11.289,133,2,15,1,-20.243,-65.198,1.279
2012-05-04-22_50_11.290,133,3,15,1,-29.185,-65.303,1.379
2012-05-04-22_50_11.290,133,3,15,1,-29.160,-65.207,1.479
2012-05-04-22_50_11.291,133,3,15,1,-29.258,-65.281,1.479
2012-05-04-22_50_11.292,133,4,15,1,-38.181,-65.305,1.079
2012-05-04-22_50_11.293,133,4,15,1,-38.156,-65.209,1.079
2012-05-04-22_50_11.293,133,4,15,1,-38.255,-65.282,1.079
2012-05-04-22_50_11.293,133,5,15,1,-47.200,-65.295,1.379
2012-05-04-22_50_11.294,133,5,15,1,-47.285,-65.274,1.379
2012-05-04-22_50_11.294,133,5,15,1,-47.256,-65.298,1.379
2012-05-04-22_50_11.295,133,6,15,1,-56.227,-65.366,1.479
2012-05-04-22_50_11.295,133,6,15,1,-56.202,-65.270,1.479
2012-05-04-22_50_11.296,133,6,15,1,-56.300,-65.343,1.479
2012-05-04-22_50_11.296,133,7,15,1,-65.195,-65.279,2.179
2012-05-04-22_50_11.297,133,7,15,1,-65.202,-65.279,2.179
2012-05-04-22_50_11.297,133,7,15,1,-65.182,-65.185,2.179
2012-05-04-22_50_11.298,133,0,16,0,2.266,-69.783,2.291
2012-05-04-22_50_11.298,133,0,16,0,2.294,-69.689,2.191
2012-05-04-22_50_11.299,133,0,16,0,2.196,-69.758,2.291
2012-05-04-22_50_11.299,133,1,16,0,-6.749,-69.795,1.991
2012-05-04-22_50_11.300,133,1,16,0,-6.832,-69.768,1.991
2012-05-04-22_50_11.300,133,1,16,0,-6.773,-69.709,1.991
2012-05-04-22_50_11.301,133,2,16,0,-15.699,-69.713,1.391
2012-05-04-22_50_11.301,133,2,16,0,-15.769,-69.688,1.391
2012-05-04-22_50_11.302,133,2,16,0,-15.750,-69.698,1.291
2012-05-04-22_50_11.302,133,3,16,0,-24.721,-69.795,1.791
2012-05-04-22_50_11.303,133,3,16,0,-24.693,-69.701,1.791
2012-05-04-22_50_11.303,133,3,16,0,-24.791,-69.771,1.791
2012-05-04-22_50_11.304,133,4,16,0,-33.717,-69.797,0.991
2012-05-04-22_50_11.304,133,4,16,0,-33.690,-69.703,1.091
2012-05-04-22_50_11.305,133,4,16,0,-33.788,-69.772,0.991
2012-05-04-22_50_11.305,133,5,16,0,-42.734,-69.789,1.491
2012-05-04-22_50_11.306,133,5,16,0,-42.685,-69.836,1.391
2012-05-04-22_50_11.306,133,5,16,0,-42.780,-69.804,1.591
2012-05-04-22_50_11.306,133,6,16,0,-51.763,-69.858,1.391
2012-05-04-22_50_11.307,133,6,16,0,-51.735,-69.764,1.391
2012-05-04-22_50_11.307,133,6,16,0,-51.833,-69.833,1.391
2012-05-04-22_50_11.308,133,7,16,0,-60.657,-69.794,2.191
2012-05-04-22_50_11.308,133,7,16,0,-60.728,-69.769,2.091
2012-05-04-22_50_11.309,133,7,16,0,-60.676,-69.715,2.091
2012-05-04-22_50_11.309,133,0,16,1,-2.198,-69.788,2.203
2012-05-04-22_50_11.310,133,0,16,1,-2.171,-69.688,2.203
2012-05-04-22_50_11.310,133,0,16,1,-2.274,-69.771,2.203
2012-05-04-22_50_11.311,133,1,16,1,-11.211,-69.795,2.003
2012-05-04-22_50_11.311,133,1,16,1,-11.345,-69.719,2.003
2012-05-04-22_50_11.312,133,1,16,1,-11.233,-69.708,1.903
2012-05-04-22_50_11.312,133,2,16,1,-20.163,-69.718,1.303
2012-05-04-22_50_11.313,133,2,16,1,-20.239,-69.701,1.303
2012-05-04-22_50_11.313,133,2,16,1,-20.246,-69.700,1.303
2012-05-04-22_50_11.314,133,3,16,1,-29.185,-69.800,1.503
2012-05-04-22_50_11.314,133,3,16,1,-29.158,-69.700,1.503
2012-05-04-22_50_11.315,133,3,16,1,-29.261,-69.783,1.603
2012-05-04-22_50_11.315,133,4,16,1,-38.182,-69.802,1.103
2012-05-04-22_50_11.315,133,4,16,1,-38.154,-69.702,1.103
2012-05-04-22_50_11.316,133,4,16,1,-38.257,-69.785,1.103
2012-05-04-22_50_11.316,133,5,16,1,-47.198,-69.788,1.403
2012-05-04-22_50_11.317,133,5,16,1,-47.288,-69.769,1.403
2012-05-04-22_50_11.317,133,5,16,1,-47.257,-69.792,1.403
2012-05-04-22_50_11.318,133,6,16,1,-56.227,-69.863,1.503
2012-05-04-22_50_11.318,133,6,16,1,-56.200,-69.762,1.403
2012-05-04-22_50_11.321,133,6,16,1,-56.303,-69.845,1.503
2012-05-04-22_50_11.321,133,7,16,1,-65.198,-69.782,2.203
2012-05-04-22_50_11.322,133,7,16,1,-65.205,-69.781,2.203
2012-05-04-22_50_11.322,133,7,16,1,-65.185,-69.680,2.203
2012-05-04-22_50_11.323,133,0,17,0,2.256,-74.280,2.215
2012-05-04-22_50_11.323,133,0,17,0,2.291,-74.190,2.215
2012-05-04-22_50_11.324,133,0,17,0,2.193,-74.258,2.215
2012-05-04-22_50_11.324,133,1,17,0,-6.747,-74.293,2.015
2012-05-04-22_50_11.325,133,1,17,0,-6.830,-74.272,2.015
2012-05-04-22_50_11.326,133,1,17,0,-6.774,-74.206,2.015
2012-05-04-22_50_11.326,133,2,17,0,-15.709,-74.210,1.315
2012-05-04-22_50_11.327,133,2,17,0,-15.772,-74.188,1.315
2012-05-04-22_50_11.327,133,2,17,0,-15.721,-74.138,1.315
2012-05-04-22_50_11.328,133,3,17,0,-24.731,-74.292,1.815
2012-05-04-22_50_11.328,133,3,17,0,-24.696,-74.202,1.815
2012-05-04-22_50_11.329,133,3,17,0,-24.794,-74.270,1.815
2012-05-04-22_50_11.329,133,4,17,0,-33.728,-74.294,1.115
2012-05-04-22_50_11.330,133,4,17,0,-33.693,-74.204,1.115
2012-05-04-22_50_11.330,133,4,17,0,-33.791,-74.272,1.115
2012-05-04-22_50_11.331,133,5,17,0,-42.736,-74.290,1.615
2012-05-04-22_50_11.331,133,5,17,0,-42.683,-74.340,1.415
2012-05-04-22_50_11.331,133,5,17,0,-42.783,-74.308,1.515
2012-05-04-22_50_11.332,133,6,17,0,-51.773,-74.354,1.415
2012-05-04-22_50_11.332,133,6,17,0,-51.738,-74.265,1.415
2012-05-04-22_50_11.333,133,6,17,0,-51.836,-74.333,1.415
2012-05-04-22_50_11.333,133,7,17,0,-60.668,-74.290,2.215
2012-05-04-22_50_11.334,133,7,17,0,-60.731,-74.269,2.215
2012-05-04-22_50_11.334,133,7,17,0,-60.679,-74.219,2.215
2012-05-04-22_50_11.335,133,0,17,1,-2.199,-74.285,2.224
2012-05-04-22_50_11.335,133,0,17,1,-2.169,-74.189,2.124
2012-05-04-22_50_11.336,133,0,17,1,-2.272,-74.268,2.224
2012-05-04-22_50_11.337,133,1,17,1,-11.212,-74.292,2.024
2012-05-04-22_50_11.338,133,1,17,1,-11.343,-74.221,2.024
2012-05-04-22_50_11.338,133,1,17,1,-11.233,-74.206,2.024
2012-05-04-22_50_11.339,133,2,17,1,-20.164,-74.215,1.324
2012-05-04-22_50_11.339,133,2,17,1,-20.237,-74.198,1.324
2012-05-04-22_50_11.340,133,2,17,1,-20.242,-74.196,1.324
2012-05-04-22_50_11.340,133,3,17,1,-29.186,-74.298,1.524
2012-05-04-22_50_11.341,133,3,17,1,-29.156,-74.201,1.624
2012-05-04-22_50_11.341,133,3,17,1,-29.259,-74.281,1.524
2012-05-04-22_50_11.342,133,4,17,1,-38.182,-74.299,1.124
2012-05-04-22_50_11.342,133,4,17,1,-38.152,-74.203,1.124
2012-05-04-22_50_11.343,133,4,17,1,-38.255,-74.282,1.024
2012-05-04-22_50_11.343,133,5,17,1,-47.196,-74.289,1.524
2012-05-04-22_50_11.344,133,5,17,1,-47.284,-74.267,1.624
2012-05-04-22_50_11.344,133,5,17,1,-47.255,-74.292,1.724
2012-05-04-22_50_11.345,133,6,17,1,-56.228,-74.360,1.524
2012-05-04-22_50_11.345,133,6,17,1,-56.198,-74.263,1.524
2012-05-04-22_50_11.346,133,6,17,1,-56.301,-74.343,1.524
2012-05-04-22_50_11.346,133,7,17,1,-65.195,-74.279,2.224
2012-05-04-22_50_11.346,133,7,17,1,-65.200,-74.277,2.224
2012-05-04-22_50_11.347,133,7,17,1,-65.180,-74.178,2.224
2012-05-04-22_50_11.347,133,0,18,0,2.268,-78.778,2.033
2012-05-04-22_50_11.348,133,0,18,0,2.295,-78.689,2.033
2012-05-04-22_50_11.348,133,0,18,0,2.190,-78.755,2.033
2012-05-04-22_50_11.349,133,1,18,0,-6.748,-78.789,1.933
2012-05-04-22_50_11.349,133,1,18,0,-6.828,-78.769,1.933
2012-05-04-22_50_11.350,133,1,18,0,-6.769,-78.704,1.933
2012-05-04-22_50_11.350,133,2,18,0,-15.697,-78.708,1.433
2012-05-04-22_50_11.351,133,2,18,0,-15.775,-78.685,1.333
2012-05-04-22_50_11.351,133,2,18,0,-15.721,-78.639,1.433
2012-05-04-22_50_11.352,133,3,18,0,-24.719,-78.790,1.833
2012-05-04-22_50_11.353,133,3,18,0,-24.692,-78.702,1.833
2012-05-04-22_50_11.354,133,3,18,0,-24.797,-78.767,1.833
2012-05-04-22_50_11.354,133,4,18,0,-33.716,-78.792,1.133
2012-05-04-22_50_11.355,133,4,18,0,-33.688,-78.703,1.133
2012-05-04-22_50_11.355,133,4,18,0,-33.794,-78.769,1.133
2012-05-04-22_50_11.356,133,5,18,0,-42.732,-78.789,1.833
2012-05-04-22_50_11.356,133,5,18,0,-42.681,-78.837,1.633
2012-05-04-22_50_11.357,133,5,18,0,-42.783,-78.809,1.833
2012-05-04-22_50_11.357,133,6,18,0,-51.761,-78.853,1.633
2012-05-04-22_50_11.358,133,6,18,0,-51.734,-78.764,1.533
2012-05-04-22_50_11.358,133,6,18,0,-51.839,-78.830,1.533
2012-05-04-22_50_11.359,133,7,18,0,-60.656,-78.789,10.533
2012-05-04-22_50_11.359,133,7,18,0,-60.734,-78.766,2.433
2012-05-04-22_50_11.360,133,7,18,0,-60.680,-78.719,2.433
2012-05-04-22_50_11.360,133,0,18,1,-2.197,-78.788,2.042
2012-05-04-22_50_11.361,133,0,18,1,-2.169,-78.688,2.042
2012-05-04-22_50_11.361,133,0,18,1,-2.272,-78.765,2.042
2012-05-04-22_50_11.362,133,1,18,1,-11.212,-78.788,1.942
2012-05-04-22_50_11.362,133,1,18,1,-11.344,-78.720,1.942
2012-05-04-22_50_11.363,133,1,18,1,-11.236,-78.703,1.941
2012-05-04-22_50_11.363,133,2,18,1,-20.162,-78.718,1.442
2012-05-04-22_50_11.364,133,2,18,1,-20.237,-78.695,1.442
2012-05-04-22_50_11.364,133,2,18,1,-20.244,-78.693,1.442
2012-05-04-22_50_11.364,133,3,18,1,-29.184,-78.800,1.542
2012-05-04-22_50_11.365,133,3,18,1,-29.156,-78.700,1.742
2012-05-04-22_50_11.365,133,3,18,1,-29.259,-78.778,1.842
2012-05-04-22_50_11.366,133,4,18,1,-38.180,-78.802,1.242
2012-05-04-22_50_11.366,133,4,18,1,-38.153,-78.702,1.242
2012-05-04-22_50_11.367,133,4,18,1,-38.256,-78.779,1.242
2012-05-04-22_50_11.367,133,5,18,1,-47.196,-78.788,1.642
2012-05-04-22_50_11.368,133,5,18,1,-47.284,-78.764,1.642
2012-05-04-22_50_11.368,133,5,18,1,-47.253,-78.793,1.642
2012-05-04-22_50_11.369,133,6,18,1,-56.226,-78.862,1.642
2012-05-04-22_50_11.369,133,6,18,1,-56.198,-78.763,1.642
2012-05-04-22_50_11.370,133,6,18,1,-56.301,-78.840,1.642
2012-05-04-22_50_11.370,133,7,18,1,-65.196,-78.776,2.442
2012-05-04-22_50_11.371,133,7,18,1,-65.203,-78.774,2.342
2012-05-04-22_50_11.371,133,7,18,1,-65.181,-78.675,2.342
2012-05-04-22_50_11.372,133,0,19,0,2.267,-83.281,2.053
2012-05-04-22_50_11.372,133,0,19,0,2.295,-83.196,2.053
2012-05-04-22_50_11.373,133,0,19,0,2.189,-83.254,2.053
2012-05-04-22_50_11.373,133,1,19,0,-6.748,-83.290,2.053
2012-05-04-22_50_11.374,133,1,19,0,-6.829,-83.269,2.053
2012-05-04-22_50_11.374,133,1,19,0,-6.770,-83.211,1.953
2012-05-04-22_50_11.375,133,2,19,0,-15.698,-83.211,1.453
2012-05-04-22_50_11.375,133,2,19,0,-15.775,-83.184,1.453
2012-05-04-22_50_11.375,133,2,19,0,-15.721,-83.142,1.453
2012-05-04-22_50_11.376,133,3,19,0,-24.720,-83.293,1.853
2012-05-04-22_50_11.376,133,3,19,0,-24.692,-83.208,1.853
2012-05-04-22_50_11.377,133,3,19,0,-24.798,-83.266,1.853
2012-05-04-22_50_11.377,133,4,19,0,-33.716,-83.295,1.153
2012-05-04-22_50_11.378,133,4,19,0,-33.689,-83.210,1.153
2012-05-04-22_50_11.378,133,4,19,0,-33.794,-83.268,1.153
2012-05-04-22_50_11.379,133,5,19,0,-42.732,-83.296,1.853
2012-05-04-22_50_11.379,133,5,19,0,-42.681,-83.337,1.553
2012-05-04-22_50_11.380,133,5,19,0,-42.784,-83.312,1.853
2012-05-04-22_50_11.380,133,6,19,0,-51.762,-83.356,1.553
2012-05-04-22_50_11.380,133,6,19,0,-51.734,-83.271,1.553
2012-05-04-22_50_11.381,133,6,19,0,-51.840,-83.328,1.553
2012-05-04-22_50_11.381,133,7,19,0,-60.656,-83.292,2.353
2012-05-04-22_50_11.382,133,7,19,0,-60.734,-83.264,2.453
2012-05-04-22_50_11.382,133,7,19,0,-60.680,-83.223,2.453
2012-05-04-22_50_11.383,133,0,19,1,-2.195,-83.292,2.066
2012-05-04-22_50_11.384,133,0,19,1,-2.170,-83.195,2.065
2012-05-04-22_50_11.385,133,0,19,1,-2.273,-83.266,2.065
2012-05-04-22_50_11.385,133,1,19,1,-11.213,-83.290,1.865
2012-05-04-22_50_11.386,133,1,19,1,-11.344,-83.227,1.865
2012-05-04-22_50_11.386,133,1,19,1,-11.237,-83.210,1.865
2012-05-04-22_50_11.387,133,2,19,1,-20.160,-83.222,1.466
2012-05-04-22_50_11.388,133,2,19,1,-20.238,-83.196,1.465
2012-05-04-22_50_11.389,133,2,19,1,-20.242,-83.195,1.465
2012-05-04-22_50_11.390,133,3,19,1,-29.182,-83.305,1.566
2012-05-04-22_50_11.390,133,3,19,1,-29.157,-83.208,1.765
2012-05-04-22_50_11.391,133,3,19,1,-29.260,-83.278,1.765
2012-05-04-22_50_11.391,133,4,19,1,-38.178,-83.306,1.166
2012-05-04-22_50_11.392,133,4,19,1,-38.153,-83.209,1.165
2012-05-04-22_50_11.392,133,4,19,1,-38.256,-83.280,1.165
2012-05-04-22_50_11.393,133,5,19,1,-47.197,-83.295,1.665
2012-05-04-22_50_11.393,133,5,19,1,-47.285,-83.269,1.665
2012-05-04-22_50_11.394,133,5,19,1,-47.253,-83.298,1.665
2012-05-04-22_50_11.394,133,6,19,1,-56.224,-83.367,1.566
2012-05-04-22_50_11.394,133,6,19,1,-56.199,-83.270,1.565
2012-05-04-22_50_11.395,133,6,19,1,-56.302,-83.341,1.665
2012-05-04-22_50_11.395,133,7,19,1,-65.196,-83.277,2.365
2012-05-04-22_50_11.396,133,7,19,1,-65.201,-83.276,2.465
2012-05-04-22_50_11.396,133,7,19,1,-65.181,-83.180,2.365
2012-05-04-22_50_11.397,133,0,20,0,2.267,-87.783,2.078
2012-05-04-22_50_11.397,133,0,20,0,2.294,-87.696,2.078
2012-05-04-22_50_11.398,133,0,20,0,2.187,-87.754,2.078
2012-05-04-22_50_11.398,133,1,20,0,-6.751,-87.794,1.878
2012-05-04-22_50_11.399,133,1,20,0,-6.829,-87.768,1.878
2012-05-04-22_50_11.399,133,1,20,0,-6.770,-87.715,1.978
2012-05-04-22_50_11.400,133,2,20,0,-15.698,-87.713,1.478
2012-05-04-22_50_11.400,133,2,20,0,-15.778,-87.684,1.478
2012-05-04-22_50_11.401,133,2,20,0,-15.719,-87.640,1.478
2012-05-04-22_50_11.401,133,3,20,0,-24.720,-87.795,1.878
2012-05-04-22_50_11.402,133,3,20,0,-24.693,-87.708,1.878
2012-05-04-22_50_11.402,133,3,20,0,-24.800,-87.766,1.878
2012-05-04-22_50_11.403,133,4,20,0,-33.717,-87.797,1.178
2012-05-04-22_50_11.403,133,4,20,0,-33.689,-87.710,1.178
2012-05-04-22_50_11.404,133,4,20,0,-33.797,-87.768,1.178
2012-05-04-22_50_11.404,133,5,20,0,-42.733,-87.796,1.778
2012-05-04-22_50_11.405,133,5,20,0,-42.682,-87.836,1.578
2012-05-04-22_50_11.405,133,5,20,0,-42.782,-87.810,1.778
2012-05-04-22_50_11.405,133,6,20,0,-51.762,-87.858,1.578
2012-05-04-22_50_11.406,133,6,20,0,-51.735,-87.770,1.578
2012-05-04-22_50_11.406,133,6,20,0,-51.684,-87.811,1.578
2012-05-04-22_50_11.407,133,7,20,0,-60.657,-87.794,2.378
2012-05-04-22_50_11.407,133,7,20,0,-60.737,-87.765,2.378
2012-05-04-22_50_11.408,133,7,20,0,-60.678,-87.721,2.378
2012-05-04-22_50_11.408,133,0,20,1,-2.193,-87.791,1.987
2012-05-04-22_50_11.409,133,0,20,1,-2.278,-87.772,2.087
2012-05-04-22_50_11.409,133,0,20,1,-2.219,-87.710,2.087
2012-05-04-22_50_11.410,133,2,20,1,-20.158,-87.721,1.587
2012-05-04-22_50_11.410,133,2,20,1,-20.243,-87.702,1.487
2012-05-04-22_50_11.411,133,3,20,1,-29.180,-87.803,1.587
2012-05-04-22_50_11.411,133,3,20,1,-29.265,-87.784,1.787
2012-05-04-22_50_11.412,133,3,20,1,-29.206,-87.722,1.787
2012-05-04-22_50_11.412,133,4,20,1,-38.176,-87.805,1.287
2012-05-04-22_50_11.413,133,4,20,1,-38.262,-87.786,1.187
2012-05-04-22_50_11.413,133,4,20,1,-38.203,-87.724,1.187
2012-05-04-22_50_11.414,133,5,20,1,-47.246,-87.810,1.587
2012-05-04-22_50_11.414,133,6,20,1,-56.222,-87.866,1.687
2012-05-04-22_50_11.414,133,6,20,1,-56.307,-87.847,1.587
2012-05-04-22_50_11.415,133,6,20,1,-56.148,-87.811,1.687
2012-05-04-22_50_11.415,133,7,20,1,-65.202,-87.783,2.387
2012-05-04-22_50_11.416,133,7,20,1,-65.143,-87.721,2.387
2012-05-04-22_50_11.417,133,0,21,0,2.269,-92.283,2.096
2012-05-04-22_50_11.418,133,0,21,0,2.294,-92.190,2.096
2012-05-04-22_50_11.419,133,0,21,0,2.186,-92.257,2.096
2012-05-04-22_50_11.419,133,1,21,0,-6.752,-92.295,1.996
2012-05-04-22_50_11.420,133,1,21,0,-6.827,-92.269,1.996
2012-05-04-22_50_11.420,133,1,21,0,-6.773,-92.210,1.996
2012-05-04-22_50_11.421,133,2,21,0,-15.696,-92.213,1.396
2012-05-04-22_50_11.421,133,2,21,0,-15.779,-92.187,1.396
2012-05-04-22_50_11.422,133,2,21,0,-15.717,-92.135,1.396
2012-05-04-22_50_11.422,133,3,21,0,-24.718,-92.295,1.796
2012-05-04-22_50_11.422,133,3,21,0,-24.693,-92.203,1.896
2012-05-04-22_50_11.423,133,3,21,0,-24.801,-92.269,1.896
2012-05-04-22_50_11.423,133,4,21,0,-33.715,-92.297,1.196
2012-05-04-22_50_11.424,133,4,21,0,-33.690,-92.204,1.196
2012-05-04-22_50_11.424,133,4,21,0,-33.797,-92.271,1.196
2012-05-04-22_50_11.425,133,5,21,0,-42.733,-92.290,1.896
2012-05-04-22_50_11.425,133,5,21,0,-42.680,-92.337,1.596
2012-05-04-22_50_11.426,133,5,21,0,-42.780,-92.305,1.796
2012-05-04-22_50_11.426,133,6,21,0,-51.760,-92.358,1.496
2012-05-04-22_50_11.427,133,6,21,0,-51.735,-92.265,1.596
2012-05-04-22_50_11.427,133,6,21,0,-51.682,-92.312,1.596
2012-05-04-22_50_11.428,133,7,21,0,-60.655,-92.294,2.296
2012-05-04-22_50_11.428,133,7,21,0,-60.737,-92.268,2.396
2012-05-04-22_50_11.429,133,7,21,0,-60.676,-92.216,2.396
2012-05-04-22_50_11.429,133,0,21,1,-2.193,-92.289,2.105
2012-05-04-22_50_11.430,133,0,21,1,-2.168,-92.190,2.104
2012-05-04-22_50_11.430,133,0,21,1,-2.269,-92.270,2.104
2012-05-04-22_50_11.431,133,1,21,1,-11.214,-92.296,2.005
2012-05-04-22_50_11.431,133,1,21,1,-11.342,-92.221,3.304
2012-05-04-22_50_11.432,133,1,21,1,-11.235,-92.209,2.004
2012-05-04-22_50_11.432,133,2,21,1,-20.158,-92.219,1.405
2012-05-04-22_50_11.433,133,2,21,1,-20.234,-92.200,1.504
2012-05-04-22_50_11.433,133,2,21,1,-20.241,-92.199,1.504
2012-05-04-22_50_11.434,133,3,21,1,-29.180,-92.301,1.505
2012-05-04-22_50_11.434,133,3,21,1,-29.155,-92.202,1.804
2012-05-04-22_50_11.434,133,3,21,1,-29.256,-92.282,1.804
2012-05-04-22_50_11.435,133,4,21,1,-38.177,-92.303,1.205
2012-05-04-22_50_11.435,133,4,21,1,-38.152,-92.204,1.204
2012-05-04-22_50_11.436,133,4,21,1,-38.252,-92.284,1.204
2012-05-04-22_50_11.436,133,5,21,1,-47.195,-92.289,1.804
2012-05-04-22_50_11.437,133,5,21,1,-47.283,-92.270,1.704
2012-05-04-22_50_11.437,133,5,21,1,-47.254,-92.291,1.704
2012-05-04-22_50_11.438,133,6,21,1,-56.222,-92.364,1.605
2012-05-04-22_50_11.439,133,6,21,1,-56.197,-92.264,1.504
2012-05-04-22_50_11.440,133,6,21,1,-56.298,-92.344,1.604
2012-05-04-22_50_11.440,133,7,21,1,-65.192,-92.281,2.404
2012-05-04-22_50_11.441,133,7,21,1,-65.200,-92.280,2.404
2012-05-04-22_50_11.441,133,7,21,1,-65.179,-92.181,2.404
2012-05-04-22_50_11.442,133,0,22,0,2.269,-96.779,2.016
2012-05-04-22_50_11.442,133,0,22,0,2.298,-96.691,2.016
2012-05-04-22_50_11.443,133,0,22,0,2.188,-96.758,2.116
2012-05-04-22_50_11.443,133,1,22,0,-6.752,-96.794,1.916
2012-05-04-22_50_11.444,133,1,22,0,-6.825,-96.775,1.916
2012-05-04-22_50_11.444,133,1,22,0,-6.773,-96.708,1.916
2012-05-04-22_50_11.445,133,2,22,0,-15.696,-96.709,1.316
2012-05-04-22_50_11.445,133,2,22,0,-15.777,-96.688,1.316
2012-05-04-22_50_11.446,133,2,22,0,-15.715,-96.639,1.316
2012-05-04-22_50_11.446,133,3,22,0,-24.718,-96.791,1.816
2012-05-04-22_50_11.447,133,3,22,0,-24.689,-96.703,1.816
2012-05-04-22_50_11.447,133,3,22,0,-24.799,-96.770,1.816
2012-05-04-22_50_11.448,133,4,22,0,-33.715,-96.793,1.116
2012-05-04-22_50_11.448,133,4,22,0,-33.685,-96.705,1.216
2012-05-04-22_50_11.449,133,4,22,0,-33.795,-96.772,1.116
2012-05-04-22_50_11.450,133,5,22,0,-42.729,-96.791,1.716
2012-05-04-22_50_11.450,133,5,22,0,-42.678,-96.843,1.616
2012-05-04-22_50_11.451,133,5,22,0,-42.778,-96.809,1.716
2012-05-04-22_50_11.451,133,6,22,0,-51.760,-96.854,1.616
2012-05-04-22_50_11.452,133,6,22,0,-51.731,-96.766,1.616
2012-05-04-22_50_11.452,133,6,22,0,-51.680,-96.817,1.516
2012-05-04-22_50_11.453,133,7,22,0,-60.655,-96.790,2.316
2012-05-04-22_50_11.453,133,7,22,0,-60.735,-96.769,2.316
2012-05-04-22_50_11.454,133,7,22,0,-60.674,-96.720,2.316
2012-05-04-22_50_11.454,133,0,22,1,-2.194,-96.787,2.025
2012-05-04-22_50_11.455,133,0,22,1,-2.168,-96.691,2.025
2012-05-04-22_50_11.455,133,0,22,1,-2.264,-96.768,2.025
2012-05-04-22_50_11.456,133,1,22,1,-11.214,-96.793,2.025
2012-05-04-22_50_11.456,133,1,22,1,-11.343,-96.722,2.025
2012-05-04-22_50_11.456,133,1,22,1,-11.235,-96.708,1.925
2012-05-04-22_50_11.457,133,2,22,1,-20.158,-96.717,1.525
2012-05-04-22_50_11.457,133,2,22,1,-20.229,-96.698,1.525
2012-05-04-22_50_11.458,133,2,22,1,-20.239,-96.697,1.425
2012-05-04-22_50_11.458,133,3,22,1,-29.181,-96.799,1.525
2012-05-04-22_50_11.459,133,3,22,1,-29.155,-96.703,1.625
2012-05-04-22_50_11.459,133,3,22,1,-29.251,-96.780,1.625
2012-05-04-22_50_11.460,133,4,22,1,-38.177,-96.801,1.125
2012-05-04-22_50_11.460,133,4,22,1,-38.152,-96.705,1.225
2012-05-04-22_50_11.461,133,4,22,1,-38.248,-96.782,1.225
2012-05-04-22_50_11.461,133,5,22,1,-47.196,-96.790,1.625
2012-05-04-22_50_11.462,133,5,22,1,-47.283,-96.768,1.625
2012-05-04-22_50_11.462,133,5,22,1,-47.254,-96.791,1.625
2012-05-04-22_50_11.463,133,6,22,1,-56.223,-96.861,1.525
2012-05-04-22_50_11.463,133,6,22,1,-56.197,-96.765,1.625
2012-05-04-22_50_11.464,133,6,22,1,-56.293,-96.842,1.625
2012-05-04-22_50_11.464,133,7,22,1,-65.188,-96.779,2.125
2012-05-04-22_50_11.465,133,7,22,1,-65.198,-96.778,2.225
2012-05-04-22_50_11.465,133,7,22,1,-65.180,-96.679,2.325
2012-05-04-22_50_11.466,133,0,23,0,2.273,-101.278,2.040
2012-05-04-22_50_11.466,133,0,23,0,2.296,-101.190,1.940
2012-05-04-22_50_11.467,133,0,23,0,2.190,-101.254,2.040
2012-05-04-22_50_11.467,133,1,23,0,-6.755,-101.289,1.940
2012-05-04-22_50_11.468,133,1,23,0,-6.828,-101.270,1.940
2012-05-04-22_50_11.468,133,1,23,0,-6.776,-101.204,1.940
2012-05-04-22_50_11.469,133,2,23,0,-15.692,-101.208,1.340
2012-05-04-22_50_11.469,133,2,23,0,-15.775,-101.184,1.340
2012-05-04-22_50_11.470,133,2,23,0,-15.716,-101.139,1.240
2012-05-04-22_50_11.470,133,3,23,0,-24.714,-101.290,1.740
2012-05-04-22_50_11.471,133,3,23,0,-24.691,-101.202,1.740
2012-05-04-22_50_11.471,133,3,23,0,-24.797,-101.267,1.740
2012-05-04-22_50_11.472,133,4,23,0,-33.711,-101.292,1.140
2012-05-04-22_50_11.472,133,4,23,0,-33.688,-101.204,1.140
2012-05-04-22_50_11.473,133,4,23,0,-33.793,-101.268,1.040
2012-05-04-22_50_11.473,133,5,23,0,-42.732,-101.290,1.640
2012-05-04-22_50_11.474,133,5,23,0,-42.681,-101.338,1.540
2012-05-04-22_50_11.474,133,5,23,0,-42.778,-101.309,1.640
2012-05-04-22_50_11.475,133,6,23,0,-51.756,-101.353,1.540
2012-05-04-22_50_11.475,133,6,23,0,-51.733,-101.265,1.540
2012-05-04-22_50_11.476,133,6,23,0,-51.839,-101.329,1.540
2012-05-04-22_50_11.476,133,7,23,0,-60.651,-101.289,2.240
2012-05-04-22_50_11.477,133,7,23,0,-60.733,-101.265,2.240
2012-05-04-22_50_11.478,133,7,23,0,-60.675,-101.219,2.340
2012-05-04-22_50_11.479,133,0,23,1,-2.182,-101.276,2.040
2012-05-04-22_50_11.479,133,0,23,1,-2.164,-101.189,2.040
2012-05-04-22_50_11.480,133,0,23,1,-2.260,-101.265,13.440
2012-05-04-22_50_11.480,133,1,23,1,-11.210,-101.289,1.940
2012-05-04-22_50_11.481,133,1,23,1,-11.338,-101.221,1.940
2012-05-04-22_50_11.481,133,1,23,1,-11.236,-101.204,1.940
2012-05-04-22_50_11.482,133,2,23,1,-20.147,-101.206,1.440
2012-05-04-22_50_11.483,133,2,23,1,-20.225,-101.195,12.340
2012-05-04-22_50_11.483,133,2,23,1,-20.237,-101.193,1.440
2012-05-04-22_50_11.484,133,3,23,1,-29.169,-101.288,1.640
2012-05-04-22_50_11.484,133,3,23,1,-29.151,-101.202,1.840
2012-05-04-22_50_11.485,133,3,23,1,-29.247,-101.277,3.140
2012-05-04-22_50_11.485,133,4,23,1,-38.165,-101.290,1.140
2012-05-04-22_50_11.486,133,4,23,1,-38.148,-101.203,1.240
2012-05-04-22_50_11.486,133,4,23,1,-38.243,-101.279,12.640
2012-05-04-22_50_11.487,133,5,23,1,-47.191,-101.289,1.640
2012-05-04-22_50_11.487,133,5,23,1,-47.279,-101.266,1.540
2012-05-04-22_50_11.488,133,5,23,1,-47.250,-101.292,1.540
2012-05-04-22_50_11.488,133,6,23,1,-56.211,-101.351,1.540
2012-05-04-22_50_11.489,133,6,23,1,-56.193,-101.264,1.540
2012-05-04-22_50_11.489,133,6,23,1,-56.289,-101.339,1.440
2012-05-04-22_50_11.490,133,7,23,1,-65.183,-101.276,6.040
2012-05-04-22_50_11.490,133,7,23,1,-65.196,-101.274,2.140
2012-05-04-22_50_11.491,133,7,23,1,-65.175,-101.176,2.140
