2012-05-04-19_09_40.741,71,0,0,0,2.256,2.216,1.665
2012-05-04-19_09_40.742,71,0,0,0,2.291,2.304,1.764
2012-05-04-19_09_40.743,71,0,0,0,2.195,2.246,1.564
2012-05-04-19_09_40.743,71,1,0,0,-6.752,2.208,2.265
2012-05-04-19_09_40.745,71,1,0,0,-6.833,2.234,2.264
2012-05-04-19_09_40.745,71,1,0,0,-6.771,2.286,2.264
2012-05-04-19_09_40.746,71,2,0,0,-15.709,2.286,1.865
2012-05-04-19_09_40.747,71,2,0,0,-15.770,2.316,1.764
2012-05-04-19_09_40.748,71,2,0,0,-15.713,2.361,1.864
2012-05-04-19_09_40.748,71,3,0,0,-24.731,2.204,2.965
2012-05-04-19_09_40.749,71,3,0,0,-24.696,2.292,2.964
2012-05-04-19_09_40.750,71,3,0,0,-24.792,2.233,2.864
2012-05-04-19_09_40.751,71,4,0,0,-33.728,2.202,1.965
2012-05-04-19_09_40.752,71,4,0,0,-33.693,2.290,1.964
2012-05-04-19_09_40.752,71,4,0,0,-33.788,2.232,1.964
2012-05-04-19_09_40.753,71,5,0,0,-42.737,2.205,2.264
2012-05-04-19_09_40.754,71,5,0,0,-42.686,2.166,2.164
2012-05-04-19_09_40.755,71,5,0,0,-42.776,2.191,2.164
2012-05-04-19_09_40.756,71,6,0,0,-51.773,2.141,1.565
2012-05-04-19_09_40.757,71,6,0,0,-51.738,2.230,1.464
2012-05-04-19_09_40.757,71,6,0,0,-51.834,2.171,1.464
2012-05-04-19_09_40.759,71,7,0,0,-60.668,2.205,2.465
2012-05-04-19_09_40.759,71,7,0,0,-60.729,2.235,2.464
2012-05-04-19_09_40.760,71,7,0,0,-60.672,2.280,2.464
2012-05-04-19_09_40.760,71,0,0,1,-2.192,2.209,2.365
2012-05-04-19_09_40.761,71,0,0,1,-2.164,2.305,2.365
2012-05-04-19_09_40.761,71,0,0,1,-2.260,2.231,2.265
2012-05-04-19_09_40.762,71,1,0,1,-11.207,2.207,2.565
2012-05-04-19_09_40.762,71,1,0,1,-11.338,2.273,2.565
2012-05-04-19_09_40.763,71,1,0,1,-11.229,2.286,2.565
2012-05-04-19_09_40.763,71,2,0,1,-20.157,2.279,1.965
2012-05-04-19_09_40.764,71,2,0,1,-20.225,2.301,1.965
2012-05-04-19_09_40.764,71,2,0,1,-20.232,2.302,1.965
2012-05-04-19_09_40.765,71,3,0,1,-29.179,2.197,2.565
2012-05-04-19_09_40.765,71,3,0,1,-29.151,2.293,2.765
2012-05-04-19_09_40.766,71,3,0,1,-29.247,2.219,2.765
2012-05-04-19_09_40.766,71,4,0,1,-38.175,2.195,2.465
2012-05-04-19_09_40.767,71,4,0,1,-38.148,2.291,2.365
2012-05-04-19_09_40.767,71,4,0,1,-38.243,2.217,2.365
2012-05-04-19_09_40.768,71,5,0,1,-47.191,2.205,1.365
2012-05-04-19_09_40.768,71,5,0,1,-47.274,2.227,1.465
2012-05-04-19_09_40.769,71,5,0,1,-47.247,2.202,1.465
2012-05-04-19_09_40.769,71,6,0,1,-56.221,2.135,2.465
2012-05-04-19_09_40.770,71,6,0,1,-56.193,2.230,2.365
2012-05-04-19_09_40.770,71,6,0,1,-56.289,2.157,2.465
2012-05-04-19_09_40.771,71,7,0,1,-65.183,2.220,1.165
2012-05-04-19_09_40.771,71,7,0,1,-65.191,2.221,1.265
2012-05-04-19_09_40.772,71,7,0,1,-65.171,2.316,1.165
2012-05-04-19_09_40.772,71,0,1,0,2.268,-2.283,1.478
2012-05-04-19_09_40.773,71,0,1,0,2.295,-2.189,1.478
2012-05-04-19_09_40.773,71,0,1,0,2.195,-2.258,1.478
2012-05-04-19_09_40.774,71,1,1,0,-6.748,-2.294,1.678
2012-05-04-19_09_40.795,71,1,1,0,-6.828,-2.268,1.678
2012-05-04-19_09_40.796,71,1,1,0,-6.769,-2.209,1.578
2012-05-04-19_09_40.797,71,2,1,0,-15.697,-2.213,1.378
2012-05-04-19_09_40.797,71,2,1,0,-15.770,-2.188,1.378
2012-05-04-19_09_40.798,71,2,1,0,-15.746,-2.198,1.378
2012-05-04-19_09_40.799,71,3,1,0,-24.719,-2.295,1.478
2012-05-04-19_09_40.800,71,3,1,0,-24.692,-2.201,1.478
2012-05-04-19_09_40.801,71,3,1,0,-24.792,-2.271,1.478
2012-05-04-19_09_40.801,71,4,1,0,-33.716,-2.297,0.878
2012-05-04-19_09_40.804,71,4,1,0,-33.688,-2.203,0.878
2012-05-04-19_09_40.805,71,4,1,0,-33.789,-2.272,0.778
2012-05-04-19_09_40.806,71,5,1,0,-42.732,-2.289,1.578
2012-05-04-19_09_40.806,71,5,1,0,-42.681,-2.336,1.578
2012-05-04-19_09_40.807,71,5,1,0,-42.776,-2.303,1.578
2012-05-04-19_09_40.807,71,6,1,0,-51.761,-2.358,1.078
2012-05-04-19_09_40.808,71,6,1,0,-51.734,-2.264,1.078
2012-05-04-19_09_40.809,71,6,1,0,-51.834,-2.333,1.078
2012-05-04-19_09_40.810,71,7,1,0,-60.656,-2.294,1.478
2012-05-04-19_09_40.811,71,7,1,0,-60.729,-2.269,1.478
2012-05-04-19_09_40.811,71,7,1,0,-60.672,-2.214,1.478
2012-05-04-19_09_40.812,71,0,1,1,-2.192,-2.289,1.888
2012-05-04-19_09_40.813,71,0,1,1,-2.167,-2.189,1.888
2012-05-04-19_09_40.814,71,0,1,1,-2.263,-2.271,1.888
2012-05-04-19_09_40.814,71,1,1,1,-11.203,-2.295,1.288
2012-05-04-19_09_40.815,71,1,1,1,-11.341,-2.221,1.588
2012-05-04-19_09_40.816,71,1,1,1,-11.227,-2.208,1.488
2012-05-04-19_09_40.817,71,2,1,1,-20.157,-2.219,1.288
2012-05-04-19_09_40.817,71,2,1,1,-20.228,-2.201,1.288
2012-05-04-19_09_40.818,71,2,1,1,-20.235,-2.200,1.288
2012-05-04-19_09_40.819,71,3,1,1,-29.179,-2.301,0.988
2012-05-04-19_09_40.820,71,3,1,1,-29.154,-2.201,0.988
2012-05-04-19_09_40.821,71,3,1,1,-29.250,-2.283,0.988
2012-05-04-19_09_40.822,71,4,1,1,-38.176,-2.303,0.588
2012-05-04-19_09_40.822,71,4,1,1,-38.150,-2.203,0.588
2012-05-04-19_09_40.823,71,4,1,1,-38.246,-2.285,0.688
2012-05-04-19_09_40.824,71,5,1,1,-47.194,-2.289,0.888
2012-05-04-19_09_40.824,71,5,1,1,-47.277,-2.269,0.888
2012-05-04-19_09_40.825,71,5,1,1,-47.248,-2.292,0.888
2012-05-04-19_09_40.826,71,6,1,1,-56.221,-2.364,0.988
2012-05-04-19_09_40.827,71,6,1,1,-56.196,-2.264,0.988
2012-05-04-19_09_40.829,71,6,1,1,-56.292,-2.346,0.988
2012-05-04-19_09_40.829,71,7,1,1,-65.186,-2.282,1.488
2012-05-04-19_09_40.830,71,7,1,1,-65.194,-2.281,1.488
2012-05-04-19_09_40.831,71,7,1,1,-65.173,-2.180,1.488
2012-05-04-19_09_40.831,71,0,2,0,2.260,-6.780,1.902
2012-05-04-19_09_40.832,71,0,2,0,2.295,-6.689,1.902
2012-05-04-19_09_40.833,71,0,2,0,2.197,-6.759,1.902
2012-05-04-19_09_40.834,71,1,2,0,-6.748,-6.793,1.702
2012-05-04-19_09_40.834,71,1,2,0,-6.829,-6.772,1.702
2012-05-04-19_09_40.835,71,1,2,0,-6.770,-6.706,1.702
2012-05-04-19_09_40.836,71,2,2,0,-15.705,-6.710,1.002
2012-05-04-19_09_40.836,71,2,2,0,-15.768,-6.689,1.002
2012-05-04-19_09_40.837,71,2,2,0,-15.712,-6.637,1.002
2012-05-04-19_09_40.838,71,3,2,0,-24.727,-6.792,1.502
2012-05-04-19_09_40.839,71,3,2,0,-24.692,-6.701,1.502
2012-05-04-19_09_40.839,71,3,2,0,-24.790,-6.771,1.402
2012-05-04-19_09_40.840,71,4,2,0,-33.724,-6.794,0.802
2012-05-04-19_09_40.841,71,4,2,0,-33.689,-6.703,0.802
2012-05-04-19_09_40.842,71,4,2,0,-33.787,-6.773,0.802
2012-05-04-19_09_40.842,71,5,2,0,-42.733,-6.789,1.102
2012-05-04-19_09_40.843,71,5,2,0,-42.682,-6.840,1.102
2012-05-04-19_09_40.845,71,5,2,0,-42.774,-6.807,1.102
2012-05-04-19_09_40.846,71,6,2,0,-51.769,-6.854,1.102
2012-05-04-19_09_40.847,71,6,2,0,-51.734,-6.764,1.102
2012-05-04-19_09_40.849,71,6,2,0,-51.832,-6.834,1.102
2012-05-04-19_09_40.850,71,7,2,0,-60.664,-6.790,1.702
2012-05-04-19_09_40.851,71,7,2,0,-60.727,-6.770,1.702
2012-05-04-19_09_40.851,71,7,2,0,-60.671,-6.718,1.702
2012-05-04-19_09_40.852,71,0,2,1,-2.192,-6.786,1.910
2012-05-04-19_09_40.853,71,0,2,1,-2.165,-6.688,1.910
2012-05-04-19_09_40.854,71,0,2,1,-2.263,-6.770,1.910
2012-05-04-19_09_40.855,71,1,2,1,-11.203,-6.792,1.710
2012-05-04-19_09_40.856,71,1,2,1,-11.339,-6.720,1.710
2012-05-04-19_09_40.856,71,1,2,1,-11.229,-6.706,7.010
2012-05-04-19_09_40.858,71,2,2,1,-20.157,-6.716,1.010
2012-05-04-19_09_40.859,71,2,2,1,-20.228,-6.700,1.010
2012-05-04-19_09_40.860,71,2,2,1,-20.238,-6.697,0.910
2012-05-04-19_09_40.860,71,3,2,1,-29.179,-6.799,1.110
2012-05-04-19_09_40.861,71,3,2,1,-29.152,-6.700,1.110
2012-05-04-19_09_40.861,71,3,2,1,-29.250,-6.782,1.110
2012-05-04-19_09_40.862,71,4,2,1,-38.176,-6.800,0.810
2012-05-04-19_09_40.863,71,4,2,1,-38.148,-6.702,0.810
2012-05-04-19_09_40.863,71,4,2,1,-38.247,-6.784,0.810
2012-05-04-19_09_40.864,71,5,2,1,-47.192,-6.788,1.110
2012-05-04-19_09_40.865,71,5,2,1,-47.280,-6.766,1.110
2012-05-04-19_09_40.865,71,5,2,1,-47.251,-6.792,1.110
2012-05-04-19_09_40.866,71,6,2,1,-56.221,-6.861,1.210
2012-05-04-19_09_40.866,71,6,2,1,-56.194,-6.762,1.210
2012-05-04-19_09_40.867,71,6,2,1,-56.292,-6.844,1.210
2012-05-04-19_09_40.868,71,7,2,1,-65.187,-6.780,1.610
2012-05-04-19_09_40.869,71,7,2,1,-65.196,-6.778,1.610
2012-05-04-19_09_40.870,71,7,2,1,-65.176,-6.677,1.710
2012-05-04-19_09_40.871,71,0,3,0,2.269,-11.278,2.019
2012-05-04-19_09_40.872,71,0,3,0,2.294,-11.190,1.919
2012-05-04-19_09_40.872,71,0,3,0,2.194,-11.255,2.020
2012-05-04-19_09_40.873,71,1,3,0,-6.746,-11.289,1.819
2012-05-04-19_09_40.874,71,1,3,0,-6.829,-11.270,1.820
2012-05-04-19_09_40.875,71,1,3,0,-6.765,-11.205,1.820
2012-05-04-19_09_40.876,71,2,3,0,-15.696,-11.208,1.119
2012-05-04-19_09_40.876,71,2,3,0,-15.771,-11.185,1.120
2012-05-04-19_09_40.877,71,2,3,0,-15.715,-11.140,1.120
2012-05-04-19_09_40.878,71,3,3,0,-24.718,-11.290,1.519
2012-05-04-19_09_40.878,71,3,3,0,-24.693,-11.202,1.519
2012-05-04-19_09_40.879,71,3,3,0,-24.793,-11.268,1.520
2012-05-04-19_09_40.880,71,4,3,0,-33.714,-11.292,0.719
2012-05-04-19_09_40.881,71,4,3,0,-33.689,-11.204,0.819
2012-05-04-19_09_40.882,71,4,3,0,-33.790,-11.269,0.820
2012-05-04-19_09_40.882,71,5,3,0,-42.733,-11.290,1.119
2012-05-04-19_09_40.883,71,5,3,0,-42.682,-11.338,1.120
2012-05-04-19_09_40.884,71,5,3,0,-42.777,-11.310,1.120
2012-05-04-19_09_40.885,71,6,3,0,-51.760,-11.353,1.219
2012-05-04-19_09_40.886,71,6,3,0,-51.735,-11.265,1.219
2012-05-04-19_09_40.886,71,6,3,0,-51.835,-11.330,1.120
2012-05-04-19_09_40.888,71,7,3,0,-60.654,-11.289,1.719
2012-05-04-19_09_40.888,71,7,3,0,-60.730,-11.266,1.720
2012-05-04-19_09_40.889,71,7,3,0,-60.673,-11.221,1.720
2012-05-04-19_09_40.890,71,0,3,1,-2.188,-11.288,1.928
2012-05-04-19_09_40.891,71,0,3,1,-2.165,-11.189,1.827
2012-05-04-19_09_40.892,71,0,3,1,-2.266,-11.266,1.827
2012-05-04-19_09_40.892,71,1,3,1,-11.206,-11.289,1.728
2012-05-04-19_09_40.893,71,1,3,1,-11.340,-11.221,1.827
2012-05-04-19_09_40.894,71,1,3,1,-11.227,-11.204,1.827
2012-05-04-19_09_40.894,71,2,3,1,-20.153,-11.218,1.128
2012-05-04-19_09_40.895,71,2,3,1,-20.231,-11.196,1.027
2012-05-04-19_09_40.897,71,2,3,1,-20.238,-11.194,1.027
2012-05-04-19_09_40.898,71,3,3,1,-29.175,-11.300,1.128
2012-05-04-19_09_40.899,71,3,3,1,-29.152,-11.202,1.127
2012-05-04-19_09_40.900,71,3,3,1,-29.253,-11.278,1.127
2012-05-04-19_09_40.901,71,4,3,1,-38.171,-11.302,0.828
2012-05-04-19_09_40.901,71,4,3,1,-38.149,-11.203,0.827
2012-05-04-19_09_40.902,71,4,3,1,-38.249,-11.280,0.827
2012-05-04-19_09_40.903,71,5,3,1,-47.193,-11.289,1.127
2012-05-04-19_09_40.904,71,5,3,1,-47.280,-11.265,1.127
2012-05-04-19_09_40.905,71,5,3,1,-47.251,-11.293,1.127
2012-05-04-19_09_40.905,71,6,3,1,-56.217,-11.363,1.228
2012-05-04-19_09_40.906,71,6,3,1,-56.194,-11.264,1.327
2012-05-04-19_09_40.907,71,6,3,1,-56.295,-11.340,1.227
2012-05-04-19_09_40.908,71,7,3,1,-65.190,-11.277,1.827
2012-05-04-19_09_40.908,71,7,3,1,-65.197,-11.274,1.727
2012-05-04-19_09_40.909,71,7,3,1,-65.177,-11.176,1.827
2012-05-04-19_09_40.910,71,0,4,0,2.266,-15.781,2.039
2012-05-04-19_09_40.913,71,0,4,0,2.294,-15.696,2.039
2012-05-04-19_09_40.914,71,0,4,0,2.191,-15.754,2.039
2012-05-04-19_09_40.914,71,1,4,0,-6.739,-15.790,1.839
2012-05-04-19_09_40.915,71,1,4,0,-6.827,-15.769,1.939
2012-05-04-19_09_40.915,71,1,4,0,-6.763,-15.711,1.839
2012-05-04-19_09_40.916,71,2,4,0,-15.699,-15.711,1.239
2012-05-04-19_09_40.917,71,2,4,0,-15.774,-15.684,1.139
2012-05-04-19_09_40.918,71,2,4,0,-15.715,-15.642,1.139
2012-05-04-19_09_40.919,71,3,4,0,-24.721,-15.793,1.539
2012-05-04-19_09_40.919,71,3,4,0,-24.693,-15.708,1.539
2012-05-04-19_09_40.920,71,3,4,0,-24.796,-15.766,1.539
2012-05-04-19_09_40.920,71,4,4,0,-33.717,-15.795,0.839
2012-05-04-19_09_40.921,71,4,4,0,-33.690,-15.710,0.839
2012-05-04-19_09_40.922,71,4,4,0,-33.793,-15.768,0.839
2012-05-04-19_09_40.922,71,5,4,0,-42.733,-15.796,1.139
2012-05-04-19_09_40.923,71,5,4,0,-42.680,-15.837,1.139
2012-05-04-19_09_40.924,71,5,4,0,-42.777,-15.812,1.139
2012-05-04-19_09_40.925,71,6,4,0,-51.763,-15.856,1.139
2012-05-04-19_09_40.925,71,6,4,0,-51.735,-15.771,1.239
2012-05-04-19_09_40.926,71,6,4,0,-51.838,-15.828,1.139
2012-05-04-19_09_40.926,71,7,4,0,-60.657,-15.792,1.839
2012-05-04-19_09_40.927,71,7,4,0,-60.733,-15.764,1.839
2012-05-04-19_09_40.928,71,7,4,0,-60.674,-15.723,1.839
2012-05-04-19_09_40.929,71,0,4,1,-2.188,-15.793,1.950
2012-05-04-19_09_40.929,71,0,4,1,-2.163,-15.696,1.950
2012-05-04-19_09_40.930,71,0,4,1,-2.266,-15.766,1.950
2012-05-04-19_09_40.931,71,1,4,1,-11.209,-15.790,1.850
2012-05-04-19_09_40.931,71,1,4,1,-11.338,-15.728,1.850
2012-05-04-19_09_40.932,71,1,4,1,-11.230,-15.710,1.850
2012-05-04-19_09_40.933,71,2,4,1,-20.153,-15.723,1.150
2012-05-04-19_09_40.934,71,2,4,1,-20.231,-15.696,1.150
2012-05-04-19_09_40.935,71,2,4,1,-20.239,-15.696,1.150
2012-05-04-19_09_40.935,71,3,4,1,-29.175,-15.805,1.250
2012-05-04-19_09_40.936,71,3,4,1,-29.150,-15.708,1.250
2012-05-04-19_09_40.937,71,3,4,1,-29.253,-15.779,1.250
2012-05-04-19_09_40.938,71,4,4,1,-38.172,-15.807,0.850
2012-05-04-19_09_40.939,71,4,4,1,-38.147,-15.710,0.850
2012-05-04-19_09_40.939,71,4,4,1,-38.250,-15.780,0.850
2012-05-04-19_09_40.940,71,5,4,1,-47.191,-15.796,1.150
2012-05-04-19_09_40.941,71,5,4,1,-47.278,-15.770,5.350
2012-05-04-19_09_40.942,71,5,4,1,-47.249,-15.799,1.150
2012-05-04-19_09_40.943,71,6,4,1,-56.192,-15.771,1.350
2012-05-04-19_09_40.944,71,6,4,1,-56.295,-15.841,1.350
2012-05-04-19_09_40.944,71,6,4,1,-56.303,-15.841,1.350
2012-05-04-19_09_40.945,71,7,4,1,-65.190,-15.777,1.750
2012-05-04-19_09_40.947,71,7,4,1,-65.197,-15.777,1.850
2012-05-04-19_09_40.948,71,7,4,1,-65.175,-15.681,10.150
2012-05-04-19_09_40.949,71,0,5,0,2.268,-20.282,2.063
2012-05-04-19_09_40.950,71,0,5,0,2.296,-20.197,2.063
2012-05-04-19_09_40.951,71,0,5,0,2.190,-20.253,2.063
2012-05-04-19_09_40.951,71,1,5,0,-6.742,-20.294,1.863
2012-05-04-19_09_40.952,71,1,5,0,-6.825,-20.268,1.863
2012-05-04-19_09_40.953,71,1,5,0,-6.764,-20.216,1.863
2012-05-04-19_09_40.954,71,2,5,0,-15.697,-20.212,1.163
2012-05-04-19_09_40.954,71,2,5,0,-15.774,-20.183,1.163
2012-05-04-19_09_40.955,71,2,5,0,-15.718,-20.140,1.163
2012-05-04-19_09_40.956,71,3,5,0,-24.719,-20.295,1.563
2012-05-04-19_09_40.957,71,3,5,0,-24.691,-20.209,1.563
2012-05-04-19_09_40.957,71,3,5,0,-24.796,-20.266,1.563
2012-05-04-19_09_40.958,71,4,5,0,-33.715,-20.296,0.863
2012-05-04-19_09_40.960,71,4,5,0,-33.688,-20.211,0.963
2012-05-04-19_09_40.961,71,4,5,0,-33.793,-20.267,0.863
2012-05-04-19_09_40.962,71,5,5,0,-42.731,-20.297,1.163
2012-05-04-19_09_40.963,71,5,5,0,-42.678,-20.336,1.163
2012-05-04-19_09_40.964,71,5,5,0,-42.780,-20.310,1.163
2012-05-04-19_09_40.964,71,6,5,0,-51.761,-20.357,1.263
2012-05-04-19_09_40.965,71,6,5,0,-51.733,-20.271,1.263
2012-05-04-19_09_40.966,71,6,5,0,-51.839,-20.328,1.163
2012-05-04-19_09_40.967,71,7,5,0,-60.655,-20.293,1.863
2012-05-04-19_09_40.968,71,7,5,0,-60.733,-20.264,1.863
2012-05-04-19_09_40.968,71,7,5,0,-60.677,-20.221,1.863
2012-05-04-19_09_40.969,71,0,5,1,-2.189,-20.291,1.972
2012-05-04-19_09_40.970,71,0,5,1,-2.161,-20.196,1.972
2012-05-04-19_09_40.971,71,0,5,1,-2.262,-20.268,1.972
2012-05-04-19_09_40.972,71,1,5,1,-11.209,-20.294,1.872
2012-05-04-19_09_40.972,71,1,5,1,-11.336,-20.228,1.872
2012-05-04-19_09_40.973,71,1,5,1,-11.231,-20.215,1.872
2012-05-04-19_09_40.974,71,2,5,1,-20.154,-20.221,1.172
2012-05-04-19_09_40.975,71,2,5,1,-20.227,-20.197,1.172
2012-05-04-19_09_40.976,71,2,5,1,-20.237,-20.197,1.172
2012-05-04-19_09_40.976,71,3,5,1,-29.176,-20.303,1.272
2012-05-04-19_09_40.977,71,3,5,1,-29.148,-20.208,1.272
2012-05-04-19_09_40.978,71,3,5,1,-29.249,-20.280,1.272
2012-05-04-19_09_40.978,71,4,5,1,-38.172,-20.305,0.972
2012-05-04-19_09_40.979,71,4,5,1,-38.145,-20.210,0.872
2012-05-04-19_09_40.981,71,4,5,1,-38.245,-20.282,0.972
2012-05-04-19_09_40.982,71,5,5,1,-47.189,-20.296,1.172
2012-05-04-19_09_40.983,71,5,5,1,-47.279,-20.274,1.172
2012-05-04-19_09_40.983,71,5,5,1,-47.247,-20.298,1.172
2012-05-04-19_09_40.984,71,6,5,1,-56.190,-20.270,1.372
2012-05-04-19_09_40.985,71,6,5,1,-56.291,-20.342,1.372
2012-05-04-19_09_40.986,71,6,5,1,-56.301,-20.342,1.372
2012-05-04-19_09_40.986,71,7,5,1,-65.186,-20.278,1.872
2012-05-04-19_09_40.987,71,7,5,1,-65.195,-20.278,1.872
2012-05-04-19_09_40.988,71,7,5,1,-65.175,-20.185,1.872
2012-05-04-19_09_40.988,71,0,6,0,2.270,-24.783,1.981
2012-05-04-19_09_40.989,71,0,6,0,2.300,-24.690,1.981
2012-05-04-19_09_40.990,71,0,6,0,2.188,-24.758,1.981
2012-05-04-19_09_40.991,71,1,6,0,-6.743,-24.796,1.681
2012-05-04-19_09_40.992,71,1,6,0,-6.821,-24.769,1.681
2012-05-04-19_09_40.992,71,1,6,0,-6.759,-24.710,1.681
2012-05-04-19_09_40.994,71,2,6,0,-15.695,-24.713,1.181
2012-05-04-19_09_40.996,71,2,6,0,-15.777,-24.688,1.181
2012-05-04-19_09_40.997,71,2,6,0,-15.753,-24.698,1.181
2012-05-04-19_09_40.998,71,3,6,0,-24.717,-24.795,1.481
2012-05-04-19_09_40.998,71,3,6,0,-24.687,-24.702,1.581
2012-05-04-19_09_40.999,71,3,6,0,-24.799,-24.770,1.481
2012-05-04-19_09_40.999,71,4,6,0,-33.713,-24.797,0.881
2012-05-04-19_09_41.002,71,4,6,0,-33.683,-24.704,0.881
2012-05-04-19_09_41.003,71,4,6,0,-33.796,-24.772,0.981
2012-05-04-19_09_41.004,71,5,6,0,-42.727,-24.790,1.481
2012-05-04-19_09_41.005,71,5,6,0,-42.674,-24.837,1.481
2012-05-04-19_09_41.005,71,5,6,0,-42.778,-24.804,1.381
2012-05-04-19_09_41.006,71,6,6,0,-51.759,-24.858,1.381
2012-05-04-19_09_41.007,71,6,6,0,-51.729,-24.764,1.481
2012-05-04-19_09_41.008,71,6,6,0,-51.675,-24.812,1.381
2012-05-04-19_09_41.009,71,7,6,0,-60.653,-24.794,2.181
2012-05-04-19_09_41.009,71,7,6,0,-60.736,-24.769,2.081
2012-05-04-19_09_41.010,71,7,6,0,-60.675,-24.715,2.081
2012-05-04-19_09_41.011,71,0,6,1,-2.187,-24.788,1.890
2012-05-04-19_09_41.011,71,0,6,1,-2.164,-24.689,1.990
2012-05-04-19_09_41.012,71,0,6,1,-2.262,-24.770,1.990
2012-05-04-19_09_41.013,71,1,6,1,-11.215,-24.795,1.790
2012-05-04-19_09_41.013,71,1,6,1,-11.339,-24.721,1.690
2012-05-04-19_09_41.014,71,1,6,1,-11.234,-24.709,1.789
2012-05-04-19_09_41.015,71,2,6,1,-20.152,-24.718,1.090
2012-05-04-19_09_41.017,71,2,6,1,-20.227,-24.700,1.090
2012-05-04-19_09_41.018,71,2,6,1,-20.235,-24.700,1.090
2012-05-04-19_09_41.018,71,3,6,1,-29.174,-24.801,1.290
2012-05-04-19_09_41.019,71,3,6,1,-29.151,-24.701,1.490
2012-05-04-19_09_41.020,71,3,6,1,-29.249,-24.783,1.290
2012-05-04-19_09_41.021,71,4,6,1,-38.170,-24.802,0.990
2012-05-04-19_09_41.022,71,4,6,1,-38.148,-24.703,0.990
2012-05-04-19_09_41.022,71,4,6,1,-38.246,-24.784,0.990
2012-05-04-19_09_41.023,71,5,6,1,-47.191,-24.789,1.490
2012-05-04-19_09_41.024,71,5,6,1,-47.277,-24.770,1.390
2012-05-04-19_09_41.024,71,5,6,1,-47.245,-24.792,1.389
2012-05-04-19_09_41.026,71,6,6,1,-56.216,-24.863,1.390
2012-05-04-19_09_41.027,71,6,6,1,-56.193,-24.764,1.490
2012-05-04-19_09_41.028,71,6,6,1,-56.291,-24.845,1.390
2012-05-04-19_09_41.028,71,7,6,1,-65.186,-24.781,1.990
2012-05-04-19_09_41.029,71,7,6,1,-65.193,-24.781,1.990
2012-05-04-19_09_41.029,71,7,6,1,-65.173,-24.680,1.990
2012-05-04-19_09_41.030,71,0,7,0,2.263,-29.279,2.001
2012-05-04-19_09_41.031,71,0,7,0,2.300,-29.189,2.001
2012-05-04-19_09_41.032,71,0,7,0,2.190,-29.259,2.001
2012-05-04-19_09_41.033,71,1,7,0,-6.743,-29.293,1.701
2012-05-04-19_09_41.033,71,1,7,0,-6.819,-29.272,1.701
2012-05-04-19_09_41.034,71,1,7,0,-6.762,-29.206,1.701
2012-05-04-19_09_41.035,71,2,7,0,-15.702,-29.209,1.201
2012-05-04-19_09_41.036,71,2,7,0,-15.775,-29.189,1.101
2012-05-04-19_09_41.037,71,2,7,0,-15.714,-29.137,1.201
2012-05-04-19_09_41.037,71,3,7,0,-24.724,-29.292,1.501
2012-05-04-19_09_41.039,71,3,7,0,-24.687,-29.201,1.501
2012-05-04-19_09_41.040,71,3,7,0,-24.797,-29.271,1.501
2012-05-04-19_09_41.041,71,4,7,0,-33.721,-29.293,1.001
2012-05-04-19_09_41.041,71,4,7,0,-33.684,-29.203,1.001
2012-05-04-19_09_41.042,71,4,7,0,-33.794,-29.273,1.001
2012-05-04-19_09_41.042,71,5,7,0,-42.727,-29.289,1.501
2012-05-04-19_09_41.043,71,5,7,0,-42.672,-29.340,1.501
2012-05-04-19_09_41.044,71,5,7,0,-42.776,-29.307,1.501
2012-05-04-19_09_41.044,71,6,7,0,-51.766,-29.354,1.401
2012-05-04-19_09_41.045,71,6,7,0,-51.729,-29.264,1.401
2012-05-04-19_09_41.046,71,6,7,0,-51.673,-29.315,1.401
2012-05-04-19_09_41.046,71,7,7,0,-60.661,-29.290,2.201
2012-05-04-19_09_41.047,71,7,7,0,-60.734,-29.270,2.201
2012-05-04-19_09_41.048,71,7,7,0,-60.673,-29.218,2.201
2012-05-04-19_09_41.049,71,0,7,1,-2.187,-29.286,2.013
2012-05-04-19_09_41.049,71,0,7,1,-2.162,-29.188,2.013
2012-05-04-19_09_41.050,71,0,7,1,-2.263,-29.269,2.013
2012-05-04-19_09_41.051,71,1,7,1,-11.213,-29.291,1.713
2012-05-04-19_09_41.054,71,1,7,1,-11.337,-29.219,1.713
2012-05-04-19_09_41.055,71,1,7,1,-11.236,-29.205,1.712
2012-05-04-19_09_41.056,71,2,7,1,-20.152,-29.216,1.113
2012-05-04-19_09_41.056,71,2,7,1,-20.228,-29.199,1.213
2012-05-04-19_09_41.057,71,2,7,1,-20.233,-29.196,1.113
2012-05-04-19_09_41.057,71,3,7,1,-29.174,-29.298,1.313
2012-05-04-19_09_41.058,71,3,7,1,-29.149,-29.200,1.513
2012-05-04-19_09_41.059,71,3,7,1,-29.250,-29.281,1.313
2012-05-04-19_09_41.060,71,4,7,1,-38.171,-29.300,1.013
2012-05-04-19_09_41.061,71,4,7,1,-38.146,-29.202,1.013
2012-05-04-19_09_41.061,71,4,7,1,-38.246,-29.283,1.013
2012-05-04-19_09_41.062,71,5,7,1,-47.189,-29.287,1.513
2012-05-04-19_09_41.063,71,5,7,1,-47.275,-29.266,1.513
2012-05-04-19_09_41.064,71,5,7,1,-47.243,-29.292,1.512
2012-05-04-19_09_41.064,71,6,7,1,-56.216,-29.361,1.413
2012-05-04-19_09_41.065,71,6,7,1,-56.191,-29.262,1.513
2012-05-04-19_09_41.066,71,6,7,1,-56.292,-29.344,1.413
2012-05-04-19_09_41.067,71,7,7,1,-65.186,-29.280,2.013
2012-05-04-19_09_41.068,71,7,7,1,-65.191,-29.277,2.013
2012-05-04-19_09_41.069,71,7,7,1,-65.171,-29.177,2.013
2012-05-04-19_09_41.069,71,0,8,0,2.274,-33.778,2.027
2012-05-04-19_09_41.070,71,0,8,0,2.304,-33.688,2.027
2012-05-04-19_09_41.070,71,0,8,0,2.189,-33.755,1.927
2012-05-04-19_09_41.071,71,1,8,0,-6.746,-33.788,1.727
2012-05-04-19_09_41.072,71,1,8,0,-6.819,-33.768,1.727
2012-05-04-19_09_41.073,71,1,8,0,-6.763,-33.703,1.727
2012-05-04-19_09_41.074,71,2,8,0,-15.690,-33.708,1.127
2012-05-04-19_09_41.074,71,2,8,0,-15.776,-33.685,1.127
2012-05-04-19_09_41.075,71,2,8,0,-15.709,-33.638,1.127
2012-05-04-19_09_41.076,71,3,8,0,-24.712,-33.790,1.527
2012-05-04-19_09_41.077,71,3,8,0,-24.683,-33.700,1.527
2012-05-04-19_09_41.079,71,3,8,0,-24.798,-33.768,1.427
2012-05-04-19_09_41.080,71,4,8,0,-33.709,-33.792,1.027
2012-05-04-19_09_41.080,71,4,8,0,-33.679,-33.702,1.027
2012-05-04-19_09_41.081,71,4,8,0,-33.794,-33.769,1.027
2012-05-04-19_09_41.082,71,5,8,0,-42.723,-33.788,1.427
2012-05-04-19_09_41.083,71,5,8,0,-42.672,-33.836,1.527
2012-05-04-19_09_41.083,71,5,8,0,-42.772,-33.808,1.427
2012-05-04-19_09_41.084,71,6,8,0,-51.755,-33.853,1.427
2012-05-04-19_09_41.085,71,6,8,0,-51.725,-33.763,1.327
2012-05-04-19_09_41.086,71,6,8,0,-51.674,-33.811,1.427
2012-05-04-19_09_41.087,71,7,8,0,-60.649,-33.789,2.227
2012-05-04-19_09_41.087,71,7,8,0,-60.734,-33.766,2.227
2012-05-04-19_09_41.088,71,7,8,0,-60.668,-33.719,2.227
2012-05-04-19_09_41.089,71,0,8,1,-2.190,-33.787,2.036
2012-05-04-19_09_41.089,71,0,8,1,-2.165,-33.687,2.035
2012-05-04-19_09_41.090,71,0,8,1,-2.261,-33.766,2.035
2012-05-04-19_09_41.091,71,1,8,1,-11.213,-33.787,1.835
2012-05-04-19_09_41.092,71,1,8,1,-11.339,-33.719,1.835
2012-05-04-19_09_41.092,71,1,8,1,-11.237,-33.702,1.835
2012-05-04-19_09_41.093,71,2,8,1,-20.155,-33.716,1.236
2012-05-04-19_09_41.094,71,2,8,1,-20.226,-33.696,1.135
2012-05-04-19_09_41.095,71,2,8,1,-20.235,-33.692,1.235
2012-05-04-19_09_41.096,71,3,8,1,-29.177,-33.799,1.136
2012-05-04-19_09_41.096,71,3,8,1,-29.152,-33.699,1.235
2012-05-04-19_09_41.097,71,3,8,1,-29.248,-33.778,1.235
2012-05-04-19_09_41.098,71,4,8,1,-38.174,-33.801,1.036
2012-05-04-19_09_41.099,71,4,8,1,-38.148,-33.701,1.035
2012-05-04-19_09_41.099,71,4,8,1,-38.244,-33.780,1.035
2012-05-04-19_09_41.100,71,5,8,1,-47.192,-33.787,1.535
2012-05-04-19_09_41.101,71,5,8,1,-47.275,-33.764,1.535
2012-05-04-19_09_41.102,71,5,8,1,-47.246,-33.793,1.535
2012-05-04-19_09_41.103,71,6,8,1,-56.219,-33.861,1.436
2012-05-04-19_09_41.105,71,6,8,1,-56.194,-33.762,1.535
2012-05-04-19_09_41.105,71,6,8,1,-56.290,-33.841,1.435
2012-05-04-19_09_41.106,71,7,8,1,-65.184,-33.777,2.135
2012-05-04-19_09_41.107,71,7,8,1,-65.194,-33.773,2.135
2012-05-04-19_09_41.108,71,7,8,1,-65.171,-33.675,2.235
2012-05-04-19_09_41.108,71,0,9,0,2.276,-38.282,1.945
2012-05-04-19_09_41.109,71,0,9,0,2.304,-38.195,2.045
2012-05-04-19_09_41.110,71,0,9,0,2.194,-38.254,1.945
2012-05-04-19_09_41.111,71,1,9,0,-6.746,-38.289,1.845
2012-05-04-19_09_41.111,71,1,9,0,-6.820,-38.268,1.845
2012-05-04-19_09_41.112,71,1,9,0,-6.765,-38.211,1.845
2012-05-04-19_09_41.113,71,2,9,0,-15.688,-38.212,1.245
2012-05-04-19_09_41.114,71,2,9,0,-15.771,-38.184,1.245
2012-05-04-19_09_41.115,71,2,9,0,-15.710,-38.141,1.245
2012-05-04-19_09_41.116,71,3,9,0,-24.710,-38.294,1.645
2012-05-04-19_09_41.116,71,3,9,0,-24.683,-38.207,1.645
2012-05-04-19_09_41.117,71,3,9,0,-24.793,-38.266,1.645
2012-05-04-19_09_41.117,71,4,9,0,-33.707,-38.296,1.045
2012-05-04-19_09_41.118,71,4,9,0,-33.680,-38.209,1.045
2012-05-04-19_09_41.119,71,4,9,0,-33.790,-38.268,1.045
2012-05-04-19_09_41.120,71,5,9,0,-42.723,-38.295,1.545
2012-05-04-19_09_41.120,71,5,9,0,-42.672,-38.336,1.545
2012-05-04-19_09_41.121,71,5,9,0,-42.772,-38.311,1.545
2012-05-04-19_09_41.122,71,6,9,0,-51.753,-38.356,1.445
2012-05-04-19_09_41.122,71,6,9,0,-51.725,-38.270,1.445
2012-05-04-19_09_41.123,71,6,9,0,-51.835,-38.329,1.445
2012-05-04-19_09_41.124,71,7,9,0,-60.647,-38.293,2.145
2012-05-04-19_09_41.125,71,7,9,0,-60.730,-38.265,2.145
2012-05-04-19_09_41.125,71,7,9,0,-60.669,-38.222,2.145
2012-05-04-19_09_41.126,71,0,9,1,-2.191,-38.293,2.054
2012-05-04-19_09_41.127,71,0,9,1,-2.165,-38.195,1.954
2012-05-04-19_09_41.127,71,0,9,1,-2.261,-38.267,2.054
2012-05-04-19_09_41.128,71,1,9,1,-11.213,-38.289,1.854
2012-05-04-19_09_41.129,71,1,9,1,-11.340,-38.227,1.854
2012-05-04-19_09_41.130,71,1,9,1,-11.235,-38.209,1.854
2012-05-04-19_09_41.130,71,2,9,1,-20.155,-38.223,1.254
2012-05-04-19_09_41.131,71,2,9,1,-20.226,-38.197,1.254
2012-05-04-19_09_41.132,71,2,9,1,-20.233,-38.195,1.254
2012-05-04-19_09_41.133,71,3,9,1,-29.178,-38.305,1.354
2012-05-04-19_09_41.134,71,3,9,1,-29.152,-38.207,1.354
2012-05-04-19_09_41.134,71,3,9,1,-29.248,-38.279,1.354
2012-05-04-19_09_41.135,71,4,9,1,-38.174,-38.307,1.054
2012-05-04-19_09_41.136,71,4,9,1,-38.149,-38.209,1.054
2012-05-04-19_09_41.136,71,4,9,1,-38.245,-38.281,1.054
2012-05-04-19_09_41.137,71,5,9,1,-47.193,-38.295,1.554
2012-05-04-19_09_41.138,71,5,9,1,-47.276,-38.269,1.554
2012-05-04-19_09_41.139,71,5,9,1,-47.246,-38.299,1.554
2012-05-04-19_09_41.139,71,6,9,1,-56.194,-38.269,1.454
2012-05-04-19_09_41.140,71,6,9,1,-56.290,-38.342,1.554
2012-05-04-19_09_41.141,71,6,9,1,-56.297,-38.340,1.554
2012-05-04-19_09_41.142,71,7,9,1,-65.185,-38.278,2.054
2012-05-04-19_09_41.143,71,7,9,1,-65.192,-38.276,2.054
2012-05-04-19_09_41.143,71,7,9,1,-65.172,-38.180,2.054
2012-05-04-19_09_41.144,71,0,10,0,2.276,-42.783,2.066
2012-05-04-19_09_41.145,71,0,10,0,2.303,-42.696,1.966
2012-05-04-19_09_41.146,71,0,10,0,2.193,-42.754,2.066
2012-05-04-19_09_41.147,71,1,10,0,-6.749,-42.793,1.866
2012-05-04-19_09_41.147,71,1,10,0,-6.822,-42.767,1.866
2012-05-04-19_09_41.148,71,1,10,0,-6.768,-42.715,1.866
2012-05-04-19_09_41.148,71,2,10,0,-15.689,-42.713,1.266
2012-05-04-19_09_41.149,71,2,10,0,-15.772,-42.684,1.266
2012-05-04-19_09_41.150,71,2,10,0,-15.708,-42.639,1.266
2012-05-04-19_09_41.151,71,3,10,0,-24.711,-42.795,1.566
2012-05-04-19_09_41.153,71,3,10,0,-24.683,-42.708,1.566
2012-05-04-19_09_41.154,71,3,10,0,-24.794,-42.767,1.566
2012-05-04-19_09_41.155,71,4,10,0,-33.707,-42.797,1.066
2012-05-04-19_09_41.155,71,4,10,0,-33.680,-42.710,1.066
2012-05-04-19_09_41.156,71,4,10,0,-33.790,-42.768,1.066
2012-05-04-19_09_41.157,71,5,10,0,-42.724,-42.796,1.466
2012-05-04-19_09_41.158,71,5,10,0,-42.675,-42.835,1.466
2012-05-04-19_09_41.159,71,5,10,0,-42.770,-42.809,1.466
2012-05-04-19_09_41.161,71,6,10,0,-51.753,-42.858,1.466
2012-05-04-19_09_41.162,71,6,10,0,-51.725,-42.770,1.366
2012-05-04-19_09_41.163,71,6,10,0,-51.836,-42.829,1.366
2012-05-04-19_09_41.163,71,7,10,0,-60.648,-42.794,2.266
2012-05-04-19_09_41.164,71,7,10,0,-60.730,-42.765,2.266
2012-05-04-19_09_41.165,71,7,10,0,-60.667,-42.720,2.266
2012-05-04-19_09_41.165,71,0,10,1,-2.193,-42.791,1.978
2012-05-04-19_09_41.166,71,0,10,1,-2.166,-42.695,1.978
2012-05-04-19_09_41.167,71,0,10,1,-2.264,-42.769,1.977
2012-05-04-19_09_41.168,71,1,10,1,-11.214,-42.792,1.878
2012-05-04-19_09_41.168,71,1,10,1,-11.340,-42.727,1.878
2012-05-04-19_09_41.169,71,1,10,1,-11.235,-42.714,1.877
2012-05-04-19_09_41.170,71,2,10,1,-20.158,-42.721,1.278
2012-05-04-19_09_41.171,71,2,10,1,-20.229,-42.699,1.277
2012-05-04-19_09_41.171,71,2,10,1,-20.236,-42.698,1.277
2012-05-04-19_09_41.172,71,3,10,1,-29.180,-42.803,1.378
2012-05-04-19_09_41.173,71,3,10,1,-29.153,-42.707,1.378
2012-05-04-19_09_41.174,71,3,10,1,-29.251,-42.781,1.377
2012-05-04-19_09_41.175,71,4,10,1,-38.177,-42.805,1.078
2012-05-04-19_09_41.175,71,4,10,1,-38.149,-42.709,1.078
2012-05-04-19_09_41.176,71,4,10,1,-38.248,-42.783,1.077
2012-05-04-19_09_41.177,71,5,10,1,-47.193,-42.795,1.578
2012-05-04-19_09_41.178,71,5,10,1,-47.278,-42.773,1.577
2012-05-04-19_09_41.178,71,5,10,1,-47.249,-42.798,1.577
2012-05-04-19_09_41.179,71,6,10,1,-56.222,-42.866,1.478
2012-05-04-19_09_41.180,71,6,10,1,-56.195,-42.770,1.578
2012-05-04-19_09_41.181,71,6,10,1,-56.293,-42.844,1.477
2012-05-04-19_09_41.181,71,7,10,1,-65.188,-42.780,2.077
2012-05-04-19_09_41.182,71,7,10,1,-65.195,-42.779,2.077
2012-05-04-19_09_41.183,71,7,10,1,-65.175,-42.684,2.077
2012-05-04-19_09_41.184,71,0,11,0,2.278,-47.283,2.090
2012-05-04-19_09_41.184,71,0,11,0,2.303,-47.190,2.090
2012-05-04-19_09_41.185,71,0,11,0,2.195,-47.258,2.090
2012-05-04-19_09_41.186,71,1,11,0,-6.750,-47.295,1.890
2012-05-04-19_09_41.186,71,1,11,0,-6.825,-47.269,1.890
2012-05-04-19_09_41.187,71,1,11,0,-6.774,-47.209,1.890
2012-05-04-19_09_41.188,71,2,11,0,-15.687,-47.213,1.290
2012-05-04-19_09_41.188,71,2,11,0,-15.770,-47.188,1.290
2012-05-04-19_09_41.189,71,2,11,0,-15.743,-47.198,1.290
2012-05-04-19_09_41.190,71,3,11,0,-24.709,-47.295,1.690
2012-05-04-19_09_41.191,71,3,11,0,-24.684,-47.202,1.690
2012-05-04-19_09_41.192,71,3,11,0,-24.792,-47.270,1.690
2012-05-04-19_09_41.192,71,4,11,0,-33.705,-47.297,0.990
2012-05-04-19_09_41.193,71,4,11,0,-33.680,-47.204,1.090
2012-05-04-19_09_41.194,71,4,11,0,-33.788,-47.272,1.090
2012-05-04-19_09_41.195,71,5,11,0,-42.724,-47.289,1.390
2012-05-04-19_09_41.196,71,5,11,0,-42.678,-47.337,1.490
2012-05-04-19_09_41.196,71,5,11,0,-42.771,-47.304,1.390
2012-05-04-19_09_41.197,71,6,11,0,-51.751,-47.358,1.390
2012-05-04-19_09_41.198,71,6,11,0,-51.726,-47.264,1.490
2012-05-04-19_09_41.199,71,6,11,0,-51.834,-47.333,1.390
2012-05-04-19_09_41.199,71,7,11,0,-60.646,-47.294,2.190
2012-05-04-19_09_41.200,71,7,11,0,-60.728,-47.269,2.290
2012-05-04-19_09_41.201,71,7,11,0,-60.667,-47.215,2.290
2012-05-04-19_09_41.202,71,0,11,1,-2.194,-47.289,1.999
2012-05-04-19_09_41.203,71,0,11,1,-2.171,-47.190,1.999
2012-05-04-19_09_41.204,71,0,11,1,-2.262,-47.270,2.099
2012-05-04-19_09_41.206,71,1,11,1,-11.214,-47.295,1.899
2012-05-04-19_09_41.207,71,1,11,1,-11.346,-47.221,1.899
2012-05-04-19_09_41.208,71,1,11,1,-11.236,-47.209,1.798
2012-05-04-19_09_41.208,71,2,11,1,-20.159,-47.219,1.299
2012-05-04-19_09_41.209,71,2,11,1,-20.227,-47.200,1.299
2012-05-04-19_09_41.209,71,2,11,1,-20.234,-47.199,1.299
2012-05-04-19_09_41.210,71,3,11,1,-29.181,-47.301,1.399
2012-05-04-19_09_41.211,71,3,11,1,-29.158,-47.202,1.499
2012-05-04-19_09_41.212,71,3,11,1,-29.249,-47.283,1.399
2012-05-04-19_09_41.212,71,4,11,1,-38.177,-47.303,1.099
2012-05-04-19_09_41.213,71,4,11,1,-38.155,-47.204,1.099
2012-05-04-19_09_41.214,71,4,11,1,-38.246,-47.284,1.099
2012-05-04-19_09_41.215,71,5,11,1,-47.198,-47.289,1.599
2012-05-04-19_09_41.216,71,5,11,1,-47.279,-47.270,1.599
2012-05-04-19_09_41.216,71,5,11,1,-47.250,-47.292,1.598
2012-05-04-19_09_41.217,71,6,11,1,-56.223,-47.364,1.599
2012-05-04-19_09_41.218,71,6,11,1,-56.200,-47.264,1.499
2012-05-04-19_09_41.219,71,6,11,1,-56.291,-47.345,1.499
2012-05-04-19_09_41.219,71,7,11,1,-65.186,-47.281,2.099
2012-05-04-19_09_41.220,71,7,11,1,-65.193,-47.280,2.199
2012-05-04-19_09_41.221,71,7,11,1,-65.175,-47.181,2.299
2012-05-04-19_09_41.222,71,0,12,0,2.265,-51.780,2.308
2012-05-04-19_09_41.223,71,0,12,0,2.300,-51.690,2.308
2012-05-04-19_09_41.224,71,0,12,0,2.195,-51.759,2.308
2012-05-04-19_09_41.224,71,1,12,0,-6.753,-51.794,2.008
2012-05-04-19_09_41.225,71,1,12,0,-6.828,-51.774,2.008
2012-05-04-19_09_41.225,71,1,12,0,-6.772,-51.707,2.008
2012-05-04-19_09_41.228,71,2,12,0,-15.699,-51.710,1.308
2012-05-04-19_09_41.228,71,2,12,0,-15.770,-51.689,1.308
2012-05-04-19_09_41.229,71,2,12,0,-15.709,-51.638,1.308
2012-05-04-19_09_41.230,71,3,12,0,-24.722,-51.792,1.708
2012-05-04-19_09_41.231,71,3,12,0,-24.687,-51.702,1.708
2012-05-04-19_09_41.232,71,3,12,0,-24.792,-51.771,1.708
2012-05-04-19_09_41.232,71,4,12,0,-33.718,-51.794,1.208
2012-05-04-19_09_41.233,71,4,12,0,-33.683,-51.704,1.108
2012-05-04-19_09_41.234,71,4,12,0,-33.789,-51.773,1.108
2012-05-04-19_09_41.235,71,5,12,0,-42.727,-51.790,1.408
2012-05-04-19_09_41.236,71,5,12,0,-42.681,-51.842,1.408
2012-05-04-19_09_41.236,71,5,12,0,-42.771,-51.808,1.408
2012-05-04-19_09_41.237,71,6,12,0,-51.764,-51.855,1.408
2012-05-04-19_09_41.238,71,6,12,0,-51.729,-51.765,1.408
2012-05-04-19_09_41.239,71,6,12,0,-51.834,-51.834,1.308
2012-05-04-19_09_41.241,71,7,12,0,-60.658,-51.791,2.208
2012-05-04-19_09_41.242,71,7,12,0,-60.729,-51.770,2.108
2012-05-04-19_09_41.242,71,7,12,0,-60.667,-51.719,2.108
2012-05-04-19_09_41.243,71,0,12,1,-2.197,-51.786,2.216
2012-05-04-19_09_41.244,71,0,12,1,-2.174,-51.689,2.116
2012-05-04-19_09_41.245,71,0,12,1,-2.265,-51.769,2.216
2012-05-04-19_09_41.245,71,1,12,1,-11.215,-51.793,1.916
2012-05-04-19_09_41.246,71,1,12,1,-11.348,-51.721,1.916
2012-05-04-19_09_41.247,71,1,12,1,-11.236,-51.706,1.916
2012-05-04-19_09_41.247,71,2,12,1,-20.162,-51.716,1.316
2012-05-04-19_09_41.248,71,2,12,1,-20.230,-51.699,1.316
2012-05-04-19_09_41.249,71,2,12,1,-20.235,-51.697,1.216
2012-05-04-19_09_41.250,71,3,12,1,-29.184,-51.798,1.416
2012-05-04-19_09_41.251,71,3,12,1,-29.161,-51.701,1.616
2012-05-04-19_09_41.251,71,3,12,1,-29.252,-51.781,1.616
2012-05-04-19_09_41.252,71,4,12,1,-38.180,-51.800,1.216
2012-05-04-19_09_41.253,71,4,12,1,-38.158,-51.703,1.116
2012-05-04-19_09_41.254,71,4,12,1,-38.248,-51.783,1.116
2012-05-04-19_09_41.256,71,5,12,1,-47.201,-51.789,1.416
2012-05-04-19_09_41.257,71,5,12,1,-47.279,-51.767,1.416
2012-05-04-19_09_41.257,71,5,12,1,-47.250,-51.792,1.416
2012-05-04-19_09_41.259,71,6,12,1,-56.226,-51.861,1.516
2012-05-04-19_09_41.260,71,6,12,1,-56.203,-51.764,1.516
2012-05-04-19_09_41.261,71,6,12,1,-56.294,-51.843,1.516
2012-05-04-19_09_41.261,71,7,12,1,-65.188,-51.779,2.216
2012-05-04-19_09_41.262,71,7,12,1,-65.193,-51.778,2.216
2012-05-04-19_09_41.262,71,7,12,1,-65.176,-51.678,2.216
2012-05-04-19_09_41.263,71,0,13,0,2.272,-56.278,2.327
2012-05-04-19_09_41.264,71,0,13,0,2.300,-56.190,2.327
2012-05-04-19_09_41.264,71,0,13,0,2.197,-56.255,2.327
2012-05-04-19_09_41.265,71,1,13,0,-6.755,-56.289,2.027
2012-05-04-19_09_41.266,71,1,13,0,-6.831,-56.270,2.027
2012-05-04-19_09_41.267,71,1,13,0,-6.774,-56.204,2.027
2012-05-04-19_09_41.268,71,2,13,0,-15.693,-56.208,1.327
2012-05-04-19_09_41.268,71,2,13,0,-15.768,-56.185,1.327
2012-05-04-19_09_41.269,71,2,13,0,-15.712,-56.140,1.427
2012-05-04-19_09_41.270,71,3,13,0,-24.715,-56.290,1.727
2012-05-04-19_09_41.271,71,3,13,0,-24.687,-56.203,1.727
2012-05-04-19_09_41.272,71,3,13,0,-24.790,-56.267,1.727
2012-05-04-19_09_41.273,71,4,13,0,-33.711,-56.292,1.127
2012-05-04-19_09_41.274,71,4,13,0,-33.684,-56.204,1.127
2012-05-04-19_09_41.274,71,4,13,0,-33.787,-56.269,1.127
2012-05-04-19_09_41.275,71,5,13,0,-42.727,-56.290,1.627
2012-05-04-19_09_41.276,71,5,13,0,-42.684,-56.338,1.427
2012-05-04-19_09_41.276,71,5,13,0,-42.774,-56.309,1.627
2012-05-04-19_09_41.277,71,6,13,0,-51.757,-56.353,1.427
2012-05-04-19_09_41.278,71,6,13,0,-51.729,-56.265,1.527
2012-05-04-19_09_41.279,71,6,13,0,-51.832,-56.329,1.427
2012-05-04-19_09_41.279,71,7,13,0,-60.651,-56.289,2.127
2012-05-04-19_09_41.280,71,7,13,0,-60.727,-56.266,2.127
2012-05-04-19_09_41.281,71,7,13,0,-60.670,-56.220,2.127
2012-05-04-19_09_41.282,71,0,13,1,-2.200,-56.288,2.239
2012-05-04-19_09_41.282,71,0,13,1,-2.172,-56.189,2.139
2012-05-04-19_09_41.283,71,0,13,1,-2.268,-56.265,2.139
2012-05-04-19_09_41.284,71,1,13,1,-11.210,-56.288,1.939
2012-05-04-19_09_41.285,71,1,13,1,-11.346,-56.221,1.939
2012-05-04-19_09_41.287,71,1,13,1,-11.236,-56.204,1.938
2012-05-04-19_09_41.287,71,2,13,1,-20.164,-56.218,1.339
2012-05-04-19_09_41.288,71,2,13,1,-20.233,-56.194,1.339
2012-05-04-19_09_41.289,71,2,13,1,-20.240,-56.193,1.239
2012-05-04-19_09_41.289,71,3,13,1,-29.186,-56.300,1.439
2012-05-04-19_09_41.290,71,3,13,1,-29.159,-56.201,1.639
2012-05-04-19_09_41.290,71,3,13,1,-29.255,-56.277,1.539
2012-05-04-19_09_41.291,71,4,13,1,-38.183,-56.302,1.139
2012-05-04-19_09_41.292,71,4,13,1,-38.155,-56.203,1.139
2012-05-04-19_09_41.293,71,4,13,1,-38.251,-56.279,1.139
2012-05-04-19_09_41.294,71,5,13,1,-47.199,-56.289,1.639
2012-05-04-19_09_41.294,71,5,13,1,-47.282,-56.265,1.638
2012-05-04-19_09_41.295,71,5,13,1,-47.253,-56.292,1.638
2012-05-04-19_09_41.296,71,6,13,1,-56.229,-56.363,1.539
2012-05-04-19_09_41.297,71,6,13,1,-56.201,-56.264,1.539
2012-05-04-19_09_41.297,71,6,13,1,-56.297,-56.339,1.539
2012-05-04-19_09_41.298,71,7,13,1,-65.191,-56.275,2.239
2012-05-04-19_09_41.299,71,7,13,1,-65.199,-56.274,2.239
2012-05-04-19_09_41.300,71,7,13,1,-65.178,-56.176,2.138
2012-05-04-19_09_41.300,71,0,14,0,2.272,-60.782,2.251
2012-05-04-19_09_41.301,71,0,14,0,2.297,-60.696,2.251
2012-05-04-19_09_41.302,71,0,14,0,2.199,-60.754,2.251
2012-05-04-19_09_41.303,71,1,14,0,-6.753,-60.789,2.051
2012-05-04-19_09_41.304,71,1,14,0,-6.831,-60.768,2.051
2012-05-04-19_09_41.305,71,1,14,0,-6.775,-60.711,2.051
2012-05-04-19_09_41.306,71,2,14,0,-15.693,-60.712,1.351
2012-05-04-19_09_41.308,71,2,14,0,-15.766,-60.684,1.351
2012-05-04-19_09_41.309,71,2,14,0,-15.712,-60.641,1.351
2012-05-04-19_09_41.310,71,3,14,0,-24.715,-60.794,1.751
2012-05-04-19_09_41.311,71,3,14,0,-24.690,-60.708,1.751
2012-05-04-19_09_41.311,71,3,14,0,-24.788,-60.766,1.751
2012-05-04-19_09_41.312,71,4,14,0,-33.712,-60.796,1.051
2012-05-04-19_09_41.313,71,4,14,0,-33.687,-60.710,1.051
2012-05-04-19_09_41.314,71,4,14,0,-33.785,-60.768,1.051
2012-05-04-19_09_41.314,71,5,14,0,-42.730,-60.796,1.651
2012-05-04-19_09_41.315,71,5,14,0,-42.684,-60.836,1.451
2012-05-04-19_09_41.316,71,5,14,0,-42.774,-60.811,1.651
2012-05-04-19_09_41.317,71,6,14,0,-51.757,-60.857,1.451
2012-05-04-19_09_41.318,71,6,14,0,-51.732,-60.771,1.551
2012-05-04-19_09_41.319,71,6,14,0,-51.830,-60.828,1.451
2012-05-04-19_09_41.319,71,7,14,0,-60.652,-60.793,2.051
2012-05-04-19_09_41.320,71,7,14,0,-60.725,-60.764,2.151
2012-05-04-19_09_41.321,71,7,14,0,-60.671,-60.722,2.151
2012-05-04-19_09_41.322,71,0,14,1,-2.200,-60.793,2.261
2012-05-04-19_09_41.323,71,0,14,1,-2.172,-60.696,2.161
2012-05-04-19_09_41.324,71,0,14,1,-2.268,-60.766,2.261
2012-05-04-19_09_41.325,71,1,14,1,-11.211,-60.790,1.961
2012-05-04-19_09_41.327,71,1,14,1,-11.347,-60.727,1.961
2012-05-04-19_09_41.328,71,1,14,1,-11.237,-60.710,1.961
2012-05-04-19_09_41.329,71,2,14,1,-20.165,-60.723,1.361
2012-05-04-19_09_41.329,71,2,14,1,-20.233,-60.696,1.361
2012-05-04-19_09_41.330,71,2,14,1,-20.240,-60.695,1.261
2012-05-04-19_09_41.331,71,3,14,1,-29.187,-60.805,1.361
2012-05-04-19_09_41.331,71,3,14,1,-29.159,-60.708,1.461
2012-05-04-19_09_41.332,71,3,14,1,-29.255,-60.779,1.461
2012-05-04-19_09_41.333,71,4,14,1,-38.184,-60.807,1.161
2012-05-04-19_09_41.334,71,4,14,1,-38.156,-60.710,1.161
2012-05-04-19_09_41.335,71,4,14,1,-38.252,-60.780,1.161
2012-05-04-19_09_41.335,71,5,14,1,-47.200,-60.796,1.661
2012-05-04-19_09_41.336,71,5,14,1,-47.283,-60.769,1.561
2012-05-04-19_09_41.337,71,5,14,1,-47.256,-60.798,1.661
2012-05-04-19_09_41.337,71,6,14,1,-56.229,-60.868,1.561
2012-05-04-19_09_41.338,71,6,14,1,-56.201,-60.770,1.561
2012-05-04-19_09_41.339,71,6,14,1,-56.297,-60.841,1.561
2012-05-04-19_09_41.340,71,7,14,1,-65.192,-60.777,2.261
2012-05-04-19_09_41.341,71,7,14,1,-65.199,-60.776,2.261
2012-05-04-19_09_41.341,71,7,14,1,-65.179,-60.680,2.261
2012-05-04-19_09_41.342,71,0,15,0,2.269,-65.283,2.270
2012-05-04-19_09_41.343,71,0,15,0,2.294,-65.196,2.270
2012-05-04-19_09_41.344,71,0,15,0,2.196,-65.255,2.270
2012-05-04-19_09_41.344,71,1,15,0,-6.751,-65.293,2.070
2012-05-04-19_09_41.345,71,1,15,0,-6.832,-65.267,2.070
2012-05-04-19_09_41.346,71,1,15,0,-6.773,-65.215,2.070
2012-05-04-19_09_41.347,71,2,15,0,-15.696,-65.213,1.470
2012-05-04-19_09_41.348,71,2,15,0,-15.769,-65.185,1.370
2012-05-04-19_09_41.349,71,2,15,0,-15.715,-65.139,1.370
2012-05-04-19_09_41.349,71,3,15,0,-24.718,-65.295,1.770
2012-05-04-19_09_41.350,71,3,15,0,-24.693,-65.208,1.770
2012-05-04-19_09_41.351,71,3,15,0,-24.791,-65.267,1.770
2012-05-04-19_09_41.352,71,4,15,0,-33.714,-65.297,1.070
2012-05-04-19_09_41.352,71,4,15,0,-33.689,-65.210,1.070
2012-05-04-19_09_41.353,71,4,15,0,-33.788,-65.269,1.070
2012-05-04-19_09_41.354,71,5,15,0,-42.733,-65.296,1.670
2012-05-04-19_09_41.355,71,5,15,0,-42.685,-65.335,1.470
2012-05-04-19_09_41.355,71,5,15,0,-42.777,-65.309,1.670
2012-05-04-19_09_41.358,71,6,15,0,-51.760,-65.357,1.470
2012-05-04-19_09_41.359,71,6,15,0,-51.735,-65.271,1.470
2012-05-04-19_09_41.359,71,6,15,0,-51.833,-65.330,1.470
2012-05-04-19_09_41.360,71,7,15,0,-60.655,-65.294,2.070
2012-05-04-19_09_41.360,71,7,15,0,-60.728,-65.266,2.070
2012-05-04-19_09_41.361,71,7,15,0,-60.674,-65.220,2.070
2012-05-04-19_09_41.362,71,0,15,1,-2.196,-65.292,2.279
2012-05-04-19_09_41.363,71,0,15,1,-2.170,-65.196,2.179
2012-05-04-19_09_41.363,71,0,15,1,-2.271,-65.269,2.179
2012-05-04-19_09_41.364,71,1,15,1,-11.211,-65.293,1.979
2012-05-04-19_09_41.365,71,1,15,1,-11.345,-65.227,1.979
2012-05-04-19_09_41.365,71,1,15,1,-11.235,-65.214,1.979
2012-05-04-19_09_41.366,71,2,15,1,-20.160,-65.222,1.379
2012-05-04-19_09_41.367,71,2,15,1,-20.236,-65.199,1.379
2012-05-04-19_09_41.368,71,2,15,1,-20.243,-65.198,1.379
2012-05-04-19_09_41.369,71,3,15,1,-29.182,-65.304,1.379
2012-05-04-19_09_41.369,71,3,15,1,-29.157,-65.208,1.479
2012-05-04-19_09_41.370,71,3,15,1,-29.258,-65.281,1.479
2012-05-04-19_09_41.371,71,4,15,1,-38.179,-65.306,1.179
2012-05-04-19_09_41.372,71,4,15,1,-38.154,-65.210,1.179
2012-05-04-19_09_41.372,71,4,15,1,-38.255,-65.283,1.179
2012-05-04-19_09_41.373,71,5,15,1,-47.198,-65.295,1.479
2012-05-04-19_09_41.374,71,5,15,1,-47.285,-65.274,1.579
2012-05-04-19_09_41.375,71,5,15,1,-47.256,-65.298,1.679
2012-05-04-19_09_41.376,71,6,15,1,-56.225,-65.366,1.579
2012-05-04-19_09_41.376,71,6,15,1,-56.199,-65.270,1.579
2012-05-04-19_09_41.377,71,6,15,1,-56.300,-65.344,1.579
2012-05-04-19_09_41.378,71,7,15,1,-65.195,-65.280,2.079
2012-05-04-19_09_41.379,71,7,15,1,-65.202,-65.279,2.179
2012-05-04-19_09_41.379,71,7,15,1,-65.182,-65.185,2.079
2012-05-04-19_09_41.380,71,0,16,0,2.266,-69.783,2.291
2012-05-04-19_09_41.381,71,0,16,0,2.294,-69.689,2.291
2012-05-04-19_09_41.382,71,0,16,0,2.196,-69.759,2.291
2012-05-04-19_09_41.382,71,1,16,0,-6.749,-69.795,2.091
2012-05-04-19_09_41.383,71,1,16,0,-6.830,-69.768,2.091
2012-05-04-19_09_41.384,71,1,16,0,-6.773,-69.708,2.191
2012-05-04-19_09_41.385,71,2,16,0,-15.699,-69.713,1.391
2012-05-04-19_09_41.386,71,2,16,0,-15.769,-69.689,1.491
2012-05-04-19_09_41.386,71,2,16,0,-15.747,-69.698,1.391
2012-05-04-19_09_41.387,71,3,16,0,-24.721,-69.795,1.791
2012-05-04-19_09_41.388,71,3,16,0,-24.693,-69.701,1.791
2012-05-04-19_09_41.389,71,3,16,0,-24.791,-69.771,1.791
2012-05-04-19_09_41.390,71,4,16,0,-33.717,-69.797,1.091
2012-05-04-19_09_41.390,71,4,16,0,-33.690,-69.703,1.091
2012-05-04-19_09_41.391,71,4,16,0,-33.788,-69.773,1.091
2012-05-04-19_09_41.392,71,5,16,0,-42.734,-69.788,1.591
2012-05-04-19_09_41.393,71,5,16,0,-42.683,-69.836,1.491
2012-05-04-19_09_41.394,71,5,16,0,-42.778,-69.803,1.591
2012-05-04-19_09_41.394,71,6,16,0,-51.763,-69.858,1.491
2012-05-04-19_09_41.395,71,6,16,0,-51.735,-69.763,1.491
2012-05-04-19_09_41.396,71,6,16,0,-51.833,-69.833,1.391
2012-05-04-19_09_41.397,71,7,16,0,-60.657,-69.794,2.091
2012-05-04-19_09_41.398,71,7,16,0,-60.728,-69.770,2.091
2012-05-04-19_09_41.398,71,7,16,0,-60.674,-69.714,2.091
2012-05-04-19_09_41.399,71,0,16,1,-2.198,-69.789,2.303
2012-05-04-19_09_41.400,71,0,16,1,-2.168,-69.688,2.203
2012-05-04-19_09_41.400,71,0,16,1,-2.271,-69.771,2.302
2012-05-04-19_09_41.401,71,1,16,1,-11.211,-69.794,2.003
2012-05-04-19_09_41.402,71,1,16,1,-11.343,-69.720,2.003
2012-05-04-19_09_41.403,71,1,16,1,-11.233,-69.708,2.002
2012-05-04-19_09_41.404,71,2,16,1,-20.163,-69.719,1.403
2012-05-04-19_09_41.405,71,2,16,1,-20.236,-69.701,1.402
2012-05-04-19_09_41.407,71,2,16,1,-20.246,-69.699,1.402
2012-05-04-19_09_41.409,71,3,16,1,-29.185,-69.801,1.503
2012-05-04-19_09_41.409,71,3,16,1,-29.155,-69.700,1.503
2012-05-04-19_09_41.410,71,3,16,1,-29.258,-69.783,1.602
2012-05-04-19_09_41.411,71,4,16,1,-38.182,-69.803,1.203
2012-05-04-19_09_41.411,71,4,16,1,-38.152,-69.702,1.203
2012-05-04-19_09_41.412,71,4,16,1,-38.255,-69.785,1.102
2012-05-04-19_09_41.413,71,5,16,1,-47.196,-69.788,1.503
2012-05-04-19_09_41.413,71,5,16,1,-47.286,-69.769,1.702
2012-05-04-19_09_41.414,71,5,16,1,-47.257,-69.792,1.602
2012-05-04-19_09_41.415,71,6,16,1,-56.227,-69.863,1.603
2012-05-04-19_09_41.415,71,6,16,1,-56.197,-69.763,1.603
2012-05-04-19_09_41.416,71,6,16,1,-56.300,-69.845,1.602
2012-05-04-19_09_41.417,71,7,16,1,-65.195,-69.782,2.202
2012-05-04-19_09_41.418,71,7,16,1,-65.205,-69.780,2.202
2012-05-04-19_09_41.419,71,7,16,1,-65.182,-69.680,2.202
2012-05-04-19_09_41.419,71,0,17,0,2.258,-74.280,2.315
2012-05-04-19_09_41.420,71,0,17,0,2.293,-74.190,2.315
2012-05-04-19_09_41.421,71,0,17,0,2.193,-74.259,2.315
2012-05-04-19_09_41.422,71,1,17,0,-6.747,-74.293,2.115
2012-05-04-19_09_41.422,71,1,17,0,-6.828,-74.272,2.115
2012-05-04-19_09_41.423,71,1,17,0,-6.769,-74.206,2.115
2012-05-04-19_09_41.424,71,2,17,0,-15.706,-74.210,1.415
2012-05-04-19_09_41.425,71,2,17,0,-15.772,-74.189,1.415
2012-05-04-19_09_41.425,71,2,17,0,-15.718,-74.137,1.415
2012-05-04-19_09_41.426,71,3,17,0,-24.729,-74.292,1.815
2012-05-04-19_09_41.427,71,3,17,0,-24.694,-74.202,1.815
2012-05-04-19_09_41.428,71,3,17,0,-24.794,-74.271,1.815
2012-05-04-19_09_41.429,71,4,17,0,-33.725,-74.294,1.115
2012-05-04-19_09_41.429,71,4,17,0,-33.690,-74.204,1.115
2012-05-04-19_09_41.430,71,4,17,0,-33.791,-74.273,1.115
2012-05-04-19_09_41.431,71,5,17,0,-42.734,-74.290,1.715
2012-05-04-19_09_41.432,71,5,17,0,-42.681,-74.340,1.415
2012-05-04-19_09_41.433,71,5,17,0,-42.781,-74.307,1.715
2012-05-04-19_09_41.433,71,6,17,0,-51.771,-74.354,1.515
2012-05-04-19_09_41.434,71,6,17,0,-51.736,-74.264,1.515
2012-05-04-19_09_41.435,71,6,17,0,-51.836,-74.333,1.515
2012-05-04-19_09_41.436,71,7,17,0,-60.665,-74.290,2.115
2012-05-04-19_09_41.437,71,7,17,0,-60.731,-74.269,2.115
2012-05-04-19_09_41.437,71,7,17,0,-60.677,-74.218,2.115
2012-05-04-19_09_41.438,71,0,17,1,-2.196,-74.286,2.224
2012-05-04-19_09_41.439,71,0,17,1,-2.169,-74.189,2.224
2012-05-04-19_09_41.439,71,0,17,1,-2.269,-74.270,2.224
2012-05-04-19_09_41.440,71,1,17,1,-11.214,-74.292,2.024
2012-05-04-19_09_41.441,71,1,17,1,-11.343,-74.221,2.024
2012-05-04-19_09_41.442,71,1,17,1,-11.233,-74.206,2.024
2012-05-04-19_09_41.443,71,2,17,1,-20.161,-74.216,1.424
2012-05-04-19_09_41.444,71,2,17,1,-20.234,-74.200,1.424
2012-05-04-19_09_41.444,71,2,17,1,-20.242,-74.197,1.424
2012-05-04-19_09_41.445,71,3,17,1,-29.183,-74.298,1.524
2012-05-04-19_09_41.446,71,3,17,1,-29.156,-74.201,1.524
2012-05-04-19_09_41.447,71,3,17,1,-29.256,-74.282,1.524
2012-05-04-19_09_41.448,71,4,17,1,-38.180,-74.300,1.124
2012-05-04-19_09_41.448,71,4,17,1,-38.152,-74.203,1.124
2012-05-04-19_09_41.449,71,4,17,1,-38.253,-74.284,1.124
2012-05-04-19_09_41.450,71,5,17,1,-47.196,-74.289,1.724
2012-05-04-19_09_41.450,71,5,17,1,-47.284,-74.267,1.724
2012-05-04-19_09_41.451,71,5,17,1,-47.252,-74.292,1.724
2012-05-04-19_09_41.452,71,6,17,1,-56.225,-74.361,1.724
2012-05-04-19_09_41.453,71,6,17,1,-56.198,-74.263,1.724
2012-05-04-19_09_41.454,71,6,17,1,-56.298,-74.344,1.724
2012-05-04-19_09_41.455,71,7,17,1,-65.193,-74.280,2.324
2012-05-04-19_09_41.456,71,7,17,1,-65.200,-74.278,2.224
2012-05-04-19_09_41.457,71,7,17,1,-65.180,-74.178,2.224
2012-05-04-19_09_41.459,71,0,18,0,2.268,-78.778,2.133
2012-05-04-19_09_41.460,71,0,18,0,2.293,-78.689,2.133
2012-05-04-19_09_41.461,71,0,18,0,2.190,-78.755,2.133
2012-05-04-19_09_41.462,71,1,18,0,-6.748,-78.788,2.033
2012-05-04-19_09_41.462,71,1,18,0,-6.828,-78.769,2.033
2012-05-04-19_09_41.463,71,1,18,0,-6.769,-78.703,2.033
2012-05-04-19_09_41.464,71,2,18,0,-15.697,-78.708,1.433
2012-05-04-19_09_41.465,71,2,18,0,-15.775,-78.685,1.433
2012-05-04-19_09_41.465,71,2,18,0,-15.719,-78.639,1.433
2012-05-04-19_09_41.466,71,3,18,0,-24.719,-78.790,1.833
2012-05-04-19_09_41.467,71,3,18,0,-24.694,-78.701,1.833
2012-05-04-19_09_41.468,71,3,18,0,-24.797,-78.767,1.833
2012-05-04-19_09_41.468,71,4,18,0,-33.716,-78.792,1.233
2012-05-04-19_09_41.469,71,4,18,0,-33.691,-78.703,1.233
2012-05-04-19_09_41.470,71,4,18,0,-33.794,-78.769,1.233
2012-05-04-19_09_41.471,71,5,18,0,-42.734,-78.788,1.933
2012-05-04-19_09_41.472,71,5,18,0,-42.681,-78.837,1.733
2012-05-04-19_09_41.473,71,5,18,0,-42.781,-78.809,1.933
2012-05-04-19_09_41.474,71,6,18,0,-51.761,-78.853,1.633
2012-05-04-19_09_41.475,71,6,18,0,-51.736,-78.763,1.733
2012-05-04-19_09_41.477,71,6,18,0,-51.839,-78.829,1.633
2012-05-04-19_09_41.478,71,7,18,0,-60.656,-78.789,2.333
2012-05-04-19_09_41.478,71,7,18,0,-60.734,-78.766,2.433
2012-05-04-19_09_41.479,71,7,18,0,-60.677,-78.719,2.333
2012-05-04-19_09_41.480,71,0,18,1,-2.197,-78.787,2.142
2012-05-04-19_09_41.480,71,0,18,1,-2.169,-78.688,2.142
2012-05-04-19_09_41.482,71,0,18,1,-2.272,-78.766,2.141
2012-05-04-19_09_41.483,71,1,18,1,-11.212,-78.787,1.942
2012-05-04-19_09_41.484,71,1,18,1,-11.344,-78.720,1.942
2012-05-04-19_09_41.484,71,1,18,1,-11.236,-78.703,1.941
2012-05-04-19_09_41.485,71,2,18,1,-20.162,-78.717,1.542
2012-05-04-19_09_41.486,71,2,18,1,-20.237,-78.696,1.541
2012-05-04-19_09_41.488,71,2,18,1,-20.244,-78.693,1.541
2012-05-04-19_09_41.489,71,3,18,1,-29.184,-78.800,1.542
2012-05-04-19_09_41.489,71,3,18,1,-29.156,-78.700,1.742
2012-05-04-19_09_41.490,71,3,18,1,-29.259,-78.778,1.741
2012-05-04-19_09_41.492,71,4,18,1,-38.180,-78.801,1.242
2012-05-04-19_09_41.493,71,4,18,1,-38.153,-78.702,1.242
2012-05-04-19_09_41.493,71,4,18,1,-38.256,-78.780,1.241
2012-05-04-19_09_41.494,71,5,18,1,-47.196,-78.788,1.742
2012-05-04-19_09_41.495,71,5,18,1,-47.284,-78.764,1.941
2012-05-04-19_09_41.495,71,5,18,1,-47.253,-78.793,1.841
2012-05-04-19_09_41.496,71,6,18,1,-56.226,-78.862,1.742
2012-05-04-19_09_41.497,71,6,18,1,-56.198,-78.763,1.742
2012-05-04-19_09_41.498,71,6,18,1,-56.301,-78.840,1.641
2012-05-04-19_09_41.498,71,7,18,1,-65.196,-78.777,2.441
2012-05-04-19_09_41.499,71,7,18,1,-65.203,-78.774,2.341
2012-05-04-19_09_41.500,71,7,18,1,-65.181,-78.675,2.441
2012-05-04-19_09_41.501,71,0,19,0,2.267,-83.282,2.153
2012-05-04-19_09_41.502,71,0,19,0,2.295,-83.195,2.153
2012-05-04-19_09_41.502,71,0,19,0,2.187,-83.254,2.153
2012-05-04-19_09_41.503,71,1,19,0,-6.748,-83.289,2.053
2012-05-04-19_09_41.504,71,1,19,0,-6.829,-83.268,2.053
2012-05-04-19_09_41.505,71,1,19,0,-6.770,-83.211,2.053
2012-05-04-19_09_41.506,71,2,19,0,-15.698,-83.212,1.453
2012-05-04-19_09_41.507,71,2,19,0,-15.778,-83.184,1.553
2012-05-04-19_09_41.507,71,2,19,0,-15.721,-83.141,1.553
2012-05-04-19_09_41.508,71,3,19,0,-24.720,-83.294,1.853
2012-05-04-19_09_41.509,71,3,19,0,-24.692,-83.207,1.853
2012-05-04-19_09_41.510,71,3,19,0,-24.800,-83.266,1.853
2012-05-04-19_09_41.511,71,4,19,0,-33.716,-83.296,1.253
2012-05-04-19_09_41.511,71,4,19,0,-33.689,-83.209,1.153
2012-05-04-19_09_41.513,71,4,19,0,-33.797,-83.268,1.253
2012-05-04-19_09_41.515,71,5,19,0,-42.732,-83.295,1.953
2012-05-04-19_09_41.516,71,5,19,0,-42.681,-83.336,1.753
2012-05-04-19_09_41.517,71,5,19,0,-42.784,-83.311,1.853
2012-05-04-19_09_41.517,71,6,19,0,-51.762,-83.356,1.653
2012-05-04-19_09_41.518,71,6,19,0,-51.734,-83.270,1.653
2012-05-04-19_09_41.518,71,6,19,0,-51.683,-83.311,1.653
2012-05-04-19_09_41.519,71,7,19,0,-60.656,-83.293,2.353
2012-05-04-19_09_41.520,71,7,19,0,-60.737,-83.264,2.453
2012-05-04-19_09_41.520,71,7,19,0,-60.680,-83.222,2.353
2012-05-04-19_09_41.521,71,0,19,1,-2.195,-83.293,2.165
2012-05-04-19_09_41.522,71,0,19,1,-2.167,-83.195,2.165
2012-05-04-19_09_41.522,71,0,19,1,-2.270,-83.266,2.165
2012-05-04-19_09_41.523,71,1,19,1,-11.213,-83.289,1.965
2012-05-04-19_09_41.525,71,1,19,1,-11.342,-83.227,1.965
2012-05-04-19_09_41.526,71,1,19,1,-11.237,-83.209,1.965
2012-05-04-19_09_41.526,71,2,19,1,-20.160,-83.223,1.565
2012-05-04-19_09_41.527,71,2,19,1,-20.235,-83.196,1.565
2012-05-04-19_09_41.528,71,2,19,1,-20.242,-83.195,1.565
2012-05-04-19_09_41.528,71,3,19,1,-29.182,-83.305,1.565
2012-05-04-19_09_41.529,71,3,19,1,-29.154,-83.207,1.865
2012-05-04-19_09_41.531,71,3,19,1,-29.257,-83.278,1.865
2012-05-04-19_09_41.531,71,4,19,1,-38.178,-83.307,1.265
2012-05-04-19_09_41.532,71,4,19,1,-38.151,-83.209,1.265
2012-05-04-19_09_41.533,71,4,19,1,-38.254,-83.280,1.265
2012-05-04-19_09_41.534,71,5,19,1,-47.194,-83.295,1.765
2012-05-04-19_09_41.534,71,5,19,1,-47.282,-83.269,1.965
2012-05-04-19_09_41.535,71,5,19,1,-47.253,-83.298,1.965
2012-05-04-19_09_41.536,71,6,19,1,-56.196,-83.270,1.665
2012-05-04-19_09_41.537,71,6,19,1,-56.299,-83.341,1.765
2012-05-04-19_09_41.537,71,6,19,1,-56.307,-83.340,1.665
2012-05-04-19_09_41.538,71,7,19,1,-65.194,-83.277,2.365
2012-05-04-19_09_41.539,71,7,19,1,-65.201,-83.276,2.265
2012-05-04-19_09_41.539,71,7,19,1,-65.179,-83.180,2.465
2012-05-04-19_09_41.540,71,0,20,0,2.267,-87.783,2.178
2012-05-04-19_09_41.541,71,0,20,0,2.297,-87.696,2.178
2012-05-04-19_09_41.542,71,0,20,0,2.187,-87.754,2.078
2012-05-04-19_09_41.543,71,1,20,0,-6.751,-87.793,1.978
2012-05-04-19_09_41.544,71,1,20,0,-6.827,-87.767,1.978
2012-05-04-19_09_41.544,71,1,20,0,-6.770,-87.715,1.978
2012-05-04-19_09_41.545,71,2,20,0,-15.698,-87.713,1.578
2012-05-04-19_09_41.546,71,2,20,0,-15.778,-87.684,1.578
2012-05-04-19_09_41.547,71,2,20,0,-15.719,-87.639,1.478
2012-05-04-19_09_41.548,71,3,20,0,-24.720,-87.796,1.878
2012-05-04-19_09_41.548,71,3,20,0,-24.690,-87.708,1.878
2012-05-04-19_09_41.549,71,3,20,0,-24.800,-87.767,1.878
2012-05-04-19_09_41.550,71,4,20,0,-33.717,-87.797,1.178
2012-05-04-19_09_41.551,71,4,20,0,-33.687,-87.710,1.178
2012-05-04-19_09_41.552,71,4,20,0,-33.797,-87.768,1.178
2012-05-04-19_09_41.553,71,5,20,0,-42.730,-87.796,1.878
2012-05-04-19_09_41.554,71,5,20,0,-42.679,-87.835,1.778
2012-05-04-19_09_41.554,71,5,20,0,-42.782,-87.809,1.878
2012-05-04-19_09_41.555,71,6,20,0,-51.762,-87.858,1.678
2012-05-04-19_09_41.556,71,6,20,0,-51.732,-87.770,1.678
2012-05-04-19_09_41.557,71,6,20,0,-51.681,-87.810,1.678
2012-05-04-19_09_41.558,71,7,20,0,-60.657,-87.794,2.378
2012-05-04-19_09_41.558,71,7,20,0,-60.737,-87.765,2.378
2012-05-04-19_09_41.559,71,7,20,0,-60.678,-87.720,2.378
2012-05-04-19_09_41.560,71,0,20,1,-2.193,-87.791,2.087
2012-05-04-19_09_41.560,71,0,20,1,-2.276,-87.772,2.087
2012-05-04-19_09_41.561,71,0,20,1,-2.217,-87.710,2.187
2012-05-04-19_09_41.562,71,1,20,1,-11.294,-87.768,13.187
2012-05-04-19_09_41.563,71,2,20,1,-20.158,-87.721,1.587
2012-05-04-19_09_41.565,71,2,20,1,-20.241,-87.702,1.587
2012-05-04-19_09_41.566,71,3,20,1,-29.180,-87.803,1.587
2012-05-04-19_09_41.567,71,3,20,1,-29.263,-87.784,1.687
2012-05-04-19_09_41.567,71,3,20,1,-29.204,-87.722,1.887
2012-05-04-19_09_41.568,71,4,20,1,-38.176,-87.805,1.287
2012-05-04-19_09_41.569,71,4,20,1,-38.259,-87.786,1.287
2012-05-04-19_09_41.570,71,4,20,1,-38.200,-87.724,1.287
2012-05-04-19_09_41.570,71,5,20,1,-47.244,-87.809,1.887
2012-05-04-19_09_41.571,71,6,20,1,-56.222,-87.866,1.687
2012-05-04-19_09_41.572,71,6,20,1,-56.305,-87.847,1.687
2012-05-04-19_09_41.573,71,6,20,1,-56.148,-87.811,13.187
2012-05-04-19_09_41.574,71,7,20,1,-65.199,-87.783,2.187
2012-05-04-19_09_41.576,71,7,20,1,-65.140,-87.720,2.187
2012-05-04-19_09_41.576,71,0,21,0,2.269,-92.282,2.196
2012-05-04-19_09_41.578,71,0,21,0,2.296,-92.190,2.096
2012-05-04-19_09_41.579,71,0,21,0,2.189,-92.258,2.096
2012-05-04-19_09_41.580,71,1,21,0,-6.752,-92.295,1.996
2012-05-04-19_09_41.580,71,1,21,0,-6.829,-92.269,1.996
2012-05-04-19_09_41.581,71,1,21,0,-6.770,-92.209,1.996
2012-05-04-19_09_41.582,71,2,21,0,-15.696,-92.212,1.396
2012-05-04-19_09_41.583,71,2,21,0,-15.776,-92.188,1.396
2012-05-04-19_09_41.584,71,2,21,0,-15.754,-92.197,1.496
2012-05-04-19_09_41.584,71,3,21,0,-24.718,-92.294,1.896
2012-05-04-19_09_41.585,71,3,21,0,-24.691,-92.202,1.896
2012-05-04-19_09_41.586,71,3,21,0,-24.798,-92.270,1.896
2012-05-04-19_09_41.587,71,4,21,0,-33.715,-92.296,1.196
2012-05-04-19_09_41.588,71,4,21,0,-33.687,-92.204,1.196
2012-05-04-19_09_41.588,71,4,21,0,-33.795,-92.272,1.196
2012-05-04-19_09_41.589,71,5,21,0,-42.731,-92.290,1.996
2012-05-04-19_09_41.590,71,5,21,0,-42.682,-92.337,1.696
2012-05-04-19_09_41.590,71,5,21,0,-42.780,-92.304,1.896
2012-05-04-19_09_41.591,71,6,21,0,-51.760,-92.357,1.596
2012-05-04-19_09_41.592,71,6,21,0,-51.733,-92.265,1.596
2012-05-04-19_09_41.593,71,6,21,0,-51.684,-92.312,1.596
2012-05-04-19_09_41.593,71,7,21,0,-60.655,-92.293,2.396
2012-05-04-19_09_41.595,71,7,21,0,-60.735,-92.269,2.396
2012-05-04-19_09_41.596,71,7,21,0,-60.676,-92.215,2.396
2012-05-04-19_09_41.597,71,0,21,1,-2.193,-92.290,2.105
2012-05-04-19_09_41.597,71,0,21,1,-2.168,-92.190,2.104
2012-05-04-19_09_41.598,71,0,21,1,-2.266,-92.271,2.104
2012-05-04-19_09_41.599,71,1,21,1,-11.214,-92.295,2.104
2012-05-04-19_09_41.600,71,1,21,1,-11.342,-92.222,2.104
2012-05-04-19_09_41.601,71,1,21,1,-11.235,-92.209,2.104
2012-05-04-19_09_41.602,71,2,21,1,-20.158,-92.220,1.605
2012-05-04-19_09_41.603,71,2,21,1,-20.231,-92.201,1.604
2012-05-04-19_09_41.603,71,2,21,1,-20.241,-92.200,1.504
2012-05-04-19_09_41.604,71,3,21,1,-29.180,-92.302,1.605
2012-05-04-19_09_41.605,71,3,21,1,-29.155,-92.202,1.704
2012-05-04-19_09_41.605,71,3,21,1,-29.253,-92.283,1.604
2012-05-04-19_09_41.606,71,4,21,1,-38.177,-92.304,1.205
2012-05-04-19_09_41.607,71,4,21,1,-38.152,-92.204,1.204
2012-05-04-19_09_41.608,71,4,21,1,-38.250,-92.285,1.204
2012-05-04-19_09_41.608,71,5,21,1,-47.195,-92.290,1.804
2012-05-04-19_09_41.609,71,5,21,1,-47.281,-92.270,1.804
2012-05-04-19_09_41.610,71,5,21,1,-47.251,-92.292,1.804
2012-05-04-19_09_41.611,71,6,21,1,-56.222,-92.364,1.705
2012-05-04-19_09_41.612,71,6,21,1,-56.197,-92.264,1.604
2012-05-04-19_09_41.612,71,6,21,1,-56.295,-92.345,1.604
2012-05-04-19_09_41.613,71,7,21,1,-65.190,-92.282,2.204
2012-05-04-19_09_41.614,71,7,21,1,-65.200,-92.281,2.204
2012-05-04-19_09_41.615,71,7,21,1,-65.177,-92.181,2.204
2012-05-04-19_09_41.616,71,0,22,0,2.259,-96.779,2.116
2012-05-04-19_09_41.618,71,0,22,0,2.296,-96.691,2.116
2012-05-04-19_09_41.619,71,0,22,0,2.188,-96.758,2.116
2012-05-04-19_09_41.620,71,1,22,0,-6.754,-96.794,2.016
2012-05-04-19_09_41.620,71,1,22,0,-6.830,-96.774,2.016
2012-05-04-19_09_41.621,71,1,22,0,-6.773,-96.707,2.016
2012-05-04-19_09_41.622,71,2,22,0,-15.706,-96.709,1.416
2012-05-04-19_09_41.623,71,2,22,0,-15.777,-96.688,1.416
2012-05-04-19_09_41.624,71,2,22,0,-15.715,-96.639,1.416
2012-05-04-19_09_41.624,71,3,22,0,-24.728,-96.792,1.816
2012-05-04-19_09_41.625,71,3,22,0,-24.691,-96.703,1.816
2012-05-04-19_09_41.626,71,3,22,0,-24.799,-96.770,1.816
2012-05-04-19_09_41.627,71,4,22,0,-33.725,-96.793,1.216
2012-05-04-19_09_41.628,71,4,22,0,-33.687,-96.705,1.216
2012-05-04-19_09_41.628,71,4,22,0,-33.795,-96.772,1.216
2012-05-04-19_09_41.629,71,5,22,0,-42.731,-96.790,1.916
2012-05-04-19_09_41.630,71,5,22,0,-42.683,-96.842,1.816
2012-05-04-19_09_41.631,71,5,22,0,-42.778,-96.809,1.916
2012-05-04-19_09_41.632,71,6,22,0,-51.770,-96.854,1.616
2012-05-04-19_09_41.633,71,6,22,0,-51.733,-96.765,1.616
2012-05-04-19_09_41.633,71,6,22,0,-51.685,-96.817,1.616
2012-05-04-19_09_41.634,71,7,22,0,-60.665,-96.790,2.316
2012-05-04-19_09_41.635,71,7,22,0,-60.735,-96.769,2.316
2012-05-04-19_09_41.636,71,7,22,0,-60.674,-96.720,2.316
2012-05-04-19_09_41.636,71,0,22,1,-2.194,-96.786,2.225
2012-05-04-19_09_41.638,71,0,22,1,-2.168,-96.690,2.125
2012-05-04-19_09_41.638,71,0,22,1,-2.264,-96.768,2.125
2012-05-04-19_09_41.639,71,1,22,1,-11.214,-96.793,2.025
2012-05-04-19_09_41.639,71,1,22,1,-11.343,-96.722,2.025
2012-05-04-19_09_41.640,71,1,22,1,-11.235,-96.707,2.125
2012-05-04-19_09_41.641,71,2,22,1,-20.158,-96.716,1.525
2012-05-04-19_09_41.642,71,2,22,1,-20.229,-96.698,1.525
2012-05-04-19_09_41.642,71,2,22,1,-20.236,-96.697,1.525
2012-05-04-19_09_41.643,71,3,22,1,-29.181,-96.798,1.625
2012-05-04-19_09_41.644,71,3,22,1,-29.155,-96.702,1.625
2012-05-04-19_09_41.645,71,3,22,1,-29.251,-96.780,1.625
2012-05-04-19_09_41.646,71,4,22,1,-38.177,-96.800,1.225
2012-05-04-19_09_41.647,71,4,22,1,-38.152,-96.704,1.225
2012-05-04-19_09_41.647,71,4,22,1,-38.248,-96.782,1.325
2012-05-04-19_09_41.648,71,5,22,1,-47.196,-96.790,1.825
2012-05-04-19_09_41.649,71,5,22,1,-47.281,-96.768,1.725
2012-05-04-19_09_41.650,71,5,22,1,-47.252,-96.791,1.725
2012-05-04-19_09_41.651,71,6,22,1,-56.223,-96.861,1.625
2012-05-04-19_09_41.651,71,6,22,1,-56.197,-96.765,1.625
2012-05-04-19_09_41.652,71,6,22,1,-56.293,-96.842,1.625
2012-05-04-19_09_41.653,71,7,22,1,-65.188,-96.779,2.225
2012-05-04-19_09_41.654,71,7,22,1,-65.195,-96.778,2.225
2012-05-04-19_09_41.655,71,7,22,1,-65.177,-96.679,2.225
2012-05-04-19_09_41.655,71,0,23,0,2.273,-101.278,2.140
2012-05-04-19_09_41.656,71,0,23,0,2.298,-101.190,2.040
2012-05-04-19_09_41.657,71,0,23,0,2.190,-101.255,2.140
2012-05-04-19_09_41.658,71,1,23,0,-6.755,-101.288,2.040
2012-05-04-19_09_41.660,71,1,23,0,-6.825,-101.269,1.940
2012-05-04-19_09_41.660,71,1,23,0,-6.771,-101.204,2.040
2012-05-04-19_09_41.662,71,2,23,0,-15.692,-101.208,1.340
2012-05-04-19_09_41.662,71,2,23,0,-15.775,-101.185,1.340
2012-05-04-19_09_41.663,71,2,23,0,-15.713,-101.139,1.340
2012-05-04-19_09_41.664,71,3,23,0,-24.714,-101.290,1.740
2012-05-04-19_09_41.665,71,3,23,0,-24.689,-101.202,1.840
2012-05-04-19_09_41.666,71,3,23,0,-24.797,-101.267,1.740
2012-05-04-19_09_41.666,71,4,23,0,-33.711,-101.292,1.140
2012-05-04-19_09_41.667,71,4,23,0,-33.685,-101.204,1.140
2012-05-04-19_09_41.668,71,4,23,0,-33.793,-101.269,1.140
2012-05-04-19_09_41.669,71,5,23,0,-42.729,-101.290,1.840
2012-05-04-19_09_41.671,71,5,23,0,-42.678,-101.338,1.640
2012-05-04-19_09_41.672,71,5,23,0,-42.776,-101.309,1.840
2012-05-04-19_09_41.672,71,6,23,0,-51.756,-101.353,1.540
2012-05-04-19_09_41.673,71,6,23,0,-51.731,-101.265,1.540
2012-05-04-19_09_41.674,71,6,23,0,-51.839,-101.329,1.540
2012-05-04-19_09_41.676,71,7,23,0,-60.651,-101.289,2.240
2012-05-04-19_09_41.677,71,7,23,0,-60.733,-101.266,2.240
2012-05-04-19_09_41.677,71,7,23,0,-60.672,-101.220,2.240
2012-05-04-19_09_41.678,71,0,23,1,-2.182,-101.276,2.140
2012-05-04-19_09_41.679,71,0,23,1,-2.164,-101.189,2.140
2012-05-04-19_09_41.679,71,0,23,1,-2.262,-101.265,2.140
2012-05-04-19_09_41.680,71,1,23,1,-11.207,-101.289,2.040
2012-05-04-19_09_41.681,71,1,23,1,-11.338,-101.221,2.040
2012-05-04-19_09_41.682,71,1,23,1,-11.236,-101.204,2.040
2012-05-04-19_09_41.683,71,2,23,1,-20.147,-101.206,1.440
2012-05-04-19_09_41.683,71,2,23,1,-20.227,-101.195,1.540
2012-05-04-19_09_41.684,71,2,23,1,-20.234,-101.194,1.540
2012-05-04-19_09_41.685,71,3,23,1,-29.169,-101.288,1.540
2012-05-04-19_09_41.685,71,3,23,1,-29.151,-101.202,1.540
2012-05-04-19_09_41.686,71,3,23,1,-29.249,-101.277,1.640
2012-05-04-19_09_41.687,71,4,23,1,-38.165,-101.290,1.240
2012-05-04-19_09_41.688,71,4,23,1,-38.148,-101.203,1.240
2012-05-04-19_09_41.688,71,4,23,1,-38.246,-101.279,1.240
2012-05-04-19_09_41.689,71,5,23,1,-47.191,-101.289,1.740
2012-05-04-19_09_41.690,71,5,23,1,-47.277,-101.265,1.740
2012-05-04-19_09_41.691,71,5,23,1,-47.250,-101.292,1.740
2012-05-04-19_09_41.692,71,6,23,1,-56.211,-101.351,1.640
2012-05-04-19_09_41.692,71,6,23,1,-56.193,-101.264,1.640
2012-05-04-19_09_41.693,71,6,23,1,-56.291,-101.340,1.640
2012-05-04-19_09_41.694,71,7,23,1,-65.186,-101.276,2.140
2012-05-04-19_09_41.694,71,7,23,1,-65.193,-101.275,2.140
2012-05-04-19_09_41.695,71,7,23,1,-65.173,-101.176,2.140
