2012-05-05-19_00_18.013,73,0,0,0,2.259,2.220,3.396
2012-05-05-19_00_18.014,73,1,0,0,-6.747,2.205,2.796
2012-05-05-19_00_18.015,73,2,0,0,-15.738,2.300,2.496
2012-05-05-19_00_18.015,73,3,0,0,-24.792,2.205,2.596
2012-05-05-19_00_18.016,73,4,0,0,-33.779,2.230,1.896
2012-05-05-19_00_18.017,73,5,0,0,-42.794,2.167,2.696
2012-05-05-19_00_18.025,73,6,0,0,-51.793,2.164,2.596
2012-05-05-19_00_18.026,73,7,0,0,-60.715,2.246,3.296
2012-05-05-19_00_18.027,73,0,0,1,-2.186,2.214,3.596
2012-05-05-19_00_18.028,73,1,0,1,-11.201,2.205,3.096
2012-05-05-19_00_18.028,73,2,0,1,-20.183,2.294,2.596
2012-05-05-19_00_18.029,73,3,0,1,-29.237,2.198,2.596
2012-05-05-19_00_18.030,73,4,0,1,-38.224,2.223,2.196
2012-05-05-19_00_18.030,73,5,0,1,-47.239,2.161,2.596
2012-05-05-19_00_18.031,73,6,0,1,-56.238,2.158,2.696
2012-05-05-19_00_18.031,73,7,0,1,-65.160,2.240,3.496
2012-05-05-19_00_18.032,73,0,1,0,2.274,-2.280,3.612
2012-05-05-19_00_18.033,73,1,1,0,-6.745,-2.290,3.012
2012-05-05-19_00_18.033,73,2,1,0,-15.723,-2.200,2.512
2012-05-05-19_00_18.034,73,3,1,0,-24.778,-2.295,2.812
2012-05-05-19_00_18.035,73,4,1,0,-33.765,-2.270,2.012
2012-05-05-19_00_18.035,73,5,1,0,-42.780,-2.333,2.512
2012-05-05-19_00_18.036,73,6,1,0,-51.779,-2.336,2.812
2012-05-05-19_00_18.037,73,7,1,0,-60.700,-2.254,3.212
2012-05-05-19_00_18.037,73,0,1,1,-2.186,-2.289,3.619
2012-05-05-19_00_18.038,73,1,1,1,-11.202,-2.289,3.119
2012-05-05-19_00_18.038,73,2,1,1,-20.183,-2.208,2.519
2012-05-05-19_00_18.039,73,3,1,1,-29.238,-2.304,2.519
2012-05-05-19_00_18.040,73,4,1,1,-38.225,-2.279,2.019
2012-05-05-19_00_18.041,73,5,1,1,-47.239,-2.341,2.519
2012-05-05-19_00_18.042,73,6,1,1,-56.238,-2.345,2.719
2012-05-05-19_00_18.043,73,7,1,1,-65.160,-2.262,3.419
2012-05-05-19_00_18.044,73,0,2,0,2.271,-6.784,3.628
2012-05-05-19_00_18.044,73,1,2,0,-6.743,-6.787,3.228
2012-05-05-19_00_18.045,73,2,2,0,-15.726,-6.704,2.528
2012-05-05-19_00_18.064,73,3,2,0,-24.781,-6.799,2.828
2012-05-05-19_00_18.065,73,4,2,0,-33.768,-6.774,2.228
2012-05-05-19_00_18.066,73,5,2,0,-42.783,-6.837,2.828
2012-05-05-19_00_18.067,73,6,2,0,-51.781,-6.840,2.728
2012-05-05-19_00_18.068,73,7,2,0,-60.703,-6.758,3.528
2012-05-05-19_00_18.069,73,0,2,1,-2.189,-6.792,3.637
2012-05-05-19_00_18.070,73,1,2,1,-11.202,-6.787,3.137
2012-05-05-19_00_18.072,73,2,2,1,-20.186,-6.712,2.537
2012-05-05-19_00_18.073,73,3,2,1,-29.241,-6.807,2.637
2012-05-05-19_00_18.074,73,4,2,1,-38.228,-6.782,2.337
2012-05-05-19_00_18.075,73,5,2,1,-47.242,-6.845,2.637
2012-05-05-19_00_18.076,73,6,2,1,-56.241,-6.848,2.837
2012-05-05-19_00_18.078,73,7,2,1,-65.163,-6.766,3.437
2012-05-05-19_00_18.079,73,0,3,0,2.270,-11.282,3.647
2012-05-05-19_00_18.079,73,1,3,0,-6.741,-11.285,3.247
2012-05-05-19_00_18.080,73,2,3,0,-15.727,-11.202,2.547
2012-05-05-19_00_18.081,73,3,3,0,-24.781,-11.297,2.847
2012-05-05-19_00_18.084,73,4,3,0,-33.769,-11.272,2.247
2012-05-05-19_00_18.084,73,5,3,0,-42.783,-11.335,2.647
2012-05-05-19_00_18.085,73,6,3,0,-51.782,-11.338,2.847
2012-05-05-19_00_18.086,73,7,3,0,-60.704,-11.256,3.247
2012-05-05-19_00_18.087,73,0,3,1,-2.189,-11.288,3.659
2012-05-05-19_00_18.089,73,1,3,1,-11.203,-11.285,3.159
2012-05-05-19_00_18.092,73,2,3,1,-20.186,-11.208,2.559
2012-05-05-19_00_18.094,73,3,3,1,-29.241,-11.303,2.659
2012-05-05-19_00_18.094,73,4,3,1,-38.228,-11.278,2.359
2012-05-05-19_00_18.096,73,5,3,1,-47.243,-11.341,2.559
2012-05-05-19_00_18.097,73,6,3,1,-56.241,-11.344,2.859
2012-05-05-19_00_18.098,73,7,3,1,-65.163,-11.262,3.359
2012-05-05-19_00_18.099,73,0,4,0,2.270,-15.782,3.573
2012-05-05-19_00_18.100,73,1,4,0,-6.741,-15.793,3.173
2012-05-05-19_00_18.106,73,2,4,0,-15.727,-15.702,2.573
2012-05-05-19_00_18.107,73,3,4,0,-24.782,-15.797,2.873
2012-05-05-19_00_18.108,73,4,4,0,-33.769,-15.772,1.973
2012-05-05-19_00_18.109,73,5,4,0,-42.784,-15.834,2.473
2012-05-05-19_00_18.110,73,6,4,0,-51.782,-15.838,2.673
2012-05-05-19_00_18.111,73,7,4,0,-60.704,-15.756,3.473
2012-05-05-19_00_18.112,73,0,4,1,-2.187,-15.788,3.683
2012-05-05-19_00_18.113,73,1,4,1,-11.203,-15.793,3.182
2012-05-05-19_00_18.114,73,2,4,1,-20.184,-15.708,2.583
2012-05-05-19_00_18.114,73,3,4,1,-29.239,-15.804,2.883
2012-05-05-19_00_18.115,73,4,4,1,-38.226,-15.779,2.083
2012-05-05-19_00_18.116,73,5,4,1,-47.241,-15.841,2.483
2012-05-05-19_00_18.117,73,6,4,1,-56.239,-15.844,2.683
2012-05-05-19_00_18.118,73,7,4,1,-65.161,-15.762,3.383
2012-05-05-19_00_18.119,73,0,5,0,2.270,-20.280,3.591
2012-05-05-19_00_18.120,73,1,5,0,-6.739,-20.296,3.192
2012-05-05-19_00_18.121,73,2,5,0,-15.728,-20.200,2.591
2012-05-05-19_00_18.121,73,3,5,0,-24.782,-20.295,2.791
2012-05-05-19_00_18.122,73,4,5,0,-33.769,-20.270,2.091
2012-05-05-19_00_18.123,73,5,5,0,-42.784,-20.332,2.591
2012-05-05-19_00_18.125,73,6,5,0,-51.783,-20.336,2.791
2012-05-05-19_00_18.126,73,7,5,0,-60.705,-20.254,3.291
2012-05-05-19_00_18.127,73,0,5,1,-2.185,-20.288,3.700
2012-05-05-19_00_18.128,73,1,5,1,-11.206,-20.296,3.100
2012-05-05-19_00_18.129,73,2,5,1,-20.182,-20.207,2.500
2012-05-05-19_00_18.129,73,3,5,1,-29.237,-20.303,2.700
2012-05-05-19_00_18.130,73,4,5,1,-38.224,-20.278,2.100
2012-05-05-19_00_18.131,73,5,5,1,-47.239,-20.340,2.500
2012-05-05-19_00_18.132,73,6,5,1,-56.237,-20.344,2.700
2012-05-05-19_00_18.133,73,7,5,1,-65.159,-20.261,3.500
2012-05-05-19_00_18.134,73,0,6,0,2.269,-24.780,3.610
2012-05-05-19_00_18.135,73,1,6,0,-6.739,-24.791,3.210
2012-05-05-19_00_18.137,73,2,6,0,-15.728,-24.700,2.610
2012-05-05-19_00_18.138,73,3,6,0,-24.783,-24.795,2.810
2012-05-05-19_00_18.138,73,4,6,0,-33.770,-24.770,2.010
2012-05-05-19_00_18.140,73,5,6,0,-42.784,-24.833,2.610
2012-05-05-19_00_18.141,73,6,6,0,-51.783,-24.836,2.810
2012-05-05-19_00_18.142,73,7,6,0,-60.705,-24.754,3.510
2012-05-05-19_00_18.144,73,0,6,1,-2.183,-24.789,3.722
2012-05-05-19_00_18.144,73,1,6,1,-11.209,-24.790,3.322
2012-05-05-19_00_18.145,73,2,6,1,-20.180,-24.709,2.622
2012-05-05-19_00_18.146,73,3,6,1,-29.235,-24.804,2.822
2012-05-05-19_00_18.149,73,4,6,1,-38.222,-24.779,2.022
2012-05-05-19_00_18.150,73,5,6,1,-47.237,-24.841,2.622
2012-05-05-19_00_18.151,73,6,6,1,-56.235,-24.845,2.922
2012-05-05-19_00_18.152,73,7,6,1,-65.157,-24.763,3.522
2012-05-05-19_00_18.153,73,0,7,0,2.269,-29.284,3.635
2012-05-05-19_00_18.153,73,1,7,0,-6.742,-29.287,3.135
2012-05-05-19_00_18.154,73,2,7,0,-15.728,-29.204,2.635
2012-05-05-19_00_18.155,73,3,7,0,-24.783,-29.299,2.835
2012-05-05-19_00_18.156,73,4,7,0,-33.770,-29.274,2.435
2012-05-05-19_00_18.157,73,5,7,0,-42.785,-29.337,2.635
2012-05-05-19_00_18.159,73,6,7,0,-51.784,-29.340,2.835
2012-05-05-19_00_18.160,73,7,7,0,-60.705,-29.258,3.435
2012-05-05-19_00_18.161,73,0,7,1,-2.184,-29.291,3.745
2012-05-05-19_00_18.163,73,1,7,1,-11.212,-29.286,3.245
2012-05-05-19_00_18.164,73,2,7,1,-20.181,-29.210,2.645
2012-05-05-19_00_18.164,73,3,7,1,-29.235,-29.306,2.845
2012-05-05-19_00_18.165,73,4,7,1,-38.223,-29.281,2.345
2012-05-05-19_00_18.166,73,5,7,1,-47.237,-29.343,2.745
2012-05-05-19_00_18.169,73,6,7,1,-56.236,-29.347,2.945
2012-05-05-19_00_18.170,73,7,7,1,-65.158,-29.264,3.545
2012-05-05-19_00_18.171,73,0,8,0,2.273,-33.782,3.654
2012-05-05-19_00_18.172,73,1,8,0,-6.743,-33.784,3.254
2012-05-05-19_00_18.173,73,2,8,0,-15.724,-33.702,2.554
2012-05-05-19_00_18.174,73,3,8,0,-24.779,-33.798,2.854
2012-05-05-19_00_18.174,73,4,8,0,-33.766,-33.773,2.354
2012-05-05-19_00_18.176,73,5,8,0,-42.780,-33.835,2.654
2012-05-05-19_00_18.177,73,6,8,0,-51.779,-33.839,2.954
2012-05-05-19_00_18.178,73,7,8,0,-60.701,-33.756,3.554
2012-05-05-19_00_18.179,73,0,8,1,-2.184,-33.787,3.763
2012-05-05-19_00_18.180,73,1,8,1,-11.214,-33.784,3.262
2012-05-05-19_00_18.181,73,2,8,1,-20.181,-33.707,2.663
2012-05-05-19_00_18.182,73,3,8,1,-29.236,-33.803,2.963
2012-05-05-19_00_18.183,73,4,8,1,-38.223,-33.778,2.463
2012-05-05-19_00_18.184,73,5,8,1,-47.238,-33.840,2.663
2012-05-05-19_00_18.185,73,6,8,1,-56.236,-33.843,2.963
2012-05-05-19_00_18.186,73,7,8,1,-65.158,-33.761,3.563
2012-05-05-19_00_18.187,73,0,9,0,2.275,-38.283,3.773
2012-05-05-19_00_18.188,73,1,9,0,-6.746,-38.292,3.273
2012-05-05-19_00_18.189,73,2,9,0,-15.722,-38.203,2.673
2012-05-05-19_00_18.190,73,3,9,0,-24.777,-38.298,2.973
2012-05-05-19_00_18.191,73,4,9,0,-33.764,-38.273,2.273
2012-05-05-19_00_18.192,73,5,9,0,-42.778,-38.335,2.673
2012-05-05-19_00_18.193,73,6,9,0,-51.777,-38.339,2.873
2012-05-05-19_00_18.194,73,7,9,0,-60.699,-38.257,3.473
2012-05-05-19_00_18.195,73,0,9,1,-2.187,-38.287,3.685
2012-05-05-19_00_18.196,73,1,9,1,-11.213,-38.292,3.085
2012-05-05-19_00_18.199,73,2,9,1,-20.184,-38.207,2.685
2012-05-05-19_00_18.200,73,3,9,1,-29.239,-38.303,2.785
2012-05-05-19_00_18.200,73,4,9,1,-38.226,-38.278,2.185
2012-05-05-19_00_18.201,73,5,9,1,-47.240,-38.340,2.685
2012-05-05-19_00_18.203,73,6,9,1,-56.239,-38.344,2.885
2012-05-05-19_00_18.203,73,7,9,1,-65.161,-38.261,3.585
2012-05-05-19_00_18.204,73,0,10,0,2.275,-42.780,3.698
2012-05-05-19_00_18.205,73,1,10,0,-6.748,-42.795,3.298
2012-05-05-19_00_18.208,73,2,10,0,-15.722,-42.700,2.698
2012-05-05-19_00_18.209,73,3,10,0,-24.777,-42.795,2.998
2012-05-05-19_00_18.211,73,4,10,0,-33.764,-42.770,2.198
2012-05-05-19_00_18.211,73,5,10,0,-42.779,-42.833,2.698
2012-05-05-19_00_18.214,73,6,10,0,-51.777,-42.836,2.998
2012-05-05-19_00_18.215,73,7,10,0,-60.699,-42.754,3.498
2012-05-05-19_00_18.216,73,0,10,1,-2.190,-42.786,3.808
2012-05-05-19_00_18.217,73,1,10,1,-11.213,-42.795,3.208
2012-05-05-19_00_18.218,73,2,10,1,-20.187,-42.706,2.608
2012-05-05-19_00_18.219,73,3,10,1,-29.242,-42.802,3.008
2012-05-05-19_00_18.220,73,4,10,1,-38.229,-42.777,2.408
2012-05-05-19_00_18.221,73,5,10,1,-47.243,-42.839,2.808
2012-05-05-19_00_18.222,73,6,10,1,-56.242,-42.842,2.908
2012-05-05-19_00_18.223,73,7,10,1,-65.164,-42.760,3.508
2012-05-05-19_00_18.224,73,0,11,0,2.277,-47.280,3.717
2012-05-05-19_00_18.225,73,1,11,0,-6.749,-47.290,3.317
2012-05-05-19_00_18.226,73,2,11,0,-15.720,-47.200,2.717
2012-05-05-19_00_18.227,73,3,11,0,-24.775,-47.295,3.017
2012-05-05-19_00_18.229,73,4,11,0,-33.762,-47.270,2.317
2012-05-05-19_00_18.230,73,5,11,0,-42.777,-47.332,2.717
2012-05-05-19_00_18.230,73,6,11,0,-51.775,-47.336,3.017
2012-05-05-19_00_18.232,73,7,11,0,-60.697,-47.254,3.517
2012-05-05-19_00_18.233,73,0,11,1,-2.190,-47.289,3.826
2012-05-05-19_00_18.234,73,1,11,1,-11.211,-47.290,3.326
2012-05-05-19_00_18.236,73,2,11,1,-20.187,-47.209,2.726
2012-05-05-19_00_18.237,73,3,11,1,-29.242,-47.304,2.826
2012-05-05-19_00_18.238,73,4,11,1,-38.229,-47.279,2.426
2012-05-05-19_00_18.241,73,5,11,1,-47.244,-47.342,2.726
2012-05-05-19_00_18.242,73,6,11,1,-56.242,-47.345,3.026
2012-05-05-19_00_18.243,73,7,11,1,-65.164,-47.263,3.626
2012-05-05-19_00_18.243,73,0,12,0,2.276,-51.784,3.636
2012-05-05-19_00_18.244,73,1,12,0,-6.752,-51.787,3.336
2012-05-05-19_00_18.245,73,2,12,0,-15.721,-51.704,2.736
2012-05-05-19_00_18.246,73,3,12,0,-24.776,-51.799,2.836
2012-05-05-19_00_18.249,73,4,12,0,-33.763,-51.774,2.136
2012-05-05-19_00_18.250,73,5,12,0,-42.777,-51.837,2.736
2012-05-05-19_00_18.251,73,6,12,0,-51.776,-51.840,2.936
2012-05-05-19_00_18.252,73,7,12,0,-60.698,-51.758,3.536
2012-05-05-19_00_18.253,73,0,12,1,-2.191,-51.792,3.849
2012-05-05-19_00_18.253,73,1,12,1,-11.211,-51.787,3.349
2012-05-05-19_00_18.254,73,2,12,1,-20.188,-51.712,2.749
2012-05-05-19_00_18.255,73,3,12,1,-29.242,-51.807,2.849
2012-05-05-19_00_18.256,73,4,12,1,-38.230,-51.782,2.449
2012-05-05-19_00_18.257,73,5,12,1,-47.244,-51.845,2.749
2012-05-05-19_00_18.258,73,6,12,1,-56.243,-51.848,3.049
2012-05-05-19_00_18.260,73,7,12,1,-65.165,-51.766,3.649
2012-05-05-19_00_18.261,73,0,13,0,2.276,-56.282,3.762
2012-05-05-19_00_18.262,73,1,13,0,-6.752,-56.285,3.362
2012-05-05-19_00_18.263,73,2,13,0,-15.721,-56.202,2.762
2012-05-05-19_00_18.265,73,3,13,0,-24.776,-56.298,2.962
2012-05-05-19_00_18.266,73,4,13,0,-33.763,-56.273,2.262
2012-05-05-19_00_18.267,73,5,13,0,-42.778,-56.335,2.762
2012-05-05-19_00_18.267,73,6,13,0,-51.776,-56.339,2.962
2012-05-05-19_00_18.268,73,7,13,0,-60.698,-56.256,3.462
2012-05-05-19_00_18.269,73,0,13,1,-2.194,-56.288,3.872
2012-05-05-19_00_18.269,73,1,13,1,-11.209,-56.285,3.371
2012-05-05-19_00_18.271,73,2,13,1,-20.191,-56.208,2.772
2012-05-05-19_00_18.272,73,3,13,1,-29.245,-56.303,2.772
2012-05-05-19_00_18.273,73,4,13,1,-38.232,-56.278,2.272
2012-05-05-19_00_18.274,73,5,13,1,-47.247,-56.340,2.772
2012-05-05-19_00_18.275,73,6,13,1,-56.246,-56.344,2.972
2012-05-05-19_00_18.276,73,7,13,1,-65.168,-56.262,3.672
2012-05-05-19_00_18.277,73,0,14,0,2.275,-60.782,3.779
2012-05-05-19_00_18.278,73,1,14,0,-6.753,-60.791,3.379
2012-05-05-19_00_18.279,73,2,14,0,-15.722,-60.701,2.779
2012-05-05-19_00_18.281,73,3,14,0,-24.776,-60.797,2.979
2012-05-05-19_00_18.282,73,4,14,0,-33.763,-60.772,2.479
2012-05-05-19_00_18.283,73,5,14,0,-42.778,-60.834,2.779
2012-05-05-19_00_18.284,73,6,14,0,-51.777,-60.838,2.979
2012-05-05-19_00_18.285,73,7,14,0,-60.699,-60.755,3.579
2012-05-05-19_00_18.286,73,0,14,1,-2.194,-60.788,3.888
2012-05-05-19_00_18.287,73,1,14,1,-11.210,-60.793,3.388
2012-05-05-19_00_18.288,73,2,14,1,-20.191,-60.708,2.788
2012-05-05-19_00_18.290,73,3,14,1,-29.246,-60.803,2.888
2012-05-05-19_00_18.292,73,4,14,1,-38.233,-60.778,2.588
2012-05-05-19_00_18.293,73,5,14,1,-47.247,-60.840,2.888
2012-05-05-19_00_18.294,73,6,14,1,-56.246,-60.844,2.988
2012-05-05-19_00_18.294,73,7,14,1,-65.168,-60.762,3.688
2012-05-05-19_00_18.295,73,0,15,0,2.273,-65.281,3.797
2012-05-05-19_00_18.296,73,1,15,0,-6.753,-65.295,3.397
2012-05-05-19_00_18.298,73,2,15,0,-15.725,-65.201,2.797
2012-05-05-19_00_18.299,73,3,15,0,-24.779,-65.296,2.997
2012-05-05-19_00_18.300,73,4,15,0,-33.766,-65.271,2.497
2012-05-05-19_00_18.301,73,5,15,0,-42.781,-65.333,2.697
2012-05-05-19_00_18.303,73,6,15,0,-51.780,-65.337,2.897
2012-05-05-19_00_18.304,73,7,15,0,-60.702,-65.255,3.497
2012-05-05-19_00_18.305,73,0,15,1,-2.197,-65.287,3.910
2012-05-05-19_00_18.307,73,1,15,1,-11.208,-65.295,3.410
2012-05-05-19_00_18.308,73,2,15,1,-20.194,-65.207,2.810
2012-05-05-19_00_18.309,73,3,15,1,-29.249,-65.302,2.810
2012-05-05-19_00_18.312,73,4,15,1,-38.236,-65.277,2.410
2012-05-05-19_00_18.313,73,5,15,1,-47.250,-65.339,2.810
2012-05-05-19_00_18.314,73,6,15,1,-56.249,-65.343,3.010
2012-05-05-19_00_18.314,73,7,15,1,-65.171,-65.261,3.710
2012-05-05-19_00_18.315,73,0,16,0,2.270,-69.780,3.923
2012-05-05-19_00_18.316,73,1,16,0,-6.749,-69.790,3.423
2012-05-05-19_00_18.317,73,2,16,0,-15.727,-69.700,2.823
2012-05-05-19_00_18.318,73,3,16,0,-24.782,-69.795,3.023
2012-05-05-19_00_18.319,73,4,16,0,-33.769,-69.770,2.323
2012-05-05-19_00_18.320,73,5,16,0,-42.784,-69.833,2.823
2012-05-05-19_00_18.321,73,6,16,0,-51.782,-69.836,2.923
2012-05-05-19_00_18.323,73,7,16,0,-60.704,-69.754,3.623
2012-05-05-19_00_18.324,73,0,16,1,-2.197,-69.789,3.834
2012-05-05-19_00_18.326,73,1,16,1,-11.211,-69.789,3.433
2012-05-05-19_00_18.327,73,2,16,1,-20.194,-69.708,2.834
2012-05-05-19_00_18.328,73,3,16,1,-29.249,-69.804,2.834
2012-05-05-19_00_18.329,73,4,16,1,-38.236,-69.779,2.534
2012-05-05-19_00_18.330,73,5,16,1,-47.251,-69.841,2.634
2012-05-05-19_00_18.331,73,6,16,1,-56.249,-69.845,3.034
2012-05-05-19_00_18.332,73,7,16,1,-65.171,-69.762,3.634
2012-05-05-19_00_18.333,73,0,17,0,2.267,-74.284,3.842
2012-05-05-19_00_18.334,73,1,17,0,-6.749,-74.287,3.442
2012-05-05-19_00_18.335,73,2,17,0,-15.730,-74.204,2.842
2012-05-05-19_00_18.336,73,3,17,0,-24.785,-74.299,3.042
2012-05-05-19_00_18.337,73,4,17,0,-33.772,-74.274,2.342
2012-05-05-19_00_18.340,73,5,17,0,-42.787,-74.336,2.842
2012-05-05-19_00_18.340,73,6,17,0,-51.785,-74.340,2.942
2012-05-05-19_00_18.341,73,7,17,0,-60.707,-74.258,3.542
2012-05-05-19_00_18.342,73,0,17,1,-2.195,-74.291,3.851
2012-05-05-19_00_18.344,73,1,17,1,-11.211,-74.287,3.451
2012-05-05-19_00_18.345,73,2,17,1,-20.192,-74.210,2.751
2012-05-05-19_00_18.345,73,3,17,1,-29.247,-74.306,2.851
2012-05-05-19_00_18.347,73,4,17,1,-38.234,-74.281,2.251
2012-05-05-19_00_18.347,73,5,17,1,-47.249,-74.343,2.751
2012-05-05-19_00_18.348,73,6,17,1,-56.247,-74.347,2.951
2012-05-05-19_00_18.349,73,7,17,1,-65.169,-74.264,3.751
2012-05-05-19_00_18.350,73,0,18,0,2.266,-78.782,3.862
2012-05-05-19_00_18.351,73,1,18,0,-6.747,-78.785,3.462
2012-05-05-19_00_18.351,73,2,18,0,-15.731,-78.702,2.762
2012-05-05-19_00_18.353,73,3,18,0,-24.785,-78.797,3.062
2012-05-05-19_00_18.353,73,4,18,0,-33.772,-78.772,2.462
2012-05-05-19_00_18.354,73,5,18,0,-42.787,-78.834,2.762
2012-05-05-19_00_18.355,73,6,18,0,-51.786,-78.838,2.962
2012-05-05-19_00_18.356,73,7,18,0,-60.708,-78.756,3.662
2012-05-05-19_00_18.357,73,0,18,1,-2.193,-78.788,3.875
2012-05-05-19_00_18.358,73,1,18,1,-11.211,-78.785,3.374
2012-05-05-19_00_18.359,73,2,18,1,-20.190,-78.708,2.875
2012-05-05-19_00_18.362,73,3,18,1,-29.245,-78.803,3.075
2012-05-05-19_00_18.363,73,4,18,1,-38.232,-78.778,2.275
2012-05-05-19_00_18.364,73,5,18,1,-47.247,-78.840,2.875
2012-05-05-19_00_18.365,73,6,18,1,-56.245,-78.844,2.975
2012-05-05-19_00_18.366,73,7,18,1,-65.167,-78.762,3.775
2012-05-05-19_00_18.367,73,0,19,0,2.264,-83.282,3.887
2012-05-05-19_00_18.370,73,1,19,0,-6.747,-83.290,3.487
2012-05-05-19_00_18.371,73,2,19,0,-15.734,-83.201,2.887
2012-05-05-19_00_18.372,73,3,19,0,-24.788,-83.297,3.087
2012-05-05-19_00_18.374,73,4,19,0,-33.775,-83.272,2.287
2012-05-05-19_00_18.375,73,5,19,0,-42.790,-83.334,2.887
2012-05-05-19_00_18.376,73,6,19,0,-51.789,-83.338,2.987
2012-05-05-19_00_18.377,73,7,19,0,-60.711,-83.255,3.687
2012-05-05-19_00_18.378,73,0,19,1,-2.191,-83.287,3.897
2012-05-05-19_00_18.379,73,1,19,1,-11.214,-83.292,3.397
2012-05-05-19_00_18.379,73,2,19,1,-20.188,-83.207,2.897
2012-05-05-19_00_18.381,73,3,19,1,-29.243,-83.303,2.897
2012-05-05-19_00_18.381,73,4,19,1,-38.230,-83.278,2.497
2012-05-05-19_00_18.382,73,5,19,1,-47.245,-83.340,2.897
2012-05-05-19_00_18.383,73,6,19,1,-56.243,-83.344,3.097
2012-05-05-19_00_18.384,73,7,19,1,-65.165,-83.261,3.797
2012-05-05-19_00_18.385,73,0,20,0,2.268,-87.780,3.905
2012-05-05-19_00_18.386,73,1,20,0,-6.745,-87.795,3.405
2012-05-05-19_00_18.387,73,2,20,0,-15.729,-87.700,2.805
2012-05-05-19_00_18.388,73,3,20,0,-24.784,-87.795,3.105
2012-05-05-19_00_18.389,73,4,20,0,-33.771,-87.770,2.605
2012-05-05-19_00_18.391,73,5,20,0,-42.785,-87.833,2.905
2012-05-05-19_00_18.392,73,6,20,0,-51.784,-87.836,3.005
2012-05-05-19_00_18.393,73,7,20,0,-60.706,-87.754,3.805
2012-05-05-19_00_18.394,73,0,20,1,-2.192,-87.787,3.914
2012-05-05-19_00_18.395,73,1,20,1,-11.212,-87.795,3.514
2012-05-05-19_00_18.396,73,2,20,1,-20.189,-87.707,2.814
2012-05-05-19_00_18.397,73,3,20,1,-29.243,-87.803,3.014
2012-05-05-19_00_18.398,73,4,20,1,-38.230,-87.777,2.614
2012-05-05-19_00_18.399,73,5,20,1,-47.245,-87.840,2.914
2012-05-05-19_00_18.400,73,6,20,1,-56.244,-87.843,3.214
2012-05-05-19_00_18.400,73,7,20,1,-65.166,-87.761,3.814
2012-05-05-19_00_18.401,73,0,21,0,2.268,-92.279,4.024
2012-05-05-19_00_18.402,73,1,21,0,-6.751,-92.290,3.525
2012-05-05-19_00_18.403,73,2,21,0,-15.729,-92.199,2.924
2012-05-05-19_00_18.404,73,3,21,0,-24.784,-92.295,3.124
2012-05-05-19_00_18.405,73,4,21,0,-33.771,-92.270,2.524
2012-05-05-19_00_18.406,73,5,21,0,-42.786,-92.332,2.924
2012-05-05-19_00_18.407,73,6,21,0,-51.785,-92.336,3.024
2012-05-05-19_00_18.408,73,7,21,0,-60.706,-92.253,3.724
2012-05-05-19_00_18.409,73,0,21,1,-2.190,-92.289,4.037
2012-05-05-19_00_18.410,73,1,21,1,-11.213,-92.290,3.337
2012-05-05-19_00_18.411,73,2,21,1,-20.187,-92.209,2.937
2012-05-05-19_00_18.412,73,3,21,1,-29.241,-92.304,2.937
2012-05-05-19_00_18.413,73,4,21,1,-38.228,-92.279,2.437
2012-05-05-19_00_18.414,73,5,21,1,-47.243,-92.341,2.937
2012-05-05-19_00_18.416,73,6,21,1,-56.242,-92.345,3.137
2012-05-05-19_00_18.417,73,7,21,1,-65.164,-92.263,3.737
2012-05-05-19_00_18.418,73,0,22,0,2.267,-96.784,3.950
2012-05-05-19_00_18.419,73,1,22,0,-6.751,-96.788,3.550
2012-05-05-19_00_18.420,73,2,22,0,-15.730,-96.704,2.950
2012-05-05-19_00_18.420,73,3,22,0,-24.785,-96.799,3.150
2012-05-05-19_00_18.421,73,4,22,0,-33.772,-96.774,2.550
2012-05-05-19_00_18.422,73,5,22,0,-42.786,-96.836,2.850
2012-05-05-19_00_18.423,73,6,22,0,-51.785,-96.840,3.150
2012-05-05-19_00_18.424,73,7,22,0,-60.707,-96.758,3.750
2012-05-05-19_00_18.425,73,0,22,1,-2.190,-96.792,4.059
2012-05-05-19_00_18.426,73,1,22,1,-11.213,-96.788,3.559
2012-05-05-19_00_18.427,73,2,22,1,-20.187,-96.712,2.859
2012-05-05-19_00_18.427,73,3,22,1,-29.242,-96.807,2.959
2012-05-05-19_00_18.430,73,4,22,1,-38.229,-96.782,2.659
2012-05-05-19_00_18.432,73,5,22,1,-47.244,-96.845,2.959
2012-05-05-19_00_18.433,73,6,22,1,-56.242,-96.848,3.259
2012-05-05-19_00_18.433,73,7,22,1,-65.164,-96.766,3.859
2012-05-05-19_00_18.434,73,0,23,0,2.269,-101.282,4.068
2012-05-05-19_00_18.435,73,1,23,0,-6.754,-101.286,3.568
2012-05-05-19_00_18.436,73,2,23,0,-15.728,-101.202,2.868
2012-05-05-19_00_18.438,73,3,23,0,-24.783,-101.297,3.168
2012-05-05-19_00_18.439,73,4,23,0,-33.770,-101.272,2.668
2012-05-05-19_00_18.440,73,5,23,0,-42.784,-101.334,2.968
2012-05-05-19_00_18.441,73,6,23,0,-51.783,-101.338,2.968
2012-05-05-19_00_18.442,73,7,23,0,-60.705,-101.256,3.668
2012-05-05-19_00_18.443,73,0,23,1,-2.183,-101.281,3.968
2012-05-05-19_00_18.444,73,1,23,1,-11.211,-101.286,3.568
2012-05-05-19_00_18.445,73,2,23,1,-20.180,-101.201,2.868
2012-05-05-19_00_18.446,73,3,23,1,-29.235,-101.296,2.968
2012-05-05-19_00_18.447,73,4,23,1,-38.222,-101.271,2.568
2012-05-05-19_00_18.448,73,5,23,1,-47.237,-101.333,2.968
2012-05-05-19_00_18.450,73,6,23,1,-56.235,-101.337,3.168
2012-05-05-19_00_18.451,73,7,23,1,-65.157,-101.255,3.768
