2012-05-05-07_24_17.697,267,0,0,0,2.256,2.216,1.665
2012-05-05-07_24_17.697,267,0,0,0,2.293,2.304,1.665
2012-05-05-07_24_17.698,267,0,0,0,2.193,2.246,1.565
2012-05-05-07_24_17.698,267,1,0,0,-6.755,2.207,2.165
2012-05-05-07_24_17.699,267,1,0,0,-6.830,2.233,2.165
2012-05-05-07_24_17.700,267,1,0,0,-6.771,2.285,2.065
2012-05-05-07_24_17.700,267,2,0,0,-15.709,2.286,1.665
2012-05-05-07_24_17.701,267,2,0,0,-15.772,2.316,1.765
2012-05-05-07_24_17.701,267,2,0,0,-15.713,2.361,1.765
2012-05-05-07_24_17.702,267,3,0,0,-24.731,2.204,2.565
2012-05-05-07_24_17.703,267,3,0,0,-24.694,2.292,2.565
2012-05-05-07_24_17.703,267,3,0,0,-24.794,2.234,2.565
2012-05-05-07_24_17.704,267,4,0,0,-33.728,2.202,1.565
2012-05-05-07_24_17.705,267,4,0,0,-33.690,2.290,1.665
2012-05-05-07_24_17.705,267,4,0,0,-33.791,2.232,1.665
2012-05-05-07_24_17.706,267,5,0,0,-42.734,2.204,1.865
2012-05-05-07_24_17.707,267,5,0,0,-42.683,2.165,1.865
2012-05-05-07_24_17.708,267,5,0,0,-42.776,2.191,1.865
2012-05-05-07_24_17.708,267,6,0,0,-51.773,2.142,1.365
2012-05-05-07_24_17.709,267,6,0,0,-51.736,2.229,1.265
2012-05-05-07_24_17.710,267,6,0,0,-51.836,2.172,1.265
2012-05-05-07_24_17.710,267,7,0,0,-60.668,2.205,3.265
2012-05-05-07_24_17.711,267,7,0,0,-60.731,2.235,2.365
2012-05-05-07_24_17.712,267,7,0,0,-60.672,2.280,2.365
2012-05-05-07_24_17.712,267,0,0,1,-2.189,2.209,2.265
2012-05-05-07_24_17.731,267,0,0,1,-2.167,2.304,2.165
2012-05-05-07_24_17.732,267,0,0,1,-2.257,2.232,2.165
2012-05-05-07_24_17.732,267,1,0,1,-11.207,2.207,2.365
2012-05-05-07_24_17.733,267,1,0,1,-11.341,2.272,2.365
2012-05-05-07_24_17.734,267,1,0,1,-11.226,2.285,2.365
2012-05-05-07_24_17.734,267,2,0,1,-20.154,2.279,1.765
2012-05-05-07_24_17.735,267,2,0,1,-20.222,2.302,1.765
2012-05-05-07_24_17.736,267,2,0,1,-20.227,2.302,1.765
2012-05-05-07_24_17.737,267,3,0,1,-29.176,2.197,2.865
2012-05-05-07_24_17.738,267,3,0,1,-29.153,2.292,2.865
2012-05-05-07_24_17.738,267,3,0,1,-29.244,2.219,2.865
2012-05-05-07_24_17.739,267,4,0,1,-38.173,2.195,2.365
2012-05-05-07_24_17.739,267,4,0,1,-38.150,2.290,2.365
2012-05-05-07_24_17.740,267,4,0,1,-38.241,2.218,2.465
2012-05-05-07_24_17.741,267,5,0,1,-47.194,2.204,0.965
2012-05-05-07_24_17.741,267,5,0,1,-47.274,2.226,0.965
2012-05-05-07_24_17.742,267,5,0,1,-47.245,2.203,0.965
2012-05-05-07_24_17.743,267,6,0,1,-56.218,2.134,1.965
2012-05-05-07_24_17.743,267,6,0,1,-56.196,2.229,1.965
2012-05-05-07_24_17.744,267,6,0,1,-56.286,2.157,1.965
2012-05-05-07_24_17.744,267,7,0,1,-65.181,2.221,1.665
2012-05-05-07_24_17.745,267,7,0,1,-65.186,2.221,1.665
2012-05-05-07_24_17.746,267,7,0,1,-65.171,2.315,1.665
2012-05-05-07_24_17.746,267,0,1,0,2.270,-2.283,1.778
2012-05-05-07_24_17.747,267,0,1,0,2.298,-2.190,1.778
2012-05-05-07_24_17.748,267,0,1,0,2.197,-2.258,1.778
2012-05-05-07_24_17.755,267,1,1,0,-6.750,-2.295,1.478
2012-05-05-07_24_17.757,267,1,1,0,-6.828,-2.268,1.578
2012-05-05-07_24_17.757,267,1,1,0,-6.769,-2.209,1.478
2012-05-05-07_24_17.758,267,2,1,0,-15.695,-2.213,0.978
2012-05-05-07_24_17.758,267,2,1,0,-15.768,-2.188,0.978
2012-05-05-07_24_17.759,267,2,1,0,-15.746,-2.198,0.978
2012-05-05-07_24_17.759,267,3,1,0,-24.717,-2.295,1.178
2012-05-05-07_24_17.760,267,3,1,0,-24.689,-2.202,1.178
2012-05-05-07_24_17.760,267,3,1,0,-24.790,-2.270,1.178
2012-05-05-07_24_17.761,267,4,1,0,-33.713,-2.297,0.578
2012-05-05-07_24_17.761,267,4,1,0,-33.686,-2.204,0.578
2012-05-05-07_24_17.762,267,4,1,0,-33.786,-2.272,0.478
2012-05-05-07_24_17.762,267,5,1,0,-42.730,-2.290,1.178
2012-05-05-07_24_17.763,267,5,1,0,-42.681,-2.336,1.178
2012-05-05-07_24_17.763,267,5,1,0,-42.776,-2.304,1.178
2012-05-05-07_24_17.764,267,6,1,0,-51.759,-2.358,0.878
2012-05-05-07_24_17.764,267,6,1,0,-51.731,-2.264,0.778
2012-05-05-07_24_17.764,267,6,1,0,-51.832,-2.333,0.778
2012-05-05-07_24_17.765,267,7,1,0,-60.654,-2.294,1.578
2012-05-05-07_24_17.766,267,7,1,0,-60.727,-2.269,1.578
2012-05-05-07_24_17.766,267,7,1,0,-60.673,-2.215,1.578
2012-05-05-07_24_17.767,267,0,1,1,-2.190,-2.289,0.988
2012-05-05-07_24_17.767,267,0,1,1,-2.167,-2.190,0.988
2012-05-05-07_24_17.768,267,0,1,1,-2.260,-2.271,8.588
2012-05-05-07_24_17.770,267,1,1,1,-11.203,-2.295,1.188
2012-05-05-07_24_17.771,267,1,1,1,-11.341,-2.221,1.188
2012-05-05-07_24_17.772,267,1,1,1,-11.227,-2.209,1.188
2012-05-05-07_24_17.773,267,2,1,1,-20.154,-2.219,0.688
2012-05-05-07_24_17.774,267,2,1,1,-20.225,-2.201,4.388
2012-05-05-07_24_17.774,267,2,1,1,-20.232,-2.199,0.688
2012-05-05-07_24_17.775,267,3,1,1,-29.177,-2.301,0.988
2012-05-05-07_24_17.776,267,3,1,1,-29.154,-2.202,0.888
2012-05-05-07_24_17.777,267,3,1,1,-29.247,-2.283,9.488
2012-05-05-07_24_17.778,267,4,1,1,-38.173,-2.303,0.688
2012-05-05-07_24_17.779,267,4,1,1,-38.150,-2.204,0.688
2012-05-05-07_24_17.780,267,4,1,1,-38.244,-2.285,4.688
2012-05-05-07_24_17.781,267,5,1,1,-47.194,-2.289,0.988
2012-05-05-07_24_17.782,267,5,1,1,-47.277,-2.269,0.988
2012-05-05-07_24_17.782,267,5,1,1,-47.248,-2.292,0.988
2012-05-05-07_24_17.783,267,6,1,1,-56.219,-2.364,0.988
2012-05-05-07_24_17.784,267,6,1,1,-56.196,-2.264,0.988
2012-05-05-07_24_17.785,267,6,1,1,-56.289,-2.345,5.088
2012-05-05-07_24_17.785,267,7,1,1,-65.184,-2.282,8.588
2012-05-05-07_24_17.786,267,7,1,1,-65.191,-2.280,1.588
2012-05-05-07_24_17.787,267,7,1,1,-65.173,-2.180,1.688
2012-05-05-07_24_17.788,267,0,2,0,2.262,-6.780,1.802
2012-05-05-07_24_17.788,267,0,2,0,2.295,-6.689,1.802
2012-05-05-07_24_17.789,267,0,2,0,2.197,-6.758,1.802
2012-05-05-07_24_17.790,267,1,2,0,-6.748,-6.793,1.702
2012-05-05-07_24_17.791,267,1,2,0,-6.829,-6.773,1.702
2012-05-05-07_24_17.791,267,1,2,0,-6.770,-6.706,1.702
2012-05-05-07_24_17.792,267,2,2,0,-15.703,-6.710,0.902
2012-05-05-07_24_17.793,267,2,2,0,-15.768,-6.688,0.902
2012-05-05-07_24_17.793,267,2,2,0,-15.714,-6.638,0.902
2012-05-05-07_24_17.794,267,3,2,0,-24.725,-6.792,1.402
2012-05-05-07_24_17.795,267,3,2,0,-24.692,-6.701,1.502
2012-05-05-07_24_17.796,267,3,2,0,-24.790,-6.770,1.402
2012-05-05-07_24_17.797,267,4,2,0,-33.721,-6.794,0.702
2012-05-05-07_24_17.798,267,4,2,0,-33.689,-6.703,0.702
2012-05-05-07_24_17.798,267,4,2,0,-33.787,-6.772,0.702
2012-05-05-07_24_17.799,267,5,2,0,-42.733,-6.789,1.002
2012-05-05-07_24_17.800,267,5,2,0,-42.682,-6.841,1.002
2012-05-05-07_24_17.808,267,5,2,0,-42.777,-6.808,0.902
2012-05-05-07_24_17.809,267,6,2,0,-51.767,-6.855,1.002
2012-05-05-07_24_17.810,267,6,2,0,-51.734,-6.764,1.102
2012-05-05-07_24_17.811,267,6,2,0,-51.832,-6.833,1.002
2012-05-05-07_24_17.811,267,7,2,0,-60.661,-6.791,1.602
2012-05-05-07_24_17.812,267,7,2,0,-60.727,-6.769,1.602
2012-05-05-07_24_17.812,267,7,2,0,-60.673,-6.719,1.602
2012-05-05-07_24_17.813,267,0,2,1,-2.190,-6.786,1.810
2012-05-05-07_24_17.814,267,0,2,1,-2.165,-6.689,1.710
2012-05-05-07_24_17.815,267,0,2,1,-2.263,-6.768,1.710
2012-05-05-07_24_17.815,267,1,2,1,-11.203,-6.792,1.610
2012-05-05-07_24_17.816,267,1,2,1,-11.339,-6.721,1.710
2012-05-05-07_24_17.816,267,1,2,1,-11.227,-6.706,1.610
2012-05-05-07_24_17.817,267,2,2,1,-20.155,-6.716,0.910
2012-05-05-07_24_17.817,267,2,2,1,-20.228,-6.698,0.910
2012-05-05-07_24_17.818,267,2,2,1,-20.233,-6.697,0.910
2012-05-05-07_24_17.819,267,3,2,1,-29.177,-6.798,1.110
2012-05-05-07_24_17.819,267,3,2,1,-29.152,-6.701,1.110
2012-05-05-07_24_17.820,267,3,2,1,-29.250,-6.781,1.110
2012-05-05-07_24_17.820,267,4,2,1,-38.173,-6.800,0.710
2012-05-05-07_24_17.821,267,4,2,1,-38.148,-6.703,0.710
2012-05-05-07_24_17.821,267,4,2,1,-38.247,-6.782,0.710
2012-05-05-07_24_17.822,267,5,2,1,-47.192,-6.789,1.010
2012-05-05-07_24_17.822,267,5,2,1,-47.277,-6.767,1.010
2012-05-05-07_24_17.823,267,5,2,1,-47.246,-6.791,0.910
2012-05-05-07_24_17.823,267,6,2,1,-56.219,-6.861,1.110
2012-05-05-07_24_17.824,267,6,2,1,-56.194,-6.763,1.110
2012-05-05-07_24_17.824,267,6,2,1,-56.292,-6.843,1.010
2012-05-05-07_24_17.825,267,7,2,1,-65.187,-6.779,1.510
2012-05-05-07_24_17.826,267,7,2,1,-65.192,-6.778,1.510
2012-05-05-07_24_17.826,267,7,2,1,-65.174,-6.678,1.610
2012-05-05-07_24_17.827,267,0,3,0,2.269,-11.279,1.920
2012-05-05-07_24_17.843,267,0,3,0,2.292,-11.191,1.920
2012-05-05-07_24_17.844,267,0,3,0,2.196,-11.254,2.020
2012-05-05-07_24_17.845,267,1,3,0,-6.746,-11.290,1.720
2012-05-05-07_24_17.846,267,1,3,0,-6.829,-11.270,1.720
2012-05-05-07_24_17.846,267,1,3,0,-6.768,-11.205,1.720
2012-05-05-07_24_17.847,267,2,3,0,-15.696,-11.208,1.020
2012-05-05-07_24_17.848,267,2,3,0,-15.769,-11.184,1.020
2012-05-05-07_24_17.849,267,2,3,0,-15.715,-11.141,1.020
2012-05-05-07_24_17.849,267,3,3,0,-24.718,-11.291,1.520
2012-05-05-07_24_17.850,267,3,3,0,-24.695,-11.203,1.520
2012-05-05-07_24_17.851,267,3,3,0,-24.791,-11.267,1.520
2012-05-05-07_24_17.851,267,4,3,0,-33.714,-11.293,0.720
2012-05-05-07_24_17.852,267,4,3,0,-33.692,-11.205,0.720
2012-05-05-07_24_17.852,267,4,3,0,-33.787,-11.268,0.720
2012-05-05-07_24_17.853,267,5,3,0,-42.735,-11.291,1.020
2012-05-05-07_24_17.853,267,5,3,0,-42.682,-11.338,1.020
2012-05-05-07_24_17.854,267,5,3,0,-42.777,-11.311,1.020
2012-05-05-07_24_17.854,267,6,3,0,-51.760,-11.353,1.020
2012-05-05-07_24_17.855,267,6,3,0,-51.737,-11.266,1.020
2012-05-05-07_24_17.855,267,6,3,0,-51.833,-11.329,1.020
2012-05-05-07_24_17.856,267,7,3,0,-60.654,-11.289,1.720
2012-05-05-07_24_17.856,267,7,3,0,-60.727,-11.265,1.720
2012-05-05-07_24_17.856,267,7,3,0,-60.673,-11.222,1.820
2012-05-05-07_24_17.857,267,0,3,1,-2.188,-11.288,1.928
2012-05-05-07_24_17.857,267,0,3,1,-2.163,-11.191,12.028
2012-05-05-07_24_17.858,267,0,3,1,-2.263,-11.264,1.927
2012-05-05-07_24_17.859,267,1,3,1,-11.206,-11.290,1.728
2012-05-05-07_24_17.859,267,1,3,1,-11.337,-11.222,1.628
2012-05-05-07_24_17.859,267,1,3,1,-11.225,-11.205,1.727
2012-05-05-07_24_17.860,267,2,3,1,-20.153,-11.218,1.028
2012-05-05-07_24_17.860,267,2,3,1,-20.228,-11.194,1.027
2012-05-05-07_24_17.870,267,2,3,1,-20.236,-11.194,1.027
2012-05-05-07_24_17.871,267,3,3,1,-29.175,-11.300,1.228
2012-05-05-07_24_17.872,267,3,3,1,-29.150,-11.203,7.928
2012-05-05-07_24_17.873,267,3,3,1,-29.250,-11.276,1.227
2012-05-05-07_24_17.873,267,4,3,1,-38.171,-11.302,0.728
2012-05-05-07_24_17.874,267,4,3,1,-38.146,-11.205,0.728
2012-05-05-07_24_17.874,267,4,3,1,-38.247,-11.278,0.727
2012-05-05-07_24_17.875,267,5,3,1,-47.190,-11.291,12.528
2012-05-05-07_24_17.875,267,5,3,1,-47.280,-11.266,1.027
2012-05-05-07_24_17.876,267,5,3,1,-47.249,-11.291,1.027
2012-05-05-07_24_17.876,267,6,3,1,-56.217,-11.362,1.128
2012-05-05-07_24_17.877,267,6,3,1,-56.192,-11.265,1.028
2012-05-05-07_24_17.877,267,6,3,1,-56.292,-11.339,1.127
2012-05-05-07_24_17.878,267,7,3,1,-65.187,-11.275,1.627
2012-05-05-07_24_17.878,267,7,3,1,-65.194,-11.275,1.627
2012-05-05-07_24_17.878,267,7,3,1,-65.177,-11.177,1.727
2012-05-05-07_24_17.879,267,0,4,0,2.269,-15.782,2.039
2012-05-05-07_24_17.879,267,0,4,0,2.296,-15.697,2.039
2012-05-05-07_24_17.880,267,0,4,0,2.191,-15.753,2.039
2012-05-05-07_24_17.880,267,1,4,0,-6.739,-15.790,1.739
2012-05-05-07_24_17.881,267,1,4,0,-6.825,-15.769,1.739
2012-05-05-07_24_17.881,267,1,4,0,-6.763,-15.712,1.839
2012-05-05-07_24_17.882,267,2,4,0,-15.696,-15.712,1.139
2012-05-05-07_24_17.882,267,2,4,0,-15.774,-15.683,1.039
2012-05-05-07_24_17.883,267,2,4,0,-15.715,-15.642,1.139
2012-05-05-07_24_17.883,267,3,4,0,-24.718,-15.794,1.539
2012-05-05-07_24_17.884,267,3,4,0,-24.691,-15.709,1.539
2012-05-05-07_24_17.884,267,3,4,0,-24.796,-15.766,1.639
2012-05-05-07_24_17.884,267,4,4,0,-33.715,-15.796,0.739
2012-05-05-07_24_17.885,267,4,4,0,-33.687,-15.711,0.739
2012-05-05-07_24_17.885,267,4,4,0,-33.793,-15.767,0.739
2012-05-05-07_24_17.886,267,5,4,0,-42.731,-15.797,1.039
2012-05-05-07_24_17.886,267,5,4,0,-42.678,-15.837,1.039
2012-05-05-07_24_17.887,267,5,4,0,-42.777,-15.812,1.039
2012-05-05-07_24_17.887,267,6,4,0,-51.760,-15.856,1.039
2012-05-05-07_24_17.888,267,6,4,0,-51.733,-15.772,1.139
2012-05-05-07_24_17.888,267,6,4,0,-51.838,-15.828,1.039
2012-05-05-07_24_17.889,267,7,4,0,-60.655,-15.793,1.839
2012-05-05-07_24_17.889,267,7,4,0,-60.733,-15.764,1.839
2012-05-05-07_24_17.889,267,7,4,0,-60.674,-15.723,1.839
2012-05-05-07_24_17.890,267,0,4,1,-2.186,-15.793,1.951
2012-05-05-07_24_17.890,267,0,4,1,-2.161,-15.697,1.951
2012-05-05-07_24_17.891,267,0,4,1,-2.264,-15.765,1.950
2012-05-05-07_24_17.891,267,1,4,1,-11.206,-15.791,1.751
2012-05-05-07_24_17.892,267,1,4,1,-11.335,-15.729,1.751
2012-05-05-07_24_17.893,267,1,4,1,-11.228,-15.711,1.750
2012-05-05-07_24_17.893,267,2,4,1,-20.151,-15.723,1.051
2012-05-05-07_24_17.894,267,2,4,1,-20.229,-15.695,1.150
2012-05-05-07_24_17.894,267,2,4,1,-20.236,-15.695,1.050
2012-05-05-07_24_17.895,267,3,4,1,-29.173,-15.805,1.251
2012-05-05-07_24_17.895,267,3,4,1,-29.148,-15.709,1.251
2012-05-05-07_24_17.896,267,3,4,1,-29.251,-15.777,1.250
2012-05-05-07_24_17.896,267,4,4,1,-38.170,-15.807,0.751
2012-05-05-07_24_17.897,267,4,4,1,-38.144,-15.711,0.851
2012-05-05-07_24_17.897,267,4,4,1,-38.247,-15.779,0.750
2012-05-05-07_24_17.898,267,5,4,1,-47.188,-15.797,1.151
2012-05-05-07_24_17.898,267,5,4,1,-47.278,-15.770,1.050
2012-05-05-07_24_17.899,267,5,4,1,-47.249,-15.797,1.050
2012-05-05-07_24_17.899,267,6,4,1,-56.190,-15.772,1.151
2012-05-05-07_24_17.900,267,6,4,1,-56.293,-15.840,1.150
2012-05-05-07_24_17.900,267,6,4,1,-56.300,-15.839,1.150
2012-05-05-07_24_17.901,267,7,4,1,-65.188,-15.776,1.650
2012-05-05-07_24_17.901,267,7,4,1,-65.195,-15.775,1.650
2012-05-05-07_24_17.903,267,7,4,1,-65.175,-15.681,1.750
2012-05-05-07_24_17.904,267,0,5,0,2.268,-20.283,2.064
2012-05-05-07_24_17.904,267,0,5,0,2.296,-20.197,1.964
2012-05-05-07_24_17.905,267,0,5,0,2.190,-20.253,2.064
2012-05-05-07_24_17.905,267,1,5,0,-6.740,-20.294,1.764
2012-05-05-07_24_17.906,267,1,5,0,-6.828,-20.269,1.764
2012-05-05-07_24_17.906,267,1,5,0,-6.764,-20.217,1.764
2012-05-05-07_24_17.907,267,2,5,0,-15.697,-20.213,1.064
2012-05-05-07_24_17.907,267,2,5,0,-15.774,-20.183,1.064
2012-05-05-07_24_17.908,267,2,5,0,-15.718,-20.141,1.064
2012-05-05-07_24_17.908,267,3,5,0,-24.719,-20.295,1.564
2012-05-05-07_24_17.909,267,3,5,0,-24.691,-20.209,1.564
2012-05-05-07_24_17.909,267,3,5,0,-24.796,-20.266,1.564
2012-05-05-07_24_17.910,267,4,5,0,-33.715,-20.297,0.864
2012-05-05-07_24_17.910,267,4,5,0,-33.688,-20.211,0.864
2012-05-05-07_24_17.911,267,4,5,0,-33.793,-20.267,0.864
2012-05-05-07_24_17.911,267,5,5,0,-42.731,-20.297,1.164
2012-05-05-07_24_17.912,267,5,5,0,-42.680,-20.337,1.064
2012-05-05-07_24_17.912,267,5,5,0,-42.780,-20.311,1.064
2012-05-05-07_24_17.913,267,6,5,0,-51.761,-20.358,1.064
2012-05-05-07_24_17.913,267,6,5,0,-51.733,-20.272,1.064
2012-05-05-07_24_17.913,267,6,5,0,-51.839,-20.328,1.064
2012-05-05-07_24_17.914,267,7,5,0,-60.655,-20.294,1.864
2012-05-05-07_24_17.914,267,7,5,0,-60.733,-20.264,1.864
2012-05-05-07_24_17.915,267,7,5,0,-60.677,-20.222,1.764
2012-05-05-07_24_17.915,267,0,5,1,-2.186,-20.291,1.972
2012-05-05-07_24_17.916,267,0,5,1,-2.159,-20.197,1.972
2012-05-05-07_24_17.916,267,0,5,1,-2.262,-20.267,1.972
2012-05-05-07_24_17.917,267,1,5,1,-11.209,-20.294,1.772
2012-05-05-07_24_17.917,267,1,5,1,-11.333,-20.229,1.772
2012-05-05-07_24_17.918,267,1,5,1,-11.231,-20.216,1.772
2012-05-05-07_24_17.918,267,2,5,1,-20.151,-20.221,1.072
2012-05-05-07_24_17.919,267,2,5,1,-20.227,-20.197,1.172
2012-05-05-07_24_17.919,267,2,5,1,-20.234,-20.197,1.072
2012-05-05-07_24_17.920,267,3,5,1,-29.173,-20.303,1.272
2012-05-05-07_24_17.920,267,3,5,1,-29.146,-20.209,1.472
2012-05-05-07_24_17.921,267,3,5,1,-29.249,-20.279,1.272
2012-05-05-07_24_17.921,267,4,5,1,-38.170,-20.305,0.872
2012-05-05-07_24_17.923,267,4,5,1,-38.142,-20.211,0.872
2012-05-05-07_24_17.923,267,4,5,1,-38.245,-20.281,0.872
2012-05-05-07_24_17.924,267,5,5,1,-47.186,-20.297,1.072
2012-05-05-07_24_17.924,267,5,5,1,-47.279,-20.275,1.172
2012-05-05-07_24_17.925,267,5,5,1,-47.247,-20.297,1.072
2012-05-05-07_24_17.926,267,6,5,1,-56.188,-20.271,1.172
2012-05-05-07_24_17.927,267,6,5,1,-56.291,-20.342,1.172
2012-05-05-07_24_17.928,267,6,5,1,-56.298,-20.341,1.172
2012-05-05-07_24_17.928,267,7,5,1,-65.186,-20.278,1.672
2012-05-05-07_24_17.929,267,7,5,1,-65.193,-20.277,1.672
2012-05-05-07_24_17.930,267,7,5,1,-65.175,-20.186,1.772
2012-05-05-07_24_17.930,267,0,6,0,2.270,-24.783,1.881
2012-05-05-07_24_17.931,267,0,6,0,2.303,-24.691,1.882
2012-05-05-07_24_17.931,267,0,6,0,2.192,-24.757,1.782
2012-05-05-07_24_17.932,267,1,6,0,-6.743,-24.796,1.582
2012-05-05-07_24_17.932,267,1,6,0,-6.821,-24.770,1.582
2012-05-05-07_24_17.933,267,1,6,0,-6.762,-24.710,1.682
2012-05-05-07_24_17.933,267,2,6,0,-15.695,-24.713,1.081
2012-05-05-07_24_17.934,267,2,6,0,-15.772,-24.687,0.982
2012-05-05-07_24_17.935,267,2,6,0,-15.751,-24.696,0.982
2012-05-05-07_24_17.936,267,3,6,0,-24.717,-24.795,1.481
2012-05-05-07_24_17.936,267,3,6,0,-24.684,-24.703,1.582
2012-05-05-07_24_17.937,267,3,6,0,-24.794,-24.769,1.482
2012-05-05-07_24_17.938,267,4,6,0,-33.713,-24.797,0.881
2012-05-05-07_24_17.938,267,4,6,0,-33.681,-24.705,0.882
2012-05-05-07_24_17.940,267,4,6,0,-33.791,-24.771,0.882
2012-05-05-07_24_17.941,267,5,6,0,-42.724,-24.791,1.282
2012-05-05-07_24_17.941,267,5,6,0,-42.674,-24.839,1.282
2012-05-05-07_24_17.942,267,5,6,0,-42.776,-24.805,1.282
2012-05-05-07_24_17.942,267,6,6,0,-51.759,-24.858,1.281
2012-05-05-07_24_17.943,267,6,6,0,-51.726,-24.766,1.282
2012-05-05-07_24_17.943,267,6,6,0,-51.837,-24.832,1.282
2012-05-05-07_24_17.944,267,7,6,0,-60.653,-24.794,2.081
2012-05-05-07_24_17.944,267,7,6,0,-60.731,-24.768,2.082
2012-05-05-07_24_17.945,267,7,6,0,-60.672,-24.716,2.082
2012-05-05-07_24_17.945,267,0,6,1,-2.187,-24.788,1.790
2012-05-05-07_24_17.945,267,0,6,1,-2.159,-24.690,1.890
2012-05-05-07_24_17.946,267,0,6,1,-2.260,-24.770,1.790
2012-05-05-07_24_17.946,267,1,6,1,-11.212,-24.796,1.690
2012-05-05-07_24_17.947,267,1,6,1,-11.334,-24.722,1.690
2012-05-05-07_24_17.947,267,1,6,1,-11.234,-24.710,1.689
2012-05-05-07_24_17.948,267,2,6,1,-20.152,-24.718,0.990
2012-05-05-07_24_17.948,267,2,6,1,-20.225,-24.700,1.090
2012-05-05-07_24_17.949,267,2,6,1,-20.232,-24.699,1.090
2012-05-05-07_24_17.949,267,3,6,1,-29.174,-24.801,1.290
2012-05-05-07_24_17.950,267,3,6,1,-29.146,-24.703,1.490
2012-05-05-07_24_17.950,267,3,6,1,-29.247,-24.782,1.290
2012-05-05-07_24_17.951,267,4,6,1,-38.170,-24.802,0.990
2012-05-05-07_24_17.951,267,4,6,1,-38.143,-24.704,0.890
2012-05-05-07_24_17.952,267,4,6,1,-38.243,-24.784,0.890
2012-05-05-07_24_17.952,267,5,6,1,-47.187,-24.790,1.390
2012-05-05-07_24_17.952,267,5,6,1,-47.274,-24.770,1.289
2012-05-05-07_24_17.953,267,5,6,1,-47.243,-24.791,1.289
2012-05-05-07_24_17.953,267,6,6,1,-56.216,-24.863,1.290
2012-05-05-07_24_17.954,267,6,6,1,-56.188,-24.765,1.290
2012-05-05-07_24_17.955,267,6,6,1,-56.289,-24.844,1.290
2012-05-05-07_24_17.955,267,7,6,1,-65.184,-24.781,1.890
2012-05-05-07_24_17.956,267,7,6,1,-65.191,-24.780,1.890
2012-05-05-07_24_17.956,267,7,6,1,-65.171,-24.681,1.889
2012-05-05-07_24_17.957,267,0,7,0,2.263,-29.280,1.802
2012-05-05-07_24_17.957,267,0,7,0,2.300,-29.189,1.802
2012-05-05-07_24_17.958,267,0,7,0,2.190,-29.258,1.802
2012-05-05-07_24_17.958,267,1,7,0,-6.743,-29.293,1.702
2012-05-05-07_24_17.959,267,1,7,0,-6.819,-29.272,1.702
2012-05-05-07_24_17.959,267,1,7,0,-6.765,-29.206,1.602
2012-05-05-07_24_17.960,267,2,7,0,-15.702,-29.210,1.002
2012-05-05-07_24_17.960,267,2,7,0,-15.775,-29.188,1.102
2012-05-05-07_24_17.961,267,2,7,0,-15.714,-29.138,1.102
2012-05-05-07_24_17.961,267,3,7,0,-24.724,-29.292,1.502
2012-05-05-07_24_17.962,267,3,7,0,-24.687,-29.201,1.502
2012-05-05-07_24_17.962,267,3,7,0,-24.797,-29.270,1.502
2012-05-05-07_24_17.962,267,4,7,0,-33.721,-29.294,1.002
2012-05-05-07_24_17.963,267,4,7,0,-33.684,-29.203,0.902
2012-05-05-07_24_17.963,267,4,7,0,-33.794,-29.272,1.002
2012-05-05-07_24_17.964,267,5,7,0,-42.727,-29.289,1.302
2012-05-05-07_24_17.964,267,5,7,0,-42.672,-29.340,1.302
2012-05-05-07_24_17.965,267,5,7,0,-42.776,-29.308,1.302
2012-05-05-07_24_17.965,267,6,7,0,-51.766,-29.355,1.302
2012-05-05-07_24_17.966,267,6,7,0,-51.729,-29.264,1.302
2012-05-05-07_24_17.966,267,6,7,0,-51.673,-29.315,1.302
2012-05-05-07_24_17.967,267,7,7,0,-60.661,-29.291,2.102
2012-05-05-07_24_17.967,267,7,7,0,-60.734,-29.269,2.102
2012-05-05-07_24_17.967,267,7,7,0,-60.673,-29.218,2.102
2012-05-05-07_24_17.968,267,0,7,1,-2.187,-29.286,1.813
2012-05-05-07_24_17.968,267,0,7,1,-2.162,-29.189,1.813
2012-05-05-07_24_17.969,267,0,7,1,-2.260,-29.269,1.813
2012-05-05-07_24_17.969,267,1,7,1,-11.213,-29.292,1.713
2012-05-05-07_24_17.970,267,1,7,1,-11.337,-29.221,1.713
2012-05-05-07_24_17.970,267,1,7,1,-11.236,-29.206,1.713
2012-05-05-07_24_17.972,267,2,7,1,-20.152,-29.216,1.013
2012-05-05-07_24_17.973,267,2,7,1,-20.225,-29.199,1.013
2012-05-05-07_24_17.973,267,2,7,1,-20.230,-29.197,1.013
2012-05-05-07_24_17.974,267,3,7,1,-29.174,-29.298,1.213
2012-05-05-07_24_17.974,267,3,7,1,-29.149,-29.201,1.513
2012-05-05-07_24_17.975,267,3,7,1,-29.247,-29.281,1.313
2012-05-05-07_24_17.975,267,4,7,1,-38.171,-29.300,0.913
2012-05-05-07_24_17.976,267,4,7,1,-38.146,-29.203,0.913
2012-05-05-07_24_17.976,267,4,7,1,-38.244,-29.283,1.013
2012-05-05-07_24_17.977,267,5,7,1,-47.189,-29.289,1.413
2012-05-05-07_24_17.977,267,5,7,1,-47.272,-29.267,1.413
2012-05-05-07_24_17.977,267,5,7,1,-47.243,-29.292,1.413
2012-05-05-07_24_17.979,267,6,7,1,-56.216,-29.360,1.313
2012-05-05-07_24_17.979,267,6,7,1,-56.191,-29.264,1.413
2012-05-05-07_24_17.980,267,6,7,1,-56.289,-29.343,1.313
2012-05-05-07_24_17.981,267,7,7,1,-65.184,-29.279,2.013
2012-05-05-07_24_17.982,267,7,7,1,-65.189,-29.278,2.013
2012-05-05-07_24_17.982,267,7,7,1,-65.169,-29.178,2.013
2012-05-05-07_24_17.983,267,0,8,0,2.274,-33.779,1.827
2012-05-05-07_24_17.984,267,0,8,0,2.302,-33.689,1.927
2012-05-05-07_24_17.985,267,0,8,0,2.192,-33.755,1.827
2012-05-05-07_24_17.985,267,1,8,0,-6.746,-33.789,1.727
2012-05-05-07_24_17.986,267,1,8,0,-6.819,-33.769,1.727
2012-05-05-07_24_17.987,267,1,8,0,-6.765,-33.704,1.627
2012-05-05-07_24_17.987,267,2,8,0,-15.690,-33.709,1.127
2012-05-05-07_24_17.988,267,2,8,0,-15.773,-33.685,1.127
2012-05-05-07_24_17.988,267,2,8,0,-15.709,-33.639,1.027
2012-05-05-07_24_17.989,267,3,8,0,-24.712,-33.791,1.527
2012-05-05-07_24_17.989,267,3,8,0,-24.685,-33.701,1.527
2012-05-05-07_24_17.990,267,3,8,0,-24.795,-33.767,1.427
2012-05-05-07_24_17.990,267,4,8,0,-33.709,-33.793,1.027
2012-05-05-07_24_17.991,267,4,8,0,-33.682,-33.703,1.027
2012-05-05-07_24_17.991,267,4,8,0,-33.792,-33.769,0.927
2012-05-05-07_24_17.992,267,5,8,0,-42.725,-33.789,1.327
2012-05-05-07_24_17.992,267,5,8,0,-42.672,-33.837,1.327
2012-05-05-07_24_17.992,267,5,8,0,-42.772,-33.809,1.327
2012-05-05-07_24_17.993,267,6,8,0,-51.755,-33.854,1.327
2012-05-05-07_24_17.993,267,6,8,0,-51.727,-33.764,1.327
2012-05-05-07_24_17.994,267,6,8,0,-51.837,-33.829,1.327
2012-05-05-07_24_17.994,267,7,8,0,-60.649,-33.790,2.227
2012-05-05-07_24_17.995,267,7,8,0,-60.732,-33.766,2.127
2012-05-05-07_24_17.995,267,7,8,0,-60.668,-33.719,2.227
2012-05-05-07_24_17.996,267,0,8,1,-2.185,-33.787,1.835
2012-05-05-07_24_17.996,267,0,8,1,-2.163,-33.688,1.835
2012-05-05-07_24_17.997,267,0,8,1,-2.258,-33.765,1.835
2012-05-05-07_24_17.997,267,1,8,1,-11.213,-33.787,1.735
2012-05-05-07_24_17.998,267,1,8,1,-11.337,-33.720,1.735
2012-05-05-07_24_17.998,267,1,8,1,-11.237,-33.703,1.735
2012-05-05-07_24_17.999,267,2,8,1,-20.150,-33.717,1.135
2012-05-05-07_24_17.999,267,2,8,1,-20.223,-33.695,1.135
2012-05-05-07_24_18.000,267,2,8,1,-20.230,-33.694,1.135
2012-05-05-07_24_18.000,267,3,8,1,-29.172,-33.799,1.135
2012-05-05-07_24_18.001,267,3,8,1,-29.149,-33.700,1.335
2012-05-05-07_24_18.001,267,3,8,1,-29.245,-33.777,1.235
2012-05-05-07_24_18.002,267,4,8,1,-38.169,-33.801,1.035
2012-05-05-07_24_18.002,267,4,8,1,-38.146,-33.702,1.035
2012-05-05-07_24_18.003,267,4,8,1,-38.242,-33.779,0.935
2012-05-05-07_24_18.003,267,5,8,1,-47.190,-33.788,1.435
2012-05-05-07_24_18.004,267,5,8,1,-47.273,-33.764,1.435
2012-05-05-07_24_18.004,267,5,8,1,-47.244,-33.792,1.435
2012-05-05-07_24_18.005,267,6,8,1,-56.214,-33.862,1.335
2012-05-05-07_24_18.005,267,6,8,1,-56.192,-33.763,1.335
2012-05-05-07_24_18.007,267,6,8,1,-56.287,-33.840,1.335
2012-05-05-07_24_18.007,267,7,8,1,-65.182,-33.776,2.135
2012-05-05-07_24_18.008,267,7,8,1,-65.189,-33.775,2.135
2012-05-05-07_24_18.008,267,7,8,1,-65.169,-33.675,2.235
2012-05-05-07_24_18.009,267,0,9,0,2.274,-38.282,1.945
2012-05-05-07_24_18.010,267,0,9,0,2.304,-38.196,3.445
2012-05-05-07_24_18.010,267,0,9,0,2.194,-38.254,1.945
2012-05-05-07_24_18.011,267,1,9,0,-6.749,-38.290,1.745
2012-05-05-07_24_18.011,267,1,9,0,-6.822,-38.269,1.745
2012-05-05-07_24_18.012,267,1,9,0,-6.768,-38.212,1.745
2012-05-05-07_24_18.012,267,2,9,0,-15.691,-38.212,1.145
2012-05-05-07_24_18.013,267,2,9,0,-15.771,-38.184,1.145
2012-05-05-07_24_18.013,267,2,9,0,-15.710,-38.142,1.145
2012-05-05-07_24_18.014,267,3,9,0,-24.713,-38.294,1.645
2012-05-05-07_24_18.014,267,3,9,0,-24.683,-38.208,1.445
2012-05-05-07_24_18.015,267,3,9,0,-24.793,-38.266,1.645
2012-05-05-07_24_18.015,267,4,9,0,-33.710,-38.296,0.945
2012-05-05-07_24_18.016,267,4,9,0,-33.680,-38.210,0.945
2012-05-05-07_24_18.016,267,4,9,0,-33.790,-38.268,0.945
2012-05-05-07_24_18.017,267,5,9,0,-42.723,-38.296,1.545
2012-05-05-07_24_18.017,267,5,9,0,-42.675,-38.337,1.345
2012-05-05-07_24_18.018,267,5,9,0,-42.772,-38.312,1.445
2012-05-05-07_24_18.018,267,6,9,0,-51.755,-38.356,1.245
2012-05-05-07_24_18.019,267,6,9,0,-51.725,-38.271,1.345
2012-05-05-07_24_18.019,267,6,9,0,-51.835,-38.329,1.245
2012-05-05-07_24_18.020,267,7,9,0,-60.650,-38.293,2.145
2012-05-05-07_24_18.020,267,7,9,0,-60.730,-38.265,2.245
2012-05-05-07_24_18.021,267,7,9,0,-60.669,-38.223,2.145
2012-05-05-07_24_18.021,267,0,9,1,-2.186,-38.292,1.854
2012-05-05-07_24_18.022,267,0,9,1,-2.165,-38.196,1.954
2012-05-05-07_24_18.022,267,0,9,1,-2.259,-38.266,1.954
2012-05-05-07_24_18.022,267,1,9,1,-11.213,-38.290,1.754
2012-05-05-07_24_18.023,267,1,9,1,-11.340,-38.227,1.854
2012-05-05-07_24_18.023,267,1,9,1,-11.235,-38.210,1.754
2012-05-05-07_24_18.024,267,2,9,1,-20.151,-38.222,1.254
2012-05-05-07_24_18.024,267,2,9,1,-20.224,-38.196,1.254
2012-05-05-07_24_18.025,267,2,9,1,-20.231,-38.195,1.254
2012-05-05-07_24_18.025,267,3,9,1,-29.173,-38.305,1.354
2012-05-05-07_24_18.026,267,3,9,1,-29.152,-38.208,1.654
2012-05-05-07_24_18.026,267,3,9,1,-29.246,-38.279,1.554
2012-05-05-07_24_18.027,267,4,9,1,-38.169,-38.306,1.054
2012-05-05-07_24_18.027,267,4,9,1,-38.149,-38.210,1.054
2012-05-05-07_24_18.028,267,4,9,1,-38.242,-38.280,0.954
2012-05-05-07_24_18.028,267,5,9,1,-47.193,-38.296,1.554
2012-05-05-07_24_18.029,267,5,9,1,-47.273,-38.270,1.454
2012-05-05-07_24_18.030,267,5,9,1,-47.244,-38.298,1.454
2012-05-05-07_24_18.031,267,6,9,1,-56.194,-38.270,1.354
2012-05-05-07_24_18.031,267,6,9,1,-56.288,-38.341,1.354
2012-05-05-07_24_18.032,267,6,9,1,-56.295,-38.340,1.354
2012-05-05-07_24_18.033,267,7,9,1,-65.182,-38.277,2.054
2012-05-05-07_24_18.033,267,7,9,1,-65.190,-38.276,1.954
2012-05-05-07_24_18.035,267,7,9,1,-65.169,-38.181,2.054
2012-05-05-07_24_18.035,267,0,10,0,2.274,-42.783,1.966
2012-05-05-07_24_18.036,267,0,10,0,2.306,-42.696,1.966
2012-05-05-07_24_18.036,267,0,10,0,2.193,-42.755,1.966
2012-05-05-07_24_18.037,267,1,10,0,-6.749,-42.793,1.766
2012-05-05-07_24_18.037,267,1,10,0,-6.825,-42.767,1.766
2012-05-05-07_24_18.038,267,1,10,0,-6.771,-42.715,1.766
2012-05-05-07_24_18.038,267,2,10,0,-15.691,-42.713,1.266
2012-05-05-07_24_18.039,267,2,10,0,-15.772,-42.685,1.166
2012-05-05-07_24_18.039,267,2,10,0,-15.708,-42.639,1.166
2012-05-05-07_24_18.041,267,3,10,0,-24.713,-42.795,1.566
2012-05-05-07_24_18.041,267,3,10,0,-24.681,-42.708,1.566
2012-05-05-07_24_18.042,267,3,10,0,-24.794,-42.767,1.566
2012-05-05-07_24_18.042,267,4,10,0,-33.710,-42.797,1.066
2012-05-05-07_24_18.043,267,4,10,0,-33.678,-42.710,1.066
2012-05-05-07_24_18.043,267,4,10,0,-33.790,-42.769,0.966
2012-05-05-07_24_18.043,267,5,10,0,-42.721,-42.796,1.366
2012-05-05-07_24_18.044,267,5,10,0,-42.678,-42.835,1.366
2012-05-05-07_24_18.044,267,5,10,0,-42.770,-42.809,1.366
2012-05-05-07_24_18.045,267,6,10,0,-51.755,-42.857,1.266
2012-05-05-07_24_18.045,267,6,10,0,-51.723,-42.770,1.366
2012-05-05-07_24_18.046,267,6,10,0,-51.836,-42.830,1.266
2012-05-05-07_24_18.046,267,7,10,0,-60.650,-42.794,2.166
2012-05-05-07_24_18.047,267,7,10,0,-60.730,-42.766,2.266
2012-05-05-07_24_18.047,267,7,10,0,-60.667,-42.720,2.266
2012-05-05-07_24_18.048,267,0,10,1,-2.191,-42.791,1.878
2012-05-05-07_24_18.048,267,0,10,1,-2.166,-42.696,1.878
2012-05-05-07_24_18.049,267,0,10,1,-2.262,-42.768,1.878
2012-05-05-07_24_18.049,267,1,10,1,-11.214,-42.794,1.778
2012-05-05-07_24_18.050,267,1,10,1,-11.340,-42.728,1.778
2012-05-05-07_24_18.050,267,1,10,1,-11.235,-42.714,1.778
2012-05-05-07_24_18.051,267,2,10,1,-20.156,-42.721,1.178
2012-05-05-07_24_18.051,267,2,10,1,-20.226,-42.698,1.278
2012-05-05-07_24_18.052,267,2,10,1,-20.231,-42.697,1.278
2012-05-05-07_24_18.052,267,3,10,1,-29.178,-42.803,1.378
2012-05-05-07_24_18.053,267,3,10,1,-29.153,-42.708,1.378
2012-05-05-07_24_18.053,267,3,10,1,-29.249,-42.781,1.378
2012-05-05-07_24_18.054,267,4,10,1,-38.174,-42.805,0.978
2012-05-05-07_24_18.054,267,4,10,1,-38.149,-42.710,0.978
2012-05-05-07_24_18.055,267,4,10,1,-38.245,-42.782,0.978
2012-05-05-07_24_18.055,267,5,10,1,-47.193,-42.796,1.478
2012-05-05-07_24_18.055,267,5,10,1,-47.274,-42.774,1.478
2012-05-05-07_24_18.056,267,5,10,1,-47.247,-42.797,1.478
2012-05-05-07_24_18.056,267,6,10,1,-56.220,-42.865,1.378
2012-05-05-07_24_18.057,267,6,10,1,-56.195,-42.770,1.378
2012-05-05-07_24_18.057,267,6,10,1,-56.291,-42.843,1.378
2012-05-05-07_24_18.058,267,7,10,1,-65.185,-42.779,2.078
2012-05-05-07_24_18.058,267,7,10,1,-65.190,-42.778,1.978
2012-05-05-07_24_18.059,267,7,10,1,-65.170,-42.685,2.078
2012-05-05-07_24_18.059,267,0,11,0,2.278,-47.283,1.990
2012-05-05-07_24_18.060,267,0,11,0,2.303,-47.190,1.990
2012-05-05-07_24_18.060,267,0,11,0,2.195,-47.257,1.890
2012-05-05-07_24_18.061,267,1,11,0,-6.752,-47.296,1.790
2012-05-05-07_24_18.061,267,1,11,0,-6.825,-47.270,1.790
2012-05-05-07_24_18.062,267,1,11,0,-6.774,-47.210,1.790
2012-05-05-07_24_18.062,267,2,11,0,-15.687,-47.213,1.190
2012-05-05-07_24_18.063,267,2,11,0,-15.770,-47.187,1.190
2012-05-05-07_24_18.063,267,2,11,0,-15.743,-47.197,1.190
2012-05-05-07_24_18.063,267,3,11,0,-24.709,-47.295,1.690
2012-05-05-07_24_18.064,267,3,11,0,-24.684,-47.202,1.790
2012-05-05-07_24_18.064,267,3,11,0,-24.792,-47.269,1.690
2012-05-05-07_24_18.065,267,4,11,0,-33.705,-47.297,0.990
2012-05-05-07_24_18.065,267,4,11,0,-33.680,-47.204,0.990
2012-05-05-07_24_18.066,267,4,11,0,-33.788,-47.271,1.090
2012-05-05-07_24_18.066,267,5,11,0,-42.724,-47.290,1.390
2012-05-05-07_24_18.067,267,5,11,0,-42.678,-47.338,1.390
2012-05-05-07_24_18.067,267,5,11,0,-42.771,-47.305,1.390
2012-05-05-07_24_18.068,267,6,11,0,-51.751,-47.357,1.290
2012-05-05-07_24_18.068,267,6,11,0,-51.726,-47.264,1.290
2012-05-05-07_24_18.068,267,6,11,0,-51.834,-47.332,1.290
2012-05-05-07_24_18.069,267,7,11,0,-60.646,-47.293,2.290
2012-05-05-07_24_18.069,267,7,11,0,-60.728,-47.268,2.290
2012-05-05-07_24_18.070,267,7,11,0,-60.667,-47.216,2.190
2012-05-05-07_24_18.070,267,0,11,1,-2.191,-47.289,7.999
2012-05-05-07_24_18.072,267,0,11,1,-2.169,-47.190,1.999
2012-05-05-07_24_18.072,267,0,11,1,-2.260,-47.269,1.999
2012-05-05-07_24_18.073,267,1,11,1,-11.214,-47.296,1.799
2012-05-05-07_24_18.073,267,1,11,1,-11.343,-47.222,1.799
2012-05-05-07_24_18.074,267,1,11,1,-11.236,-47.210,1.799
2012-05-05-07_24_18.074,267,2,11,1,-20.156,-47.219,1.399
2012-05-05-07_24_18.075,267,2,11,1,-20.224,-47.199,1.299
2012-05-05-07_24_18.075,267,2,11,1,-20.232,-47.199,1.299
2012-05-05-07_24_18.076,267,3,11,1,-29.178,-47.301,1.399
2012-05-05-07_24_18.076,267,3,11,1,-29.156,-47.202,1.599
2012-05-05-07_24_18.077,267,3,11,1,-29.247,-47.282,1.399
2012-05-05-07_24_18.077,267,4,11,1,-38.175,-47.303,0.999
2012-05-05-07_24_18.078,267,4,11,1,-38.152,-47.204,0.999
2012-05-05-07_24_18.078,267,4,11,1,-38.243,-47.283,0.999
2012-05-05-07_24_18.078,267,5,11,1,-47.196,-47.290,1.499
2012-05-05-07_24_18.079,267,5,11,1,-47.276,-47.270,1.499
2012-05-05-07_24_18.080,267,5,11,1,-47.247,-47.291,1.499
2012-05-05-07_24_18.080,267,6,11,1,-56.220,-47.363,1.399
2012-05-05-07_24_18.081,267,6,11,1,-56.198,-47.265,1.399
2012-05-05-07_24_18.081,267,6,11,1,-56.289,-47.344,1.399
2012-05-05-07_24_18.082,267,7,11,1,-65.183,-47.280,2.299
2012-05-05-07_24_18.082,267,7,11,1,-65.190,-47.280,2.199
2012-05-05-07_24_18.082,267,7,11,1,-65.173,-47.181,2.299
2012-05-05-07_24_18.083,267,0,12,0,2.265,-51.780,2.107
2012-05-05-07_24_18.083,267,0,12,0,2.303,-51.691,2.108
2012-05-05-07_24_18.084,267,0,12,0,2.195,-51.758,2.208
2012-05-05-07_24_18.084,267,1,12,0,-6.755,-51.795,1.908
2012-05-05-07_24_18.086,267,1,12,0,-6.828,-51.774,1.808
2012-05-05-07_24_18.086,267,1,12,0,-6.774,-51.708,1.908
2012-05-05-07_24_18.087,267,2,12,0,-15.699,-51.710,1.207
2012-05-05-07_24_18.087,267,2,12,0,-15.770,-51.688,1.208
2012-05-05-07_24_18.088,267,2,12,0,-15.709,-51.640,1.208
2012-05-05-07_24_18.088,267,3,12,0,-24.722,-51.792,1.707
2012-05-05-07_24_18.089,267,3,12,0,-24.684,-51.703,1.708
2012-05-05-07_24_18.089,267,3,12,0,-24.792,-51.770,1.608
2012-05-05-07_24_18.090,267,4,12,0,-33.718,-51.794,1.007
2012-05-05-07_24_18.090,267,4,12,0,-33.681,-51.705,1.108
2012-05-05-07_24_18.091,267,4,12,0,-33.789,-51.772,1.008
2012-05-05-07_24_18.091,267,5,12,0,-42.725,-51.791,1.408
2012-05-05-07_24_18.092,267,5,12,0,-42.681,-51.842,1.208
2012-05-05-07_24_18.092,267,5,12,0,-42.771,-51.810,1.408
2012-05-05-07_24_18.093,267,6,12,0,-51.764,-51.855,1.307
2012-05-05-07_24_18.093,267,6,12,0,-51.726,-51.766,1.308
2012-05-05-07_24_18.094,267,6,12,0,-51.834,-51.833,1.308
2012-05-05-07_24_18.094,267,7,12,0,-60.658,-51.791,2.107
2012-05-05-07_24_18.095,267,7,12,0,-60.729,-51.769,2.108
2012-05-05-07_24_18.095,267,7,12,0,-60.667,-51.721,2.108
2012-05-05-07_24_18.096,267,0,12,1,-2.194,-51.786,2.116
2012-05-05-07_24_18.096,267,0,12,1,-2.169,-51.690,2.116
2012-05-05-07_24_18.097,267,0,12,1,-2.262,-51.768,2.116
2012-05-05-07_24_18.097,267,1,12,1,-11.212,-51.794,1.816
2012-05-05-07_24_18.098,267,1,12,1,-11.344,-51.722,1.816
2012-05-05-07_24_18.098,267,1,12,1,-11.236,-51.707,1.816
2012-05-05-07_24_18.099,267,2,12,1,-20.159,-51.716,1.216
2012-05-05-07_24_18.099,267,2,12,1,-20.227,-51.698,1.216
2012-05-05-07_24_18.100,267,2,12,1,-20.235,-51.698,1.216
2012-05-05-07_24_18.100,267,3,12,1,-29.181,-51.798,1.416
2012-05-05-07_24_18.101,267,3,12,1,-29.156,-51.702,1.616
2012-05-05-07_24_18.101,267,3,12,1,-29.249,-51.781,1.616
2012-05-05-07_24_18.102,267,4,12,1,-38.178,-51.800,1.016
2012-05-05-07_24_18.102,267,4,12,1,-38.153,-51.704,1.016
2012-05-05-07_24_18.103,267,4,12,1,-38.246,-51.782,1.116
2012-05-05-07_24_18.104,267,5,12,1,-47.196,-51.790,1.216
2012-05-05-07_24_18.104,267,5,12,1,-47.277,-51.767,1.316
2012-05-05-07_24_18.105,267,5,12,1,-47.250,-51.791,1.216
2012-05-05-07_24_18.105,267,6,12,1,-56.223,-51.860,1.316
2012-05-05-07_24_18.106,267,6,12,1,-56.198,-51.765,1.416
2012-05-05-07_24_18.106,267,6,12,1,-56.291,-51.843,1.416
2012-05-05-07_24_18.107,267,7,12,1,-65.186,-51.779,2.216
2012-05-05-07_24_18.107,267,7,12,1,-65.193,-51.779,2.216
2012-05-05-07_24_18.108,267,7,12,1,-65.173,-51.678,2.216
2012-05-05-07_24_18.108,267,0,13,0,2.275,-56.278,2.127
2012-05-05-07_24_18.109,267,0,13,0,2.300,-56.191,2.127
2012-05-05-07_24_18.109,267,0,13,0,2.197,-56.254,2.127
2012-05-05-07_24_18.110,267,1,13,0,-6.755,-56.290,1.927
2012-05-05-07_24_18.110,267,1,13,0,-6.831,-56.270,1.927
2012-05-05-07_24_18.111,267,1,13,0,-6.774,-56.205,1.927
2012-05-05-07_24_18.111,267,2,13,0,-15.690,-56.208,1.227
2012-05-05-07_24_18.112,267,2,13,0,-15.768,-56.184,1.227
2012-05-05-07_24_18.112,267,2,13,0,-15.712,-56.140,1.227
2012-05-05-07_24_18.113,267,3,13,0,-24.712,-56.290,1.727
2012-05-05-07_24_18.113,267,3,13,0,-24.687,-56.203,1.727
2012-05-05-07_24_18.114,267,3,13,0,-24.790,-56.266,1.727
2012-05-05-07_24_18.114,267,4,13,0,-33.709,-56.292,1.027
2012-05-05-07_24_18.115,267,4,13,0,-33.684,-56.205,1.127
2012-05-05-07_24_18.115,267,4,13,0,-33.787,-56.268,1.027
2012-05-05-07_24_18.116,267,5,13,0,-42.727,-56.291,1.427
2012-05-05-07_24_18.116,267,5,13,0,-42.684,-56.338,1.227
2012-05-05-07_24_18.117,267,5,13,0,-42.774,-56.310,1.427
2012-05-05-07_24_18.117,267,6,13,0,-51.754,-56.353,1.227
2012-05-05-07_24_18.117,267,6,13,0,-51.729,-56.265,1.327
2012-05-05-07_24_18.118,267,6,13,0,-51.832,-56.329,1.327
2012-05-05-07_24_18.118,267,7,13,0,-60.649,-56.289,2.127
2012-05-05-07_24_18.119,267,7,13,0,-60.727,-56.265,6.627
2012-05-05-07_24_18.119,267,7,13,0,-60.670,-56.221,13.027
2012-05-05-07_24_18.120,267,0,13,1,-2.197,-56.288,2.139
2012-05-05-07_24_18.120,267,0,13,1,-2.172,-56.190,2.039
2012-05-05-07_24_18.121,267,0,13,1,-2.263,-56.265,2.039
2012-05-05-07_24_18.121,267,1,13,1,-11.210,-56.289,1.939
2012-05-05-07_24_18.122,267,1,13,1,-11.346,-56.222,1.939
2012-05-05-07_24_18.122,267,1,13,1,-11.234,-56.205,1.939
2012-05-05-07_24_18.123,267,2,13,1,-20.162,-56.218,1.239
2012-05-05-07_24_18.123,267,2,13,1,-20.228,-56.195,1.239
2012-05-05-07_24_18.124,267,2,13,1,-20.237,-56.194,1.239
2012-05-05-07_24_18.124,267,3,13,1,-29.184,-56.300,1.339
2012-05-05-07_24_18.125,267,3,13,1,-29.159,-56.202,1.639
2012-05-05-07_24_18.125,267,3,13,1,-29.250,-56.277,1.639
2012-05-05-07_24_18.126,267,4,13,1,-38.181,-56.302,1.039
2012-05-05-07_24_18.126,267,4,13,1,-38.155,-56.204,1.039
2012-05-05-07_24_18.127,267,4,13,1,-38.246,-56.279,1.039
2012-05-05-07_24_18.127,267,5,13,1,-47.199,-56.290,1.539
2012-05-05-07_24_18.128,267,5,13,1,-47.280,-56.265,1.539
2012-05-05-07_24_18.128,267,5,13,1,-47.253,-56.291,1.439
2012-05-05-07_24_18.129,267,6,13,1,-56.226,-56.363,1.439
2012-05-05-07_24_18.129,267,6,13,1,-56.201,-56.265,1.339
2012-05-05-07_24_18.130,267,6,13,1,-56.292,-56.339,1.439
2012-05-05-07_24_18.130,267,7,13,1,-65.186,-56.276,2.139
2012-05-05-07_24_18.131,267,7,13,1,-65.196,-56.275,2.139
2012-05-05-07_24_18.131,267,7,13,1,-65.176,-56.176,2.139
2012-05-05-07_24_18.132,267,0,14,0,2.272,-60.782,2.152
2012-05-05-07_24_18.132,267,0,14,0,2.297,-60.696,2.152
2012-05-05-07_24_18.133,267,0,14,0,2.196,-60.753,2.152
2012-05-05-07_24_18.133,267,1,14,0,-6.756,-60.790,1.952
2012-05-05-07_24_18.134,267,1,14,0,-6.831,-60.768,1.952
2012-05-05-07_24_18.134,267,1,14,0,-6.775,-60.712,1.952
2012-05-05-07_24_18.136,267,2,14,0,-15.693,-60.712,1.252
2012-05-05-07_24_18.136,267,2,14,0,-15.768,-60.683,1.252
2012-05-05-07_24_18.137,267,2,14,0,-15.712,-60.642,1.252
2012-05-05-07_24_18.138,267,3,14,0,-24.715,-60.794,1.652
2012-05-05-07_24_18.139,267,3,14,0,-24.690,-60.708,1.752
2012-05-05-07_24_18.139,267,3,14,0,-24.791,-60.766,1.652
2012-05-05-07_24_18.140,267,4,14,0,-33.712,-60.796,0.952
2012-05-05-07_24_18.140,267,4,14,0,-33.687,-60.710,0.952
2012-05-05-07_24_18.141,267,4,14,0,-33.787,-60.767,0.952
2012-05-05-07_24_18.141,267,5,14,0,-42.730,-60.796,1.452
2012-05-05-07_24_18.142,267,5,14,0,-42.684,-60.836,1.252
2012-05-05-07_24_18.142,267,5,14,0,-42.774,-60.812,1.452
2012-05-05-07_24_18.143,267,6,14,0,-51.757,-60.856,1.352
2012-05-05-07_24_18.143,267,6,14,0,-51.732,-60.771,1.352
2012-05-05-07_24_18.144,267,6,14,0,-51.833,-60.828,1.252
2012-05-05-07_24_18.144,267,7,14,0,-60.652,-60.793,3.352
2012-05-05-07_24_18.145,267,7,14,0,-60.727,-60.764,3.352
2012-05-05-07_24_18.145,267,7,14,0,-60.671,-60.723,2.152
2012-05-05-07_24_18.146,267,0,14,1,-2.198,-60.793,2.061
2012-05-05-07_24_18.146,267,0,14,1,-2.172,-60.697,2.061
2012-05-05-07_24_18.147,267,0,14,1,-2.268,-60.766,2.061
2012-05-05-07_24_18.147,267,1,14,1,-11.211,-60.791,1.861
2012-05-05-07_24_18.147,267,1,14,1,-11.347,-60.728,1.861
2012-05-05-07_24_18.148,267,1,14,1,-11.237,-60.710,1.861
2012-05-05-07_24_18.148,267,2,14,1,-20.162,-60.723,1.261
2012-05-05-07_24_18.149,267,2,14,1,-20.233,-60.695,1.261
2012-05-05-07_24_18.149,267,2,14,1,-20.240,-60.695,1.261
2012-05-05-07_24_18.150,267,3,14,1,-29.184,-60.805,1.261
2012-05-05-07_24_18.150,267,3,14,1,-29.159,-60.709,1.461
2012-05-05-07_24_18.151,267,3,14,1,-29.255,-60.778,1.561
2012-05-05-07_24_18.151,267,4,14,1,-38.181,-60.807,1.061
2012-05-05-07_24_18.152,267,4,14,1,-38.156,-60.711,1.061
2012-05-05-07_24_18.152,267,4,14,1,-38.252,-60.780,1.061
2012-05-05-07_24_18.153,267,5,14,1,-47.200,-60.796,1.461
2012-05-05-07_24_18.153,267,5,14,1,-47.283,-60.770,1.461
2012-05-05-07_24_18.153,267,5,14,1,-47.253,-60.797,1.461
2012-05-05-07_24_18.154,267,6,14,1,-56.227,-60.867,1.361
2012-05-05-07_24_18.154,267,6,14,1,-56.201,-60.771,1.361
2012-05-05-07_24_18.155,267,6,14,1,-56.297,-60.840,1.461
2012-05-05-07_24_18.155,267,7,14,1,-65.192,-60.776,2.261
2012-05-05-07_24_18.156,267,7,14,1,-65.199,-60.776,3.561
2012-05-05-07_24_18.156,267,7,14,1,-65.179,-60.681,2.261
2012-05-05-07_24_18.157,267,0,15,0,2.269,-65.283,2.170
2012-05-05-07_24_18.157,267,0,15,0,2.294,-65.196,2.270
2012-05-05-07_24_18.158,267,0,15,0,2.198,-65.255,2.170
2012-05-05-07_24_18.158,267,1,15,0,-6.751,-65.293,1.970
2012-05-05-07_24_18.159,267,1,15,0,-6.832,-65.268,1.970
2012-05-05-07_24_18.159,267,1,15,0,-6.775,-65.215,12.470
2012-05-05-07_24_18.160,267,2,15,0,-15.696,-65.213,1.270
2012-05-05-07_24_18.160,267,2,15,0,-15.766,-65.185,1.270
2012-05-05-07_24_18.161,267,2,15,0,-15.712,-65.140,1.370
2012-05-05-07_24_18.161,267,3,15,0,-24.718,-65.295,1.770
2012-05-05-07_24_18.162,267,3,15,0,-24.693,-65.208,1.770
2012-05-05-07_24_18.162,267,3,15,0,-24.789,-65.267,1.770
2012-05-05-07_24_18.163,267,4,15,0,-33.714,-65.297,0.970
2012-05-05-07_24_18.163,267,4,15,0,-33.689,-65.210,0.970
2012-05-05-07_24_18.164,267,4,15,0,-33.785,-65.269,0.970
2012-05-05-07_24_18.164,267,5,15,0,-42.733,-65.296,1.470
2012-05-05-07_24_18.164,267,5,15,0,-42.685,-65.336,1.270
2012-05-05-07_24_18.165,267,5,15,0,-42.775,-65.310,1.470
2012-05-05-07_24_18.165,267,6,15,0,-51.760,-65.357,1.270
2012-05-05-07_24_18.166,267,6,15,0,-51.735,-65.270,1.270
2012-05-05-07_24_18.166,267,6,15,0,-51.831,-65.329,1.270
2012-05-05-07_24_18.167,267,7,15,0,-60.655,-65.294,2.170
2012-05-05-07_24_18.168,267,7,15,0,-60.725,-65.266,2.070
2012-05-05-07_24_18.169,267,7,15,0,-60.671,-65.221,4.170
2012-05-05-07_24_18.170,267,0,15,1,-2.198,-65.292,2.179
2012-05-05-07_24_18.170,267,0,15,1,-2.170,-65.196,2.179
2012-05-05-07_24_18.171,267,0,15,1,-2.269,-65.268,2.279
2012-05-05-07_24_18.171,267,1,15,1,-11.211,-65.293,1.979
2012-05-05-07_24_18.172,267,1,15,1,-11.345,-65.228,1.979
2012-05-05-07_24_18.172,267,1,15,1,-11.232,-65.215,1.979
2012-05-05-07_24_18.173,267,2,15,1,-20.163,-65.222,1.279
2012-05-05-07_24_18.173,267,2,15,1,-20.233,-65.198,1.279
2012-05-05-07_24_18.174,267,2,15,1,-20.241,-65.197,1.279
2012-05-05-07_24_18.174,267,3,15,1,-29.185,-65.304,1.479
2012-05-05-07_24_18.174,267,3,15,1,-29.157,-65.208,1.579
2012-05-05-07_24_18.175,267,3,15,1,-29.256,-65.280,1.479
2012-05-05-07_24_18.175,267,4,15,1,-38.181,-65.306,1.079
2012-05-05-07_24_18.176,267,4,15,1,-38.154,-65.210,1.079
2012-05-05-07_24_18.176,267,4,15,1,-38.252,-65.282,1.079
2012-05-05-07_24_18.177,267,5,15,1,-47.198,-65.296,1.379
2012-05-05-07_24_18.177,267,5,15,1,-47.285,-65.274,1.479
2012-05-05-07_24_18.178,267,5,15,1,-47.256,-65.297,1.479
2012-05-05-07_24_18.178,267,6,15,1,-56.227,-65.366,1.379
2012-05-05-07_24_18.179,267,6,15,1,-56.199,-65.271,1.379
2012-05-05-07_24_18.179,267,6,15,1,-56.298,-65.343,1.279
2012-05-05-07_24_18.180,267,7,15,1,-65.192,-65.279,2.179
2012-05-05-07_24_18.180,267,7,15,1,-65.200,-65.278,2.179
2012-05-05-07_24_18.181,267,7,15,1,-65.182,-65.185,2.179
2012-05-05-07_24_18.181,267,0,16,0,2.269,-69.783,2.291
2012-05-05-07_24_18.182,267,0,16,0,2.294,-69.689,2.291
2012-05-05-07_24_18.182,267,0,16,0,2.193,-69.758,2.291
2012-05-05-07_24_18.183,267,1,16,0,-6.752,-69.795,1.991
2012-05-05-07_24_18.183,267,1,16,0,-6.835,-69.768,1.991
2012-05-05-07_24_18.184,267,1,16,0,-6.776,-69.709,1.991
2012-05-05-07_24_18.184,267,2,16,0,-15.696,-69.713,1.391
2012-05-05-07_24_18.185,267,2,16,0,-15.772,-69.688,1.291
2012-05-05-07_24_18.185,267,2,16,0,-15.747,-69.697,1.391
2012-05-05-07_24_18.186,267,3,16,0,-24.718,-69.795,1.691
2012-05-05-07_24_18.186,267,3,16,0,-24.693,-69.701,1.791
2012-05-05-07_24_18.187,267,3,16,0,-24.794,-69.770,1.791
2012-05-05-07_24_18.188,267,4,16,0,-33.715,-69.797,0.991
2012-05-05-07_24_18.189,267,4,16,0,-33.690,-69.703,0.991
2012-05-05-07_24_18.190,267,4,16,0,-33.790,-69.772,0.991
2012-05-05-07_24_18.191,267,5,16,0,-42.734,-69.789,1.491
2012-05-05-07_24_18.191,267,5,16,0,-42.688,-69.836,1.291
2012-05-05-07_24_18.192,267,5,16,0,-42.780,-69.804,1.491
2012-05-05-07_24_18.193,267,6,16,0,-51.760,-69.858,1.291
2012-05-05-07_24_18.193,267,6,16,0,-51.735,-69.764,1.291
2012-05-05-07_24_18.194,267,6,16,0,-51.836,-69.833,1.291
2012-05-05-07_24_18.194,267,7,16,0,-60.655,-69.794,2.091
2012-05-05-07_24_18.195,267,7,16,0,-60.730,-69.769,2.091
2012-05-05-07_24_18.195,267,7,16,0,-60.676,-69.715,3.291
2012-05-05-07_24_18.196,267,0,16,1,-2.196,-69.788,2.203
2012-05-05-07_24_18.196,267,0,16,1,-2.168,-69.689,2.203
2012-05-05-07_24_18.196,267,0,16,1,-2.271,-69.770,2.203
2012-05-05-07_24_18.197,267,1,16,1,-11.211,-69.794,1.903
2012-05-05-07_24_18.197,267,1,16,1,-11.343,-69.721,2.003
2012-05-05-07_24_18.198,267,1,16,1,-11.235,-69.708,1.902
2012-05-05-07_24_18.198,267,2,16,1,-20.161,-69.718,1.403
2012-05-05-07_24_18.199,267,2,16,1,-20.236,-69.700,1.303
2012-05-05-07_24_18.200,267,2,16,1,-20.244,-69.699,1.303
2012-05-05-07_24_18.200,267,3,16,1,-29.183,-69.800,1.503
2012-05-05-07_24_18.201,267,3,16,1,-29.155,-69.701,1.503
2012-05-05-07_24_18.201,267,3,16,1,-29.258,-69.783,1.503
2012-05-05-07_24_18.203,267,4,16,1,-38.179,-69.802,1.003
2012-05-05-07_24_18.203,267,4,16,1,-38.152,-69.703,1.003
2012-05-05-07_24_18.203,267,4,16,1,-38.255,-69.784,1.103
2012-05-05-07_24_18.204,267,5,16,1,-47.196,-69.789,1.403
2012-05-05-07_24_18.204,267,5,16,1,-47.286,-69.769,1.402
2012-05-05-07_24_18.205,267,5,16,1,-47.257,-69.791,1.502
2012-05-05-07_24_18.205,267,6,16,1,-56.225,-69.862,1.403
2012-05-05-07_24_18.206,267,6,16,1,-56.197,-69.764,1.403
2012-05-05-07_24_18.206,267,6,16,1,-56.300,-69.845,1.403
2012-05-05-07_24_18.207,267,7,16,1,-65.195,-69.781,2.203
2012-05-05-07_24_18.207,267,7,16,1,-65.202,-69.780,2.203
2012-05-05-07_24_18.208,267,7,16,1,-65.182,-69.680,2.202
2012-05-05-07_24_18.208,267,0,17,0,2.256,-74.280,2.215
2012-05-05-07_24_18.209,267,0,17,0,2.293,-74.190,2.315
2012-05-05-07_24_18.209,267,0,17,0,2.193,-74.258,2.215
2012-05-05-07_24_18.210,267,1,17,0,-6.747,-74.293,2.015
2012-05-05-07_24_18.210,267,1,17,0,-6.830,-74.273,2.015
2012-05-05-07_24_18.211,267,1,17,0,-6.774,-74.206,2.015
2012-05-05-07_24_18.211,267,2,17,0,-15.709,-74.210,1.315
2012-05-05-07_24_18.212,267,2,17,0,-15.772,-74.188,1.315
2012-05-05-07_24_18.212,267,2,17,0,-15.716,-74.138,1.315
2012-05-05-07_24_18.213,267,3,17,0,-24.731,-74.292,1.815
2012-05-05-07_24_18.213,267,3,17,0,-24.694,-74.202,1.815
2012-05-05-07_24_18.214,267,3,17,0,-24.794,-74.270,1.815
2012-05-05-07_24_18.214,267,4,17,0,-33.728,-74.294,1.115
2012-05-05-07_24_18.215,267,4,17,0,-33.690,-74.204,1.115
2012-05-05-07_24_18.215,267,4,17,0,-33.791,-74.272,1.015
2012-05-05-07_24_18.215,267,5,17,0,-42.734,-74.290,1.515
2012-05-05-07_24_18.216,267,5,17,0,-42.683,-74.341,1.315
2012-05-05-07_24_18.216,267,5,17,0,-42.778,-74.308,1.515
2012-05-05-07_24_18.217,267,6,17,0,-51.773,-74.354,1.315
2012-05-05-07_24_18.217,267,6,17,0,-51.736,-74.265,1.315
2012-05-05-07_24_18.218,267,6,17,0,-51.836,-74.333,1.315
2012-05-05-07_24_18.218,267,7,17,0,-60.668,-74.290,2.115
2012-05-05-07_24_18.219,267,7,17,0,-60.731,-74.269,2.215
2012-05-05-07_24_18.219,267,7,17,0,-60.674,-74.219,2.115
2012-05-05-07_24_18.220,267,0,17,1,-2.196,-74.286,2.224
2012-05-05-07_24_18.220,267,0,17,1,-2.169,-74.189,2.224
2012-05-05-07_24_18.221,267,0,17,1,-2.269,-74.269,2.224
2012-05-05-07_24_18.221,267,1,17,1,-11.212,-74.292,1.924
2012-05-05-07_24_18.222,267,1,17,1,-11.343,-74.221,1.924
2012-05-05-07_24_18.222,267,1,17,1,-11.236,-74.206,2.024
2012-05-05-07_24_18.223,267,2,17,1,-20.161,-74.216,1.324
2012-05-05-07_24_18.223,267,2,17,1,-20.234,-74.199,1.324
2012-05-05-07_24_18.224,267,2,17,1,-20.244,-74.197,1.324
2012-05-05-07_24_18.224,267,3,17,1,-29.183,-74.298,1.524
2012-05-05-07_24_18.225,267,3,17,1,-29.156,-74.201,1.724
2012-05-05-07_24_18.225,267,3,17,1,-29.256,-74.281,1.524
2012-05-05-07_24_18.226,267,4,17,1,-38.180,-74.300,1.124
2012-05-05-07_24_18.226,267,4,17,1,-38.152,-74.203,1.024
2012-05-05-07_24_18.227,267,4,17,1,-38.253,-74.283,1.124
2012-05-05-07_24_18.227,267,5,17,1,-47.196,-74.289,1.624
2012-05-05-07_24_18.228,267,5,17,1,-47.284,-74.267,1.624
2012-05-05-07_24_18.228,267,5,17,1,-47.255,-74.292,1.624
2012-05-05-07_24_18.229,267,6,17,1,-56.225,-74.360,1.424
2012-05-05-07_24_18.229,267,6,17,1,-56.198,-74.264,1.424
2012-05-05-07_24_18.230,267,6,17,1,-56.298,-74.344,1.524
2012-05-05-07_24_18.230,267,7,17,1,-65.193,-74.280,2.224
2012-05-05-07_24_18.231,267,7,17,1,-65.203,-74.278,2.224
2012-05-05-07_24_18.231,267,7,17,1,-65.180,-74.178,2.224
2012-05-05-07_24_18.232,267,0,18,0,2.268,-78.779,2.033
2012-05-05-07_24_18.232,267,0,18,0,2.295,-78.689,2.033
2012-05-05-07_24_18.233,267,0,18,0,2.190,-78.755,2.033
2012-05-05-07_24_18.234,267,1,18,0,-6.750,-78.789,1.933
2012-05-05-07_24_18.235,267,1,18,0,-6.828,-78.769,1.833
2012-05-05-07_24_18.235,267,1,18,0,-6.769,-78.704,1.933
2012-05-05-07_24_18.236,267,2,18,0,-15.697,-78.708,1.433
2012-05-05-07_24_18.236,267,2,18,0,-15.775,-78.685,1.433
2012-05-05-07_24_18.237,267,2,18,0,-15.719,-78.639,1.433
2012-05-05-07_24_18.237,267,3,18,0,-24.719,-78.791,1.833
2012-05-05-07_24_18.238,267,3,18,0,-24.692,-78.701,1.833
2012-05-05-07_24_18.238,267,3,18,0,-24.797,-78.767,1.833
2012-05-05-07_24_18.239,267,4,18,0,-33.716,-78.793,1.133
2012-05-05-07_24_18.239,267,4,18,0,-33.688,-78.703,1.133
2012-05-05-07_24_18.239,267,4,18,0,-33.794,-78.769,1.133
2012-05-05-07_24_18.240,267,5,18,0,-42.732,-78.789,1.833
2012-05-05-07_24_18.240,267,5,18,0,-42.681,-78.838,1.533
2012-05-05-07_24_18.241,267,5,18,0,-42.781,-78.809,1.733
2012-05-05-07_24_18.241,267,6,18,0,-51.761,-78.853,1.633
2012-05-05-07_24_18.243,267,6,18,0,-51.734,-78.764,1.633
2012-05-05-07_24_18.243,267,6,18,0,-51.839,-78.829,1.533
2012-05-05-07_24_18.244,267,7,18,0,-60.656,-78.789,2.333
2012-05-05-07_24_18.245,267,7,18,0,-60.734,-78.766,2.333
2012-05-05-07_24_18.245,267,7,18,0,-60.677,-78.720,2.333
2012-05-05-07_24_18.245,267,0,18,1,-2.194,-78.787,2.042
2012-05-05-07_24_18.246,267,0,18,1,-2.169,-78.689,2.041
2012-05-05-07_24_18.246,267,0,18,1,-2.267,-78.766,2.041
2012-05-05-07_24_18.247,267,1,18,1,-11.212,-78.788,1.942
2012-05-05-07_24_18.247,267,1,18,1,-11.344,-78.721,1.841
2012-05-05-07_24_18.248,267,1,18,1,-11.236,-78.703,1.941
2012-05-05-07_24_18.248,267,2,18,1,-20.159,-78.717,1.442
2012-05-05-07_24_18.249,267,2,18,1,-20.232,-78.696,1.441
2012-05-05-07_24_18.249,267,2,18,1,-20.242,-78.693,1.441
2012-05-05-07_24_18.250,267,3,18,1,-29.181,-78.800,1.642
2012-05-05-07_24_18.250,267,3,18,1,-29.156,-78.701,1.841
2012-05-05-07_24_18.251,267,3,18,1,-29.254,-78.778,1.841
2012-05-05-07_24_18.251,267,4,18,1,-38.178,-78.801,1.242
2012-05-05-07_24_18.252,267,4,18,1,-38.153,-78.703,1.141
2012-05-05-07_24_18.252,267,4,18,1,-38.251,-78.780,1.141
2012-05-05-07_24_18.253,267,5,18,1,-47.196,-78.789,1.541
2012-05-05-07_24_18.253,267,5,18,1,-47.282,-78.764,1.841
2012-05-05-07_24_18.254,267,5,18,1,-47.253,-78.792,1.641
2012-05-05-07_24_18.254,267,6,18,1,-56.223,-78.862,1.542
2012-05-05-07_24_18.254,267,6,18,1,-56.198,-78.764,1.641
2012-05-05-07_24_18.255,267,6,18,1,-56.296,-78.840,1.641
2012-05-05-07_24_18.255,267,7,18,1,-65.191,-78.777,2.341
2012-05-05-07_24_18.256,267,7,18,1,-65.201,-78.774,2.341
2012-05-05-07_24_18.256,267,7,18,1,-65.178,-78.675,2.341
2012-05-05-07_24_18.257,267,0,19,0,2.267,-83.282,1.953
2012-05-05-07_24_18.257,267,0,19,0,2.295,-83.197,2.053
2012-05-05-07_24_18.258,267,0,19,0,2.189,-83.253,1.953
2012-05-05-07_24_18.258,267,1,19,0,-6.751,-83.290,1.953
2012-05-05-07_24_18.259,267,1,19,0,-6.831,-83.269,1.953
2012-05-05-07_24_18.259,267,1,19,0,-6.770,-83.212,1.953
2012-05-05-07_24_18.260,267,2,19,0,-15.698,-83.212,1.553
2012-05-05-07_24_18.260,267,2,19,0,-15.775,-83.183,1.453
2012-05-05-07_24_18.261,267,2,19,0,-15.721,-83.142,1.453
2012-05-05-07_24_18.261,267,3,19,0,-24.720,-83.294,1.853
2012-05-05-07_24_18.261,267,3,19,0,-24.692,-83.209,1.853
2012-05-05-07_24_18.262,267,3,19,0,-24.798,-83.266,1.853
2012-05-05-07_24_18.262,267,4,19,0,-33.716,-83.296,1.153
2012-05-05-07_24_18.263,267,4,19,0,-33.689,-83.211,1.153
2012-05-05-07_24_18.263,267,4,19,0,-33.794,-83.267,1.153
2012-05-05-07_24_18.264,267,5,19,0,-42.732,-83.296,1.753
2012-05-05-07_24_18.264,267,5,19,0,-42.684,-83.337,1.453
2012-05-05-07_24_18.265,267,5,19,0,-42.784,-83.312,1.753
2012-05-05-07_24_18.266,267,6,19,0,-51.762,-83.356,1.553
2012-05-05-07_24_18.266,267,6,19,0,-51.734,-83.271,1.553
2012-05-05-07_24_18.267,267,6,19,0,-51.840,-83.328,1.553
2012-05-05-07_24_18.268,267,7,19,0,-60.656,-83.293,2.353
2012-05-05-07_24_18.268,267,7,19,0,-60.734,-83.264,2.353
2012-05-05-07_24_18.269,267,7,19,0,-60.680,-83.223,2.353
2012-05-05-07_24_18.269,267,0,19,1,-2.195,-83.292,2.065
2012-05-05-07_24_18.270,267,0,19,1,-2.167,-83.196,2.065
2012-05-05-07_24_18.270,267,0,19,1,-2.270,-83.266,2.065
2012-05-05-07_24_18.271,267,1,19,1,-11.213,-83.290,1.865
2012-05-05-07_24_18.271,267,1,19,1,-11.342,-83.228,1.865
2012-05-05-07_24_18.272,267,1,19,1,-11.237,-83.210,1.865
2012-05-05-07_24_18.272,267,2,19,1,-20.160,-83.222,12.865
2012-05-05-07_24_18.273,267,2,19,1,-20.235,-83.195,1.465
2012-05-05-07_24_18.273,267,2,19,1,-20.242,-83.195,1.465
2012-05-05-07_24_18.274,267,3,19,1,-29.182,-83.304,6.965
2012-05-05-07_24_18.274,267,3,19,1,-29.154,-83.208,1.865
2012-05-05-07_24_18.275,267,3,19,1,-29.257,-83.278,1.865
2012-05-05-07_24_18.275,267,4,19,1,-38.178,-83.306,1.165
2012-05-05-07_24_18.276,267,4,19,1,-38.151,-83.210,1.165
2012-05-05-07_24_18.276,267,4,19,1,-38.254,-83.280,1.265
2012-05-05-07_24_18.277,267,5,19,1,-47.194,-83.296,1.565
2012-05-05-07_24_18.277,267,5,19,1,-47.282,-83.270,1.565
2012-05-05-07_24_18.277,267,5,19,1,-47.251,-83.298,1.565
2012-05-05-07_24_18.278,267,6,19,1,-56.224,-83.367,2.965
2012-05-05-07_24_18.279,267,6,19,1,-56.196,-83.271,1.565
2012-05-05-07_24_18.279,267,6,19,1,-56.299,-83.340,1.565
2012-05-05-07_24_18.280,267,7,19,1,-65.194,-83.276,2.365
2012-05-05-07_24_18.280,267,7,19,1,-65.201,-83.275,2.365
2012-05-05-07_24_18.281,267,7,19,1,-65.179,-83.181,2.365
2012-05-05-07_24_18.281,267,0,20,0,2.267,-87.784,1.978
2012-05-05-07_24_18.281,267,0,20,0,2.297,-87.697,2.078
2012-05-05-07_24_18.282,267,0,20,0,2.187,-87.754,1.978
2012-05-05-07_24_18.282,267,1,20,0,-6.751,-87.794,1.878
2012-05-05-07_24_18.283,267,1,20,0,-6.827,-87.768,1.878
2012-05-05-07_24_18.283,267,1,20,0,-6.770,-87.716,1.878
2012-05-05-07_24_18.284,267,2,20,0,-15.698,-87.714,1.478
2012-05-05-07_24_18.284,267,2,20,0,-15.778,-87.684,1.478
2012-05-05-07_24_18.285,267,2,20,0,-15.717,-87.640,1.478
2012-05-05-07_24_18.285,267,3,20,0,-24.720,-87.796,1.778
2012-05-05-07_24_18.286,267,3,20,0,-24.690,-87.709,1.878
2012-05-05-07_24_18.286,267,3,20,0,-24.800,-87.766,1.778
2012-05-05-07_24_18.287,267,4,20,0,-33.717,-87.798,1.178
2012-05-05-07_24_18.287,267,4,20,0,-33.687,-87.711,1.178
2012-05-05-07_24_18.287,267,4,20,0,-33.797,-87.768,1.078
2012-05-05-07_24_18.288,267,5,20,0,-42.730,-87.797,1.778
2012-05-05-07_24_18.288,267,5,20,0,-42.679,-87.836,1.478
2012-05-05-07_24_18.289,267,5,20,0,-42.779,-87.810,1.678
2012-05-05-07_24_18.289,267,6,20,0,-51.762,-87.858,1.578
2012-05-05-07_24_18.290,267,6,20,0,-51.732,-87.771,1.578
2012-05-05-07_24_18.290,267,6,20,0,-51.681,-87.811,1.578
2012-05-05-07_24_18.291,267,7,20,0,-60.657,-87.795,2.378
2012-05-05-07_24_18.291,267,7,20,0,-60.737,-87.765,2.378
2012-05-05-07_24_18.292,267,7,20,0,-60.676,-87.721,2.378
2012-05-05-07_24_18.293,267,0,20,1,-2.193,-87.791,1.987
2012-05-05-07_24_18.294,267,0,20,1,-2.276,-87.772,1.987
2012-05-05-07_24_18.294,267,0,20,1,-2.217,-87.709,1.987
2012-05-05-07_24_18.295,267,2,20,1,-20.158,-87.721,1.487
2012-05-05-07_24_18.295,267,2,20,1,-20.241,-87.702,1.487
2012-05-05-07_24_18.296,267,3,20,1,-29.180,-87.803,1.787
2012-05-05-07_24_18.296,267,3,20,1,-29.263,-87.785,1.787
2012-05-05-07_24_18.297,267,3,20,1,-29.204,-87.721,1.787
2012-05-05-07_24_18.297,267,4,20,1,-38.176,-87.805,1.287
2012-05-05-07_24_18.299,267,4,20,1,-38.259,-87.786,1.187
2012-05-05-07_24_18.299,267,4,20,1,-38.200,-87.723,1.287
2012-05-05-07_24_18.300,267,5,20,1,-47.244,-87.809,1.687
2012-05-05-07_24_18.300,267,6,20,1,-56.222,-87.865,1.687
2012-05-05-07_24_18.301,267,6,20,1,-56.305,-87.847,1.587
2012-05-05-07_24_18.301,267,6,20,1,-56.148,-87.811,1.587
2012-05-05-07_24_18.302,267,7,20,1,-65.199,-87.783,2.387
2012-05-05-07_24_18.302,267,7,20,1,-65.140,-87.720,2.387
2012-05-05-07_24_18.303,267,0,21,0,2.269,-92.282,2.096
2012-05-05-07_24_18.303,267,0,21,0,2.296,-92.190,2.096
2012-05-05-07_24_18.304,267,0,21,0,2.189,-92.257,2.096
2012-05-05-07_24_18.304,267,1,21,0,-6.752,-92.295,1.896
2012-05-05-07_24_18.305,267,1,21,0,-6.830,-92.269,1.896
2012-05-05-07_24_18.305,267,1,21,0,-6.773,-92.210,1.896
2012-05-05-07_24_18.306,267,2,21,0,-15.696,-92.212,1.396
2012-05-05-07_24_18.306,267,2,21,0,-15.776,-92.187,1.396
2012-05-05-07_24_18.306,267,2,21,0,-15.717,-92.135,1.396
2012-05-05-07_24_18.307,267,3,21,0,-24.718,-92.294,1.796
2012-05-05-07_24_18.307,267,3,21,0,-24.691,-92.203,1.896
2012-05-05-07_24_18.308,267,3,21,0,-24.798,-92.269,1.796
2012-05-05-07_24_18.309,267,4,21,0,-33.715,-92.296,1.196
2012-05-05-07_24_18.309,267,4,21,0,-33.687,-92.204,1.096
2012-05-05-07_24_18.310,267,4,21,0,-33.795,-92.271,1.096
2012-05-05-07_24_18.310,267,5,21,0,-42.731,-92.290,1.796
2012-05-05-07_24_18.311,267,5,21,0,-42.682,-92.337,1.596
2012-05-05-07_24_18.311,267,5,21,0,-42.780,-92.305,1.796
2012-05-05-07_24_18.311,267,6,21,0,-51.760,-92.357,1.596
2012-05-05-07_24_18.312,267,6,21,0,-51.733,-92.265,1.496
2012-05-05-07_24_18.312,267,6,21,0,-51.684,-92.312,1.496
2012-05-05-07_24_18.313,267,7,21,0,-60.655,-92.293,2.296
2012-05-05-07_24_18.313,267,7,21,0,-60.735,-92.268,2.296
2012-05-05-07_24_18.314,267,7,21,0,-60.676,-92.216,2.296
2012-05-05-07_24_18.314,267,0,21,1,-2.193,-92.289,2.104
2012-05-05-07_24_18.315,267,0,21,1,-2.168,-92.190,2.104
2012-05-05-07_24_18.315,267,0,21,1,-2.269,-92.269,2.104
2012-05-05-07_24_18.316,267,1,21,1,-11.214,-92.295,8.704
2012-05-05-07_24_18.316,267,1,21,1,-11.342,-92.222,2.004
2012-05-05-07_24_18.317,267,1,21,1,-11.235,-92.210,2.004
2012-05-05-07_24_18.317,267,2,21,1,-20.158,-92.219,1.404
2012-05-05-07_24_18.318,267,2,21,1,-20.234,-92.199,1.404
2012-05-05-07_24_18.318,267,2,21,1,-20.241,-92.199,1.404
2012-05-05-07_24_18.319,267,3,21,1,-29.180,-92.301,1.604
2012-05-05-07_24_18.319,267,3,21,1,-29.155,-92.202,1.804
2012-05-05-07_24_18.320,267,3,21,1,-29.256,-92.282,1.804
2012-05-05-07_24_18.320,267,4,21,1,-38.177,-92.303,1.204
2012-05-05-07_24_18.320,267,4,21,1,-38.152,-92.204,1.204
2012-05-05-07_24_18.321,267,4,21,1,-38.252,-92.283,1.204
2012-05-05-07_24_18.321,267,5,21,1,-47.195,-92.290,1.604
2012-05-05-07_24_18.322,267,5,21,1,-47.281,-92.270,1.604
2012-05-05-07_24_18.322,267,5,21,1,-47.251,-92.292,1.604
2012-05-05-07_24_18.323,267,6,21,1,-56.222,-92.364,1.604
2012-05-05-07_24_18.323,267,6,21,1,-56.197,-92.264,1.504
2012-05-05-07_24_18.324,267,6,21,1,-56.298,-92.344,1.504
2012-05-05-07_24_18.324,267,7,21,1,-65.192,-92.280,2.104
2012-05-05-07_24_18.325,267,7,21,1,-65.200,-92.280,2.104
2012-05-05-07_24_18.325,267,7,21,1,-65.177,-92.181,2.304
2012-05-05-07_24_18.326,267,0,22,0,2.269,-96.780,2.016
2012-05-05-07_24_18.326,267,0,22,0,2.296,-96.691,2.016
2012-05-05-07_24_18.327,267,0,22,0,2.188,-96.757,2.016
2012-05-05-07_24_18.327,267,1,22,0,-6.754,-96.794,1.916
2012-05-05-07_24_18.328,267,1,22,0,-6.830,-96.775,1.916
2012-05-05-07_24_18.328,267,1,22,0,-6.778,-96.708,1.916
2012-05-05-07_24_18.329,267,2,22,0,-15.696,-96.710,1.416
2012-05-05-07_24_18.330,267,2,22,0,-15.777,-96.687,1.316
2012-05-05-07_24_18.331,267,2,22,0,-15.718,-96.640,1.416
2012-05-05-07_24_18.331,267,3,22,0,-24.718,-96.792,1.816
2012-05-05-07_24_18.332,267,3,22,0,-24.691,-96.703,1.816
2012-05-05-07_24_18.332,267,3,22,0,-24.799,-96.770,1.816
2012-05-05-07_24_18.333,267,4,22,0,-33.715,-96.794,1.116
2012-05-05-07_24_18.333,267,4,22,0,-33.688,-96.705,1.116
2012-05-05-07_24_18.334,267,4,22,0,-33.795,-96.771,1.116
2012-05-05-07_24_18.334,267,5,22,0,-42.731,-96.791,1.716
2012-05-05-07_24_18.335,267,5,22,0,-42.683,-96.843,1.516
2012-05-05-07_24_18.335,267,5,22,0,-42.780,-96.810,1.716
2012-05-05-07_24_18.335,267,6,22,0,-51.760,-96.854,1.516
2012-05-05-07_24_18.336,267,6,22,0,-51.733,-96.766,1.516
2012-05-05-07_24_18.336,267,6,22,0,-51.685,-96.818,1.516
2012-05-05-07_24_18.337,267,7,22,0,-60.655,-96.790,2.316
2012-05-05-07_24_18.337,267,7,22,0,-60.735,-96.768,2.316
2012-05-05-07_24_18.338,267,7,22,0,-60.677,-96.721,2.316
2012-05-05-07_24_18.338,267,0,22,1,-2.194,-96.786,2.125
2012-05-05-07_24_18.339,267,0,22,1,-2.168,-96.691,2.125
2012-05-05-07_24_18.339,267,0,22,1,-2.264,-96.768,2.125
2012-05-05-07_24_18.340,267,1,22,1,-11.214,-96.794,2.025
2012-05-05-07_24_18.340,267,1,22,1,-11.343,-96.723,1.925
2012-05-05-07_24_18.341,267,1,22,1,-11.235,-96.708,1.925
2012-05-05-07_24_18.341,267,2,22,1,-20.158,-96.716,1.425
2012-05-05-07_24_18.342,267,2,22,1,-20.229,-96.698,1.425
2012-05-05-07_24_18.342,267,2,22,1,-20.236,-96.697,1.425
2012-05-05-07_24_18.343,267,3,22,1,-29.181,-96.799,1.525
2012-05-05-07_24_18.343,267,3,22,1,-29.155,-96.703,1.825
2012-05-05-07_24_18.344,267,3,22,1,-29.251,-96.780,1.725
2012-05-05-07_24_18.345,267,4,22,1,-38.177,-96.800,1.225
2012-05-05-07_24_18.346,267,4,22,1,-38.152,-96.705,1.225
2012-05-05-07_24_18.346,267,4,22,1,-38.248,-96.782,1.125
2012-05-05-07_24_18.347,267,5,22,1,-47.196,-96.791,1.625
2012-05-05-07_24_18.347,267,5,22,1,-47.281,-96.768,1.625
2012-05-05-07_24_18.348,267,5,22,1,-47.252,-96.790,1.625
2012-05-05-07_24_18.348,267,6,22,1,-56.223,-96.861,1.525
2012-05-05-07_24_18.349,267,6,22,1,-56.197,-96.766,1.625
2012-05-05-07_24_18.349,267,6,22,1,-56.293,-96.842,1.625
2012-05-05-07_24_18.350,267,7,22,1,-65.188,-96.779,2.125
2012-05-05-07_24_18.350,267,7,22,1,-65.195,-96.778,2.125
2012-05-05-07_24_18.351,267,7,22,1,-65.177,-96.679,2.225
2012-05-05-07_24_18.351,267,0,23,0,2.271,-101.278,2.040
2012-05-05-07_24_18.352,267,0,23,0,2.296,-101.190,2.040
2012-05-05-07_24_18.352,267,0,23,0,2.188,-101.254,13.540
2012-05-05-07_24_18.353,267,1,23,0,-6.757,-101.289,1.940
2012-05-05-07_24_18.353,267,1,23,0,-6.830,-101.270,1.940
2012-05-05-07_24_18.354,267,1,23,0,-6.776,-101.205,1.840
2012-05-05-07_24_18.354,267,2,23,0,-15.694,-101.208,1.240
2012-05-05-07_24_18.355,267,2,23,0,-15.777,-101.184,11.240
2012-05-05-07_24_18.355,267,2,23,0,-15.716,-101.140,1.240
2012-05-05-07_24_18.355,267,3,23,0,-24.716,-101.290,1.840
2012-05-05-07_24_18.356,267,3,23,0,-24.691,-101.203,1.840
2012-05-05-07_24_18.356,267,3,23,0,-24.799,-101.267,7.140
2012-05-05-07_24_18.357,267,4,23,0,-33.713,-101.292,1.140
2012-05-05-07_24_18.357,267,4,23,0,-33.688,-101.204,1.140
2012-05-05-07_24_18.358,267,4,23,0,-33.796,-101.268,1.040
2012-05-05-07_24_18.358,267,5,23,0,-42.732,-101.290,1.640
2012-05-05-07_24_18.359,267,5,23,0,-42.683,-101.338,1.440
2012-05-05-07_24_18.359,267,5,23,0,-42.778,-101.309,1.640
2012-05-05-07_24_18.360,267,6,23,0,-51.758,-101.353,1.540
2012-05-05-07_24_18.360,267,6,23,0,-51.733,-101.265,1.440
2012-05-05-07_24_18.361,267,6,23,0,-51.685,-101.313,1.540
2012-05-05-07_24_18.361,267,7,23,0,-60.653,-101.289,2.240
2012-05-05-07_24_18.363,267,7,23,0,-60.736,-101.265,9.040
2012-05-05-07_24_18.363,267,7,23,0,-60.675,-101.220,2.240
2012-05-05-07_24_18.363,267,0,23,1,-2.179,-101.276,2.140
2012-05-05-07_24_18.364,267,0,23,1,-2.171,-101.190,2.140
2012-05-05-07_24_18.364,267,0,23,1,-2.265,-101.264,2.040
2012-05-05-07_24_18.365,267,1,23,1,-11.354,-101.308,1.940
2012-05-05-07_24_18.365,267,1,23,1,-11.346,-101.222,1.940
2012-05-05-07_24_18.366,267,1,23,1,-11.236,-101.204,1.940
2012-05-05-07_24_18.366,267,2,23,1,-20.144,-101.206,1.440
2012-05-05-07_24_18.367,267,2,23,1,-20.230,-101.194,1.440
2012-05-05-07_24_18.367,267,2,23,1,-20.237,-101.194,1.440
2012-05-05-07_24_18.368,267,3,23,1,-29.166,-101.288,1.640
2012-05-05-07_24_18.368,267,3,23,1,-29.158,-101.202,1.840
2012-05-05-07_24_18.369,267,3,23,1,-29.252,-101.276,1.840
2012-05-05-07_24_18.369,267,4,23,1,-38.163,-101.290,1.240
2012-05-05-07_24_18.370,267,4,23,1,-38.155,-101.204,1.240
2012-05-05-07_24_18.370,267,4,23,1,-38.248,-101.278,1.140
2012-05-05-07_24_18.370,267,5,23,1,-47.199,-101.290,1.540
2012-05-05-07_24_18.371,267,5,23,1,-47.279,-101.266,1.540
2012-05-05-07_24_18.371,267,5,23,1,-47.250,-101.292,1.540
2012-05-05-07_24_18.372,267,6,23,1,-56.208,-101.351,1.540
2012-05-05-07_24_18.372,267,6,23,1,-56.200,-101.265,1.540
2012-05-05-07_24_18.373,267,6,23,1,-56.294,-101.339,1.540
2012-05-05-07_24_18.373,267,7,23,1,-65.188,-101.275,2.140
2012-05-05-07_24_18.374,267,7,23,1,-65.196,-101.274,2.140
2012-05-05-07_24_18.374,267,7,23,1,-65.175,-101.177,2.040
