2012-05-05-23_29_32.406,359,0,0,0,2.259,2.220,3.497
2012-05-05-23_29_32.408,359,1,0,0,-6.747,2.205,2.896
2012-05-05-23_29_32.429,359,2,0,0,-15.738,2.300,2.497
2012-05-05-23_29_32.431,359,3,0,0,-24.792,2.205,2.797
2012-05-05-23_29_32.431,359,4,0,0,-33.779,2.230,1.997
2012-05-05-23_29_32.432,359,5,0,0,-42.794,2.168,2.797
2012-05-05-23_29_32.433,359,6,0,0,-51.793,2.164,2.597
2012-05-05-23_29_32.434,359,7,0,0,-60.715,2.246,3.297
2012-05-05-23_29_32.435,359,0,0,1,-2.183,2.213,3.596
2012-05-05-23_29_32.436,359,1,0,1,-11.199,2.205,3.096
2012-05-05-23_29_32.436,359,2,0,1,-20.180,2.293,2.696
2012-05-05-23_29_32.437,359,3,0,1,-29.235,2.197,2.696
2012-05-05-23_29_32.438,359,4,0,1,-38.222,2.223,2.296
2012-05-05-23_29_32.439,359,5,0,1,-47.237,2.160,2.596
2012-05-05-23_29_32.440,359,6,0,1,-56.235,2.157,2.696
2012-05-05-23_29_32.441,359,7,0,1,-65.157,2.239,3.396
2012-05-05-23_29_32.442,359,0,1,0,2.271,-2.280,3.612
2012-05-05-23_29_32.443,359,1,1,0,-6.745,-2.291,3.112
2012-05-05-23_29_32.443,359,2,1,0,-15.726,-2.200,2.612
2012-05-05-23_29_32.444,359,3,1,0,-24.781,-2.295,2.812
2012-05-05-23_29_32.444,359,4,1,0,-33.768,-2.270,2.112
2012-05-05-23_29_32.445,359,5,1,0,-42.782,-2.332,2.612
2012-05-05-23_29_32.446,359,6,1,0,-51.781,-2.336,2.612
2012-05-05-23_29_32.447,359,7,1,0,-60.703,-2.254,3.212
2012-05-05-23_29_32.448,359,0,1,1,-2.186,-2.289,3.720
2012-05-05-23_29_32.449,359,1,1,1,-11.202,-2.289,3.119
2012-05-05-23_29_32.450,359,2,1,1,-20.183,-2.209,2.620
2012-05-05-23_29_32.451,359,3,1,1,-29.238,-2.305,2.620
2012-05-05-23_29_32.451,359,4,1,1,-38.225,-2.280,2.020
2012-05-05-23_29_32.452,359,5,1,1,-47.239,-2.342,2.520
2012-05-05-23_29_32.452,359,6,1,1,-56.238,-2.346,2.720
2012-05-05-23_29_32.453,359,7,1,1,-65.160,-2.263,3.320
2012-05-05-23_29_32.454,359,0,2,0,2.271,-6.784,3.628
2012-05-05-23_29_32.454,359,1,2,0,-6.743,-6.787,3.228
2012-05-05-23_29_32.455,359,2,2,0,-15.726,-6.704,2.628
2012-05-05-23_29_32.455,359,3,2,0,-24.781,-6.799,2.828
2012-05-05-23_29_32.457,359,4,2,0,-33.768,-6.774,2.328
2012-05-05-23_29_32.457,359,5,2,0,-42.783,-6.837,2.928
2012-05-05-23_29_32.458,359,6,2,0,-51.781,-6.840,2.728
2012-05-05-23_29_32.459,359,7,2,0,-60.703,-6.758,3.528
2012-05-05-23_29_32.460,359,0,2,1,-2.186,-6.792,3.637
2012-05-05-23_29_32.461,359,1,2,1,-11.202,-6.787,3.137
2012-05-05-23_29_32.461,359,2,2,1,-20.184,-6.712,2.637
2012-05-05-23_29_32.462,359,3,2,1,-29.238,-6.808,2.937
2012-05-05-23_29_32.462,359,4,2,1,-38.225,-6.783,2.337
2012-05-05-23_29_32.463,359,5,2,1,-47.240,-6.845,2.637
2012-05-05-23_29_32.463,359,6,2,1,-56.239,-6.848,2.837
2012-05-05-23_29_32.464,359,7,2,1,-65.161,-6.766,3.437
2012-05-05-23_29_32.465,359,0,3,0,2.270,-11.282,3.647
2012-05-05-23_29_32.466,359,1,3,0,-6.741,-11.286,3.247
2012-05-05-23_29_32.467,359,2,3,0,-15.727,-11.202,2.647
2012-05-05-23_29_32.468,359,3,3,0,-24.781,-11.298,2.847
2012-05-05-23_29_32.469,359,4,3,0,-33.769,-11.273,2.347
2012-05-05-23_29_32.470,359,5,3,0,-42.783,-11.335,2.847
2012-05-05-23_29_32.472,359,6,3,0,-51.782,-11.339,2.747
2012-05-05-23_29_32.473,359,7,3,0,-60.704,-11.256,3.247
2012-05-05-23_29_32.474,359,0,3,1,-2.187,-11.289,3.659
2012-05-05-23_29_32.475,359,1,3,1,-11.200,-11.286,3.159
2012-05-05-23_29_32.476,359,2,3,1,-20.184,-11.208,2.659
2012-05-05-23_29_32.477,359,3,3,1,-29.239,-11.304,2.859
2012-05-05-23_29_32.477,359,4,3,1,-38.226,-11.279,2.459
2012-05-05-23_29_32.478,359,5,3,1,-47.240,-11.341,2.659
2012-05-05-23_29_32.479,359,6,3,1,-56.239,-11.345,2.759
2012-05-05-23_29_32.481,359,7,3,1,-65.161,-11.262,3.259
2012-05-05-23_29_32.482,359,0,4,0,2.272,-15.781,3.672
2012-05-05-23_29_32.483,359,1,4,0,-6.741,-15.794,3.173
2012-05-05-23_29_32.484,359,2,4,0,-15.725,-15.701,2.672
2012-05-05-23_29_32.485,359,3,4,0,-24.779,-15.797,2.872
2012-05-05-23_29_32.486,359,4,4,0,-33.767,-15.772,2.072
2012-05-05-23_29_32.488,359,5,4,0,-42.781,-15.834,2.672
2012-05-05-23_29_32.489,359,6,4,0,-51.780,-15.837,2.672
2012-05-05-23_29_32.491,359,7,4,0,-60.702,-15.755,3.472
2012-05-05-23_29_32.492,359,0,4,1,-2.185,-15.789,3.683
2012-05-05-23_29_32.493,359,1,4,1,-11.203,-15.793,3.182
2012-05-05-23_29_32.494,359,2,4,1,-20.182,-15.708,2.683
2012-05-05-23_29_32.495,359,3,4,1,-29.237,-15.804,2.883
2012-05-05-23_29_32.496,359,4,4,1,-38.224,-15.779,2.183
2012-05-05-23_29_32.497,359,5,4,1,-47.238,-15.841,2.583
2012-05-05-23_29_32.498,359,6,4,1,-56.237,-15.845,2.683
2012-05-05-23_29_32.500,359,7,4,1,-65.159,-15.762,3.283
2012-05-05-23_29_32.501,359,0,5,0,2.270,-20.280,3.692
2012-05-05-23_29_32.502,359,1,5,0,-6.742,-20.297,3.192
2012-05-05-23_29_32.505,359,2,5,0,-15.728,-20.199,2.692
2012-05-05-23_29_32.506,359,3,5,0,-24.782,-20.295,2.892
2012-05-05-23_29_32.507,359,4,5,0,-33.769,-20.270,2.292
2012-05-05-23_29_32.508,359,5,5,0,-42.784,-20.332,2.792
2012-05-05-23_29_32.510,359,6,5,0,-51.783,-20.336,2.792
2012-05-05-23_29_32.510,359,7,5,0,-60.705,-20.253,3.192
2012-05-05-23_29_32.512,359,0,5,1,-2.185,-20.288,3.700
2012-05-05-23_29_32.512,359,1,5,1,-11.206,-20.296,3.100
2012-05-05-23_29_32.513,359,2,5,1,-20.182,-20.208,2.700
2012-05-05-23_29_32.514,359,3,5,1,-29.237,-20.303,2.900
2012-05-05-23_29_32.516,359,4,5,1,-38.224,-20.278,2.200
2012-05-05-23_29_32.516,359,5,5,1,-47.239,-20.341,2.600
2012-05-05-23_29_32.517,359,6,5,1,-56.237,-20.344,2.800
2012-05-05-23_29_32.519,359,7,5,1,-65.159,-20.262,3.500
2012-05-05-23_29_32.520,359,0,6,0,2.269,-24.780,3.710
2012-05-05-23_29_32.521,359,1,6,0,-6.739,-24.791,3.210
2012-05-05-23_29_32.522,359,2,6,0,-15.728,-24.700,2.710
2012-05-05-23_29_32.522,359,3,6,0,-24.783,-24.795,2.910
2012-05-05-23_29_32.524,359,4,6,0,-33.770,-24.770,2.010
2012-05-05-23_29_32.524,359,5,6,0,-42.784,-24.833,2.610
2012-05-05-23_29_32.526,359,6,6,0,-51.783,-24.836,2.710
2012-05-05-23_29_32.527,359,7,6,0,-60.705,-24.754,3.510
2012-05-05-23_29_32.529,359,0,6,1,-2.183,-24.789,3.722
2012-05-05-23_29_32.530,359,1,6,1,-11.209,-24.790,3.222
2012-05-05-23_29_32.531,359,2,6,1,-20.180,-24.709,2.722
2012-05-05-23_29_32.532,359,3,6,1,-29.235,-24.804,3.022
2012-05-05-23_29_32.534,359,4,6,1,-38.222,-24.779,2.122
2012-05-05-23_29_32.535,359,5,6,1,-47.237,-24.842,2.722
2012-05-05-23_29_32.537,359,6,6,1,-56.235,-24.845,2.822
2012-05-05-23_29_32.538,359,7,6,1,-65.157,-24.763,3.422
2012-05-05-23_29_32.539,359,0,7,0,2.269,-29.284,3.735
2012-05-05-23_29_32.541,359,1,7,0,-6.740,-29.287,3.135
2012-05-05-23_29_32.542,359,2,7,0,-15.728,-29.204,2.735
2012-05-05-23_29_32.543,359,3,7,0,-24.783,-29.299,2.935
2012-05-05-23_29_32.546,359,4,7,0,-33.770,-29.274,2.535
2012-05-05-23_29_32.547,359,5,7,0,-42.785,-29.337,2.735
2012-05-05-23_29_32.548,359,6,7,0,-51.784,-29.340,2.835
2012-05-05-23_29_32.549,359,7,7,0,-60.705,-29.258,3.435
2012-05-05-23_29_32.550,359,0,7,1,-2.181,-29.291,3.845
2012-05-05-23_29_32.551,359,1,7,1,-11.209,-29.287,3.245
2012-05-05-23_29_32.552,359,2,7,1,-20.178,-29.211,2.745
2012-05-05-23_29_32.553,359,3,7,1,-29.233,-29.306,2.945
2012-05-05-23_29_32.554,359,4,7,1,-38.220,-29.281,2.345
2012-05-05-23_29_32.555,359,5,7,1,-47.235,-29.344,2.745
2012-05-05-23_29_32.557,359,6,7,1,-56.233,-29.347,2.945
2012-05-05-23_29_32.558,359,7,7,1,-65.155,-29.265,3.545
2012-05-05-23_29_32.560,359,0,8,0,2.273,-33.782,3.754
2012-05-05-23_29_32.561,359,1,8,0,-6.743,-33.785,3.254
2012-05-05-23_29_32.564,359,2,8,0,-15.724,-33.702,2.654
2012-05-05-23_29_32.566,359,3,8,0,-24.779,-33.797,2.954
2012-05-05-23_29_32.569,359,4,8,0,-33.766,-33.772,2.454
2012-05-05-23_29_32.570,359,5,8,0,-42.780,-33.834,2.754
2012-05-05-23_29_32.571,359,6,8,0,-51.779,-33.838,2.854
2012-05-05-23_29_32.574,359,7,8,0,-60.701,-33.756,3.454
2012-05-05-23_29_32.575,359,0,8,1,-2.184,-33.788,3.763
2012-05-05-23_29_32.577,359,1,8,1,-11.212,-33.785,3.263
2012-05-05-23_29_32.578,359,2,8,1,-20.181,-33.708,2.763
2012-05-05-23_29_32.579,359,3,8,1,-29.236,-33.803,3.063
2012-05-05-23_29_32.581,359,4,8,1,-38.223,-33.778,2.463
2012-05-05-23_29_32.584,359,5,8,1,-47.238,-33.840,2.763
2012-05-05-23_29_32.585,359,6,8,1,-56.236,-33.844,2.863
2012-05-05-23_29_32.585,359,7,8,1,-65.158,-33.762,3.463
2012-05-05-23_29_32.586,359,0,9,0,2.275,-38.283,3.772
2012-05-05-23_29_32.587,359,1,9,0,-6.746,-38.293,3.273
2012-05-05-23_29_32.588,359,2,9,0,-15.722,-38.202,2.772
2012-05-05-23_29_32.591,359,3,9,0,-24.777,-38.298,2.972
2012-05-05-23_29_32.592,359,4,9,0,-33.764,-38.273,2.272
2012-05-05-23_29_32.593,359,5,9,0,-42.778,-38.335,2.772
2012-05-05-23_29_32.594,359,6,9,0,-51.777,-38.339,2.772
2012-05-05-23_29_32.595,359,7,9,0,-60.699,-38.256,3.372
2012-05-05-23_29_32.596,359,0,9,1,-2.185,-38.288,3.785
2012-05-05-23_29_32.598,359,1,9,1,-11.210,-38.293,3.285
2012-05-05-23_29_32.599,359,2,9,1,-20.182,-38.208,2.785
2012-05-05-23_29_32.600,359,3,9,1,-29.236,-38.304,2.885
2012-05-05-23_29_32.601,359,4,9,1,-38.223,-38.279,2.185
2012-05-05-23_29_32.602,359,5,9,1,-47.238,-38.341,2.685
2012-05-05-23_29_32.603,359,6,9,1,-56.237,-38.344,2.885
2012-05-05-23_29_32.604,359,7,9,1,-65.159,-38.262,3.485
2012-05-05-23_29_32.605,359,0,10,0,2.277,-42.780,3.798
2012-05-05-23_29_32.606,359,1,10,0,-6.751,-42.796,3.298
2012-05-05-23_29_32.608,359,2,10,0,-15.720,-42.700,2.798
2012-05-05-23_29_32.608,359,3,10,0,-24.775,-42.795,2.998
2012-05-05-23_29_32.609,359,4,10,0,-33.762,-42.770,2.298
2012-05-05-23_29_32.610,359,5,10,0,-42.776,-42.833,2.798
2012-05-05-23_29_32.611,359,6,10,0,-51.775,-42.836,2.898
2012-05-05-23_29_32.612,359,7,10,0,-60.697,-42.754,3.498
2012-05-05-23_29_32.613,359,0,10,1,-2.187,-42.788,3.808
2012-05-05-23_29_32.614,359,1,10,1,-11.213,-42.796,3.208
2012-05-05-23_29_32.615,359,2,10,1,-20.185,-42.708,2.708
2012-05-05-23_29_32.616,359,3,10,1,-29.239,-42.803,3.108
2012-05-05-23_29_32.618,359,4,10,1,-38.226,-42.778,2.508
2012-05-05-23_29_32.619,359,5,10,1,-47.241,-42.840,2.808
2012-05-05-23_29_32.627,359,6,10,1,-56.240,-42.844,2.908
2012-05-05-23_29_32.628,359,7,10,1,-65.162,-42.762,3.508
2012-05-05-23_29_32.629,359,0,11,0,2.274,-47.279,3.717
2012-05-05-23_29_32.629,359,1,11,0,-6.751,-47.291,3.317
2012-05-05-23_29_32.630,359,2,11,0,-15.723,-47.199,2.817
2012-05-05-23_29_32.631,359,3,11,0,-24.777,-47.295,3.017
2012-05-05-23_29_32.631,359,4,11,0,-33.765,-47.270,2.417
2012-05-05-23_29_32.632,359,5,11,0,-42.779,-47.332,2.717
2012-05-05-23_29_32.633,359,6,11,0,-51.778,-47.336,3.017
2012-05-05-23_29_32.633,359,7,11,0,-60.700,-47.253,3.417
2012-05-05-23_29_32.634,359,0,11,1,-2.190,-47.289,3.826
2012-05-05-23_29_32.635,359,1,11,1,-11.211,-47.290,3.326
2012-05-05-23_29_32.635,359,2,11,1,-20.187,-47.209,2.826
2012-05-05-23_29_32.636,359,3,11,1,-29.242,-47.305,2.826
2012-05-05-23_29_32.636,359,4,11,1,-38.229,-47.280,2.526
2012-05-05-23_29_32.637,359,5,11,1,-47.244,-47.342,2.826
2012-05-05-23_29_32.638,359,6,11,1,-56.242,-47.346,2.926
2012-05-05-23_29_32.638,359,7,11,1,-65.164,-47.263,3.526
2012-05-05-23_29_32.639,359,0,12,0,2.276,-51.784,3.736
2012-05-05-23_29_32.639,359,1,12,0,-6.752,-51.788,3.336
2012-05-05-23_29_32.640,359,2,12,0,-15.721,-51.704,2.836
2012-05-05-23_29_32.641,359,3,12,0,-24.776,-51.800,3.036
2012-05-05-23_29_32.641,359,4,12,0,-33.763,-51.775,2.236
2012-05-05-23_29_32.642,359,5,12,0,-42.777,-51.837,2.836
2012-05-05-23_29_32.643,359,6,12,0,-51.776,-51.841,2.836
2012-05-05-23_29_32.644,359,7,12,0,-60.698,-51.758,3.436
2012-05-05-23_29_32.645,359,0,12,1,-2.191,-51.792,3.849
2012-05-05-23_29_32.645,359,1,12,1,-11.211,-51.788,3.349
2012-05-05-23_29_32.646,359,2,12,1,-20.188,-51.712,2.849
2012-05-05-23_29_32.646,359,3,12,1,-29.242,-51.808,2.849
2012-05-05-23_29_32.647,359,4,12,1,-38.230,-51.783,2.549
2012-05-05-23_29_32.648,359,5,12,1,-47.244,-51.845,2.849
2012-05-05-23_29_32.648,359,6,12,1,-56.243,-51.848,2.949
2012-05-05-23_29_32.649,359,7,12,1,-65.165,-51.766,3.649
2012-05-05-23_29_32.649,359,0,13,0,2.276,-56.282,3.762
2012-05-05-23_29_32.650,359,1,13,0,-6.755,-56.286,3.362
2012-05-05-23_29_32.651,359,2,13,0,-15.721,-56.202,2.762
2012-05-05-23_29_32.651,359,3,13,0,-24.776,-56.297,3.062
2012-05-05-23_29_32.652,359,4,13,0,-33.763,-56.272,2.362
2012-05-05-23_29_32.653,359,5,13,0,-42.778,-56.335,2.762
2012-05-05-23_29_32.653,359,6,13,0,-51.776,-56.338,2.862
2012-05-05-23_29_32.654,359,7,13,0,-60.698,-56.256,3.462
2012-05-05-23_29_32.655,359,0,13,1,-2.194,-56.288,3.872
2012-05-05-23_29_32.655,359,1,13,1,-11.212,-56.286,3.371
2012-05-05-23_29_32.656,359,2,13,1,-20.191,-56.208,2.772
2012-05-05-23_29_32.657,359,3,13,1,-29.245,-56.303,2.872
2012-05-05-23_29_32.658,359,4,13,1,-38.232,-56.278,2.272
2012-05-05-23_29_32.658,359,5,13,1,-47.247,-56.341,2.872
2012-05-05-23_29_32.659,359,6,13,1,-56.246,-56.344,2.872
2012-05-05-23_29_32.659,359,7,13,1,-65.168,-56.262,3.572
2012-05-05-23_29_32.660,359,0,14,0,2.275,-60.782,3.879
2012-05-05-23_29_32.661,359,1,14,0,-6.753,-60.793,3.279
2012-05-05-23_29_32.661,359,2,14,0,-15.722,-60.702,2.779
2012-05-05-23_29_32.662,359,3,14,0,-24.776,-60.798,3.079
2012-05-05-23_29_32.662,359,4,14,0,-33.763,-60.772,2.579
2012-05-05-23_29_32.663,359,5,14,0,-42.778,-60.835,2.879
2012-05-05-23_29_32.663,359,6,14,0,-51.777,-60.838,2.879
2012-05-05-23_29_32.664,359,7,14,0,-60.699,-60.756,3.679
2012-05-05-23_29_32.664,359,0,14,1,-2.196,-60.788,3.888
2012-05-05-23_29_32.665,359,1,14,1,-11.210,-60.794,3.388
2012-05-05-23_29_32.666,359,2,14,1,-20.194,-60.708,2.888
2012-05-05-23_29_32.666,359,3,14,1,-29.248,-60.804,2.988
2012-05-05-23_29_32.669,359,4,14,1,-38.235,-60.779,2.588
2012-05-05-23_29_32.670,359,5,14,1,-47.250,-60.841,2.888
2012-05-05-23_29_32.671,359,6,14,1,-56.249,-60.844,3.088
2012-05-05-23_29_32.672,359,7,14,1,-65.171,-60.762,3.688
2012-05-05-23_29_32.673,359,0,15,0,2.273,-65.280,3.897
2012-05-05-23_29_32.674,359,1,15,0,-6.753,-65.296,3.397
2012-05-05-23_29_32.674,359,2,15,0,-15.725,-65.200,2.797
2012-05-05-23_29_32.675,359,3,15,0,-24.779,-65.295,3.097
2012-05-05-23_29_32.675,359,4,15,0,-33.766,-65.270,2.597
2012-05-05-23_29_32.676,359,5,15,0,-42.781,-65.333,2.797
2012-05-05-23_29_32.676,359,6,15,0,-51.780,-65.336,2.897
2012-05-05-23_29_32.677,359,7,15,0,-60.702,-65.254,3.497
2012-05-05-23_29_32.677,359,0,15,1,-2.197,-65.288,3.910
2012-05-05-23_29_32.678,359,1,15,1,-11.208,-65.296,3.310
2012-05-05-23_29_32.678,359,2,15,1,-20.194,-65.208,2.910
2012-05-05-23_29_32.679,359,3,15,1,-29.249,-65.303,2.910
2012-05-05-23_29_32.679,359,4,15,1,-38.236,-65.278,2.510
2012-05-05-23_29_32.680,359,5,15,1,-47.250,-65.340,2.910
2012-05-05-23_29_32.680,359,6,15,1,-56.249,-65.344,2.910
2012-05-05-23_29_32.681,359,7,15,1,-65.171,-65.262,3.610
2012-05-05-23_29_32.682,359,0,16,0,2.270,-69.779,3.923
2012-05-05-23_29_32.682,359,1,16,0,-6.751,-69.790,3.323
2012-05-05-23_29_32.683,359,2,16,0,-15.727,-69.699,2.823
2012-05-05-23_29_32.683,359,3,16,0,-24.782,-69.795,3.123
2012-05-05-23_29_32.684,359,4,16,0,-33.769,-69.770,2.323
2012-05-05-23_29_32.684,359,5,16,0,-42.784,-69.832,2.923
2012-05-05-23_29_32.685,359,6,16,0,-51.782,-69.836,2.923
2012-05-05-23_29_32.686,359,7,16,0,-60.704,-69.753,3.623
2012-05-05-23_29_32.686,359,0,16,1,-2.197,-69.789,3.934
2012-05-05-23_29_32.687,359,1,16,1,-11.208,-69.789,3.433
2012-05-05-23_29_32.687,359,2,16,1,-20.194,-69.709,2.834
2012-05-05-23_29_32.688,359,3,16,1,-29.249,-69.804,2.934
2012-05-05-23_29_32.689,359,4,16,1,-38.236,-69.779,2.534
2012-05-05-23_29_32.689,359,5,16,1,-47.251,-69.841,2.734
2012-05-05-23_29_32.690,359,6,16,1,-56.249,-69.845,2.934
2012-05-05-23_29_32.690,359,7,16,1,-65.171,-69.763,3.634
2012-05-05-23_29_32.691,359,0,17,0,2.267,-74.283,3.942
2012-05-05-23_29_32.692,359,1,17,0,-6.749,-74.288,3.442
2012-05-05-23_29_32.692,359,2,17,0,-15.730,-74.203,2.842
2012-05-05-23_29_32.693,359,3,17,0,-24.785,-74.299,3.042
2012-05-05-23_29_32.693,359,4,17,0,-33.772,-74.274,2.442
2012-05-05-23_29_32.694,359,5,17,0,-42.787,-74.336,2.842
2012-05-05-23_29_32.694,359,6,17,0,-51.785,-74.340,2.942
2012-05-05-23_29_32.695,359,7,17,0,-60.707,-74.257,3.542
2012-05-05-23_29_32.695,359,0,17,1,-2.193,-74.291,3.952
2012-05-05-23_29_32.696,359,1,17,1,-11.211,-74.287,3.451
2012-05-05-23_29_32.696,359,2,17,1,-20.190,-74.211,2.852
2012-05-05-23_29_32.697,359,3,17,1,-29.245,-74.306,2.952
2012-05-05-23_29_32.698,359,4,17,1,-38.232,-74.281,2.352
2012-05-05-23_29_32.698,359,5,17,1,-47.246,-74.344,2.852
2012-05-05-23_29_32.699,359,6,17,1,-56.245,-74.347,2.952
2012-05-05-23_29_32.699,359,7,17,1,-65.167,-74.265,3.652
2012-05-05-23_29_32.700,359,0,18,0,2.264,-78.782,3.862
2012-05-05-23_29_32.700,359,1,18,0,-6.749,-78.785,3.362
2012-05-05-23_29_32.701,359,2,18,0,-15.733,-78.702,2.862
2012-05-05-23_29_32.702,359,3,18,0,-24.788,-78.797,3.162
2012-05-05-23_29_32.703,359,4,18,0,-33.775,-78.772,2.562
2012-05-05-23_29_32.703,359,5,18,0,-42.789,-78.834,2.862
2012-05-05-23_29_32.704,359,6,18,0,-51.788,-78.838,2.862
2012-05-05-23_29_32.704,359,7,18,0,-60.710,-78.756,3.662
2012-05-05-23_29_32.705,359,0,18,1,-2.193,-78.789,3.875
2012-05-05-23_29_32.707,359,1,18,1,-11.211,-78.785,3.474
2012-05-05-23_29_32.707,359,2,18,1,-20.190,-78.708,2.875
2012-05-05-23_29_32.708,359,3,18,1,-29.245,-78.804,3.175
2012-05-05-23_29_32.708,359,4,18,1,-38.232,-78.779,2.375
2012-05-05-23_29_32.709,359,5,18,1,-47.247,-78.841,2.875
2012-05-05-23_29_32.709,359,6,18,1,-56.245,-78.845,2.975
2012-05-05-23_29_32.710,359,7,18,1,-65.167,-78.762,3.675
2012-05-05-23_29_32.711,359,0,19,0,2.264,-83.282,3.887
2012-05-05-23_29_32.711,359,1,19,0,-6.747,-83.292,3.487
2012-05-05-23_29_32.712,359,2,19,0,-15.734,-83.201,2.887
2012-05-05-23_29_32.712,359,3,19,0,-24.788,-83.297,3.187
2012-05-05-23_29_32.713,359,4,19,0,-33.775,-83.272,2.287
2012-05-05-23_29_32.714,359,5,19,0,-42.790,-83.334,2.987
2012-05-05-23_29_32.714,359,6,19,0,-51.789,-83.338,2.987
2012-05-05-23_29_32.715,359,7,19,0,-60.711,-83.255,3.587
2012-05-05-23_29_32.715,359,0,19,1,-2.194,-83.288,3.997
2012-05-05-23_29_32.716,359,1,19,1,-11.214,-83.293,3.397
2012-05-05-23_29_32.717,359,2,19,1,-20.191,-83.208,2.997
2012-05-05-23_29_32.717,359,3,19,1,-29.245,-83.304,2.897
2012-05-05-23_29_32.718,359,4,19,1,-38.233,-83.279,2.697
2012-05-05-23_29_32.718,359,5,19,1,-47.247,-83.341,2.997
2012-05-05-23_29_32.719,359,6,19,1,-56.246,-83.344,2.997
2012-05-05-23_29_32.719,359,7,19,1,-65.168,-83.262,3.697
2012-05-05-23_29_32.720,359,0,20,0,2.266,-87.780,4.005
2012-05-05-23_29_32.721,359,1,20,0,-6.750,-87.796,3.405
2012-05-05-23_29_32.721,359,2,20,0,-15.732,-87.700,2.905
2012-05-05-23_29_32.722,359,3,20,0,-24.786,-87.795,3.205
2012-05-05-23_29_32.723,359,4,20,0,-33.773,-87.770,2.605
2012-05-05-23_29_32.723,359,5,20,0,-42.788,-87.832,3.005
2012-05-05-23_29_32.724,359,6,20,0,-51.787,-87.836,2.905
2012-05-05-23_29_32.724,359,7,20,0,-60.709,-87.754,3.805
2012-05-05-23_29_32.725,359,0,20,1,-2.194,-87.788,4.014
2012-05-05-23_29_32.725,359,1,20,1,-11.212,-87.796,3.414
2012-05-05-23_29_32.726,359,2,20,1,-20.191,-87.708,2.914
2012-05-05-23_29_32.727,359,3,20,1,-29.246,-87.803,3.214
2012-05-05-23_29_32.727,359,4,20,1,-38.233,-87.778,2.614
2012-05-05-23_29_32.728,359,5,20,1,-47.248,-87.841,2.914
2012-05-05-23_29_32.728,359,6,20,1,-56.246,-87.844,3.014
2012-05-05-23_29_32.729,359,7,20,1,-65.168,-87.762,3.814
2012-05-05-23_29_32.729,359,0,21,0,2.265,-92.279,4.024
2012-05-05-23_29_32.730,359,1,21,0,-6.751,-92.291,3.524
2012-05-05-23_29_32.730,359,2,21,0,-15.732,-92.199,2.924
2012-05-05-23_29_32.732,359,3,21,0,-24.787,-92.294,3.124
2012-05-05-23_29_32.733,359,4,21,0,-33.774,-92.269,2.624
2012-05-05-23_29_32.734,359,5,21,0,-42.788,-92.332,2.924
2012-05-05-23_29_32.734,359,6,21,0,-51.787,-92.335,3.024
2012-05-05-23_29_32.735,359,7,21,0,-60.709,-92.253,3.624
2012-05-05-23_29_32.735,359,0,21,1,-2.194,-92.289,4.037
2012-05-05-23_29_32.736,359,1,21,1,-11.213,-92.290,3.437
2012-05-05-23_29_32.737,359,2,21,1,-20.192,-92.209,2.937
2012-05-05-23_29_32.737,359,3,21,1,-29.246,-92.304,2.937
2012-05-05-23_29_32.738,359,4,21,1,-38.233,-92.279,2.437
2012-05-05-23_29_32.738,359,5,21,1,-47.248,-92.341,2.937
2012-05-05-23_29_32.739,359,6,21,1,-56.247,-92.345,3.037
2012-05-05-23_29_32.739,359,7,21,1,-65.169,-92.263,3.737
2012-05-05-23_29_32.740,359,0,22,0,2.267,-96.783,4.050
2012-05-05-23_29_32.740,359,1,22,0,-6.754,-96.789,3.550
2012-05-05-23_29_32.741,359,2,22,0,-15.730,-96.703,3.050
2012-05-05-23_29_32.742,359,3,22,0,-24.785,-96.798,3.250
2012-05-05-23_29_32.742,359,4,22,0,-33.772,-96.773,2.650
2012-05-05-23_29_32.743,359,5,22,0,-42.786,-96.836,2.950
2012-05-05-23_29_32.744,359,6,22,0,-51.785,-96.839,3.150
2012-05-05-23_29_32.745,359,7,22,0,-60.707,-96.757,3.750
2012-05-05-23_29_32.745,359,0,22,1,-2.190,-96.793,4.058
2012-05-05-23_29_32.746,359,1,22,1,-11.213,-96.789,3.458
2012-05-05-23_29_32.746,359,2,22,1,-20.187,-96.713,2.958
2012-05-05-23_29_32.747,359,3,22,1,-29.242,-96.808,3.058
2012-05-05-23_29_32.748,359,4,22,1,-38.229,-96.783,2.758
2012-05-05-23_29_32.748,359,5,22,1,-47.244,-96.845,3.058
2012-05-05-23_29_32.749,359,6,22,1,-56.242,-96.849,3.058
2012-05-05-23_29_32.749,359,7,22,1,-65.164,-96.766,3.758
2012-05-05-23_29_32.750,359,0,23,0,2.267,-101.281,4.068
2012-05-05-23_29_32.750,359,1,23,0,-6.754,-101.286,3.568
2012-05-05-23_29_32.751,359,2,23,0,-15.730,-101.201,2.968
2012-05-05-23_29_32.752,359,3,23,0,-24.785,-101.296,3.268
2012-05-05-23_29_32.752,359,4,23,0,-33.772,-101.271,2.768
2012-05-05-23_29_32.753,359,5,23,0,-42.787,-101.334,2.968
2012-05-05-23_29_32.754,359,6,23,0,-51.785,-101.337,2.968
2012-05-05-23_29_32.754,359,7,23,0,-60.707,-101.255,3.568
2012-05-05-23_29_32.755,359,0,23,1,-2.181,-101.280,3.968
2012-05-05-23_29_32.755,359,1,23,1,-11.211,-101.286,3.568
2012-05-05-23_29_32.756,359,2,23,1,-20.178,-101.200,2.968
2012-05-05-23_29_32.756,359,3,23,1,-29.232,-101.295,2.968
2012-05-05-23_29_32.757,359,4,23,1,-38.219,-101.270,2.668
2012-05-05-23_29_32.758,359,5,23,1,-47.234,-101.332,3.068
2012-05-05-23_29_32.758,359,6,23,1,-56.233,-101.336,3.068
2012-05-05-23_29_32.759,359,7,23,1,-65.155,-101.254,3.768
