2012-05-07-17_40_30.340,74,0,0,0,2.255,2.219,4.407
2012-05-07-17_40_30.341,74,0,0,0,2.202,2.279,4.307
2012-05-07-17_40_30.342,74,1,0,0,-6.747,2.292,4.215
2012-05-07-17_40_30.342,74,1,0,0,-6.801,2.352,4.215
2012-05-07-17_40_30.343,74,2,0,0,-15.725,2.234,4.236
2012-05-07-17_40_30.343,74,2,0,0,-15.779,2.294,4.236
2012-05-07-17_40_30.344,74,3,0,0,-24.749,2.242,4.313
2012-05-07-17_40_30.344,74,3,0,0,-24.803,2.301,4.313
2012-05-07-17_40_30.345,74,4,0,0,-33.739,2.261,3.828
2012-05-07-17_40_30.345,74,4,0,0,-33.793,2.320,3.730
2012-05-07-17_40_30.346,74,5,0,0,-42.787,2.235,4.318
2012-05-07-17_40_30.346,74,5,0,0,-42.841,2.294,4.220
2012-05-07-17_40_30.347,74,6,0,0,-51.766,2.168,4.265
2012-05-07-17_40_30.347,74,6,0,0,-51.820,2.228,4.265
2012-05-07-17_40_30.348,74,7,0,0,-60.820,2.245,4.264
2012-05-07-17_40_30.349,74,7,0,0,-60.812,2.288,4.264
2012-05-07-17_40_30.349,74,0,0,1,-2.195,2.212,4.207
2012-05-07-17_40_30.350,74,0,0,1,-2.258,2.279,4.207
2012-05-07-17_40_30.350,74,1,0,1,-11.197,2.285,4.215
2012-05-07-17_40_30.351,74,1,0,1,-11.260,2.352,4.215
2012-05-07-17_40_30.351,74,2,0,1,-20.175,2.226,4.334
2012-05-07-17_40_30.352,74,2,0,1,-20.238,2.294,4.334
2012-05-07-17_40_30.353,74,3,0,1,-29.199,2.234,4.313
2012-05-07-17_40_30.354,74,3,0,1,-29.262,2.302,4.215
2012-05-07-17_40_30.355,74,4,0,1,-38.189,2.253,4.122
2012-05-07-17_40_30.355,74,4,0,1,-38.252,2.321,4.121
2012-05-07-17_40_30.356,74,5,0,1,-47.237,2.227,4.122
2012-05-07-17_40_30.357,74,5,0,1,-47.300,2.295,4.220
2012-05-07-17_40_30.358,74,6,0,1,-56.216,2.161,4.265
2012-05-07-17_40_30.359,74,6,0,1,-56.279,2.228,4.265
2012-05-07-17_40_30.360,74,7,0,1,-65.270,2.237,4.464
2012-05-07-17_40_30.361,74,7,0,1,-65.333,2.304,4.464
2012-05-07-17_40_30.361,74,0,1,0,2.255,-2.278,4.419
2012-05-07-17_40_30.362,74,0,1,0,2.199,-2.225,4.419
2012-05-07-17_40_30.363,74,1,1,0,-6.748,-2.205,4.424
2012-05-07-17_40_30.364,74,1,1,0,-6.803,-2.152,4.424
2012-05-07-17_40_30.364,74,2,1,0,-15.726,-2.264,4.248
2012-05-07-17_40_30.365,74,2,1,0,-15.782,-2.210,4.248
2012-05-07-17_40_30.365,74,3,1,0,-24.750,-2.256,4.325
2012-05-07-17_40_30.366,74,3,1,0,-24.805,-2.202,4.227
2012-05-07-17_40_30.367,74,4,1,0,-33.740,-2.237,3.938
2012-05-07-17_40_30.368,74,4,1,0,-33.796,-2.184,3.840
2012-05-07-17_40_30.369,74,5,1,0,-42.788,-2.263,4.330
2012-05-07-17_40_30.369,74,5,1,0,-42.844,-2.209,4.134
2012-05-07-17_40_30.370,74,6,1,0,-51.767,-2.329,4.277
2012-05-07-17_40_30.371,74,6,1,0,-51.822,-2.276,4.277
2012-05-07-17_40_30.371,74,7,1,0,-60.820,-2.253,4.376
2012-05-07-17_40_30.372,74,7,1,0,-60.815,-2.211,4.476
2012-05-07-17_40_30.373,74,0,1,1,-2.195,-2.287,4.529
2012-05-07-17_40_30.374,74,0,1,1,-2.258,-2.224,4.529
2012-05-07-17_40_30.375,74,1,1,1,-11.198,-2.214,4.532
2012-05-07-17_40_30.375,74,1,1,1,-11.261,-2.151,4.532
2012-05-07-17_40_30.376,74,2,1,1,-20.176,-2.272,4.356
2012-05-07-17_40_30.377,74,2,1,1,-20.239,-2.209,4.356
2012-05-07-17_40_30.378,74,3,1,1,-29.200,-2.264,4.335
2012-05-07-17_40_30.378,74,3,1,1,-29.263,-2.201,4.335
2012-05-07-17_40_30.381,74,4,1,1,-38.190,-2.245,3.948
2012-05-07-17_40_30.382,74,4,1,1,-38.253,-2.183,3.850
2012-05-07-17_40_30.388,74,5,1,1,-47.238,-2.271,4.144
2012-05-07-17_40_30.389,74,5,1,1,-47.301,-2.208,4.144
2012-05-07-17_40_30.390,74,6,1,1,-56.217,-2.338,4.287
2012-05-07-17_40_30.391,74,6,1,1,-56.280,-2.275,4.188
2012-05-07-17_40_30.393,74,7,1,1,-65.270,-2.262,4.386
2012-05-07-17_40_30.393,74,7,1,1,-65.333,-2.199,4.286
2012-05-07-17_40_30.394,74,0,2,0,2.252,-6.781,4.545
2012-05-07-17_40_30.395,74,0,2,0,2.199,-6.719,4.445
2012-05-07-17_40_30.396,74,1,2,0,-6.751,-6.708,4.549
2012-05-07-17_40_30.397,74,1,2,0,-6.804,-6.646,4.549
2012-05-07-17_40_30.398,74,2,2,0,-15.729,-6.766,4.274
2012-05-07-17_40_30.398,74,2,2,0,-15.782,-6.704,4.372
2012-05-07-17_40_30.399,74,3,2,0,-24.753,-6.759,4.254
2012-05-07-17_40_30.400,74,3,2,0,-24.806,-6.696,4.254
2012-05-07-17_40_30.401,74,4,2,0,-33.743,-6.740,4.062
2012-05-07-17_40_30.402,74,4,2,0,-33.796,-6.677,3.965
2012-05-07-17_40_30.403,74,5,2,0,-42.791,-6.766,4.552
2012-05-07-17_40_30.403,74,5,2,0,-42.844,-6.703,4.454
2012-05-07-17_40_30.404,74,6,2,0,-51.770,-6.832,4.303
2012-05-07-17_40_30.405,74,6,2,0,-51.823,-6.769,4.205
2012-05-07-17_40_30.406,74,7,2,0,-60.823,-6.756,4.502
2012-05-07-17_40_30.406,74,7,2,0,-60.816,-6.706,4.602
2012-05-07-17_40_30.407,74,0,2,1,-2.191,-6.791,4.456
2012-05-07-17_40_30.408,74,0,2,1,-2.258,-6.718,4.456
2012-05-07-17_40_30.409,74,1,2,1,-11.193,-6.718,4.461
2012-05-07-17_40_30.410,74,1,2,1,-11.261,-6.645,4.461
2012-05-07-17_40_30.411,74,2,2,1,-20.171,-6.776,4.383
2012-05-07-17_40_30.411,74,2,2,1,-20.239,-6.703,4.383
2012-05-07-17_40_30.412,74,3,2,1,-29.195,-6.768,4.362
2012-05-07-17_40_30.413,74,3,2,1,-29.263,-6.695,4.362
2012-05-07-17_40_30.414,74,4,2,1,-38.185,-6.749,4.171
2012-05-07-17_40_30.414,74,4,2,1,-38.253,-6.677,4.171
2012-05-07-17_40_30.415,74,5,2,1,-47.233,-6.775,4.269
2012-05-07-17_40_30.416,74,5,2,1,-47.301,-6.702,4.465
2012-05-07-17_40_30.417,74,6,2,1,-56.212,-6.842,4.314
2012-05-07-17_40_30.418,74,6,2,1,-56.280,-6.769,4.314
2012-05-07-17_40_30.418,74,7,2,1,-65.266,-6.765,4.413
2012-05-07-17_40_30.419,74,7,2,1,-65.334,-6.693,4.413
2012-05-07-17_40_30.420,74,0,3,0,2.254,-11.284,4.467
2012-05-07-17_40_30.421,74,0,3,0,2.196,-11.218,4.467
2012-05-07-17_40_30.422,74,1,3,0,-6.749,-11.211,4.669
2012-05-07-17_40_30.422,74,1,3,0,-6.807,-11.144,4.570
2012-05-07-17_40_30.423,74,2,3,0,-15.727,-11.270,4.296
2012-05-07-17_40_30.424,74,2,3,0,-15.785,-11.203,4.296
2012-05-07-17_40_30.425,74,3,3,0,-24.751,-11.262,4.275
2012-05-07-17_40_30.426,74,3,3,0,-24.809,-11.195,4.275
2012-05-07-17_40_30.426,74,4,3,0,-33.741,-11.243,4.182
2012-05-07-17_40_30.427,74,4,3,0,-33.799,-11.176,4.182
2012-05-07-17_40_30.428,74,5,3,0,-42.789,-11.269,4.280
2012-05-07-17_40_30.429,74,5,3,0,-42.847,-11.202,4.182
2012-05-07-17_40_30.430,74,6,3,0,-51.768,-11.335,4.423
2012-05-07-17_40_30.431,74,6,3,0,-51.826,-11.268,4.325
2012-05-07-17_40_30.432,74,7,3,0,-60.821,-11.259,4.424
2012-05-07-17_40_30.433,74,7,3,0,-60.816,-11.206,4.424
2012-05-07-17_40_30.433,74,0,3,1,-2.191,-11.292,4.576
2012-05-07-17_40_30.434,74,0,3,1,-2.256,-11.218,4.476
2012-05-07-17_40_30.435,74,1,3,1,-11.194,-11.219,4.579
2012-05-07-17_40_30.436,74,1,3,1,-11.259,-11.144,4.579
2012-05-07-17_40_30.436,74,2,3,1,-20.172,-11.278,4.403
2012-05-07-17_40_30.437,74,2,3,1,-20.237,-11.203,4.403
2012-05-07-17_40_30.438,74,3,3,1,-29.196,-11.270,4.382
2012-05-07-17_40_30.449,74,3,3,1,-29.261,-11.195,4.382
2012-05-07-17_40_30.449,74,4,3,1,-38.186,-11.251,4.289
2012-05-07-17_40_30.450,74,4,3,1,-38.251,-11.176,4.288
2012-05-07-17_40_30.451,74,5,3,1,-47.234,-11.277,4.191
2012-05-07-17_40_30.452,74,5,3,1,-47.299,-11.202,4.485
2012-05-07-17_40_30.452,74,6,3,1,-56.213,-11.343,4.334
2012-05-07-17_40_30.453,74,6,3,1,-56.278,-11.268,4.334
2012-05-07-17_40_30.454,74,7,3,1,-65.266,-11.267,4.333
2012-05-07-17_40_30.455,74,7,3,1,-65.332,-11.192,4.233
2012-05-07-17_40_30.455,74,0,4,0,2.256,-15.782,4.488
2012-05-07-17_40_30.456,74,0,4,0,2.195,-15.718,4.488
2012-05-07-17_40_30.457,74,1,4,0,-6.746,-15.708,4.591
2012-05-07-17_40_30.458,74,1,4,0,-6.807,-15.645,4.493
2012-05-07-17_40_30.459,74,2,4,0,-15.725,-15.767,4.316
2012-05-07-17_40_30.459,74,2,4,0,-15.785,-15.703,4.415
2012-05-07-17_40_30.460,74,3,4,0,-24.748,-15.759,4.394
2012-05-07-17_40_30.461,74,3,4,0,-24.809,-15.695,4.394
2012-05-07-17_40_30.462,74,4,4,0,-33.739,-15.740,3.909
2012-05-07-17_40_30.463,74,4,4,0,-33.799,-15.677,3.811
2012-05-07-17_40_30.464,74,5,4,0,-42.787,-15.766,4.301
2012-05-07-17_40_30.464,74,5,4,0,-42.847,-15.702,4.203
2012-05-07-17_40_30.465,74,6,4,0,-51.766,-15.832,4.247
2012-05-07-17_40_30.466,74,6,4,0,-51.826,-15.769,4.247
2012-05-07-17_40_30.467,74,7,4,0,-60.819,-15.756,4.445
2012-05-07-17_40_30.469,74,7,4,0,-60.814,-15.709,4.345
2012-05-07-17_40_30.469,74,0,4,1,-2.191,-15.788,4.500
2012-05-07-17_40_30.470,74,0,4,1,-2.254,-15.718,4.500
2012-05-07-17_40_30.471,74,1,4,1,-11.194,-15.715,4.505
2012-05-07-17_40_30.471,74,1,4,1,-11.257,-15.645,4.406
2012-05-07-17_40_30.472,74,2,4,1,-20.172,-15.773,4.427
2012-05-07-17_40_30.473,74,2,4,1,-20.235,-15.703,4.329
2012-05-07-17_40_30.474,74,3,4,1,-29.196,-15.766,4.309
2012-05-07-17_40_30.475,74,3,4,1,-29.259,-15.695,4.308
2012-05-07-17_40_30.475,74,4,4,1,-38.186,-15.747,3.921
2012-05-07-17_40_30.476,74,4,4,1,-38.249,-15.676,3.921
2012-05-07-17_40_30.477,74,5,4,1,-47.234,-15.773,4.117
2012-05-07-17_40_30.478,74,5,4,1,-47.297,-15.702,4.215
2012-05-07-17_40_30.479,74,6,4,1,-56.213,-15.839,4.259
2012-05-07-17_40_30.481,74,6,4,1,-56.276,-15.769,4.259
2012-05-07-17_40_30.482,74,7,4,1,-65.267,-15.763,4.357
2012-05-07-17_40_30.483,74,7,4,1,-65.330,-15.692,4.357
2012-05-07-17_40_30.483,74,0,5,0,2.258,-20.281,4.515
2012-05-07-17_40_30.484,74,0,5,0,2.197,-20.223,4.515
2012-05-07-17_40_30.485,74,1,5,0,-6.744,-20.208,4.520
2012-05-07-17_40_30.485,74,1,5,0,-6.805,-20.150,4.520
2012-05-07-17_40_30.486,74,2,5,0,-15.723,-20.266,4.442
2012-05-07-17_40_30.487,74,2,5,0,-15.783,-20.208,4.343
2012-05-07-17_40_30.487,74,3,5,0,-24.746,-20.258,4.226
2012-05-07-17_40_30.488,74,3,5,0,-24.807,-20.200,4.128
2012-05-07-17_40_30.489,74,4,5,0,-33.737,-20.239,4.034
2012-05-07-17_40_30.490,74,4,5,0,-33.797,-20.181,4.034
2012-05-07-17_40_30.491,74,5,5,0,-42.785,-20.265,4.328
2012-05-07-17_40_30.492,74,5,5,0,-42.845,-20.207,4.230
2012-05-07-17_40_30.493,74,6,5,0,-51.764,-20.332,4.372
2012-05-07-17_40_30.493,74,6,5,0,-51.824,-20.274,4.274
2012-05-07-17_40_30.494,74,7,5,0,-60.817,-20.255,4.372
2012-05-07-17_40_30.495,74,7,5,0,-60.815,-20.212,4.372
2012-05-07-17_40_30.496,74,0,5,1,-2.192,-20.289,4.524
2012-05-07-17_40_30.497,74,0,5,1,-2.255,-20.223,4.524
2012-05-07-17_40_30.498,74,1,5,1,-11.194,-20.216,4.431
2012-05-07-17_40_30.498,74,1,5,1,-11.257,-20.150,4.431
2012-05-07-17_40_30.501,74,2,5,1,-20.173,-20.274,4.353
2012-05-07-17_40_30.502,74,2,5,1,-20.236,-20.208,4.353
2012-05-07-17_40_30.503,74,3,5,1,-29.196,-20.267,4.333
2012-05-07-17_40_30.504,74,3,5,1,-29.259,-20.200,4.235
2012-05-07-17_40_30.505,74,4,5,1,-38.187,-20.248,4.043
2012-05-07-17_40_30.505,74,4,5,1,-38.250,-20.182,3.945
2012-05-07-17_40_30.506,74,5,5,1,-47.234,-20.274,4.142
2012-05-07-17_40_30.507,74,5,5,1,-47.297,-20.207,4.239
2012-05-07-17_40_30.507,74,6,5,1,-56.213,-20.340,4.382
2012-05-07-17_40_30.508,74,6,5,1,-56.276,-20.274,4.382
2012-05-07-17_40_30.509,74,7,5,1,-65.267,-20.264,4.481
2012-05-07-17_40_30.509,74,7,5,1,-65.330,-20.198,4.481
2012-05-07-17_40_30.510,74,0,6,0,2.260,-24.778,4.534
2012-05-07-17_40_30.511,74,0,6,0,2.199,-24.726,4.534
2012-05-07-17_40_30.512,74,1,6,0,-6.742,-24.705,4.539
2012-05-07-17_40_30.512,74,1,6,0,-6.803,-24.653,4.539
2012-05-07-17_40_30.513,74,2,6,0,-15.721,-24.764,4.363
2012-05-07-17_40_30.513,74,2,6,0,-15.781,-24.711,4.363
2012-05-07-17_40_30.514,74,3,6,0,-24.744,-24.756,4.440
2012-05-07-17_40_30.515,74,3,6,0,-24.805,-24.704,4.343
2012-05-07-17_40_30.516,74,4,6,0,-33.735,-24.737,3.858
2012-05-07-17_40_30.517,74,4,6,0,-33.795,-24.685,3.858
2012-05-07-17_40_30.517,74,5,6,0,-42.783,-24.763,4.250
2012-05-07-17_40_30.518,74,5,6,0,-42.843,-24.711,4.347
2012-05-07-17_40_30.519,74,6,6,0,-51.761,-24.829,4.294
2012-05-07-17_40_30.519,74,6,6,0,-51.822,-24.777,4.294
2012-05-07-17_40_30.520,74,7,6,0,-60.815,-24.753,4.491
2012-05-07-17_40_30.521,74,7,6,0,-60.810,-24.711,4.491
2012-05-07-17_40_30.522,74,0,6,1,-2.192,-24.787,4.444
2012-05-07-17_40_30.522,74,0,6,1,-2.255,-24.726,4.544
2012-05-07-17_40_30.524,74,1,6,1,-11.195,-24.714,4.647
2012-05-07-17_40_30.524,74,1,6,1,-11.258,-24.652,4.647
2012-05-07-17_40_30.525,74,2,6,1,-20.173,-24.772,4.373
2012-05-07-17_40_30.526,74,2,6,1,-20.236,-24.711,4.373
2012-05-07-17_40_30.526,74,3,6,1,-29.197,-24.765,4.450
2012-05-07-17_40_30.527,74,3,6,1,-29.260,-24.703,4.450
2012-05-07-17_40_30.528,74,4,6,1,-38.187,-24.746,3.965
2012-05-07-17_40_30.529,74,4,6,1,-38.250,-24.684,3.965
2012-05-07-17_40_30.530,74,5,6,1,-47.235,-24.772,4.259
2012-05-07-17_40_30.531,74,5,6,1,-47.298,-24.710,4.553
2012-05-07-17_40_30.531,74,6,6,1,-56.214,-24.838,4.402
2012-05-07-17_40_30.532,74,6,6,1,-56.277,-24.776,4.402
2012-05-07-17_40_30.533,74,7,6,1,-65.268,-24.762,4.501
2012-05-07-17_40_30.534,74,7,6,1,-65.331,-24.700,4.501
2012-05-07-17_40_30.535,74,0,7,0,2.260,-29.281,4.458
2012-05-07-17_40_30.536,74,0,7,0,2.201,-29.219,4.558
2012-05-07-17_40_30.537,74,1,7,0,-6.743,-29.208,4.465
2012-05-07-17_40_30.539,74,1,7,0,-6.801,-29.146,4.465
2012-05-07-17_40_30.540,74,2,7,0,-15.721,-29.266,4.485
2012-05-07-17_40_30.540,74,2,7,0,-15.779,-29.204,4.485
2012-05-07-17_40_30.541,74,3,7,0,-24.745,-29.259,4.367
2012-05-07-17_40_30.542,74,3,7,0,-24.803,-29.196,4.367
2012-05-07-17_40_30.543,74,4,7,0,-33.735,-29.240,4.273
2012-05-07-17_40_30.544,74,4,7,0,-33.793,-29.177,4.273
2012-05-07-17_40_30.545,74,5,7,0,-42.783,-29.266,4.371
2012-05-07-17_40_30.545,74,5,7,0,-42.841,-29.203,4.567
2012-05-07-17_40_30.546,74,6,7,0,-51.762,-29.332,4.514
2012-05-07-17_40_30.547,74,6,7,0,-51.820,-29.269,4.416
2012-05-07-17_40_30.548,74,7,7,0,-60.816,-29.256,4.415
2012-05-07-17_40_30.549,74,7,7,0,-60.808,-29.206,4.415
2012-05-07-17_40_30.551,74,0,7,1,-2.193,-29.290,4.571
2012-05-07-17_40_30.552,74,0,7,1,-2.256,-29.218,4.571
2012-05-07-17_40_30.553,74,1,7,1,-11.195,-29.217,4.576
2012-05-07-17_40_30.553,74,1,7,1,-11.258,-29.145,4.576
2012-05-07-17_40_30.554,74,2,7,1,-20.173,-29.275,4.400
2012-05-07-17_40_30.555,74,2,7,1,-20.236,-29.203,4.498
2012-05-07-17_40_30.556,74,3,7,1,-29.197,-29.267,4.380
2012-05-07-17_40_30.557,74,3,7,1,-29.260,-29.195,4.380
2012-05-07-17_40_30.558,74,4,7,1,-38.187,-29.248,4.188
2012-05-07-17_40_30.558,74,4,7,1,-38.250,-29.176,4.188
2012-05-07-17_40_30.559,74,5,7,1,-47.235,-29.274,4.385
2012-05-07-17_40_30.560,74,5,7,1,-47.298,-29.202,4.482
2012-05-07-17_40_30.561,74,6,7,1,-56.214,-29.341,4.429
2012-05-07-17_40_30.561,74,6,7,1,-56.277,-29.269,4.331
2012-05-07-17_40_30.562,74,7,7,1,-65.268,-29.265,4.528
2012-05-07-17_40_30.563,74,7,7,1,-65.331,-29.193,4.528
2012-05-07-17_40_30.564,74,0,8,0,2.259,-33.784,4.583
2012-05-07-17_40_30.565,74,0,8,0,2.203,-33.717,4.583
2012-05-07-17_40_30.567,74,1,8,0,-6.743,-33.711,4.588
2012-05-07-17_40_30.568,74,1,8,0,-6.799,-33.644,4.588
2012-05-07-17_40_30.568,74,2,8,0,-15.722,-33.769,4.412
2012-05-07-17_40_30.569,74,2,8,0,-15.777,-33.702,4.412
2012-05-07-17_40_30.570,74,3,8,0,-24.745,-33.761,4.392
2012-05-07-17_40_30.571,74,3,8,0,-24.801,-33.694,4.392
2012-05-07-17_40_30.572,74,4,8,0,-33.736,-33.743,4.298
2012-05-07-17_40_30.572,74,4,8,0,-33.791,-33.676,4.298
2012-05-07-17_40_30.573,74,5,8,0,-42.783,-33.768,4.397
2012-05-07-17_40_30.574,74,5,8,0,-42.839,-33.701,4.592
2012-05-07-17_40_30.575,74,6,8,0,-51.762,-33.835,4.540
2012-05-07-17_40_30.576,74,6,8,0,-51.818,-33.768,4.540
2012-05-07-17_40_30.576,74,7,8,0,-60.816,-33.759,4.640
2012-05-07-17_40_30.577,74,7,8,0,-60.811,-33.706,4.640
2012-05-07-17_40_30.578,74,0,8,1,-2.196,-33.791,4.594
2012-05-07-17_40_30.579,74,0,8,1,-2.254,-33.716,4.593
2012-05-07-17_40_30.579,74,1,8,1,-11.198,-33.718,4.599
2012-05-07-17_40_30.581,74,1,8,1,-11.256,-33.643,4.598
2012-05-07-17_40_30.581,74,2,8,1,-20.176,-33.776,4.520
2012-05-07-17_40_30.582,74,2,8,1,-20.234,-33.702,4.422
2012-05-07-17_40_30.584,74,3,8,1,-29.200,-33.768,4.500
2012-05-07-17_40_30.585,74,3,8,1,-29.258,-33.694,4.499
2012-05-07-17_40_30.586,74,4,8,1,-38.190,-33.750,4.308
2012-05-07-17_40_30.586,74,4,8,1,-38.248,-33.675,4.308
2012-05-07-17_40_30.587,74,5,8,1,-47.238,-33.775,4.309
2012-05-07-17_40_30.588,74,5,8,1,-47.296,-33.701,4.504
2012-05-07-17_40_30.589,74,6,8,1,-56.217,-33.842,4.451
2012-05-07-17_40_30.590,74,6,8,1,-56.275,-33.767,4.451
2012-05-07-17_40_30.591,74,7,8,1,-65.271,-33.766,4.451
2012-05-07-17_40_30.591,74,7,8,1,-65.329,-33.691,4.550
2012-05-07-17_40_30.592,74,0,9,0,2.259,-38.282,4.604
2012-05-07-17_40_30.593,74,0,9,0,2.203,-38.217,4.604
2012-05-07-17_40_30.594,74,1,9,0,-6.744,-38.208,4.707
2012-05-07-17_40_30.594,74,1,9,0,-6.799,-38.144,4.609
2012-05-07-17_40_30.595,74,2,9,0,-15.722,-38.267,4.531
2012-05-07-17_40_30.596,74,2,9,0,-15.778,-38.203,4.531
2012-05-07-17_40_30.596,74,3,9,0,-24.746,-38.259,4.412
2012-05-07-17_40_30.597,74,3,9,0,-24.801,-38.195,4.412
2012-05-07-17_40_30.598,74,4,9,0,-33.736,-38.240,4.123
2012-05-07-17_40_30.599,74,4,9,0,-33.792,-38.176,4.025
2012-05-07-17_40_30.599,74,5,9,0,-42.784,-38.266,4.319
2012-05-07-17_40_30.600,74,5,9,0,-42.840,-38.202,4.417
2012-05-07-17_40_30.601,74,6,9,0,-51.763,-38.332,4.461
2012-05-07-17_40_30.603,74,6,9,0,-51.818,-38.268,4.363
2012-05-07-17_40_30.604,74,7,9,0,-60.817,-38.256,4.361
2012-05-07-17_40_30.604,74,7,9,0,-60.809,-38.209,4.361
2012-05-07-17_40_30.605,74,0,9,1,-2.198,-38.288,4.515
2012-05-07-17_40_30.606,74,0,9,1,-2.257,-38.217,4.515
2012-05-07-17_40_30.607,74,1,9,1,-11.201,-38.215,4.620
2012-05-07-17_40_30.607,74,1,9,1,-11.259,-38.144,4.620
2012-05-07-17_40_30.608,74,2,9,1,-20.179,-38.273,4.444
2012-05-07-17_40_30.609,74,2,9,1,-20.237,-38.202,4.542
2012-05-07-17_40_30.609,74,3,9,1,-29.203,-38.266,4.423
2012-05-07-17_40_30.610,74,3,9,1,-29.261,-38.194,4.423
2012-05-07-17_40_30.611,74,4,9,1,-38.193,-38.247,4.036
2012-05-07-17_40_30.612,74,4,9,1,-38.251,-38.176,4.036
2012-05-07-17_40_30.613,74,5,9,1,-47.241,-38.273,4.330
2012-05-07-17_40_30.614,74,5,9,1,-47.299,-38.201,4.232
2012-05-07-17_40_30.614,74,6,9,1,-56.220,-38.339,4.473
2012-05-07-17_40_30.615,74,6,9,1,-56.278,-38.268,4.473
2012-05-07-17_40_30.616,74,7,9,1,-65.274,-38.263,4.572
2012-05-07-17_40_30.616,74,7,9,1,-65.332,-38.192,4.472
2012-05-07-17_40_30.617,74,0,10,0,2.258,-42.781,4.631
2012-05-07-17_40_30.618,74,0,10,0,2.203,-42.722,4.631
2012-05-07-17_40_30.619,74,1,10,0,-6.744,-42.708,4.636
2012-05-07-17_40_30.620,74,1,10,0,-6.800,-42.649,4.636
2012-05-07-17_40_30.621,74,2,10,0,-15.722,-42.766,4.558
2012-05-07-17_40_30.621,74,2,10,0,-15.778,-42.707,4.558
2012-05-07-17_40_30.622,74,3,10,0,-24.746,-42.758,4.439
2012-05-07-17_40_30.623,74,3,10,0,-24.802,-42.699,4.439
2012-05-07-17_40_30.623,74,4,10,0,-33.736,-42.740,4.150
2012-05-07-17_40_30.624,74,4,10,0,-33.792,-42.680,4.052
2012-05-07-17_40_30.625,74,5,10,0,-42.784,-42.765,4.346
2012-05-07-17_40_30.625,74,5,10,0,-42.840,-42.706,4.444
2012-05-07-17_40_30.626,74,6,10,0,-51.763,-42.832,4.488
2012-05-07-17_40_30.627,74,6,10,0,-51.819,-42.773,4.488
2012-05-07-17_40_30.627,74,7,10,0,-60.817,-42.756,4.588
2012-05-07-17_40_30.628,74,7,10,0,-60.812,-42.712,4.588
2012-05-07-17_40_30.629,74,0,10,1,-2.201,-42.788,4.642
2012-05-07-17_40_30.630,74,0,10,1,-2.259,-42.721,4.642
2012-05-07-17_40_30.630,74,1,10,1,-11.204,-42.715,4.647
2012-05-07-17_40_30.631,74,1,10,1,-11.262,-42.648,4.549
2012-05-07-17_40_30.632,74,2,10,1,-20.182,-42.774,4.471
2012-05-07-17_40_30.634,74,2,10,1,-20.240,-42.706,4.471
2012-05-07-17_40_30.635,74,3,10,1,-29.206,-42.766,4.549
2012-05-07-17_40_30.635,74,3,10,1,-29.264,-42.699,4.548
2012-05-07-17_40_30.636,74,4,10,1,-38.196,-42.747,4.259
2012-05-07-17_40_30.637,74,4,10,1,-38.254,-42.680,4.259
2012-05-07-17_40_30.638,74,5,10,1,-47.244,-42.773,4.456
2012-05-07-17_40_30.638,74,5,10,1,-47.302,-42.706,4.651
2012-05-07-17_40_30.639,74,6,10,1,-56.223,-42.839,4.500
2012-05-07-17_40_30.640,74,6,10,1,-56.281,-42.772,4.500
2012-05-07-17_40_30.641,74,7,10,1,-65.277,-42.763,4.500
2012-05-07-17_40_30.641,74,7,10,1,-65.335,-42.696,4.499
2012-05-07-17_40_30.642,74,0,11,0,2.255,-47.277,4.652
2012-05-07-17_40_30.643,74,0,11,0,2.205,-47.226,4.552
2012-05-07-17_40_30.644,74,1,11,0,-6.747,-47.204,4.755
2012-05-07-17_40_30.645,74,1,11,0,-6.798,-47.152,4.755
2012-05-07-17_40_30.645,74,2,11,0,-15.725,-47.263,4.481
2012-05-07-17_40_30.646,74,2,11,0,-15.776,-47.211,4.481
2012-05-07-17_40_30.647,74,3,11,0,-24.749,-47.255,4.558
2012-05-07-17_40_30.649,74,3,11,0,-24.800,-47.203,4.461
2012-05-07-17_40_30.650,74,4,11,0,-33.739,-47.236,4.269
2012-05-07-17_40_30.652,74,4,11,0,-33.790,-47.184,4.171
2012-05-07-17_40_30.653,74,5,11,0,-42.787,-47.262,4.367
2012-05-07-17_40_30.654,74,5,11,0,-42.838,-47.210,4.465
2012-05-07-17_40_30.654,74,6,11,0,-51.766,-47.328,4.608
2012-05-07-17_40_30.655,74,6,11,0,-51.817,-47.276,4.510
2012-05-07-17_40_30.656,74,7,11,0,-60.820,-47.252,4.409
2012-05-07-17_40_30.656,74,7,11,0,-60.812,-47.211,4.509
2012-05-07-17_40_30.657,74,0,11,1,-2.202,-47.288,4.661
2012-05-07-17_40_30.658,74,0,11,1,-2.262,-47.225,4.661
2012-05-07-17_40_30.658,74,1,11,1,-11.204,-47.214,4.568
2012-05-07-17_40_30.659,74,1,11,1,-11.265,-47.152,4.666
2012-05-07-17_40_30.660,74,2,11,1,-20.182,-47.273,4.490
2012-05-07-17_40_30.660,74,2,11,1,-20.243,-47.210,4.490
2012-05-07-17_40_30.661,74,3,11,1,-29.206,-47.265,4.567
2012-05-07-17_40_30.662,74,3,11,1,-29.267,-47.202,4.567
2012-05-07-17_40_30.663,74,4,11,1,-38.196,-47.246,4.376
2012-05-07-17_40_30.664,74,4,11,1,-38.257,-47.184,4.376
2012-05-07-17_40_30.665,74,5,11,1,-47.244,-47.272,4.474
2012-05-07-17_40_30.666,74,5,11,1,-47.305,-47.209,4.474
2012-05-07-17_40_30.667,74,6,11,1,-56.223,-47.338,4.519
2012-05-07-17_40_30.667,74,6,11,1,-56.284,-47.276,4.519
2012-05-07-17_40_30.669,74,7,11,1,-65.277,-47.262,4.519
2012-05-07-17_40_30.670,74,7,11,1,-65.338,-47.200,4.518
2012-05-07-17_40_30.670,74,0,12,0,2.253,-51.781,4.571
2012-05-07-17_40_30.671,74,0,12,0,2.202,-51.719,4.571
2012-05-07-17_40_30.672,74,1,12,0,-6.750,-51.708,4.676
2012-05-07-17_40_30.673,74,1,12,0,-6.801,-51.646,4.676
2012-05-07-17_40_30.673,74,2,12,0,-15.728,-51.766,4.500
2012-05-07-17_40_30.674,74,2,12,0,-15.779,-51.705,4.500
2012-05-07-17_40_30.675,74,3,12,0,-24.752,-51.758,4.480
2012-05-07-17_40_30.676,74,3,12,0,-24.803,-51.697,4.382
2012-05-07-17_40_30.676,74,4,12,0,-33.742,-51.740,4.093
2012-05-07-17_40_30.677,74,4,12,0,-33.793,-51.678,3.995
2012-05-07-17_40_30.678,74,5,12,0,-42.790,-51.765,4.387
2012-05-07-17_40_30.679,74,5,12,0,-42.841,-51.704,4.485
2012-05-07-17_40_30.680,74,6,12,0,-51.769,-51.832,4.431
2012-05-07-17_40_30.681,74,6,12,0,-51.820,-51.770,4.431
2012-05-07-17_40_30.681,74,7,12,0,-60.823,-51.756,4.529
2012-05-07-17_40_30.682,74,7,12,0,-60.817,-51.706,4.529
2012-05-07-17_40_30.683,74,0,12,1,-2.202,-51.792,4.684
2012-05-07-17_40_30.683,74,0,12,1,-2.265,-51.719,4.684
2012-05-07-17_40_30.684,74,1,12,1,-11.205,-51.719,4.689
2012-05-07-17_40_30.685,74,1,12,1,-11.268,-51.646,4.689
2012-05-07-17_40_30.686,74,2,12,1,-20.183,-51.777,4.513
2012-05-07-17_40_30.687,74,2,12,1,-20.246,-51.704,4.513
2012-05-07-17_40_30.688,74,3,12,1,-29.207,-51.769,4.590
2012-05-07-17_40_30.688,74,3,12,1,-29.270,-51.696,4.590
2012-05-07-17_40_30.689,74,4,12,1,-38.197,-51.750,4.399
2012-05-07-17_40_30.690,74,4,12,1,-38.260,-51.678,4.301
2012-05-07-17_40_30.691,74,5,12,1,-47.245,-51.776,4.399
2012-05-07-17_40_30.691,74,5,12,1,-47.308,-51.703,4.497
2012-05-07-17_40_30.693,74,6,12,1,-56.224,-51.842,4.542
2012-05-07-17_40_30.693,74,6,12,1,-56.287,-51.770,4.541
2012-05-07-17_40_30.694,74,7,12,1,-65.277,-51.766,4.641
2012-05-07-17_40_30.695,74,7,12,1,-65.340,-51.694,4.641
2012-05-07-17_40_30.695,74,0,13,0,2.250,-56.284,4.699
2012-05-07-17_40_30.696,74,0,13,0,2.199,-56.218,4.699
2012-05-07-17_40_30.697,74,1,13,0,-6.753,-56.211,4.704
2012-05-07-17_40_30.697,74,1,13,0,-6.804,-56.145,4.704
2012-05-07-17_40_30.698,74,2,13,0,-15.731,-56.270,4.528
2012-05-07-17_40_30.699,74,2,13,0,-15.782,-56.203,4.626
2012-05-07-17_40_30.699,74,3,13,0,-24.755,-56.262,4.410
2012-05-07-17_40_30.701,74,3,13,0,-24.806,-56.195,4.313
2012-05-07-17_40_30.702,74,4,13,0,-33.745,-56.243,4.218
2012-05-07-17_40_30.702,74,4,13,0,-33.796,-56.176,4.120
2012-05-07-17_40_30.703,74,5,13,0,-42.793,-56.269,4.316
2012-05-07-17_40_30.704,74,5,13,0,-42.844,-56.202,4.512
2012-05-07-17_40_30.705,74,6,13,0,-51.772,-56.335,4.458
2012-05-07-17_40_30.705,74,6,13,0,-51.823,-56.269,4.458
2012-05-07-17_40_30.706,74,7,13,0,-60.826,-56.259,4.456
2012-05-07-17_40_30.707,74,7,13,0,-60.818,-56.205,4.456
2012-05-07-17_40_30.707,74,0,13,1,-2.200,-56.292,4.710
2012-05-07-17_40_30.708,74,0,13,1,-2.266,-56.218,4.610
2012-05-07-17_40_30.709,74,1,13,1,-11.203,-56.219,4.715
2012-05-07-17_40_30.709,74,1,13,1,-11.268,-56.144,4.715
2012-05-07-17_40_30.710,74,2,13,1,-20.181,-56.277,4.539
2012-05-07-17_40_30.711,74,2,13,1,-20.246,-56.203,4.539
2012-05-07-17_40_30.712,74,3,13,1,-29.205,-56.269,4.519
2012-05-07-17_40_30.712,74,3,13,1,-29.270,-56.195,4.519
2012-05-07-17_40_30.713,74,4,13,1,-38.195,-56.251,4.229
2012-05-07-17_40_30.714,74,4,13,1,-38.260,-56.176,4.131
2012-05-07-17_40_30.715,74,5,13,1,-47.243,-56.276,4.523
2012-05-07-17_40_30.716,74,5,13,1,-47.308,-56.202,4.425
2012-05-07-17_40_30.717,74,6,13,1,-56.222,-56.343,4.470
2012-05-07-17_40_30.717,74,6,13,1,-56.287,-56.268,4.469
2012-05-07-17_40_30.719,74,7,13,1,-65.275,-56.267,4.567
2012-05-07-17_40_30.719,74,7,13,1,-65.341,-56.192,4.567
2012-05-07-17_40_30.720,74,0,14,0,2.249,-60.782,4.620
2012-05-07-17_40_30.721,74,0,14,0,2.196,-60.717,4.720
2012-05-07-17_40_30.721,74,1,14,0,-6.753,-60.709,4.725
2012-05-07-17_40_30.722,74,1,14,0,-6.806,-60.644,4.627
2012-05-07-17_40_30.723,74,2,14,0,-15.731,-60.767,4.549
2012-05-07-17_40_30.724,74,2,14,0,-15.785,-60.703,4.549
2012-05-07-17_40_30.725,74,3,14,0,-24.755,-60.759,4.529
2012-05-07-17_40_30.726,74,3,14,0,-24.808,-60.695,4.529
2012-05-07-17_40_30.727,74,4,14,0,-33.745,-60.741,4.435
2012-05-07-17_40_30.727,74,4,14,0,-33.799,-60.676,4.435
2012-05-07-17_40_30.728,74,5,14,0,-42.793,-60.766,4.436
2012-05-07-17_40_30.729,74,5,14,0,-42.847,-60.702,4.436
2012-05-07-17_40_30.732,74,6,14,0,-51.772,-60.833,4.578
2012-05-07-17_40_30.732,74,6,14,0,-51.825,-60.768,4.480
2012-05-07-17_40_30.733,74,7,14,0,-60.826,-60.757,4.677
2012-05-07-17_40_30.734,74,7,14,0,-60.821,-60.709,4.777
2012-05-07-17_40_30.735,74,0,14,1,-2.201,-60.788,4.731
2012-05-07-17_40_30.736,74,0,14,1,-2.264,-60.718,4.730
2012-05-07-17_40_30.737,74,1,14,1,-11.203,-60.715,4.735
2012-05-07-17_40_30.738,74,1,14,1,-11.266,-60.645,4.637
2012-05-07-17_40_30.738,74,2,14,1,-20.181,-60.773,4.559
2012-05-07-17_40_30.739,74,2,14,1,-20.244,-60.703,4.559
2012-05-07-17_40_30.740,74,3,14,1,-29.205,-60.766,4.637
2012-05-07-17_40_30.741,74,3,14,1,-29.268,-60.695,4.636
2012-05-07-17_40_30.742,74,4,14,1,-38.195,-60.747,4.445
2012-05-07-17_40_30.742,74,4,14,1,-38.258,-60.676,4.445
2012-05-07-17_40_30.743,74,5,14,1,-47.243,-60.773,4.446
2012-05-07-17_40_30.744,74,5,14,1,-47.306,-60.702,4.446
2012-05-07-17_40_30.745,74,6,14,1,-56.222,-60.839,4.490
2012-05-07-17_40_30.746,74,6,14,1,-56.285,-60.769,4.490
2012-05-07-17_40_30.746,74,7,14,1,-65.276,-60.763,4.688
2012-05-07-17_40_30.747,74,7,14,1,-65.339,-60.692,4.687
2012-05-07-17_40_30.748,74,0,15,0,2.246,-65.281,4.743
2012-05-07-17_40_30.749,74,0,15,0,2.196,-65.222,4.743
2012-05-07-17_40_30.750,74,1,15,0,-6.756,-65.208,4.748
2012-05-07-17_40_30.752,74,1,15,0,-6.807,-65.149,4.748
2012-05-07-17_40_30.752,74,2,15,0,-15.734,-65.267,4.572
2012-05-07-17_40_30.753,74,2,15,0,-15.785,-65.208,4.670
2012-05-07-17_40_30.754,74,3,15,0,-24.758,-65.259,4.552
2012-05-07-17_40_30.754,74,3,15,0,-24.809,-65.200,4.552
2012-05-07-17_40_30.755,74,4,15,0,-33.748,-65.240,4.360
2012-05-07-17_40_30.756,74,4,15,0,-33.799,-65.181,4.360
2012-05-07-17_40_30.757,74,5,15,0,-42.796,-65.266,4.361
2012-05-07-17_40_30.758,74,5,15,0,-42.847,-65.207,4.263
2012-05-07-17_40_30.759,74,6,15,0,-51.775,-65.332,4.503
2012-05-07-17_40_30.759,74,6,15,0,-51.826,-65.273,4.503
2012-05-07-17_40_30.760,74,7,15,0,-60.829,-65.256,4.501
2012-05-07-17_40_30.761,74,7,15,0,-60.824,-65.212,4.401
2012-05-07-17_40_30.761,74,0,15,1,-2.201,-65.289,4.757
2012-05-07-17_40_30.762,74,0,15,1,-2.264,-65.222,4.757
2012-05-07-17_40_30.763,74,1,15,1,-11.203,-65.216,4.663
2012-05-07-17_40_30.763,74,1,15,1,-11.266,-65.149,4.762
2012-05-07-17_40_30.764,74,2,15,1,-20.182,-65.274,4.586
2012-05-07-17_40_30.765,74,2,15,1,-20.245,-65.207,4.586
2012-05-07-17_40_30.766,74,3,15,1,-29.205,-65.266,4.565
2012-05-07-17_40_30.766,74,3,15,1,-29.268,-65.199,4.565
2012-05-07-17_40_30.767,74,4,15,1,-38.196,-65.248,4.374
2012-05-07-17_40_30.768,74,4,15,1,-38.259,-65.180,4.178
2012-05-07-17_40_30.769,74,5,15,1,-47.244,-65.273,4.472
2012-05-07-17_40_30.770,74,5,15,1,-47.307,-65.206,4.374
2012-05-07-17_40_30.770,74,6,15,1,-56.223,-65.340,4.516
2012-05-07-17_40_30.771,74,6,15,1,-56.285,-65.273,4.516
2012-05-07-17_40_30.772,74,7,15,1,-65.276,-65.264,4.614
2012-05-07-17_40_30.773,74,7,15,1,-65.339,-65.197,4.614
2012-05-07-17_40_30.774,74,0,16,0,2.248,-69.778,4.769
2012-05-07-17_40_30.775,74,0,16,0,2.193,-69.725,4.769
2012-05-07-17_40_30.776,74,1,16,0,-6.754,-69.705,4.774
2012-05-07-17_40_30.776,74,1,16,0,-6.810,-69.652,4.774
2012-05-07-17_40_30.777,74,2,16,0,-15.732,-69.763,4.598
2012-05-07-17_40_30.778,74,2,16,0,-15.788,-69.710,4.598
2012-05-07-17_40_30.779,74,3,16,0,-24.756,-69.755,4.578
2012-05-07-17_40_30.780,74,3,16,0,-24.812,-69.702,4.480
2012-05-07-17_40_30.780,74,4,16,0,-33.746,-69.736,4.190
2012-05-07-17_40_30.781,74,4,16,0,-33.802,-69.684,4.190
2012-05-07-17_40_30.782,74,5,16,0,-42.794,-69.762,4.484
2012-05-07-17_40_30.783,74,5,16,0,-42.850,-69.709,4.484
2012-05-07-17_40_30.784,74,6,16,0,-51.773,-69.829,4.528
2012-05-07-17_40_30.784,74,6,16,0,-51.829,-69.776,4.529
2012-05-07-17_40_30.785,74,7,16,0,-60.827,-69.753,4.626
2012-05-07-17_40_30.786,74,7,16,0,-60.824,-69.711,4.626
2012-05-07-17_40_30.787,74,0,16,1,-2.199,-69.787,4.679
2012-05-07-17_40_30.787,74,0,16,1,-2.264,-69.725,4.679
2012-05-07-17_40_30.788,74,1,16,1,-11.201,-69.713,4.686
2012-05-07-17_40_30.789,74,1,16,1,-11.267,-69.652,4.784
2012-05-07-17_40_30.790,74,2,16,1,-20.180,-69.772,4.608
2012-05-07-17_40_30.790,74,2,16,1,-20.245,-69.710,4.510
2012-05-07-17_40_30.791,74,3,16,1,-29.203,-69.764,4.588
2012-05-07-17_40_30.792,74,3,16,1,-29.269,-69.702,4.588
2012-05-07-17_40_30.792,74,4,16,1,-38.194,-69.745,4.298
2012-05-07-17_40_30.793,74,4,16,1,-38.259,-69.683,4.396
2012-05-07-17_40_30.794,74,5,16,1,-47.242,-69.771,4.299
2012-05-07-17_40_30.794,74,5,16,1,-47.307,-69.709,4.201
2012-05-07-17_40_30.795,74,6,16,1,-56.220,-69.837,4.539
2012-05-07-17_40_30.796,74,6,16,1,-56.286,-69.775,4.539
2012-05-07-17_40_30.797,74,7,16,1,-65.274,-69.761,4.636
2012-05-07-17_40_30.797,74,7,16,1,-65.340,-69.699,4.636
2012-05-07-17_40_30.800,74,0,17,0,2.248,-74.281,4.789
2012-05-07-17_40_30.801,74,0,17,0,2.192,-74.219,4.689
2012-05-07-17_40_30.802,74,1,17,0,-6.754,-74.208,4.794
2012-05-07-17_40_30.802,74,1,17,0,-6.811,-74.208,4.794
2012-05-07-17_40_30.803,74,2,17,0,-15.733,-74.266,4.618
2012-05-07-17_40_30.804,74,2,17,0,-15.788,-74.204,4.618
2012-05-07-17_40_30.805,74,3,17,0,-24.756,-74.258,4.500
2012-05-07-17_40_30.806,74,3,17,0,-24.812,-74.196,4.402
2012-05-07-17_40_30.807,74,4,17,0,-33.747,-74.239,4.308
2012-05-07-17_40_30.807,74,4,17,0,-33.802,-74.177,4.210
2012-05-07-17_40_30.808,74,5,17,0,-42.795,-74.265,4.504
2012-05-07-17_40_30.809,74,5,17,0,-42.850,-74.203,4.406
2012-05-07-17_40_30.809,74,6,17,0,-51.773,-74.331,4.548
2012-05-07-17_40_30.810,74,6,17,0,-51.829,-74.269,4.548
2012-05-07-17_40_30.811,74,7,17,0,-60.827,-74.255,4.546
2012-05-07-17_40_30.812,74,7,17,0,-60.822,-74.215,4.546
2012-05-07-17_40_30.812,74,0,17,1,-2.199,-74.290,4.700
2012-05-07-17_40_30.815,74,0,17,1,-2.265,-74.218,4.700
2012-05-07-17_40_30.816,74,1,17,1,-11.202,-74.217,4.805
2012-05-07-17_40_30.816,74,1,17,1,-11.267,-74.145,4.804
2012-05-07-17_40_30.817,74,2,17,1,-20.180,-74.275,4.531
2012-05-07-17_40_30.817,74,2,17,1,-20.245,-74.203,4.530
2012-05-07-17_40_30.818,74,3,17,1,-29.204,-74.267,4.511
2012-05-07-17_40_30.819,74,3,17,1,-29.269,-74.195,4.511
2012-05-07-17_40_30.820,74,4,17,1,-38.194,-74.248,4.221
2012-05-07-17_40_30.821,74,4,17,1,-38.260,-74.176,4.123
2012-05-07-17_40_30.822,74,5,17,1,-47.242,-74.274,4.417
2012-05-07-17_40_30.822,74,5,17,1,-47.307,-74.202,4.319
2012-05-07-17_40_30.823,74,6,17,1,-56.221,-74.341,4.559
2012-05-07-17_40_30.824,74,6,17,1,-56.286,-74.269,4.461
2012-05-07-17_40_30.825,74,7,17,1,-65.275,-74.265,4.657
2012-05-07-17_40_30.825,74,7,17,1,-65.340,-74.193,4.657
2012-05-07-17_40_30.826,74,0,18,0,2.250,-78.784,4.714
2012-05-07-17_40_30.827,74,0,18,0,2.192,-78.717,4.714
2012-05-07-17_40_30.828,74,1,18,0,-6.752,-78.711,4.819
2012-05-07-17_40_30.828,74,1,18,0,-6.811,-78.712,4.819
2012-05-07-17_40_30.831,74,2,18,0,-15.731,-78.769,4.643
2012-05-07-17_40_30.832,74,2,18,0,-15.789,-78.702,4.545
2012-05-07-17_40_30.832,74,3,18,0,-24.754,-78.761,4.525
2012-05-07-17_40_30.833,74,3,18,0,-24.813,-78.694,4.428
2012-05-07-17_40_30.835,74,4,18,0,-33.745,-78.742,4.431
2012-05-07-17_40_30.836,74,4,18,0,-33.803,-78.676,4.333
2012-05-07-17_40_30.837,74,5,18,0,-42.793,-78.768,4.432
2012-05-07-17_40_30.838,74,5,18,0,-42.851,-78.701,4.628
2012-05-07-17_40_30.839,74,6,18,0,-51.771,-78.835,4.574
2012-05-07-17_40_30.839,74,6,18,0,-51.830,-78.768,4.476
2012-05-07-17_40_30.840,74,7,18,0,-60.825,-78.759,4.671
2012-05-07-17_40_30.841,74,7,18,0,-60.820,-78.717,4.572
2012-05-07-17_40_30.842,74,0,18,1,-2.200,-78.791,4.728
2012-05-07-17_40_30.842,74,0,18,1,-2.263,-78.717,4.728
2012-05-07-17_40_30.843,74,1,18,1,-11.202,-78.718,4.833
2012-05-07-17_40_30.844,74,1,18,1,-11.265,-78.644,4.734
2012-05-07-17_40_30.845,74,2,18,1,-20.181,-78.777,4.656
2012-05-07-17_40_30.846,74,2,18,1,-20.243,-78.702,4.656
2012-05-07-17_40_30.846,74,3,18,1,-29.204,-78.769,4.539
2012-05-07-17_40_30.847,74,3,18,1,-29.267,-78.694,4.539
2012-05-07-17_40_30.848,74,4,18,1,-38.195,-78.750,4.249
2012-05-07-17_40_30.849,74,4,18,1,-38.258,-78.675,4.151
2012-05-07-17_40_30.849,74,5,18,1,-47.242,-78.776,4.543
2012-05-07-17_40_30.850,74,5,18,1,-47.305,-78.701,4.739
2012-05-07-17_40_30.853,74,6,18,1,-56.221,-78.842,4.587
2012-05-07-17_40_30.854,74,6,18,1,-56.284,-78.767,4.587
2012-05-07-17_40_30.854,74,7,18,1,-65.275,-78.766,4.685
2012-05-07-17_40_30.855,74,7,18,1,-65.338,-78.691,4.685
2012-05-07-17_40_30.855,74,0,19,0,2.250,-83.282,4.838
2012-05-07-17_40_30.856,74,0,19,0,2.191,-83.217,4.738
2012-05-07-17_40_30.857,74,1,19,0,-6.753,-83.208,4.843
2012-05-07-17_40_30.858,74,1,19,0,-6.811,-83.209,4.843
2012-05-07-17_40_30.859,74,2,19,0,-15.731,-83.267,4.667
2012-05-07-17_40_30.859,74,2,19,0,-15.789,-83.202,4.667
2012-05-07-17_40_30.860,74,3,19,0,-24.755,-83.259,4.646
2012-05-07-17_40_30.862,74,3,19,0,-24.813,-83.194,4.646
2012-05-07-17_40_30.863,74,4,19,0,-33.745,-83.240,4.161
2012-05-07-17_40_30.864,74,4,19,0,-33.803,-83.175,4.161
2012-05-07-17_40_30.864,74,5,19,0,-42.793,-83.266,4.553
2012-05-07-17_40_30.865,74,5,19,0,-42.851,-83.201,4.651
2012-05-07-17_40_30.866,74,6,19,0,-51.772,-83.332,4.597
2012-05-07-17_40_30.866,74,6,19,0,-51.830,-83.268,4.597
2012-05-07-17_40_30.867,74,7,19,0,-60.826,-83.256,4.595
2012-05-07-17_40_30.868,74,7,19,0,-60.821,-83.221,4.595
2012-05-07-17_40_30.869,74,0,19,1,-2.198,-83.288,4.848
2012-05-07-17_40_30.870,74,0,19,1,-2.263,-83.217,4.748
2012-05-07-17_40_30.870,74,1,19,1,-11.200,-83.214,4.754
2012-05-07-17_40_30.871,74,1,19,1,-11.266,-83.144,4.754
2012-05-07-17_40_30.872,74,2,19,1,-20.178,-83.273,4.579
2012-05-07-17_40_30.873,74,2,19,1,-20.244,-83.202,4.676
2012-05-07-17_40_30.873,74,3,19,1,-29.202,-83.265,4.656
2012-05-07-17_40_30.874,74,3,19,1,-29.268,-83.194,4.656
2012-05-07-17_40_30.875,74,4,19,1,-38.193,-83.246,4.465
2012-05-07-17_40_30.876,74,4,19,1,-38.258,-83.176,4.464
2012-05-07-17_40_30.877,74,5,19,1,-47.240,-83.272,4.563
2012-05-07-17_40_30.878,74,5,19,1,-47.306,-83.201,4.563
2012-05-07-17_40_30.878,74,6,19,1,-56.219,-83.338,4.607
2012-05-07-17_40_30.879,74,6,19,1,-56.285,-83.268,4.607
2012-05-07-17_40_30.880,74,7,19,1,-65.273,-83.262,4.805
2012-05-07-17_40_30.881,74,7,19,1,-65.339,-83.192,4.705
2012-05-07-17_40_30.882,74,0,20,0,2.252,-87.781,4.858
2012-05-07-17_40_30.883,74,0,20,0,2.193,-87.722,4.858
2012-05-07-17_40_30.884,74,1,20,0,-6.751,-87.708,4.764
2012-05-07-17_40_30.884,74,1,20,0,-6.809,-87.649,4.764
2012-05-07-17_40_30.886,74,2,20,0,-15.729,-87.767,4.687
2012-05-07-17_40_30.887,74,2,20,0,-15.787,-87.707,4.589
2012-05-07-17_40_30.888,74,3,20,0,-24.753,-87.759,4.569
2012-05-07-17_40_30.888,74,3,20,0,-24.811,-87.699,4.666
2012-05-07-17_40_30.889,74,4,20,0,-33.743,-87.740,4.475
2012-05-07-17_40_30.890,74,4,20,0,-33.801,-87.681,4.377
2012-05-07-17_40_30.891,74,5,20,0,-42.791,-87.766,4.573
2012-05-07-17_40_30.891,74,5,20,0,-42.849,-87.706,4.769
2012-05-07-17_40_30.892,74,6,20,0,-51.770,-87.832,4.519
2012-05-07-17_40_30.895,74,6,20,0,-51.828,-87.773,4.617
2012-05-07-17_40_30.895,74,7,20,0,-60.824,-87.756,4.815
2012-05-07-17_40_30.896,74,7,20,0,-60.818,-87.712,4.815
2012-05-07-17_40_30.897,74,0,20,1,-2.198,-87.789,4.870
2012-05-07-17_40_30.897,74,0,20,1,-2.261,-87.722,4.870
2012-05-07-17_40_30.898,74,1,20,1,-11.201,-87.716,4.776
2012-05-07-17_40_30.899,74,1,20,1,-11.264,-87.649,4.776
2012-05-07-17_40_30.900,74,2,20,1,-20.179,-87.774,4.601
2012-05-07-17_40_30.901,74,2,20,1,-20.242,-87.707,4.601
2012-05-07-17_40_30.903,74,3,20,1,-29.203,-87.766,4.678
2012-05-07-17_40_30.904,74,3,20,1,-29.266,-87.699,4.678
2012-05-07-17_40_30.904,74,4,20,1,-38.193,-87.748,4.487
2012-05-07-17_40_30.906,74,4,20,1,-38.256,-87.681,4.487
2012-05-07-17_40_30.907,74,5,20,1,-47.241,-87.773,4.487
2012-05-07-17_40_30.908,74,5,20,1,-47.304,-87.706,4.487
2012-05-07-17_40_30.909,74,6,20,1,-56.220,-87.840,4.629
2012-05-07-17_40_30.910,74,6,20,1,-56.283,-87.773,4.629
2012-05-07-17_40_30.910,74,7,20,1,-65.274,-87.764,4.827
2012-05-07-17_40_30.911,74,7,20,1,-65.337,-87.697,4.827
2012-05-07-17_40_30.912,74,0,21,0,2.251,-92.278,4.884
2012-05-07-17_40_30.913,74,0,21,0,2.193,-92.226,4.884
2012-05-07-17_40_30.914,74,1,21,0,-6.751,-92.205,4.889
2012-05-07-17_40_30.915,74,1,21,0,-6.809,-92.152,4.889
2012-05-07-17_40_30.916,74,2,21,0,-15.729,-92.263,4.713
2012-05-07-17_40_30.916,74,2,21,0,-15.788,-92.211,4.713
2012-05-07-17_40_30.917,74,3,21,0,-24.753,-92.255,4.693
2012-05-07-17_40_30.918,74,3,21,0,-24.811,-92.203,4.498
2012-05-07-17_40_30.920,74,4,21,0,-33.743,-92.237,4.501
2012-05-07-17_40_30.920,74,4,21,0,-33.802,-92.184,4.501
2012-05-07-17_40_30.921,74,5,21,0,-42.791,-92.262,4.600
2012-05-07-17_40_30.921,74,5,21,0,-42.850,-92.210,4.502
2012-05-07-17_40_30.922,74,6,21,0,-51.770,-92.329,4.644
2012-05-07-17_40_30.923,74,6,21,0,-51.828,-92.276,4.644
2012-05-07-17_40_30.924,74,7,21,0,-60.824,-92.253,4.642
2012-05-07-17_40_30.924,74,7,21,0,-60.819,-92.211,4.642
2012-05-07-17_40_30.925,74,0,21,1,-2.201,-92.288,4.895
2012-05-07-17_40_30.926,74,0,21,1,-2.262,-92.225,4.895
2012-05-07-17_40_30.927,74,1,21,1,-11.204,-92.214,4.802
2012-05-07-17_40_30.927,74,1,21,1,-11.264,-92.152,4.802
2012-05-07-17_40_30.929,74,2,21,1,-20.182,-92.273,4.626
2012-05-07-17_40_30.930,74,2,21,1,-20.242,-92.210,4.626
2012-05-07-17_40_30.930,74,3,21,1,-29.206,-92.265,4.704
2012-05-07-17_40_30.931,74,3,21,1,-29.266,-92.202,4.607
2012-05-07-17_40_30.932,74,4,21,1,-38.196,-92.246,4.317
2012-05-07-17_40_30.933,74,4,21,1,-38.256,-92.184,4.317
2012-05-07-17_40_30.933,74,5,21,1,-47.244,-92.272,4.611
2012-05-07-17_40_30.934,74,5,21,1,-47.304,-92.209,4.513
2012-05-07-17_40_30.935,74,6,21,1,-56.223,-92.338,4.557
2012-05-07-17_40_30.936,74,6,21,1,-56.283,-92.276,4.655
2012-05-07-17_40_30.937,74,7,21,1,-65.276,-92.262,4.653
2012-05-07-17_40_30.937,74,7,21,1,-65.337,-92.200,4.753
2012-05-07-17_40_30.938,74,0,22,0,2.251,-96.781,4.805
2012-05-07-17_40_30.939,74,0,22,0,2.195,-96.720,4.905
2012-05-07-17_40_30.940,74,1,22,0,-6.752,-96.708,4.910
2012-05-07-17_40_30.941,74,1,22,0,-6.807,-96.646,4.910
2012-05-07-17_40_30.942,74,2,22,0,-15.730,-96.766,4.734
2012-05-07-17_40_30.942,74,2,22,0,-15.786,-96.705,4.734
2012-05-07-17_40_30.943,74,3,22,0,-24.754,-96.758,4.714
2012-05-07-17_40_30.944,74,3,22,0,-24.809,-96.697,4.714
2012-05-07-17_40_30.945,74,4,22,0,-33.744,-96.739,4.522
2012-05-07-17_40_30.945,74,4,22,0,-33.800,-96.678,4.424
2012-05-07-17_40_30.946,74,5,22,0,-42.792,-96.765,4.523
2012-05-07-17_40_30.947,74,5,22,0,-42.847,-96.704,4.523
2012-05-07-17_40_30.948,74,6,22,0,-51.771,-96.831,4.763
2012-05-07-17_40_30.948,74,6,22,0,-51.826,-96.770,4.665
2012-05-07-17_40_30.950,74,7,22,0,-60.824,-96.755,4.663
2012-05-07-17_40_30.951,74,7,22,0,-60.819,-96.705,4.563
2012-05-07-17_40_30.952,74,0,22,1,-2.199,-96.792,4.912
2012-05-07-17_40_30.952,74,0,22,1,-2.262,-96.720,4.912
2012-05-07-17_40_30.954,74,1,22,1,-11.202,-96.719,4.917
2012-05-07-17_40_30.954,74,1,22,1,-11.265,-96.646,4.917
2012-05-07-17_40_30.955,74,2,22,1,-20.180,-96.777,4.643
2012-05-07-17_40_30.957,74,2,22,1,-20.243,-96.705,4.643
2012-05-07-17_40_30.959,74,3,22,1,-29.204,-96.769,4.721
2012-05-07-17_40_30.960,74,3,22,1,-29.267,-96.697,4.721
2012-05-07-17_40_30.961,74,4,22,1,-38.194,-96.750,4.627
2012-05-07-17_40_30.961,74,4,22,1,-38.257,-96.678,4.529
2012-05-07-17_40_30.962,74,5,22,1,-47.242,-96.776,4.627
2012-05-07-17_40_30.963,74,5,22,1,-47.305,-96.704,4.627
2012-05-07-17_40_30.964,74,6,22,1,-56.221,-96.843,4.672
2012-05-07-17_40_30.964,74,6,22,1,-56.284,-96.770,4.672
2012-05-07-17_40_30.965,74,7,22,1,-65.274,-96.767,4.769
2012-05-07-17_40_30.966,74,7,22,1,-65.337,-96.694,4.769
2012-05-07-17_40_30.967,74,0,23,0,2.250,-101.284,4.927
2012-05-07-17_40_30.968,74,0,23,0,2.197,-101.219,4.927
2012-05-07-17_40_30.968,74,1,23,0,-6.752,-101.210,4.833
2012-05-07-17_40_30.969,74,1,23,0,-6.805,-101.145,4.833
2012-05-07-17_40_30.970,74,2,23,0,-15.730,-101.269,4.756
2012-05-07-17_40_30.971,74,2,23,0,-15.784,-101.204,4.756
2012-05-07-17_40_30.971,74,3,23,0,-24.754,-101.261,4.735
2012-05-07-17_40_30.972,74,3,23,0,-24.807,-101.196,4.735
2012-05-07-17_40_30.973,74,4,23,0,-33.744,-101.242,4.642
2012-05-07-17_40_30.974,74,4,23,0,-33.798,-101.177,4.544
2012-05-07-17_40_30.975,74,5,23,0,-42.792,-101.268,4.544
2012-05-07-17_40_30.976,74,5,23,0,-42.845,-101.203,4.544
2012-05-07-17_40_30.976,74,6,23,0,-51.771,-101.334,4.588
2012-05-07-17_40_30.977,74,6,23,0,-51.824,-101.269,4.490
2012-05-07-17_40_30.978,74,7,23,0,-60.825,-101.258,4.584
2012-05-07-17_40_30.979,74,7,23,0,-60.820,-101.205,4.584
2012-05-07-17_40_30.979,74,0,23,1,-2.190,-101.282,4.927
2012-05-07-17_40_30.980,74,0,23,1,-2.260,-101.219,4.827
2012-05-07-17_40_30.981,74,1,23,1,-11.192,-101.209,4.833
2012-05-07-17_40_30.981,74,1,23,1,-11.262,-101.145,4.833
2012-05-07-17_40_30.982,74,2,23,1,-20.170,-101.267,4.658
2012-05-07-17_40_30.983,74,2,23,1,-20.241,-101.204,4.756
2012-05-07-17_40_30.984,74,3,23,1,-29.194,-101.259,4.735
2012-05-07-17_40_30.985,74,3,23,1,-29.264,-101.196,4.736
2012-05-07-17_40_30.986,74,4,23,1,-38.184,-101.240,4.446
2012-05-07-17_40_30.986,74,4,23,1,-38.255,-101.177,4.348
2012-05-07-17_40_30.987,74,5,23,1,-47.232,-101.266,4.642
2012-05-07-17_40_30.989,74,5,23,1,-47.303,-101.203,4.642
2012-05-07-17_40_30.990,74,6,23,1,-56.211,-101.332,4.588
2012-05-07-17_40_30.991,74,6,23,1,-56.282,-101.269,4.686
2012-05-07-17_40_30.992,74,7,23,1,-65.265,-101.256,4.784
2012-05-07-17_40_30.993,74,7,23,1,-65.335,-101.193,4.784
