2012-05-05-18_05_41.326,10,0,0,0,2.259,2.221,3.395
2012-05-05-18_05_41.328,10,1,0,0,-6.749,2.205,2.695
2012-05-05-18_05_41.329,10,2,0,0,-15.738,2.301,2.395
2012-05-05-18_05_41.331,10,3,0,0,-24.792,2.205,2.595
2012-05-05-18_05_41.332,10,4,0,0,-33.779,2.230,1.795
2012-05-05-18_05_41.334,10,5,0,0,-42.794,2.168,2.595
2012-05-05-18_05_41.335,10,6,0,0,-51.793,2.165,2.495
2012-05-05-18_05_41.336,10,7,0,0,-60.715,2.247,3.195
2012-05-05-18_05_41.336,10,0,0,1,-2.186,2.213,3.495
2012-05-05-18_05_41.337,10,1,0,1,-11.201,2.205,2.995
2012-05-05-18_05_41.338,10,2,0,1,-20.183,2.294,2.495
2012-05-05-18_05_41.338,10,3,0,1,-29.237,2.198,2.495
2012-05-05-18_05_41.339,10,4,0,1,-38.224,2.223,2.195
2012-05-05-18_05_41.345,10,5,0,1,-47.239,2.161,2.495
2012-05-05-18_05_41.345,10,6,0,1,-56.238,2.157,2.595
2012-05-05-18_05_41.346,10,7,0,1,-65.160,2.240,3.395
2012-05-05-18_05_41.347,10,0,1,0,2.271,-2.280,3.512
2012-05-05-18_05_41.348,10,1,1,0,-6.745,-2.290,3.012
2012-05-05-18_05_41.348,10,2,1,0,-15.726,-2.200,2.412
2012-05-05-18_05_41.349,10,3,1,0,-24.781,-2.295,2.612
2012-05-05-18_05_41.350,10,4,1,0,-33.768,-2.270,1.912
2012-05-05-18_05_41.351,10,5,1,0,-42.782,-2.333,2.312
2012-05-05-18_05_41.352,10,6,1,0,-51.781,-2.336,2.512
2012-05-05-18_05_41.352,10,7,1,0,-60.703,-2.254,3.212
2012-05-05-18_05_41.353,10,0,1,1,-2.186,-2.289,3.619
2012-05-05-18_05_41.354,10,1,1,1,-11.202,-2.289,3.019
2012-05-05-18_05_41.354,10,2,1,1,-20.183,-2.209,2.519
2012-05-05-18_05_41.355,10,3,1,1,-29.238,-2.304,2.419
2012-05-05-18_05_41.355,10,4,1,1,-38.225,-2.279,1.919
2012-05-05-18_05_41.356,10,5,1,1,-47.239,-2.341,2.419
2012-05-05-18_05_41.356,10,6,1,1,-56.238,-2.345,2.519
2012-05-05-18_05_41.357,10,7,1,1,-65.160,-2.263,3.219
2012-05-05-18_05_41.357,10,0,2,0,2.268,-6.784,3.529
2012-05-05-18_05_41.358,10,1,2,0,-6.745,-6.787,3.029
2012-05-05-18_05_41.358,10,2,2,0,-15.729,-6.704,2.429
2012-05-05-18_05_41.359,10,3,2,0,-24.783,-6.799,2.629
2012-05-05-18_05_41.359,10,4,2,0,-33.771,-6.774,2.129
2012-05-05-18_05_41.360,10,5,2,0,-42.785,-6.837,2.529
2012-05-05-18_05_41.361,10,6,2,0,-51.784,-6.840,2.529
2012-05-05-18_05_41.362,10,7,2,0,-60.706,-6.758,3.429
2012-05-05-18_05_41.362,10,0,2,1,-2.186,-6.792,3.536
2012-05-05-18_05_41.363,10,1,2,1,-11.200,-6.787,3.036
2012-05-05-18_05_41.364,10,2,2,1,-20.184,-6.712,2.436
2012-05-05-18_05_41.365,10,3,2,1,-29.238,-6.807,2.536
2012-05-05-18_05_41.366,10,4,2,1,-38.225,-6.782,2.236
2012-05-05-18_05_41.367,10,5,2,1,-47.240,-6.845,2.536
2012-05-05-18_05_41.367,10,6,2,1,-56.239,-6.848,2.636
2012-05-05-18_05_41.368,10,7,2,1,-65.161,-6.766,3.336
2012-05-05-18_05_41.368,10,0,3,0,2.270,-11.282,3.548
2012-05-05-18_05_41.369,10,1,3,0,-6.743,-11.286,3.048
2012-05-05-18_05_41.370,10,2,3,0,-15.727,-11.202,2.448
2012-05-05-18_05_41.370,10,3,3,0,-24.781,-11.298,2.648
2012-05-05-18_05_41.371,10,4,3,0,-33.769,-11.273,2.248
2012-05-05-18_05_41.371,10,5,3,0,-42.783,-11.335,2.648
2012-05-05-18_05_41.372,10,6,3,0,-51.782,-11.339,2.548
2012-05-05-18_05_41.373,10,7,3,0,-60.704,-11.256,3.148
2012-05-05-18_05_41.374,10,0,3,1,-2.187,-11.289,3.658
2012-05-05-18_05_41.374,10,1,3,1,-11.200,-11.286,3.058
2012-05-05-18_05_41.375,10,2,3,1,-20.184,-11.209,2.458
2012-05-05-18_05_41.375,10,3,3,1,-29.239,-11.304,2.558
2012-05-05-18_05_41.376,10,4,3,1,-38.226,-11.279,2.258
2012-05-05-18_05_41.377,10,5,3,1,-47.240,-11.341,2.458
2012-05-05-18_05_41.378,10,6,3,1,-56.239,-11.345,2.658
2012-05-05-18_05_41.379,10,7,3,1,-65.161,-11.263,3.258
2012-05-05-18_05_41.380,10,0,4,0,2.267,-15.782,3.573
2012-05-05-18_05_41.380,10,1,4,0,-6.741,-15.793,3.073
2012-05-05-18_05_41.381,10,2,4,0,-15.730,-15.701,2.473
2012-05-05-18_05_41.381,10,3,4,0,-24.784,-15.797,2.673
2012-05-05-18_05_41.382,10,4,4,0,-33.771,-15.772,1.873
2012-05-05-18_05_41.383,10,5,4,0,-42.786,-15.834,2.373
2012-05-05-18_05_41.383,10,6,4,0,-51.785,-15.838,2.573
2012-05-05-18_05_41.384,10,7,4,0,-60.707,-15.755,3.273
2012-05-05-18_05_41.385,10,0,4,1,-2.187,-15.789,3.582
2012-05-05-18_05_41.385,10,1,4,1,-11.203,-15.793,2.882
2012-05-05-18_05_41.388,10,2,4,1,-20.184,-15.708,2.482
2012-05-05-18_05_41.389,10,3,4,1,-29.239,-15.804,2.682
2012-05-05-18_05_41.390,10,4,4,1,-38.226,-15.779,1.982
2012-05-05-18_05_41.391,10,5,4,1,-47.241,-15.841,2.382
2012-05-05-18_05_41.391,10,6,4,1,-56.239,-15.845,2.582
2012-05-05-18_05_41.392,10,7,4,1,-65.161,-15.762,3.282
2012-05-05-18_05_41.393,10,0,5,0,2.267,-20.280,3.492
2012-05-05-18_05_41.394,10,1,5,0,-6.741,-20.297,3.092
2012-05-05-18_05_41.395,10,2,5,0,-15.730,-20.200,2.492
2012-05-05-18_05_41.395,10,3,5,0,-24.785,-20.295,2.692
2012-05-05-18_05_41.396,10,4,5,0,-33.772,-20.270,2.192
2012-05-05-18_05_41.397,10,5,5,0,-42.786,-20.333,2.392
2012-05-05-18_05_41.397,10,6,5,0,-51.785,-20.336,2.492
2012-05-05-18_05_41.398,10,7,5,0,-60.707,-20.254,3.092
2012-05-05-18_05_41.399,10,0,5,1,-2.185,-20.288,3.600
2012-05-05-18_05_41.399,10,1,5,1,-11.206,-20.296,2.900
2012-05-05-18_05_41.400,10,2,5,1,-20.182,-20.207,2.500
2012-05-05-18_05_41.400,10,3,5,1,-29.237,-20.303,2.500
2012-05-05-18_05_41.401,10,4,5,1,-38.224,-20.278,2.100
2012-05-05-18_05_41.402,10,5,5,1,-47.239,-20.340,2.500
2012-05-05-18_05_41.402,10,6,5,1,-56.237,-20.344,2.600
2012-05-05-18_05_41.403,10,7,5,1,-65.159,-20.261,3.400
2012-05-05-18_05_41.403,10,0,6,0,2.267,-24.780,3.610
2012-05-05-18_05_41.404,10,1,6,0,-6.739,-24.790,3.110
2012-05-05-18_05_41.404,10,2,6,0,-15.730,-24.700,2.510
2012-05-05-18_05_41.405,10,3,6,0,-24.785,-24.795,2.710
2012-05-05-18_05_41.406,10,4,6,0,-33.772,-24.770,1.910
2012-05-05-18_05_41.406,10,5,6,0,-42.787,-24.833,2.510
2012-05-05-18_05_41.407,10,6,6,0,-51.786,-24.836,2.510
2012-05-05-18_05_41.407,10,7,6,0,-60.707,-24.754,3.410
2012-05-05-18_05_41.408,10,0,6,1,-2.183,-24.789,3.621
2012-05-05-18_05_41.409,10,1,6,1,-11.209,-24.790,3.021
2012-05-05-18_05_41.409,10,2,6,1,-20.180,-24.709,2.521
2012-05-05-18_05_41.410,10,3,6,1,-29.235,-24.804,2.721
2012-05-05-18_05_41.411,10,4,6,1,-38.222,-24.779,2.021
2012-05-05-18_05_41.411,10,5,6,1,-47.237,-24.841,2.621
2012-05-05-18_05_41.412,10,6,6,1,-56.235,-24.845,2.621
2012-05-05-18_05_41.413,10,7,6,1,-65.157,-24.763,3.421
2012-05-05-18_05_41.414,10,0,7,0,2.266,-29.284,3.535
2012-05-05-18_05_41.414,10,1,7,0,-6.740,-29.287,3.035
2012-05-05-18_05_41.415,10,2,7,0,-15.731,-29.204,2.535
2012-05-05-18_05_41.416,10,3,7,0,-24.786,-29.300,2.735
2012-05-05-18_05_41.416,10,4,7,0,-33.773,-29.275,2.335
2012-05-05-18_05_41.417,10,5,7,0,-42.787,-29.337,2.635
2012-05-05-18_05_41.418,10,6,7,0,-51.786,-29.341,2.735
2012-05-05-18_05_41.418,10,7,7,0,-60.708,-29.258,3.335
2012-05-05-18_05_41.419,10,0,7,1,-2.181,-29.291,3.644
2012-05-05-18_05_41.419,10,1,7,1,-11.212,-29.286,3.044
2012-05-05-18_05_41.420,10,2,7,1,-20.178,-29.210,2.544
2012-05-05-18_05_41.420,10,3,7,1,-29.233,-29.306,2.744
2012-05-05-18_05_41.421,10,4,7,1,-38.220,-29.281,2.244
2012-05-05-18_05_41.421,10,5,7,1,-47.235,-29.343,2.644
2012-05-05-18_05_41.422,10,6,7,1,-56.233,-29.347,2.644
2012-05-05-18_05_41.423,10,7,7,1,-65.155,-29.264,3.444
2012-05-05-18_05_41.423,10,0,8,0,2.273,-33.782,3.554
2012-05-05-18_05_41.424,10,1,8,0,-6.743,-33.785,3.154
2012-05-05-18_05_41.425,10,2,8,0,-15.724,-33.702,2.554
2012-05-05-18_05_41.426,10,3,8,0,-24.779,-33.797,2.754
2012-05-05-18_05_41.426,10,4,8,0,-33.766,-33.772,2.254
2012-05-05-18_05_41.427,10,5,8,0,-42.780,-33.834,2.654
2012-05-05-18_05_41.428,10,6,8,0,-51.779,-33.838,2.654
2012-05-05-18_05_41.430,10,7,8,0,-60.701,-33.756,3.354
2012-05-05-18_05_41.430,10,0,8,1,-2.184,-33.788,3.662
2012-05-05-18_05_41.431,10,1,8,1,-11.212,-33.784,3.061
2012-05-05-18_05_41.431,10,2,8,1,-20.181,-33.707,2.662
2012-05-05-18_05_41.432,10,3,8,1,-29.236,-33.803,2.762
2012-05-05-18_05_41.432,10,4,8,1,-38.223,-33.778,2.262
2012-05-05-18_05_41.433,10,5,8,1,-47.238,-33.840,2.662
2012-05-05-18_05_41.434,10,6,8,1,-56.236,-33.844,2.662
2012-05-05-18_05_41.434,10,7,8,1,-65.158,-33.761,3.462
2012-05-05-18_05_41.435,10,0,9,0,2.273,-38.282,3.673
2012-05-05-18_05_41.436,10,1,9,0,-6.746,-38.292,3.173
2012-05-05-18_05_41.436,10,2,9,0,-15.724,-38.202,2.573
2012-05-05-18_05_41.437,10,3,9,0,-24.779,-38.298,2.773
2012-05-05-18_05_41.437,10,4,9,0,-33.766,-38.272,2.173
2012-05-05-18_05_41.438,10,5,9,0,-42.781,-38.335,2.673
2012-05-05-18_05_41.438,10,6,9,0,-51.779,-38.338,2.673
2012-05-05-18_05_41.439,10,7,9,0,-60.701,-38.256,3.273
2012-05-05-18_05_41.440,10,0,9,1,-2.185,-38.287,3.584
2012-05-05-18_05_41.440,10,1,9,1,-11.213,-38.292,2.884
2012-05-05-18_05_41.441,10,2,9,1,-20.182,-38.207,2.584
2012-05-05-18_05_41.441,10,3,9,1,-29.236,-38.303,2.584
2012-05-05-18_05_41.442,10,4,9,1,-38.223,-38.278,2.084
2012-05-05-18_05_41.443,10,5,9,1,-47.238,-38.340,2.584
2012-05-05-18_05_41.444,10,6,9,1,-56.237,-38.344,2.784
2012-05-05-18_05_41.445,10,7,9,1,-65.159,-38.261,3.484
2012-05-05-18_05_41.445,10,0,10,0,2.275,-42.780,3.598
2012-05-05-18_05_41.446,10,1,10,0,-6.748,-42.795,3.198
2012-05-05-18_05_41.446,10,2,10,0,-15.722,-42.700,2.698
2012-05-05-18_05_41.447,10,3,10,0,-24.777,-42.795,2.798
2012-05-05-18_05_41.448,10,4,10,0,-33.764,-42.770,2.198
2012-05-05-18_05_41.448,10,5,10,0,-42.779,-42.832,2.598
2012-05-05-18_05_41.449,10,6,10,0,-51.777,-42.836,2.798
2012-05-05-18_05_41.449,10,7,10,0,-60.699,-42.754,3.298
2012-05-05-18_05_41.450,10,0,10,1,-2.187,-42.787,3.708
2012-05-05-18_05_41.451,10,1,10,1,-11.213,-42.794,3.108
2012-05-05-18_05_41.451,10,2,10,1,-20.184,-42.706,2.508
2012-05-05-18_05_41.452,10,3,10,1,-29.239,-42.802,2.808
2012-05-05-18_05_41.453,10,4,10,1,-38.226,-42.777,2.308
2012-05-05-18_05_41.453,10,5,10,1,-47.241,-42.839,2.708
2012-05-05-18_05_41.454,10,6,10,1,-56.240,-42.843,2.708
2012-05-05-18_05_41.456,10,7,10,1,-65.161,-42.760,3.508
2012-05-05-18_05_41.457,10,0,11,0,2.277,-47.279,3.617
2012-05-05-18_05_41.458,10,1,11,0,-6.751,-47.290,3.217
2012-05-05-18_05_41.458,10,2,11,0,-15.720,-47.199,2.617
2012-05-05-18_05_41.459,10,3,11,0,-24.775,-47.295,2.817
2012-05-05-18_05_41.459,10,4,11,0,-33.762,-47.270,2.317
2012-05-05-18_05_41.460,10,5,11,0,-42.777,-47.332,2.617
2012-05-05-18_05_41.461,10,6,11,0,-51.775,-47.336,2.817
2012-05-05-18_05_41.461,10,7,11,0,-60.697,-47.253,3.317
2012-05-05-18_05_41.462,10,0,11,1,-2.190,-47.289,3.726
2012-05-05-18_05_41.462,10,1,11,1,-11.213,-47.289,3.126
2012-05-05-18_05_41.463,10,2,11,1,-20.187,-47.209,2.626
2012-05-05-18_05_41.464,10,3,11,1,-29.242,-47.305,2.626
2012-05-05-18_05_41.465,10,4,11,1,-38.229,-47.280,2.426
2012-05-05-18_05_41.465,10,5,11,1,-47.244,-47.342,2.726
2012-05-05-18_05_41.466,10,6,11,1,-56.242,-47.346,2.826
2012-05-05-18_05_41.467,10,7,11,1,-65.164,-47.263,3.526
2012-05-05-18_05_41.468,10,0,12,0,2.274,-51.784,3.637
2012-05-05-18_05_41.468,10,1,12,0,-6.752,-51.788,3.137
2012-05-05-18_05_41.469,10,2,12,0,-15.723,-51.704,2.637
2012-05-05-18_05_41.470,10,3,12,0,-24.778,-51.800,2.737
2012-05-05-18_05_41.472,10,4,12,0,-33.765,-51.775,2.137
2012-05-05-18_05_41.472,10,5,12,0,-42.780,-51.837,2.737
2012-05-05-18_05_41.473,10,6,12,0,-51.778,-51.841,2.737
2012-05-05-18_05_41.473,10,7,12,0,-60.700,-51.758,3.437
2012-05-05-18_05_41.474,10,0,12,1,-2.191,-51.792,3.749
2012-05-05-18_05_41.475,10,1,12,1,-11.211,-51.787,3.148
2012-05-05-18_05_41.476,10,2,12,1,-20.188,-51.712,2.649
2012-05-05-18_05_41.477,10,3,12,1,-29.242,-51.807,2.749
2012-05-05-18_05_41.478,10,4,12,1,-38.230,-51.782,2.349
2012-05-05-18_05_41.479,10,5,12,1,-47.244,-51.845,2.749
2012-05-05-18_05_41.479,10,6,12,1,-56.243,-51.848,2.849
2012-05-05-18_05_41.480,10,7,12,1,-65.165,-51.766,3.549
2012-05-05-18_05_41.480,10,0,13,0,2.273,-56.282,3.762
2012-05-05-18_05_41.481,10,1,13,0,-6.752,-56.285,3.262
2012-05-05-18_05_41.482,10,2,13,0,-15.724,-56.202,2.662
2012-05-05-18_05_41.482,10,3,13,0,-24.778,-56.297,2.862
2012-05-05-18_05_41.483,10,4,13,0,-33.765,-56.272,2.262
2012-05-05-18_05_41.483,10,5,13,0,-42.780,-56.334,2.662
2012-05-05-18_05_41.484,10,6,13,0,-51.779,-56.338,2.762
2012-05-05-18_05_41.485,10,7,13,0,-60.701,-56.256,3.362
2012-05-05-18_05_41.486,10,0,13,1,-2.191,-56.288,3.771
2012-05-05-18_05_41.486,10,1,13,1,-11.212,-56.286,3.171
2012-05-05-18_05_41.487,10,2,13,1,-20.188,-56.208,2.671
2012-05-05-18_05_41.488,10,3,13,1,-29.243,-56.303,2.671
2012-05-05-18_05_41.488,10,4,13,1,-38.230,-56.278,2.171
2012-05-05-18_05_41.489,10,5,13,1,-47.245,-56.341,2.771
2012-05-05-18_05_41.489,10,6,13,1,-56.243,-56.344,2.771
2012-05-05-18_05_41.490,10,7,13,1,-65.165,-56.262,3.571
2012-05-05-18_05_41.490,10,0,14,0,2.273,-60.782,15.280
2012-05-05-18_05_41.491,10,1,14,0,-6.753,-60.791,3.180
2012-05-05-18_05_41.491,10,2,14,0,-15.724,-60.702,2.680
2012-05-05-18_05_41.492,10,3,14,0,-24.779,-60.797,2.780
2012-05-05-18_05_41.493,10,4,14,0,-33.766,-60.772,2.180
2012-05-05-18_05_41.494,10,5,14,0,-42.780,-60.834,26.080
2012-05-05-18_05_41.495,10,6,14,0,-51.779,-60.838,25.780
2012-05-05-18_05_41.496,10,7,14,0,-60.701,-60.756,15.080
2012-05-05-18_05_41.496,10,0,14,1,-2.194,-60.788,3.688
2012-05-05-18_05_41.497,10,1,14,1,-11.210,-60.792,3.288
2012-05-05-18_05_41.498,10,2,14,1,-20.191,-60.708,2.688
2012-05-05-18_05_41.498,10,3,14,1,-29.246,-60.803,2.688
2012-05-05-18_05_41.499,10,4,14,1,-38.233,-60.778,2.488
2012-05-05-18_05_41.499,10,5,14,1,-47.247,-60.840,2.688
2012-05-05-18_05_41.500,10,6,14,1,-56.246,-60.844,2.888
2012-05-05-18_05_41.500,10,7,14,1,-65.168,-60.762,3.588
2012-05-05-18_05_41.501,10,0,15,0,2.273,-65.280,3.798
2012-05-05-18_05_41.502,10,1,15,0,-6.751,-65.295,3.298
2012-05-05-18_05_41.502,10,2,15,0,-15.725,-65.200,2.698
2012-05-05-18_05_41.503,10,3,15,0,-24.779,-65.295,2.798
2012-05-05-18_05_41.503,10,4,15,0,-33.766,-65.270,2.398
2012-05-05-18_05_41.504,10,5,15,0,-42.781,-65.332,2.698
2012-05-05-18_05_41.505,10,6,15,0,-51.780,-65.336,2.798
2012-05-05-18_05_41.505,10,7,15,0,-60.702,-65.254,3.398
2012-05-05-18_05_41.506,10,0,15,1,-2.197,-65.287,3.809
2012-05-05-18_05_41.507,10,1,15,1,-11.208,-65.295,3.309
2012-05-05-18_05_41.507,10,2,15,1,-20.194,-65.206,2.709
2012-05-05-18_05_41.508,10,3,15,1,-29.249,-65.302,2.709
2012-05-05-18_05_41.508,10,4,15,1,-38.236,-65.277,2.309
2012-05-05-18_05_41.509,10,5,15,1,-47.250,-65.339,2.809
2012-05-05-18_05_41.510,10,6,15,1,-56.249,-65.343,2.809
2012-05-05-18_05_41.510,10,7,15,1,-65.171,-65.260,3.509
2012-05-05-18_05_41.511,10,0,16,0,2.270,-69.780,3.823
2012-05-05-18_05_41.513,10,1,16,0,-6.751,-69.790,3.223
2012-05-05-18_05_41.513,10,2,16,0,-15.727,-69.700,2.723
2012-05-05-18_05_41.514,10,3,16,0,-24.782,-69.795,2.923
2012-05-05-18_05_41.515,10,4,16,0,-33.769,-69.770,2.223
2012-05-05-18_05_41.516,10,5,16,0,-42.784,-69.833,2.723
2012-05-05-18_05_41.516,10,6,16,0,-51.782,-69.836,2.823
2012-05-05-18_05_41.517,10,7,16,0,-60.704,-69.754,3.523
2012-05-05-18_05_41.518,10,0,16,1,-2.197,-69.789,3.733
2012-05-05-18_05_41.518,10,1,16,1,-11.211,-69.789,3.233
2012-05-05-18_05_41.519,10,2,16,1,-20.194,-69.708,2.733
2012-05-05-18_05_41.519,10,3,16,1,-29.249,-69.804,2.733
2012-05-05-18_05_41.520,10,4,16,1,-38.236,-69.779,2.433
2012-05-05-18_05_41.521,10,5,16,1,-47.251,-69.841,2.633
2012-05-05-18_05_41.521,10,6,16,1,-56.249,-69.845,2.833
2012-05-05-18_05_41.522,10,7,16,1,-65.171,-69.762,3.533
2012-05-05-18_05_41.523,10,0,17,0,2.267,-74.284,3.843
2012-05-05-18_05_41.523,10,1,17,0,-6.749,-74.287,3.243
2012-05-05-18_05_41.524,10,2,17,0,-15.730,-74.204,2.743
2012-05-05-18_05_41.524,10,3,17,0,-24.785,-74.299,2.843
2012-05-05-18_05_41.526,10,4,17,0,-33.772,-74.274,2.343
2012-05-05-18_05_41.527,10,5,17,0,-42.787,-74.337,2.743
2012-05-05-18_05_41.528,10,6,17,0,-51.785,-74.340,2.843
2012-05-05-18_05_41.529,10,7,17,0,-60.707,-74.258,3.443
2012-05-05-18_05_41.530,10,0,17,1,-2.195,-74.291,3.751
2012-05-05-18_05_41.530,10,1,17,1,-11.211,-74.287,3.251
2012-05-05-18_05_41.531,10,2,17,1,-20.192,-74.211,2.751
2012-05-05-18_05_41.531,10,3,17,1,-29.247,-74.306,2.751
2012-05-05-18_05_41.532,10,4,17,1,-38.234,-74.281,2.251
2012-05-05-18_05_41.533,10,5,17,1,-47.249,-74.343,2.651
2012-05-05-18_05_41.533,10,6,17,1,-56.247,-74.347,2.851
2012-05-05-18_05_41.534,10,7,17,1,-65.169,-74.265,3.651
2012-05-05-18_05_41.534,10,0,18,0,2.264,-78.783,3.762
2012-05-05-18_05_41.535,10,1,18,0,-6.747,-78.785,3.262
2012-05-05-18_05_41.536,10,2,18,0,-15.733,-78.703,2.762
2012-05-05-18_05_41.536,10,3,18,0,-24.788,-78.798,2.862
2012-05-05-18_05_41.537,10,4,18,0,-33.775,-78.773,2.362
2012-05-05-18_05_41.537,10,5,18,0,-42.789,-78.835,2.762
2012-05-05-18_05_41.538,10,6,18,0,-51.788,-78.839,2.862
2012-05-05-18_05_41.538,10,7,18,0,-60.710,-78.757,3.662
2012-05-05-18_05_41.539,10,0,18,1,-2.193,-78.788,3.774
2012-05-05-18_05_41.539,10,1,18,1,-11.214,-78.785,3.274
2012-05-05-18_05_41.540,10,2,18,1,-20.190,-78.708,2.774
2012-05-05-18_05_41.540,10,3,18,1,-29.245,-78.803,2.974
2012-05-05-18_05_41.541,10,4,18,1,-38.232,-78.778,2.174
2012-05-05-18_05_41.542,10,5,18,1,-47.247,-78.840,2.774
2012-05-05-18_05_41.542,10,6,18,1,-56.245,-78.844,2.874
2012-05-05-18_05_41.543,10,7,18,1,-65.167,-78.762,3.674
2012-05-05-18_05_41.544,10,0,19,0,2.264,-83.282,3.787
2012-05-05-18_05_41.545,10,1,19,0,-6.747,-83.291,3.387
2012-05-05-18_05_41.546,10,2,19,0,-15.734,-83.201,2.787
2012-05-05-18_05_41.546,10,3,19,0,-24.788,-83.297,2.987
2012-05-05-18_05_41.547,10,4,19,0,-33.775,-83.272,2.187
2012-05-05-18_05_41.547,10,5,19,0,-42.790,-83.334,2.787
2012-05-05-18_05_41.548,10,6,19,0,-51.789,-83.338,2.887
2012-05-05-18_05_41.549,10,7,19,0,-60.711,-83.255,3.587
2012-05-05-18_05_41.550,10,0,19,1,-2.194,-83.287,3.897
2012-05-05-18_05_41.550,10,1,19,1,-11.214,-83.292,3.196
2012-05-05-18_05_41.551,10,2,19,1,-20.191,-83.207,2.797
2012-05-05-18_05_41.551,10,3,19,1,-29.245,-83.303,2.797
2012-05-05-18_05_41.552,10,4,19,1,-38.232,-83.278,2.497
2012-05-05-18_05_41.553,10,5,19,1,-47.247,-83.340,2.897
2012-05-05-18_05_41.554,10,6,19,1,-56.246,-83.344,2.897
2012-05-05-18_05_41.555,10,7,19,1,-65.168,-83.261,3.697
2012-05-05-18_05_41.555,10,0,20,0,2.266,-87.781,3.905
2012-05-05-18_05_41.556,10,1,20,0,-6.748,-87.795,3.206
2012-05-05-18_05_41.557,10,2,20,0,-15.732,-87.700,2.805
2012-05-05-18_05_41.557,10,3,20,0,-24.786,-87.796,2.905
2012-05-05-18_05_41.558,10,4,20,0,-33.773,-87.771,2.405
2012-05-05-18_05_41.558,10,5,20,0,-42.788,-87.833,2.805
2012-05-05-18_05_41.559,10,6,20,0,-51.787,-87.837,2.805
2012-05-05-18_05_41.559,10,7,20,0,-60.709,-87.754,3.705
2012-05-05-18_05_41.560,10,0,20,1,-2.192,-87.787,3.914
2012-05-05-18_05_41.561,10,1,20,1,-11.212,-87.795,3.214
2012-05-05-18_05_41.561,10,2,20,1,-20.189,-87.707,2.714
2012-05-05-18_05_41.562,10,3,20,1,-29.243,-87.803,3.014
2012-05-05-18_05_41.562,10,4,20,1,-38.230,-87.777,2.514
2012-05-05-18_05_41.563,10,5,20,1,-47.245,-87.840,2.814
2012-05-05-18_05_41.564,10,6,20,1,-56.244,-87.843,2.914
2012-05-05-18_05_41.564,10,7,20,1,-65.166,-87.761,3.714
2012-05-05-18_05_41.565,10,0,21,0,2.268,-92.280,4.025
2012-05-05-18_05_41.566,10,1,21,0,-6.751,-92.290,3.425
2012-05-05-18_05_41.566,10,2,21,0,-15.729,-92.200,2.825
2012-05-05-18_05_41.567,10,3,21,0,-24.784,-92.295,2.925
2012-05-05-18_05_41.568,10,4,21,0,-33.771,-92.270,2.425
2012-05-05-18_05_41.569,10,5,21,0,-42.786,-92.332,2.825
2012-05-05-18_05_41.570,10,6,21,0,-51.785,-92.336,2.925
2012-05-05-18_05_41.570,10,7,21,0,-60.706,-92.254,3.525
2012-05-05-18_05_41.571,10,0,21,1,-2.192,-92.289,3.937
2012-05-05-18_05_41.572,10,1,21,1,-11.213,-92.290,3.237
2012-05-05-18_05_41.572,10,2,21,1,-20.189,-92.209,2.837
2012-05-05-18_05_41.573,10,3,21,1,-29.244,-92.304,2.837
2012-05-05-18_05_41.573,10,4,21,1,-38.231,-92.279,2.437
2012-05-05-18_05_41.574,10,5,21,1,-47.246,-92.341,2.937
2012-05-05-18_05_41.575,10,6,21,1,-56.244,-92.345,2.937
2012-05-05-18_05_41.575,10,7,21,1,-65.166,-92.263,3.737
2012-05-05-18_05_41.576,10,0,22,0,2.267,-96.784,3.950
2012-05-05-18_05_41.577,10,1,22,0,-6.754,-96.788,3.450
2012-05-05-18_05_41.578,10,2,22,0,-15.730,-96.704,2.850
2012-05-05-18_05_41.579,10,3,22,0,-24.785,-96.799,3.050
2012-05-05-18_05_41.580,10,4,22,0,-33.772,-96.774,2.450
2012-05-05-18_05_41.580,10,5,22,0,-42.786,-96.836,2.750
2012-05-05-18_05_41.581,10,6,22,0,-51.785,-96.840,3.050
2012-05-05-18_05_41.582,10,7,22,0,-60.707,-96.758,3.750
2012-05-05-18_05_41.582,10,0,22,1,-2.192,-96.792,3.958
2012-05-05-18_05_41.583,10,1,22,1,-11.213,-96.788,3.458
2012-05-05-18_05_41.583,10,2,22,1,-20.190,-96.712,2.858
2012-05-05-18_05_41.584,10,3,22,1,-29.244,-96.807,2.858
2012-05-05-18_05_41.584,10,4,22,1,-38.231,-96.782,2.658
2012-05-05-18_05_41.585,10,5,22,1,-47.246,-96.845,2.858
2012-05-05-18_05_41.586,10,6,22,1,-56.245,-96.848,3.058
2012-05-05-18_05_41.588,10,7,22,1,-65.167,-96.766,3.758
2012-05-05-18_05_41.611,10,0,23,0,2.269,-101.282,3.969
2012-05-05-18_05_41.612,10,1,23,0,-6.754,-101.285,3.469
2012-05-05-18_05_41.613,10,2,23,0,-15.728,-101.202,2.869
2012-05-05-18_05_41.614,10,3,23,0,-24.783,-101.297,3.069
2012-05-05-18_05_41.615,10,4,23,0,-33.770,-101.272,2.569
2012-05-05-18_05_41.615,10,5,23,0,-42.784,-101.334,2.869
2012-05-05-18_05_41.616,10,6,23,0,-51.783,-101.338,2.869
2012-05-05-18_05_41.617,10,7,23,0,-60.705,-101.256,3.569
2012-05-05-18_05_41.617,10,0,23,1,-2.181,-101.281,3.969
2012-05-05-18_05_41.620,10,1,23,1,-11.209,-101.285,3.469
2012-05-05-18_05_41.622,10,2,23,1,-20.178,-101.201,2.969
2012-05-05-18_05_41.623,10,3,23,1,-29.232,-101.296,2.869
2012-05-05-18_05_41.624,10,4,23,1,-38.219,-101.271,2.569
2012-05-05-18_05_41.625,10,5,23,1,-47.234,-101.334,2.969
2012-05-05-18_05_41.626,10,6,23,1,-56.233,-101.337,2.969
2012-05-05-18_05_41.627,10,7,23,1,-65.155,-101.255,3.769
