2012-05-05-22_24_09.052,290,0,0,0,2.259,2.220,3.396
2012-05-05-22_24_09.053,290,1,0,0,-6.747,2.205,2.896
2012-05-05-22_24_09.055,290,2,0,0,-15.738,2.300,2.496
2012-05-05-22_24_09.056,290,3,0,0,-24.792,2.205,2.796
2012-05-05-22_24_09.057,290,4,0,0,-33.779,2.230,1.996
2012-05-05-22_24_09.058,290,5,0,0,-42.794,2.168,2.696
2012-05-05-22_24_09.058,290,6,0,0,-51.793,2.164,2.596
2012-05-05-22_24_09.059,290,7,0,0,-60.715,2.246,3.296
2012-05-05-22_24_09.060,290,0,0,1,-2.183,2.213,3.596
2012-05-05-22_24_09.081,290,1,0,1,-11.201,2.205,3.096
2012-05-05-22_24_09.082,290,2,0,1,-20.180,2.294,2.596
2012-05-05-22_24_09.083,290,3,0,1,-29.235,2.198,2.696
2012-05-05-22_24_09.084,290,4,0,1,-38.222,2.223,2.296
2012-05-05-22_24_09.085,290,5,0,1,-47.237,2.161,2.596
2012-05-05-22_24_09.086,290,6,0,1,-56.235,2.157,2.696
2012-05-05-22_24_09.086,290,7,0,1,-65.157,2.240,3.496
2012-05-05-22_24_09.087,290,0,1,0,2.271,-2.280,3.612
2012-05-05-22_24_09.088,290,1,1,0,-6.745,-2.290,3.112
2012-05-05-22_24_09.089,290,2,1,0,-15.726,-2.200,2.612
2012-05-05-22_24_09.089,290,3,1,0,-24.781,-2.295,2.912
2012-05-05-22_24_09.090,290,4,1,0,-33.768,-2.270,2.012
2012-05-05-22_24_09.091,290,5,1,0,-42.782,-2.333,2.712
2012-05-05-22_24_09.092,290,6,1,0,-51.781,-2.336,2.712
2012-05-05-22_24_09.093,290,7,1,0,-60.703,-2.254,3.212
2012-05-05-22_24_09.093,290,0,1,1,-2.186,-2.289,3.720
2012-05-05-22_24_09.094,290,1,1,1,-11.202,-2.289,3.219
2012-05-05-22_24_09.095,290,2,1,1,-20.183,-2.209,2.620
2012-05-05-22_24_09.096,290,3,1,1,-29.238,-2.304,2.620
2012-05-05-22_24_09.096,290,4,1,1,-38.225,-2.279,2.120
2012-05-05-22_24_09.097,290,5,1,1,-47.239,-2.341,2.520
2012-05-05-22_24_09.098,290,6,1,1,-56.238,-2.345,2.720
2012-05-05-22_24_09.099,290,7,1,1,-65.160,-2.263,3.320
2012-05-05-22_24_09.100,290,0,2,0,2.271,-6.784,3.628
2012-05-05-22_24_09.100,290,1,2,0,-6.745,-6.787,3.128
2012-05-05-22_24_09.101,290,2,2,0,-15.726,-6.704,2.628
2012-05-05-22_24_09.101,290,3,2,0,-24.781,-6.800,2.928
2012-05-05-22_24_09.102,290,4,2,0,-33.768,-6.775,2.228
2012-05-05-22_24_09.103,290,5,2,0,-42.783,-6.837,2.828
2012-05-05-22_24_09.114,290,6,2,0,-51.781,-6.841,2.728
2012-05-05-22_24_09.114,290,7,2,0,-60.703,-6.758,3.628
2012-05-05-22_24_09.115,290,0,2,1,-2.186,-6.792,3.637
2012-05-05-22_24_09.116,290,1,2,1,-11.202,-6.787,3.137
2012-05-05-22_24_09.117,290,2,2,1,-20.184,-6.712,2.637
2012-05-05-22_24_09.118,290,3,2,1,-29.238,-6.807,2.937
2012-05-05-22_24_09.118,290,4,2,1,-38.225,-6.782,2.337
2012-05-05-22_24_09.119,290,5,2,1,-47.240,-6.845,2.537
2012-05-05-22_24_09.120,290,6,2,1,-56.239,-6.848,2.737
2012-05-05-22_24_09.120,290,7,2,1,-65.161,-6.766,3.437
2012-05-05-22_24_09.121,290,0,3,0,2.270,-11.282,3.647
2012-05-05-22_24_09.122,290,1,3,0,-6.743,-11.286,3.147
2012-05-05-22_24_09.123,290,2,3,0,-15.727,-11.202,2.647
2012-05-05-22_24_09.123,290,3,3,0,-24.781,-11.297,2.847
2012-05-05-22_24_09.124,290,4,3,0,-33.769,-11.272,2.347
2012-05-05-22_24_09.125,290,5,3,0,-42.783,-11.335,2.747
2012-05-05-22_24_09.125,290,6,3,0,-51.782,-11.338,2.847
2012-05-05-22_24_09.126,290,7,3,0,-60.704,-11.256,3.347
2012-05-05-22_24_09.127,290,0,3,1,-2.187,-11.289,3.759
2012-05-05-22_24_09.128,290,1,3,1,-11.200,-11.285,3.259
2012-05-05-22_24_09.128,290,2,3,1,-20.184,-11.208,2.659
2012-05-05-22_24_09.129,290,3,3,1,-29.239,-11.304,2.959
2012-05-05-22_24_09.129,290,4,3,1,-38.226,-11.279,2.459
2012-05-05-22_24_09.130,290,5,3,1,-47.240,-11.341,2.659
2012-05-05-22_24_09.131,290,6,3,1,-56.239,-11.345,2.759
2012-05-05-22_24_09.131,290,7,3,1,-65.161,-11.262,3.359
2012-05-05-22_24_09.132,290,0,4,0,2.270,-15.782,3.673
2012-05-05-22_24_09.133,290,1,4,0,-6.741,-15.793,3.173
2012-05-05-22_24_09.133,290,2,4,0,-15.727,-15.701,2.573
2012-05-05-22_24_09.134,290,3,4,0,-24.782,-15.797,2.973
2012-05-05-22_24_09.134,290,4,4,0,-33.769,-15.772,2.073
2012-05-05-22_24_09.135,290,5,4,0,-42.784,-15.834,2.673
2012-05-05-22_24_09.136,290,6,4,0,-51.782,-15.838,2.673
2012-05-05-22_24_09.137,290,7,4,0,-60.704,-15.755,3.473
2012-05-05-22_24_09.137,290,0,4,1,-2.185,-15.788,3.683
2012-05-05-22_24_09.138,290,1,4,1,-11.203,-15.794,3.182
2012-05-05-22_24_09.138,290,2,4,1,-20.182,-15.708,2.683
2012-05-05-22_24_09.139,290,3,4,1,-29.237,-15.804,2.883
2012-05-05-22_24_09.140,290,4,4,1,-38.224,-15.779,2.183
2012-05-05-22_24_09.140,290,5,4,1,-47.238,-15.841,2.483
2012-05-05-22_24_09.141,290,6,4,1,-56.237,-15.844,2.783
2012-05-05-22_24_09.141,290,7,4,1,-65.159,-15.762,3.383
2012-05-05-22_24_09.142,290,0,5,0,2.270,-20.281,3.691
2012-05-05-22_24_09.143,290,1,5,0,-6.741,-20.297,3.191
2012-05-05-22_24_09.143,290,2,5,0,-15.728,-20.200,2.691
2012-05-05-22_24_09.144,290,3,5,0,-24.782,-20.296,2.891
2012-05-05-22_24_09.145,290,4,5,0,-33.769,-20.271,2.191
2012-05-05-22_24_09.146,290,5,5,0,-42.784,-20.333,2.691
2012-05-05-22_24_09.146,290,6,5,0,-51.783,-20.337,2.791
2012-05-05-22_24_09.147,290,7,5,0,-60.705,-20.254,3.291
2012-05-05-22_24_09.148,290,0,5,1,-2.185,-20.288,3.700
2012-05-05-22_24_09.148,290,1,5,1,-11.204,-20.296,3.100
2012-05-05-22_24_09.149,290,2,5,1,-20.182,-20.208,2.600
2012-05-05-22_24_09.149,290,3,5,1,-29.237,-20.303,2.900
2012-05-05-22_24_09.150,290,4,5,1,-38.224,-20.278,2.100
2012-05-05-22_24_09.151,290,5,5,1,-47.239,-20.340,2.600
2012-05-05-22_24_09.151,290,6,5,1,-56.237,-20.344,2.700
2012-05-05-22_24_09.152,290,7,5,1,-65.159,-20.262,3.500
2012-05-05-22_24_09.152,290,0,6,0,2.269,-24.780,3.710
2012-05-05-22_24_09.153,290,1,6,0,-6.739,-24.791,3.210
2012-05-05-22_24_09.154,290,2,6,0,-15.728,-24.700,2.710
2012-05-05-22_24_09.161,290,3,6,0,-24.783,-24.795,3.010
2012-05-05-22_24_09.162,290,4,6,0,-33.770,-24.770,2.010
2012-05-05-22_24_09.162,290,5,6,0,-42.784,-24.832,2.610
2012-05-05-22_24_09.163,290,6,6,0,-51.783,-24.836,2.810
2012-05-05-22_24_09.163,290,7,6,0,-60.705,-24.754,3.610
2012-05-05-22_24_09.164,290,0,6,1,-2.181,-24.789,3.722
2012-05-05-22_24_09.165,290,1,6,1,-11.209,-24.790,3.322
2012-05-05-22_24_09.165,290,2,6,1,-20.178,-24.709,2.622
2012-05-05-22_24_09.166,290,3,6,1,-29.233,-24.804,3.022
2012-05-05-22_24_09.167,290,4,6,1,-38.220,-24.779,2.122
2012-05-05-22_24_09.167,290,5,6,1,-47.234,-24.841,2.722
2012-05-05-22_24_09.168,290,6,6,1,-56.233,-24.845,2.922
2012-05-05-22_24_09.168,290,7,6,1,-65.155,-24.763,3.522
2012-05-05-22_24_09.169,290,0,7,0,2.269,-29.284,3.735
2012-05-05-22_24_09.170,290,1,7,0,-6.740,-29.287,3.235
2012-05-05-22_24_09.171,290,2,7,0,-15.728,-29.204,2.735
2012-05-05-22_24_09.171,290,3,7,0,-24.783,-29.299,2.935
2012-05-05-22_24_09.172,290,4,7,0,-33.770,-29.274,2.435
2012-05-05-22_24_09.173,290,5,7,0,-42.785,-29.336,2.735
2012-05-05-22_24_09.173,290,6,7,0,-51.784,-29.340,2.835
2012-05-05-22_24_09.174,290,7,7,0,-60.705,-29.258,3.535
2012-05-05-22_24_09.175,290,0,7,1,-2.181,-29.291,26.545
2012-05-05-22_24_09.176,290,1,7,1,-11.209,-29.287,3.244
2012-05-05-22_24_09.176,290,2,7,1,-20.178,-29.211,19.745
2012-05-05-22_24_09.177,290,3,7,1,-29.233,-29.306,8.045
2012-05-05-22_24_09.178,290,4,7,1,-38.220,-29.281,19.345
2012-05-05-22_24_09.179,290,5,7,1,-47.235,-29.344,26.045
2012-05-05-22_24_09.179,290,6,7,1,-56.233,-29.347,26.145
2012-05-05-22_24_09.180,290,7,7,1,-65.155,-29.265,14.445
2012-05-05-22_24_09.180,290,0,8,0,2.273,-33.782,3.754
2012-05-05-22_24_09.181,290,1,8,0,-6.743,-33.785,3.254
2012-05-05-22_24_09.182,290,2,8,0,-15.724,-33.702,2.654
2012-05-05-22_24_09.182,290,3,8,0,-24.779,-33.797,2.954
2012-05-05-22_24_09.183,290,4,8,0,-33.766,-33.772,2.454
2012-05-05-22_24_09.184,290,5,8,0,-42.780,-33.834,2.754
2012-05-05-22_24_09.185,290,6,8,0,-51.779,-33.838,2.954
2012-05-05-22_24_09.185,290,7,8,0,-60.701,-33.756,3.454
2012-05-05-22_24_09.186,290,0,8,1,-2.182,-33.787,3.763
2012-05-05-22_24_09.187,290,1,8,1,-11.212,-33.785,3.362
2012-05-05-22_24_09.187,290,2,8,1,-20.179,-33.707,2.763
2012-05-05-22_24_09.189,290,3,8,1,-29.233,-33.803,3.063
2012-05-05-22_24_09.190,290,4,8,1,-38.221,-33.778,2.463
2012-05-05-22_24_09.191,290,5,8,1,-47.235,-33.840,2.763
2012-05-05-22_24_09.192,290,6,8,1,-56.234,-33.843,2.863
2012-05-05-22_24_09.193,290,7,8,1,-65.156,-33.761,3.563
2012-05-05-22_24_09.193,290,0,9,0,2.275,-38.282,3.772
2012-05-05-22_24_09.194,290,1,9,0,-6.746,-38.293,3.372
2012-05-05-22_24_09.195,290,2,9,0,-15.722,-38.201,2.772
2012-05-05-22_24_09.196,290,3,9,0,-24.777,-38.297,2.972
2012-05-05-22_24_09.197,290,4,9,0,-33.764,-38.272,2.272
2012-05-05-22_24_09.197,290,5,9,0,-42.778,-38.334,2.672
2012-05-05-22_24_09.198,290,6,9,0,-51.777,-38.338,2.872
2012-05-05-22_24_09.199,290,7,9,0,-60.699,-38.255,3.472
2012-05-05-22_24_09.199,290,0,9,1,-2.185,-38.288,3.785
2012-05-05-22_24_09.200,290,1,9,1,-11.213,-38.292,3.185
2012-05-05-22_24_09.201,290,2,9,1,-20.182,-38.208,2.785
2012-05-05-22_24_09.201,290,3,9,1,-29.236,-38.303,2.885
2012-05-05-22_24_09.202,290,4,9,1,-38.223,-38.278,2.185
2012-05-05-22_24_09.202,290,5,9,1,-47.238,-38.341,2.685
2012-05-05-22_24_09.203,290,6,9,1,-56.237,-38.344,2.985
2012-05-05-22_24_09.204,290,7,9,1,-65.159,-38.262,3.585
2012-05-05-22_24_09.205,290,0,10,0,2.277,-42.780,3.698
2012-05-05-22_24_09.206,290,1,10,0,-6.748,-42.796,3.298
2012-05-05-22_24_09.206,290,2,10,0,-15.720,-42.699,2.798
2012-05-05-22_24_09.207,290,3,10,0,-24.775,-42.795,2.998
2012-05-05-22_24_09.207,290,4,10,0,-33.762,-42.770,2.198
2012-05-05-22_24_09.208,290,5,10,0,-42.776,-42.832,2.698
2012-05-05-22_24_09.209,290,6,10,0,-51.775,-42.836,2.998
2012-05-05-22_24_09.210,290,7,10,0,-60.697,-42.753,3.498
2012-05-05-22_24_09.210,290,0,10,1,-2.187,-42.788,3.808
2012-05-05-22_24_09.211,290,1,10,1,-11.213,-42.795,3.208
2012-05-05-22_24_09.212,290,2,10,1,-20.184,-42.707,2.708
2012-05-05-22_24_09.213,290,3,10,1,-29.239,-42.803,3.108
2012-05-05-22_24_09.213,290,4,10,1,-38.226,-42.778,2.408
2012-05-05-22_24_09.214,290,5,10,1,-47.241,-42.840,2.808
2012-05-05-22_24_09.214,290,6,10,1,-56.240,-42.844,2.908
2012-05-05-22_24_09.215,290,7,10,1,-65.162,-42.761,3.508
2012-05-05-22_24_09.215,290,0,11,0,2.277,-47.279,3.717
2012-05-05-22_24_09.216,290,1,11,0,-6.749,-47.290,3.317
2012-05-05-22_24_09.217,290,2,11,0,-15.720,-47.199,2.817
2012-05-05-22_24_09.217,290,3,11,0,-24.775,-47.295,3.017
2012-05-05-22_24_09.218,290,4,11,0,-33.762,-47.270,2.417
2012-05-05-22_24_09.219,290,5,11,0,-42.777,-47.332,2.717
2012-05-05-22_24_09.219,290,6,11,0,-51.775,-47.336,3.017
2012-05-05-22_24_09.220,290,7,11,0,-60.697,-47.253,3.517
2012-05-05-22_24_09.221,290,0,11,1,-2.190,-47.289,3.826
2012-05-05-22_24_09.221,290,1,11,1,-11.211,-47.290,3.326
2012-05-05-22_24_09.222,290,2,11,1,-20.187,-47.209,2.726
2012-05-05-22_24_09.223,290,3,11,1,-29.242,-47.305,2.926
2012-05-05-22_24_09.223,290,4,11,1,-38.229,-47.280,2.526
2012-05-05-22_24_09.224,290,5,11,1,-47.244,-47.342,2.826
2012-05-05-22_24_09.225,290,6,11,1,-56.242,-47.346,3.026
2012-05-05-22_24_09.225,290,7,11,1,-65.164,-47.263,3.626
2012-05-05-22_24_09.226,290,0,12,0,2.274,-51.784,3.636
2012-05-05-22_24_09.227,290,1,12,0,-6.752,-51.788,3.336
2012-05-05-22_24_09.228,290,2,12,0,-15.723,-51.704,2.836
2012-05-05-22_24_09.228,290,3,12,0,-24.778,-51.800,3.036
2012-05-05-22_24_09.229,290,4,12,0,-33.765,-51.775,2.136
2012-05-05-22_24_09.230,290,5,12,0,-42.780,-51.837,2.836
2012-05-05-22_24_09.230,290,6,12,0,-51.778,-51.841,2.936
2012-05-05-22_24_09.231,290,7,12,0,-60.700,-51.758,3.536
2012-05-05-22_24_09.232,290,0,12,1,-2.191,-51.792,3.849
2012-05-05-22_24_09.232,290,1,12,1,-11.211,-51.788,3.349
2012-05-05-22_24_09.233,290,2,12,1,-20.188,-51.712,2.849
2012-05-05-22_24_09.233,290,3,12,1,-29.242,-51.807,2.849
2012-05-05-22_24_09.234,290,4,12,1,-38.230,-51.782,2.549
2012-05-05-22_24_09.235,290,5,12,1,-47.244,-51.845,2.749
2012-05-05-22_24_09.235,290,6,12,1,-56.243,-51.848,3.049
2012-05-05-22_24_09.236,290,7,12,1,-65.165,-51.766,3.649
2012-05-05-22_24_09.237,290,0,13,0,2.276,-56.282,3.762
2012-05-05-22_24_09.238,290,1,13,0,-6.752,-56.285,3.362
2012-05-05-22_24_09.238,290,2,13,0,-15.721,-56.202,2.762
2012-05-05-22_24_09.239,290,3,13,0,-24.776,-56.297,3.062
2012-05-05-22_24_09.240,290,4,13,0,-33.763,-56.272,2.362
2012-05-05-22_24_09.240,290,5,13,0,-42.778,-56.334,2.762
2012-05-05-22_24_09.241,290,6,13,0,-51.776,-56.338,2.962
2012-05-05-22_24_09.242,290,7,13,0,-60.698,-56.256,3.462
2012-05-05-22_24_09.242,290,0,13,1,-2.194,-56.288,3.872
2012-05-05-22_24_09.243,290,1,13,1,-11.209,-56.286,3.371
2012-05-05-22_24_09.244,290,2,13,1,-20.191,-56.208,2.772
2012-05-05-22_24_09.245,290,3,13,1,-29.245,-56.303,2.872
2012-05-05-22_24_09.247,290,4,13,1,-38.232,-56.278,2.372
2012-05-05-22_24_09.248,290,5,13,1,-47.247,-56.341,2.872
2012-05-05-22_24_09.248,290,6,13,1,-56.246,-56.344,2.872
2012-05-05-22_24_09.249,290,7,13,1,-65.168,-56.262,3.672
2012-05-05-22_24_09.249,290,0,14,0,2.275,-60.782,3.779
2012-05-05-22_24_09.250,290,1,14,0,-6.753,-60.793,3.379
2012-05-05-22_24_09.251,290,2,14,0,-15.722,-60.702,2.779
2012-05-05-22_24_09.251,290,3,14,0,-24.776,-60.797,3.079
2012-05-05-22_24_09.252,290,4,14,0,-33.763,-60.772,2.579
2012-05-05-22_24_09.253,290,5,14,0,-42.778,-60.834,2.779
2012-05-05-22_24_09.254,290,6,14,0,-51.777,-60.838,2.879
2012-05-05-22_24_09.254,290,7,14,0,-60.699,-60.756,3.579
2012-05-05-22_24_09.255,290,0,14,1,-2.196,-60.788,3.888
2012-05-05-22_24_09.256,290,1,14,1,-11.212,-60.793,3.488
2012-05-05-22_24_09.256,290,2,14,1,-20.194,-60.708,2.888
2012-05-05-22_24_09.257,290,3,14,1,-29.248,-60.803,2.888
2012-05-05-22_24_09.258,290,4,14,1,-38.235,-60.778,2.588
2012-05-05-22_24_09.259,290,5,14,1,-47.250,-60.840,2.888
2012-05-05-22_24_09.260,290,6,14,1,-56.249,-60.844,3.088
2012-05-05-22_24_09.260,290,7,14,1,-65.171,-60.762,3.688
2012-05-05-22_24_09.262,290,0,15,0,2.273,-65.280,3.897
2012-05-05-22_24_09.263,290,1,15,0,-6.751,-65.296,3.397
2012-05-05-22_24_09.264,290,2,15,0,-15.725,-65.199,2.897
2012-05-05-22_24_09.264,290,3,15,0,-24.779,-65.295,3.097
2012-05-05-22_24_09.265,290,4,15,0,-33.766,-65.270,2.497
2012-05-05-22_24_09.266,290,5,15,0,-42.781,-65.332,2.797
2012-05-05-22_24_09.266,290,6,15,0,-51.780,-65.336,2.897
2012-05-05-22_24_09.267,290,7,15,0,-60.702,-65.253,3.497
2012-05-05-22_24_09.268,290,0,15,1,-2.194,-65.288,3.810
2012-05-05-22_24_09.269,290,1,15,1,-11.205,-65.295,3.410
2012-05-05-22_24_09.269,290,2,15,1,-20.191,-65.207,2.910
2012-05-05-22_24_09.270,290,3,15,1,-29.246,-65.303,2.910
2012-05-05-22_24_09.271,290,4,15,1,-38.233,-65.278,2.410
2012-05-05-22_24_09.272,290,5,15,1,-47.248,-65.340,2.810
2012-05-05-22_24_09.272,290,6,15,1,-56.247,-65.344,3.010
2012-05-05-22_24_09.273,290,7,15,1,-65.168,-65.261,3.610
2012-05-05-22_24_09.274,290,0,16,0,2.270,-69.780,3.922
2012-05-05-22_24_09.274,290,1,16,0,-6.751,-69.790,3.422
2012-05-05-22_24_09.275,290,2,16,0,-15.727,-69.700,2.922
2012-05-05-22_24_09.275,290,3,16,0,-24.782,-69.796,3.122
2012-05-05-22_24_09.276,290,4,16,0,-33.769,-69.771,2.322
2012-05-05-22_24_09.277,290,5,16,0,-42.784,-69.833,2.822
2012-05-05-22_24_09.278,290,6,16,0,-51.782,-69.836,2.922
2012-05-05-22_24_09.278,290,7,16,0,-60.704,-69.754,3.722
2012-05-05-22_24_09.279,290,0,16,1,-2.195,-69.789,3.834
2012-05-05-22_24_09.279,290,1,16,1,-11.206,-69.789,3.434
2012-05-05-22_24_09.280,290,2,16,1,-20.192,-69.709,2.834
2012-05-05-22_24_09.281,290,3,16,1,-29.247,-69.804,2.934
2012-05-05-22_24_09.282,290,4,16,1,-38.234,-69.779,2.434
2012-05-05-22_24_09.282,290,5,16,1,-47.248,-69.841,2.734
2012-05-05-22_24_09.283,290,6,16,1,-56.247,-69.845,3.034
2012-05-05-22_24_09.284,290,7,16,1,-65.169,-69.763,3.634
2012-05-05-22_24_09.284,290,0,17,0,2.267,-74.284,3.842
2012-05-05-22_24_09.285,290,1,17,0,-6.747,-74.287,3.442
2012-05-05-22_24_09.285,290,2,17,0,-15.730,-74.204,2.942
2012-05-05-22_24_09.286,290,3,17,0,-24.785,-74.299,3.142
2012-05-05-22_24_09.287,290,4,17,0,-33.772,-74.274,2.342
2012-05-05-22_24_09.288,290,5,17,0,-42.787,-74.337,2.842
2012-05-05-22_24_09.288,290,6,17,0,-51.785,-74.340,2.942
2012-05-05-22_24_09.289,290,7,17,0,-60.707,-74.258,3.542
2012-05-05-22_24_09.290,290,0,17,1,-2.193,-74.291,3.852
2012-05-05-22_24_09.291,290,1,17,1,-11.209,-74.287,3.451
2012-05-05-22_24_09.291,290,2,17,1,-20.190,-74.211,2.852
2012-05-05-22_24_09.292,290,3,17,1,-29.245,-74.306,2.952
2012-05-05-22_24_09.292,290,4,17,1,-38.232,-74.281,2.352
2012-05-05-22_24_09.293,290,5,17,1,-47.246,-74.344,2.852
2012-05-05-22_24_09.293,290,6,17,1,-56.245,-74.347,2.952
2012-05-05-22_24_09.294,290,7,17,1,-65.167,-74.265,3.652
2012-05-05-22_24_09.294,290,0,18,0,2.264,-78.782,3.862
2012-05-05-22_24_09.295,290,1,18,0,-6.747,-78.785,3.462
2012-05-05-22_24_09.295,290,2,18,0,-15.733,-78.702,2.862
2012-05-05-22_24_09.296,290,3,18,0,-24.788,-78.797,3.162
2012-05-05-22_24_09.297,290,4,18,0,-33.775,-78.772,2.562
2012-05-05-22_24_09.297,290,5,18,0,-42.789,-78.835,2.762
2012-05-05-22_24_09.298,290,6,18,0,-51.788,-78.838,2.962
2012-05-05-22_24_09.298,290,7,18,0,-60.710,-78.756,3.762
2012-05-05-22_24_09.299,290,0,18,1,-2.193,-78.788,3.875
2012-05-05-22_24_09.300,290,1,18,1,-11.211,-78.785,3.474
2012-05-05-22_24_09.301,290,2,18,1,-20.190,-78.708,2.875
2012-05-05-22_24_09.303,290,3,18,1,-29.245,-78.803,3.175
2012-05-05-22_24_09.305,290,4,18,1,-38.232,-78.778,2.275
2012-05-05-22_24_09.306,290,5,18,1,-47.247,-78.841,2.875
2012-05-05-22_24_09.307,290,6,18,1,-56.245,-78.844,2.975
2012-05-05-22_24_09.308,290,7,18,1,-65.167,-78.762,3.775
2012-05-05-22_24_09.309,290,0,19,0,2.264,-83.282,3.887
2012-05-05-22_24_09.310,290,1,19,0,-6.747,-83.292,3.487
2012-05-05-22_24_09.311,290,2,19,0,-15.734,-83.201,2.887
2012-05-05-22_24_09.313,290,3,19,0,-24.788,-83.297,3.187
2012-05-05-22_24_09.314,290,4,19,0,-33.775,-83.272,2.187
2012-05-05-22_24_09.315,290,5,19,0,-42.790,-83.334,2.887
2012-05-05-22_24_09.316,290,6,19,0,-51.789,-83.338,2.987
2012-05-05-22_24_09.317,290,7,19,0,-60.711,-83.255,3.587
2012-05-05-22_24_09.318,290,0,19,1,-2.191,-83.288,3.897
2012-05-05-22_24_09.319,290,1,19,1,-11.214,-83.292,3.397
2012-05-05-22_24_09.321,290,2,19,1,-20.188,-83.208,2.997
2012-05-05-22_24_09.323,290,3,19,1,-29.243,-83.303,2.997
2012-05-05-22_24_09.324,290,4,19,1,-38.230,-83.278,2.597
2012-05-05-22_24_09.324,290,5,19,1,-47.245,-83.341,2.997
2012-05-05-22_24_09.325,290,6,19,1,-56.243,-83.344,2.997
2012-05-05-22_24_09.326,290,7,19,1,-65.165,-83.262,3.797
2012-05-05-22_24_09.327,290,0,20,0,2.266,-87.780,4.005
2012-05-05-22_24_09.328,290,1,20,0,-6.750,-87.796,3.405
2012-05-05-22_24_09.329,290,2,20,0,-15.732,-87.700,2.905
2012-05-05-22_24_09.331,290,3,20,0,-24.786,-87.795,3.205
2012-05-05-22_24_09.331,290,4,20,0,-33.773,-87.770,2.605
2012-05-05-22_24_09.332,290,5,20,0,-42.788,-87.832,2.905
2012-05-05-22_24_09.333,290,6,20,0,-51.787,-87.836,3.005
2012-05-05-22_24_09.334,290,7,20,0,-60.709,-87.754,3.805
2012-05-05-22_24_09.335,290,0,20,1,-2.189,-87.788,4.014
2012-05-05-22_24_09.336,290,1,20,1,-11.212,-87.796,3.514
2012-05-05-22_24_09.337,290,2,20,1,-20.186,-87.707,2.914
2012-05-05-22_24_09.339,290,3,20,1,-29.241,-87.803,3.214
2012-05-05-22_24_09.340,290,4,20,1,-38.228,-87.778,2.614
2012-05-05-22_24_09.341,290,5,20,1,-47.243,-87.840,2.914
2012-05-05-22_24_09.341,290,6,20,1,-56.241,-87.844,3.114
2012-05-05-22_24_09.343,290,7,20,1,-65.163,-87.761,3.814
2012-05-05-22_24_09.344,290,0,21,0,2.268,-92.280,4.024
2012-05-05-22_24_09.345,290,1,21,0,-6.751,-92.291,3.524
2012-05-05-22_24_09.347,290,2,21,0,-15.729,-92.200,3.024
2012-05-05-22_24_09.349,290,3,21,0,-24.784,-92.295,3.224
2012-05-05-22_24_09.350,290,4,21,0,-33.771,-92.270,2.624
2012-05-05-22_24_09.353,290,5,21,0,-42.786,-92.332,2.824
2012-05-05-22_24_09.354,290,6,21,0,-51.785,-92.336,3.024
2012-05-05-22_24_09.355,290,7,21,0,-60.706,-92.254,3.624
2012-05-05-22_24_09.356,290,0,21,1,-2.190,-92.290,4.037
2012-05-05-22_24_09.357,290,1,21,1,-11.213,-92.290,3.537
2012-05-05-22_24_09.359,290,2,21,1,-20.187,-92.210,3.037
2012-05-05-22_24_09.360,290,3,21,1,-29.241,-92.305,2.937
2012-05-05-22_24_09.360,290,4,21,1,-38.228,-92.280,2.437
2012-05-05-22_24_09.361,290,5,21,1,-47.243,-92.342,2.937
2012-05-05-22_24_09.362,290,6,21,1,-56.242,-92.346,3.037
2012-05-05-22_24_09.363,290,7,21,1,-65.164,-92.264,3.737
2012-05-05-22_24_09.364,290,0,22,0,2.267,-96.783,3.950
2012-05-05-22_24_09.365,290,1,22,0,-6.754,-96.788,3.550
2012-05-05-22_24_09.365,290,2,22,0,-15.730,-96.703,3.050
2012-05-05-22_24_09.366,290,3,22,0,-24.785,-96.798,3.250
2012-05-05-22_24_09.367,290,4,22,0,-33.772,-96.773,2.650
2012-05-05-22_24_09.368,290,5,22,0,-42.786,-96.836,2.850
2012-05-05-22_24_09.369,290,6,22,0,-51.785,-96.839,3.150
2012-05-05-22_24_09.370,290,7,22,0,-60.707,-96.757,3.750
2012-05-05-22_24_09.371,290,0,22,1,-2.190,-96.792,4.058
2012-05-05-22_24_09.372,290,1,22,1,-11.213,-96.789,3.558
2012-05-05-22_24_09.372,290,2,22,1,-20.187,-96.712,3.058
2012-05-05-22_24_09.373,290,3,22,1,-29.242,-96.808,3.058
2012-05-05-22_24_09.375,290,4,22,1,-38.229,-96.783,2.658
2012-05-05-22_24_09.375,290,5,22,1,-47.244,-96.845,3.058
2012-05-05-22_24_09.376,290,6,22,1,-56.242,-96.848,3.158
2012-05-05-22_24_09.377,290,7,22,1,-65.164,-96.766,3.858
2012-05-05-22_24_09.380,290,0,23,0,2.272,-101.281,4.068
2012-05-05-22_24_09.381,290,1,23,0,-6.754,-101.286,3.568
2012-05-05-22_24_09.382,290,2,23,0,-15.725,-101.201,2.968
2012-05-05-22_24_09.383,290,3,23,0,-24.780,-101.296,3.368
2012-05-05-22_24_09.384,290,4,23,0,-33.767,-101.271,2.668
2012-05-05-22_24_09.385,290,5,23,0,-42.782,-101.334,2.968
2012-05-05-22_24_09.385,290,6,23,0,-51.781,-101.337,2.968
2012-05-05-22_24_09.386,290,7,23,0,-60.702,-101.255,3.568
2012-05-05-22_24_09.387,290,0,23,1,-2.181,-101.280,3.968
2012-05-05-22_24_09.388,290,1,23,1,-11.211,-101.286,3.568
2012-05-05-22_24_09.389,290,2,23,1,-20.178,-101.200,2.968
2012-05-05-22_24_09.391,290,3,23,1,-29.232,-101.295,3.068
2012-05-05-22_24_09.392,290,4,23,1,-38.219,-101.270,2.668
2012-05-05-22_24_09.393,290,5,23,1,-47.234,-101.332,3.068
2012-05-05-22_24_09.393,290,6,23,1,-56.233,-101.336,3.068
2012-05-05-22_24_09.394,290,7,23,1,-65.155,-101.254,3.768
