2012-05-05-08_35_20.563,285,0,0,0,2.253,2.217,1.565
2012-05-05-08_35_20.564,285,0,0,0,2.291,2.304,1.565
2012-05-05-08_35_20.566,285,0,0,0,2.193,2.247,1.565
2012-05-05-08_35_20.586,285,1,0,0,-6.755,2.206,2.165
2012-05-05-08_35_20.587,285,1,0,0,-6.830,2.232,2.165
2012-05-05-08_35_20.588,285,1,0,0,-6.774,2.285,2.065
2012-05-05-08_35_20.588,285,2,0,0,-15.711,2.287,1.665
2012-05-05-08_35_20.589,285,2,0,0,-15.772,2.317,1.765
2012-05-05-08_35_20.589,285,2,0,0,-15.713,2.360,1.665
2012-05-05-08_35_20.590,285,3,0,0,-24.734,2.205,2.665
2012-05-05-08_35_20.591,285,3,0,0,-24.696,2.292,2.565
2012-05-05-08_35_20.591,285,3,0,0,-24.794,2.235,2.565
2012-05-05-08_35_20.592,285,4,0,0,-33.730,2.203,1.565
2012-05-05-08_35_20.592,285,4,0,0,-33.693,2.290,1.565
2012-05-05-08_35_20.593,285,4,0,0,-33.791,2.233,1.565
2012-05-05-08_35_20.593,285,5,0,0,-42.737,2.204,1.865
2012-05-05-08_35_20.594,285,5,0,0,-42.683,2.164,1.865
2012-05-05-08_35_20.594,285,5,0,0,-42.776,2.190,1.865
2012-05-05-08_35_20.595,285,6,0,0,-51.776,2.143,1.365
2012-05-05-08_35_20.596,285,6,0,0,-51.738,2.230,1.265
2012-05-05-08_35_20.596,285,6,0,0,-51.836,2.172,1.165
2012-05-05-08_35_20.597,285,7,0,0,-60.670,2.206,3.265
2012-05-05-08_35_20.597,285,7,0,0,-60.824,2.207,8.665
2012-05-05-08_35_20.598,285,7,0,0,-60.672,2.279,3.265
2012-05-05-08_35_20.598,285,0,0,1,-2.187,2.209,2.065
2012-05-05-08_35_20.599,285,0,0,1,-2.162,2.304,2.065
2012-05-05-08_35_20.599,285,0,0,1,-2.257,2.232,2.065
2012-05-05-08_35_20.599,285,1,0,1,-11.202,2.206,2.265
2012-05-05-08_35_20.600,285,1,0,1,-11.336,2.272,2.365
2012-05-05-08_35_20.600,285,1,0,1,-11.226,2.285,2.365
2012-05-05-08_35_20.601,285,2,0,1,-20.152,2.279,1.765
2012-05-05-08_35_20.601,285,2,0,1,-20.222,2.302,1.765
2012-05-05-08_35_20.602,285,2,0,1,-20.227,2.303,1.765
2012-05-05-08_35_20.602,285,3,0,1,-29.174,2.197,2.865
2012-05-05-08_35_20.603,285,3,0,1,-29.149,2.292,2.965
2012-05-05-08_35_20.603,285,3,0,1,-29.244,2.220,2.965
2012-05-05-08_35_20.604,285,4,0,1,-38.170,2.195,2.465
2012-05-05-08_35_20.604,285,4,0,1,-38.145,2.290,2.465
2012-05-05-08_35_20.604,285,4,0,1,-38.241,2.218,2.465
2012-05-05-08_35_20.605,285,5,0,1,-47.189,2.204,0.965
2012-05-05-08_35_20.606,285,5,0,1,-47.272,2.225,1.065
2012-05-05-08_35_20.606,285,5,0,1,-47.243,2.203,0.965
2012-05-05-08_35_20.607,285,6,0,1,-56.191,2.229,1.965
2012-05-05-08_35_20.607,285,6,0,1,-56.286,2.158,2.065
2012-05-05-08_35_20.608,285,6,0,1,-56.291,2.158,2.065
2012-05-05-08_35_20.608,285,7,0,1,-65.181,2.221,1.765
2012-05-05-08_35_20.609,285,7,0,1,-65.186,2.222,1.765
2012-05-05-08_35_20.609,285,7,0,1,-65.168,2.314,1.765
2012-05-05-08_35_20.610,285,0,1,0,2.270,-2.283,1.778
2012-05-05-08_35_20.610,285,0,1,0,2.295,-2.190,1.778
2012-05-05-08_35_20.611,285,0,1,0,2.195,-2.258,1.778
2012-05-05-08_35_20.611,285,1,1,0,-6.750,-2.295,1.478
2012-05-05-08_35_20.612,285,1,1,0,-6.831,-2.268,1.478
2012-05-05-08_35_20.612,285,1,1,0,-6.772,-2.209,1.478
2012-05-05-08_35_20.613,285,2,1,0,-15.695,-2.213,0.878
2012-05-05-08_35_20.613,285,2,1,0,-15.770,-2.188,0.878
2012-05-05-08_35_20.614,285,2,1,0,-15.746,-2.197,0.778
2012-05-05-08_35_20.614,285,3,1,0,-24.717,-2.295,1.178
2012-05-05-08_35_20.615,285,3,1,0,-24.692,-2.202,1.278
2012-05-05-08_35_20.615,285,3,1,0,-24.792,-2.270,1.178
2012-05-05-08_35_20.615,285,4,1,0,-33.713,-2.297,0.478
2012-05-05-08_35_20.616,285,4,1,0,-33.688,-2.204,0.378
2012-05-05-08_35_20.616,285,4,1,0,-33.789,-2.272,0.378
2012-05-05-08_35_20.617,285,5,1,0,-42.732,-2.290,1.178
2012-05-05-08_35_20.617,285,5,1,0,-42.684,-2.336,1.078
2012-05-05-08_35_20.619,285,5,1,0,-42.776,-2.304,1.178
2012-05-05-08_35_20.627,285,6,1,0,-51.759,-2.358,0.878
2012-05-05-08_35_20.628,285,6,1,0,-51.734,-2.264,0.878
2012-05-05-08_35_20.629,285,6,1,0,-51.834,-2.333,0.878
2012-05-05-08_35_20.630,285,7,1,0,-60.654,-2.294,1.578
2012-05-05-08_35_20.630,285,7,1,0,-60.729,-2.269,1.578
2012-05-05-08_35_20.631,285,7,1,0,-60.673,-2.215,1.578
2012-05-05-08_35_20.631,285,0,1,1,-2.190,-2.289,6.988
2012-05-05-08_35_20.632,285,0,1,1,-2.164,-2.190,1.088
2012-05-05-08_35_20.632,285,0,1,1,-2.260,-2.270,1.088
2012-05-05-08_35_20.633,285,1,1,1,-11.200,-2.295,1.188
2012-05-05-08_35_20.633,285,1,1,1,-11.339,-2.222,1.188
2012-05-05-08_35_20.634,285,1,1,1,-11.227,-2.209,1.188
2012-05-05-08_35_20.634,285,2,1,1,-20.154,-2.219,3.088
2012-05-05-08_35_20.635,285,2,1,1,-20.225,-2.200,0.788
2012-05-05-08_35_20.635,285,2,1,1,-20.230,-2.200,0.788
2012-05-05-08_35_20.635,285,3,1,1,-29.177,-2.301,4.888
2012-05-05-08_35_20.636,285,3,1,1,-29.151,-2.202,0.988
2012-05-05-08_35_20.636,285,3,1,1,-29.247,-2.283,0.988
2012-05-05-08_35_20.637,285,4,1,1,-38.173,-2.303,3.388
2012-05-05-08_35_20.637,285,4,1,1,-38.148,-2.204,0.788
2012-05-05-08_35_20.638,285,4,1,1,-38.244,-2.284,0.688
2012-05-05-08_35_20.638,285,5,1,1,-47.192,-2.290,0.988
2012-05-05-08_35_20.639,285,5,1,1,-47.275,-2.270,0.988
2012-05-05-08_35_20.639,285,5,1,1,-47.245,-2.292,0.988
2012-05-05-08_35_20.640,285,6,1,1,-56.219,-2.363,3.688
2012-05-05-08_35_20.640,285,6,1,1,-56.193,-2.264,1.088
2012-05-05-08_35_20.641,285,6,1,1,-56.289,-2.345,0.988
2012-05-05-08_35_20.641,285,7,1,1,-65.184,-2.281,1.688
2012-05-05-08_35_20.641,285,7,1,1,-65.189,-2.281,1.688
2012-05-05-08_35_20.642,285,7,1,1,-65.171,-2.180,1.688
2012-05-05-08_35_20.642,285,0,2,0,2.257,-6.780,1.802
2012-05-05-08_35_20.643,285,0,2,0,2.295,-6.689,1.802
2012-05-05-08_35_20.644,285,0,2,0,2.197,-6.758,1.802
2012-05-05-08_35_20.644,285,1,2,0,-6.751,-6.793,1.602
2012-05-05-08_35_20.645,285,1,2,0,-6.831,-6.773,1.702
2012-05-05-08_35_20.645,285,1,2,0,-6.770,-6.706,1.702
2012-05-05-08_35_20.646,285,2,2,0,-15.707,-6.710,0.902
2012-05-05-08_35_20.646,285,2,2,0,-15.768,-6.688,0.902
2012-05-05-08_35_20.647,285,2,2,0,-15.714,-6.638,0.902
2012-05-05-08_35_20.647,285,3,2,0,-24.729,-6.792,1.402
2012-05-05-08_35_20.647,285,3,2,0,-24.692,-6.701,1.402
2012-05-05-08_35_20.648,285,3,2,0,-24.790,-6.770,1.402
2012-05-05-08_35_20.649,285,4,2,0,-33.726,-6.794,0.702
2012-05-05-08_35_20.649,285,4,2,0,-33.689,-6.703,0.702
2012-05-05-08_35_20.650,285,4,2,0,-33.787,-6.772,0.702
2012-05-05-08_35_20.650,285,5,2,0,-42.733,-6.789,1.002
2012-05-05-08_35_20.651,285,5,2,0,-42.684,-6.841,1.002
2012-05-05-08_35_20.651,285,5,2,0,-42.777,-6.808,1.002
2012-05-05-08_35_20.652,285,6,2,0,-51.772,-6.854,1.102
2012-05-05-08_35_20.652,285,6,2,0,-51.734,-6.764,1.102
2012-05-05-08_35_20.653,285,6,2,0,-51.832,-6.833,1.102
2012-05-05-08_35_20.653,285,7,2,0,-60.666,-6.790,1.702
2012-05-05-08_35_20.654,285,7,2,0,-60.727,-6.769,1.702
2012-05-05-08_35_20.654,285,7,2,0,-60.673,-6.718,1.702
2012-05-05-08_35_20.655,285,0,2,1,-2.190,-6.786,1.810
2012-05-05-08_35_20.655,285,0,2,1,-2.165,-6.689,1.710
2012-05-05-08_35_20.656,285,0,2,1,-2.263,-6.768,1.710
2012-05-05-08_35_20.656,285,1,2,1,-11.201,-6.792,1.610
2012-05-05-08_35_20.657,285,1,2,1,-11.339,-6.721,1.610
2012-05-05-08_35_20.657,285,1,2,1,-11.227,-6.706,1.610
2012-05-05-08_35_20.658,285,2,2,1,-20.155,-6.716,0.910
2012-05-05-08_35_20.658,285,2,2,1,-20.228,-6.698,1.010
2012-05-05-08_35_20.659,285,2,2,1,-20.233,-6.697,1.010
2012-05-05-08_35_20.660,285,3,2,1,-29.177,-6.799,1.110
2012-05-05-08_35_20.660,285,3,2,1,-29.152,-6.701,1.110
2012-05-05-08_35_20.661,285,3,2,1,-29.250,-6.781,1.210
2012-05-05-08_35_20.661,285,4,2,1,-38.173,-6.800,0.810
2012-05-05-08_35_20.662,285,4,2,1,-38.148,-6.703,0.810
2012-05-05-08_35_20.662,285,4,2,1,-38.247,-6.782,0.710
2012-05-05-08_35_20.663,285,5,2,1,-47.192,-6.789,1.010
2012-05-05-08_35_20.663,285,5,2,1,-47.277,-6.767,1.010
2012-05-05-08_35_20.664,285,5,2,1,-47.248,-6.792,1.010
2012-05-05-08_35_20.664,285,6,2,1,-56.219,-6.861,1.110
2012-05-05-08_35_20.665,285,6,2,1,-56.194,-6.764,1.110
2012-05-05-08_35_20.665,285,6,2,1,-56.292,-6.843,1.110
2012-05-05-08_35_20.666,285,7,2,1,-65.187,-6.779,1.710
2012-05-05-08_35_20.666,285,7,2,1,-65.192,-6.778,1.710
2012-05-05-08_35_20.667,285,7,2,1,-65.174,-6.678,1.810
2012-05-05-08_35_20.667,285,0,3,0,2.269,-11.279,1.920
2012-05-05-08_35_20.668,285,0,3,0,2.294,-11.191,1.920
2012-05-05-08_35_20.668,285,0,3,0,2.196,-11.254,1.920
2012-05-05-08_35_20.669,285,1,3,0,-6.744,-11.290,1.720
2012-05-05-08_35_20.669,285,1,3,0,-6.829,-11.270,1.720
2012-05-05-08_35_20.670,285,1,3,0,-6.765,-11.206,1.720
2012-05-05-08_35_20.670,285,2,3,0,-15.696,-11.208,1.020
2012-05-05-08_35_20.670,285,2,3,0,-15.769,-11.184,1.020
2012-05-05-08_35_20.671,285,2,3,0,-15.715,-11.140,1.020
2012-05-05-08_35_20.671,285,3,3,0,-24.718,-11.291,1.520
2012-05-05-08_35_20.672,285,3,3,0,-24.693,-11.203,1.520
2012-05-05-08_35_20.672,285,3,3,0,-24.791,-11.267,1.520
2012-05-05-08_35_20.673,285,4,3,0,-33.714,-11.293,0.720
2012-05-05-08_35_20.673,285,4,3,0,-33.689,-11.205,0.820
2012-05-05-08_35_20.674,285,4,3,0,-33.787,-11.268,0.720
2012-05-05-08_35_20.674,285,5,3,0,-42.733,-11.291,1.020
2012-05-05-08_35_20.675,285,5,3,0,-42.682,-11.338,1.020
2012-05-05-08_35_20.675,285,5,3,0,-42.777,-11.310,1.020
2012-05-05-08_35_20.675,285,6,3,0,-51.760,-11.353,1.020
2012-05-05-08_35_20.676,285,6,3,0,-51.735,-11.266,1.020
2012-05-05-08_35_20.676,285,6,3,0,-51.833,-11.329,1.020
2012-05-05-08_35_20.677,285,7,3,0,-60.654,-11.289,1.820
2012-05-05-08_35_20.678,285,7,3,0,-60.727,-11.265,1.820
2012-05-05-08_35_20.679,285,7,3,0,-60.673,-11.221,1.820
2012-05-05-08_35_20.679,285,0,3,1,-2.186,-11.288,1.928
2012-05-05-08_35_20.680,285,0,3,1,-2.160,-11.191,2.027
2012-05-05-08_35_20.680,285,0,3,1,-2.261,-11.265,1.927
2012-05-05-08_35_20.681,285,1,3,1,-11.204,-11.289,1.728
2012-05-05-08_35_20.681,285,1,3,1,-11.335,-11.223,1.727
2012-05-05-08_35_20.682,285,1,3,1,-11.225,-11.205,1.727
2012-05-05-08_35_20.682,285,2,3,1,-20.150,-11.218,1.028
2012-05-05-08_35_20.683,285,2,3,1,-20.226,-11.194,1.027
2012-05-05-08_35_20.683,285,2,3,1,-20.233,-11.194,1.027
2012-05-05-08_35_20.684,285,3,3,1,-29.172,-11.300,1.228
2012-05-05-08_35_20.684,285,3,3,1,-29.147,-11.203,1.227
2012-05-05-08_35_20.685,285,3,3,1,-29.248,-11.277,1.327
2012-05-05-08_35_20.685,285,4,3,1,-38.169,-11.302,0.828
2012-05-05-08_35_20.686,285,4,3,1,-38.144,-11.205,0.827
2012-05-05-08_35_20.686,285,4,3,1,-38.245,-11.279,0.827
2012-05-05-08_35_20.687,285,5,3,1,-47.188,-11.291,1.027
2012-05-05-08_35_20.687,285,5,3,1,-47.275,-11.266,1.027
2012-05-05-08_35_20.688,285,5,3,1,-47.246,-11.292,1.027
2012-05-05-08_35_20.688,285,6,3,1,-56.215,-11.363,1.128
2012-05-05-08_35_20.689,285,6,3,1,-56.189,-11.266,1.127
2012-05-05-08_35_20.689,285,6,3,1,-56.290,-11.339,1.127
2012-05-05-08_35_20.690,285,7,3,1,-65.185,-11.275,1.827
2012-05-05-08_35_20.690,285,7,3,1,-65.192,-11.275,1.827
2012-05-05-08_35_20.692,285,7,3,1,-65.172,-11.177,1.727
2012-05-05-08_35_20.692,285,0,4,0,2.269,-15.782,2.039
2012-05-05-08_35_20.693,285,0,4,0,2.294,-15.697,1.939
2012-05-05-08_35_20.693,285,0,4,0,2.191,-15.753,2.039
2012-05-05-08_35_20.694,285,1,4,0,-6.742,-15.791,1.739
2012-05-05-08_35_20.694,285,1,4,0,-6.827,-15.769,1.739
2012-05-05-08_35_20.695,285,1,4,0,-6.766,-15.713,1.739
2012-05-05-08_35_20.695,285,2,4,0,-15.696,-15.712,1.139
2012-05-05-08_35_20.696,285,2,4,0,-15.774,-15.683,1.139
2012-05-05-08_35_20.696,285,2,4,0,-15.715,-15.642,1.039
2012-05-05-08_35_20.697,285,3,4,0,-24.718,-15.794,1.639
2012-05-05-08_35_20.698,285,3,4,0,-24.693,-15.709,1.639
2012-05-05-08_35_20.699,285,3,4,0,-24.796,-15.765,1.639
2012-05-05-08_35_20.699,285,4,4,0,-33.715,-15.796,0.839
2012-05-05-08_35_20.699,285,4,4,0,-33.690,-15.711,0.739
2012-05-05-08_35_20.700,285,4,4,0,-33.793,-15.767,0.739
2012-05-05-08_35_20.700,285,5,4,0,-42.733,-15.797,1.039
2012-05-05-08_35_20.701,285,5,4,0,-42.680,-15.837,1.039
2012-05-05-08_35_20.701,285,5,4,0,-42.777,-15.812,1.039
2012-05-05-08_35_20.702,285,6,4,0,-51.760,-15.857,1.039
2012-05-05-08_35_20.702,285,6,4,0,-51.735,-15.772,1.139
2012-05-05-08_35_20.703,285,6,4,0,-51.838,-15.828,1.039
2012-05-05-08_35_20.703,285,7,4,0,-60.655,-15.793,1.839
2012-05-05-08_35_20.704,285,7,4,0,-60.733,-15.764,1.839
2012-05-05-08_35_20.704,285,7,4,0,-60.674,-15.723,1.939
2012-05-05-08_35_20.705,285,0,4,1,-2.186,-15.793,1.950
2012-05-05-08_35_20.705,285,0,4,1,-2.161,-15.697,2.050
2012-05-05-08_35_20.706,285,0,4,1,-2.264,-15.766,1.950
2012-05-05-08_35_20.706,285,1,4,1,-11.206,-15.791,1.750
2012-05-05-08_35_20.706,285,1,4,1,-11.335,-15.728,1.750
2012-05-05-08_35_20.707,285,1,4,1,-11.228,-15.712,1.750
2012-05-05-08_35_20.707,285,2,4,1,-20.151,-15.723,1.050
2012-05-05-08_35_20.708,285,2,4,1,-20.229,-15.695,1.150
2012-05-05-08_35_20.708,285,2,4,1,-20.236,-15.695,1.150
2012-05-05-08_35_20.709,285,3,4,1,-29.173,-15.805,1.350
2012-05-05-08_35_20.709,285,3,4,1,-29.148,-15.709,1.250
2012-05-05-08_35_20.710,285,3,4,1,-29.251,-15.778,1.350
2012-05-05-08_35_20.710,285,4,4,1,-38.170,-15.807,0.750
2012-05-05-08_35_20.711,285,4,4,1,-38.144,-15.711,0.850
2012-05-05-08_35_20.711,285,4,4,1,-38.247,-15.780,0.850
2012-05-05-08_35_20.712,285,5,4,1,-47.188,-15.796,1.150
2012-05-05-08_35_20.712,285,5,4,1,-47.278,-15.771,1.150
2012-05-05-08_35_20.713,285,5,4,1,-47.247,-15.798,1.150
2012-05-05-08_35_20.713,285,6,4,1,-56.190,-15.771,1.150
2012-05-05-08_35_20.714,285,6,4,1,-56.293,-15.840,1.150
2012-05-05-08_35_20.714,285,6,4,1,-56.300,-15.839,1.150
2012-05-05-08_35_20.715,285,7,4,1,-65.188,-15.776,1.850
2012-05-05-08_35_20.715,285,7,4,1,-65.195,-15.775,1.850
2012-05-05-08_35_20.715,285,7,4,1,-65.175,-15.682,1.850
2012-05-05-08_35_20.716,285,0,5,0,2.268,-20.283,1.964
2012-05-05-08_35_20.716,285,0,5,0,2.296,-20.197,2.064
2012-05-05-08_35_20.717,285,0,5,0,2.190,-20.253,2.064
2012-05-05-08_35_20.717,285,1,5,0,-6.740,-20.295,1.764
2012-05-05-08_35_20.718,285,1,5,0,-6.825,-20.268,1.764
2012-05-05-08_35_20.719,285,1,5,0,-6.764,-20.217,1.764
2012-05-05-08_35_20.719,285,2,5,0,-15.697,-20.213,1.164
2012-05-05-08_35_20.719,285,2,5,0,-15.774,-20.183,1.064
2012-05-05-08_35_20.720,285,2,5,0,-15.718,-20.140,1.064
2012-05-05-08_35_20.720,285,3,5,0,-24.719,-20.295,1.564
2012-05-05-08_35_20.721,285,3,5,0,-24.691,-20.209,1.664
2012-05-05-08_35_20.721,285,3,5,0,-24.796,-20.265,1.564
2012-05-05-08_35_20.722,285,4,5,0,-33.715,-20.297,0.864
2012-05-05-08_35_20.723,285,4,5,0,-33.688,-20.211,0.864
2012-05-05-08_35_20.724,285,4,5,0,-33.793,-20.267,0.864
2012-05-05-08_35_20.724,285,5,5,0,-42.731,-20.297,1.064
2012-05-05-08_35_20.725,285,5,5,0,-42.678,-20.337,1.064
2012-05-05-08_35_20.725,285,5,5,0,-42.780,-20.310,1.064
2012-05-05-08_35_20.726,285,6,5,0,-51.761,-20.357,1.064
2012-05-05-08_35_20.726,285,6,5,0,-51.733,-20.272,1.064
2012-05-05-08_35_20.727,285,6,5,0,-51.839,-20.328,1.064
2012-05-05-08_35_20.727,285,7,5,0,-60.655,-20.294,1.864
2012-05-05-08_35_20.728,285,7,5,0,-60.733,-20.264,1.864
2012-05-05-08_35_20.728,285,7,5,0,-60.677,-20.221,1.864
2012-05-05-08_35_20.729,285,0,5,1,-2.184,-20.291,1.972
2012-05-05-08_35_20.729,285,0,5,1,-2.161,-20.197,2.072
2012-05-05-08_35_20.730,285,0,5,1,-2.262,-20.268,1.972
2012-05-05-08_35_20.731,285,1,5,1,-11.209,-20.294,1.772
2012-05-05-08_35_20.732,285,1,5,1,-11.336,-20.229,1.772
2012-05-05-08_35_20.733,285,1,5,1,-11.228,-20.216,1.772
2012-05-05-08_35_20.733,285,2,5,1,-20.149,-20.221,1.172
2012-05-05-08_35_20.734,285,2,5,1,-20.227,-20.198,1.072
2012-05-05-08_35_20.734,285,2,5,1,-20.234,-20.197,1.172
2012-05-05-08_35_20.735,285,3,5,1,-29.171,-20.303,1.272
2012-05-05-08_35_20.735,285,3,5,1,-29.148,-20.209,1.472
2012-05-05-08_35_20.736,285,3,5,1,-29.249,-20.280,1.272
2012-05-05-08_35_20.736,285,4,5,1,-38.167,-20.305,0.972
2012-05-05-08_35_20.737,285,4,5,1,-38.145,-20.211,0.872
2012-05-05-08_35_20.737,285,4,5,1,-38.245,-20.282,0.872
2012-05-05-08_35_20.738,285,5,5,1,-47.189,-20.297,1.172
2012-05-05-08_35_20.738,285,5,5,1,-47.276,-20.275,1.172
2012-05-05-08_35_20.739,285,5,5,1,-47.245,-20.297,1.172
2012-05-05-08_35_20.739,285,6,5,1,-56.190,-20.272,1.172
2012-05-05-08_35_20.740,285,6,5,1,-56.291,-20.342,1.172
2012-05-05-08_35_20.740,285,6,5,1,-56.298,-20.342,1.172
2012-05-05-08_35_20.741,285,7,5,1,-65.186,-20.279,1.872
2012-05-05-08_35_20.741,285,7,5,1,-65.193,-20.278,1.872
2012-05-05-08_35_20.742,285,7,5,1,-65.173,-20.186,1.872
2012-05-05-08_35_20.742,285,0,6,0,2.270,-24.783,1.882
2012-05-05-08_35_20.743,285,0,6,0,2.300,-24.691,1.882
2012-05-05-08_35_20.743,285,0,6,0,2.190,-24.757,1.882
2012-05-05-08_35_20.744,285,1,6,0,-6.745,-24.796,1.582
2012-05-05-08_35_20.744,285,1,6,0,-6.821,-24.771,1.582
2012-05-05-08_35_20.745,285,1,6,0,-6.764,-24.711,1.582
2012-05-05-08_35_20.745,285,2,6,0,-15.695,-24.713,1.082
2012-05-05-08_35_20.746,285,2,6,0,-15.775,-24.687,1.082
2012-05-05-08_35_20.746,285,2,6,0,-15.718,-24.635,1.082
2012-05-05-08_35_20.747,285,3,6,0,-24.717,-24.795,1.482
2012-05-05-08_35_20.747,285,3,6,0,-24.687,-24.703,1.582
2012-05-05-08_35_20.748,285,3,6,0,-24.797,-24.769,1.582
2012-05-05-08_35_20.748,285,4,6,0,-33.713,-24.797,0.882
2012-05-05-08_35_20.749,285,4,6,0,-33.683,-24.705,0.882
2012-05-05-08_35_20.749,285,4,6,0,-33.793,-24.771,0.882
2012-05-05-08_35_20.750,285,5,6,0,-42.727,-24.791,1.382
2012-05-05-08_35_20.750,285,5,6,0,-42.674,-24.839,1.382
2012-05-05-08_35_20.751,285,5,6,0,-42.781,-24.805,1.282
2012-05-05-08_35_20.751,285,6,6,0,-51.759,-24.858,1.282
2012-05-05-08_35_20.752,285,6,6,0,-51.729,-24.765,1.282
2012-05-05-08_35_20.752,285,6,6,0,-51.675,-24.814,1.282
2012-05-05-08_35_20.753,285,7,6,0,-60.653,-24.794,2.182
2012-05-05-08_35_20.753,285,7,6,0,-60.734,-24.768,2.182
2012-05-05-08_35_20.754,285,7,6,0,-60.677,-24.716,2.182
2012-05-05-08_35_20.754,285,0,6,1,-2.184,-24.788,1.790
2012-05-05-08_35_20.755,285,0,6,1,-2.159,-24.690,1.790
2012-05-05-08_35_20.755,285,0,6,1,-2.260,-24.769,1.790
2012-05-05-08_35_20.757,285,1,6,1,-11.210,-24.796,1.690
2012-05-05-08_35_20.757,285,1,6,1,-11.334,-24.722,1.690
2012-05-05-08_35_20.758,285,1,6,1,-11.231,-24.710,1.690
2012-05-05-08_35_20.758,285,2,6,1,-20.149,-24.718,1.090
2012-05-05-08_35_20.759,285,2,6,1,-20.225,-24.699,1.090
2012-05-05-08_35_20.759,285,2,6,1,-20.232,-24.699,1.090
2012-05-05-08_35_20.760,285,3,6,1,-29.171,-24.801,1.290
2012-05-05-08_35_20.760,285,3,6,1,-29.146,-24.702,1.490
2012-05-05-08_35_20.761,285,3,6,1,-29.247,-24.782,1.290
2012-05-05-08_35_20.761,285,4,6,1,-38.168,-24.802,0.990
2012-05-05-08_35_20.762,285,4,6,1,-38.143,-24.704,0.990
2012-05-05-08_35_20.762,285,4,6,1,-38.243,-24.783,0.990
2012-05-05-08_35_20.763,285,5,6,1,-47.187,-24.790,1.390
2012-05-05-08_35_20.763,285,5,6,1,-47.272,-24.770,12.890
2012-05-05-08_35_20.764,285,5,6,1,-47.240,-24.791,1.390
2012-05-05-08_35_20.764,285,6,6,1,-56.213,-24.863,1.390
2012-05-05-08_35_20.765,285,6,6,1,-56.188,-24.765,1.390
2012-05-05-08_35_20.765,285,6,6,1,-56.289,-24.844,1.390
2012-05-05-08_35_20.766,285,7,6,1,-65.184,-24.780,1.990
2012-05-05-08_35_20.766,285,7,6,1,-65.191,-24.780,1.990
2012-05-05-08_35_20.767,285,7,6,1,-65.168,-24.681,4.390
2012-05-05-08_35_20.767,285,0,7,0,2.270,-29.280,1.802
2012-05-05-08_35_20.768,285,0,7,0,2.302,-29.190,1.802
2012-05-05-08_35_20.768,285,0,7,0,2.190,-29.258,1.802
2012-05-05-08_35_20.769,285,1,7,0,-6.746,-29.293,1.702
2012-05-05-08_35_20.769,285,1,7,0,-6.819,-29.273,1.702
2012-05-05-08_35_20.770,285,1,7,0,-6.762,-29.207,1.702
2012-05-05-08_35_20.770,285,2,7,0,-15.695,-29.210,1.102
2012-05-05-08_35_20.770,285,2,7,0,-15.775,-29.188,1.002
2012-05-05-08_35_20.771,285,2,7,0,-15.751,-29.196,1.102
2012-05-05-08_35_20.771,285,3,7,0,-24.717,-29.292,1.502
2012-05-05-08_35_20.772,285,3,7,0,-24.685,-29.202,1.502
2012-05-05-08_35_20.772,285,3,7,0,-24.797,-29.270,1.502
2012-05-05-08_35_20.773,285,4,7,0,-33.714,-29.294,1.002
2012-05-05-08_35_20.773,285,4,7,0,-33.681,-29.204,0.902
2012-05-05-08_35_20.774,285,4,7,0,-33.794,-29.272,0.902
2012-05-05-08_35_20.774,285,5,7,0,-42.725,-29.290,1.302
2012-05-05-08_35_20.775,285,5,7,0,-42.813,-29.268,1.502
2012-05-05-08_35_20.776,285,5,7,0,-42.786,-29.292,1.302
2012-05-05-08_35_20.776,285,6,7,0,-51.759,-29.355,1.302
2012-05-05-08_35_20.777,285,6,7,0,-51.727,-29.265,1.302
2012-05-05-08_35_20.777,285,6,7,0,-51.673,-29.316,1.302
2012-05-05-08_35_20.778,285,7,7,0,-60.654,-29.291,2.202
2012-05-05-08_35_20.778,285,7,7,0,-60.734,-29.269,2.202
2012-05-05-08_35_20.778,285,7,7,0,-60.709,-29.179,2.202
2012-05-05-08_35_20.779,285,0,7,1,-2.185,-29.285,1.813
2012-05-05-08_35_20.779,285,0,7,1,-2.162,-29.189,1.913
2012-05-05-08_35_20.780,285,0,7,1,-2.260,-29.268,1.813
2012-05-05-08_35_20.780,285,1,7,1,-11.213,-29.293,1.713
2012-05-05-08_35_20.781,285,1,7,1,-11.337,-29.221,1.713
2012-05-05-08_35_20.781,285,1,7,1,-11.234,-29.206,1.713
2012-05-05-08_35_20.782,285,2,7,1,-20.150,-29.215,1.113
2012-05-05-08_35_20.782,285,2,7,1,-20.225,-29.198,1.113
2012-05-05-08_35_20.784,285,2,7,1,-20.230,-29.197,1.113
2012-05-05-08_35_20.784,285,3,7,1,-29.172,-29.297,1.313
2012-05-05-08_35_20.785,285,3,7,1,-29.149,-29.201,1.513
2012-05-05-08_35_20.785,285,3,7,1,-29.247,-29.280,1.313
2012-05-05-08_35_20.786,285,4,7,1,-38.168,-29.299,1.013
2012-05-05-08_35_20.786,285,4,7,1,-38.146,-29.203,1.013
2012-05-05-08_35_20.787,285,4,7,1,-38.244,-29.282,1.013
2012-05-05-08_35_20.787,285,5,7,1,-47.189,-29.289,1.413
2012-05-05-08_35_20.788,285,5,7,1,-47.272,-29.267,1.413
2012-05-05-08_35_20.788,285,5,7,1,-47.243,-29.292,1.613
2012-05-05-08_35_20.790,285,6,7,1,-56.214,-29.360,1.413
2012-05-05-08_35_20.791,285,6,7,1,-56.191,-29.263,1.413
2012-05-05-08_35_20.792,285,6,7,1,-56.289,-29.343,1.413
2012-05-05-08_35_20.793,285,7,7,1,-65.184,-29.279,2.013
2012-05-05-08_35_20.793,285,7,7,1,-65.189,-29.278,2.113
2012-05-05-08_35_20.794,285,7,7,1,-65.169,-29.178,2.213
2012-05-05-08_35_20.794,285,0,8,0,2.262,-33.779,1.827
2012-05-05-08_35_20.795,285,0,8,0,2.299,-33.689,1.827
2012-05-05-08_35_20.795,285,0,8,0,2.189,-33.755,1.827
2012-05-05-08_35_20.796,285,1,8,0,-6.746,-33.789,1.727
2012-05-05-08_35_20.796,285,1,8,0,-6.822,-33.769,1.727
2012-05-05-08_35_20.797,285,1,8,0,-6.767,-33.704,1.727
2012-05-05-08_35_20.797,285,2,8,0,-15.703,-33.708,1.127
2012-05-05-08_35_20.798,285,2,8,0,-15.776,-33.685,1.127
2012-05-05-08_35_20.798,285,2,8,0,-15.712,-33.639,1.027
2012-05-05-08_35_20.799,285,3,8,0,-24.725,-33.791,1.527
2012-05-05-08_35_20.799,285,3,8,0,-24.687,-33.702,1.527
2012-05-05-08_35_20.800,285,3,8,0,-24.798,-33.767,1.627
2012-05-05-08_35_20.800,285,4,8,0,-33.721,-33.793,1.027
2012-05-05-08_35_20.801,285,4,8,0,-33.684,-33.703,0.927
2012-05-05-08_35_20.801,285,4,8,0,-33.794,-33.769,1.027
2012-05-05-08_35_20.802,285,5,8,0,-42.728,-33.789,1.327
2012-05-05-08_35_20.802,285,5,8,0,-42.674,-33.837,1.327
2012-05-05-08_35_20.803,285,5,8,0,-42.774,-33.809,1.327
2012-05-05-08_35_20.803,285,6,8,0,-51.767,-33.853,1.327
2012-05-05-08_35_20.804,285,6,8,0,-51.729,-33.764,1.327
2012-05-05-08_35_20.804,285,6,8,0,-51.840,-33.829,1.227
2012-05-05-08_35_20.804,285,7,8,0,-60.661,-33.789,2.227
2012-05-05-08_35_20.805,285,7,8,0,-60.734,-33.766,2.227
2012-05-05-08_35_20.805,285,7,8,0,-60.671,-33.720,2.227
2012-05-05-08_35_20.806,285,0,8,1,-2.188,-33.787,1.936
2012-05-05-08_35_20.807,285,0,8,1,-2.163,-33.689,1.835
2012-05-05-08_35_20.807,285,0,8,1,-2.258,-33.765,1.835
2012-05-05-08_35_20.808,285,1,8,1,-11.213,-33.788,1.736
2012-05-05-08_35_20.808,285,1,8,1,-11.337,-33.720,1.735
2012-05-05-08_35_20.808,285,1,8,1,-11.237,-33.703,1.735
2012-05-05-08_35_20.809,285,2,8,1,-20.153,-33.717,1.136
2012-05-05-08_35_20.810,285,2,8,1,-20.223,-33.695,1.135
2012-05-05-08_35_20.810,285,2,8,1,-20.230,-33.694,1.235
2012-05-05-08_35_20.811,285,3,8,1,-29.175,-33.799,1.236
2012-05-05-08_35_20.811,285,3,8,1,-29.149,-33.701,1.235
2012-05-05-08_35_20.811,285,3,8,1,-29.245,-33.778,1.235
2012-05-05-08_35_20.812,285,4,8,1,-38.171,-33.801,1.036
2012-05-05-08_35_20.812,285,4,8,1,-38.146,-33.703,1.035
2012-05-05-08_35_20.813,285,4,8,1,-38.242,-33.779,1.035
2012-05-05-08_35_20.813,285,5,8,1,-47.190,-33.788,1.435
2012-05-05-08_35_20.814,285,5,8,1,-47.273,-33.764,1.435
2012-05-05-08_35_20.814,285,5,8,1,-47.244,-33.791,1.435
2012-05-05-08_35_20.815,285,6,8,1,-56.217,-33.862,1.436
2012-05-05-08_35_20.815,285,6,8,1,-56.192,-33.763,1.535
2012-05-05-08_35_20.816,285,6,8,1,-56.287,-33.840,1.435
2012-05-05-08_35_20.816,285,7,8,1,-65.182,-33.776,2.235
2012-05-05-08_35_20.817,285,7,8,1,-65.189,-33.775,10.035
2012-05-05-08_35_20.817,285,7,8,1,-65.169,-33.675,2.235
2012-05-05-08_35_20.818,285,0,9,0,2.276,-38.282,1.845
2012-05-05-08_35_20.818,285,0,9,0,2.304,-38.196,1.945
2012-05-05-08_35_20.818,285,0,9,0,2.191,-38.254,1.945
2012-05-05-08_35_20.819,285,1,9,0,-6.749,-38.290,1.745
2012-05-05-08_35_20.819,285,1,9,0,-6.822,-38.269,1.745
2012-05-05-08_35_20.820,285,1,9,0,-6.770,-38.212,1.745
2012-05-05-08_35_20.820,285,2,9,0,-15.688,-38.212,1.245
2012-05-05-08_35_20.821,285,2,9,0,-15.774,-38.184,1.245
2012-05-05-08_35_20.821,285,2,9,0,-15.712,-38.142,1.245
2012-05-05-08_35_20.822,285,3,9,0,-24.711,-38.294,1.645
2012-05-05-08_35_20.823,285,3,9,0,-24.683,-38.208,1.645
2012-05-05-08_35_20.824,285,3,9,0,-24.796,-38.266,1.645
2012-05-05-08_35_20.824,285,4,9,0,-33.707,-38.296,1.045
2012-05-05-08_35_20.825,285,4,9,0,-33.680,-38.210,0.945
2012-05-05-08_35_20.825,285,4,9,0,-33.792,-38.268,0.945
2012-05-05-08_35_20.826,285,5,9,0,-42.723,-38.296,1.445
2012-05-05-08_35_20.827,285,5,9,0,-42.675,-38.337,1.445
2012-05-05-08_35_20.827,285,5,9,0,-42.775,-38.312,1.445
2012-05-05-08_35_20.827,285,6,9,0,-51.753,-38.357,1.245
2012-05-05-08_35_20.828,285,6,9,0,-51.725,-38.271,1.345
2012-05-05-08_35_20.828,285,6,9,0,-51.838,-38.328,1.245
2012-05-05-08_35_20.829,285,7,9,0,-60.647,-38.293,2.245
2012-05-05-08_35_20.829,285,7,9,0,-60.732,-38.264,2.245
2012-05-05-08_35_20.830,285,7,9,0,-60.671,-38.223,2.245
2012-05-05-08_35_20.830,285,0,9,1,-2.186,-38.292,1.954
2012-05-05-08_35_20.831,285,0,9,1,-2.165,-38.196,1.954
2012-05-05-08_35_20.831,285,0,9,1,-2.259,-38.267,1.854
2012-05-05-08_35_20.832,285,1,9,1,-11.213,-38.290,1.754
2012-05-05-08_35_20.832,285,1,9,1,-11.340,-38.228,1.854
2012-05-05-08_35_20.833,285,1,9,1,-11.235,-38.210,1.854
2012-05-05-08_35_20.833,285,2,9,1,-20.151,-38.222,1.254
2012-05-05-08_35_20.834,285,2,9,1,-20.224,-38.197,1.354
2012-05-05-08_35_20.834,285,2,9,1,-20.228,-38.196,1.254
2012-05-05-08_35_20.835,285,3,9,1,-29.173,-38.304,1.454
2012-05-05-08_35_20.835,285,3,9,1,-29.152,-38.208,1.754
2012-05-05-08_35_20.836,285,3,9,1,-29.246,-38.279,1.354
2012-05-05-08_35_20.836,285,4,9,1,-38.169,-38.306,1.054
2012-05-05-08_35_20.837,285,4,9,1,-38.149,-38.210,1.054
2012-05-05-08_35_20.838,285,4,9,1,-38.242,-38.281,1.054
2012-05-05-08_35_20.839,285,5,9,1,-47.193,-38.296,1.554
2012-05-05-08_35_20.839,285,5,9,1,-47.273,-38.270,1.554
2012-05-05-08_35_20.840,285,5,9,1,-47.244,-38.298,1.554
2012-05-05-08_35_20.840,285,6,9,1,-56.194,-38.271,1.354
2012-05-05-08_35_20.841,285,6,9,1,-56.288,-38.341,1.454
2012-05-05-08_35_20.841,285,6,9,1,-56.293,-38.341,1.354
2012-05-05-08_35_20.842,285,7,9,1,-65.182,-38.278,2.254
2012-05-05-08_35_20.842,285,7,9,1,-65.187,-38.277,2.254
2012-05-05-08_35_20.843,285,7,9,1,-65.169,-38.181,2.254
2012-05-05-08_35_20.843,285,0,10,0,2.276,-42.783,1.966
2012-05-05-08_35_20.844,285,0,10,0,2.303,-42.696,1.866
2012-05-05-08_35_20.844,285,0,10,0,2.193,-42.754,1.866
2012-05-05-08_35_20.845,285,1,10,0,-6.752,-42.794,1.766
2012-05-05-08_35_20.845,285,1,10,0,-6.825,-42.768,1.766
2012-05-05-08_35_20.846,285,1,10,0,-6.773,-42.715,1.766
2012-05-05-08_35_20.846,285,2,10,0,-15.689,-42.713,1.266
2012-05-05-08_35_20.847,285,2,10,0,-15.772,-42.684,1.266
2012-05-05-08_35_20.847,285,2,10,0,-15.710,-42.640,1.266
2012-05-05-08_35_20.847,285,3,10,0,-24.711,-42.796,1.666
2012-05-05-08_35_20.848,285,3,10,0,-24.683,-42.708,1.566
2012-05-05-08_35_20.848,285,3,10,0,-24.794,-42.766,1.666
2012-05-05-08_35_20.849,285,4,10,0,-33.707,-42.797,1.066
2012-05-05-08_35_20.849,285,4,10,0,-33.680,-42.710,0.966
2012-05-05-08_35_20.850,285,4,10,0,-33.790,-42.768,1.066
2012-05-05-08_35_20.850,285,5,10,0,-42.724,-42.796,1.366
2012-05-05-08_35_20.851,285,5,10,0,-42.678,-42.836,1.366
2012-05-05-08_35_20.851,285,5,10,0,-42.773,-42.810,1.366
2012-05-05-08_35_20.852,285,6,10,0,-51.753,-42.858,1.366
2012-05-05-08_35_20.852,285,6,10,0,-51.725,-42.771,1.266
2012-05-05-08_35_20.853,285,6,10,0,-51.836,-42.829,1.266
2012-05-05-08_35_20.853,285,7,10,0,-60.648,-42.794,2.266
2012-05-05-08_35_20.853,285,7,10,0,-60.730,-42.765,2.266
2012-05-05-08_35_20.854,285,7,10,0,-60.669,-42.721,2.266
2012-05-05-08_35_20.855,285,0,10,1,-2.189,-42.791,1.978
2012-05-05-08_35_20.856,285,0,10,1,-2.166,-42.696,1.878
2012-05-05-08_35_20.856,285,0,10,1,-2.259,-42.768,1.878
2012-05-05-08_35_20.857,285,1,10,1,-11.214,-42.793,1.778
2012-05-05-08_35_20.857,285,1,10,1,-11.340,-42.727,1.778
2012-05-05-08_35_20.858,285,1,10,1,-11.235,-42.714,1.778
2012-05-05-08_35_20.858,285,2,10,1,-20.153,-42.721,1.278
2012-05-05-08_35_20.859,285,2,10,1,-20.224,-42.698,1.278
2012-05-05-08_35_20.859,285,2,10,1,-20.231,-42.697,1.278
2012-05-05-08_35_20.860,285,3,10,1,-29.175,-42.803,1.478
2012-05-05-08_35_20.860,285,3,10,1,-29.153,-42.708,1.578
2012-05-05-08_35_20.861,285,3,10,1,-29.246,-42.780,1.478
2012-05-05-08_35_20.861,285,4,10,1,-38.172,-42.805,1.078
2012-05-05-08_35_20.862,285,4,10,1,-38.149,-42.710,1.078
2012-05-05-08_35_20.862,285,4,10,1,-38.243,-42.782,1.078
2012-05-05-08_35_20.863,285,5,10,1,-47.193,-42.795,1.578
2012-05-05-08_35_20.863,285,5,10,1,-47.274,-42.774,1.478
2012-05-05-08_35_20.864,285,5,10,1,-47.247,-42.797,1.478
2012-05-05-08_35_20.864,285,6,10,1,-56.195,-42.770,1.478
2012-05-05-08_35_20.865,285,6,10,1,-56.288,-42.843,1.378
2012-05-05-08_35_20.865,285,6,10,1,-56.295,-42.842,1.378
2012-05-05-08_35_20.866,285,7,10,1,-65.183,-42.779,2.278
2012-05-05-08_35_20.866,285,7,10,1,-65.190,-42.778,2.278
2012-05-05-08_35_20.866,285,7,10,1,-65.170,-42.685,2.278
2012-05-05-08_35_20.867,285,0,11,0,2.278,-47.283,1.990
2012-05-05-08_35_20.867,285,0,11,0,2.301,-47.190,1.990
2012-05-05-08_35_20.868,285,0,11,0,2.193,-47.257,1.890
2012-05-05-08_35_20.868,285,1,11,0,-6.755,-47.296,1.790
2012-05-05-08_35_20.869,285,1,11,0,-6.825,-47.270,1.790
2012-05-05-08_35_20.869,285,1,11,0,-6.776,-47.210,1.790
2012-05-05-08_35_20.870,285,2,11,0,-15.687,-47.213,1.190
2012-05-05-08_35_20.870,285,2,11,0,-15.772,-47.187,1.190
2012-05-05-08_35_20.871,285,2,11,0,-15.745,-47.197,1.190
2012-05-05-08_35_20.871,285,3,11,0,-24.709,-47.295,1.690
2012-05-05-08_35_20.872,285,3,11,0,-24.686,-47.202,1.790
2012-05-05-08_35_20.872,285,3,11,0,-24.794,-47.269,1.690
2012-05-05-08_35_20.873,285,4,11,0,-33.705,-47.297,0.990
2012-05-05-08_35_20.873,285,4,11,0,-33.683,-47.204,0.990
2012-05-05-08_35_20.874,285,4,11,0,-33.791,-47.271,0.990
2012-05-05-08_35_20.874,285,5,11,0,-42.727,-47.290,1.390
2012-05-05-08_35_20.875,285,5,11,0,-42.678,-47.338,1.390
2012-05-05-08_35_20.875,285,5,11,0,-42.771,-47.305,1.390
2012-05-05-08_35_20.875,285,6,11,0,-51.751,-47.358,1.390
2012-05-05-08_35_20.876,285,6,11,0,-51.728,-47.265,1.390
2012-05-05-08_35_20.876,285,6,11,0,-51.836,-47.332,1.290
2012-05-05-08_35_20.877,285,7,11,0,-60.646,-47.294,2.290
2012-05-05-08_35_20.877,285,7,11,0,-60.731,-47.268,2.290
2012-05-05-08_35_20.878,285,7,11,0,-60.667,-47.216,2.290
2012-05-05-08_35_20.878,285,0,11,1,-2.191,-47.288,1.999
2012-05-05-08_35_20.879,285,0,11,1,-2.169,-47.190,1.999
2012-05-05-08_35_20.879,285,0,11,1,-2.260,-47.269,1.999
2012-05-05-08_35_20.880,285,1,11,1,-11.214,-47.296,1.799
2012-05-05-08_35_20.880,285,1,11,1,-11.343,-47.222,1.799
2012-05-05-08_35_20.880,285,1,11,1,-11.236,-47.210,1.799
2012-05-05-08_35_20.881,285,2,11,1,-20.156,-47.218,1.299
2012-05-05-08_35_20.881,285,2,11,1,-20.224,-47.199,1.299
2012-05-05-08_35_20.882,285,2,11,1,-20.232,-47.199,1.299
2012-05-05-08_35_20.882,285,3,11,1,-29.178,-47.301,1.399
2012-05-05-08_35_20.883,285,3,11,1,-29.156,-47.202,1.699
2012-05-05-08_35_20.883,285,3,11,1,-29.247,-47.282,1.399
2012-05-05-08_35_20.884,285,4,11,1,-38.175,-47.302,0.999
2012-05-05-08_35_20.884,285,4,11,1,-38.152,-47.204,0.999
2012-05-05-08_35_20.885,285,4,11,1,-38.243,-47.283,1.099
2012-05-05-08_35_20.887,285,5,11,1,-47.196,-47.290,1.499
2012-05-05-08_35_20.887,285,5,11,1,-47.276,-47.270,1.399
2012-05-05-08_35_20.888,285,5,11,1,-47.247,-47.291,1.499
2012-05-05-08_35_20.889,285,6,11,1,-56.220,-47.363,1.399
2012-05-05-08_35_20.890,285,6,11,1,-56.198,-47.265,1.399
2012-05-05-08_35_20.890,285,6,11,1,-56.289,-47.344,1.399
2012-05-05-08_35_20.891,285,7,11,1,-65.183,-47.280,2.299
2012-05-05-08_35_20.891,285,7,11,1,-65.190,-47.280,2.299
2012-05-05-08_35_20.892,285,7,11,1,-65.173,-47.181,2.299
2012-05-05-08_35_20.892,285,0,12,0,2.263,-51.780,2.208
2012-05-05-08_35_20.893,285,0,12,0,2.303,-51.691,2.208
2012-05-05-08_35_20.893,285,0,12,0,2.195,-51.758,2.208
2012-05-05-08_35_20.894,285,1,12,0,-6.758,-51.794,1.808
2012-05-05-08_35_20.894,285,1,12,0,-6.831,-51.775,1.908
2012-05-05-08_35_20.895,285,1,12,0,-6.774,-51.708,1.908
2012-05-05-08_35_20.895,285,2,12,0,-15.702,-51.710,1.208
2012-05-05-08_35_20.896,285,2,12,0,-15.770,-51.688,1.208
2012-05-05-08_35_20.896,285,2,12,0,-15.709,-51.640,1.208
2012-05-05-08_35_20.897,285,3,12,0,-24.724,-51.792,1.708
2012-05-05-08_35_20.897,285,3,12,0,-24.684,-51.703,1.708
2012-05-05-08_35_20.898,285,3,12,0,-24.792,-51.770,1.708
2012-05-05-08_35_20.898,285,4,12,0,-33.721,-51.794,1.108
2012-05-05-08_35_20.899,285,4,12,0,-33.681,-51.705,1.108
2012-05-05-08_35_20.899,285,4,12,0,-33.789,-51.772,1.008
2012-05-05-08_35_20.900,285,5,12,0,-42.725,-51.791,1.408
2012-05-05-08_35_20.900,285,5,12,0,-42.683,-51.843,1.208
2012-05-05-08_35_20.901,285,5,12,0,-42.771,-51.810,1.408
2012-05-05-08_35_20.901,285,6,12,0,-51.766,-51.855,1.308
2012-05-05-08_35_20.902,285,6,12,0,-51.726,-51.766,1.308
2012-05-05-08_35_20.902,285,6,12,0,-51.834,-51.832,1.308
2012-05-05-08_35_20.902,285,7,12,0,-60.661,-51.791,2.208
2012-05-05-08_35_20.903,285,7,12,0,-60.729,-51.769,13.308
2012-05-05-08_35_20.903,285,7,12,0,-60.667,-51.721,3.308
2012-05-05-08_35_20.904,285,0,12,1,-2.194,-51.786,2.116
2012-05-05-08_35_20.904,285,0,12,1,-2.169,-51.690,3.516
2012-05-05-08_35_20.905,285,0,12,1,-2.262,-51.768,2.116
2012-05-05-08_35_20.905,285,1,12,1,-11.212,-51.794,1.816
2012-05-05-08_35_20.906,285,1,12,1,-11.344,-51.722,1.816
2012-05-05-08_35_20.906,285,1,12,1,-11.236,-51.708,1.816
2012-05-05-08_35_20.907,285,2,12,1,-20.159,-51.716,1.216
2012-05-05-08_35_20.907,285,2,12,1,-20.227,-51.698,1.216
2012-05-05-08_35_20.908,285,2,12,1,-20.235,-51.698,1.216
2012-05-05-08_35_20.908,285,3,12,1,-29.181,-51.798,1.416
2012-05-05-08_35_20.909,285,3,12,1,-29.156,-51.702,1.516
2012-05-05-08_35_20.909,285,3,12,1,-29.249,-51.781,1.616
2012-05-05-08_35_20.910,285,4,12,1,-38.178,-51.800,1.016
2012-05-05-08_35_20.910,285,4,12,1,-38.153,-51.704,1.016
2012-05-05-08_35_20.911,285,4,12,1,-38.246,-51.782,1.016
2012-05-05-08_35_20.911,285,5,12,1,-47.196,-51.790,1.416
2012-05-05-08_35_20.912,285,5,12,1,-47.277,-51.768,1.316
2012-05-05-08_35_20.912,285,5,12,1,-47.250,-51.791,1.216
2012-05-05-08_35_20.913,285,6,12,1,-56.223,-51.860,1.416
2012-05-05-08_35_20.913,285,6,12,1,-56.198,-51.765,1.316
2012-05-05-08_35_20.914,285,6,12,1,-56.291,-51.843,1.416
2012-05-05-08_35_20.914,285,7,12,1,-65.186,-51.779,2.216
2012-05-05-08_35_20.915,285,7,12,1,-65.193,-51.779,2.216
2012-05-05-08_35_20.915,285,7,12,1,-65.173,-51.679,2.216
2012-05-05-08_35_20.916,285,0,13,0,2.272,-56.278,2.127
2012-05-05-08_35_20.916,285,0,13,0,2.297,-56.191,2.127
2012-05-05-08_35_20.917,285,0,13,0,2.197,-56.254,2.127
2012-05-05-08_35_20.917,285,1,13,0,-6.755,-56.290,1.927
2012-05-05-08_35_20.918,285,1,13,0,-6.831,-56.270,1.927
2012-05-05-08_35_20.918,285,1,13,0,-6.777,-56.191,1.927
2012-05-05-08_35_20.920,285,2,13,0,-15.693,-56.208,1.227
2012-05-05-08_35_20.920,285,2,13,0,-15.768,-56.184,1.227
2012-05-05-08_35_20.921,285,2,13,0,-15.712,-56.140,1.227
2012-05-05-08_35_20.921,285,3,13,0,-24.715,-56.290,1.727
2012-05-05-08_35_20.922,285,3,13,0,-24.690,-56.203,1.727
2012-05-05-08_35_20.922,285,3,13,0,-24.790,-56.266,1.727
2012-05-05-08_35_20.923,285,4,13,0,-33.711,-56.292,1.127
2012-05-05-08_35_20.923,285,4,13,0,-33.686,-56.205,1.127
2012-05-05-08_35_20.924,285,4,13,0,-33.787,-56.268,1.127
2012-05-05-08_35_20.924,285,5,13,0,-42.730,-56.291,1.427
2012-05-05-08_35_20.925,285,5,13,0,-42.684,-56.338,1.327
2012-05-05-08_35_20.925,285,5,13,0,-42.774,-56.310,1.427
2012-05-05-08_35_20.926,285,6,13,0,-51.757,-56.353,1.327
2012-05-05-08_35_20.926,285,6,13,0,-51.732,-56.266,1.327
2012-05-05-08_35_20.927,285,6,13,0,-51.832,-56.329,1.327
2012-05-05-08_35_20.927,285,7,13,0,-60.651,-56.289,6.627
2012-05-05-08_35_20.928,285,7,13,0,-60.727,-56.265,11.827
2012-05-05-08_35_20.928,285,0,13,1,-2.197,-56.288,2.039
2012-05-05-08_35_20.929,285,0,13,1,-2.170,-56.191,2.038
2012-05-05-08_35_20.929,285,0,13,1,-2.265,-56.265,2.038
2012-05-05-08_35_20.930,285,1,13,1,-11.210,-56.289,1.939
2012-05-05-08_35_20.930,285,1,13,1,-11.344,-56.222,1.838
2012-05-05-08_35_20.931,285,1,13,1,-11.236,-56.205,1.938
2012-05-05-08_35_20.931,285,2,13,1,-20.162,-56.218,1.239
2012-05-05-08_35_20.932,285,2,13,1,-20.230,-56.194,1.238
2012-05-05-08_35_20.932,285,2,13,1,-20.237,-56.194,1.338
2012-05-05-08_35_20.933,285,3,13,1,-29.184,-56.300,1.439
2012-05-05-08_35_20.933,285,3,13,1,-29.156,-56.203,1.638
2012-05-05-08_35_20.934,285,3,13,1,-29.252,-56.277,1.538
2012-05-05-08_35_20.934,285,4,13,1,-38.181,-56.302,1.039
2012-05-05-08_35_20.935,285,4,13,1,-38.153,-56.205,1.138
2012-05-05-08_35_20.935,285,4,13,1,-38.249,-56.279,1.038
2012-05-05-08_35_20.936,285,5,13,1,-47.197,-56.291,1.538
2012-05-05-08_35_20.936,285,5,13,1,-47.280,-56.266,1.538
2012-05-05-08_35_20.937,285,5,13,1,-47.253,-56.291,1.538
2012-05-05-08_35_20.937,285,6,13,1,-56.226,-56.363,1.439
2012-05-05-08_35_20.938,285,6,13,1,-56.199,-56.265,1.438
2012-05-05-08_35_20.938,285,6,13,1,-56.294,-56.339,1.438
2012-05-05-08_35_20.939,285,7,13,1,-65.189,-56.275,2.238
2012-05-05-08_35_20.939,285,7,13,1,-65.196,-56.275,2.238
2012-05-05-08_35_20.940,285,7,13,1,-65.176,-56.176,2.138
2012-05-05-08_35_20.941,285,0,14,0,2.260,-60.782,2.152
2012-05-05-08_35_20.942,285,0,14,0,2.294,-60.696,2.152
2012-05-05-08_35_20.942,285,0,14,0,2.199,-60.753,2.152
2012-05-05-08_35_20.943,285,1,14,0,-6.756,-60.790,1.952
2012-05-05-08_35_20.943,285,1,14,0,-6.834,-60.769,1.952
2012-05-05-08_35_20.944,285,1,14,0,-6.777,-60.712,1.952
2012-05-05-08_35_20.944,285,2,14,0,-15.705,-60.712,1.352
2012-05-05-08_35_20.945,285,2,14,0,-15.766,-60.683,1.252
2012-05-05-08_35_20.945,285,2,14,0,-15.712,-60.642,1.352
2012-05-05-08_35_20.946,285,3,14,0,-24.727,-60.794,1.752
2012-05-05-08_35_20.946,285,3,14,0,-24.692,-60.708,1.752
2012-05-05-08_35_20.947,285,3,14,0,-24.788,-60.765,1.752
2012-05-05-08_35_20.947,285,4,14,0,-33.724,-60.796,0.952
2012-05-05-08_35_20.948,285,4,14,0,-33.689,-60.710,0.952
2012-05-05-08_35_20.948,285,4,14,0,-33.785,-60.767,1.052
2012-05-05-08_35_20.949,285,5,14,0,-42.733,-60.796,1.452
2012-05-05-08_35_20.949,285,5,14,0,-42.687,-60.837,1.352
2012-05-05-08_35_20.950,285,5,14,0,-42.774,-60.812,1.452
2012-05-05-08_35_20.950,285,6,14,0,-51.769,-60.857,1.352
2012-05-05-08_35_20.951,285,6,14,0,-51.735,-60.771,1.352
2012-05-05-08_35_20.952,285,6,14,0,-51.830,-60.828,1.252
2012-05-05-08_35_20.952,285,7,14,0,-60.664,-60.793,2.152
2012-05-05-08_35_20.953,285,7,14,0,-60.725,-60.764,3.452
2012-05-05-08_35_20.954,285,7,14,0,-60.671,-60.723,12.552
2012-05-05-08_35_20.954,285,0,14,1,-2.198,-60.792,2.161
2012-05-05-08_35_20.955,285,0,14,1,-2.170,-60.696,2.061
2012-05-05-08_35_20.955,285,0,14,1,-2.268,-60.765,2.061
2012-05-05-08_35_20.956,285,1,14,1,-11.211,-60.791,1.861
2012-05-05-08_35_20.956,285,1,14,1,-11.344,-60.728,1.861
2012-05-05-08_35_20.957,285,1,14,1,-11.237,-60.711,1.861
2012-05-05-08_35_20.957,285,2,14,1,-20.162,-60.722,1.261
2012-05-05-08_35_20.958,285,2,14,1,-20.233,-60.695,1.261
2012-05-05-08_35_20.958,285,2,14,1,-20.240,-60.694,1.261
2012-05-05-08_35_20.959,285,3,14,1,-29.184,-60.805,1.261
2012-05-05-08_35_20.959,285,3,14,1,-29.157,-60.708,1.461
2012-05-05-08_35_20.960,285,3,14,1,-29.255,-60.777,1.461
2012-05-05-08_35_20.960,285,4,14,1,-38.181,-60.806,1.061
2012-05-05-08_35_20.961,285,4,14,1,-38.154,-60.710,1.161
2012-05-05-08_35_20.961,285,4,14,1,-38.252,-60.779,1.061
2012-05-05-08_35_20.962,285,5,14,1,-47.197,-60.796,1.461
2012-05-05-08_35_20.962,285,5,14,1,-47.283,-60.770,1.461
2012-05-05-08_35_20.963,285,5,14,1,-47.253,-60.798,1.461
2012-05-05-08_35_20.963,285,6,14,1,-56.227,-60.867,1.461
2012-05-05-08_35_20.963,285,6,14,1,-56.199,-60.771,1.461
2012-05-05-08_35_20.964,285,6,14,1,-56.297,-60.840,1.461
2012-05-05-08_35_20.964,285,7,14,1,-65.192,-60.776,2.261
2012-05-05-08_35_20.965,285,7,14,1,-65.199,-60.775,2.261
2012-05-05-08_35_20.965,285,7,14,1,-65.179,-60.681,2.261
2012-05-05-08_35_20.966,285,0,15,0,2.269,-65.283,2.270
2012-05-05-08_35_20.966,285,0,15,0,2.294,-65.196,2.170
2012-05-05-08_35_20.967,285,0,15,0,2.196,-65.254,2.270
2012-05-05-08_35_20.967,285,1,15,0,-6.754,-65.293,1.970
2012-05-05-08_35_20.968,285,1,15,0,-6.834,-65.268,1.970
2012-05-05-08_35_20.968,285,1,15,0,-6.778,-65.215,1.970
2012-05-05-08_35_20.968,285,2,15,0,-15.696,-65.213,1.370
2012-05-05-08_35_20.969,285,2,15,0,-15.769,-65.184,1.370
2012-05-05-08_35_20.969,285,2,15,0,-15.715,-65.140,1.370
2012-05-05-08_35_20.970,285,3,15,0,-24.718,-65.296,1.770
2012-05-05-08_35_20.970,285,3,15,0,-24.693,-65.209,1.770
2012-05-05-08_35_20.971,285,3,15,0,-24.791,-65.266,1.770
2012-05-05-08_35_20.971,285,4,15,0,-33.714,-65.297,1.070
2012-05-05-08_35_20.972,285,4,15,0,-33.689,-65.210,0.970
2012-05-05-08_35_20.972,285,4,15,0,-33.788,-65.268,0.970
2012-05-05-08_35_20.973,285,5,15,0,-42.733,-65.296,1.570
2012-05-05-08_35_20.973,285,5,15,0,-42.687,-65.336,1.370
2012-05-05-08_35_20.974,285,5,15,0,-42.777,-65.310,1.570
2012-05-05-08_35_20.974,285,6,15,0,-51.760,-65.358,1.270
2012-05-05-08_35_20.975,285,6,15,0,-51.735,-65.271,1.270
2012-05-05-08_35_20.975,285,6,15,0,-51.833,-65.329,1.270
2012-05-05-08_35_20.976,285,7,15,0,-60.655,-65.294,3.370
2012-05-05-08_35_20.976,285,7,15,0,-60.728,-65.265,8.970
2012-05-05-08_35_20.977,285,7,15,0,-60.674,-65.221,7.770
2012-05-05-08_35_20.977,285,0,15,1,-2.198,-65.291,2.279
2012-05-05-08_35_20.978,285,0,15,1,-2.170,-65.196,2.179
2012-05-05-08_35_20.978,285,0,15,1,-2.271,-65.268,2.279
2012-05-05-08_35_20.979,285,1,15,1,-11.214,-65.294,1.979
2012-05-05-08_35_20.979,285,1,15,1,-11.345,-65.228,1.979
2012-05-05-08_35_20.980,285,1,15,1,-11.232,-65.215,1.979
2012-05-05-08_35_20.980,285,2,15,1,-20.163,-65.221,1.279
2012-05-05-08_35_20.981,285,2,15,1,-20.236,-65.198,1.379
2012-05-05-08_35_20.981,285,2,15,1,-20.241,-65.197,1.279
2012-05-05-08_35_20.982,285,3,15,1,-29.185,-65.303,1.379
2012-05-05-08_35_20.982,285,3,15,1,-29.157,-65.208,1.479
2012-05-05-08_35_20.983,285,3,15,1,-29.258,-65.280,1.479
2012-05-05-08_35_20.983,285,4,15,1,-38.181,-65.305,0.979
2012-05-05-08_35_20.985,285,4,15,1,-38.154,-65.210,1.079
2012-05-05-08_35_20.985,285,4,15,1,-38.255,-65.282,1.079
2012-05-05-08_35_20.986,285,5,15,1,-47.198,-65.296,1.379
2012-05-05-08_35_20.986,285,5,15,1,-47.285,-65.275,1.279
2012-05-05-08_35_20.987,285,5,15,1,-47.256,-65.297,1.379
2012-05-05-08_35_20.987,285,6,15,1,-56.227,-65.366,1.379
2012-05-05-08_35_20.988,285,6,15,1,-56.199,-65.270,1.379
2012-05-05-08_35_20.988,285,6,15,1,-56.300,-65.343,1.379
2012-05-05-08_35_20.989,285,7,15,1,-65.195,-65.279,2.179
2012-05-05-08_35_20.989,285,7,15,1,-65.200,-65.278,2.179
2012-05-05-08_35_20.990,285,7,15,1,-65.182,-65.186,2.179
2012-05-05-08_35_20.990,285,0,16,0,2.266,-69.783,2.191
2012-05-05-08_35_20.991,285,0,16,0,2.291,-69.689,2.291
2012-05-05-08_35_20.991,285,0,16,0,2.193,-69.758,2.191
2012-05-05-08_35_20.992,285,1,16,0,-6.754,-69.795,1.991
2012-05-05-08_35_20.992,285,1,16,0,-6.835,-69.769,1.991
2012-05-05-08_35_20.993,285,1,16,0,-6.776,-69.709,1.991
2012-05-05-08_35_20.995,285,2,16,0,-15.699,-69.713,1.291
2012-05-05-08_35_20.995,285,2,16,0,-15.772,-69.688,1.391
2012-05-05-08_35_20.996,285,2,16,0,-15.750,-69.698,1.291
2012-05-05-08_35_20.996,285,3,16,0,-24.721,-69.795,1.791
2012-05-05-08_35_20.997,285,3,16,0,-24.696,-69.701,1.791
2012-05-05-08_35_20.997,285,3,16,0,-24.794,-69.770,1.791
2012-05-05-08_35_20.998,285,4,16,0,-33.717,-69.797,0.991
2012-05-05-08_35_20.998,285,4,16,0,-33.692,-69.703,0.991
2012-05-05-08_35_20.999,285,4,16,0,-33.790,-69.772,0.991
2012-05-05-08_35_20.999,285,5,16,0,-42.736,-69.789,1.491
2012-05-05-08_35_21.000,285,5,16,0,-42.688,-69.837,1.291
2012-05-05-08_35_21.000,285,5,16,0,-42.780,-69.804,1.491
2012-05-05-08_35_21.001,285,6,16,0,-51.763,-69.858,1.291
2012-05-05-08_35_21.001,285,6,16,0,-51.738,-69.764,1.291
2012-05-05-08_35_21.002,285,6,16,0,-51.836,-69.833,1.291
2012-05-05-08_35_21.002,285,7,16,0,-60.657,-69.794,2.191
2012-05-05-08_35_21.002,285,7,16,0,-60.730,-69.769,4.191
2012-05-05-08_35_21.003,285,7,16,0,-60.676,-69.715,8.891
2012-05-05-08_35_21.003,285,0,16,1,-2.196,-69.788,2.303
2012-05-05-08_35_21.004,285,0,16,1,-2.168,-69.689,2.303
2012-05-05-08_35_21.004,285,0,16,1,-2.271,-69.770,2.303
2012-05-05-08_35_21.005,285,1,16,1,-11.211,-69.795,1.903
2012-05-05-08_35_21.005,285,1,16,1,-11.343,-69.721,1.903
2012-05-05-08_35_21.006,285,1,16,1,-11.233,-69.709,1.902
2012-05-05-08_35_21.006,285,2,16,1,-20.161,-69.718,1.403
2012-05-05-08_35_21.007,285,2,16,1,-20.236,-69.700,1.303
2012-05-05-08_35_21.007,285,2,16,1,-20.246,-69.699,1.303
2012-05-05-08_35_21.008,285,3,16,1,-29.183,-69.800,1.603
2012-05-05-08_35_21.008,285,3,16,1,-29.155,-69.701,1.503
2012-05-05-08_35_21.008,285,3,16,1,-29.258,-69.782,1.503
2012-05-05-08_35_21.009,285,4,16,1,-38.179,-69.802,1.103
2012-05-05-08_35_21.009,285,4,16,1,-38.152,-69.703,1.103
2012-05-05-08_35_21.010,285,4,16,1,-38.255,-69.784,1.003
2012-05-05-08_35_21.010,285,5,16,1,-47.196,-69.789,1.403
2012-05-05-08_35_21.011,285,5,16,1,-47.286,-69.769,1.302
2012-05-05-08_35_21.011,285,5,16,1,-47.257,-69.791,1.402
2012-05-05-08_35_21.012,285,6,16,1,-56.225,-69.863,1.403
2012-05-05-08_35_21.013,285,6,16,1,-56.197,-69.764,1.403
2012-05-05-08_35_21.013,285,6,16,1,-56.300,-69.845,1.403
2012-05-05-08_35_21.013,285,7,16,1,-65.195,-69.781,2.303
2012-05-05-08_35_21.014,285,7,16,1,-65.205,-69.780,2.203
2012-05-05-08_35_21.014,285,7,16,1,-65.182,-69.680,2.302
2012-05-05-08_35_21.015,285,0,17,0,2.254,-74.280,2.215
2012-05-05-08_35_21.015,285,0,17,0,2.291,-74.190,2.215
2012-05-05-08_35_21.016,285,0,17,0,2.193,-74.258,2.215
2012-05-05-08_35_21.016,285,1,17,0,-6.750,-74.293,2.015
2012-05-05-08_35_21.018,285,1,17,0,-6.833,-74.273,2.015
2012-05-05-08_35_21.018,285,1,17,0,-6.774,-74.207,2.015
2012-05-05-08_35_21.019,285,2,17,0,-15.711,-74.210,1.315
2012-05-05-08_35_21.019,285,2,17,0,-15.772,-74.188,1.315
2012-05-05-08_35_21.020,285,2,17,0,-15.718,-74.138,1.315
2012-05-05-08_35_21.020,285,3,17,0,-24.733,-74.292,1.815
2012-05-05-08_35_21.021,285,3,17,0,-24.696,-74.202,1.815
2012-05-05-08_35_21.021,285,3,17,0,-24.794,-74.270,1.815
2012-05-05-08_35_21.022,285,4,17,0,-33.730,-74.294,1.115
2012-05-05-08_35_21.022,285,4,17,0,-33.693,-74.204,1.115
2012-05-05-08_35_21.022,285,4,17,0,-33.791,-74.272,1.115
2012-05-05-08_35_21.023,285,5,17,0,-42.736,-74.290,1.515
2012-05-05-08_35_21.023,285,5,17,0,-42.686,-74.341,1.315
2012-05-05-08_35_21.024,285,5,17,0,-42.781,-74.308,1.515
2012-05-05-08_35_21.024,285,6,17,0,-51.775,-74.355,1.315
2012-05-05-08_35_21.025,285,6,17,0,-51.738,-74.265,1.315
2012-05-05-08_35_21.025,285,6,17,0,-51.836,-74.333,1.315
2012-05-05-08_35_21.026,285,7,17,0,-60.670,-74.291,2.215
2012-05-05-08_35_21.026,285,7,17,0,-60.731,-74.269,5.415
2012-05-05-08_35_21.027,285,7,17,0,-60.677,-74.219,3.315
2012-05-05-08_35_21.027,285,0,17,1,-2.196,-74.286,2.324
2012-05-05-08_35_21.028,285,0,17,1,-2.169,-74.189,2.224
2012-05-05-08_35_21.028,285,0,17,1,-2.269,-74.268,2.224
2012-05-05-08_35_21.029,285,1,17,1,-11.214,-74.292,1.924
2012-05-05-08_35_21.029,285,1,17,1,-11.343,-74.221,1.924
2012-05-05-08_35_21.029,285,1,17,1,-11.236,-74.206,1.924
2012-05-05-08_35_21.030,285,2,17,1,-20.161,-74.216,1.324
2012-05-05-08_35_21.030,285,2,17,1,-20.234,-74.198,1.424
2012-05-05-08_35_21.031,285,2,17,1,-20.242,-74.197,1.424
2012-05-05-08_35_21.031,285,3,17,1,-29.183,-74.298,1.524
2012-05-05-08_35_21.032,285,3,17,1,-29.156,-74.201,1.724
2012-05-05-08_35_21.032,285,3,17,1,-29.256,-74.281,1.524
2012-05-05-08_35_21.033,285,4,17,1,-38.180,-74.300,1.124
2012-05-05-08_35_21.033,285,4,17,1,-38.152,-74.203,1.124
2012-05-05-08_35_21.034,285,4,17,1,-38.253,-74.282,1.024
2012-05-05-08_35_21.034,285,5,17,1,-47.196,-74.289,1.624
2012-05-05-08_35_21.035,285,5,17,1,-47.284,-74.267,1.524
2012-05-05-08_35_21.035,285,5,17,1,-47.252,-74.292,1.624
2012-05-05-08_35_21.036,285,6,17,1,-56.225,-74.361,1.424
2012-05-05-08_35_21.036,285,6,17,1,-56.198,-74.264,1.524
2012-05-05-08_35_21.037,285,6,17,1,-56.298,-74.343,1.424
2012-05-05-08_35_21.037,285,7,17,1,-65.193,-74.279,2.224
2012-05-05-08_35_21.038,285,7,17,1,-65.200,-74.278,2.224
2012-05-05-08_35_21.038,285,7,17,1,-65.180,-74.178,4.624
2012-05-05-08_35_21.039,285,0,18,0,2.265,-78.779,2.033
2012-05-05-08_35_21.039,285,0,18,0,2.293,-78.690,2.033
2012-05-05-08_35_21.040,285,0,18,0,2.187,-78.755,2.033
2012-05-05-08_35_21.040,285,1,18,0,-6.750,-78.789,1.933
2012-05-05-08_35_21.041,285,1,18,0,-6.831,-78.770,1.933
2012-05-05-08_35_21.042,285,1,18,0,-6.769,-78.704,1.933
2012-05-05-08_35_21.043,285,2,18,0,-15.700,-78.708,1.433
2012-05-05-08_35_21.043,285,2,18,0,-15.777,-78.685,1.433
2012-05-05-08_35_21.044,285,2,18,0,-15.719,-78.640,1.433
2012-05-05-08_35_21.044,285,3,18,0,-24.722,-78.791,1.833
2012-05-05-08_35_21.046,285,3,18,0,-24.694,-78.702,1.833
2012-05-05-08_35_21.046,285,3,18,0,-24.800,-78.767,1.833
2012-05-05-08_35_21.047,285,4,18,0,-33.718,-78.793,1.133
2012-05-05-08_35_21.048,285,4,18,0,-33.691,-78.704,1.233
2012-05-05-08_35_21.048,285,4,18,0,-33.796,-78.769,1.233
2012-05-05-08_35_21.049,285,5,18,0,-42.734,-78.790,1.733
2012-05-05-08_35_21.049,285,5,18,0,-42.684,-78.838,1.533
2012-05-05-08_35_21.050,285,5,18,0,-42.781,-78.809,1.733
2012-05-05-08_35_21.050,285,6,18,0,-51.764,-78.853,1.533
2012-05-05-08_35_21.051,285,6,18,0,-51.736,-78.764,1.633
2012-05-05-08_35_21.052,285,6,18,0,-51.685,-78.813,1.633
2012-05-05-08_35_21.052,285,7,18,0,-60.658,-78.789,2.433
2012-05-05-08_35_21.053,285,7,18,0,-60.736,-78.766,2.433
2012-05-05-08_35_21.053,285,7,18,0,-60.677,-78.720,2.333
2012-05-05-08_35_21.054,285,0,18,1,-2.194,-78.787,2.042
2012-05-05-08_35_21.054,285,0,18,1,-2.169,-78.689,2.041
2012-05-05-08_35_21.055,285,0,18,1,-2.270,-78.765,2.041
2012-05-05-08_35_21.055,285,1,18,1,-11.212,-78.789,1.842
2012-05-05-08_35_21.056,285,1,18,1,-11.344,-78.721,1.941
2012-05-05-08_35_21.056,285,1,18,1,-11.236,-78.704,1.841
2012-05-05-08_35_21.130,285,2,18,1,-20.159,-78.717,1.442
2012-05-05-08_35_21.135,285,2,18,1,-20.235,-78.695,1.441
2012-05-05-08_35_21.139,285,2,18,1,-20.242,-78.693,1.541
2012-05-05-08_35_21.141,285,3,18,1,-29.181,-78.800,1.642
2012-05-05-08_35_21.142,285,3,18,1,-29.156,-78.702,1.841
2012-05-05-08_35_21.144,285,3,18,1,-29.257,-78.778,1.841
2012-05-05-08_35_21.145,285,4,18,1,-38.178,-78.801,1.242
2012-05-05-08_35_21.147,285,4,18,1,-38.153,-78.703,1.241
2012-05-05-08_35_21.148,285,4,18,1,-38.253,-78.779,1.241
2012-05-05-08_35_21.150,285,5,18,1,-47.196,-78.789,1.641
2012-05-05-08_35_21.151,285,5,18,1,-47.284,-78.765,1.641
2012-05-05-08_35_21.153,285,5,18,1,-47.253,-78.793,1.541
2012-05-05-08_35_21.154,285,6,18,1,-56.223,-78.862,1.642
2012-05-05-08_35_21.156,285,6,18,1,-56.198,-78.764,1.741
2012-05-05-08_35_21.157,285,6,18,1,-56.299,-78.840,1.641
2012-05-05-08_35_21.157,285,7,18,1,-65.193,-78.776,2.441
2012-05-05-08_35_21.158,285,7,18,1,-65.201,-78.774,2.341
2012-05-05-08_35_21.159,285,7,18,1,-65.181,-78.676,2.341
2012-05-05-08_35_21.159,285,0,19,0,2.265,-83.282,2.053
2012-05-05-08_35_21.160,285,0,19,0,2.295,-83.197,1.953
2012-05-05-08_35_21.160,285,0,19,0,2.189,-83.253,1.953
2012-05-05-08_35_21.161,285,1,19,0,-6.751,-83.290,1.953
2012-05-05-08_35_21.161,285,1,19,0,-6.831,-83.269,1.953
2012-05-05-08_35_21.162,285,1,19,0,-6.770,-83.212,1.953
2012-05-05-08_35_21.162,285,2,19,0,-15.700,-83.212,1.553
2012-05-05-08_35_21.163,285,2,19,0,-15.775,-83.183,1.453
2012-05-05-08_35_21.163,285,2,19,0,-15.721,-83.142,1.453
2012-05-05-08_35_21.164,285,3,19,0,-24.722,-83.294,12.953
2012-05-05-08_35_21.164,285,3,19,0,-24.692,-83.209,1.853
2012-05-05-08_35_21.164,285,3,19,0,-24.798,-83.266,1.853
2012-05-05-08_35_21.165,285,4,19,0,-33.719,-83.296,1.153
2012-05-05-08_35_21.166,285,4,19,0,-33.689,-83.211,1.153
2012-05-05-08_35_21.166,285,4,19,0,-33.794,-83.267,1.153
2012-05-05-08_35_21.167,285,5,19,0,-42.732,-83.297,1.853
2012-05-05-08_35_21.167,285,5,19,0,-42.684,-83.337,1.553
2012-05-05-08_35_21.168,285,5,19,0,-42.784,-83.312,1.753
2012-05-05-08_35_21.168,285,6,19,0,-51.764,-83.357,1.553
2012-05-05-08_35_21.169,285,6,19,0,-51.734,-83.272,1.653
2012-05-05-08_35_21.169,285,6,19,0,-51.840,-83.328,1.553
2012-05-05-08_35_21.170,285,7,19,0,-60.659,-83.293,13.253
2012-05-05-08_35_21.170,285,7,19,0,-60.734,-83.264,2.453
2012-05-05-08_35_21.170,285,7,19,0,-60.680,-83.223,2.453
2012-05-05-08_35_21.171,285,0,19,1,-2.192,-83.292,2.065
2012-05-05-08_35_21.171,285,0,19,1,-2.170,-83.196,2.065
2012-05-05-08_35_21.172,285,0,19,1,-2.270,-83.266,2.065
2012-05-05-08_35_21.172,285,1,19,1,-11.213,-83.291,1.865
2012-05-05-08_35_21.173,285,1,19,1,-11.344,-83.227,1.865
2012-05-05-08_35_21.173,285,1,19,1,-11.237,-83.211,1.865
2012-05-05-08_35_21.174,285,2,19,1,-20.157,-83.222,1.465
2012-05-05-08_35_21.174,285,2,19,1,-20.235,-83.196,1.465
2012-05-05-08_35_21.175,285,2,19,1,-20.242,-83.195,1.465
2012-05-05-08_35_21.176,285,3,19,1,-29.179,-83.304,1.865
2012-05-05-08_35_21.177,285,3,19,1,-29.157,-83.208,1.865
2012-05-05-08_35_21.177,285,3,19,1,-29.257,-83.278,1.865
2012-05-05-08_35_21.178,285,4,19,1,-38.176,-83.306,1.265
2012-05-05-08_35_21.178,285,4,19,1,-38.153,-83.210,1.165
2012-05-05-08_35_21.179,285,4,19,1,-38.254,-83.280,1.265
2012-05-05-08_35_21.179,285,5,19,1,-47.197,-83.296,1.665
2012-05-05-08_35_21.180,285,5,19,1,-47.282,-83.270,1.565
2012-05-05-08_35_21.180,285,5,19,1,-47.251,-83.298,1.565
2012-05-05-08_35_21.181,285,6,19,1,-56.199,-83.270,1.565
2012-05-05-08_35_21.182,285,6,19,1,-56.299,-83.341,1.565
2012-05-05-08_35_21.182,285,6,19,1,-56.307,-83.339,1.665
2012-05-05-08_35_21.183,285,7,19,1,-65.194,-83.277,2.365
2012-05-05-08_35_21.183,285,7,19,1,-65.201,-83.275,2.465
2012-05-05-08_35_21.184,285,7,19,1,-65.179,-83.181,2.365
2012-05-05-08_35_21.184,285,0,20,0,2.269,-87.784,2.078
2012-05-05-08_35_21.184,285,0,20,0,2.294,-87.696,1.978
2012-05-05-08_35_21.185,285,0,20,0,2.187,-87.754,1.978
2012-05-05-08_35_21.185,285,1,20,0,-6.751,-87.794,1.878
2012-05-05-08_35_21.186,285,1,20,0,-6.829,-87.768,1.878
2012-05-05-08_35_21.186,285,1,20,0,-6.773,-87.716,1.878
2012-05-05-08_35_21.187,285,2,20,0,-15.696,-87.714,1.478
2012-05-05-08_35_21.187,285,2,20,0,-15.778,-87.684,1.478
2012-05-05-08_35_21.188,285,2,20,0,-15.719,-87.640,1.478
2012-05-05-08_35_21.188,285,3,20,0,-24.718,-87.796,1.878
2012-05-05-08_35_21.189,285,3,20,0,-24.693,-87.709,1.878
2012-05-05-08_35_21.189,285,3,20,0,-24.800,-87.766,1.878
2012-05-05-08_35_21.190,285,4,20,0,-33.714,-87.798,1.178
2012-05-05-08_35_21.190,285,4,20,0,-33.689,-87.710,1.078
2012-05-05-08_35_21.191,285,4,20,0,-33.797,-87.768,1.178
2012-05-05-08_35_21.192,285,5,20,0,-42.733,-87.796,1.778
2012-05-05-08_35_21.193,285,5,20,0,-42.682,-87.836,1.578
2012-05-05-08_35_21.193,285,5,20,0,-42.782,-87.810,1.778
2012-05-05-08_35_21.194,285,6,20,0,-51.760,-87.858,1.578
2012-05-05-08_35_21.194,285,6,20,0,-51.735,-87.771,1.578
2012-05-05-08_35_21.195,285,6,20,0,-51.684,-87.811,1.578
2012-05-05-08_35_21.195,285,7,20,0,-60.654,-87.795,2.378
2012-05-05-08_35_21.196,285,7,20,0,-60.737,-87.765,2.478
2012-05-05-08_35_21.196,285,7,20,0,-60.678,-87.721,2.378
2012-05-05-08_35_21.197,285,0,20,1,-2.190,-87.791,1.987
2012-05-05-08_35_21.197,285,0,20,1,-2.276,-87.773,2.087
2012-05-05-08_35_21.198,285,0,20,1,-2.217,-87.710,1.987
2012-05-05-08_35_21.198,285,1,20,1,-11.291,-87.769,12.887
2012-05-05-08_35_21.199,285,2,20,1,-20.155,-87.721,1.487
2012-05-05-08_35_21.199,285,2,20,1,-20.241,-87.703,1.487
2012-05-05-08_35_21.200,285,3,20,1,-29.177,-87.803,1.687
2012-05-05-08_35_21.200,285,3,20,1,-29.263,-87.785,1.887
2012-05-05-08_35_21.201,285,3,20,1,-29.204,-87.722,1.887
2012-05-05-08_35_21.201,285,4,20,1,-38.174,-87.805,1.287
2012-05-05-08_35_21.202,285,4,20,1,-38.259,-87.787,1.287
2012-05-05-08_35_21.202,285,4,20,1,-38.200,-87.724,1.287
2012-05-05-08_35_21.203,285,5,20,1,-47.244,-87.810,1.587
2012-05-05-08_35_21.204,285,6,20,1,-56.219,-87.866,1.687
2012-05-05-08_35_21.204,285,6,20,1,-56.305,-87.847,1.587
2012-05-05-08_35_21.205,285,6,20,1,-56.246,-87.785,1.687
2012-05-05-08_35_21.205,285,7,20,1,-65.199,-87.784,2.387
2012-05-05-08_35_21.206,285,7,20,1,-65.140,-87.721,2.387
2012-05-05-08_35_21.206,285,0,21,0,2.269,-92.284,2.096
2012-05-05-08_35_21.207,285,0,21,0,2.294,-92.190,2.096
2012-05-05-08_35_21.207,285,0,21,0,2.186,-92.257,2.096
2012-05-05-08_35_21.208,285,1,21,0,-6.754,-92.295,1.896
2012-05-05-08_35_21.209,285,1,21,0,-6.830,-92.269,1.896
2012-05-05-08_35_21.210,285,1,21,0,-6.773,-92.210,1.896
2012-05-05-08_35_21.210,285,2,21,0,-15.696,-92.213,1.496
2012-05-05-08_35_21.211,285,2,21,0,-15.779,-92.187,1.396
2012-05-05-08_35_21.211,285,2,21,0,-15.717,-92.135,1.396
2012-05-05-08_35_21.212,285,3,21,0,-24.718,-92.296,1.796
2012-05-05-08_35_21.212,285,3,21,0,-24.693,-92.203,1.896
2012-05-05-08_35_21.213,285,3,21,0,-24.801,-92.269,1.896
2012-05-05-08_35_21.213,285,4,21,0,-33.715,-92.298,1.196
2012-05-05-08_35_21.213,285,4,21,0,-33.690,-92.204,1.196
2012-05-05-08_35_21.214,285,4,21,0,-33.797,-92.271,1.096
2012-05-05-08_35_21.214,285,5,21,0,-42.733,-92.290,1.796
2012-05-05-08_35_21.215,285,5,21,0,-42.682,-92.337,1.596
2012-05-05-08_35_21.216,285,5,21,0,-42.780,-92.305,1.896
2012-05-05-08_35_21.216,285,6,21,0,-51.760,-92.358,1.496
2012-05-05-08_35_21.216,285,6,21,0,-51.735,-92.265,1.596
2012-05-05-08_35_21.217,285,6,21,0,-51.684,-92.312,1.496
2012-05-05-08_35_21.217,285,7,21,0,-60.655,-92.294,2.396
2012-05-05-08_35_21.218,285,7,21,0,-60.737,-92.268,2.396
2012-05-05-08_35_21.218,285,7,21,0,-60.676,-92.216,2.396
2012-05-05-08_35_21.219,285,0,21,1,-2.191,-92.289,2.104
2012-05-05-08_35_21.219,285,0,21,1,-2.168,-92.190,2.104
2012-05-05-08_35_21.220,285,0,21,1,-2.269,-92.269,2.104
2012-05-05-08_35_21.220,285,1,21,1,-11.214,-92.296,2.004
2012-05-05-08_35_21.221,285,1,21,1,-11.342,-92.222,2.004
2012-05-05-08_35_21.221,285,1,21,1,-11.235,-92.210,2.004
2012-05-05-08_35_21.222,285,2,21,1,-20.156,-92.219,1.404
2012-05-05-08_35_21.222,285,2,21,1,-20.234,-92.199,1.504
2012-05-05-08_35_21.223,285,2,21,1,-20.241,-92.198,1.504
2012-05-05-08_35_21.223,285,3,21,1,-29.178,-92.301,1.604
2012-05-05-08_35_21.223,285,3,21,1,-29.155,-92.202,1.804
2012-05-05-08_35_21.224,285,3,21,1,-29.256,-92.281,1.904
2012-05-05-08_35_21.224,285,4,21,1,-38.174,-92.303,1.304
2012-05-05-08_35_21.225,285,4,21,1,-38.152,-92.204,1.204
2012-05-05-08_35_21.225,285,4,21,1,-38.252,-92.283,1.204
2012-05-05-08_35_21.226,285,5,21,1,-47.195,-92.290,1.604
2012-05-05-08_35_21.226,285,5,21,1,-47.281,-92.270,1.604
2012-05-05-08_35_21.227,285,5,21,1,-47.251,-92.291,1.604
2012-05-05-08_35_21.227,285,6,21,1,-56.220,-92.363,1.604
2012-05-05-08_35_21.228,285,6,21,1,-56.197,-92.264,1.604
2012-05-05-08_35_21.228,285,6,21,1,-56.298,-92.344,1.604
2012-05-05-08_35_21.229,285,7,21,1,-65.192,-92.280,2.404
2012-05-05-08_35_21.229,285,7,21,1,-65.200,-92.279,2.404
2012-05-05-08_35_21.230,285,7,21,1,-65.177,-92.180,2.404
2012-05-05-08_35_21.230,285,0,22,0,2.269,-96.779,2.016
2012-05-05-08_35_21.230,285,0,22,0,2.296,-96.692,2.016
2012-05-05-08_35_21.231,285,0,22,0,2.188,-96.757,3.516
2012-05-05-08_35_21.231,285,1,22,0,-6.754,-96.794,1.916
2012-05-05-08_35_21.232,285,1,22,0,-6.830,-96.775,1.916
2012-05-05-08_35_21.232,285,1,22,0,-6.773,-96.708,1.916
2012-05-05-08_35_21.233,285,2,22,0,-15.696,-96.709,1.416
2012-05-05-08_35_21.233,285,2,22,0,-15.777,-96.687,6.916
2012-05-05-08_35_21.234,285,2,22,0,-15.715,-96.640,1.416
2012-05-05-08_35_21.234,285,3,22,0,-24.718,-96.792,1.916
2012-05-05-08_35_21.235,285,3,22,0,-24.691,-96.704,1.916
2012-05-05-08_35_21.235,285,3,22,0,-24.799,-96.770,7.216
2012-05-05-08_35_21.236,285,4,22,0,-33.715,-96.793,1.116
2012-05-05-08_35_21.236,285,4,22,0,-33.688,-96.706,1.116
2012-05-05-08_35_21.237,285,4,22,0,-33.795,-96.771,2.516
2012-05-05-08_35_21.237,285,5,22,0,-42.731,-96.792,1.816
2012-05-05-08_35_21.238,285,5,22,0,-42.683,-96.843,1.516
2012-05-05-08_35_21.238,285,5,22,0,-42.778,-96.810,1.816
2012-05-05-08_35_21.238,285,6,22,0,-51.760,-96.854,1.516
2012-05-05-08_35_21.240,285,6,22,0,-51.733,-96.766,1.516
2012-05-05-08_35_21.240,285,6,22,0,-51.685,-96.818,1.616
2012-05-05-08_35_21.241,285,7,22,0,-60.655,-96.790,2.316
2012-05-05-08_35_21.241,285,7,22,0,-60.735,-96.768,10.416
2012-05-05-08_35_21.242,285,7,22,0,-60.674,-96.721,2.316
2012-05-05-08_35_21.242,285,0,22,1,-2.194,-96.786,2.125
2012-05-05-08_35_21.243,285,0,22,1,-2.168,-96.691,2.125
2012-05-05-08_35_21.244,285,0,22,1,-2.264,-96.767,2.125
2012-05-05-08_35_21.245,285,1,22,1,-11.214,-96.794,1.925
2012-05-05-08_35_21.245,285,1,22,1,-11.343,-96.723,1.925
2012-05-05-08_35_21.246,285,1,22,1,-11.235,-96.708,1.925
2012-05-05-08_35_21.247,285,2,22,1,-20.158,-96.716,1.525
2012-05-05-08_35_21.247,285,2,22,1,-20.229,-96.697,1.425
2012-05-05-08_35_21.248,285,2,22,1,-20.236,-96.696,1.425
2012-05-05-08_35_21.248,285,3,22,1,-29.181,-96.798,1.625
2012-05-05-08_35_21.249,285,3,22,1,-29.155,-96.703,1.825
2012-05-05-08_35_21.250,285,3,22,1,-29.251,-96.779,1.725
2012-05-05-08_35_21.250,285,4,22,1,-38.177,-96.800,1.125
2012-05-05-08_35_21.251,285,4,22,1,-38.152,-96.705,1.225
2012-05-05-08_35_21.252,285,4,22,1,-38.248,-96.781,1.225
2012-05-05-08_35_21.252,285,5,22,1,-47.196,-96.791,1.625
2012-05-05-08_35_21.253,285,5,22,1,-47.281,-96.768,1.625
2012-05-05-08_35_21.253,285,5,22,1,-47.252,-96.791,1.625
2012-05-05-08_35_21.254,285,6,22,1,-56.223,-96.861,1.625
2012-05-05-08_35_21.254,285,6,22,1,-56.197,-96.766,1.625
2012-05-05-08_35_21.255,285,6,22,1,-56.293,-96.842,1.625
2012-05-05-08_35_21.255,285,7,22,1,-65.188,-96.778,4.625
2012-05-05-08_35_21.256,285,7,22,1,-65.195,-96.777,2.225
2012-05-05-08_35_21.256,285,7,22,1,-65.177,-96.679,2.325
2012-05-05-08_35_21.257,285,0,23,0,2.271,-101.278,1.940
2012-05-05-08_35_21.257,285,0,23,0,2.296,-101.191,1.940
2012-05-05-08_35_21.258,285,0,23,0,2.188,-101.254,1.940
2012-05-05-08_35_21.258,285,1,23,0,-6.755,-101.289,1.840
2012-05-05-08_35_21.259,285,1,23,0,-6.830,-101.270,1.940
2012-05-05-08_35_21.259,285,1,23,0,-6.776,-101.205,1.840
2012-05-05-08_35_21.260,285,2,23,0,-15.694,-101.208,1.340
2012-05-05-08_35_21.260,285,2,23,0,-15.777,-101.184,1.340
2012-05-05-08_35_21.261,285,2,23,0,-15.716,-101.140,1.340
2012-05-05-08_35_21.261,285,3,23,0,-24.716,-101.290,1.840
2012-05-05-08_35_21.262,285,3,23,0,-24.691,-101.203,1.840
2012-05-05-08_35_21.262,285,3,23,0,-24.799,-101.266,1.840
2012-05-05-08_35_21.263,285,4,23,0,-33.713,-101.292,1.140
2012-05-05-08_35_21.264,285,4,23,0,-33.688,-101.205,1.140
2012-05-05-08_35_21.264,285,4,23,0,-33.796,-101.268,1.140
2012-05-05-08_35_21.265,285,5,23,0,-42.732,-101.291,1.640
2012-05-05-08_35_21.265,285,5,23,0,-42.683,-101.338,1.540
2012-05-05-08_35_21.266,285,5,23,0,-42.778,-101.310,1.640
2012-05-05-08_35_21.266,285,6,23,0,-51.758,-101.353,1.540
2012-05-05-08_35_21.267,285,6,23,0,-51.733,-101.265,1.540
2012-05-05-08_35_21.267,285,6,23,0,-51.685,-101.313,1.540
2012-05-05-08_35_21.268,285,7,23,0,-60.653,-101.289,2.240
2012-05-05-08_35_21.268,285,7,23,0,-60.736,-101.265,2.240
2012-05-05-08_35_21.269,285,7,23,0,-60.675,-101.221,2.240
2012-05-05-08_35_21.269,285,0,23,1,-2.179,-101.276,2.140
2012-05-05-08_35_21.270,285,0,23,1,-2.169,-101.190,2.040
2012-05-05-08_35_21.270,285,0,23,1,-2.262,-101.264,2.040
2012-05-05-08_35_21.271,285,1,23,1,-11.354,-101.307,1.940
2012-05-05-08_35_21.271,285,1,23,1,-11.343,-101.222,1.940
2012-05-05-08_35_21.271,285,1,23,1,-11.236,-101.205,1.940
2012-05-05-08_35_21.272,285,2,23,1,-20.144,-101.205,1.440
2012-05-05-08_35_21.272,285,2,23,1,-20.227,-101.194,1.440
2012-05-05-08_35_21.273,285,2,23,1,-20.237,-101.193,1.440
2012-05-05-08_35_21.273,285,3,23,1,-29.166,-101.288,1.740
2012-05-05-08_35_21.275,285,3,23,1,-29.156,-101.202,1.840
2012-05-05-08_35_21.275,285,3,23,1,-29.249,-101.276,1.840
2012-05-05-08_35_21.276,285,4,23,1,-38.163,-101.290,1.240
2012-05-05-08_35_21.277,285,4,23,1,-38.152,-101.204,1.240
2012-05-05-08_35_21.277,285,4,23,1,-38.246,-101.278,1.240
2012-05-05-08_35_21.277,285,5,23,1,-47.196,-101.290,1.540
2012-05-05-08_35_21.278,285,5,23,1,-47.279,-101.266,1.640
2012-05-05-08_35_21.278,285,5,23,1,-47.250,-101.292,1.640
2012-05-05-08_35_21.279,285,6,23,1,-56.208,-101.350,1.540
2012-05-05-08_35_21.279,285,6,23,1,-56.198,-101.265,1.540
2012-05-05-08_35_21.280,285,6,23,1,-56.291,-101.339,1.540
2012-05-05-08_35_21.280,285,7,23,1,-65.186,-101.275,2.140
2012-05-05-08_35_21.281,285,7,23,1,-65.196,-101.274,2.140
2012-05-05-08_35_21.281,285,7,23,1,-65.175,-101.176,2.140
