2012-05-07-14_18_26.262,26,0,0,0,2.253,2.217,3.795
2012-05-07-14_18_26.263,26,0,0,0,2.188,2.229,3.794
2012-05-07-14_18_26.263,26,0,0,0,2.234,2.295,3.794
2012-05-07-14_18_26.264,26,1,0,0,-6.738,2.313,2.995
2012-05-07-14_18_26.265,26,1,0,0,-6.804,2.326,2.894
2012-05-07-14_18_26.265,26,1,0,0,-6.758,2.303,2.994
2012-05-07-14_18_26.266,26,2,0,0,-15.682,2.220,2.695
2012-05-07-14_18_26.268,26,2,0,0,-15.748,2.233,2.594
2012-05-07-14_18_26.269,26,2,0,0,-15.701,2.299,2.594
2012-05-07-14_18_26.270,26,3,0,0,-24.702,2.268,2.695
2012-05-07-14_18_26.270,26,3,0,0,-24.768,2.280,2.694
2012-05-07-14_18_26.271,26,3,0,0,-24.721,2.346,2.594
2012-05-07-14_18_26.272,26,4,0,0,-33.712,2.276,2.195
2012-05-07-14_18_26.273,26,4,0,0,-33.778,2.289,2.194
2012-05-07-14_18_26.273,26,4,0,0,-33.731,2.354,2.194
2012-05-07-14_18_26.295,26,5,0,0,-42.773,2.250,2.895
2012-05-07-14_18_26.296,26,5,0,0,-42.838,2.262,2.894
2012-05-07-14_18_26.296,26,5,0,0,-42.792,2.328,2.894
2012-05-07-14_18_26.297,26,6,0,0,-51.741,2.191,2.795
2012-05-07-14_18_26.298,26,6,0,0,-51.807,2.204,2.794
2012-05-07-14_18_26.299,26,6,0,0,-51.760,2.270,2.794
2012-05-07-14_18_26.300,26,7,0,0,-60.738,2.291,3.395
2012-05-07-14_18_26.300,26,7,0,0,-60.804,2.303,3.394
2012-05-07-14_18_26.302,26,7,0,0,-60.757,2.369,3.394
2012-05-07-14_18_26.302,26,0,0,1,-2.194,2.210,3.694
2012-05-07-14_18_26.303,26,0,0,1,-2.250,2.210,3.794
2012-05-07-14_18_26.304,26,0,0,1,-2.270,2.229,3.694
2012-05-07-14_18_26.305,26,1,0,1,-11.186,2.306,2.894
2012-05-07-14_18_26.306,26,1,0,1,-11.242,2.306,2.994
2012-05-07-14_18_26.307,26,1,0,1,-11.261,2.325,2.994
2012-05-07-14_18_26.308,26,2,0,1,-20.186,2.213,2.794
2012-05-07-14_18_26.309,26,2,0,1,-20.205,2.232,2.794
2012-05-07-14_18_26.310,26,2,0,1,-20.156,2.298,2.794
2012-05-07-14_18_26.311,26,3,0,1,-29.150,2.261,2.694
2012-05-07-14_18_26.312,26,3,0,1,-29.206,2.261,2.694
2012-05-07-14_18_26.312,26,3,0,1,-29.225,2.280,2.694
2012-05-07-14_18_26.313,26,4,0,1,-38.159,2.269,2.494
2012-05-07-14_18_26.314,26,4,0,1,-38.215,2.269,2.494
2012-05-07-14_18_26.315,26,4,0,1,-38.235,2.288,2.494
2012-05-07-14_18_26.316,26,5,0,1,-47.220,2.243,2.694
2012-05-07-14_18_26.316,26,5,0,1,-47.276,2.243,2.794
2012-05-07-14_18_26.318,26,5,0,1,-47.296,2.262,2.694
2012-05-07-14_18_26.318,26,6,0,1,-56.189,2.184,2.794
2012-05-07-14_18_26.319,26,6,0,1,-56.245,2.184,2.794
2012-05-07-14_18_26.320,26,6,0,1,-56.264,2.203,2.794
2012-05-07-14_18_26.320,26,7,0,1,-65.186,2.284,3.594
2012-05-07-14_18_26.321,26,7,0,1,-65.242,2.284,3.594
2012-05-07-14_18_26.322,26,7,0,1,-65.261,2.303,3.594
2012-05-07-14_18_26.322,26,0,1,0,2.253,-2.282,3.908
2012-05-07-14_18_26.323,26,0,1,0,2.185,-2.270,3.908
2012-05-07-14_18_26.324,26,0,1,0,2.234,-2.206,3.908
2012-05-07-14_18_26.324,26,1,1,0,-6.739,-2.185,3.208
2012-05-07-14_18_26.325,26,1,1,0,-6.807,-2.174,3.208
2012-05-07-14_18_26.328,26,1,1,0,-6.761,-2.195,3.208
2012-05-07-14_18_26.329,26,2,1,0,-15.683,-2.278,2.708
2012-05-07-14_18_26.330,26,2,1,0,-15.751,-2.267,2.608
2012-05-07-14_18_26.331,26,2,1,0,-15.702,-2.203,2.608
2012-05-07-14_18_26.331,26,3,1,0,-24.703,-2.231,2.608
2012-05-07-14_18_26.332,26,3,1,0,-24.771,-2.219,2.608
2012-05-07-14_18_26.333,26,3,1,0,-24.722,-2.155,2.608
2012-05-07-14_18_26.333,26,4,1,0,-33.712,-2.223,2.308
2012-05-07-14_18_26.351,26,4,1,0,-33.780,-2.211,2.308
2012-05-07-14_18_26.351,26,4,1,0,-33.731,-2.147,2.308
2012-05-07-14_18_26.352,26,5,1,0,-42.773,-2.249,2.908
2012-05-07-14_18_26.353,26,5,1,0,-42.841,-2.237,2.908
2012-05-07-14_18_26.353,26,5,1,0,-42.792,-2.173,2.808
2012-05-07-14_18_26.354,26,6,1,0,-51.742,-2.307,2.808
2012-05-07-14_18_26.354,26,6,1,0,-51.810,-2.296,2.808
2012-05-07-14_18_26.355,26,6,1,0,-51.761,-2.232,2.808
2012-05-07-14_18_26.356,26,7,1,0,-60.739,-2.208,3.508
2012-05-07-14_18_26.356,26,7,1,0,-60.807,-2.196,3.508
2012-05-07-14_18_26.357,26,7,1,0,-60.758,-2.132,3.508
2012-05-07-14_18_26.358,26,0,1,1,-2.194,-2.287,4.019
2012-05-07-14_18_26.358,26,0,1,1,-2.253,-2.287,4.019
2012-05-07-14_18_26.359,26,0,1,1,-2.270,-2.270,4.019
2012-05-07-14_18_26.360,26,1,1,1,-11.186,-2.191,3.219
2012-05-07-14_18_26.360,26,1,1,1,-11.245,-2.191,3.219
2012-05-07-14_18_26.361,26,1,1,1,-11.262,-2.174,3.219
2012-05-07-14_18_26.362,26,2,1,1,-20.189,-2.284,2.719
2012-05-07-14_18_26.362,26,2,1,1,-20.206,-2.267,2.819
2012-05-07-14_18_26.363,26,2,1,1,-20.156,-2.202,2.819
2012-05-07-14_18_26.363,26,3,1,1,-29.150,-2.236,2.619
2012-05-07-14_18_26.364,26,3,1,1,-29.209,-2.236,2.719
2012-05-07-14_18_26.365,26,3,1,1,-29.226,-2.219,2.619
2012-05-07-14_18_26.365,26,4,1,1,-38.160,-2.228,2.319
2012-05-07-14_18_26.366,26,4,1,1,-38.218,-2.228,2.319
2012-05-07-14_18_26.366,26,4,1,1,-38.235,-2.211,2.219
2012-05-07-14_18_26.367,26,5,1,1,-47.220,-2.254,2.919
2012-05-07-14_18_26.367,26,5,1,1,-47.279,-2.255,2.919
2012-05-07-14_18_26.368,26,5,1,1,-47.296,-2.237,2.919
2012-05-07-14_18_26.368,26,6,1,1,-56.189,-2.313,2.819
2012-05-07-14_18_26.369,26,6,1,1,-56.248,-2.313,2.819
2012-05-07-14_18_26.369,26,6,1,1,-56.265,-2.296,2.819
2012-05-07-14_18_26.370,26,7,1,1,-65.186,-2.213,3.419
2012-05-07-14_18_26.370,26,7,1,1,-65.245,-2.214,3.519
2012-05-07-14_18_26.372,26,7,1,1,-65.262,-2.196,3.519
2012-05-07-14_18_26.373,26,0,2,0,2.250,-6.778,3.930
2012-05-07-14_18_26.373,26,0,2,0,2.187,-6.765,3.930
2012-05-07-14_18_26.374,26,0,2,0,2.231,-6.705,3.930
2012-05-07-14_18_26.375,26,1,2,0,-6.742,-6.682,3.230
2012-05-07-14_18_26.375,26,1,2,0,-6.805,-6.668,3.230
2012-05-07-14_18_26.376,26,1,2,0,-6.761,-6.693,3.230
2012-05-07-14_18_26.376,26,2,2,0,-15.685,-6.774,2.730
2012-05-07-14_18_26.377,26,2,2,0,-15.749,-6.761,2.730
2012-05-07-14_18_26.377,26,2,2,0,-15.704,-6.702,2.730
2012-05-07-14_18_26.378,26,3,2,0,-24.705,-6.727,2.730
2012-05-07-14_18_26.379,26,3,2,0,-24.769,-6.714,2.630
2012-05-07-14_18_26.380,26,3,2,0,-24.724,-6.654,2.630
2012-05-07-14_18_26.380,26,4,2,0,-33.715,-6.719,2.430
2012-05-07-14_18_26.381,26,4,2,0,-33.778,-6.706,2.430
2012-05-07-14_18_26.382,26,4,2,0,-33.734,-6.646,2.430
2012-05-07-14_18_26.383,26,5,2,0,-42.776,-6.745,3.030
2012-05-07-14_18_26.383,26,5,2,0,-42.839,-6.732,3.030
2012-05-07-14_18_26.384,26,5,2,0,-42.795,-6.673,3.030
2012-05-07-14_18_26.385,26,6,2,0,-51.745,-6.803,2.830
2012-05-07-14_18_26.385,26,6,2,0,-51.808,-6.790,2.830
2012-05-07-14_18_26.386,26,6,2,0,-51.764,-6.731,2.930
2012-05-07-14_18_26.387,26,7,2,0,-60.742,-6.704,3.630
2012-05-07-14_18_26.387,26,7,2,0,-60.805,-6.691,3.630
2012-05-07-14_18_26.388,26,7,2,0,-60.761,-6.632,3.630
2012-05-07-14_18_26.389,26,0,2,1,-2.195,-6.786,3.939
2012-05-07-14_18_26.390,26,0,2,1,-2.253,-6.786,3.839
2012-05-07-14_18_26.391,26,0,2,1,-2.270,-6.765,3.839
2012-05-07-14_18_26.392,26,1,2,1,-11.187,-6.690,3.139
2012-05-07-14_18_26.392,26,1,2,1,-11.245,-6.690,3.139
2012-05-07-14_18_26.393,26,1,2,1,-11.262,-6.669,3.239
2012-05-07-14_18_26.393,26,2,2,1,-20.189,-6.782,2.739
2012-05-07-14_18_26.394,26,2,2,1,-20.206,-6.761,2.739
2012-05-07-14_18_26.395,26,2,2,1,-20.154,-6.701,2.739
2012-05-07-14_18_26.395,26,3,2,1,-29.150,-6.735,2.739
2012-05-07-14_18_26.396,26,3,2,1,-29.209,-6.735,2.739
2012-05-07-14_18_26.397,26,3,2,1,-29.226,-6.714,2.839
2012-05-07-14_18_26.397,26,4,2,1,-38.160,-6.727,2.539
2012-05-07-14_18_26.398,26,4,2,1,-38.219,-6.727,2.539
2012-05-07-14_18_26.399,26,4,2,1,-38.236,-6.706,2.639
2012-05-07-14_18_26.399,26,5,2,1,-47.221,-6.753,3.039
2012-05-07-14_18_26.400,26,5,2,1,-47.279,-6.753,2.939
2012-05-07-14_18_26.401,26,5,2,1,-47.296,-6.732,3.039
2012-05-07-14_18_26.401,26,6,2,1,-56.190,-6.811,2.939
2012-05-07-14_18_26.402,26,6,2,1,-56.248,-6.811,2.939
2012-05-07-14_18_26.403,26,6,2,1,-56.265,-6.790,2.839
2012-05-07-14_18_26.404,26,7,2,1,-65.187,-6.712,3.539
2012-05-07-14_18_26.404,26,7,2,1,-65.245,-6.712,3.539
2012-05-07-14_18_26.405,26,7,2,1,-65.262,-6.691,3.539
2012-05-07-14_18_26.406,26,0,3,0,2.252,-11.280,3.948
2012-05-07-14_18_26.406,26,0,3,0,2.186,-11.265,3.948
2012-05-07-14_18_26.407,26,0,3,0,2.233,-11.211,3.948
2012-05-07-14_18_26.408,26,1,3,0,-6.740,-11.184,3.348
2012-05-07-14_18_26.408,26,1,3,0,-6.805,-11.168,3.348
2012-05-07-14_18_26.409,26,1,3,0,-6.759,-11.197,3.348
2012-05-07-14_18_26.409,26,2,3,0,-15.683,-11.277,2.748
2012-05-07-14_18_26.410,26,2,3,0,-15.749,-11.261,2.648
2012-05-07-14_18_26.411,26,2,3,0,-15.702,-11.207,2.648
2012-05-07-14_18_26.411,26,3,3,0,-24.703,-11.229,2.648
2012-05-07-14_18_26.412,26,3,3,0,-24.769,-11.213,2.648
2012-05-07-14_18_26.412,26,3,3,0,-24.722,-11.160,2.648
2012-05-07-14_18_26.413,26,4,3,0,-33.713,-11.221,2.648
2012-05-07-14_18_26.414,26,4,3,0,-33.779,-11.205,2.548
2012-05-07-14_18_26.414,26,4,3,0,-33.732,-11.152,2.548
2012-05-07-14_18_26.415,26,5,3,0,-42.774,-11.247,2.948
2012-05-07-14_18_26.416,26,5,3,0,-42.840,-11.232,2.848
2012-05-07-14_18_26.417,26,5,3,0,-42.793,-11.178,2.848
2012-05-07-14_18_26.418,26,6,3,0,-51.743,-11.306,2.948
2012-05-07-14_18_26.418,26,6,3,0,-51.809,-11.290,2.948
2012-05-07-14_18_26.419,26,6,3,0,-51.762,-11.236,2.948
2012-05-07-14_18_26.420,26,7,3,0,-60.740,-11.206,3.548
2012-05-07-14_18_26.420,26,7,3,0,-60.805,-11.191,3.548
2012-05-07-14_18_26.421,26,7,3,0,-60.759,-11.137,3.448
2012-05-07-14_18_26.422,26,0,3,1,-2.193,-11.291,4.057
2012-05-07-14_18_26.423,26,0,3,1,-2.251,-11.291,4.057
2012-05-07-14_18_26.423,26,0,3,1,-2.273,-11.265,4.057
2012-05-07-14_18_26.424,26,1,3,1,-11.185,-11.195,3.257
2012-05-07-14_18_26.425,26,1,3,1,-11.243,-11.195,3.257
2012-05-07-14_18_26.426,26,1,3,1,-11.265,-11.169,3.257
2012-05-07-14_18_26.426,26,2,3,1,-20.187,-11.287,2.757
2012-05-07-14_18_26.427,26,2,3,1,-20.209,-11.261,2.757
2012-05-07-14_18_26.427,26,2,3,1,-20.155,-11.207,2.657
2012-05-07-14_18_26.428,26,3,3,1,-29.148,-11.240,2.757
2012-05-07-14_18_26.429,26,3,3,1,-29.207,-11.240,2.757
2012-05-07-14_18_26.429,26,3,3,1,-29.229,-11.214,2.757
2012-05-07-14_18_26.430,26,4,3,1,-38.158,-11.232,2.657
2012-05-07-14_18_26.431,26,4,3,1,-38.217,-11.232,2.657
2012-05-07-14_18_26.433,26,4,3,1,-38.238,-11.206,2.657
2012-05-07-14_18_26.433,26,5,3,1,-47.219,-11.258,3.057
2012-05-07-14_18_26.434,26,5,3,1,-47.278,-11.258,2.957
2012-05-07-14_18_26.435,26,5,3,1,-47.299,-11.232,3.057
2012-05-07-14_18_26.435,26,6,3,1,-56.188,-11.316,2.957
2012-05-07-14_18_26.436,26,6,3,1,-56.246,-11.316,2.857
2012-05-07-14_18_26.437,26,6,3,1,-56.268,-11.291,2.857
2012-05-07-14_18_26.437,26,7,3,1,-65.185,-11.217,3.457
2012-05-07-14_18_26.438,26,7,3,1,-65.243,-11.217,3.457
2012-05-07-14_18_26.438,26,7,3,1,-65.265,-11.191,3.457
2012-05-07-14_18_26.439,26,0,4,0,2.252,-15.782,3.969
2012-05-07-14_18_26.440,26,0,4,0,2.184,-15.768,3.969
2012-05-07-14_18_26.440,26,0,4,0,2.233,-15.709,3.969
2012-05-07-14_18_26.441,26,1,4,0,-6.740,-15.686,3.369
2012-05-07-14_18_26.442,26,1,4,0,-6.808,-15.671,3.269
2012-05-07-14_18_26.443,26,1,4,0,-6.762,-15.699,3.269
2012-05-07-14_18_26.444,26,2,4,0,-15.684,-15.778,2.669
2012-05-07-14_18_26.444,26,2,4,0,-15.752,-15.764,2.669
2012-05-07-14_18_26.445,26,2,4,0,-15.703,-15.705,2.669
2012-05-07-14_18_26.446,26,3,4,0,-24.704,-15.731,2.769
2012-05-07-14_18_26.446,26,3,4,0,-24.772,-15.717,2.669
2012-05-07-14_18_26.447,26,3,4,0,-24.723,-15.658,2.669
2012-05-07-14_18_26.447,26,4,4,0,-33.713,-15.723,2.269
2012-05-07-14_18_26.448,26,4,4,0,-33.782,-15.709,2.269
2012-05-07-14_18_26.448,26,4,4,0,-33.732,-15.650,2.269
2012-05-07-14_18_26.449,26,5,4,0,-42.774,-15.749,2.869
2012-05-07-14_18_26.450,26,5,4,0,-42.843,-15.735,2.869
2012-05-07-14_18_26.450,26,5,4,0,-42.793,-15.676,2.869
2012-05-07-14_18_26.451,26,6,4,0,-51.743,-15.807,2.869
2012-05-07-14_18_26.451,26,6,4,0,-51.811,-15.793,2.869
2012-05-07-14_18_26.452,26,6,4,0,-51.762,-15.734,2.869
2012-05-07-14_18_26.453,26,7,4,0,-60.740,-15.708,3.569
2012-05-07-14_18_26.454,26,7,4,0,-60.808,-15.694,3.469
2012-05-07-14_18_26.454,26,7,4,0,-60.759,-15.635,3.469
2012-05-07-14_18_26.455,26,0,4,1,-2.191,-15.792,3.982
2012-05-07-14_18_26.456,26,0,4,1,-2.252,-15.792,3.982
2012-05-07-14_18_26.456,26,0,4,1,-2.271,-15.769,3.982
2012-05-07-14_18_26.457,26,1,4,1,-11.183,-15.696,3.182
2012-05-07-14_18_26.458,26,1,4,1,-11.244,-15.696,3.182
2012-05-07-14_18_26.458,26,1,4,1,-11.263,-15.673,3.182
2012-05-07-14_18_26.459,26,2,4,1,-20.187,-15.788,2.782
2012-05-07-14_18_26.459,26,2,4,1,-20.207,-15.766,2.782
2012-05-07-14_18_26.460,26,2,4,1,-20.155,-15.705,2.782
2012-05-07-14_18_26.461,26,3,4,1,-29.146,-15.741,2.782
2012-05-07-14_18_26.462,26,3,4,1,-29.207,-15.741,2.782
2012-05-07-14_18_26.462,26,3,4,1,-29.227,-15.718,2.682
2012-05-07-14_18_26.463,26,4,4,1,-38.156,-15.733,2.382
2012-05-07-14_18_26.464,26,4,4,1,-38.217,-15.733,2.382
2012-05-07-14_18_26.465,26,4,4,1,-38.236,-15.710,2.382
2012-05-07-14_18_26.466,26,5,4,1,-47.217,-15.759,2.882
2012-05-07-14_18_26.467,26,5,4,1,-47.278,-15.759,2.882
2012-05-07-14_18_26.468,26,5,4,1,-47.297,-15.736,2.782
2012-05-07-14_18_26.469,26,6,4,1,-56.186,-15.817,2.782
2012-05-07-14_18_26.469,26,6,4,1,-56.247,-15.817,2.782
2012-05-07-14_18_26.470,26,6,4,1,-56.266,-15.795,2.782
2012-05-07-14_18_26.471,26,7,4,1,-65.183,-15.718,3.482
2012-05-07-14_18_26.471,26,7,4,1,-65.244,-15.718,3.482
2012-05-07-14_18_26.472,26,7,4,1,-65.263,-15.695,3.482
2012-05-07-14_18_26.473,26,0,5,0,2.251,-20.282,3.993
2012-05-07-14_18_26.474,26,0,5,0,2.183,-20.272,3.993
2012-05-07-14_18_26.476,26,0,5,0,2.232,-20.207,3.893
2012-05-07-14_18_26.477,26,1,5,0,-6.740,-20.186,3.293
2012-05-07-14_18_26.477,26,1,5,0,-6.809,-20.176,3.293
2012-05-07-14_18_26.478,26,1,5,0,-6.760,-20.197,3.293
2012-05-07-14_18_26.479,26,2,5,0,-15.684,-20.279,2.793
2012-05-07-14_18_26.480,26,2,5,0,-15.753,-20.269,2.793
2012-05-07-14_18_26.480,26,2,5,0,-15.703,-20.203,2.793
2012-05-07-14_18_26.481,26,3,5,0,-24.704,-20.231,2.593
2012-05-07-14_18_26.481,26,3,5,0,-24.773,-20.221,2.493
2012-05-07-14_18_26.482,26,3,5,0,-24.723,-20.156,2.493
2012-05-07-14_18_26.483,26,4,5,0,-33.714,-20.223,2.393
2012-05-07-14_18_26.484,26,4,5,0,-33.782,-20.213,2.393
2012-05-07-14_18_26.484,26,4,5,0,-33.733,-20.148,2.393
2012-05-07-14_18_26.485,26,5,5,0,-42.775,-20.250,2.793
2012-05-07-14_18_26.486,26,5,5,0,-42.843,-20.239,2.793
2012-05-07-14_18_26.487,26,5,5,0,-42.794,-20.174,2.793
2012-05-07-14_18_26.487,26,6,5,0,-51.744,-20.308,2.893
2012-05-07-14_18_26.488,26,6,5,0,-51.812,-20.298,2.893
2012-05-07-14_18_26.489,26,6,5,0,-51.763,-20.232,2.893
2012-05-07-14_18_26.490,26,7,5,0,-60.740,-20.209,3.393
2012-05-07-14_18_26.490,26,7,5,0,-60.809,-20.198,3.393
2012-05-07-14_18_26.491,26,7,5,0,-60.759,-20.133,3.393
2012-05-07-14_18_26.492,26,0,5,1,-2.191,-20.291,4.002
2012-05-07-14_18_26.492,26,0,5,1,-2.247,-20.291,4.102
2012-05-07-14_18_26.493,26,0,5,1,-2.267,-20.273,4.002
2012-05-07-14_18_26.493,26,1,5,1,-11.183,-20.195,3.202
2012-05-07-14_18_26.494,26,1,5,1,-11.239,-20.195,3.202
2012-05-07-14_18_26.495,26,1,5,1,-11.259,-20.177,3.102
2012-05-07-14_18_26.495,26,2,5,1,-20.183,-20.287,2.702
2012-05-07-14_18_26.496,26,2,5,1,-20.202,-20.270,2.702
2012-05-07-14_18_26.496,26,2,5,1,-20.153,-20.203,2.702
2012-05-07-14_18_26.497,26,3,5,1,-29.147,-20.240,2.702
2012-05-07-14_18_26.497,26,3,5,1,-29.203,-20.240,2.702
2012-05-07-14_18_26.498,26,3,5,1,-29.222,-20.222,2.702
2012-05-07-14_18_26.498,26,4,5,1,-38.156,-20.232,2.302
2012-05-07-14_18_26.499,26,4,5,1,-38.213,-20.232,2.402
2012-05-07-14_18_26.499,26,4,5,1,-38.232,-20.214,2.402
2012-05-07-14_18_26.500,26,5,5,1,-47.217,-20.258,2.902
2012-05-07-14_18_26.501,26,5,5,1,-47.273,-20.258,2.902
2012-05-07-14_18_26.501,26,5,5,1,-47.293,-20.240,2.902
2012-05-07-14_18_26.502,26,6,5,1,-56.186,-20.316,2.902
2012-05-07-14_18_26.503,26,6,5,1,-56.242,-20.316,2.902
2012-05-07-14_18_26.503,26,6,5,1,-56.262,-20.299,2.902
2012-05-07-14_18_26.504,26,7,5,1,-65.183,-20.217,3.602
2012-05-07-14_18_26.505,26,7,5,1,-65.239,-20.217,3.602
2012-05-07-14_18_26.505,26,7,5,1,-65.259,-20.199,3.602
2012-05-07-14_18_26.506,26,0,6,0,2.256,-24.782,4.011
2012-05-07-14_18_26.506,26,0,6,0,2.183,-24.771,4.011
2012-05-07-14_18_26.507,26,0,6,0,2.237,-24.708,4.011
2012-05-07-14_18_26.507,26,1,6,0,-6.736,-24.686,3.311
2012-05-07-14_18_26.508,26,1,6,0,-6.809,-24.675,3.411
2012-05-07-14_18_26.509,26,1,6,0,-6.760,-24.694,3.311
2012-05-07-14_18_26.509,26,2,6,0,-15.680,-24.778,2.711
2012-05-07-14_18_26.510,26,2,6,0,-15.753,-24.768,2.811
2012-05-07-14_18_26.511,26,2,6,0,-15.699,-24.704,2.711
2012-05-07-14_18_26.512,26,3,6,0,-24.700,-24.731,2.711
2012-05-07-14_18_26.513,26,3,6,0,-24.773,-24.720,2.711
2012-05-07-14_18_26.514,26,3,6,0,-24.719,-24.657,2.711
2012-05-07-14_18_26.514,26,4,6,0,-33.709,-24.723,2.311
2012-05-07-14_18_26.515,26,4,6,0,-33.783,-24.712,2.311
2012-05-07-14_18_26.517,26,4,6,0,-33.728,-24.649,2.311
2012-05-07-14_18_26.518,26,5,6,0,-42.770,-24.749,3.011
2012-05-07-14_18_26.519,26,5,6,0,-42.843,-24.738,3.011
2012-05-07-14_18_26.519,26,5,6,0,-42.789,-24.675,3.011
2012-05-07-14_18_26.520,26,6,6,0,-51.739,-24.807,2.911
2012-05-07-14_18_26.521,26,6,6,0,-51.812,-24.797,2.911
2012-05-07-14_18_26.521,26,6,6,0,-51.758,-24.733,2.911
2012-05-07-14_18_26.522,26,7,6,0,-60.736,-24.708,3.711
2012-05-07-14_18_26.522,26,7,6,0,-60.809,-24.697,3.611
2012-05-07-14_18_26.523,26,7,6,0,-60.755,-24.634,3.611
2012-05-07-14_18_26.524,26,0,6,1,-2.192,-24.787,4.020
2012-05-07-14_18_26.524,26,0,6,1,-2.248,-24.787,4.020
2012-05-07-14_18_26.525,26,0,6,1,-2.267,-24.772,3.920
2012-05-07-14_18_26.525,26,1,6,1,-11.183,-24.691,3.320
2012-05-07-14_18_26.526,26,1,6,1,-11.240,-24.691,3.320
2012-05-07-14_18_26.526,26,1,6,1,-11.259,-24.676,3.320
2012-05-07-14_18_26.527,26,2,6,1,-20.183,-24.784,2.820
2012-05-07-14_18_26.527,26,2,6,1,-20.203,-24.768,2.720
2012-05-07-14_18_26.528,26,2,6,1,-20.151,-24.704,2.720
2012-05-07-14_18_26.528,26,3,6,1,-29.147,-24.736,2.920
2012-05-07-14_18_26.529,26,3,6,1,-29.203,-24.736,2.920
2012-05-07-14_18_26.530,26,3,6,1,-29.223,-24.721,2.920
2012-05-07-14_18_26.530,26,4,6,1,-38.157,-24.728,2.320
2012-05-07-14_18_26.531,26,4,6,1,-38.213,-24.728,2.320
2012-05-07-14_18_26.531,26,4,6,1,-38.232,-24.713,2.320
2012-05-07-14_18_26.532,26,5,6,1,-47.218,-24.755,3.020
2012-05-07-14_18_26.532,26,5,6,1,-47.274,-24.755,3.020
2012-05-07-14_18_26.533,26,5,6,1,-47.293,-24.739,3.020
2012-05-07-14_18_26.534,26,6,6,1,-56.187,-24.813,2.920
2012-05-07-14_18_26.534,26,6,6,1,-56.243,-24.813,2.920
2012-05-07-14_18_26.535,26,6,6,1,-56.262,-24.797,2.920
2012-05-07-14_18_26.536,26,7,6,1,-65.183,-24.714,3.620
2012-05-07-14_18_26.537,26,7,6,1,-65.240,-24.714,3.620
2012-05-07-14_18_26.537,26,7,6,1,-65.259,-24.698,3.620
2012-05-07-14_18_26.538,26,0,7,0,2.258,-29.279,4.032
2012-05-07-14_18_26.539,26,0,7,0,2.182,-29.264,4.032
2012-05-07-14_18_26.540,26,0,7,0,2.236,-29.205,3.932
2012-05-07-14_18_26.540,26,1,7,0,-6.734,-29.182,3.232
2012-05-07-14_18_26.541,26,1,7,0,-6.810,-29.168,3.232
2012-05-07-14_18_26.542,26,1,7,0,-6.758,-29.193,3.232
2012-05-07-14_18_26.543,26,2,7,0,-15.678,-29.275,2.832
2012-05-07-14_18_26.543,26,2,7,0,-15.753,-29.261,2.832
2012-05-07-14_18_26.544,26,2,7,0,-15.699,-29.201,2.832
2012-05-07-14_18_26.545,26,3,7,0,-24.698,-29.228,2.732
2012-05-07-14_18_26.546,26,3,7,0,-24.773,-29.213,2.732
2012-05-07-14_18_26.547,26,3,7,0,-24.719,-29.154,2.732
2012-05-07-14_18_26.547,26,4,7,0,-33.707,-29.220,2.632
2012-05-07-14_18_26.548,26,4,7,0,-33.783,-29.205,2.732
2012-05-07-14_18_26.548,26,4,7,0,-33.729,-29.145,2.732
2012-05-07-14_18_26.549,26,5,7,0,-42.768,-29.246,3.132
2012-05-07-14_18_26.550,26,5,7,0,-42.844,-29.231,3.032
2012-05-07-14_18_26.550,26,5,7,0,-42.790,-29.172,3.132
2012-05-07-14_18_26.551,26,6,7,0,-51.737,-29.304,3.032
2012-05-07-14_18_26.551,26,6,7,0,-51.813,-29.290,2.932
2012-05-07-14_18_26.552,26,6,7,0,-51.759,-29.230,2.932
2012-05-07-14_18_26.553,26,7,7,0,-60.734,-29.205,3.632
2012-05-07-14_18_26.553,26,7,7,0,-60.809,-29.190,3.632
2012-05-07-14_18_26.554,26,7,7,0,-60.755,-29.131,3.532
2012-05-07-14_18_26.554,26,0,7,1,-2.194,-29.286,4.045
2012-05-07-14_18_26.555,26,0,7,1,-2.248,-29.286,3.845
2012-05-07-14_18_26.556,26,0,7,1,-2.268,-29.265,4.045
2012-05-07-14_18_26.557,26,1,7,1,-11.186,-29.189,3.245
2012-05-07-14_18_26.558,26,1,7,1,-11.240,-29.189,3.145
2012-05-07-14_18_26.558,26,1,7,1,-11.259,-29.169,3.345
2012-05-07-14_18_26.559,26,2,7,1,-20.184,-29.282,2.845
2012-05-07-14_18_26.559,26,2,7,1,-20.203,-29.261,2.845
2012-05-07-14_18_26.560,26,2,7,1,-20.154,-29.202,2.745
2012-05-07-14_18_26.561,26,3,7,1,-29.150,-29.235,2.745
2012-05-07-14_18_26.561,26,3,7,1,-29.204,-29.235,2.645
2012-05-07-14_18_26.562,26,3,7,1,-29.223,-29.214,2.745
2012-05-07-14_18_26.562,26,4,7,1,-38.160,-29.227,2.645
2012-05-07-14_18_26.563,26,4,7,1,-38.155,-29.295,2.645
2012-05-07-14_18_26.563,26,4,7,1,-38.233,-29.206,2.545
2012-05-07-14_18_26.564,26,5,7,1,-47.221,-29.253,3.145
2012-05-07-14_18_26.565,26,5,7,1,-47.274,-29.253,3.045
2012-05-07-14_18_26.565,26,5,7,1,-47.294,-29.232,3.145
2012-05-07-14_18_26.566,26,6,7,1,-56.189,-29.311,2.945
2012-05-07-14_18_26.567,26,6,7,1,-56.243,-29.311,26.145
2012-05-07-14_18_26.568,26,6,7,1,-56.263,-29.290,2.945
2012-05-07-14_18_26.568,26,7,7,1,-65.186,-29.212,3.645
2012-05-07-14_18_26.569,26,7,7,1,-65.240,-29.212,26.345
2012-05-07-14_18_26.570,26,7,7,1,-65.259,-29.191,3.745
2012-05-07-14_18_26.570,26,0,8,0,2.260,-33.780,4.055
2012-05-07-14_18_26.571,26,0,8,0,2.187,-33.763,3.955
2012-05-07-14_18_26.572,26,0,8,0,2.241,-33.710,3.955
2012-05-07-14_18_26.572,26,1,8,0,-6.732,-33.684,3.355
2012-05-07-14_18_26.573,26,1,8,0,-6.805,-33.667,3.355
2012-05-07-14_18_26.574,26,1,8,0,-6.756,-33.697,3.355
2012-05-07-14_18_26.574,26,2,8,0,-15.676,-33.776,2.755
2012-05-07-14_18_26.575,26,2,8,0,-15.749,-33.760,2.755
2012-05-07-14_18_26.576,26,2,8,0,-15.695,-33.706,2.755
2012-05-07-14_18_26.577,26,3,8,0,-24.696,-33.729,2.755
2012-05-07-14_18_26.577,26,3,8,0,-24.769,-33.712,2.755
2012-05-07-14_18_26.578,26,3,8,0,-24.715,-33.659,2.755
2012-05-07-14_18_26.578,26,4,8,0,-33.705,-33.721,2.655
2012-05-07-14_18_26.579,26,4,8,0,-33.779,-33.704,2.755
2012-05-07-14_18_26.580,26,4,8,0,-33.724,-33.650,2.655
2012-05-07-14_18_26.581,26,5,8,0,-42.766,-33.747,3.155
2012-05-07-14_18_26.582,26,5,8,0,-42.839,-33.730,3.155
2012-05-07-14_18_26.582,26,5,8,0,-42.785,-33.677,3.055
2012-05-07-14_18_26.583,26,6,8,0,-51.735,-33.805,2.955
2012-05-07-14_18_26.584,26,6,8,0,-51.808,-33.789,2.955
2012-05-07-14_18_26.584,26,6,8,0,-51.754,-33.735,2.955
2012-05-07-14_18_26.585,26,7,8,0,-60.732,-33.706,3.755
2012-05-07-14_18_26.585,26,7,8,0,-60.805,-33.689,3.755
2012-05-07-14_18_26.586,26,7,8,0,-60.751,-33.636,3.755
2012-05-07-14_18_26.586,26,0,8,1,-2.197,-33.790,4.065
2012-05-07-14_18_26.587,26,0,8,1,-2.251,-33.789,4.064
2012-05-07-14_18_26.587,26,0,8,1,-2.268,-33.764,4.064
2012-05-07-14_18_26.588,26,1,8,1,-11.189,-33.694,3.365
2012-05-07-14_18_26.589,26,1,8,1,-11.243,-33.693,3.364
2012-05-07-14_18_26.589,26,1,8,1,-11.260,-33.667,3.364
2012-05-07-14_18_26.590,26,2,8,1,-20.187,-33.786,2.864
2012-05-07-14_18_26.590,26,2,8,1,-20.204,-33.760,2.964
2012-05-07-14_18_26.591,26,2,8,1,-20.154,-33.705,2.864
2012-05-07-14_18_26.592,26,3,8,1,-29.153,-33.739,2.865
2012-05-07-14_18_26.592,26,3,8,1,-29.207,-33.738,2.864
2012-05-07-14_18_26.593,26,3,8,1,-29.224,-33.713,2.864
2012-05-07-14_18_26.594,26,4,8,1,-38.163,-33.731,2.665
2012-05-07-14_18_26.594,26,4,8,1,-38.216,-33.730,2.764
2012-05-07-14_18_26.595,26,4,8,1,-38.233,-33.704,2.764
2012-05-07-14_18_26.597,26,5,8,1,-47.223,-33.757,3.065
2012-05-07-14_18_26.598,26,5,8,1,-47.277,-33.756,3.164
2012-05-07-14_18_26.598,26,5,8,1,-47.294,-33.731,3.064
2012-05-07-14_18_26.599,26,6,8,1,-56.192,-33.815,2.965
2012-05-07-14_18_26.600,26,6,8,1,-56.246,-33.815,2.964
2012-05-07-14_18_26.601,26,6,8,1,-56.263,-33.789,2.964
2012-05-07-14_18_26.601,26,7,8,1,-65.189,-33.716,3.665
2012-05-07-14_18_26.602,26,7,8,1,-65.243,-33.715,3.664
2012-05-07-14_18_26.602,26,7,8,1,-65.260,-33.690,3.564
2012-05-07-14_18_26.603,26,0,9,0,2.259,-38.282,4.073
2012-05-07-14_18_26.603,26,0,9,0,2.189,-38.267,4.073
2012-05-07-14_18_26.604,26,0,9,0,2.240,-38.208,4.073
2012-05-07-14_18_26.605,26,1,9,0,-6.732,-38.186,3.373
2012-05-07-14_18_26.605,26,1,9,0,-6.803,-38.171,3.373
2012-05-07-14_18_26.606,26,1,9,0,-6.752,-38.199,3.373
2012-05-07-14_18_26.607,26,2,9,0,-15.676,-38.279,2.773
2012-05-07-14_18_26.608,26,2,9,0,-15.747,-38.264,2.773
2012-05-07-14_18_26.608,26,2,9,0,-15.695,-38.205,2.873
2012-05-07-14_18_26.609,26,3,9,0,-24.696,-38.231,2.773
2012-05-07-14_18_26.610,26,3,9,0,-24.767,-38.216,2.773
2012-05-07-14_18_26.611,26,3,9,0,-24.715,-38.157,2.773
2012-05-07-14_18_26.611,26,4,9,0,-33.706,-38.223,2.573
2012-05-07-14_18_26.612,26,4,9,0,-33.777,-38.208,2.473
2012-05-07-14_18_26.613,26,4,9,0,-33.725,-38.149,2.473
2012-05-07-14_18_26.613,26,5,9,0,-42.767,-38.249,3.073
2012-05-07-14_18_26.614,26,5,9,0,-42.837,-38.234,3.073
2012-05-07-14_18_26.615,26,5,9,0,-42.786,-38.176,3.073
2012-05-07-14_18_26.615,26,6,9,0,-51.736,-38.308,2.973
2012-05-07-14_18_26.616,26,6,9,0,-51.806,-38.293,2.973
2012-05-07-14_18_26.616,26,6,9,0,-51.755,-38.234,2.973
2012-05-07-14_18_26.617,26,7,9,0,-60.732,-38.208,3.573
2012-05-07-14_18_26.618,26,7,9,0,-60.803,-38.193,3.473
2012-05-07-14_18_26.619,26,7,9,0,-60.751,-38.135,3.473
2012-05-07-14_18_26.619,26,0,9,1,-2.198,-38.291,4.083
2012-05-07-14_18_26.620,26,0,9,1,-2.254,-38.291,3.983
2012-05-07-14_18_26.621,26,0,9,1,-2.268,-38.268,3.983
2012-05-07-14_18_26.621,26,1,9,1,-11.190,-38.195,3.383
2012-05-07-14_18_26.622,26,1,9,1,-11.246,-38.195,3.383
2012-05-07-14_18_26.624,26,1,9,1,-11.260,-38.172,3.283
2012-05-07-14_18_26.625,26,2,9,1,-20.190,-38.288,2.883
2012-05-07-14_18_26.626,26,2,9,1,-20.204,-38.265,2.883
2012-05-07-14_18_26.626,26,2,9,1,-20.157,-38.205,2.883
2012-05-07-14_18_26.627,26,3,9,1,-29.153,-38.240,2.883
2012-05-07-14_18_26.627,26,3,9,1,-29.210,-38.240,2.883
2012-05-07-14_18_26.628,26,3,9,1,-29.224,-38.217,2.783
2012-05-07-14_18_26.629,26,4,9,1,-38.163,-38.232,2.483
2012-05-07-14_18_26.629,26,4,9,1,-38.219,-38.232,2.483
2012-05-07-14_18_26.630,26,4,9,1,-38.234,-38.209,2.483
2012-05-07-14_18_26.631,26,5,9,1,-47.224,-38.259,3.083
2012-05-07-14_18_26.631,26,5,9,1,-47.280,-38.259,3.083
2012-05-07-14_18_26.632,26,5,9,1,-47.295,-38.235,3.083
2012-05-07-14_18_26.633,26,6,9,1,-56.193,-38.317,2.983
2012-05-07-14_18_26.634,26,6,9,1,-56.249,-38.317,2.983
2012-05-07-14_18_26.635,26,6,9,1,-56.263,-38.294,3.083
2012-05-07-14_18_26.636,26,7,9,1,-65.190,-38.218,3.583
2012-05-07-14_18_26.636,26,7,9,1,-65.246,-38.218,3.583
2012-05-07-14_18_26.637,26,7,9,1,-65.260,-38.194,3.683
2012-05-07-14_18_26.638,26,0,10,0,2.257,-42.784,3.995
2012-05-07-14_18_26.639,26,0,10,0,2.191,-42.771,3.995
2012-05-07-14_18_26.639,26,0,10,0,2.240,-42.705,3.995
2012-05-07-14_18_26.640,26,1,10,0,-6.735,-42.687,3.395
2012-05-07-14_18_26.644,26,1,10,0,-6.801,-42.675,3.395
2012-05-07-14_18_26.645,26,1,10,0,-6.755,-42.698,3.395
2012-05-07-14_18_26.645,26,2,10,0,-15.679,-42.780,2.895
2012-05-07-14_18_26.646,26,2,10,0,-15.745,-42.767,2.895
2012-05-07-14_18_26.646,26,2,10,0,-15.696,-42.701,2.895
2012-05-07-14_18_26.647,26,3,10,0,-24.699,-42.733,2.895
2012-05-07-14_18_26.648,26,3,10,0,-24.765,-42.720,2.795
2012-05-07-14_18_26.648,26,3,10,0,-24.716,-42.654,2.795
2012-05-07-14_18_26.649,26,4,10,0,-33.709,-42.725,2.495
2012-05-07-14_18_26.649,26,4,10,0,-33.775,-42.712,2.495
2012-05-07-14_18_26.650,26,4,10,0,-33.725,-42.646,2.495
2012-05-07-14_18_26.650,26,5,10,0,-42.770,-42.751,3.095
2012-05-07-14_18_26.651,26,5,10,0,-42.835,-42.738,3.095
2012-05-07-14_18_26.652,26,5,10,0,-42.786,-42.672,3.095
2012-05-07-14_18_26.652,26,6,10,0,-51.738,-42.809,3.095
2012-05-07-14_18_26.654,26,6,10,0,-51.804,-42.796,3.095
2012-05-07-14_18_26.655,26,6,10,0,-51.755,-42.730,3.095
2012-05-07-14_18_26.656,26,7,10,0,-60.735,-42.710,3.795
2012-05-07-14_18_26.656,26,7,10,0,-60.801,-42.697,3.795
2012-05-07-14_18_26.657,26,7,10,0,-60.752,-42.631,3.795
2012-05-07-14_18_26.657,26,0,10,1,-2.203,-42.791,4.108
2012-05-07-14_18_26.658,26,0,10,1,-2.274,-42.771,4.008
2012-05-07-14_18_26.658,26,0,10,1,-2.224,-42.705,4.108
2012-05-07-14_18_26.659,26,1,10,1,-11.195,-42.694,3.308
2012-05-07-14_18_26.660,26,1,10,1,-11.266,-42.675,3.308
2012-05-07-14_18_26.660,26,1,10,1,-11.222,-42.697,3.308
2012-05-07-14_18_26.661,26,2,10,1,-20.139,-42.787,2.808
2012-05-07-14_18_26.661,26,2,10,1,-20.209,-42.768,2.808
2012-05-07-14_18_26.662,26,2,10,1,-20.160,-42.701,2.808
2012-05-07-14_18_26.663,26,3,10,1,-29.159,-42.740,2.908
2012-05-07-14_18_26.663,26,3,10,1,-29.229,-42.720,2.908
2012-05-07-14_18_26.664,26,3,10,1,-29.180,-42.654,2.808
2012-05-07-14_18_26.665,26,4,10,1,-38.168,-42.732,2.708
2012-05-07-14_18_26.665,26,4,10,1,-38.239,-42.712,2.708
2012-05-07-14_18_26.666,26,4,10,1,-38.195,-42.734,2.708
2012-05-07-14_18_26.667,26,5,10,1,-47.229,-42.758,3.208
2012-05-07-14_18_26.667,26,5,10,1,-47.300,-42.739,3.208
2012-05-07-14_18_26.668,26,5,10,1,-47.251,-42.672,3.208
2012-05-07-14_18_26.669,26,6,10,1,-56.198,-42.816,3.008
2012-05-07-14_18_26.670,26,6,10,1,-56.269,-42.797,3.008
2012-05-07-14_18_26.670,26,6,10,1,-56.219,-42.730,3.008
2012-05-07-14_18_26.671,26,7,10,1,-65.195,-42.717,3.608
2012-05-07-14_18_26.672,26,7,10,1,-65.266,-42.698,3.608
2012-05-07-14_18_26.672,26,7,10,1,-65.222,-42.720,3.608
2012-05-07-14_18_26.673,26,0,11,0,2.256,-47.282,4.118
2012-05-07-14_18_26.674,26,0,11,0,2.190,-47.271,4.018
2012-05-07-14_18_26.675,26,0,11,0,2.240,-47.207,4.018
2012-05-07-14_18_26.675,26,1,11,0,-6.736,-47.186,3.418
2012-05-07-14_18_26.676,26,1,11,0,-6.802,-47.174,3.418
2012-05-07-14_18_26.677,26,1,11,0,-6.755,-47.194,3.418
2012-05-07-14_18_26.678,26,2,11,0,-15.680,-47.278,2.818
2012-05-07-14_18_26.678,26,2,11,0,-15.745,-47.267,2.818
2012-05-07-14_18_26.679,26,2,11,0,-15.696,-47.203,2.818
2012-05-07-14_18_26.680,26,3,11,0,-24.700,-47.231,2.818
2012-05-07-14_18_26.680,26,3,11,0,-24.765,-47.220,2.818
2012-05-07-14_18_26.681,26,3,11,0,-24.716,-47.156,2.818
2012-05-07-14_18_26.682,26,4,11,0,-33.709,-47.223,2.618
2012-05-07-14_18_26.682,26,4,11,0,-33.775,-47.212,2.518
2012-05-07-14_18_26.683,26,4,11,0,-33.726,-47.148,2.518
2012-05-07-14_18_26.684,26,5,11,0,-42.770,-47.249,3.118
2012-05-07-14_18_26.686,26,5,11,0,-42.836,-47.238,3.118
2012-05-07-14_18_26.686,26,5,11,0,-42.787,-47.174,3.118
2012-05-07-14_18_26.687,26,6,11,0,-51.739,-47.307,3.118
2012-05-07-14_18_26.688,26,6,11,0,-51.805,-47.296,3.118
2012-05-07-14_18_26.689,26,6,11,0,-51.755,-47.232,3.018
2012-05-07-14_18_26.689,26,7,11,0,-60.736,-47.208,3.618
2012-05-07-14_18_26.690,26,7,11,0,-60.801,-47.197,3.618
2012-05-07-14_18_26.690,26,7,11,0,-60.752,-47.133,3.518
2012-05-07-14_18_26.691,26,0,11,1,-2.206,-47.288,4.128
2012-05-07-14_18_26.691,26,0,11,1,-2.277,-47.271,4.028
2012-05-07-14_18_26.692,26,0,11,1,-2.230,-47.206,4.128
2012-05-07-14_18_26.693,26,1,11,1,-11.198,-47.191,3.328
2012-05-07-14_18_26.694,26,1,11,1,-11.268,-47.175,3.328
2012-05-07-14_18_26.694,26,1,11,1,-11.227,-47.194,3.428
2012-05-07-14_18_26.695,26,2,11,1,-20.142,-47.284,2.828
2012-05-07-14_18_26.696,26,2,11,1,-20.212,-47.267,2.828
2012-05-07-14_18_26.697,26,2,11,1,-20.165,-47.203,2.828
2012-05-07-14_18_26.697,26,3,11,1,-29.162,-47.237,2.928
2012-05-07-14_18_26.698,26,3,11,1,-29.232,-47.220,2.928
2012-05-07-14_18_26.699,26,3,11,1,-29.185,-47.155,2.928
2012-05-07-14_18_26.699,26,4,11,1,-38.171,-47.229,2.728
2012-05-07-14_18_26.700,26,4,11,1,-38.242,-47.212,2.728
2012-05-07-14_18_26.700,26,4,11,1,-38.195,-47.147,2.728
2012-05-07-14_18_26.701,26,5,11,1,-47.232,-47.255,3.128
2012-05-07-14_18_26.702,26,5,11,1,-47.303,-47.238,3.228
2012-05-07-14_18_26.703,26,5,11,1,-47.256,-47.173,3.228
2012-05-07-14_18_26.704,26,6,11,1,-56.201,-47.313,3.028
2012-05-07-14_18_26.704,26,6,11,1,-56.272,-47.296,3.128
2012-05-07-14_18_26.705,26,6,11,1,-56.225,-47.232,3.128
2012-05-07-14_18_26.706,26,7,11,1,-65.198,-47.214,3.728
2012-05-07-14_18_26.706,26,7,11,1,-65.268,-47.197,3.728
2012-05-07-14_18_26.707,26,7,11,1,-65.227,-47.216,3.728
2012-05-07-14_18_26.707,26,0,12,0,2.256,-51.778,4.036
2012-05-07-14_18_26.708,26,0,12,0,2.190,-51.765,4.036
2012-05-07-14_18_26.709,26,0,12,0,2.234,-51.707,4.036
2012-05-07-14_18_26.709,26,1,12,0,-6.736,-51.682,3.436
2012-05-07-14_18_26.710,26,1,12,0,-6.802,-51.669,3.436
2012-05-07-14_18_26.711,26,1,12,0,-6.758,-51.693,3.436
2012-05-07-14_18_26.712,26,2,12,0,-15.680,-51.775,2.936
2012-05-07-14_18_26.712,26,2,12,0,-15.746,-51.762,2.836
2012-05-07-14_18_26.713,26,2,12,0,-15.701,-51.703,2.936
2012-05-07-14_18_26.714,26,3,12,0,-24.700,-51.727,2.736
2012-05-07-14_18_26.714,26,3,12,0,-24.766,-51.714,2.736
2012-05-07-14_18_26.715,26,3,12,0,-24.721,-51.656,2.736
2012-05-07-14_18_26.715,26,4,12,0,-33.710,-51.719,2.436
2012-05-07-14_18_26.716,26,4,12,0,-33.775,-51.706,2.436
2012-05-07-14_18_26.717,26,4,12,0,-33.731,-51.648,2.436
2012-05-07-14_18_26.717,26,5,12,0,-42.770,-51.745,3.236
2012-05-07-14_18_26.718,26,5,12,0,-42.836,-51.732,3.136
2012-05-07-14_18_26.718,26,5,12,0,-42.792,-51.674,3.136
2012-05-07-14_18_26.719,26,6,12,0,-51.739,-51.804,3.036
2012-05-07-14_18_26.719,26,6,12,0,-51.805,-51.791,3.036
2012-05-07-14_18_26.720,26,6,12,0,-51.761,-51.732,3.036
2012-05-07-14_18_26.720,26,7,12,0,-60.736,-51.705,3.736
2012-05-07-14_18_26.721,26,7,12,0,-60.802,-51.691,3.836
2012-05-07-14_18_26.722,26,7,12,0,-60.757,-51.633,3.836
2012-05-07-14_18_26.723,26,0,12,1,-2.201,-51.787,4.147
2012-05-07-14_18_26.724,26,0,12,1,-2.275,-51.765,26.047
2012-05-07-14_18_26.725,26,0,12,1,-2.230,-51.706,4.147
2012-05-07-14_18_26.725,26,1,12,1,-11.193,-51.690,3.447
2012-05-07-14_18_26.727,26,1,12,1,-11.266,-51.669,3.147
2012-05-07-14_18_26.727,26,1,12,1,-11.227,-51.692,3.447
2012-05-07-14_18_26.728,26,2,12,1,-20.137,-51.783,2.947
2012-05-07-14_18_26.729,26,2,12,1,-20.210,-51.762,2.947
2012-05-07-14_18_26.729,26,2,12,1,-20.166,-51.702,2.947
2012-05-07-14_18_26.730,26,3,12,1,-29.157,-51.736,2.947
2012-05-07-14_18_26.731,26,3,12,1,-29.230,-51.714,2.947
2012-05-07-14_18_26.731,26,3,12,1,-29.186,-51.655,2.947
2012-05-07-14_18_26.732,26,4,12,1,-38.167,-51.728,2.747
2012-05-07-14_18_26.733,26,4,12,1,-38.240,-51.706,2.447
2012-05-07-14_18_26.734,26,4,12,1,-38.195,-51.647,2.747
2012-05-07-14_18_26.735,26,5,12,1,-47.228,-51.754,3.147
2012-05-07-14_18_26.736,26,5,12,1,-47.301,-51.732,2.947
2012-05-07-14_18_26.737,26,5,12,1,-47.256,-51.673,3.147
2012-05-07-14_18_26.737,26,6,12,1,-56.196,-51.812,3.147
2012-05-07-14_18_26.738,26,6,12,1,-56.270,-51.791,14.047
2012-05-07-14_18_26.738,26,6,12,1,-56.225,-51.731,3.147
2012-05-07-14_18_26.739,26,7,12,1,-65.193,-51.713,3.747
2012-05-07-14_18_26.739,26,7,12,1,-65.357,-51.705,3.747
2012-05-07-14_18_26.740,26,7,12,1,-65.227,-51.715,3.747
2012-05-07-14_18_26.740,26,0,13,0,2.253,-56.280,4.059
2012-05-07-14_18_26.741,26,0,13,0,2.187,-56.264,4.059
2012-05-07-14_18_26.742,26,0,13,0,2.234,-56.211,4.159
2012-05-07-14_18_26.743,26,1,13,0,-6.739,-56.184,3.459
2012-05-07-14_18_26.743,26,1,13,0,-6.805,-56.168,3.459
2012-05-07-14_18_26.744,26,1,13,0,-6.761,-56.196,3.459
2012-05-07-14_18_26.744,26,2,13,0,-15.683,-56.276,2.959
2012-05-07-14_18_26.745,26,2,13,0,-15.749,-56.261,2.859
2012-05-07-14_18_26.746,26,2,13,0,-15.702,-56.207,2.859
2012-05-07-14_18_26.746,26,3,13,0,-24.703,-56.229,2.759
2012-05-07-14_18_26.747,26,3,13,0,-24.769,-56.213,2.659
2012-05-07-14_18_26.747,26,3,13,0,-24.722,-56.160,2.659
2012-05-07-14_18_26.748,26,4,13,0,-33.712,-56.221,2.559
2012-05-07-14_18_26.749,26,4,13,0,-33.778,-56.205,2.559
2012-05-07-14_18_26.750,26,4,13,0,-33.731,-56.152,2.459
2012-05-07-14_18_26.750,26,5,13,0,-42.773,-56.247,3.159
2012-05-07-14_18_26.751,26,5,13,0,-42.839,-56.231,3.159
2012-05-07-14_18_26.752,26,5,13,0,-42.792,-56.178,3.159
2012-05-07-14_18_26.753,26,6,13,0,-51.742,-56.305,3.059
2012-05-07-14_18_26.753,26,6,13,0,-51.808,-56.290,3.059
2012-05-07-14_18_26.754,26,6,13,0,-51.761,-56.236,3.059
2012-05-07-14_18_26.755,26,7,13,0,-60.739,-56.206,3.559
2012-05-07-14_18_26.755,26,7,13,0,-60.805,-56.190,3.659
2012-05-07-14_18_26.756,26,7,13,0,-60.758,-56.137,3.559
2012-05-07-14_18_26.756,26,0,13,1,-2.202,-56.291,4.172
2012-05-07-14_18_26.757,26,0,13,1,-2.277,-56.265,4.172
2012-05-07-14_18_26.758,26,0,13,1,-2.228,-56.211,4.172
2012-05-07-14_18_26.758,26,1,13,1,-11.194,-56.194,3.472
2012-05-07-14_18_26.759,26,1,13,1,-11.269,-56.169,3.472
2012-05-07-14_18_26.759,26,1,13,1,-11.225,-56.196,3.372
2012-05-07-14_18_26.760,26,2,13,1,-20.138,-56.287,2.872
2012-05-07-14_18_26.761,26,2,13,1,-20.213,-56.261,2.972
2012-05-07-14_18_26.761,26,2,13,1,-20.164,-56.207,2.872
2012-05-07-14_18_26.762,26,3,13,1,-29.158,-56.240,2.972
2012-05-07-14_18_26.763,26,3,13,1,-29.233,-56.214,2.872
2012-05-07-14_18_26.764,26,3,13,1,-29.184,-56.160,2.872
2012-05-07-14_18_26.764,26,4,13,1,-38.167,-56.232,2.572
2012-05-07-14_18_26.765,26,4,13,1,-38.243,-56.206,2.572
2012-05-07-14_18_26.766,26,4,13,1,-38.193,-56.152,2.472
2012-05-07-14_18_26.766,26,5,13,1,-47.228,-56.258,3.272
2012-05-07-14_18_26.767,26,5,13,1,-47.304,-56.232,3.272
2012-05-07-14_18_26.769,26,5,13,1,-47.254,-56.178,3.172
2012-05-07-14_18_26.770,26,6,13,1,-56.197,-56.316,3.072
2012-05-07-14_18_26.770,26,6,13,1,-56.272,-56.290,3.072
2012-05-07-14_18_26.771,26,6,13,1,-56.223,-56.236,3.072
2012-05-07-14_18_26.771,26,7,13,1,-65.194,-56.217,3.672
2012-05-07-14_18_26.772,26,7,13,1,-65.269,-56.191,3.772
2012-05-07-14_18_26.773,26,7,13,1,-65.220,-56.137,3.772
2012-05-07-14_18_26.774,26,0,14,0,2.250,-60.782,4.181
2012-05-07-14_18_26.774,26,0,14,0,2.187,-60.767,4.081
2012-05-07-14_18_26.775,26,0,14,0,2.233,-60.709,4.081
2012-05-07-14_18_26.775,26,1,14,0,-6.742,-60.686,3.481
2012-05-07-14_18_26.776,26,1,14,0,-6.805,-60.671,3.481
2012-05-07-14_18_26.777,26,1,14,0,-6.761,-60.699,3.381
2012-05-07-14_18_26.777,26,2,14,0,-15.686,-60.778,2.881
2012-05-07-14_18_26.778,26,2,14,0,-15.749,-60.764,2.881
2012-05-07-14_18_26.778,26,2,14,0,-15.702,-60.705,2.881
2012-05-07-14_18_26.779,26,3,14,0,-24.706,-60.731,2.881
2012-05-07-14_18_26.780,26,3,14,0,-24.769,-60.716,2.881
2012-05-07-14_18_26.781,26,3,14,0,-24.722,-60.658,2.881
2012-05-07-14_18_26.782,26,4,14,0,-33.715,-60.723,2.781
2012-05-07-14_18_26.782,26,4,14,0,-33.779,-60.708,2.781
2012-05-07-14_18_26.783,26,4,14,0,-33.732,-60.650,2.781
2012-05-07-14_18_26.783,26,5,14,0,-42.776,-60.749,3.181
2012-05-07-14_18_26.784,26,5,14,0,-42.839,-60.734,3.181
2012-05-07-14_18_26.785,26,5,14,0,-42.793,-60.676,3.081
2012-05-07-14_18_26.785,26,6,14,0,-51.745,-60.807,3.081
2012-05-07-14_18_26.786,26,6,14,0,-51.808,-60.793,3.081
2012-05-07-14_18_26.787,26,6,14,0,-51.762,-60.734,3.081
2012-05-07-14_18_26.787,26,7,14,0,-60.742,-60.708,3.881
2012-05-07-14_18_26.788,26,7,14,0,-60.805,-60.693,3.881
2012-05-07-14_18_26.788,26,7,14,0,-60.758,-60.635,3.881
2012-05-07-14_18_26.789,26,0,14,1,-2.202,-60.791,4.091
2012-05-07-14_18_26.790,26,0,14,1,-2.278,-60.769,4.191
2012-05-07-14_18_26.790,26,0,14,1,-2.226,-60.708,4.090
2012-05-07-14_18_26.791,26,1,14,1,-11.194,-60.695,3.491
2012-05-07-14_18_26.792,26,1,14,1,-11.270,-60.673,3.491
2012-05-07-14_18_26.794,26,1,14,1,-11.226,-60.698,3.490
2012-05-07-14_18_26.795,26,2,14,1,-20.138,-60.788,2.991
2012-05-07-14_18_26.796,26,2,14,1,-20.214,-60.765,2.991
2012-05-07-14_18_26.797,26,2,14,1,-20.162,-60.705,2.890
2012-05-07-14_18_26.797,26,3,14,1,-29.158,-60.740,2.991
2012-05-07-14_18_26.798,26,3,14,1,-29.234,-60.718,2.991
2012-05-07-14_18_26.799,26,3,14,1,-29.182,-60.657,2.890
2012-05-07-14_18_26.800,26,4,14,1,-38.168,-60.732,2.891
2012-05-07-14_18_26.801,26,4,14,1,-38.243,-60.710,2.791
2012-05-07-14_18_26.801,26,4,14,1,-38.191,-60.649,2.790
2012-05-07-14_18_26.802,26,5,14,1,-47.228,-60.759,3.291
2012-05-07-14_18_26.802,26,5,14,1,-47.304,-60.736,3.191
2012-05-07-14_18_26.803,26,5,14,1,-47.252,-60.676,3.190
2012-05-07-14_18_26.803,26,6,14,1,-56.197,-60.817,3.091
2012-05-07-14_18_26.804,26,6,14,1,-56.273,-60.794,3.091
2012-05-07-14_18_26.804,26,6,14,1,-56.221,-60.734,3.090
2012-05-07-14_18_26.805,26,7,14,1,-65.194,-60.718,3.791
2012-05-07-14_18_26.805,26,7,14,1,-65.270,-60.695,3.791
2012-05-07-14_18_26.806,26,7,14,1,-65.218,-60.635,3.790
2012-05-07-14_18_26.806,26,0,15,0,2.247,-65.284,4.198
2012-05-07-14_18_26.807,26,0,15,0,2.184,-65.271,4.198
2012-05-07-14_18_26.808,26,0,15,0,2.231,-65.206,4.098
2012-05-07-14_18_26.809,26,1,15,0,-6.745,-65.187,3.498
2012-05-07-14_18_26.809,26,1,15,0,-6.808,-65.175,3.498
2012-05-07-14_18_26.811,26,1,15,0,-6.764,-65.198,3.498
2012-05-07-14_18_26.812,26,2,15,0,-15.689,-65.280,2.898
2012-05-07-14_18_26.813,26,2,15,0,-15.752,-65.268,2.898
2012-05-07-14_18_26.814,26,2,15,0,-15.705,-65.202,2.898
2012-05-07-14_18_26.814,26,3,15,0,-24.709,-65.233,2.898
2012-05-07-14_18_26.815,26,3,15,0,-24.772,-65.220,2.898
2012-05-07-14_18_26.815,26,3,15,0,-24.725,-65.155,2.898
2012-05-07-14_18_26.816,26,4,15,0,-33.718,-65.225,2.798
2012-05-07-14_18_26.816,26,4,15,0,-33.782,-65.212,2.798
2012-05-07-14_18_26.817,26,4,15,0,-33.735,-65.147,2.698
2012-05-07-14_18_26.818,26,5,15,0,-42.779,-65.251,3.198
2012-05-07-14_18_26.818,26,5,15,0,-42.842,-65.238,3.098
2012-05-07-14_18_26.820,26,5,15,0,-42.796,-65.173,2.998
2012-05-07-14_18_26.820,26,6,15,0,-51.748,-65.309,3.098
2012-05-07-14_18_26.821,26,6,15,0,-51.811,-65.297,3.098
2012-05-07-14_18_26.822,26,6,15,0,-51.764,-65.231,3.098
2012-05-07-14_18_26.823,26,7,15,0,-60.745,-65.210,3.598
2012-05-07-14_18_26.823,26,7,15,0,-60.808,-65.197,3.598
2012-05-07-14_18_26.824,26,7,15,0,-60.761,-65.132,3.498
2012-05-07-14_18_26.825,26,0,15,1,-2.200,-65.290,4.208
2012-05-07-14_18_26.825,26,0,15,1,-2.281,-65.272,4.208
2012-05-07-14_18_26.826,26,0,15,1,-2.227,-65.205,4.208
2012-05-07-14_18_26.827,26,1,15,1,-11.192,-65.194,3.508
2012-05-07-14_18_26.828,26,1,15,1,-11.273,-65.176,3.408
2012-05-07-14_18_26.828,26,1,15,1,-11.226,-65.198,3.508
2012-05-07-14_18_26.830,26,2,15,1,-20.136,-65.287,3.008
2012-05-07-14_18_26.830,26,2,15,1,-20.216,-65.269,2.908
2012-05-07-14_18_26.831,26,2,15,1,-20.162,-65.202,2.908
2012-05-07-14_18_26.832,26,3,15,1,-29.156,-65.239,3.008
2012-05-07-14_18_26.832,26,3,15,1,-29.236,-65.221,2.908
2012-05-07-14_18_26.833,26,3,15,1,-29.182,-65.154,2.908
2012-05-07-14_18_26.834,26,4,15,1,-38.166,-65.231,2.708
2012-05-07-14_18_26.834,26,4,15,1,-38.246,-65.213,2.708
2012-05-07-14_18_26.835,26,4,15,1,-38.192,-65.146,2.608
2012-05-07-14_18_26.836,26,5,15,1,-47.226,-65.257,3.308
2012-05-07-14_18_26.836,26,5,15,1,-47.307,-65.239,3.208
2012-05-07-14_18_26.837,26,5,15,1,-47.253,-65.172,3.208
2012-05-07-14_18_26.838,26,6,15,1,-56.195,-65.316,3.008
2012-05-07-14_18_26.838,26,6,15,1,-56.276,-65.298,3.108
2012-05-07-14_18_26.839,26,6,15,1,-56.222,-65.231,3.008
2012-05-07-14_18_26.840,26,7,15,1,-65.192,-65.216,3.708
2012-05-07-14_18_26.840,26,7,15,1,-65.273,-65.198,3.708
2012-05-07-14_18_26.841,26,7,15,1,-65.226,-65.220,3.708
2012-05-07-14_18_26.841,26,0,16,0,2.247,-69.782,4.219
2012-05-07-14_18_26.842,26,0,16,0,2.181,-69.770,4.219
2012-05-07-14_18_26.843,26,0,16,0,2.228,-69.706,4.219
2012-05-07-14_18_26.843,26,1,16,0,-6.745,-69.686,3.419
2012-05-07-14_18_26.844,26,1,16,0,-6.811,-69.674,3.519
2012-05-07-14_18_26.844,26,1,16,0,-6.765,-69.695,3.519
2012-05-07-14_18_26.845,26,2,16,0,-15.689,-69.778,2.919
2012-05-07-14_18_26.845,26,2,16,0,-15.755,-69.766,3.019
2012-05-07-14_18_26.846,26,2,16,0,-15.708,-69.702,2.919
2012-05-07-14_18_26.847,26,3,16,0,-24.709,-69.731,2.919
2012-05-07-14_18_26.847,26,3,16,0,-24.775,-69.719,2.819
2012-05-07-14_18_26.848,26,3,16,0,-24.728,-69.655,2.819
2012-05-07-14_18_26.849,26,4,16,0,-33.719,-69.723,2.619
2012-05-07-14_18_26.850,26,4,16,0,-33.784,-69.711,2.519
2012-05-07-14_18_26.851,26,4,16,0,-33.738,-69.647,2.519
2012-05-07-14_18_26.851,26,5,16,0,-42.779,-69.749,3.219
2012-05-07-14_18_26.852,26,5,16,0,-42.845,-69.737,3.219
2012-05-07-14_18_26.853,26,5,16,0,-42.798,-69.673,3.219
2012-05-07-14_18_26.856,26,6,16,0,-51.748,-69.807,3.119
2012-05-07-14_18_26.856,26,6,16,0,-51.814,-69.795,3.119
2012-05-07-14_18_26.857,26,6,16,0,-51.767,-69.731,3.019
2012-05-07-14_18_26.858,26,7,16,0,-60.745,-69.708,3.719
2012-05-07-14_18_26.859,26,7,16,0,-60.811,-69.696,3.619
2012-05-07-14_18_26.859,26,7,16,0,-60.764,-69.632,3.719
2012-05-07-14_18_26.860,26,0,16,1,-2.201,-69.787,4.133
2012-05-07-14_18_26.861,26,0,16,1,-2.279,-69.770,4.233
2012-05-07-14_18_26.861,26,0,16,1,-2.227,-69.704,4.133
2012-05-07-14_18_26.862,26,1,16,1,-11.193,-69.691,3.433
2012-05-07-14_18_26.862,26,1,16,1,-11.271,-69.674,3.433
2012-05-07-14_18_26.863,26,1,16,1,-11.224,-69.694,3.433
2012-05-07-14_18_26.864,26,2,16,1,-20.136,-69.783,2.933
2012-05-07-14_18_26.864,26,2,16,1,-20.214,-69.766,2.933
2012-05-07-14_18_26.865,26,2,16,1,-20.163,-69.701,2.933
2012-05-07-14_18_26.865,26,3,16,1,-29.156,-69.736,2.933
2012-05-07-14_18_26.867,26,3,16,1,-29.234,-69.719,3.033
2012-05-07-14_18_26.868,26,3,16,1,-29.183,-69.653,2.933
2012-05-07-14_18_26.869,26,4,16,1,-38.166,-69.728,2.733
2012-05-07-14_18_26.869,26,4,16,1,-38.244,-69.711,2.733
2012-05-07-14_18_26.870,26,4,16,1,-38.192,-69.645,2.633
2012-05-07-14_18_26.870,26,5,16,1,-47.227,-69.754,3.033
2012-05-07-14_18_26.871,26,5,16,1,-47.305,-69.737,3.033
2012-05-07-14_18_26.872,26,5,16,1,-47.253,-69.672,2.933
2012-05-07-14_18_26.872,26,6,16,1,-56.196,-69.812,3.133
2012-05-07-14_18_26.873,26,6,16,1,-56.274,-69.795,3.133
2012-05-07-14_18_26.874,26,6,16,1,-56.222,-69.730,3.133
2012-05-07-14_18_26.874,26,7,16,1,-65.193,-69.713,3.733
2012-05-07-14_18_26.875,26,7,16,1,-65.271,-69.696,3.733
2012-05-07-14_18_26.876,26,7,16,1,-65.224,-69.716,3.733
2012-05-07-14_18_26.877,26,0,17,0,2.246,-74.278,4.243
2012-05-07-14_18_26.877,26,0,17,0,2.178,-74.264,4.143
2012-05-07-14_18_26.878,26,0,17,0,2.225,-74.205,4.243
2012-05-07-14_18_26.879,26,1,17,0,-6.746,-74.182,3.543
2012-05-07-14_18_26.879,26,1,17,0,-6.814,-74.168,3.543
2012-05-07-14_18_26.880,26,1,17,0,-6.768,-74.192,3.543
2012-05-07-14_18_26.881,26,2,17,0,-15.689,-74.274,2.943
2012-05-07-14_18_26.882,26,2,17,0,-15.758,-74.261,2.943
2012-05-07-14_18_26.882,26,2,17,0,-15.711,-74.202,2.943
2012-05-07-14_18_26.883,26,3,17,0,-24.709,-74.227,2.743
2012-05-07-14_18_26.884,26,3,17,0,-24.778,-74.213,2.743
2012-05-07-14_18_26.884,26,3,17,0,-24.731,-74.154,2.743
2012-05-07-14_18_26.885,26,4,17,0,-33.719,-74.219,2.643
2012-05-07-14_18_26.886,26,4,17,0,-33.787,-74.205,2.543
2012-05-07-14_18_26.887,26,4,17,0,-33.740,-74.146,2.543
2012-05-07-14_18_26.887,26,5,17,0,-42.780,-74.245,3.243
2012-05-07-14_18_26.888,26,5,17,0,-42.848,-74.231,3.243
2012-05-07-14_18_26.888,26,5,17,0,-42.801,-74.173,3.143
2012-05-07-14_18_26.889,26,6,17,0,-51.749,-74.304,3.043
2012-05-07-14_18_26.890,26,6,17,0,-51.817,-74.290,3.043
2012-05-07-14_18_26.891,26,6,17,0,-51.770,-74.231,3.043
2012-05-07-14_18_26.891,26,7,17,0,-60.745,-74.204,3.643
2012-05-07-14_18_26.892,26,7,17,0,-60.814,-74.190,3.843
2012-05-07-14_18_26.893,26,7,17,0,-60.767,-74.132,3.843
2012-05-07-14_18_26.894,26,0,17,1,-2.199,-74.286,4.153
2012-05-07-14_18_26.895,26,0,17,1,-2.257,-74.286,4.253
2012-05-07-14_18_26.895,26,0,17,1,-2.277,-74.265,4.253
2012-05-07-14_18_26.896,26,1,17,1,-11.191,-74.189,3.553
2012-05-07-14_18_26.897,26,1,17,1,-11.249,-74.189,3.453
2012-05-07-14_18_26.897,26,1,17,1,-11.268,-74.168,3.453
2012-05-07-14_18_26.899,26,2,17,1,-20.193,-74.282,2.953
2012-05-07-14_18_26.899,26,2,17,1,-20.212,-74.261,2.953
2012-05-07-14_18_26.900,26,2,17,1,-20.161,-74.201,2.853
2012-05-07-14_18_26.900,26,3,17,1,-29.154,-74.235,2.953
2012-05-07-14_18_26.901,26,3,17,1,-29.213,-74.235,2.953
2012-05-07-14_18_26.902,26,3,17,1,-29.232,-74.214,2.853
2012-05-07-14_18_26.902,26,4,17,1,-38.164,-74.227,2.553
2012-05-07-14_18_26.903,26,4,17,1,-38.223,-74.227,2.553
2012-05-07-14_18_26.903,26,4,17,1,-38.242,-74.206,2.553
2012-05-07-14_18_26.904,26,5,17,1,-47.225,-74.253,2.853
2012-05-07-14_18_26.904,26,5,17,1,-47.283,-74.253,2.953
2012-05-07-14_18_26.905,26,5,17,1,-47.303,-74.232,2.953
2012-05-07-14_18_26.906,26,6,17,1,-56.194,-74.311,3.053
2012-05-07-14_18_26.907,26,6,17,1,-56.252,-74.311,3.053
2012-05-07-14_18_26.907,26,6,17,1,-56.272,-74.290,3.053
2012-05-07-14_18_26.908,26,7,17,1,-65.190,-74.212,3.753
2012-05-07-14_18_26.908,26,7,17,1,-65.249,-74.212,3.753
2012-05-07-14_18_26.909,26,7,17,1,-65.268,-74.191,3.753
2012-05-07-14_18_26.909,26,0,18,0,2.246,-78.780,4.162
2012-05-07-14_18_26.910,26,0,18,0,2.178,-78.764,4.162
2012-05-07-14_18_26.911,26,0,18,0,2.227,-78.710,4.162
2012-05-07-14_18_26.911,26,1,18,0,-6.746,-78.684,3.562
2012-05-07-14_18_26.912,26,1,18,0,-6.814,-78.667,3.462
2012-05-07-14_18_26.912,26,1,18,0,-6.766,-78.696,3.562
2012-05-07-14_18_26.913,26,2,18,0,-15.690,-78.776,2.962
2012-05-07-14_18_26.913,26,2,18,0,-15.758,-78.760,2.962
2012-05-07-14_18_26.914,26,2,18,0,-15.709,-78.707,2.962
2012-05-07-14_18_26.914,26,3,18,0,-24.710,-78.729,2.862
2012-05-07-14_18_26.915,26,3,18,0,-24.778,-78.713,2.862
2012-05-07-14_18_26.915,26,3,18,0,-24.729,-78.659,2.862
2012-05-07-14_18_26.916,26,4,18,0,-33.719,-78.721,2.762
2012-05-07-14_18_26.916,26,4,18,0,-33.788,-78.704,2.762
2012-05-07-14_18_26.917,26,4,18,0,-33.738,-78.651,2.762
2012-05-07-14_18_26.917,26,5,18,0,-42.780,-78.747,3.162
2012-05-07-14_18_26.918,26,5,18,0,-42.848,-78.731,3.162
2012-05-07-14_18_26.918,26,5,18,0,-42.799,-78.678,3.162
2012-05-07-14_18_26.919,26,6,18,0,-51.749,-78.805,3.162
2012-05-07-14_18_26.920,26,6,18,0,-51.817,-78.789,3.062
2012-05-07-14_18_26.920,26,6,18,0,-51.768,-78.736,3.062
2012-05-07-14_18_26.921,26,7,18,0,-60.746,-78.706,3.862
2012-05-07-14_18_26.921,26,7,18,0,-60.814,-78.690,3.862
2012-05-07-14_18_26.922,26,7,18,0,-60.765,-78.637,3.862
2012-05-07-14_18_26.922,26,0,18,1,-2.199,-78.790,4.172
2012-05-07-14_18_26.923,26,0,18,1,-2.258,-78.790,4.172
2012-05-07-14_18_26.923,26,0,18,1,-2.277,-78.764,4.172
2012-05-07-14_18_26.924,26,1,18,1,-11.191,-78.694,3.472
2012-05-07-14_18_26.925,26,1,18,1,-11.250,-78.694,3.472
2012-05-07-14_18_26.925,26,1,18,1,-11.269,-78.668,3.572
2012-05-07-14_18_26.926,26,2,18,1,-20.193,-78.787,2.972
2012-05-07-14_18_26.927,26,2,18,1,-20.213,-78.761,2.972
2012-05-07-14_18_26.928,26,2,18,1,-20.159,-78.706,2.972
2012-05-07-14_18_26.928,26,3,18,1,-29.155,-78.739,2.972
2012-05-07-14_18_26.929,26,3,18,1,-29.213,-78.739,2.972
2012-05-07-14_18_26.930,26,3,18,1,-29.233,-78.713,2.972
2012-05-07-14_18_26.930,26,4,18,1,-38.164,-78.731,2.572
2012-05-07-14_18_26.931,26,4,18,1,-38.223,-78.731,2.572
2012-05-07-14_18_26.932,26,4,18,1,-38.242,-78.705,2.572
2012-05-07-14_18_26.934,26,5,18,1,-47.225,-78.757,3.172
2012-05-07-14_18_26.935,26,5,18,1,-47.284,-78.757,3.272
2012-05-07-14_18_26.936,26,5,18,1,-47.303,-78.731,3.272
2012-05-07-14_18_26.937,26,6,18,1,-56.194,-78.816,3.172
2012-05-07-14_18_26.938,26,6,18,1,-56.253,-78.816,3.172
2012-05-07-14_18_26.939,26,6,18,1,-56.272,-78.790,3.172
2012-05-07-14_18_26.939,26,7,18,1,-65.191,-78.716,3.872
2012-05-07-14_18_26.940,26,7,18,1,-65.250,-78.716,3.872
2012-05-07-14_18_26.940,26,7,18,1,-65.269,-78.690,3.872
2012-05-07-14_18_26.941,26,0,19,0,2.248,-83.283,4.184
2012-05-07-14_18_26.942,26,0,19,0,2.180,-83.266,4.184
2012-05-07-14_18_26.942,26,0,19,0,2.226,-83.208,4.184
2012-05-07-14_18_26.943,26,1,19,0,-6.744,-83.186,3.584
2012-05-07-14_18_26.944,26,1,19,0,-6.812,-83.170,3.584
2012-05-07-14_18_26.944,26,1,19,0,-6.766,-83.198,3.584
2012-05-07-14_18_26.945,26,2,19,0,-15.688,-83.279,2.984
2012-05-07-14_18_26.945,26,2,19,0,-15.756,-83.263,2.984
2012-05-07-14_18_26.946,26,2,19,0,-15.709,-83.205,2.984
2012-05-07-14_18_26.947,26,3,19,0,-24.708,-83.232,2.984
2012-05-07-14_18_26.947,26,3,19,0,-24.776,-83.215,2.984
2012-05-07-14_18_26.948,26,3,19,0,-24.729,-83.157,2.984
2012-05-07-14_18_26.949,26,4,19,0,-33.717,-83.224,2.484
2012-05-07-14_18_26.949,26,4,19,0,-33.786,-83.207,2.484
2012-05-07-14_18_26.950,26,4,19,0,-33.739,-83.149,2.484
2012-05-07-14_18_26.951,26,5,19,0,-42.778,-83.250,3.384
2012-05-07-14_18_26.952,26,5,19,0,-42.846,-83.234,3.284
2012-05-07-14_18_26.952,26,5,19,0,-42.800,-83.176,3.284
2012-05-07-14_18_26.953,26,6,19,0,-51.747,-83.308,3.184
2012-05-07-14_18_26.954,26,6,19,0,-51.815,-83.292,3.184
2012-05-07-14_18_26.955,26,6,19,0,-51.769,-83.234,3.184
2012-05-07-14_18_26.955,26,7,19,0,-60.744,-83.209,3.684
2012-05-07-14_18_26.957,26,7,19,0,-60.812,-83.193,3.884
2012-05-07-14_18_26.958,26,7,19,0,-60.765,-83.135,3.684
2012-05-07-14_18_26.958,26,0,19,1,-2.200,-83.292,4.297
2012-05-07-14_18_26.959,26,0,19,1,-2.258,-83.292,4.297
2012-05-07-14_18_26.959,26,0,19,1,-2.278,-83.268,4.297
2012-05-07-14_18_26.960,26,1,19,1,-11.191,-83.196,3.497
2012-05-07-14_18_26.961,26,1,19,1,-11.250,-83.196,3.497
2012-05-07-14_18_26.961,26,1,19,1,-11.269,-83.172,3.497
2012-05-07-14_18_26.962,26,2,19,1,-20.194,-83.288,2.997
2012-05-07-14_18_26.963,26,2,19,1,-20.213,-83.265,2.997
2012-05-07-14_18_26.964,26,2,19,1,-20.159,-83.205,2.997
2012-05-07-14_18_26.964,26,3,19,1,-29.155,-83.241,2.997
2012-05-07-14_18_26.965,26,3,19,1,-29.214,-83.241,2.997
2012-05-07-14_18_26.966,26,3,19,1,-29.233,-83.217,2.997
2012-05-07-14_18_26.967,26,4,19,1,-38.165,-83.233,2.897
2012-05-07-14_18_26.967,26,4,19,1,-38.223,-83.233,2.897
2012-05-07-14_18_26.968,26,4,19,1,-38.243,-83.209,2.797
2012-05-07-14_18_26.969,26,5,19,1,-47.226,-83.259,3.397
2012-05-07-14_18_26.969,26,5,19,1,-47.284,-83.259,3.297
2012-05-07-14_18_26.970,26,5,19,1,-47.304,-83.235,3.397
2012-05-07-14_18_26.970,26,6,19,1,-56.195,-83.317,3.197
2012-05-07-14_18_26.971,26,6,19,1,-56.253,-83.317,3.197
2012-05-07-14_18_26.972,26,6,19,1,-56.272,-83.294,3.197
2012-05-07-14_18_26.972,26,7,19,1,-65.191,-83.218,3.897
2012-05-07-14_18_26.973,26,7,19,1,-65.250,-83.218,3.897
2012-05-07-14_18_26.973,26,7,19,1,-65.269,-83.194,3.897
2012-05-07-14_18_26.974,26,0,20,0,2.250,-87.784,4.307
2012-05-07-14_18_26.975,26,0,20,0,2.179,-87.771,4.307
2012-05-07-14_18_26.976,26,0,20,0,2.231,-87.706,4.307
2012-05-07-14_18_26.976,26,1,20,0,-6.742,-87.687,3.507
2012-05-07-14_18_26.977,26,1,20,0,-6.813,-87.675,3.507
2012-05-07-14_18_26.978,26,1,20,0,-6.764,-87.698,3.507
2012-05-07-14_18_26.979,26,2,20,0,-15.686,-87.780,3.007
2012-05-07-14_18_26.980,26,2,20,0,-15.756,-87.768,3.007
2012-05-07-14_18_26.981,26,2,20,0,-15.705,-87.702,3.007
2012-05-07-14_18_26.982,26,3,20,0,-24.706,-87.733,2.907
2012-05-07-14_18_26.982,26,3,20,0,-24.776,-87.720,2.907
2012-05-07-14_18_26.983,26,3,20,0,-24.725,-87.655,2.907
2012-05-07-14_18_26.984,26,4,20,0,-33.715,-87.725,2.807
2012-05-07-14_18_26.984,26,4,20,0,-33.786,-87.712,2.807
2012-05-07-14_18_26.985,26,4,20,0,-33.734,-87.646,2.707
2012-05-07-14_18_26.986,26,5,20,0,-42.776,-87.751,3.307
2012-05-07-14_18_26.987,26,5,20,0,-42.847,-87.738,3.307
2012-05-07-14_18_26.988,26,5,20,0,-42.795,-87.673,3.307
2012-05-07-14_18_26.988,26,6,20,0,-51.745,-87.809,3.207
2012-05-07-14_18_26.989,26,6,20,0,-51.816,-87.797,3.107
2012-05-07-14_18_26.990,26,6,20,0,-51.764,-87.731,3.007
2012-05-07-14_18_26.990,26,7,20,0,-60.742,-87.710,3.907
2012-05-07-14_18_26.991,26,7,20,0,-60.813,-87.697,3.907
2012-05-07-14_18_26.991,26,7,20,0,-60.761,-87.632,3.907
2012-05-07-14_18_26.992,26,0,20,1,-2.200,-87.791,4.216
2012-05-07-14_18_26.993,26,0,20,1,-2.256,-87.791,4.216
2012-05-07-14_18_26.993,26,0,20,1,-2.276,-87.772,4.316
2012-05-07-14_18_26.994,26,1,20,1,-11.192,-87.695,3.516
2012-05-07-14_18_26.994,26,1,20,1,-11.248,-87.695,3.516
2012-05-07-14_18_26.995,26,1,20,1,-11.267,-87.676,3.516
2012-05-07-14_18_26.996,26,2,20,1,-20.192,-87.788,3.016
2012-05-07-14_18_26.996,26,2,20,1,-20.211,-87.768,3.016
2012-05-07-14_18_26.997,26,2,20,1,-20.159,-87.702,2.916
2012-05-07-14_18_26.998,26,3,20,1,-29.156,-87.740,3.016
2012-05-07-14_18_26.998,26,3,20,1,-29.212,-87.740,3.016
2012-05-07-14_18_26.999,26,3,20,1,-29.231,-87.721,3.016
2012-05-07-14_18_26.999,26,4,20,1,-38.165,-87.732,2.916
2012-05-07-14_18_27.000,26,4,20,1,-38.221,-87.732,2.916
2012-05-07-14_18_27.000,26,4,20,1,-38.241,-87.713,2.916
2012-05-07-14_18_27.001,26,5,20,1,-47.226,-87.758,3.316
2012-05-07-14_18_27.001,26,5,20,1,-47.282,-87.758,3.316
2012-05-07-14_18_27.002,26,5,20,1,-47.302,-87.739,3.316
2012-05-07-14_18_27.002,26,6,20,1,-56.195,-87.817,3.216
2012-05-07-14_18_27.003,26,6,20,1,-56.251,-87.817,3.216
2012-05-07-14_18_27.004,26,6,20,1,-56.271,-87.797,3.216
2012-05-07-14_18_27.005,26,7,20,1,-65.192,-87.717,3.916
2012-05-07-14_18_27.006,26,7,20,1,-65.248,-87.717,3.916
2012-05-07-14_18_27.006,26,7,20,1,-65.267,-87.698,3.916
2012-05-07-14_18_27.007,26,0,21,0,2.249,-92.282,4.324
2012-05-07-14_18_27.008,26,0,21,0,2.181,-92.271,4.324
2012-05-07-14_18_27.008,26,0,21,0,2.230,-92.207,4.324
2012-05-07-14_18_27.009,26,1,21,0,-6.742,-92.185,3.624
2012-05-07-14_18_27.009,26,1,21,0,-6.811,-92.175,3.624
2012-05-07-14_18_27.010,26,1,21,0,-6.762,-92.194,3.624
2012-05-07-14_18_27.010,26,2,21,0,-15.686,-92.278,3.024
2012-05-07-14_18_27.011,26,2,21,0,-15.754,-92.267,3.124
2012-05-07-14_18_27.011,26,2,21,0,-15.705,-92.203,3.024
2012-05-07-14_18_27.012,26,3,21,0,-24.706,-92.231,2.924
2012-05-07-14_18_27.013,26,3,21,0,-24.774,-92.220,2.924
2012-05-07-14_18_27.013,26,3,21,0,-24.725,-92.156,2.824
2012-05-07-14_18_27.014,26,4,21,0,-33.716,-92.223,2.824
2012-05-07-14_18_27.014,26,4,21,0,-33.784,-92.212,2.724
2012-05-07-14_18_27.015,26,4,21,0,-33.735,-92.148,2.724
2012-05-07-14_18_27.016,26,5,21,0,-42.777,-92.249,3.324
2012-05-07-14_18_27.016,26,5,21,0,-42.845,-92.238,3.324
2012-05-07-14_18_27.017,26,5,21,0,-42.796,-92.174,3.224
2012-05-07-14_18_27.018,26,6,21,0,-51.745,-92.307,3.124
2012-05-07-14_18_27.020,26,6,21,0,-51.814,-92.296,3.124
2012-05-07-14_18_27.021,26,6,21,0,-51.764,-92.232,3.124
2012-05-07-14_18_27.022,26,7,21,0,-60.742,-92.208,3.724
2012-05-07-14_18_27.023,26,7,21,0,-60.811,-92.197,3.924
2012-05-07-14_18_27.023,26,7,21,0,-60.761,-92.133,3.824
2012-05-07-14_18_27.024,26,0,21,1,-2.200,-92.288,4.435
2012-05-07-14_18_27.025,26,0,21,1,-2.276,-92.271,4.335
2012-05-07-14_18_27.026,26,0,21,1,-2.227,-92.207,4.335
2012-05-07-14_18_27.026,26,1,21,1,-11.192,-92.191,3.535
2012-05-07-14_18_27.027,26,1,21,1,-11.268,-92.175,3.535
2012-05-07-14_18_27.028,26,1,21,1,-11.224,-92.194,3.534
2012-05-07-14_18_27.029,26,2,21,1,-20.136,-92.284,3.035
2012-05-07-14_18_27.029,26,2,21,1,-20.212,-92.268,3.035
2012-05-07-14_18_27.030,26,2,21,1,-20.162,-92.203,3.035
2012-05-07-14_18_27.031,26,3,21,1,-29.156,-92.237,3.035
2012-05-07-14_18_27.032,26,3,21,1,-29.232,-92.220,3.035
2012-05-07-14_18_27.032,26,3,21,1,-29.182,-92.156,3.035
2012-05-07-14_18_27.033,26,4,21,1,-38.166,-92.229,2.635
2012-05-07-14_18_27.034,26,4,21,1,-38.241,-92.212,2.735
2012-05-07-14_18_27.035,26,4,21,1,-38.192,-92.147,2.635
2012-05-07-14_18_27.035,26,5,21,1,-47.227,-92.255,3.335
2012-05-07-14_18_27.036,26,5,21,1,-47.302,-92.238,3.335
2012-05-07-14_18_27.036,26,5,21,1,-47.253,-92.174,3.335
2012-05-07-14_18_27.037,26,6,21,1,-56.195,-92.313,3.235
2012-05-07-14_18_27.037,26,6,21,1,-56.271,-92.297,3.135
2012-05-07-14_18_27.038,26,6,21,1,-56.222,-92.232,3.235
2012-05-07-14_18_27.039,26,7,21,1,-65.192,-92.214,3.835
2012-05-07-14_18_27.039,26,7,21,1,-65.268,-92.197,3.835
2012-05-07-14_18_27.040,26,7,21,1,-65.224,-92.216,3.834
2012-05-07-14_18_27.041,26,0,22,0,2.249,-96.778,4.347
2012-05-07-14_18_27.041,26,0,22,0,2.183,-96.766,4.247
2012-05-07-14_18_27.042,26,0,22,0,2.232,-96.707,4.247
2012-05-07-14_18_27.042,26,1,22,0,-6.743,-96.681,3.647
2012-05-07-14_18_27.043,26,1,22,0,-6.809,-96.669,3.647
2012-05-07-14_18_27.043,26,1,22,0,-6.762,-96.691,3.647
2012-05-07-14_18_27.044,26,2,22,0,-15.687,-96.774,3.147
2012-05-07-14_18_27.044,26,2,22,0,-15.752,-96.762,3.047
2012-05-07-14_18_27.045,26,2,22,0,-15.703,-96.704,3.047
2012-05-07-14_18_27.045,26,3,22,0,-24.707,-96.726,3.047
2012-05-07-14_18_27.046,26,3,22,0,-24.772,-96.715,3.047
2012-05-07-14_18_27.046,26,3,22,0,-24.723,-96.656,3.047
2012-05-07-14_18_27.047,26,4,22,0,-33.716,-96.718,2.847
2012-05-07-14_18_27.048,26,4,22,0,-33.782,-96.706,2.847
2012-05-07-14_18_27.049,26,4,22,0,-33.733,-96.648,2.847
2012-05-07-14_18_27.049,26,5,22,0,-42.777,-96.745,3.247
2012-05-07-14_18_27.050,26,5,22,0,-42.843,-96.733,3.247
2012-05-07-14_18_27.050,26,5,22,0,-42.794,-96.674,3.247
2012-05-07-14_18_27.051,26,6,22,0,-51.746,-96.803,3.247
2012-05-07-14_18_27.051,26,6,22,0,-51.812,-96.791,3.247
2012-05-07-14_18_27.052,26,6,22,0,-51.762,-96.733,3.247
2012-05-07-14_18_27.053,26,7,22,0,-60.743,-96.704,3.947
2012-05-07-14_18_27.053,26,7,22,0,-60.809,-96.692,3.847
2012-05-07-14_18_27.054,26,7,22,0,-60.759,-96.633,3.847
2012-05-07-14_18_27.054,26,0,22,1,-2.198,-96.787,4.258
2012-05-07-14_18_27.055,26,0,22,1,-2.257,-96.787,4.358
2012-05-07-14_18_27.055,26,0,22,1,-2.276,-96.766,4.358
2012-05-07-14_18_27.056,26,1,22,1,-11.190,-96.691,3.658
2012-05-07-14_18_27.057,26,1,22,1,-11.249,-96.691,3.658
2012-05-07-14_18_27.057,26,1,22,1,-11.268,-96.670,3.658
2012-05-07-14_18_27.058,26,2,22,1,-20.193,-96.784,3.058
2012-05-07-14_18_27.059,26,2,22,1,-20.212,-96.763,3.058
2012-05-07-14_18_27.061,26,2,22,1,-20.163,-96.704,3.058
2012-05-07-14_18_27.062,26,3,22,1,-29.154,-96.736,3.058
2012-05-07-14_18_27.063,26,3,22,1,-29.213,-96.736,3.058
2012-05-07-14_18_27.063,26,3,22,1,-29.232,-96.715,3.058
2012-05-07-14_18_27.064,26,4,22,1,-38.164,-96.728,2.958
2012-05-07-14_18_27.064,26,4,22,1,-38.222,-96.728,2.958
2012-05-07-14_18_27.065,26,4,22,1,-38.242,-96.707,2.958
2012-05-07-14_18_27.065,26,5,22,1,-47.224,-96.754,3.158
2012-05-07-14_18_27.066,26,5,22,1,-47.283,-96.754,3.158
2012-05-07-14_18_27.066,26,5,22,1,-47.302,-96.733,3.158
2012-05-07-14_18_27.067,26,6,22,1,-56.193,-96.812,3.258
2012-05-07-14_18_27.069,26,6,22,1,-56.252,-96.813,3.258
2012-05-07-14_18_27.069,26,6,22,1,-56.271,-96.792,3.258
2012-05-07-14_18_27.070,26,7,22,1,-65.190,-96.713,3.958
2012-05-07-14_18_27.071,26,7,22,1,-65.249,-96.713,3.958
2012-05-07-14_18_27.072,26,7,22,1,-65.268,-96.692,3.858
2012-05-07-14_18_27.072,26,0,23,0,2.251,-101.280,4.370
2012-05-07-14_18_27.074,26,0,23,0,2.183,-101.265,4.370
2012-05-07-14_18_27.075,26,0,23,0,2.232,-101.212,4.370
2012-05-07-14_18_27.076,26,1,23,0,-6.741,-101.184,3.670
2012-05-07-14_18_27.076,26,1,23,0,-6.809,-101.169,3.570
2012-05-07-14_18_27.077,26,1,23,0,-6.760,-101.196,3.670
2012-05-07-14_18_27.078,26,2,23,0,-15.685,-101.276,3.070
2012-05-07-14_18_27.078,26,2,23,0,-15.753,-101.261,3.070
2012-05-07-14_18_27.079,26,2,23,0,-15.704,-101.208,3.070
2012-05-07-14_18_27.080,26,3,23,0,-24.705,-101.229,3.070
2012-05-07-14_18_27.080,26,3,23,0,-24.773,-101.214,3.070
2012-05-07-14_18_27.081,26,3,23,0,-24.724,-101.161,3.170
2012-05-07-14_18_27.081,26,4,23,0,-33.714,-101.221,2.870
2012-05-07-14_18_27.082,26,4,23,0,-33.782,-101.206,2.870
2012-05-07-14_18_27.083,26,4,23,0,-33.733,-101.153,2.870
2012-05-07-14_18_27.083,26,5,23,0,-42.775,-101.247,3.070
2012-05-07-14_18_27.084,26,5,23,0,-42.843,-101.232,3.070
2012-05-07-14_18_27.084,26,5,23,0,-42.794,-101.179,3.070
2012-05-07-14_18_27.085,26,6,23,0,-51.744,-101.305,3.070
2012-05-07-14_18_27.086,26,6,23,0,-51.812,-101.291,3.070
2012-05-07-14_18_27.086,26,6,23,0,-51.763,-101.237,2.970
2012-05-07-14_18_27.087,26,7,23,0,-60.741,-101.206,3.670
2012-05-07-14_18_27.087,26,7,23,0,-60.809,-101.191,3.870
2012-05-07-14_18_27.088,26,7,23,0,-60.760,-101.138,3.670
2012-05-07-14_18_27.088,26,0,23,1,-2.184,-101.290,4.370
2012-05-07-14_18_27.089,26,0,23,1,-2.253,-101.290,4.370
2012-05-07-14_18_27.089,26,0,23,1,-2.272,-101.265,4.370
2012-05-07-14_18_27.090,26,1,23,1,-11.176,-101.194,3.570
2012-05-07-14_18_27.090,26,1,23,1,-11.244,-101.194,3.670
2012-05-07-14_18_27.091,26,1,23,1,-11.264,-101.169,3.670
2012-05-07-14_18_27.092,26,2,23,1,-20.188,-101.286,3.070
2012-05-07-14_18_27.092,26,2,23,1,-20.208,-101.262,3.070
2012-05-07-14_18_27.093,26,2,23,1,-20.161,-101.208,3.070
2012-05-07-14_18_27.093,26,3,23,1,-29.140,-101.239,3.070
2012-05-07-14_18_27.094,26,3,23,1,-29.208,-101.239,3.070
2012-05-07-14_18_27.095,26,3,23,1,-29.228,-101.214,3.070
2012-05-07-14_18_27.096,26,4,23,1,-38.149,-101.231,2.870
2012-05-07-14_18_27.096,26,4,23,1,-38.218,-101.231,2.870
2012-05-07-14_18_27.097,26,4,23,1,-38.237,-101.206,2.870
2012-05-07-14_18_27.097,26,5,23,1,-47.210,-101.257,3.170
2012-05-07-14_18_27.098,26,5,23,1,-47.279,-101.257,3.170
2012-05-07-14_18_27.099,26,5,23,1,-47.298,-101.232,3.170
2012-05-07-14_18_27.099,26,6,23,1,-56.179,-101.315,3.170
2012-05-07-14_18_27.100,26,6,23,1,-56.247,-101.315,3.270
2012-05-07-14_18_27.100,26,6,23,1,-56.267,-101.291,3.170
2012-05-07-14_18_27.102,26,7,23,1,-65.176,-101.216,3.870
2012-05-07-14_18_27.102,26,7,23,1,-65.244,-101.216,3.870
2012-05-07-14_18_27.103,26,7,23,1,-65.264,-101.192,3.870
