2012-05-06-00_40_59.011,434,0,0,0,2.259,2.220,3.397
2012-05-06-00_40_59.012,434,1,0,0,-6.749,2.205,2.796
2012-05-06-00_40_59.014,434,2,0,0,-15.738,2.300,2.497
2012-05-06-00_40_59.015,434,3,0,0,-24.792,2.205,2.897
2012-05-06-00_40_59.016,434,4,0,0,-33.779,2.230,1.997
2012-05-06-00_40_59.027,434,5,0,0,-42.794,2.167,2.697
2012-05-06-00_40_59.028,434,6,0,0,-51.793,2.164,2.597
2012-05-06-00_40_59.029,434,7,0,0,-60.715,2.246,3.197
2012-05-06-00_40_59.029,434,0,0,1,-2.186,2.212,3.596
2012-05-06-00_40_59.030,434,1,0,1,-11.204,2.204,3.096
2012-05-06-00_40_59.030,434,2,0,1,-20.183,2.293,2.596
2012-05-06-00_40_59.031,434,3,0,1,-29.237,2.197,2.596
2012-05-06-00_40_59.032,434,4,0,1,-38.224,2.222,2.296
2012-05-06-00_40_59.032,434,5,0,1,-47.239,2.160,2.596
2012-05-06-00_40_59.033,434,6,0,1,-56.238,2.156,2.696
2012-05-06-00_40_59.034,434,7,0,1,-65.160,2.239,3.496
2012-05-06-00_40_59.034,434,0,1,0,2.271,-2.280,3.612
2012-05-06-00_40_59.035,434,1,1,0,-6.745,-2.290,3.112
2012-05-06-00_40_59.036,434,2,1,0,-15.726,-2.200,2.612
2012-05-06-00_40_59.036,434,3,1,0,-24.781,-2.295,2.912
2012-05-06-00_40_59.037,434,4,1,0,-33.768,-2.270,2.012
2012-05-06-00_40_59.038,434,5,1,0,-42.782,-2.332,2.612
2012-05-06-00_40_59.038,434,6,1,0,-51.781,-2.336,2.712
2012-05-06-00_40_59.039,434,7,1,0,-60.703,-2.254,3.312
2012-05-06-00_40_59.040,434,0,1,1,-2.188,-2.289,3.619
2012-05-06-00_40_59.040,434,1,1,1,-11.204,-2.290,3.119
2012-05-06-00_40_59.041,434,2,1,1,-20.186,-2.209,2.619
2012-05-06-00_40_59.041,434,3,1,1,-29.240,-2.304,2.619
2012-05-06-00_40_59.042,434,4,1,1,-38.227,-2.279,2.019
2012-05-06-00_40_59.043,434,5,1,1,-47.242,-2.341,2.519
2012-05-06-00_40_59.044,434,6,1,1,-56.241,-2.345,2.619
2012-05-06-00_40_59.044,434,7,1,1,-65.163,-2.263,3.319
2012-05-06-00_40_59.045,434,0,2,0,2.271,-6.785,3.628
2012-05-06-00_40_59.046,434,1,2,0,-6.745,-6.788,3.128
2012-05-06-00_40_59.046,434,2,2,0,-15.726,-6.705,2.628
2012-05-06-00_40_59.047,434,3,2,0,-24.781,-6.800,2.828
2012-05-06-00_40_59.048,434,4,2,0,-33.768,-6.775,2.228
2012-05-06-00_40_59.049,434,5,2,0,-42.783,-6.837,2.828
2012-05-06-00_40_59.068,434,6,2,0,-51.781,-6.841,2.728
2012-05-06-00_40_59.069,434,7,2,0,-60.703,-6.759,3.528
2012-05-06-00_40_59.070,434,0,2,1,-2.186,-6.792,3.537
2012-05-06-00_40_59.071,434,1,2,1,-11.200,-6.787,3.137
2012-05-06-00_40_59.072,434,2,2,1,-20.184,-6.712,2.637
2012-05-06-00_40_59.073,434,3,2,1,-29.238,-6.807,2.937
2012-05-06-00_40_59.073,434,4,2,1,-38.225,-6.782,2.337
2012-05-06-00_40_59.074,434,5,2,1,-47.240,-6.844,2.637
2012-05-06-00_40_59.075,434,6,2,1,-56.239,-6.848,2.837
2012-05-06-00_40_59.076,434,7,2,1,-65.161,-6.766,3.437
2012-05-06-00_40_59.077,434,0,3,0,2.273,-11.282,3.647
2012-05-06-00_40_59.079,434,1,3,0,-6.743,-11.286,3.247
2012-05-06-00_40_59.080,434,2,3,0,-15.724,-11.202,2.647
2012-05-06-00_40_59.081,434,3,3,0,-24.779,-11.298,2.947
2012-05-06-00_40_59.082,434,4,3,0,-33.766,-11.273,2.347
2012-05-06-00_40_59.083,434,5,3,0,-42.781,-11.335,2.747
2012-05-06-00_40_59.083,434,6,3,0,-51.779,-11.339,2.847
2012-05-06-00_40_59.084,434,7,3,0,-60.701,-11.256,3.447
2012-05-06-00_40_59.085,434,0,3,1,-2.187,-11.288,3.659
2012-05-06-00_40_59.086,434,1,3,1,-11.200,-11.286,3.159
2012-05-06-00_40_59.087,434,2,3,1,-20.184,-11.208,2.559
2012-05-06-00_40_59.088,434,3,3,1,-29.239,-11.303,2.859
2012-05-06-00_40_59.096,434,4,3,1,-38.226,-11.278,2.459
2012-05-06-00_40_59.097,434,5,3,1,-47.240,-11.341,2.559
2012-05-06-00_40_59.098,434,6,3,1,-56.239,-11.344,2.759
2012-05-06-00_40_59.099,434,7,3,1,-65.161,-11.262,3.259
2012-05-06-00_40_59.100,434,0,4,0,2.270,-15.781,3.673
2012-05-06-00_40_59.101,434,1,4,0,-6.741,-15.794,3.173
2012-05-06-00_40_59.102,434,2,4,0,-15.727,-15.701,2.573
2012-05-06-00_40_59.103,434,3,4,0,-24.782,-15.797,2.873
2012-05-06-00_40_59.104,434,4,4,0,-33.769,-15.772,2.073
2012-05-06-00_40_59.105,434,5,4,0,-42.784,-15.834,2.573
2012-05-06-00_40_59.105,434,6,4,0,-51.782,-15.837,2.673
2012-05-06-00_40_59.106,434,7,4,0,-60.704,-15.755,3.473
2012-05-06-00_40_59.107,434,0,4,1,-2.187,-15.788,3.683
2012-05-06-00_40_59.108,434,1,4,1,-11.203,-15.794,3.182
2012-05-06-00_40_59.108,434,2,4,1,-20.184,-15.708,2.683
2012-05-06-00_40_59.109,434,3,4,1,-29.239,-15.804,2.883
2012-05-06-00_40_59.110,434,4,4,1,-38.226,-15.779,2.083
2012-05-06-00_40_59.110,434,5,4,1,-47.241,-15.841,2.483
2012-05-06-00_40_59.111,434,6,4,1,-56.239,-15.844,2.683
2012-05-06-00_40_59.111,434,7,4,1,-65.161,-15.762,3.383
2012-05-06-00_40_59.112,434,0,5,0,2.270,-20.280,3.592
2012-05-06-00_40_59.112,434,1,5,0,-6.739,-20.297,3.192
2012-05-06-00_40_59.113,434,2,5,0,-15.728,-20.200,2.692
2012-05-06-00_40_59.114,434,3,5,0,-24.782,-20.295,2.892
2012-05-06-00_40_59.114,434,4,5,0,-33.769,-20.270,2.292
2012-05-06-00_40_59.115,434,5,5,0,-42.784,-20.332,2.692
2012-05-06-00_40_59.116,434,6,5,0,-51.783,-20.336,2.792
2012-05-06-00_40_59.116,434,7,5,0,-60.705,-20.254,3.392
2012-05-06-00_40_59.117,434,0,5,1,-2.185,-20.287,3.700
2012-05-06-00_40_59.118,434,1,5,1,-11.206,-20.297,3.100
2012-05-06-00_40_59.119,434,2,5,1,-20.182,-20.207,2.600
2012-05-06-00_40_59.119,434,3,5,1,-29.237,-20.303,2.900
2012-05-06-00_40_59.120,434,4,5,1,-38.224,-20.277,2.200
2012-05-06-00_40_59.121,434,5,5,1,-47.239,-20.340,2.500
2012-05-06-00_40_59.121,434,6,5,1,-56.237,-20.343,2.700
2012-05-06-00_40_59.122,434,7,5,1,-65.159,-20.261,3.500
2012-05-06-00_40_59.123,434,0,6,0,2.269,-24.780,3.710
2012-05-06-00_40_59.123,434,1,6,0,-6.737,-24.792,3.210
2012-05-06-00_40_59.124,434,2,6,0,-15.728,-24.700,2.610
2012-05-06-00_40_59.125,434,3,6,0,-24.783,-24.795,2.910
2012-05-06-00_40_59.125,434,4,6,0,-33.770,-24.770,2.110
2012-05-06-00_40_59.126,434,5,6,0,-42.784,-24.832,2.610
2012-05-06-00_40_59.126,434,6,6,0,-51.783,-24.836,2.810
2012-05-06-00_40_59.127,434,7,6,0,-60.705,-24.754,3.510
2012-05-06-00_40_59.127,434,0,6,1,-2.183,-24.789,3.722
2012-05-06-00_40_59.128,434,1,6,1,-11.209,-24.790,3.222
2012-05-06-00_40_59.129,434,2,6,1,-20.180,-24.709,2.622
2012-05-06-00_40_59.129,434,3,6,1,-29.235,-24.805,3.022
2012-05-06-00_40_59.130,434,4,6,1,-38.222,-24.780,2.222
2012-05-06-00_40_59.130,434,5,6,1,-47.237,-24.842,2.622
2012-05-06-00_40_59.131,434,6,6,1,-56.235,-24.846,2.822
2012-05-06-00_40_59.132,434,7,6,1,-65.157,-24.763,3.422
2012-05-06-00_40_59.132,434,0,7,0,2.269,-29.283,3.635
2012-05-06-00_40_59.133,434,1,7,0,-6.740,-29.287,3.135
2012-05-06-00_40_59.134,434,2,7,0,-15.728,-29.203,2.735
2012-05-06-00_40_59.134,434,3,7,0,-24.783,-29.299,2.935
2012-05-06-00_40_59.135,434,4,7,0,-33.770,-29.274,2.435
2012-05-06-00_40_59.136,434,5,7,0,-42.785,-29.336,2.735
2012-05-06-00_40_59.137,434,6,7,0,-51.784,-29.340,2.835
2012-05-06-00_40_59.138,434,7,7,0,-60.705,-29.257,3.435
2012-05-06-00_40_59.139,434,0,7,1,-2.184,-29.291,3.745
2012-05-06-00_40_59.140,434,1,7,1,-11.212,-29.287,3.145
2012-05-06-00_40_59.141,434,2,7,1,-20.181,-29.211,2.745
2012-05-06-00_40_59.142,434,3,7,1,-29.235,-29.306,2.945
2012-05-06-00_40_59.142,434,4,7,1,-38.223,-29.281,2.345
2012-05-06-00_40_59.143,434,5,7,1,-47.237,-29.343,2.745
2012-05-06-00_40_59.144,434,6,7,1,-56.236,-29.347,2.945
2012-05-06-00_40_59.145,434,7,7,1,-65.158,-29.265,3.545
2012-05-06-00_40_59.146,434,0,8,0,2.273,-33.782,3.654
2012-05-06-00_40_59.146,434,1,8,0,-6.743,-33.785,3.154
2012-05-06-00_40_59.147,434,2,8,0,-15.724,-33.702,2.654
2012-05-06-00_40_59.147,434,3,8,0,-24.779,-33.797,2.954
2012-05-06-00_40_59.148,434,4,8,0,-33.766,-33.772,2.454
2012-05-06-00_40_59.149,434,5,8,0,-42.780,-33.834,2.754
2012-05-06-00_40_59.150,434,6,8,0,-51.779,-33.838,2.854
2012-05-06-00_40_59.150,434,7,8,0,-60.701,-33.756,3.654
2012-05-06-00_40_59.151,434,0,8,1,-2.184,-33.787,3.663
2012-05-06-00_40_59.151,434,1,8,1,-11.212,-33.785,3.162
2012-05-06-00_40_59.152,434,2,8,1,-20.181,-33.707,2.663
2012-05-06-00_40_59.153,434,3,8,1,-29.236,-33.803,2.963
2012-05-06-00_40_59.154,434,4,8,1,-38.223,-33.778,2.463
2012-05-06-00_40_59.154,434,5,8,1,-47.238,-33.840,2.763
2012-05-06-00_40_59.155,434,6,8,1,-56.236,-33.843,2.863
2012-05-06-00_40_59.155,434,7,8,1,-65.158,-33.761,3.463
2012-05-06-00_40_59.156,434,0,9,0,2.275,-38.282,3.772
2012-05-06-00_40_59.157,434,1,9,0,-6.746,-38.293,3.272
2012-05-06-00_40_59.157,434,2,9,0,-15.722,-38.202,2.772
2012-05-06-00_40_59.158,434,3,9,0,-24.777,-38.298,2.972
2012-05-06-00_40_59.159,434,4,9,0,-33.764,-38.272,2.272
2012-05-06-00_40_59.159,434,5,9,0,-42.778,-38.335,2.672
2012-05-06-00_40_59.161,434,6,9,0,-51.777,-38.338,2.772
2012-05-06-00_40_59.162,434,7,9,0,-60.699,-38.256,3.372
2012-05-06-00_40_59.163,434,0,9,1,-2.185,-38.288,3.685
2012-05-06-00_40_59.164,434,1,9,1,-11.210,-38.293,3.185
2012-05-06-00_40_59.165,434,2,9,1,-20.182,-38.208,2.785
2012-05-06-00_40_59.165,434,3,9,1,-29.236,-38.304,2.985
2012-05-06-00_40_59.166,434,4,9,1,-38.223,-38.279,2.185
2012-05-06-00_40_59.167,434,5,9,1,-47.238,-38.341,2.685
2012-05-06-00_40_59.167,434,6,9,1,-56.237,-38.344,2.885
2012-05-06-00_40_59.168,434,7,9,1,-65.159,-38.262,3.585
2012-05-06-00_40_59.168,434,0,10,0,2.277,-42.780,3.698
2012-05-06-00_40_59.169,434,1,10,0,-6.751,-42.796,3.298
2012-05-06-00_40_59.170,434,2,10,0,-15.720,-42.700,2.798
2012-05-06-00_40_59.171,434,3,10,0,-24.775,-42.795,2.998
2012-05-06-00_40_59.171,434,4,10,0,-33.762,-42.770,2.298
2012-05-06-00_40_59.172,434,5,10,0,-42.776,-42.832,2.698
2012-05-06-00_40_59.173,434,6,10,0,-51.775,-42.836,2.998
2012-05-06-00_40_59.173,434,7,10,0,-60.697,-42.754,3.398
2012-05-06-00_40_59.174,434,0,10,1,-2.187,-42.788,3.808
2012-05-06-00_40_59.175,434,1,10,1,-11.213,-42.795,3.208
2012-05-06-00_40_59.176,434,2,10,1,-20.185,-42.708,2.708
2012-05-06-00_40_59.176,434,3,10,1,-29.239,-42.803,3.108
2012-05-06-00_40_59.177,434,4,10,1,-38.226,-42.778,2.508
2012-05-06-00_40_59.177,434,5,10,1,-47.241,-42.840,2.808
2012-05-06-00_40_59.178,434,6,10,1,-56.240,-42.844,2.908
2012-05-06-00_40_59.179,434,7,10,1,-65.162,-42.762,3.508
2012-05-06-00_40_59.179,434,0,11,0,2.277,-47.279,3.717
2012-05-06-00_40_59.180,434,1,11,0,-6.751,-47.291,3.317
2012-05-06-00_40_59.180,434,2,11,0,-15.720,-47.199,2.717
2012-05-06-00_40_59.181,434,3,11,0,-24.775,-47.295,3.017
2012-05-06-00_40_59.181,434,4,11,0,-33.762,-47.270,2.417
2012-05-06-00_40_59.183,434,5,11,0,-42.777,-47.332,2.717
2012-05-06-00_40_59.184,434,6,11,0,-51.775,-47.336,3.017
2012-05-06-00_40_59.184,434,7,11,0,-60.697,-47.253,3.417
2012-05-06-00_40_59.185,434,0,11,1,-2.188,-47.290,3.826
2012-05-06-00_40_59.185,434,1,11,1,-11.213,-47.290,3.226
2012-05-06-00_40_59.186,434,2,11,1,-20.185,-47.210,2.726
2012-05-06-00_40_59.187,434,3,11,1,-29.240,-47.305,2.826
2012-05-06-00_40_59.188,434,4,11,1,-38.227,-47.280,2.526
2012-05-06-00_40_59.189,434,5,11,1,-47.241,-47.343,2.826
2012-05-06-00_40_59.189,434,6,11,1,-56.240,-47.346,2.926
2012-05-06-00_40_59.190,434,7,11,1,-65.162,-47.264,3.526
2012-05-06-00_40_59.191,434,0,12,0,2.276,-51.785,3.636
2012-05-06-00_40_59.191,434,1,12,0,-6.754,-51.788,3.336
2012-05-06-00_40_59.192,434,2,12,0,-15.721,-51.705,2.836
2012-05-06-00_40_59.193,434,3,12,0,-24.776,-51.800,3.036
2012-05-06-00_40_59.193,434,4,12,0,-33.763,-51.775,2.236
2012-05-06-00_40_59.194,434,5,12,0,-42.777,-51.837,2.736
2012-05-06-00_40_59.195,434,6,12,0,-51.776,-51.841,2.936
2012-05-06-00_40_59.195,434,7,12,0,-60.698,-51.759,3.636
2012-05-06-00_40_59.196,434,0,12,1,-2.191,-51.791,3.849
2012-05-06-00_40_59.196,434,1,12,1,-11.211,-51.788,3.349
2012-05-06-00_40_59.197,434,2,12,1,-20.188,-51.711,2.849
2012-05-06-00_40_59.198,434,3,12,1,-29.242,-51.807,2.949
2012-05-06-00_40_59.198,434,4,12,1,-38.230,-51.782,2.549
2012-05-06-00_40_59.199,434,5,12,1,-47.244,-51.844,2.849
2012-05-06-00_40_59.199,434,6,12,1,-56.243,-51.848,3.049
2012-05-06-00_40_59.200,434,7,12,1,-65.165,-51.765,3.649
2012-05-06-00_40_59.200,434,0,13,0,2.273,-56.283,3.762
2012-05-06-00_40_59.201,434,1,13,0,-6.752,-56.286,3.362
2012-05-06-00_40_59.202,434,2,13,0,-15.724,-56.203,2.762
2012-05-06-00_40_59.202,434,3,13,0,-24.778,-56.298,2.962
2012-05-06-00_40_59.203,434,4,13,0,-33.765,-56.273,2.362
2012-05-06-00_40_59.204,434,5,13,0,-42.780,-56.335,2.762
2012-05-06-00_40_59.204,434,6,13,0,-51.779,-56.339,2.862
2012-05-06-00_40_59.205,434,7,13,0,-60.701,-56.257,3.462
2012-05-06-00_40_59.206,434,0,13,1,-2.194,-56.288,3.872
2012-05-06-00_40_59.207,434,1,13,1,-11.209,-56.286,3.271
2012-05-06-00_40_59.208,434,2,13,1,-20.191,-56.208,2.772
2012-05-06-00_40_59.208,434,3,13,1,-29.245,-56.303,2.872
2012-05-06-00_40_59.209,434,4,13,1,-38.232,-56.278,2.372
2012-05-06-00_40_59.210,434,5,13,1,-47.247,-56.340,2.872
2012-05-06-00_40_59.210,434,6,13,1,-56.246,-56.344,2.872
2012-05-06-00_40_59.211,434,7,13,1,-65.168,-56.262,3.572
2012-05-06-00_40_59.212,434,0,14,0,2.275,-60.783,3.779
2012-05-06-00_40_59.212,434,1,14,0,-6.753,-60.793,3.379
2012-05-06-00_40_59.213,434,2,14,0,-15.722,-60.702,2.779
2012-05-06-00_40_59.213,434,3,14,0,-24.776,-60.798,2.979
2012-05-06-00_40_59.214,434,4,14,0,-33.763,-60.773,2.579
2012-05-06-00_40_59.215,434,5,14,0,-42.778,-60.835,2.779
2012-05-06-00_40_59.215,434,6,14,0,-51.777,-60.839,2.879
2012-05-06-00_40_59.216,434,7,14,0,-60.699,-60.756,3.779
2012-05-06-00_40_59.217,434,0,14,1,-2.196,-60.789,3.788
2012-05-06-00_40_59.217,434,1,14,1,-11.210,-60.793,3.388
2012-05-06-00_40_59.218,434,2,14,1,-20.194,-60.708,2.888
2012-05-06-00_40_59.219,434,3,14,1,-29.248,-60.804,2.988
2012-05-06-00_40_59.219,434,4,14,1,-38.235,-60.779,2.588
2012-05-06-00_40_59.220,434,5,14,1,-47.250,-60.841,2.888
2012-05-06-00_40_59.220,434,6,14,1,-56.249,-60.845,2.988
2012-05-06-00_40_59.221,434,7,14,1,-65.171,-60.762,3.688
2012-05-06-00_40_59.221,434,0,15,0,2.273,-65.280,3.897
2012-05-06-00_40_59.222,434,1,15,0,-6.753,-65.296,3.297
2012-05-06-00_40_59.224,434,2,15,0,-15.725,-65.200,2.897
2012-05-06-00_40_59.224,434,3,15,0,-24.779,-65.295,2.997
2012-05-06-00_40_59.225,434,4,15,0,-33.766,-65.270,2.597
2012-05-06-00_40_59.226,434,5,15,0,-42.781,-65.333,2.697
2012-05-06-00_40_59.226,434,6,15,0,-51.780,-65.336,2.897
2012-05-06-00_40_59.227,434,7,15,0,-60.702,-65.254,3.397
2012-05-06-00_40_59.228,434,0,15,1,-2.197,-65.288,3.910
2012-05-06-00_40_59.229,434,1,15,1,-11.210,-65.296,3.410
2012-05-06-00_40_59.229,434,2,15,1,-20.194,-65.207,2.810
2012-05-06-00_40_59.231,434,3,15,1,-29.249,-65.303,2.910
2012-05-06-00_40_59.231,434,4,15,1,-38.236,-65.278,2.510
2012-05-06-00_40_59.232,434,5,15,1,-47.250,-65.340,2.810
2012-05-06-00_40_59.233,434,6,15,1,-56.249,-65.344,2.910
2012-05-06-00_40_59.234,434,7,15,1,-65.171,-65.261,3.610
2012-05-06-00_40_59.235,434,0,16,0,2.270,-69.779,3.923
2012-05-06-00_40_59.235,434,1,16,0,-6.751,-69.790,3.323
2012-05-06-00_40_59.236,434,2,16,0,-15.727,-69.699,2.923
2012-05-06-00_40_59.237,434,3,16,0,-24.782,-69.795,3.123
2012-05-06-00_40_59.237,434,4,16,0,-33.769,-69.770,2.323
2012-05-06-00_40_59.238,434,5,16,0,-42.784,-69.832,2.823
2012-05-06-00_40_59.239,434,6,16,0,-51.782,-69.836,2.923
2012-05-06-00_40_59.239,434,7,16,0,-60.704,-69.753,3.623
2012-05-06-00_40_59.240,434,0,16,1,-2.197,-69.789,3.834
2012-05-06-00_40_59.240,434,1,16,1,-11.208,-69.790,3.333
2012-05-06-00_40_59.241,434,2,16,1,-20.194,-69.709,2.834
2012-05-06-00_40_59.242,434,3,16,1,-29.249,-69.804,3.134
2012-05-06-00_40_59.243,434,4,16,1,-38.236,-69.779,2.534
2012-05-06-00_40_59.243,434,5,16,1,-47.251,-69.841,2.734
2012-05-06-00_40_59.244,434,6,16,1,-56.249,-69.845,2.934
2012-05-06-00_40_59.245,434,7,16,1,-65.171,-69.763,3.634
2012-05-06-00_40_59.245,434,0,17,0,2.267,-74.284,3.842
2012-05-06-00_40_59.246,434,1,17,0,-6.749,-74.288,3.442
2012-05-06-00_40_59.247,434,2,17,0,-15.730,-74.204,2.842
2012-05-06-00_40_59.248,434,3,17,0,-24.785,-74.300,3.042
2012-05-06-00_40_59.248,434,4,17,0,-33.772,-74.275,2.442
2012-05-06-00_40_59.249,434,5,17,0,-42.787,-74.337,2.842
2012-05-06-00_40_59.250,434,6,17,0,-51.785,-74.341,2.942
2012-05-06-00_40_59.250,434,7,17,0,-60.707,-74.258,3.542
2012-05-06-00_40_59.251,434,0,17,1,-2.193,-74.291,3.852
2012-05-06-00_40_59.251,434,1,17,1,-11.211,-74.288,3.351
2012-05-06-00_40_59.252,434,2,17,1,-20.190,-74.211,2.852
2012-05-06-00_40_59.253,434,3,17,1,-29.245,-74.306,3.052
2012-05-06-00_40_59.253,434,4,17,1,-38.232,-74.281,2.352
2012-05-06-00_40_59.254,434,5,17,1,-47.246,-74.344,2.852
2012-05-06-00_40_59.255,434,6,17,1,-56.245,-74.347,2.952
2012-05-06-00_40_59.255,434,7,17,1,-65.167,-74.265,3.652
2012-05-06-00_40_59.256,434,0,18,0,2.264,-78.782,3.862
2012-05-06-00_40_59.257,434,1,18,0,-6.749,-78.785,3.362
2012-05-06-00_40_59.258,434,2,18,0,-15.733,-78.702,2.862
2012-05-06-00_40_59.258,434,3,18,0,-24.788,-78.797,3.162
2012-05-06-00_40_59.259,434,4,18,0,-33.775,-78.772,2.562
2012-05-06-00_40_59.260,434,5,18,0,-42.789,-78.834,2.862
2012-05-06-00_40_59.260,434,6,18,0,-51.788,-78.838,2.962
2012-05-06-00_40_59.261,434,7,18,0,-60.710,-78.756,3.662
2012-05-06-00_40_59.261,434,0,18,1,-2.193,-78.789,3.875
2012-05-06-00_40_59.262,434,1,18,1,-11.211,-78.785,3.474
2012-05-06-00_40_59.263,434,2,18,1,-20.190,-78.708,2.875
2012-05-06-00_40_59.263,434,3,18,1,-29.245,-78.804,3.175
2012-05-06-00_40_59.264,434,4,18,1,-38.232,-78.779,2.375
2012-05-06-00_40_59.265,434,5,18,1,-47.247,-78.841,2.875
2012-05-06-00_40_59.265,434,6,18,1,-56.245,-78.845,2.975
2012-05-06-00_40_59.267,434,7,18,1,-65.167,-78.762,3.775
2012-05-06-00_40_59.268,434,0,19,0,2.261,-83.282,3.887
2012-05-06-00_40_59.269,434,1,19,0,-6.747,-83.293,3.487
2012-05-06-00_40_59.270,434,2,19,0,-15.736,-83.201,2.887
2012-05-06-00_40_59.270,434,3,19,0,-24.791,-83.297,3.187
2012-05-06-00_40_59.271,434,4,19,0,-33.778,-83.272,2.287
2012-05-06-00_40_59.271,434,5,19,0,-42.792,-83.334,2.887
2012-05-06-00_40_59.272,434,6,19,0,-51.791,-83.338,2.987
2012-05-06-00_40_59.273,434,7,19,0,-60.713,-83.255,3.587
2012-05-06-00_40_59.274,434,0,19,1,-2.194,-83.288,3.897
2012-05-06-00_40_59.274,434,1,19,1,-11.214,-83.293,3.397
2012-05-06-00_40_59.275,434,2,19,1,-20.191,-83.208,2.897
2012-05-06-00_40_59.276,434,3,19,1,-29.245,-83.304,2.997
2012-05-06-00_40_59.276,434,4,19,1,-38.233,-83.279,2.597
2012-05-06-00_40_59.277,434,5,19,1,-47.247,-83.341,2.897
2012-05-06-00_40_59.278,434,6,19,1,-56.246,-83.344,2.997
2012-05-06-00_40_59.278,434,7,19,1,-65.168,-83.262,3.797
2012-05-06-00_40_59.279,434,0,20,0,2.266,-87.780,3.905
2012-05-06-00_40_59.280,434,1,20,0,-6.750,-87.796,3.405
2012-05-06-00_40_59.281,434,2,20,0,-15.732,-87.700,2.905
2012-05-06-00_40_59.281,434,3,20,0,-24.786,-87.795,3.205
2012-05-06-00_40_59.282,434,4,20,0,-33.773,-87.770,2.605
2012-05-06-00_40_59.283,434,5,20,0,-42.788,-87.832,2.905
2012-05-06-00_40_59.283,434,6,20,0,-51.787,-87.836,2.905
2012-05-06-00_40_59.284,434,7,20,0,-60.709,-87.754,3.805
2012-05-06-00_40_59.285,434,0,20,1,-2.192,-87.788,3.914
2012-05-06-00_40_59.285,434,1,20,1,-11.212,-87.796,3.514
2012-05-06-00_40_59.286,434,2,20,1,-20.189,-87.708,2.914
2012-05-06-00_40_59.287,434,3,20,1,-29.243,-87.803,3.214
2012-05-06-00_40_59.287,434,4,20,1,-38.230,-87.778,2.614
2012-05-06-00_40_59.288,434,5,20,1,-47.245,-87.841,2.914
2012-05-06-00_40_59.289,434,6,20,1,-56.244,-87.844,3.014
2012-05-06-00_40_59.290,434,7,20,1,-65.166,-87.762,3.814
2012-05-06-00_40_59.290,434,0,21,0,2.268,-92.280,4.024
2012-05-06-00_40_59.291,434,1,21,0,-6.753,-92.291,3.524
2012-05-06-00_40_59.292,434,2,21,0,-15.729,-92.200,2.924
2012-05-06-00_40_59.293,434,3,21,0,-24.784,-92.295,3.024
2012-05-06-00_40_59.293,434,4,21,0,-33.771,-92.270,2.624
2012-05-06-00_40_59.294,434,5,21,0,-42.786,-92.332,2.924
2012-05-06-00_40_59.295,434,6,21,0,-51.785,-92.336,3.024
2012-05-06-00_40_59.295,434,7,21,0,-60.706,-92.254,3.624
2012-05-06-00_40_59.296,434,0,21,1,-2.192,-92.289,4.037
2012-05-06-00_40_59.297,434,1,21,1,-11.213,-92.291,3.437
2012-05-06-00_40_59.297,434,2,21,1,-20.189,-92.209,2.937
2012-05-06-00_40_59.298,434,3,21,1,-29.244,-92.305,2.937
2012-05-06-00_40_59.298,434,4,21,1,-38.231,-92.280,2.537
2012-05-06-00_40_59.299,434,5,21,1,-47.246,-92.342,3.037
2012-05-06-00_40_59.300,434,6,21,1,-56.244,-92.346,3.037
2012-05-06-00_40_59.300,434,7,21,1,-65.166,-92.263,3.737
2012-05-06-00_40_59.302,434,0,22,0,2.267,-96.783,3.950
2012-05-06-00_40_59.303,434,1,22,0,-6.754,-96.789,3.450
2012-05-06-00_40_59.304,434,2,22,0,-15.730,-96.703,2.950
2012-05-06-00_40_59.305,434,3,22,0,-24.785,-96.799,3.250
2012-05-06-00_40_59.305,434,4,22,0,-33.772,-96.774,2.650
2012-05-06-00_40_59.306,434,5,22,0,-42.786,-96.836,2.950
2012-05-06-00_40_59.307,434,6,22,0,-51.785,-96.840,3.050
2012-05-06-00_40_59.308,434,7,22,0,-60.707,-96.757,3.750
2012-05-06-00_40_59.308,434,0,22,1,-2.190,-96.792,3.958
2012-05-06-00_40_59.309,434,1,22,1,-11.213,-96.789,3.458
2012-05-06-00_40_59.310,434,2,22,1,-20.187,-96.712,2.958
2012-05-06-00_40_59.310,434,3,22,1,-29.242,-96.808,3.058
2012-05-06-00_40_59.312,434,4,22,1,-38.229,-96.783,2.758
2012-05-06-00_40_59.313,434,5,22,1,-47.244,-96.845,2.958
2012-05-06-00_40_59.314,434,6,22,1,-56.242,-96.848,3.158
2012-05-06-00_40_59.314,434,7,22,1,-65.164,-96.766,3.758
2012-05-06-00_40_59.315,434,0,23,0,2.267,-101.281,4.068
2012-05-06-00_40_59.316,434,1,23,0,-6.756,-101.287,3.568
2012-05-06-00_40_59.317,434,2,23,0,-15.730,-101.201,2.968
2012-05-06-00_40_59.440,434,3,23,0,-24.785,-101.296,3.268
2012-05-06-00_40_59.446,434,4,23,0,-33.772,-101.271,2.668
2012-05-06-00_40_59.448,434,5,23,0,-42.787,-101.334,2.968
2012-05-06-00_40_59.450,434,6,23,0,-51.785,-101.337,2.868
2012-05-06-00_40_59.452,434,7,23,0,-60.707,-101.255,3.568
2012-05-06-00_40_59.455,434,0,23,1,-2.181,-101.280,3.968
2012-05-06-00_40_59.457,434,1,23,1,-11.211,-101.286,3.568
2012-05-06-00_40_59.459,434,2,23,1,-20.178,-101.200,3.068
2012-05-06-00_40_59.461,434,3,23,1,-29.232,-101.295,3.068
2012-05-06-00_40_59.463,434,4,23,1,-38.219,-101.270,2.668
2012-05-06-00_40_59.465,434,5,23,1,-47.234,-101.332,2.968
2012-05-06-00_40_59.467,434,6,23,1,-56.233,-101.336,3.068
2012-05-06-00_40_59.469,434,7,23,1,-65.155,-101.254,3.768
