2012-05-04-17_49_15.646,48,0,0,0,2.256,2.217,1.565
2012-05-04-17_49_15.648,48,0,0,0,2.293,2.304,1.664
2012-05-04-17_49_15.686,48,0,0,0,2.195,2.245,1.564
2012-05-04-17_49_15.687,48,1,0,0,-6.752,2.208,2.265
2012-05-04-17_49_15.687,48,1,0,0,-6.830,2.234,2.164
2012-05-04-17_49_15.688,48,1,0,0,-6.771,2.285,2.264
2012-05-04-17_49_15.689,48,2,0,0,-15.709,2.287,1.665
2012-05-04-17_49_15.689,48,2,0,0,-15.770,2.315,1.664
2012-05-04-17_49_15.690,48,2,0,0,-15.713,2.361,1.764
2012-05-04-17_49_15.690,48,3,0,0,-24.731,2.205,2.865
2012-05-04-17_49_15.691,48,3,0,0,-24.694,2.292,2.864
2012-05-04-17_49_15.691,48,3,0,0,-24.792,2.233,2.864
2012-05-04-17_49_15.692,48,4,0,0,-33.728,2.203,1.865
2012-05-04-17_49_15.693,48,4,0,0,-33.690,2.290,1.964
2012-05-04-17_49_15.693,48,4,0,0,-33.788,2.231,1.864
2012-05-04-17_49_15.694,48,5,0,0,-42.734,2.205,2.064
2012-05-04-17_49_15.694,48,5,0,0,-42.683,2.166,2.064
2012-05-04-17_49_15.695,48,5,0,0,-42.776,2.191,2.064
2012-05-04-17_49_15.695,48,6,0,0,-51.773,2.143,1.465
2012-05-04-17_49_15.696,48,6,0,0,-51.736,2.230,1.564
2012-05-04-17_49_15.696,48,6,0,0,-51.834,2.170,1.464
2012-05-04-17_49_15.697,48,7,0,0,-60.668,2.206,2.365
2012-05-04-17_49_15.697,48,7,0,0,-60.729,2.234,2.364
2012-05-04-17_49_15.698,48,7,0,0,-60.672,2.281,2.364
2012-05-04-17_49_15.698,48,0,0,1,-2.192,2.209,2.265
2012-05-04-17_49_15.699,48,0,0,1,-2.167,2.304,2.365
2012-05-04-17_49_15.700,48,0,0,1,-2.260,2.231,2.264
2012-05-04-17_49_15.701,48,1,0,1,-11.207,2.207,2.665
2012-05-04-17_49_15.702,48,1,0,1,-11.341,2.273,2.665
2012-05-04-17_49_15.703,48,1,0,1,-11.229,2.286,2.664
2012-05-04-17_49_15.703,48,2,0,1,-20.157,2.279,1.965
2012-05-04-17_49_15.704,48,2,0,1,-20.225,2.301,1.964
2012-05-04-17_49_15.705,48,2,0,1,-20.230,2.302,1.964
2012-05-04-17_49_15.705,48,3,0,1,-29.179,2.197,2.565
2012-05-04-17_49_15.706,48,3,0,1,-29.153,2.292,2.765
2012-05-04-17_49_15.707,48,3,0,1,-29.247,2.219,2.664
2012-05-04-17_49_15.707,48,4,0,1,-38.175,2.195,2.465
2012-05-04-17_49_15.708,48,4,0,1,-38.150,2.290,2.365
2012-05-04-17_49_15.708,48,4,0,1,-38.243,2.217,2.364
2012-05-04-17_49_15.709,48,5,0,1,-47.194,2.205,1.365
2012-05-04-17_49_15.709,48,5,0,1,-47.277,2.227,5.164
2012-05-04-17_49_15.710,48,5,0,1,-47.247,2.202,1.464
2012-05-04-17_49_15.710,48,6,0,1,-56.221,2.134,2.465
2012-05-04-17_49_15.711,48,6,0,1,-56.196,2.230,2.365
2012-05-04-17_49_15.711,48,6,0,1,-56.289,2.156,2.464
2012-05-04-17_49_15.712,48,7,0,1,-65.183,2.220,1.564
2012-05-04-17_49_15.712,48,7,0,1,-65.188,2.221,1.464
2012-05-04-17_49_15.713,48,7,0,1,-65.173,2.316,8.364
2012-05-04-17_49_15.713,48,0,1,0,2.270,-2.283,1.378
2012-05-04-17_49_15.714,48,0,1,0,2.295,-2.189,1.478
2012-05-04-17_49_15.714,48,0,1,0,2.197,-2.259,1.478
2012-05-04-17_49_15.715,48,1,1,0,-6.748,-2.294,1.578
2012-05-04-17_49_15.715,48,1,1,0,-6.828,-2.268,1.578
2012-05-04-17_49_15.716,48,1,1,0,-6.769,-2.208,1.578
2012-05-04-17_49_15.716,48,2,1,0,-15.695,-2.213,1.478
2012-05-04-17_49_15.717,48,2,1,0,-15.768,-2.189,1.478
2012-05-04-17_49_15.717,48,2,1,0,-15.746,-2.198,1.478
2012-05-04-17_49_15.717,48,3,1,0,-24.717,-2.295,1.578
2012-05-04-17_49_15.718,48,3,1,0,-24.692,-2.201,1.578
2012-05-04-17_49_15.718,48,3,1,0,-24.790,-2.271,1.578
2012-05-04-17_49_15.719,48,4,1,0,-33.713,-2.297,0.678
2012-05-04-17_49_15.719,48,4,1,0,-33.688,-2.203,0.678
2012-05-04-17_49_15.720,48,4,1,0,-33.787,-2.273,0.578
2012-05-04-17_49_15.720,48,5,1,0,-42.732,-2.289,1.578
2012-05-04-17_49_15.721,48,5,1,0,-42.681,-2.336,1.578
2012-05-04-17_49_15.721,48,5,1,0,-42.776,-2.303,1.578
2012-05-04-17_49_15.722,48,6,1,0,-51.759,-2.358,0.978
2012-05-04-17_49_15.722,48,6,1,0,-51.734,-2.264,0.878
2012-05-04-17_49_15.723,48,6,1,0,-51.832,-2.333,0.978
2012-05-04-17_49_15.723,48,7,1,0,-60.654,-2.294,1.578
2012-05-04-17_49_15.724,48,7,1,0,-60.727,-2.270,1.478
2012-05-04-17_49_15.724,48,7,1,0,-60.672,-2.214,1.578
2012-05-04-17_49_15.725,48,0,1,1,-2.192,-2.289,1.788
2012-05-04-17_49_15.725,48,0,1,1,-2.164,-2.189,1.788
2012-05-04-17_49_15.726,48,0,1,1,-2.263,-2.272,1.688
2012-05-04-17_49_15.726,48,1,1,1,-11.203,-2.294,1.188
2012-05-04-17_49_15.727,48,1,1,1,-11.339,-2.221,1.488
2012-05-04-17_49_15.727,48,1,1,1,-11.229,-2.209,1.488
2012-05-04-17_49_15.728,48,2,1,1,-20.157,-2.219,1.288
2012-05-04-17_49_15.728,48,2,1,1,-20.228,-2.202,1.288
2012-05-04-17_49_15.728,48,2,1,1,-20.232,-2.200,1.288
2012-05-04-17_49_15.729,48,3,1,1,-29.179,-2.301,0.988
2012-05-04-17_49_15.729,48,3,1,1,-29.151,-2.201,0.988
2012-05-04-17_49_15.730,48,3,1,1,-29.250,-2.284,0.988
2012-05-04-17_49_15.730,48,4,1,1,-38.176,-2.303,0.688
2012-05-04-17_49_15.731,48,4,1,1,-38.148,-2.203,0.688
2012-05-04-17_49_15.731,48,4,1,1,-38.246,-2.286,0.688
2012-05-04-17_49_15.732,48,5,1,1,-47.192,-2.289,0.888
2012-05-04-17_49_15.732,48,5,1,1,-47.277,-2.269,0.888
2012-05-04-17_49_15.733,48,5,1,1,-47.248,-2.292,0.888
2012-05-04-17_49_15.733,48,6,1,1,-56.221,-2.364,0.888
2012-05-04-17_49_15.734,48,6,1,1,-56.193,-2.264,0.888
2012-05-04-17_49_15.734,48,6,1,1,-56.292,-2.346,0.988
2012-05-04-17_49_15.735,48,7,1,1,-65.186,-2.282,1.488
2012-05-04-17_49_15.735,48,7,1,1,-65.191,-2.281,1.488
2012-05-04-17_49_15.736,48,7,1,1,-65.173,-2.180,1.488
2012-05-04-17_49_15.736,48,0,2,0,2.260,-6.780,1.902
2012-05-04-17_49_15.737,48,0,2,0,2.295,-6.688,1.902
2012-05-04-17_49_15.737,48,0,2,0,2.197,-6.760,1.802
2012-05-04-17_49_15.738,48,1,2,0,-6.748,-6.793,1.702
2012-05-04-17_49_15.738,48,1,2,0,-6.829,-6.773,1.702
2012-05-04-17_49_15.739,48,1,2,0,-6.770,-6.706,1.702
2012-05-04-17_49_15.739,48,2,2,0,-15.705,-6.710,0.902
2012-05-04-17_49_15.740,48,2,2,0,-15.768,-6.689,0.902
2012-05-04-17_49_15.740,48,2,2,0,-15.712,-6.637,0.902
2012-05-04-17_49_15.741,48,3,2,0,-24.727,-6.792,1.402
2012-05-04-17_49_15.741,48,3,2,0,-24.692,-6.701,1.302
2012-05-04-17_49_15.742,48,3,2,0,-24.790,-6.772,1.402
2012-05-04-17_49_15.742,48,4,2,0,-33.724,-6.794,0.702
2012-05-04-17_49_15.743,48,4,2,0,-33.689,-6.702,0.702
2012-05-04-17_49_15.743,48,4,2,0,-33.787,-6.774,0.702
2012-05-04-17_49_15.744,48,5,2,0,-42.733,-6.788,1.002
2012-05-04-17_49_15.745,48,5,2,0,-42.682,-6.841,1.002
2012-05-04-17_49_15.745,48,5,2,0,-42.774,-6.807,1.002
2012-05-04-17_49_15.745,48,6,2,0,-51.769,-6.855,1.002
2012-05-04-17_49_15.746,48,6,2,0,-51.734,-6.763,1.102
2012-05-04-17_49_15.746,48,6,2,0,-51.832,-6.834,1.002
2012-05-04-17_49_15.747,48,7,2,0,-60.664,-6.791,1.602
2012-05-04-17_49_15.747,48,7,2,0,-60.727,-6.770,1.702
2012-05-04-17_49_15.748,48,7,2,0,-60.671,-6.718,1.702
2012-05-04-17_49_15.748,48,0,2,1,-2.195,-6.786,1.810
2012-05-04-17_49_15.749,48,0,2,1,-2.167,-6.688,1.810
2012-05-04-17_49_15.749,48,0,2,1,-2.266,-6.769,1.810
2012-05-04-17_49_15.750,48,1,2,1,-11.206,-6.792,1.610
2012-05-04-17_49_15.750,48,1,2,1,-11.342,-6.720,1.710
2012-05-04-17_49_15.751,48,1,2,1,-11.229,-6.706,1.710
2012-05-04-17_49_15.751,48,2,2,1,-20.160,-6.716,0.910
2012-05-04-17_49_15.752,48,2,2,1,-20.230,-6.699,0.910
2012-05-04-17_49_15.753,48,2,2,1,-20.238,-6.696,0.910
2012-05-04-17_49_15.754,48,3,2,1,-29.182,-6.798,1.010
2012-05-04-17_49_15.754,48,3,2,1,-29.154,-6.701,1.010
2012-05-04-17_49_15.755,48,3,2,1,-29.252,-6.781,1.010
2012-05-04-17_49_15.755,48,4,2,1,-38.178,-6.800,0.710
2012-05-04-17_49_15.756,48,4,2,1,-38.151,-6.702,0.710
2012-05-04-17_49_15.756,48,4,2,1,-38.249,-6.783,0.710
2012-05-04-17_49_15.757,48,5,2,1,-47.195,-6.788,1.110
2012-05-04-17_49_15.757,48,5,2,1,-47.280,-6.766,1.010
2012-05-04-17_49_15.758,48,5,2,1,-47.251,-6.793,1.010
2012-05-04-17_49_15.758,48,6,2,1,-56.224,-6.861,1.210
2012-05-04-17_49_15.758,48,6,2,1,-56.196,-6.763,1.110
2012-05-04-17_49_15.759,48,6,2,1,-56.295,-6.844,1.110
2012-05-04-17_49_15.759,48,7,2,1,-65.189,-6.780,1.610
2012-05-04-17_49_15.760,48,7,2,1,-65.196,-6.777,1.610
2012-05-04-17_49_15.760,48,7,2,1,-65.176,-6.677,1.710
2012-05-04-17_49_15.761,48,0,3,0,2.269,-11.279,1.920
2012-05-04-17_49_15.761,48,0,3,0,2.294,-11.190,1.920
2012-05-04-17_49_15.762,48,0,3,0,2.196,-11.255,2.020
2012-05-04-17_49_15.762,48,1,3,0,-6.744,-11.289,1.820
2012-05-04-17_49_15.763,48,1,3,0,-6.829,-11.269,1.720
2012-05-04-17_49_15.763,48,1,3,0,-6.765,-11.205,1.820
2012-05-04-17_49_15.764,48,2,3,0,-15.696,-11.209,1.120
2012-05-04-17_49_15.764,48,2,3,0,-15.769,-11.185,1.020
2012-05-04-17_49_15.765,48,2,3,0,-15.715,-11.139,1.020
2012-05-04-17_49_15.765,48,3,3,0,-24.718,-11.291,1.420
2012-05-04-17_49_15.766,48,3,3,0,-24.693,-11.202,1.420
2012-05-04-17_49_15.766,48,3,3,0,-24.791,-11.267,1.420
2012-05-04-17_49_15.767,48,4,3,0,-33.714,-11.293,0.720
2012-05-04-17_49_15.767,48,4,3,0,-33.689,-11.204,0.720
2012-05-04-17_49_15.767,48,4,3,0,-33.787,-11.269,0.720
2012-05-04-17_49_15.768,48,5,3,0,-42.733,-11.290,1.120
2012-05-04-17_49_15.768,48,5,3,0,-42.682,-11.337,1.120
2012-05-04-17_49_15.769,48,5,3,0,-42.777,-11.309,1.020
2012-05-04-17_49_15.769,48,6,3,0,-51.760,-11.354,1.120
2012-05-04-17_49_15.778,48,6,3,0,-51.735,-11.265,1.120
2012-05-04-17_49_15.778,48,6,3,0,-51.833,-11.329,1.120
2012-05-04-17_49_15.779,48,7,3,0,-60.654,-11.290,1.720
2012-05-04-17_49_15.779,48,7,3,0,-60.727,-11.266,1.720
2012-05-04-17_49_15.780,48,7,3,0,-60.673,-11.220,1.720
2012-05-04-17_49_15.780,48,0,3,1,-2.188,-11.288,1.828
2012-05-04-17_49_15.781,48,0,3,1,-2.163,-11.189,1.827
2012-05-04-17_49_15.781,48,0,3,1,-2.266,-11.265,1.827
2012-05-04-17_49_15.782,48,1,3,1,-11.206,-11.288,1.728
2012-05-04-17_49_15.782,48,1,3,1,-11.337,-11.221,1.727
2012-05-04-17_49_15.783,48,1,3,1,-11.227,-11.204,1.727
2012-05-04-17_49_15.783,48,2,3,1,-20.153,-11.218,1.128
2012-05-04-17_49_15.784,48,2,3,1,-20.231,-11.195,1.127
2012-05-04-17_49_15.784,48,2,3,1,-20.238,-11.193,1.127
2012-05-04-17_49_15.785,48,3,3,1,-29.175,-11.300,1.128
2012-05-04-17_49_15.785,48,3,3,1,-29.150,-11.201,1.127
2012-05-04-17_49_15.786,48,3,3,1,-29.253,-11.278,1.127
2012-05-04-17_49_15.786,48,4,3,1,-38.171,-11.302,0.828
2012-05-04-17_49_15.787,48,4,3,1,-38.146,-11.203,0.727
2012-05-04-17_49_15.787,48,4,3,1,-38.249,-11.279,0.727
2012-05-04-17_49_15.787,48,5,3,1,-47.190,-11.289,1.127
2012-05-04-17_49_15.788,48,5,3,1,-47.280,-11.265,1.027
2012-05-04-17_49_15.789,48,5,3,1,-47.251,-11.293,1.027
2012-05-04-17_49_15.789,48,6,3,1,-56.217,-11.363,1.228
2012-05-04-17_49_15.790,48,6,3,1,-56.192,-11.264,1.227
2012-05-04-17_49_15.790,48,6,3,1,-56.295,-11.340,1.227
2012-05-04-17_49_15.791,48,7,3,1,-65.190,-11.276,1.827
2012-05-04-17_49_15.791,48,7,3,1,-65.197,-11.274,1.827
2012-05-04-17_49_15.791,48,7,3,1,-65.177,-11.176,1.827
2012-05-04-17_49_15.792,48,0,4,0,2.269,-15.782,2.039
2012-05-04-17_49_15.793,48,0,4,0,2.296,-15.696,2.039
2012-05-04-17_49_15.793,48,0,4,0,2.193,-15.754,2.039
2012-05-04-17_49_15.794,48,1,4,0,-6.739,-15.790,1.839
2012-05-04-17_49_15.794,48,1,4,0,-6.825,-15.768,1.839
2012-05-04-17_49_15.795,48,1,4,0,-6.763,-15.712,1.839
2012-05-04-17_49_15.795,48,2,4,0,-15.696,-15.712,1.039
2012-05-04-17_49_15.796,48,2,4,0,-15.772,-15.684,1.039
2012-05-04-17_49_15.796,48,2,4,0,-15.715,-15.641,1.039
2012-05-04-17_49_15.797,48,3,4,0,-24.718,-15.794,1.539
2012-05-04-17_49_15.797,48,3,4,0,-24.691,-15.708,1.439
2012-05-04-17_49_15.797,48,3,4,0,-24.794,-15.766,1.539
2012-05-04-17_49_15.798,48,4,4,0,-33.715,-15.796,0.739
2012-05-04-17_49_15.798,48,4,4,0,-33.687,-15.710,0.739
2012-05-04-17_49_15.799,48,4,4,0,-33.790,-15.768,0.739
2012-05-04-17_49_15.799,48,5,4,0,-42.731,-15.796,1.139
2012-05-04-17_49_15.800,48,5,4,0,-42.678,-15.836,1.039
2012-05-04-17_49_15.800,48,5,4,0,-42.777,-15.811,1.039
2012-05-04-17_49_15.801,48,6,4,0,-51.760,-15.857,1.139
2012-05-04-17_49_15.801,48,6,4,0,-51.733,-15.771,1.139
2012-05-04-17_49_15.828,48,6,4,0,-51.836,-15.828,1.139
2012-05-04-17_49_15.829,48,7,4,0,-60.655,-15.793,1.739
2012-05-04-17_49_15.830,48,7,4,0,-60.730,-15.764,1.839
2012-05-04-17_49_15.831,48,7,4,0,-60.674,-15.722,1.739
2012-05-04-17_49_15.831,48,0,4,1,-2.186,-15.793,1.950
2012-05-04-17_49_15.832,48,0,4,1,-2.163,-15.696,1.850
2012-05-04-17_49_15.834,48,0,4,1,-2.266,-15.766,1.950
2012-05-04-17_49_15.835,48,1,4,1,-11.206,-15.790,1.850
2012-05-04-17_49_15.836,48,1,4,1,-11.338,-15.728,1.750
2012-05-04-17_49_15.838,48,1,4,1,-11.228,-15.710,1.850
2012-05-04-17_49_15.839,48,2,4,1,-20.151,-15.723,1.150
2012-05-04-17_49_15.841,48,2,4,1,-20.231,-15.696,1.150
2012-05-04-17_49_15.842,48,2,4,1,-20.239,-15.695,1.150
2012-05-04-17_49_15.863,48,3,4,1,-29.173,-15.805,1.250
2012-05-04-17_49_15.864,48,3,4,1,-29.150,-15.708,1.150
2012-05-04-17_49_15.864,48,3,4,1,-29.253,-15.778,1.250
2012-05-04-17_49_15.865,48,4,4,1,-38.170,-15.807,0.850
2012-05-04-17_49_15.867,48,4,4,1,-38.147,-15.710,0.750
2012-05-04-17_49_15.869,48,4,4,1,-38.250,-15.780,0.850
2012-05-04-17_49_15.870,48,5,4,1,-47.191,-15.796,1.150
2012-05-04-17_49_15.871,48,5,4,1,-47.281,-15.770,1.150
2012-05-04-17_49_15.872,48,5,4,1,-47.249,-15.799,1.150
2012-05-04-17_49_15.872,48,6,4,1,-56.192,-15.771,1.250
2012-05-04-17_49_15.874,48,6,4,1,-56.295,-15.841,1.250
2012-05-04-17_49_15.875,48,6,4,1,-56.303,-15.840,1.250
2012-05-04-17_49_15.891,48,7,4,1,-65.190,-15.777,1.850
2012-05-04-17_49_15.893,48,7,4,1,-65.197,-15.776,1.750
2012-05-04-17_49_15.893,48,7,4,1,-65.177,-15.681,1.850
2012-05-04-17_49_15.894,48,0,5,0,2.266,-20.282,1.964
2012-05-04-17_49_15.895,48,0,5,0,2.296,-20.197,11.064
2012-05-04-17_49_15.896,48,0,5,0,2.190,-20.254,1.964
2012-05-04-17_49_15.897,48,1,5,0,-6.740,-20.294,1.864
2012-05-04-17_49_15.898,48,1,5,0,-6.825,-20.268,1.864
2012-05-04-17_49_15.898,48,1,5,0,-6.761,-20.216,1.864
2012-05-04-17_49_15.899,48,2,5,0,-15.699,-20.212,1.064
2012-05-04-17_49_15.900,48,2,5,0,-15.774,-20.184,1.064
2012-05-04-17_49_15.900,48,2,5,0,-15.718,-20.140,1.164
2012-05-04-17_49_15.901,48,3,5,0,-24.721,-20.295,1.564
2012-05-04-17_49_15.902,48,3,5,0,-24.691,-20.209,6.564
2012-05-04-17_49_15.902,48,3,5,0,-24.796,-20.266,1.464
2012-05-04-17_49_15.903,48,4,5,0,-33.718,-20.296,0.864
2012-05-04-17_49_15.903,48,4,5,0,-33.688,-20.211,12.364
2012-05-04-17_49_15.904,48,4,5,0,-33.793,-20.268,0.864
2012-05-04-17_49_15.904,48,5,5,0,-42.731,-20.297,8.164
2012-05-04-17_49_15.905,48,5,5,0,-42.678,-20.336,1.064
2012-05-04-17_49_15.906,48,5,5,0,-42.780,-20.310,1.064
2012-05-04-17_49_15.906,48,6,5,0,-51.763,-20.357,1.064
2012-05-04-17_49_15.907,48,6,5,0,-51.733,-20.271,2.664
2012-05-04-17_49_15.907,48,6,5,0,-51.839,-20.329,1.064
2012-05-04-17_49_15.907,48,7,5,0,-60.658,-20.293,1.764
2012-05-04-17_49_15.908,48,7,5,0,-60.733,-20.265,1.764
2012-05-04-17_49_15.908,48,7,5,0,-60.677,-20.221,1.864
2012-05-04-17_49_15.909,48,0,5,1,-2.189,-20.291,1.972
2012-05-04-17_49_15.909,48,0,5,1,-2.161,-20.196,1.972
2012-05-04-17_49_15.910,48,0,5,1,-2.264,-20.268,1.972
2012-05-04-17_49_15.910,48,1,5,1,-11.209,-20.294,1.872
2012-05-04-17_49_15.911,48,1,5,1,-11.336,-20.228,1.872
2012-05-04-17_49_15.911,48,1,5,1,-11.228,-20.215,1.872
2012-05-04-17_49_15.912,48,2,5,1,-20.154,-20.221,1.172
2012-05-04-17_49_15.912,48,2,5,1,-20.229,-20.198,1.172
2012-05-04-17_49_15.913,48,2,5,1,-20.237,-20.198,1.172
2012-05-04-17_49_15.913,48,3,5,1,-29.176,-20.303,1.172
2012-05-04-17_49_15.914,48,3,5,1,-29.148,-20.208,1.172
2012-05-04-17_49_15.914,48,3,5,1,-29.251,-20.281,1.172
2012-05-04-17_49_15.915,48,4,5,1,-38.172,-20.305,0.872
2012-05-04-17_49_15.916,48,4,5,1,-38.145,-20.210,0.872
2012-05-04-17_49_15.916,48,4,5,1,-38.248,-20.282,0.872
2012-05-04-17_49_15.917,48,5,5,1,-47.189,-20.296,1.172
2012-05-04-17_49_15.917,48,5,5,1,-47.279,-20.275,1.172
2012-05-04-17_49_15.918,48,5,5,1,-47.247,-20.298,1.172
2012-05-04-17_49_15.918,48,6,5,1,-56.190,-20.271,1.272
2012-05-04-17_49_15.919,48,6,5,1,-56.293,-20.343,1.272
2012-05-04-17_49_15.919,48,6,5,1,-56.301,-20.342,1.372
2012-05-04-17_49_15.919,48,7,5,1,-65.188,-20.279,1.872
2012-05-04-17_49_15.929,48,7,5,1,-65.195,-20.279,1.872
2012-05-04-17_49_15.929,48,7,5,1,-65.175,-20.186,1.872
2012-05-04-17_49_15.930,48,0,6,0,2.273,-24.783,1.982
2012-05-04-17_49_15.931,48,0,6,0,2.300,-24.690,1.982
2012-05-04-17_49_15.931,48,0,6,0,2.188,-24.758,1.882
2012-05-04-17_49_15.932,48,1,6,0,-6.743,-24.795,1.682
2012-05-04-17_49_15.932,48,1,6,0,-6.821,-24.769,1.682
2012-05-04-17_49_15.933,48,1,6,0,-6.759,-24.709,1.682
2012-05-04-17_49_15.933,48,2,6,0,-15.692,-24.713,1.082
2012-05-04-17_49_15.934,48,2,6,0,-15.777,-24.688,1.082
2012-05-04-17_49_15.934,48,2,6,0,-15.751,-24.698,1.082
2012-05-04-17_49_15.935,48,3,6,0,-24.714,-24.795,1.482
2012-05-04-17_49_15.936,48,3,6,0,-24.687,-24.702,1.482
2012-05-04-17_49_15.936,48,3,6,0,-24.799,-24.770,1.482
2012-05-04-17_49_15.937,48,4,6,0,-33.711,-24.797,0.882
2012-05-04-17_49_15.937,48,4,6,0,-33.683,-24.704,0.882
2012-05-04-17_49_15.938,48,4,6,0,-33.796,-24.772,0.882
2012-05-04-17_49_15.938,48,5,6,0,-42.727,-24.790,1.382
2012-05-04-17_49_15.939,48,5,6,0,-42.674,-24.837,1.282
2012-05-04-17_49_15.939,48,5,6,0,-42.781,-24.804,1.382
2012-05-04-17_49_15.940,48,6,6,0,-51.756,-24.858,1.282
2012-05-04-17_49_15.940,48,6,6,0,-51.729,-24.765,1.282
2012-05-04-17_49_15.941,48,6,6,0,-51.675,-24.812,1.382
2012-05-04-17_49_15.941,48,7,6,0,-60.651,-24.794,2.082
2012-05-04-17_49_15.942,48,7,6,0,-60.736,-24.769,2.082
2012-05-04-17_49_15.942,48,7,6,0,-60.677,-24.715,2.082
2012-05-04-17_49_15.942,48,0,6,1,-2.189,-24.789,1.990
2012-05-04-17_49_15.943,48,0,6,1,-2.162,-24.690,1.890
2012-05-04-17_49_15.943,48,0,6,1,-2.260,-24.770,1.890
2012-05-04-17_49_15.944,48,1,6,1,-11.212,-24.795,1.690
2012-05-04-17_49_15.944,48,1,6,1,-11.336,-24.721,1.690
2012-05-04-17_49_15.945,48,1,6,1,-11.234,-24.710,1.689
2012-05-04-17_49_15.945,48,2,6,1,-20.154,-24.719,1.090
2012-05-04-17_49_15.946,48,2,6,1,-20.225,-24.700,1.090
2012-05-04-17_49_15.946,48,2,6,1,-20.235,-24.700,1.090
2012-05-04-17_49_15.947,48,3,6,1,-29.176,-24.801,1.290
2012-05-04-17_49_15.947,48,3,6,1,-29.149,-24.702,1.390
2012-05-04-17_49_15.948,48,3,6,1,-29.247,-24.783,1.290
2012-05-04-17_49_15.948,48,4,6,1,-38.173,-24.803,0.890
2012-05-04-17_49_15.949,48,4,6,1,-38.145,-24.704,0.890
2012-05-04-17_49_15.949,48,4,6,1,-38.243,-24.784,0.890
2012-05-04-17_49_15.949,48,5,6,1,-47.189,-24.789,1.390
2012-05-04-17_49_15.950,48,5,6,1,-47.277,-24.770,1.390
2012-05-04-17_49_15.950,48,5,6,1,-47.245,-24.792,1.389
2012-05-04-17_49_15.952,48,6,6,1,-56.218,-24.863,1.390
2012-05-04-17_49_15.952,48,6,6,1,-56.191,-24.764,1.390
2012-05-04-17_49_15.953,48,6,6,1,-56.289,-24.845,1.390
2012-05-04-17_49_15.954,48,7,6,1,-65.184,-24.781,1.990
2012-05-04-17_49_15.954,48,7,6,1,-65.193,-24.781,1.990
2012-05-04-17_49_15.955,48,7,6,1,-65.173,-24.681,2.090
2012-05-04-17_49_15.956,48,0,7,0,2.263,-29.280,2.002
2012-05-04-17_49_15.956,48,0,7,0,2.300,-29.189,2.002
2012-05-04-17_49_15.957,48,0,7,0,2.190,-29.259,2.002
2012-05-04-17_49_15.957,48,1,7,0,-6.743,-29.293,1.702
2012-05-04-17_49_15.958,48,1,7,0,-6.821,-29.272,1.702
2012-05-04-17_49_15.958,48,1,7,0,-6.762,-29.206,1.702
2012-05-04-17_49_15.959,48,2,7,0,-15.702,-29.210,1.102
2012-05-04-17_49_15.959,48,2,7,0,-15.775,-29.189,1.102
2012-05-04-17_49_15.960,48,2,7,0,-15.716,-29.137,1.102
2012-05-04-17_49_15.960,48,3,7,0,-24.724,-29.292,1.502
2012-05-04-17_49_15.961,48,3,7,0,-24.687,-29.201,1.402
2012-05-04-17_49_15.961,48,3,7,0,-24.797,-29.271,1.402
2012-05-04-17_49_15.963,48,4,7,0,-33.721,-29.294,1.002
2012-05-04-17_49_15.964,48,4,7,0,-33.684,-29.203,0.902
2012-05-04-17_49_15.964,48,4,7,0,-33.794,-29.273,0.902
2012-05-04-17_49_15.965,48,5,7,0,-42.727,-29.289,1.302
2012-05-04-17_49_15.965,48,5,7,0,-42.674,-29.340,1.302
2012-05-04-17_49_15.966,48,5,7,0,-42.779,-29.307,1.302
2012-05-04-17_49_15.966,48,6,7,0,-51.766,-29.355,1.302
2012-05-04-17_49_15.967,48,6,7,0,-51.729,-29.264,1.302
2012-05-04-17_49_15.967,48,6,7,0,-51.676,-29.315,1.302
2012-05-04-17_49_15.968,48,7,7,0,-60.661,-29.291,2.102
2012-05-04-17_49_15.968,48,7,7,0,-60.734,-29.270,2.202
2012-05-04-17_49_15.969,48,7,7,0,-60.675,-29.218,2.102
2012-05-04-17_49_15.969,48,0,7,1,-2.187,-29.286,2.013
2012-05-04-17_49_15.969,48,0,7,1,-2.165,-29.188,2.013
2012-05-04-17_49_15.970,48,0,7,1,-2.263,-29.269,1.913
2012-05-04-17_49_15.970,48,1,7,1,-11.213,-29.292,1.713
2012-05-04-17_49_15.971,48,1,7,1,-11.339,-29.220,1.713
2012-05-04-17_49_15.971,48,1,7,1,-11.234,-29.206,1.713
2012-05-04-17_49_15.972,48,2,7,1,-20.152,-29.216,1.113
2012-05-04-17_49_15.972,48,2,7,1,-20.228,-29.199,1.113
2012-05-04-17_49_15.973,48,2,7,1,-20.233,-29.196,1.113
2012-05-04-17_49_15.973,48,3,7,1,-29.174,-29.298,1.313
2012-05-04-17_49_15.974,48,3,7,1,-29.151,-29.200,1.313
2012-05-04-17_49_15.974,48,3,7,1,-29.250,-29.281,1.313
2012-05-04-17_49_15.975,48,4,7,1,-38.171,-29.300,1.013
2012-05-04-17_49_15.975,48,4,7,1,-38.148,-29.202,1.013
2012-05-04-17_49_15.976,48,4,7,1,-38.246,-29.283,1.013
2012-05-04-17_49_15.976,48,5,7,1,-47.192,-29.288,1.513
2012-05-04-17_49_15.977,48,5,7,1,-47.275,-29.266,1.513
2012-05-04-17_49_15.977,48,5,7,1,-47.246,-29.293,1.413
2012-05-04-17_49_15.978,48,6,7,1,-56.216,-29.361,1.313
2012-05-04-17_49_15.978,48,6,7,1,-56.194,-29.263,1.413
2012-05-04-17_49_15.979,48,6,7,1,-56.292,-29.344,1.413
2012-05-04-17_49_15.979,48,7,7,1,-65.186,-29.280,2.113
2012-05-04-17_49_15.980,48,7,7,1,-65.191,-29.277,2.113
2012-05-04-17_49_15.980,48,7,7,1,-65.171,-29.177,2.213
2012-05-04-17_49_15.981,48,0,8,0,2.274,-33.778,1.927
2012-05-04-17_49_15.981,48,0,8,0,2.302,-33.688,1.927
2012-05-04-17_49_15.982,48,0,8,0,2.189,-33.755,1.927
2012-05-04-17_49_15.982,48,1,8,0,-6.746,-33.788,1.727
2012-05-04-17_49_15.983,48,1,8,0,-6.822,-33.769,1.727
2012-05-04-17_49_15.983,48,1,8,0,-6.765,-33.703,1.727
2012-05-04-17_49_15.984,48,2,8,0,-15.690,-33.708,1.127
2012-05-04-17_49_15.984,48,2,8,0,-15.776,-33.685,1.127
2012-05-04-17_49_15.985,48,2,8,0,-15.712,-33.638,1.127
2012-05-04-17_49_15.985,48,3,8,0,-24.712,-33.790,1.427
2012-05-04-17_49_15.986,48,3,8,0,-24.685,-33.700,1.427
2012-05-04-17_49_15.986,48,3,8,0,-24.798,-33.768,1.427
2012-05-04-17_49_15.987,48,4,8,0,-33.709,-33.792,1.027
2012-05-04-17_49_15.987,48,4,8,0,-33.682,-33.702,1.027
2012-05-04-17_49_15.987,48,4,8,0,-33.794,-33.769,1.027
2012-05-04-17_49_15.988,48,5,8,0,-42.725,-33.788,1.327
2012-05-04-17_49_15.988,48,5,8,0,-42.674,-33.837,1.327
2012-05-04-17_49_15.989,48,5,8,0,-42.774,-33.808,1.327
2012-05-04-17_49_15.989,48,6,8,0,-51.755,-33.853,1.327
2012-05-04-17_49_15.990,48,6,8,0,-51.727,-33.763,1.327
2012-05-04-17_49_15.990,48,6,8,0,-51.676,-33.811,1.327
2012-05-04-17_49_15.991,48,7,8,0,-60.649,-33.789,2.127
2012-05-04-17_49_15.991,48,7,8,0,-60.734,-33.766,2.227
2012-05-04-17_49_15.992,48,7,8,0,-60.671,-33.719,2.127
2012-05-04-17_49_15.992,48,0,8,1,-2.190,-33.787,2.035
2012-05-04-17_49_15.993,48,0,8,1,-2.163,-33.687,1.935
2012-05-04-17_49_15.993,48,0,8,1,-2.261,-33.766,1.935
2012-05-04-17_49_15.994,48,1,8,1,-11.213,-33.787,1.735
2012-05-04-17_49_15.995,48,1,8,1,-11.337,-33.719,1.835
2012-05-04-17_49_15.995,48,1,8,1,-11.237,-33.702,1.735
2012-05-04-17_49_15.996,48,2,8,1,-20.155,-33.716,1.135
2012-05-04-17_49_15.996,48,2,8,1,-20.226,-33.696,1.135
2012-05-04-17_49_15.997,48,2,8,1,-20.235,-33.693,1.135
2012-05-04-17_49_15.997,48,3,8,1,-29.177,-33.799,1.135
2012-05-04-17_49_15.998,48,3,8,1,-29.149,-33.699,1.335
2012-05-04-17_49_15.998,48,3,8,1,-29.248,-33.778,1.135
2012-05-04-17_49_15.999,48,4,8,1,-38.174,-33.801,0.935
2012-05-04-17_49_15.999,48,4,8,1,-38.146,-33.701,0.935
2012-05-04-17_49_16.000,48,4,8,1,-38.244,-33.780,0.935
2012-05-04-17_49_16.000,48,5,8,1,-47.190,-33.787,1.435
2012-05-04-17_49_16.001,48,5,8,1,-47.275,-33.763,1.535
2012-05-04-17_49_16.002,48,5,8,1,-47.246,-33.793,1.535
2012-05-04-17_49_16.002,48,6,8,1,-56.219,-33.861,1.335
2012-05-04-17_49_16.003,48,6,8,1,-56.192,-33.762,1.435
2012-05-04-17_49_16.003,48,6,8,1,-56.290,-33.840,1.435
2012-05-04-17_49_16.004,48,7,8,1,-65.184,-33.777,2.235
2012-05-04-17_49_16.004,48,7,8,1,-65.194,-33.774,2.235
2012-05-04-17_49_16.005,48,7,8,1,-65.171,-33.674,2.235
2012-05-04-17_49_16.006,48,0,9,0,2.276,-38.282,1.945
2012-05-04-17_49_16.007,48,0,9,0,2.306,-38.195,1.945
2012-05-04-17_49_16.007,48,0,9,0,2.191,-38.254,1.945
2012-05-04-17_49_16.008,48,1,9,0,-6.744,-38.289,1.845
2012-05-04-17_49_16.008,48,1,9,0,-6.820,-38.268,1.845
2012-05-04-17_49_16.009,48,1,9,0,-6.765,-38.210,1.845
2012-05-04-17_49_16.010,48,2,9,0,-15.688,-38.212,1.145
2012-05-04-17_49_16.010,48,2,9,0,-15.774,-38.184,1.145
2012-05-04-17_49_16.011,48,2,9,0,-15.707,-38.141,1.245
2012-05-04-17_49_16.012,48,3,9,0,-24.710,-38.294,1.545
2012-05-04-17_49_16.013,48,3,9,0,-24.681,-38.207,1.545
2012-05-04-17_49_16.013,48,3,9,0,-24.796,-38.266,1.545
2012-05-04-17_49_16.014,48,4,9,0,-33.707,-38.296,0.945
2012-05-04-17_49_16.014,48,4,9,0,-33.677,-38.209,0.945
2012-05-04-17_49_16.015,48,4,9,0,-33.792,-38.268,0.945
2012-05-04-17_49_16.015,48,5,9,0,-42.721,-38.295,1.445
2012-05-04-17_49_16.016,48,5,9,0,-42.672,-38.336,1.345
2012-05-04-17_49_16.017,48,5,9,0,-42.770,-38.311,1.445
2012-05-04-17_49_16.017,48,6,9,0,-51.753,-38.356,1.345
2012-05-04-17_49_16.018,48,6,9,0,-51.723,-38.270,1.345
2012-05-04-17_49_16.018,48,6,9,0,-51.838,-38.329,1.245
2012-05-04-17_49_16.018,48,7,9,0,-60.647,-38.293,2.145
2012-05-04-17_49_16.019,48,7,9,0,-60.732,-38.265,2.145
2012-05-04-17_49_16.019,48,7,9,0,-60.666,-38.222,2.145
2012-05-04-17_49_16.020,48,0,9,1,-2.188,-38.293,1.954
2012-05-04-17_49_16.020,48,0,9,1,-2.168,-38.194,1.954
2012-05-04-17_49_16.021,48,0,9,1,-2.261,-38.267,1.954
2012-05-04-17_49_16.021,48,1,9,1,-11.213,-38.289,4.054
2012-05-04-17_49_16.022,48,1,9,1,-11.342,-38.226,1.854
2012-05-04-17_49_16.022,48,1,9,1,-11.235,-38.209,1.854
2012-05-04-17_49_16.023,48,2,9,1,-20.153,-38.223,1.254
2012-05-04-17_49_16.023,48,2,9,1,-20.226,-38.197,1.254
2012-05-04-17_49_16.024,48,2,9,1,-20.233,-38.195,1.254
2012-05-04-17_49_16.024,48,3,9,1,-29.175,-38.305,1.354
2012-05-04-17_49_16.025,48,3,9,1,-29.155,-38.207,1.454
2012-05-04-17_49_16.025,48,3,9,1,-29.248,-38.279,1.354
2012-05-04-17_49_16.025,48,4,9,1,-38.172,-38.307,1.054
2012-05-04-17_49_16.026,48,4,9,1,-38.151,-38.208,0.954
2012-05-04-17_49_16.026,48,4,9,1,-38.245,-38.281,1.054
2012-05-04-17_49_16.027,48,5,9,1,-47.195,-38.294,1.554
2012-05-04-17_49_16.027,48,5,9,1,-47.276,-38.269,1.554
2012-05-04-17_49_16.028,48,5,9,1,-47.246,-38.299,1.554
2012-05-04-17_49_16.029,48,6,9,1,-56.197,-38.269,1.454
2012-05-04-17_49_16.030,48,6,9,1,-56.290,-38.341,1.454
2012-05-04-17_49_16.030,48,6,9,1,-56.297,-38.339,1.454
2012-05-04-17_49_16.031,48,7,9,1,-65.185,-38.278,2.254
2012-05-04-17_49_16.031,48,7,9,1,-65.192,-38.275,2.254
2012-05-04-17_49_16.032,48,7,9,1,-65.172,-38.180,2.254
2012-05-04-17_49_16.032,48,0,10,0,2.278,-42.783,1.966
2012-05-04-17_49_16.033,48,0,10,0,2.306,-42.696,1.966
2012-05-04-17_49_16.033,48,0,10,0,2.193,-42.756,1.966
2012-05-04-17_49_16.034,48,1,10,0,-6.747,-42.792,1.866
2012-05-04-17_49_16.034,48,1,10,0,-6.822,-42.767,1.766
2012-05-04-17_49_16.035,48,1,10,0,-6.768,-42.715,1.866
2012-05-04-17_49_16.035,48,2,10,0,-15.686,-42.713,1.166
2012-05-04-17_49_16.036,48,2,10,0,-15.772,-42.686,1.166
2012-05-04-17_49_16.036,48,2,10,0,-15.708,-42.639,1.166
2012-05-04-17_49_16.037,48,3,10,0,-24.708,-42.796,1.566
2012-05-04-17_49_16.037,48,3,10,0,-24.681,-42.708,1.566
2012-05-04-17_49_16.038,48,3,10,0,-24.794,-42.768,1.566
2012-05-04-17_49_16.038,48,4,10,0,-33.705,-42.797,0.966
2012-05-04-17_49_16.039,48,4,10,0,-33.678,-42.710,0.966
2012-05-04-17_49_16.039,48,4,10,0,-33.790,-42.770,0.966
2012-05-04-17_49_16.040,48,5,10,0,-42.721,-42.796,1.366
2012-05-04-17_49_16.040,48,5,10,0,-42.675,-42.835,1.366
2012-05-04-17_49_16.041,48,5,10,0,-42.770,-42.809,1.366
2012-05-04-17_49_16.041,48,6,10,0,-51.751,-42.858,1.266
2012-05-04-17_49_16.042,48,6,10,0,-51.723,-42.770,1.266
2012-05-04-17_49_16.042,48,6,10,0,-51.836,-42.830,1.266
2012-05-04-17_49_16.043,48,7,10,0,-60.645,-42.794,2.166
2012-05-04-17_49_16.043,48,7,10,0,-60.730,-42.766,2.266
2012-05-04-17_49_16.044,48,7,10,0,-60.667,-42.720,2.166
2012-05-04-17_49_16.044,48,0,10,1,-2.191,-42.792,1.978
2012-05-04-17_49_16.045,48,0,10,1,-2.168,-42.695,1.978
2012-05-04-17_49_16.045,48,0,10,1,-2.262,-42.769,1.978
2012-05-04-17_49_16.046,48,1,10,1,-11.214,-42.793,1.878
2012-05-04-17_49_16.046,48,1,10,1,-11.343,-42.727,1.878
2012-05-04-17_49_16.047,48,1,10,1,-11.235,-42.714,1.878
2012-05-04-17_49_16.047,48,2,10,1,-20.156,-42.722,1.278
2012-05-04-17_49_16.048,48,2,10,1,-20.226,-42.699,1.278
2012-05-04-17_49_16.048,48,2,10,1,-20.236,-42.698,1.278
2012-05-04-17_49_16.049,48,3,10,1,-29.178,-42.804,1.278
2012-05-04-17_49_16.049,48,3,10,1,-29.155,-42.707,1.278
2012-05-04-17_49_16.050,48,3,10,1,-29.249,-42.781,1.378
2012-05-04-17_49_16.050,48,4,10,1,-38.174,-42.806,1.078
2012-05-04-17_49_16.051,48,4,10,1,-38.152,-42.709,0.978
2012-05-04-17_49_16.051,48,4,10,1,-38.245,-42.783,0.978
2012-05-04-17_49_16.051,48,5,10,1,-47.196,-42.795,1.578
2012-05-04-17_49_16.052,48,5,10,1,-47.278,-42.774,1.578
2012-05-04-17_49_16.052,48,5,10,1,-47.249,-42.798,1.478
2012-05-04-17_49_16.053,48,6,10,1,-56.197,-42.770,1.478
2012-05-04-17_49_16.053,48,6,10,1,-56.291,-42.844,1.478
2012-05-04-17_49_16.054,48,6,10,1,-56.300,-42.842,1.478
2012-05-04-17_49_16.054,48,7,10,1,-65.185,-42.780,2.278
2012-05-04-17_49_16.055,48,7,10,1,-65.195,-42.779,2.278
2012-05-04-17_49_16.055,48,7,10,1,-65.175,-42.685,2.278
2012-05-04-17_49_16.056,48,0,11,0,2.278,-47.282,1.990
2012-05-04-17_49_16.056,48,0,11,0,2.306,-47.190,1.990
2012-05-04-17_49_16.057,48,0,11,0,2.195,-47.258,1.990
2012-05-04-17_49_16.057,48,1,11,0,-6.750,-47.295,1.890
2012-05-04-17_49_16.059,48,1,11,0,-6.823,-47.268,1.890
2012-05-04-17_49_16.060,48,1,11,0,-6.771,-47.209,1.790
2012-05-04-17_49_16.060,48,2,11,0,-15.687,-47.212,1.190
2012-05-04-17_49_16.061,48,2,11,0,-15.770,-47.188,1.190
2012-05-04-17_49_16.061,48,2,11,0,-15.743,-47.198,1.190
2012-05-04-17_49_16.063,48,3,11,0,-24.709,-47.294,1.690
2012-05-04-17_49_16.063,48,3,11,0,-24.681,-47.202,1.590
2012-05-04-17_49_16.064,48,3,11,0,-24.792,-47.270,1.590
2012-05-04-17_49_16.064,48,4,11,0,-33.705,-47.296,0.990
2012-05-04-17_49_16.065,48,4,11,0,-33.678,-47.204,0.990
2012-05-04-17_49_16.065,48,4,11,0,-33.788,-47.272,0.990
2012-05-04-17_49_16.065,48,5,11,0,-42.722,-47.290,1.390
2012-05-04-17_49_16.066,48,5,11,0,-42.676,-47.336,1.390
2012-05-04-17_49_16.066,48,5,11,0,-42.768,-47.304,1.390
2012-05-04-17_49_16.067,48,6,11,0,-51.751,-47.357,1.290
2012-05-04-17_49_16.067,48,6,11,0,-51.723,-47.264,1.290
2012-05-04-17_49_16.068,48,6,11,0,-51.834,-47.333,1.290
2012-05-04-17_49_16.068,48,7,11,0,-60.646,-47.293,2.190
2012-05-04-17_49_16.069,48,7,11,0,-60.728,-47.269,2.190
2012-05-04-17_49_16.069,48,7,11,0,-60.665,-47.215,2.190
2012-05-04-17_49_16.070,48,0,11,1,-2.194,-47.289,1.999
2012-05-04-17_49_16.070,48,0,11,1,-2.171,-47.189,1.999
2012-05-04-17_49_16.071,48,0,11,1,-2.262,-47.270,4.599
2012-05-04-17_49_16.071,48,1,11,1,-11.214,-47.295,1.899
2012-05-04-17_49_16.072,48,1,11,1,-11.346,-47.221,1.899
2012-05-04-17_49_16.072,48,1,11,1,-11.236,-47.209,1.898
2012-05-04-17_49_16.073,48,2,11,1,-20.159,-47.219,1.299
2012-05-04-17_49_16.074,48,2,11,1,-20.227,-47.200,1.399
2012-05-04-17_49_16.074,48,2,11,1,-20.234,-47.199,1.299
2012-05-04-17_49_16.075,48,3,11,1,-29.181,-47.301,1.299
2012-05-04-17_49_16.075,48,3,11,1,-29.158,-47.201,1.599
2012-05-04-17_49_16.076,48,3,11,1,-29.249,-47.283,1.299
2012-05-04-17_49_16.076,48,4,11,1,-38.177,-47.303,0.999
2012-05-04-17_49_16.076,48,4,11,1,-38.155,-47.203,0.999
2012-05-04-17_49_16.077,48,4,11,1,-38.246,-47.284,0.999
2012-05-04-17_49_16.077,48,5,11,1,-47.198,-47.289,1.499
2012-05-04-17_49_16.078,48,5,11,1,-47.279,-47.270,1.399
2012-05-04-17_49_16.078,48,5,11,1,-47.250,-47.292,1.498
2012-05-04-17_49_16.079,48,6,11,1,-56.223,-47.364,1.399
2012-05-04-17_49_16.079,48,6,11,1,-56.200,-47.264,1.499
2012-05-04-17_49_16.080,48,6,11,1,-56.291,-47.345,1.399
2012-05-04-17_49_16.080,48,7,11,1,-65.186,-47.281,11.399
2012-05-04-17_49_16.081,48,7,11,1,-65.193,-47.280,2.299
2012-05-04-17_49_16.081,48,7,11,1,-65.175,-47.180,2.299
2012-05-04-17_49_16.082,48,0,12,0,2.268,-51.779,2.307
2012-05-04-17_49_16.082,48,0,12,0,2.303,-51.689,2.208
2012-05-04-17_49_16.083,48,0,12,0,2.195,-51.759,2.208
2012-05-04-17_49_16.083,48,1,12,0,-6.753,-51.793,1.908
2012-05-04-17_49_16.083,48,1,12,0,-6.826,-51.773,1.908
2012-05-04-17_49_16.084,48,1,12,0,-6.772,-51.707,1.908
2012-05-04-17_49_16.084,48,2,12,0,-15.697,-51.709,1.307
2012-05-04-17_49_16.085,48,2,12,0,-15.770,-51.689,1.208
2012-05-04-17_49_16.085,48,2,12,0,-15.709,-51.638,1.208
2012-05-04-17_49_16.086,48,3,12,0,-24.719,-51.792,1.707
2012-05-04-17_49_16.086,48,3,12,0,-24.684,-51.701,1.708
2012-05-04-17_49_16.087,48,3,12,0,-24.792,-51.771,1.608
2012-05-04-17_49_16.087,48,4,12,0,-33.716,-51.793,1.107
2012-05-04-17_49_16.088,48,4,12,0,-33.681,-51.703,1.108
2012-05-04-17_49_16.088,48,4,12,0,-33.789,-51.773,1.108
2012-05-04-17_49_16.089,48,5,12,0,-42.725,-51.789,1.308
2012-05-04-17_49_16.089,48,5,12,0,-42.679,-51.841,1.208
2012-05-04-17_49_16.090,48,5,12,0,-42.771,-51.808,1.208
2012-05-04-17_49_16.090,48,6,12,0,-51.761,-51.854,1.307
2012-05-04-17_49_16.091,48,6,12,0,-51.726,-51.764,1.308
2012-05-04-17_49_16.091,48,6,12,0,-51.834,-51.834,1.308
2012-05-04-17_49_16.092,48,7,12,0,-60.656,-51.790,2.107
2012-05-04-17_49_16.092,48,7,12,0,-60.729,-51.770,2.108
2012-05-04-17_49_16.093,48,7,12,0,-60.667,-51.719,2.108
2012-05-04-17_49_16.094,48,0,12,1,-2.194,-51.786,2.116
2012-05-04-17_49_16.095,48,0,12,1,-2.172,-51.689,2.116
2012-05-04-17_49_16.095,48,0,12,1,-2.265,-51.769,2.216
2012-05-04-17_49_16.096,48,1,12,1,-11.215,-51.793,1.916
2012-05-04-17_49_16.096,48,1,12,1,-11.346,-51.721,1.916
2012-05-04-17_49_16.097,48,1,12,1,-11.236,-51.706,1.916
2012-05-04-17_49_16.097,48,2,12,1,-20.159,-51.716,1.216
2012-05-04-17_49_16.098,48,2,12,1,-20.230,-51.699,1.216
2012-05-04-17_49_16.098,48,2,12,1,-20.237,-51.697,1.216
2012-05-04-17_49_16.099,48,3,12,1,-29.181,-51.798,1.416
2012-05-04-17_49_16.099,48,3,12,1,-29.159,-51.701,1.516
2012-05-04-17_49_16.100,48,3,12,1,-29.252,-51.781,1.616
2012-05-04-17_49_16.100,48,4,12,1,-38.178,-51.800,1.116
2012-05-04-17_49_16.101,48,4,12,1,-38.155,-51.703,1.116
2012-05-04-17_49_16.101,48,4,12,1,-38.248,-51.783,1.116
2012-05-04-17_49_16.102,48,5,12,1,-47.199,-51.789,1.316
2012-05-04-17_49_16.102,48,5,12,1,-47.279,-51.767,1.316
2012-05-04-17_49_16.103,48,5,12,1,-47.250,-51.793,1.316
2012-05-04-17_49_16.103,48,6,12,1,-56.223,-51.860,1.516
2012-05-04-17_49_16.104,48,6,12,1,-56.201,-51.764,1.416
2012-05-04-17_49_16.104,48,6,12,1,-56.294,-51.844,1.516
2012-05-04-17_49_16.105,48,7,12,1,-65.188,-51.780,2.216
2012-05-04-17_49_16.105,48,7,12,1,-65.196,-51.778,2.216
2012-05-04-17_49_16.106,48,7,12,1,-65.176,-51.678,2.216
2012-05-04-17_49_16.106,48,0,13,0,2.275,-56.279,2.227
2012-05-04-17_49_16.106,48,0,13,0,2.302,-56.189,2.227
2012-05-04-17_49_16.107,48,0,13,0,2.199,-56.255,2.227
2012-05-04-17_49_16.107,48,1,13,0,-6.753,-56.289,1.927
2012-05-04-17_49_16.108,48,1,13,0,-6.829,-56.269,1.927
2012-05-04-17_49_16.108,48,1,13,0,-6.774,-56.204,1.927
2012-05-04-17_49_16.109,48,2,13,0,-15.690,-56.208,1.227
2012-05-04-17_49_16.109,48,2,13,0,-15.766,-56.185,1.227
2012-05-04-17_49_16.110,48,2,13,0,-15.712,-56.139,1.227
2012-05-04-17_49_16.111,48,3,13,0,-24.712,-56.291,1.727
2012-05-04-17_49_16.112,48,3,13,0,-24.685,-56.202,1.727
2012-05-04-17_49_16.112,48,3,13,0,-24.788,-56.267,1.727
2012-05-04-17_49_16.113,48,4,13,0,-33.709,-56.293,1.127
2012-05-04-17_49_16.113,48,4,13,0,-33.681,-56.203,1.127
2012-05-04-17_49_16.114,48,4,13,0,-33.784,-56.269,1.127
2012-05-04-17_49_16.114,48,5,13,0,-42.725,-56.289,1.227
2012-05-04-17_49_16.115,48,5,13,0,-42.681,-56.338,1.327
2012-05-04-17_49_16.115,48,5,13,0,-42.774,-56.309,1.327
2012-05-04-17_49_16.116,48,6,13,0,-51.754,-56.353,1.427
2012-05-04-17_49_16.116,48,6,13,0,-51.727,-56.264,1.327
2012-05-04-17_49_16.117,48,6,13,0,-51.830,-56.329,1.327
2012-05-04-17_49_16.117,48,7,13,0,-60.649,-56.289,2.127
2012-05-04-17_49_16.118,48,7,13,0,-60.724,-56.266,9.027
2012-05-04-17_49_16.118,48,7,13,0,-60.670,-56.220,6.627
2012-05-04-17_49_16.119,48,0,13,1,-2.197,-56.288,2.139
2012-05-04-17_49_16.119,48,0,13,1,-2.172,-56.189,2.139
2012-05-04-17_49_16.120,48,0,13,1,-2.265,-56.265,2.138
2012-05-04-17_49_16.120,48,1,13,1,-11.210,-56.288,1.939
2012-05-04-17_49_16.121,48,1,13,1,-11.346,-56.221,1.939
2012-05-04-17_49_16.121,48,1,13,1,-11.234,-56.204,1.938
2012-05-04-17_49_16.122,48,2,13,1,-20.162,-56.218,1.339
2012-05-04-17_49_16.122,48,2,13,1,-20.230,-56.195,1.238
2012-05-04-17_49_16.123,48,2,13,1,-20.237,-56.194,1.338
2012-05-04-17_49_16.123,48,3,13,1,-29.184,-56.300,1.339
2012-05-04-17_49_16.124,48,3,13,1,-29.159,-56.202,1.639
2012-05-04-17_49_16.124,48,3,13,1,-29.252,-56.277,1.538
2012-05-04-17_49_16.125,48,4,13,1,-38.181,-56.302,1.039
2012-05-04-17_49_16.125,48,4,13,1,-38.155,-56.203,1.039
2012-05-04-17_49_16.126,48,4,13,1,-38.249,-56.279,1.038
2012-05-04-17_49_16.127,48,5,13,1,-47.199,-56.289,1.539
2012-05-04-17_49_16.128,48,5,13,1,-47.280,-56.265,1.638
2012-05-04-17_49_16.128,48,5,13,1,-47.253,-56.291,1.638
2012-05-04-17_49_16.129,48,6,13,1,-56.226,-56.363,1.439
2012-05-04-17_49_16.129,48,6,13,1,-56.201,-56.264,1.539
2012-05-04-17_49_16.129,48,6,13,1,-56.294,-56.339,1.538
2012-05-04-17_49_16.130,48,7,13,1,-65.189,-56.276,2.238
2012-05-04-17_49_16.131,48,7,13,1,-65.196,-56.275,2.238
2012-05-04-17_49_16.132,48,7,13,1,-65.176,-56.176,2.238
2012-05-04-17_49_16.132,48,0,14,0,2.272,-60.782,2.152
2012-05-04-17_49_16.133,48,0,14,0,2.297,-60.696,2.252
2012-05-04-17_49_16.133,48,0,14,0,2.196,-60.754,2.152
2012-05-04-17_49_16.134,48,1,14,0,-6.753,-60.789,2.052
2012-05-04-17_49_16.134,48,1,14,0,-6.831,-60.768,1.952
2012-05-04-17_49_16.135,48,1,14,0,-6.772,-60.711,1.952
2012-05-04-17_49_16.135,48,2,14,0,-15.693,-60.712,1.252
2012-05-04-17_49_16.136,48,2,14,0,-15.768,-60.684,1.252
2012-05-04-17_49_16.136,48,2,14,0,-15.710,-60.641,1.252
2012-05-04-17_49_16.137,48,3,14,0,-24.715,-60.794,1.652
2012-05-04-17_49_16.137,48,3,14,0,-24.690,-60.708,1.652
2012-05-04-17_49_16.138,48,3,14,0,-24.791,-60.766,1.652
2012-05-04-17_49_16.138,48,4,14,0,-33.712,-60.796,1.052
2012-05-04-17_49_16.139,48,4,14,0,-33.687,-60.710,1.052
2012-05-04-17_49_16.139,48,4,14,0,-33.787,-60.768,0.952
2012-05-04-17_49_16.140,48,5,14,0,-42.730,-60.796,1.252
2012-05-04-17_49_16.140,48,5,14,0,-42.684,-60.836,1.252
2012-05-04-17_49_16.141,48,5,14,0,-42.772,-60.811,1.352
2012-05-04-17_49_16.141,48,6,14,0,-51.757,-60.856,1.452
2012-05-04-17_49_16.142,48,6,14,0,-51.732,-60.770,1.452
2012-05-04-17_49_16.142,48,6,14,0,-51.833,-60.828,1.252
2012-05-04-17_49_16.143,48,7,14,0,-60.652,-60.793,2.052
2012-05-04-17_49_16.143,48,7,14,0,-60.727,-60.764,12.652
2012-05-04-17_49_16.144,48,7,14,0,-60.668,-60.722,3.252
2012-05-04-17_49_16.144,48,0,14,1,-2.200,-60.793,2.161
2012-05-04-17_49_16.145,48,0,14,1,-2.175,-60.696,2.061
2012-05-04-17_49_16.145,48,0,14,1,-2.268,-60.767,2.161
2012-05-04-17_49_16.146,48,1,14,1,-11.208,-60.790,1.961
2012-05-04-17_49_16.146,48,1,14,1,-11.349,-60.727,1.961
2012-05-04-17_49_16.146,48,1,14,1,-11.234,-60.709,1.961
2012-05-04-17_49_16.147,48,2,14,1,-20.165,-60.723,1.261
2012-05-04-17_49_16.147,48,2,14,1,-20.233,-60.697,1.261
2012-05-04-17_49_16.148,48,2,14,1,-20.240,-60.696,1.261
2012-05-04-17_49_16.148,48,3,14,1,-29.187,-60.805,1.261
2012-05-04-17_49_16.149,48,3,14,1,-29.162,-60.708,1.461
2012-05-04-17_49_16.149,48,3,14,1,-29.255,-60.779,1.361
2012-05-04-17_49_16.150,48,4,14,1,-38.184,-60.807,1.061
2012-05-04-17_49_16.150,48,4,14,1,-38.158,-60.710,1.061
2012-05-04-17_49_16.151,48,4,14,1,-38.252,-60.781,1.061
2012-05-04-17_49_16.151,48,5,14,1,-47.202,-60.796,1.561
2012-05-04-17_49_16.152,48,5,14,1,-47.283,-60.770,1.561
2012-05-04-17_49_16.152,48,5,14,1,-47.256,-60.798,1.561
2012-05-04-17_49_16.153,48,6,14,1,-56.229,-60.868,1.561
2012-05-04-17_49_16.153,48,6,14,1,-56.204,-60.770,1.461
2012-05-04-17_49_16.154,48,6,14,1,-56.297,-60.842,1.461
2012-05-04-17_49_16.154,48,7,14,1,-65.192,-60.778,2.261
2012-05-04-17_49_16.155,48,7,14,1,-65.199,-60.777,2.261
2012-05-04-17_49_16.155,48,7,14,1,-65.179,-60.681,2.361
2012-05-04-17_49_16.156,48,0,15,0,2.269,-65.283,2.270
2012-05-04-17_49_16.156,48,0,15,0,2.296,-65.196,2.170
2012-05-04-17_49_16.157,48,0,15,0,2.198,-65.256,2.270
2012-05-04-17_49_16.157,48,1,15,0,-6.751,-65.292,2.070
2012-05-04-17_49_16.158,48,1,15,0,-6.832,-65.267,2.070
2012-05-04-17_49_16.158,48,1,15,0,-6.773,-65.215,2.070
2012-05-04-17_49_16.160,48,2,15,0,-15.696,-65.213,1.370
2012-05-04-17_49_16.160,48,2,15,0,-15.766,-65.186,1.270
2012-05-04-17_49_16.161,48,2,15,0,-15.715,-65.140,1.270
2012-05-04-17_49_16.161,48,3,15,0,-24.718,-65.296,1.770
2012-05-04-17_49_16.162,48,3,15,0,-24.690,-65.208,1.670
2012-05-04-17_49_16.162,48,3,15,0,-24.789,-65.268,1.670
2012-05-04-17_49_16.162,48,4,15,0,-33.714,-65.297,0.970
2012-05-04-17_49_16.163,48,4,15,0,-33.687,-65.210,0.970
2012-05-04-17_49_16.164,48,4,15,0,-33.785,-65.270,0.970
2012-05-04-17_49_16.165,48,5,15,0,-42.731,-65.295,1.270
2012-05-04-17_49_16.165,48,5,15,0,-42.685,-65.335,1.270
2012-05-04-17_49_16.166,48,5,15,0,-42.777,-65.310,1.370
2012-05-04-17_49_16.166,48,6,15,0,-51.760,-65.358,1.370
2012-05-04-17_49_16.167,48,6,15,0,-51.732,-65.270,1.370
2012-05-04-17_49_16.167,48,6,15,0,-51.831,-65.330,1.370
2012-05-04-17_49_16.168,48,7,15,0,-60.655,-65.294,2.070
2012-05-04-17_49_16.169,48,7,15,0,-60.725,-65.266,2.070
2012-05-04-17_49_16.169,48,7,15,0,-60.674,-65.221,2.070
2012-05-04-17_49_16.170,48,0,15,1,-2.198,-65.291,2.179
2012-05-04-17_49_16.170,48,0,15,1,-2.170,-65.196,2.179
2012-05-04-17_49_16.171,48,0,15,1,-2.271,-65.269,2.179
2012-05-04-17_49_16.171,48,1,15,1,-11.214,-65.293,1.979
2012-05-04-17_49_16.172,48,1,15,1,-11.345,-65.228,1.979
2012-05-04-17_49_16.172,48,1,15,1,-11.232,-65.214,1.979
2012-05-04-17_49_16.172,48,2,15,1,-20.163,-65.221,1.279
2012-05-04-17_49_16.173,48,2,15,1,-20.236,-65.199,1.279
2012-05-04-17_49_16.173,48,2,15,1,-20.243,-65.198,1.279
2012-05-04-17_49_16.174,48,3,15,1,-29.185,-65.303,1.379
2012-05-04-17_49_16.174,48,3,15,1,-29.157,-65.208,1.379
2012-05-04-17_49_16.175,48,3,15,1,-29.258,-65.281,1.379
2012-05-04-17_49_16.175,48,4,15,1,-38.181,-65.305,1.079
2012-05-04-17_49_16.176,48,4,15,1,-38.154,-65.210,1.079
2012-05-04-17_49_16.176,48,4,15,1,-38.255,-65.283,1.079
2012-05-04-17_49_16.177,48,5,15,1,-47.198,-65.296,1.379
2012-05-04-17_49_16.177,48,5,15,1,-47.285,-65.274,1.379
2012-05-04-17_49_16.178,48,5,15,1,-47.256,-65.298,1.379
2012-05-04-17_49_16.178,48,6,15,1,-56.227,-65.365,1.479
2012-05-04-17_49_16.179,48,6,15,1,-56.199,-65.270,1.579
2012-05-04-17_49_16.179,48,6,15,1,-56.300,-65.344,1.479
2012-05-04-17_49_16.180,48,7,15,1,-65.195,-65.280,2.179
2012-05-04-17_49_16.181,48,7,15,1,-65.202,-65.279,2.179
2012-05-04-17_49_16.181,48,7,15,1,-65.182,-65.185,2.179
2012-05-04-17_49_16.181,48,0,16,0,2.266,-69.784,2.291
2012-05-04-17_49_16.182,48,0,16,0,2.294,-69.689,2.191
2012-05-04-17_49_16.182,48,0,16,0,2.196,-69.759,2.291
2012-05-04-17_49_16.183,48,1,16,0,-6.749,-69.794,1.991
2012-05-04-17_49_16.183,48,1,16,0,-6.830,-69.768,2.091
2012-05-04-17_49_16.184,48,1,16,0,-6.773,-69.708,2.091
2012-05-04-17_49_16.184,48,2,16,0,-15.699,-69.713,1.291
2012-05-04-17_49_16.185,48,2,16,0,-15.769,-69.689,1.291
2012-05-04-17_49_16.185,48,2,16,0,-15.750,-69.698,1.291
2012-05-04-17_49_16.186,48,3,16,0,-24.721,-69.796,1.791
2012-05-04-17_49_16.186,48,3,16,0,-24.693,-69.701,1.791
2012-05-04-17_49_16.187,48,3,16,0,-24.791,-69.771,1.691
2012-05-04-17_49_16.187,48,4,16,0,-33.717,-69.798,0.991
2012-05-04-17_49_16.188,48,4,16,0,-33.690,-69.703,0.991
2012-05-04-17_49_16.188,48,4,16,0,-33.788,-69.773,0.991
2012-05-04-17_49_16.188,48,5,16,0,-42.734,-69.789,1.291
2012-05-04-17_49_16.189,48,5,16,0,-42.683,-69.836,1.291
2012-05-04-17_49_16.189,48,5,16,0,-42.778,-69.803,1.291
2012-05-04-17_49_16.190,48,6,16,0,-51.763,-69.858,1.391
2012-05-04-17_49_16.190,48,6,16,0,-51.735,-69.764,1.391
2012-05-04-17_49_16.191,48,6,16,0,-51.833,-69.834,1.391
2012-05-04-17_49_16.192,48,7,16,0,-60.657,-69.794,2.091
2012-05-04-17_49_16.193,48,7,16,0,-60.728,-69.770,2.091
2012-05-04-17_49_16.193,48,7,16,0,-60.674,-69.714,2.091
2012-05-04-17_49_16.194,48,0,16,1,-2.196,-69.788,2.203
2012-05-04-17_49_16.194,48,0,16,1,-2.171,-69.688,2.203
2012-05-04-17_49_16.195,48,0,16,1,-2.274,-69.770,2.203
2012-05-04-17_49_16.195,48,1,16,1,-11.211,-69.794,2.003
2012-05-04-17_49_16.196,48,1,16,1,-11.345,-69.720,2.003
2012-05-04-17_49_16.196,48,1,16,1,-11.233,-69.708,2.003
2012-05-04-17_49_16.197,48,2,16,1,-20.161,-69.718,1.303
2012-05-04-17_49_16.197,48,2,16,1,-20.239,-69.700,1.303
2012-05-04-17_49_16.197,48,2,16,1,-20.244,-69.699,1.303
2012-05-04-17_49_16.198,48,3,16,1,-29.183,-69.801,1.403
2012-05-04-17_49_16.198,48,3,16,1,-29.158,-69.700,1.403
2012-05-04-17_49_16.199,48,3,16,1,-29.261,-69.783,1.503
2012-05-04-17_49_16.199,48,4,16,1,-38.179,-69.802,1.003
2012-05-04-17_49_16.200,48,4,16,1,-38.154,-69.702,1.103
2012-05-04-17_49_16.200,48,4,16,1,-38.257,-69.784,1.103
2012-05-04-17_49_16.201,48,5,16,1,-47.198,-69.788,1.403
2012-05-04-17_49_16.201,48,5,16,1,-47.286,-69.768,1.403
2012-05-04-17_49_16.202,48,5,16,1,-47.257,-69.792,1.403
2012-05-04-17_49_16.202,48,6,16,1,-56.225,-69.863,1.503
2012-05-04-17_49_16.203,48,6,16,1,-56.200,-69.763,1.603
2012-05-04-17_49_16.203,48,6,16,1,-56.303,-69.845,1.603
2012-05-04-17_49_16.204,48,7,16,1,-65.198,-69.781,2.203
2012-05-04-17_49_16.204,48,7,16,1,-65.202,-69.780,2.203
2012-05-04-17_49_16.205,48,7,16,1,-65.182,-69.679,2.203
2012-05-04-17_49_16.205,48,0,17,0,2.258,-74.280,2.215
2012-05-04-17_49_16.206,48,0,17,0,2.291,-74.190,2.215
2012-05-04-17_49_16.206,48,0,17,0,2.193,-74.259,2.215
2012-05-04-17_49_16.207,48,1,17,0,-6.747,-74.293,2.015
2012-05-04-17_49_16.207,48,1,17,0,-6.828,-74.272,2.015
2012-05-04-17_49_16.208,48,1,17,0,-6.771,-74.206,2.115
2012-05-04-17_49_16.208,48,2,17,0,-15.706,-74.210,1.315
2012-05-04-17_49_16.209,48,2,17,0,-15.772,-74.189,1.315
2012-05-04-17_49_16.209,48,2,17,0,-15.716,-74.138,1.315
2012-05-04-17_49_16.210,48,3,17,0,-24.729,-74.292,1.815
2012-05-04-17_49_16.210,48,3,17,0,-24.696,-74.202,1.715
2012-05-04-17_49_16.211,48,3,17,0,-24.794,-74.271,1.715
2012-05-04-17_49_16.211,48,4,17,0,-33.725,-74.294,1.115
2012-05-04-17_49_16.212,48,4,17,0,-33.693,-74.204,1.115
2012-05-04-17_49_16.212,48,4,17,0,-33.791,-74.273,1.015
2012-05-04-17_49_16.213,48,5,17,0,-42.736,-74.290,1.315
2012-05-04-17_49_16.213,48,5,17,0,-42.681,-74.340,1.315
2012-05-04-17_49_16.214,48,5,17,0,-42.778,-74.308,1.315
2012-05-04-17_49_16.214,48,6,17,0,-51.771,-74.354,1.415
2012-05-04-17_49_16.216,48,6,17,0,-51.738,-74.264,1.415
2012-05-04-17_49_16.216,48,6,17,0,-51.836,-74.333,1.415
2012-05-04-17_49_16.217,48,7,17,0,-60.665,-74.290,2.115
2012-05-04-17_49_16.218,48,7,17,0,-60.731,-74.269,2.115
2012-05-04-17_49_16.218,48,7,17,0,-60.674,-74.218,2.115
2012-05-04-17_49_16.219,48,0,17,1,-2.196,-74.286,2.124
2012-05-04-17_49_16.219,48,0,17,1,-2.169,-74.188,2.224
2012-05-04-17_49_16.219,48,0,17,1,-2.269,-74.269,2.124
2012-05-04-17_49_16.220,48,1,17,1,-11.212,-74.292,2.024
2012-05-04-17_49_16.221,48,1,17,1,-11.343,-74.220,2.024
2012-05-04-17_49_16.221,48,1,17,1,-11.236,-74.206,2.024
2012-05-04-17_49_16.222,48,2,17,1,-20.161,-74.216,1.324
2012-05-04-17_49_16.222,48,2,17,1,-20.234,-74.199,1.324
2012-05-04-17_49_16.223,48,2,17,1,-20.242,-74.196,1.324
2012-05-04-17_49_16.223,48,3,17,1,-29.183,-74.298,1.524
2012-05-04-17_49_16.224,48,3,17,1,-29.156,-74.201,1.424
2012-05-04-17_49_16.224,48,3,17,1,-29.256,-74.281,1.524
2012-05-04-17_49_16.225,48,4,17,1,-38.180,-74.300,1.024
2012-05-04-17_49_16.226,48,4,17,1,-38.152,-74.202,1.024
2012-05-04-17_49_16.226,48,4,17,1,-38.253,-74.283,1.024
2012-05-04-17_49_16.227,48,5,17,1,-47.196,-74.288,1.424
2012-05-04-17_49_16.228,48,5,17,1,-47.284,-74.266,1.724
2012-05-04-17_49_16.228,48,5,17,1,-47.252,-74.292,1.624
2012-05-04-17_49_16.228,48,6,17,1,-56.225,-74.360,1.624
2012-05-04-17_49_16.229,48,6,17,1,-56.198,-74.263,1.524
2012-05-04-17_49_16.229,48,6,17,1,-56.298,-74.344,1.624
2012-05-04-17_49_16.230,48,7,17,1,-65.193,-74.280,2.224
2012-05-04-17_49_16.230,48,7,17,1,-65.200,-74.277,2.224
2012-05-04-17_49_16.231,48,7,17,1,-65.180,-74.177,2.224
2012-05-04-17_49_16.231,48,0,18,0,2.268,-78.779,2.133
2012-05-04-17_49_16.232,48,0,18,0,2.295,-78.689,2.033
2012-05-04-17_49_16.232,48,0,18,0,2.190,-78.755,2.033
2012-05-04-17_49_16.233,48,1,18,0,-6.748,-78.788,2.033
2012-05-04-17_49_16.233,48,1,18,0,-6.828,-78.769,2.033
2012-05-04-17_49_16.234,48,1,18,0,-6.769,-78.704,2.033
2012-05-04-17_49_16.234,48,2,18,0,-15.697,-78.708,1.333
2012-05-04-17_49_16.235,48,2,18,0,-15.775,-78.685,1.333
2012-05-04-17_49_16.235,48,2,18,0,-15.719,-78.638,1.333
2012-05-04-17_49_16.236,48,3,18,0,-24.719,-78.791,1.833
2012-05-04-17_49_16.236,48,3,18,0,-24.692,-78.701,1.733
2012-05-04-17_49_16.237,48,3,18,0,-24.797,-78.767,1.733
2012-05-04-17_49_16.237,48,4,18,0,-33.716,-78.793,1.133
2012-05-04-17_49_16.238,48,4,18,0,-33.688,-78.703,1.133
2012-05-04-17_49_16.238,48,4,18,0,-33.794,-78.769,1.133
2012-05-04-17_49_16.239,48,5,18,0,-42.732,-78.789,1.533
2012-05-04-17_49_16.239,48,5,18,0,-42.681,-78.837,1.633
2012-05-04-17_49_16.240,48,5,18,0,-42.781,-78.808,1.533
2012-05-04-17_49_16.240,48,6,18,0,-51.761,-78.853,1.533
2012-05-04-17_49_16.241,48,6,18,0,-51.734,-78.764,1.633
2012-05-04-17_49_16.241,48,6,18,0,-51.839,-78.830,1.533
2012-05-04-17_49_16.242,48,7,18,0,-60.656,-78.789,2.333
2012-05-04-17_49_16.242,48,7,18,0,-60.734,-78.766,2.333
2012-05-04-17_49_16.243,48,7,18,0,-60.677,-78.719,2.433
2012-05-04-17_49_16.243,48,0,18,1,-2.197,-78.787,2.042
2012-05-04-17_49_16.244,48,0,18,1,-2.169,-78.688,2.042
2012-05-04-17_49_16.244,48,0,18,1,-2.270,-78.766,2.041
2012-05-04-17_49_16.245,48,1,18,1,-11.212,-78.788,1.942
2012-05-04-17_49_16.245,48,1,18,1,-11.344,-78.720,1.942
2012-05-04-17_49_16.246,48,1,18,1,-11.236,-78.703,1.941
2012-05-04-17_49_16.246,48,2,18,1,-20.162,-78.717,1.342
2012-05-04-17_49_16.247,48,2,18,1,-20.235,-78.696,1.441
2012-05-04-17_49_16.247,48,2,18,1,-20.242,-78.693,1.441
2012-05-04-17_49_16.248,48,3,18,1,-29.184,-78.800,1.542
2012-05-04-17_49_16.248,48,3,18,1,-29.156,-78.700,1.742
2012-05-04-17_49_16.249,48,3,18,1,-29.257,-78.778,1.641
2012-05-04-17_49_16.249,48,4,18,1,-38.180,-78.801,1.142
2012-05-04-17_49_16.249,48,4,18,1,-38.153,-78.702,1.142
2012-05-04-17_49_16.250,48,4,18,1,-38.253,-78.780,1.141
2012-05-04-17_49_16.250,48,5,18,1,-47.196,-78.788,1.642
2012-05-04-17_49_16.251,48,5,18,1,-47.284,-78.764,1.641
2012-05-04-17_49_16.251,48,5,18,1,-47.253,-78.793,1.641
2012-05-04-17_49_16.252,48,6,18,1,-56.226,-78.862,1.642
2012-05-04-17_49_16.252,48,6,18,1,-56.198,-78.763,1.642
2012-05-04-17_49_16.253,48,6,18,1,-56.299,-78.841,1.641
2012-05-04-17_49_16.253,48,7,18,1,-65.193,-78.777,2.441
2012-05-04-17_49_16.254,48,7,18,1,-65.201,-78.774,2.341
2012-05-04-17_49_16.254,48,7,18,1,-65.181,-78.675,2.441
2012-05-04-17_49_16.255,48,0,19,0,2.265,-83.282,2.053
2012-05-04-17_49_16.255,48,0,19,0,2.295,-83.195,2.053
2012-05-04-17_49_16.255,48,0,19,0,2.189,-83.254,2.053
2012-05-04-17_49_16.257,48,1,19,0,-6.748,-83.289,2.053
2012-05-04-17_49_16.257,48,1,19,0,-6.829,-83.268,2.053
2012-05-04-17_49_16.258,48,1,19,0,-6.767,-83.210,2.053
2012-05-04-17_49_16.258,48,2,19,0,-15.700,-83.212,1.353
2012-05-04-17_49_16.259,48,2,19,0,-15.775,-83.184,1.353
2012-05-04-17_49_16.259,48,2,19,0,-15.719,-83.141,1.353
2012-05-04-17_49_16.260,48,3,19,0,-24.722,-83.294,1.753
2012-05-04-17_49_16.260,48,3,19,0,-24.692,-83.208,1.853
2012-05-04-17_49_16.261,48,3,19,0,-24.798,-83.266,1.753
2012-05-04-17_49_16.261,48,4,19,0,-33.719,-83.296,1.153
2012-05-04-17_49_16.262,48,4,19,0,-33.689,-83.209,1.153
2012-05-04-17_49_16.262,48,4,19,0,-33.794,-83.268,1.153
2012-05-04-17_49_16.263,48,5,19,0,-42.732,-83.295,1.553
2012-05-04-17_49_16.263,48,5,19,0,-42.681,-83.336,1.553
2012-05-04-17_49_16.264,48,5,19,0,-42.781,-83.311,1.553
2012-05-04-17_49_16.264,48,6,19,0,-51.764,-83.356,1.553
2012-05-04-17_49_16.265,48,6,19,0,-51.734,-83.270,1.553
2012-05-04-17_49_16.265,48,6,19,0,-51.840,-83.328,1.553
2012-05-04-17_49_16.266,48,7,19,0,-60.659,-83.293,2.453
2012-05-04-17_49_16.266,48,7,19,0,-60.734,-83.264,2.353
2012-05-04-17_49_16.267,48,7,19,0,-60.678,-83.222,2.453
2012-05-04-17_49_16.268,48,0,19,1,-2.195,-83.293,2.065
2012-05-04-17_49_16.269,48,0,19,1,-2.167,-83.195,2.065
2012-05-04-17_49_16.269,48,0,19,1,-2.270,-83.266,2.065
2012-05-04-17_49_16.270,48,1,19,1,-11.213,-83.289,1.965
2012-05-04-17_49_16.270,48,1,19,1,-11.342,-83.227,1.965
2012-05-04-17_49_16.271,48,1,19,1,-11.237,-83.209,1.965
2012-05-04-17_49_16.271,48,2,19,1,-20.160,-83.223,1.465
2012-05-04-17_49_16.272,48,2,19,1,-20.235,-83.196,1.365
2012-05-04-17_49_16.272,48,2,19,1,-20.245,-83.195,1.465
2012-05-04-17_49_16.272,48,3,19,1,-29.182,-83.305,1.565
2012-05-04-17_49_16.273,48,3,19,1,-29.154,-83.207,1.765
2012-05-04-17_49_16.273,48,3,19,1,-29.257,-83.279,1.765
2012-05-04-17_49_16.274,48,4,19,1,-38.178,-83.307,1.165
2012-05-04-17_49_16.274,48,4,19,1,-38.151,-83.209,1.165
2012-05-04-17_49_16.275,48,4,19,1,-38.254,-83.280,1.165
2012-05-04-17_49_16.275,48,5,19,1,-47.194,-83.295,1.665
2012-05-04-17_49_16.276,48,5,19,1,-47.285,-83.269,1.665
2012-05-04-17_49_16.276,48,5,19,1,-47.253,-83.299,1.665
2012-05-04-17_49_16.277,48,6,19,1,-56.196,-83.269,1.565
2012-05-04-17_49_16.277,48,6,19,1,-56.299,-83.341,1.665
2012-05-04-17_49_16.278,48,6,19,1,-56.309,-83.340,1.565
2012-05-04-17_49_16.278,48,7,19,1,-65.194,-83.277,2.365
2012-05-04-17_49_16.279,48,7,19,1,-65.204,-83.276,2.365
2012-05-04-17_49_16.279,48,7,19,1,-65.181,-83.180,2.465
2012-05-04-17_49_16.280,48,0,20,0,2.267,-87.783,2.078
2012-05-04-17_49_16.280,48,0,20,0,2.294,-87.696,2.078
2012-05-04-17_49_16.281,48,0,20,0,2.189,-87.754,2.078
2012-05-04-17_49_16.281,48,1,20,0,-6.749,-87.793,1.978
2012-05-04-17_49_16.282,48,1,20,0,-6.827,-87.767,1.978
2012-05-04-17_49_16.282,48,1,20,0,-6.768,-87.715,1.978
2012-05-04-17_49_16.283,48,2,20,0,-15.698,-87.713,1.378
2012-05-04-17_49_16.283,48,2,20,0,-15.776,-87.684,1.378
2012-05-04-17_49_16.284,48,2,20,0,-15.717,-87.639,1.378
2012-05-04-17_49_16.284,48,3,20,0,-24.720,-87.795,1.878
2012-05-04-17_49_16.285,48,3,20,0,-24.693,-87.708,1.778
2012-05-04-17_49_16.285,48,3,20,0,-24.798,-87.766,1.778
2012-05-04-17_49_16.286,48,4,20,0,-33.717,-87.797,1.178
2012-05-04-17_49_16.286,48,4,20,0,-33.689,-87.710,1.078
2012-05-04-17_49_16.287,48,4,20,0,-33.795,-87.768,1.078
2012-05-04-17_49_16.287,48,5,20,0,-42.733,-87.796,1.578
2012-05-04-17_49_16.287,48,5,20,0,-42.679,-87.835,1.478
2012-05-04-17_49_16.288,48,5,20,0,-42.779,-87.809,1.578
2012-05-04-17_49_16.289,48,6,20,0,-51.762,-87.857,1.578
2012-05-04-17_49_16.290,48,6,20,0,-51.735,-87.770,1.578
2012-05-04-17_49_16.290,48,6,20,0,-51.840,-87.828,1.578
2012-05-04-17_49_16.291,48,7,20,0,-60.657,-87.794,2.378
2012-05-04-17_49_16.291,48,7,20,0,-60.735,-87.765,2.378
2012-05-04-17_49_16.292,48,7,20,0,-60.676,-87.720,2.378
2012-05-04-17_49_16.293,48,0,20,1,-2.190,-87.792,2.087
2012-05-04-17_49_16.293,48,0,20,1,-2.278,-87.771,2.087
2012-05-04-17_49_16.294,48,0,20,1,-2.217,-87.710,2.087
2012-05-04-17_49_16.294,48,2,20,1,-20.155,-87.722,1.487
2012-05-04-17_49_16.295,48,2,20,1,-20.243,-87.701,1.487
2012-05-04-17_49_16.295,48,3,20,1,-29.177,-87.804,1.487
2012-05-04-17_49_16.296,48,3,20,1,-29.265,-87.784,1.787
2012-05-04-17_49_16.296,48,3,20,1,-29.204,-87.722,1.787
2012-05-04-17_49_16.297,48,4,20,1,-38.174,-87.806,1.187
2012-05-04-17_49_16.297,48,4,20,1,-38.262,-87.785,1.187
2012-05-04-17_49_16.297,48,4,20,1,-38.200,-87.724,1.187
2012-05-04-17_49_16.298,48,5,20,1,-47.244,-87.809,1.587
2012-05-04-17_49_16.298,48,6,20,1,-56.307,-87.846,1.687
2012-05-04-17_49_16.299,48,6,20,1,-56.148,-87.811,1.687
2012-05-04-17_49_16.299,48,6,20,1,-56.246,-87.784,1.687
2012-05-04-17_49_16.300,48,7,20,1,-65.202,-87.782,2.387
2012-05-04-17_49_16.300,48,7,20,1,-65.140,-87.720,2.387
2012-05-04-17_49_16.301,48,0,21,0,2.269,-92.282,2.096
2012-05-04-17_49_16.301,48,0,21,0,2.296,-92.190,2.096
2012-05-04-17_49_16.302,48,0,21,0,2.189,-92.258,1.996
2012-05-04-17_49_16.302,48,1,21,0,-6.752,-92.295,1.996
2012-05-04-17_49_16.303,48,1,21,0,-6.827,-92.269,1.996
2012-05-04-17_49_16.303,48,1,21,0,-6.770,-92.209,1.996
2012-05-04-17_49_16.304,48,2,21,0,-15.696,-92.212,1.296
2012-05-04-17_49_16.304,48,2,21,0,-15.776,-92.188,1.296
2012-05-04-17_49_16.305,48,2,21,0,-15.754,-92.197,1.296
2012-05-04-17_49_16.305,48,3,21,0,-24.718,-92.294,1.796
2012-05-04-17_49_16.306,48,3,21,0,-24.691,-92.202,1.796
2012-05-04-17_49_16.306,48,3,21,0,-24.798,-92.270,1.796
2012-05-04-17_49_16.307,48,4,21,0,-33.715,-92.296,1.096
2012-05-04-17_49_16.307,48,4,21,0,-33.687,-92.204,1.096
2012-05-04-17_49_16.308,48,4,21,0,-33.795,-92.272,1.096
2012-05-04-17_49_16.308,48,5,21,0,-42.731,-92.290,1.596
2012-05-04-17_49_16.309,48,5,21,0,-42.680,-92.337,1.596
2012-05-04-17_49_16.309,48,5,21,0,-42.780,-92.304,1.596
2012-05-04-17_49_16.310,48,6,21,0,-51.760,-92.357,1.496
2012-05-04-17_49_16.310,48,6,21,0,-51.733,-92.264,1.496
2012-05-04-17_49_16.311,48,6,21,0,-51.682,-92.311,1.496
2012-05-04-17_49_16.311,48,7,21,0,-60.655,-92.293,2.396
2012-05-04-17_49_16.312,48,7,21,0,-60.735,-92.269,2.396
2012-05-04-17_49_16.313,48,7,21,0,-60.676,-92.215,2.396
2012-05-04-17_49_16.314,48,0,21,1,-2.193,-92.289,2.105
2012-05-04-17_49_16.314,48,0,21,1,-2.168,-92.190,2.004
2012-05-04-17_49_16.315,48,0,21,1,-2.266,-92.270,2.004
2012-05-04-17_49_16.315,48,1,21,1,-11.214,-92.295,2.104
2012-05-04-17_49_16.316,48,1,21,1,-11.342,-92.222,2.104
2012-05-04-17_49_16.316,48,1,21,1,-11.235,-92.209,2.104
2012-05-04-17_49_16.317,48,2,21,1,-20.158,-92.219,1.505
2012-05-04-17_49_16.317,48,2,21,1,-20.231,-92.200,1.404
2012-05-04-17_49_16.318,48,2,21,1,-20.241,-92.200,1.504
2012-05-04-17_49_16.318,48,3,21,1,-29.180,-92.301,1.605
2012-05-04-17_49_16.319,48,3,21,1,-29.155,-92.202,1.804
2012-05-04-17_49_16.319,48,3,21,1,-29.253,-92.283,1.804
2012-05-04-17_49_16.321,48,4,21,1,-38.177,-92.303,1.205
2012-05-04-17_49_16.322,48,4,21,1,-38.152,-92.204,1.204
2012-05-04-17_49_16.323,48,4,21,1,-38.250,-92.284,1.204
2012-05-04-17_49_16.323,48,5,21,1,-47.195,-92.290,1.804
2012-05-04-17_49_16.324,48,5,21,1,-47.281,-92.270,1.604
2012-05-04-17_49_16.325,48,5,21,1,-47.251,-92.292,1.704
2012-05-04-17_49_16.325,48,6,21,1,-56.222,-92.364,1.505
2012-05-04-17_49_16.326,48,6,21,1,-56.197,-92.264,1.604
2012-05-04-17_49_16.326,48,6,21,1,-56.295,-92.345,1.604
2012-05-04-17_49_16.327,48,7,21,1,-65.190,-92.281,2.404
2012-05-04-17_49_16.327,48,7,21,1,-65.200,-92.281,2.404
2012-05-04-17_49_16.328,48,7,21,1,-65.177,-92.181,2.404
2012-05-04-17_49_16.328,48,0,22,0,2.259,-96.780,2.116
2012-05-04-17_49_16.329,48,0,22,0,2.298,-96.691,2.116
2012-05-04-17_49_16.329,48,0,22,0,2.191,-96.758,2.116
2012-05-04-17_49_16.330,48,1,22,0,-6.752,-96.793,2.016
2012-05-04-17_49_16.330,48,1,22,0,-6.828,-96.774,2.016
2012-05-04-17_49_16.331,48,1,22,0,-6.771,-96.707,2.016
2012-05-04-17_49_16.331,48,2,22,0,-15.706,-96.710,5.416
2012-05-04-17_49_16.332,48,2,22,0,-15.774,-96.688,1.316
2012-05-04-17_49_16.332,48,2,22,0,-15.715,-96.639,1.316
2012-05-04-17_49_16.333,48,3,22,0,-24.728,-96.792,5.716
2012-05-04-17_49_16.333,48,3,22,0,-24.688,-96.703,1.816
2012-05-04-17_49_16.334,48,3,22,0,-24.796,-96.770,1.816
2012-05-04-17_49_16.334,48,4,22,0,-33.725,-96.794,1.116
2012-05-04-17_49_16.335,48,4,22,0,-33.685,-96.705,1.116
2012-05-04-17_49_16.335,48,4,22,0,-33.793,-96.772,1.116
2012-05-04-17_49_16.335,48,5,22,0,-42.729,-96.790,1.616
2012-05-04-17_49_16.336,48,5,22,0,-42.680,-96.842,1.616
2012-05-04-17_49_16.336,48,5,22,0,-42.778,-96.809,1.616
2012-05-04-17_49_16.337,48,6,22,0,-51.770,-96.855,1.416
2012-05-04-17_49_16.337,48,6,22,0,-51.731,-96.765,1.516
2012-05-04-17_49_16.338,48,6,22,0,-51.682,-96.817,1.516
2012-05-04-17_49_16.338,48,7,22,0,-60.665,-96.791,9.016
2012-05-04-17_49_16.339,48,7,22,0,-60.733,-96.769,2.416
2012-05-04-17_49_16.339,48,7,22,0,-60.674,-96.720,2.316
2012-05-04-17_49_16.340,48,0,22,1,-2.194,-96.786,2.125
2012-05-04-17_49_16.340,48,0,22,1,-2.168,-96.690,2.025
2012-05-04-17_49_16.341,48,0,22,1,-2.267,-96.768,2.125
2012-05-04-17_49_16.341,48,1,22,1,-11.214,-96.793,2.025
2012-05-04-17_49_16.342,48,1,22,1,-11.343,-96.722,2.025
2012-05-04-17_49_16.342,48,1,22,1,-11.235,-96.707,2.025
2012-05-04-17_49_16.343,48,2,22,1,-20.158,-96.716,1.425
2012-05-04-17_49_16.343,48,2,22,1,-20.232,-96.698,1.425
2012-05-04-17_49_16.344,48,2,22,1,-20.236,-96.697,1.425
2012-05-04-17_49_16.344,48,3,22,1,-29.181,-96.799,1.525
2012-05-04-17_49_16.345,48,3,22,1,-29.155,-96.702,1.525
2012-05-04-17_49_16.345,48,3,22,1,-29.254,-96.781,1.525
2012-05-04-17_49_16.346,48,4,22,1,-38.177,-96.800,1.225
2012-05-04-17_49_16.346,48,4,22,1,-38.152,-96.704,1.125
2012-05-04-17_49_16.346,48,4,22,1,-38.250,-96.782,1.125
2012-05-04-17_49_16.347,48,5,22,1,-47.196,-96.790,1.725
2012-05-04-17_49_16.347,48,5,22,1,-47.281,-96.767,1.625
2012-05-04-17_49_16.348,48,5,22,1,-47.252,-96.791,1.725
2012-05-04-17_49_16.348,48,6,22,1,-56.223,-96.861,1.525
2012-05-04-17_49_16.349,48,6,22,1,-56.197,-96.765,1.625
2012-05-04-17_49_16.349,48,6,22,1,-56.296,-96.843,1.625
2012-05-04-17_49_16.350,48,7,22,1,-65.190,-96.779,2.325
2012-05-04-17_49_16.350,48,7,22,1,-65.195,-96.778,2.325
2012-05-04-17_49_16.351,48,7,22,1,-65.177,-96.678,2.425
2012-05-04-17_49_16.351,48,0,23,0,2.273,-101.278,2.040
2012-05-04-17_49_16.352,48,0,23,0,2.298,-101.189,2.040
2012-05-04-17_49_16.352,48,0,23,0,2.190,-101.254,2.040
2012-05-04-17_49_16.353,48,1,23,0,-6.755,-101.289,1.940
2012-05-04-17_49_16.353,48,1,23,0,-6.828,-101.269,1.940
2012-05-04-17_49_16.354,48,1,23,0,-6.774,-101.204,1.940
2012-05-04-17_49_16.354,48,2,23,0,-15.692,-101.208,1.240
2012-05-04-17_49_16.356,48,2,23,0,-15.775,-101.184,1.240
2012-05-04-17_49_16.356,48,2,23,0,-15.713,-101.139,1.240
2012-05-04-17_49_16.357,48,3,23,0,-24.714,-101.290,1.840
2012-05-04-17_49_16.357,48,3,23,0,-24.689,-101.202,1.740
2012-05-04-17_49_16.358,48,3,23,0,-24.797,-101.267,1.740
2012-05-04-17_49_16.358,48,4,23,0,-33.711,-101.292,1.140
2012-05-04-17_49_16.359,48,4,23,0,-33.685,-101.203,1.040
2012-05-04-17_49_16.359,48,4,23,0,-33.793,-101.268,1.040
2012-05-04-17_49_16.360,48,5,23,0,-42.729,-101.289,1.540
2012-05-04-17_49_16.360,48,5,23,0,-42.681,-101.337,1.540
2012-05-04-17_49_16.361,48,5,23,0,-42.776,-101.309,1.540
2012-05-04-17_49_16.361,48,6,23,0,-51.756,-101.353,1.440
2012-05-04-17_49_16.362,48,6,23,0,-51.731,-101.264,1.540
2012-05-04-17_49_16.362,48,6,23,0,-51.839,-101.329,1.440
2012-05-04-17_49_16.363,48,7,23,0,-60.651,-101.289,2.240
2012-05-04-17_49_16.363,48,7,23,0,-60.733,-101.265,2.340
2012-05-04-17_49_16.364,48,7,23,0,-60.672,-101.220,2.240
2012-05-04-17_49_16.364,48,0,23,1,-2.182,-101.277,2.040
2012-05-04-17_49_16.365,48,0,23,1,-2.164,-101.189,2.040
2012-05-04-17_49_16.365,48,0,23,1,-2.262,-101.265,2.040
2012-05-04-17_49_16.366,48,1,23,1,-11.210,-101.288,2.040
2012-05-04-17_49_16.366,48,1,23,1,-11.338,-101.221,2.040
2012-05-04-17_49_16.367,48,1,23,1,-11.236,-101.204,1.940
2012-05-04-17_49_16.368,48,2,23,1,-20.147,-101.207,1.340
2012-05-04-17_49_16.368,48,2,23,1,-20.227,-101.195,1.340
2012-05-04-17_49_16.369,48,2,23,1,-20.237,-101.193,1.340
2012-05-04-17_49_16.370,48,3,23,1,-29.169,-101.289,1.540
2012-05-04-17_49_16.370,48,3,23,1,-29.151,-101.202,1.640
2012-05-04-17_49_16.371,48,3,23,1,-29.249,-101.277,1.640
2012-05-04-17_49_16.371,48,4,23,1,-38.165,-101.291,1.140
2012-05-04-17_49_16.372,48,4,23,1,-38.148,-101.203,1.140
2012-05-04-17_49_16.373,48,4,23,1,-38.246,-101.279,1.140
2012-05-04-17_49_16.374,48,5,23,1,-47.191,-101.289,1.640
2012-05-04-17_49_16.374,48,5,23,1,-47.279,-101.265,1.540
2012-05-04-17_49_16.375,48,5,23,1,-47.250,-101.293,1.640
2012-05-04-17_49_16.376,48,6,23,1,-56.211,-101.351,1.540
2012-05-04-17_49_16.377,48,6,23,1,-56.193,-101.264,1.540
2012-05-04-17_49_16.377,48,6,23,1,-56.291,-101.340,1.540
2012-05-04-17_49_16.378,48,7,23,1,-65.186,-101.276,2.140
2012-05-04-17_49_16.378,48,7,23,1,-65.196,-101.274,2.140
2012-05-04-17_49_16.379,48,7,23,1,-65.175,-101.176,2.340
