2012-05-05-19_48_46.757,125,0,0,0,2.259,2.220,3.396
2012-05-05-19_48_46.758,125,1,0,0,-6.747,2.205,2.796
2012-05-05-19_48_46.760,125,2,0,0,-15.738,2.300,2.396
2012-05-05-19_48_46.761,125,3,0,0,-24.792,2.205,2.596
2012-05-05-19_48_46.762,125,4,0,0,-33.779,2.230,1.996
2012-05-05-19_48_46.763,125,5,0,0,-42.794,2.167,2.696
2012-05-05-19_48_46.763,125,6,0,0,-51.793,2.164,2.596
2012-05-05-19_48_46.764,125,7,0,0,-60.715,2.246,3.296
2012-05-05-19_48_46.765,125,0,0,1,-2.186,2.213,8.896
2012-05-05-19_48_46.765,125,1,0,1,-11.201,2.205,3.196
2012-05-05-19_48_46.766,125,2,0,1,-20.183,2.294,19.596
2012-05-05-19_48_46.767,125,3,0,1,-29.237,2.198,5.296
2012-05-05-19_48_46.767,125,4,0,1,-38.224,2.223,19.096
2012-05-05-19_48_46.768,125,5,0,1,-47.239,2.161,25.196
2012-05-05-19_48_46.769,125,6,0,1,-56.238,2.157,25.496
2012-05-05-19_48_46.770,125,7,0,1,-65.160,2.240,3.296
2012-05-05-19_48_46.770,125,0,1,0,2.271,-2.280,3.611
2012-05-05-19_48_46.771,125,1,1,0,-6.745,-2.290,3.111
2012-05-05-19_48_46.771,125,2,1,0,-15.726,-2.200,2.511
2012-05-05-19_48_46.772,125,3,1,0,-24.781,-2.295,2.811
2012-05-05-19_48_46.772,125,4,1,0,-33.768,-2.270,2.011
2012-05-05-19_48_46.773,125,5,1,0,-42.782,-2.333,2.711
2012-05-05-19_48_46.774,125,6,1,0,-51.781,-2.336,2.711
2012-05-05-19_48_46.777,125,7,1,0,-60.703,-2.254,3.211
2012-05-05-19_48_46.778,125,0,1,1,-2.186,-2.289,3.720
2012-05-05-19_48_46.778,125,1,1,1,-11.202,-2.289,3.119
2012-05-05-19_48_46.779,125,2,1,1,-20.183,-2.209,2.520
2012-05-05-19_48_46.780,125,3,1,1,-29.238,-2.304,2.620
2012-05-05-19_48_46.781,125,4,1,1,-38.225,-2.279,2.020
2012-05-05-19_48_46.782,125,5,1,1,-47.239,-2.341,2.520
2012-05-05-19_48_46.782,125,6,1,1,-56.238,-2.345,2.620
2012-05-05-19_48_46.783,125,7,1,1,-65.160,-2.263,3.420
2012-05-05-19_48_46.784,125,0,2,0,2.271,-6.784,3.628
2012-05-05-19_48_46.785,125,1,2,0,-6.743,-6.787,3.228
2012-05-05-19_48_46.786,125,2,2,0,-15.726,-6.704,2.528
2012-05-05-19_48_46.787,125,3,2,0,-24.781,-6.799,2.828
2012-05-05-19_48_46.787,125,4,2,0,-33.768,-6.774,2.228
2012-05-05-19_48_46.789,125,5,2,0,-42.783,-6.837,2.928
2012-05-05-19_48_46.790,125,6,2,0,-51.781,-6.840,2.728
2012-05-05-19_48_46.790,125,7,2,0,-60.703,-6.758,3.628
2012-05-05-19_48_46.791,125,0,2,1,-2.186,-6.792,3.637
2012-05-05-19_48_46.792,125,1,2,1,-11.202,-6.787,3.137
2012-05-05-19_48_46.793,125,2,2,1,-20.184,-6.712,2.537
2012-05-05-19_48_46.794,125,3,2,1,-29.238,-6.807,2.637
2012-05-05-19_48_46.795,125,4,2,1,-38.225,-6.782,2.337
2012-05-05-19_48_46.796,125,5,2,1,-47.240,-6.844,2.637
2012-05-05-19_48_46.797,125,6,2,1,-56.239,-6.848,2.737
2012-05-05-19_48_46.797,125,7,2,1,-65.161,-6.766,3.437
2012-05-05-19_48_46.798,125,0,3,0,2.270,-11.282,3.647
2012-05-05-19_48_46.801,125,1,3,0,-6.741,-11.285,3.247
2012-05-05-19_48_46.811,125,2,3,0,-15.727,-11.202,2.547
2012-05-05-19_48_46.813,125,3,3,0,-24.781,-11.297,2.847
2012-05-05-19_48_46.814,125,4,3,0,-33.769,-11.272,2.347
2012-05-05-19_48_46.815,125,5,3,0,-42.783,-11.335,2.747
2012-05-05-19_48_46.816,125,6,3,0,-51.782,-11.338,2.747
2012-05-05-19_48_46.817,125,7,3,0,-60.704,-11.256,3.247
2012-05-05-19_48_46.818,125,0,3,1,-2.187,-11.289,3.659
2012-05-05-19_48_46.819,125,1,3,1,-11.200,-11.285,3.259
2012-05-05-19_48_46.820,125,2,3,1,-20.184,-11.209,2.559
2012-05-05-19_48_46.821,125,3,3,1,-29.239,-11.304,2.559
2012-05-05-19_48_46.822,125,4,3,1,-38.226,-11.279,2.359
2012-05-05-19_48_46.823,125,5,3,1,-47.240,-11.341,2.559
2012-05-05-19_48_46.824,125,6,3,1,-56.239,-11.345,2.759
2012-05-05-19_48_46.824,125,7,3,1,-65.161,-11.263,3.359
2012-05-05-19_48_46.825,125,0,4,0,2.270,-15.782,3.672
2012-05-05-19_48_46.826,125,1,4,0,-6.741,-15.793,3.272
2012-05-05-19_48_46.828,125,2,4,0,-15.727,-15.701,2.572
2012-05-05-19_48_46.829,125,3,4,0,-24.782,-15.797,2.872
2012-05-05-19_48_46.831,125,4,4,0,-33.769,-15.772,2.072
2012-05-05-19_48_46.832,125,5,4,0,-42.784,-15.834,2.772
2012-05-05-19_48_46.833,125,6,4,0,-51.782,-15.838,2.772
2012-05-05-19_48_46.834,125,7,4,0,-60.704,-15.755,3.472
2012-05-05-19_48_46.835,125,0,4,1,-2.187,-15.788,3.683
2012-05-05-19_48_46.836,125,1,4,1,-11.203,-15.792,3.182
2012-05-05-19_48_46.837,125,2,4,1,-20.184,-15.708,2.583
2012-05-05-19_48_46.837,125,3,4,1,-29.239,-15.804,2.883
2012-05-05-19_48_46.839,125,4,4,1,-38.226,-15.779,2.083
2012-05-05-19_48_46.839,125,5,4,1,-47.241,-15.841,2.683
2012-05-05-19_48_46.841,125,6,4,1,-56.239,-15.844,2.683
2012-05-05-19_48_46.842,125,7,4,1,-65.161,-15.762,3.383
2012-05-05-19_48_46.843,125,0,5,0,2.270,-20.280,3.691
2012-05-05-19_48_46.845,125,1,5,0,-6.739,-20.296,3.191
2012-05-05-19_48_46.847,125,2,5,0,-15.728,-20.200,2.591
2012-05-05-19_48_46.847,125,3,5,0,-24.782,-20.295,2.791
2012-05-05-19_48_46.849,125,4,5,0,-33.769,-20.270,2.191
2012-05-05-19_48_46.850,125,5,5,0,-42.784,-20.332,2.691
2012-05-05-19_48_46.851,125,6,5,0,-51.783,-20.336,2.691
2012-05-05-19_48_46.852,125,7,5,0,-60.705,-20.254,3.191
2012-05-05-19_48_46.853,125,0,5,1,-2.185,-20.288,3.700
2012-05-05-19_48_46.855,125,1,5,1,-11.206,-20.296,3.100
2012-05-05-19_48_46.856,125,2,5,1,-20.182,-20.208,2.500
2012-05-05-19_48_46.858,125,3,5,1,-29.237,-20.303,2.600
2012-05-05-19_48_46.859,125,4,5,1,-38.224,-20.278,2.200
2012-05-05-19_48_46.860,125,5,5,1,-47.239,-20.340,2.700
2012-05-05-19_48_46.861,125,6,5,1,-56.237,-20.344,2.700
2012-05-05-19_48_46.863,125,7,5,1,-65.159,-20.262,3.500
2012-05-05-19_48_46.864,125,0,6,0,2.269,-24.780,3.610
2012-05-05-19_48_46.864,125,1,6,0,-6.737,-24.791,3.210
2012-05-05-19_48_46.865,125,2,6,0,-15.728,-24.700,2.610
2012-05-05-19_48_46.866,125,3,6,0,-24.783,-24.795,2.910
2012-05-05-19_48_46.866,125,4,6,0,-33.770,-24.770,2.010
2012-05-05-19_48_46.867,125,5,6,0,-42.784,-24.832,2.610
2012-05-05-19_48_46.868,125,6,6,0,-51.783,-24.836,2.710
2012-05-05-19_48_46.869,125,7,6,0,-60.705,-24.754,3.510
2012-05-05-19_48_46.871,125,0,6,1,-2.183,-24.789,3.722
2012-05-05-19_48_46.871,125,1,6,1,-11.209,-24.790,3.222
2012-05-05-19_48_46.874,125,2,6,1,-20.180,-24.709,2.622
2012-05-05-19_48_46.875,125,3,6,1,-29.235,-24.804,2.722
2012-05-05-19_48_46.876,125,4,6,1,-38.222,-24.779,2.122
2012-05-05-19_48_46.878,125,5,6,1,-47.237,-24.841,2.622
2012-05-05-19_48_46.879,125,6,6,1,-56.235,-24.845,2.722
2012-05-05-19_48_46.880,125,7,6,1,-65.157,-24.763,3.522
2012-05-05-19_48_46.881,125,0,7,0,2.269,-29.284,3.734
2012-05-05-19_48_46.884,125,1,7,0,-6.740,-29.287,3.134
2012-05-05-19_48_46.885,125,2,7,0,-15.728,-29.204,2.634
2012-05-05-19_48_46.886,125,3,7,0,-24.783,-29.299,2.934
2012-05-05-19_48_46.887,125,4,7,0,-33.770,-29.274,2.434
2012-05-05-19_48_46.888,125,5,7,0,-42.785,-29.336,2.634
2012-05-05-19_48_46.889,125,6,7,0,-51.784,-29.340,2.834
2012-05-05-19_48_46.890,125,7,7,0,-60.705,-29.258,3.434
2012-05-05-19_48_46.891,125,0,7,1,-2.181,-29.291,3.745
2012-05-05-19_48_46.892,125,1,7,1,-11.212,-29.287,3.245
2012-05-05-19_48_46.893,125,2,7,1,-20.178,-29.211,2.645
2012-05-05-19_48_46.894,125,3,7,1,-29.233,-29.306,2.745
2012-05-05-19_48_46.895,125,4,7,1,-38.220,-29.281,2.345
2012-05-05-19_48_46.896,125,5,7,1,-47.235,-29.344,2.745
2012-05-05-19_48_46.897,125,6,7,1,-56.233,-29.347,2.845
2012-05-05-19_48_46.897,125,7,7,1,-65.155,-29.265,3.545
2012-05-05-19_48_46.898,125,0,8,0,2.273,-33.782,3.654
2012-05-05-19_48_46.899,125,1,8,0,-6.743,-33.784,3.254
2012-05-05-19_48_46.900,125,2,8,0,-15.724,-33.702,2.554
2012-05-05-19_48_46.901,125,3,8,0,-24.779,-33.797,2.954
2012-05-05-19_48_46.902,125,4,8,0,-33.766,-33.772,2.454
2012-05-05-19_48_46.903,125,5,8,0,-42.780,-33.834,2.754
2012-05-05-19_48_46.904,125,6,8,0,-51.779,-33.838,2.854
2012-05-05-19_48_46.905,125,7,8,0,-60.701,-33.756,3.554
2012-05-05-19_48_46.906,125,0,8,1,-2.184,-33.787,3.763
2012-05-05-19_48_46.907,125,1,8,1,-11.212,-33.784,3.262
2012-05-05-19_48_46.909,125,2,8,1,-20.181,-33.707,2.663
2012-05-05-19_48_46.910,125,3,8,1,-29.236,-33.803,2.963
2012-05-05-19_48_46.910,125,4,8,1,-38.223,-33.778,2.463
2012-05-05-19_48_46.911,125,5,8,1,-47.238,-33.840,2.963
2012-05-05-19_48_46.913,125,6,8,1,-56.236,-33.843,2.863
2012-05-05-19_48_46.914,125,7,8,1,-65.158,-33.761,3.563
2012-05-05-19_48_46.915,125,0,9,0,2.275,-38.283,3.672
2012-05-05-19_48_46.916,125,1,9,0,-6.746,-38.292,3.272
2012-05-05-19_48_46.917,125,2,9,0,-15.722,-38.202,2.672
2012-05-05-19_48_46.918,125,3,9,0,-24.777,-38.298,2.972
2012-05-05-19_48_46.919,125,4,9,0,-33.764,-38.273,2.272
2012-05-05-19_48_46.920,125,5,9,0,-42.778,-38.335,2.672
2012-05-05-19_48_46.923,125,6,9,0,-51.777,-38.339,2.772
2012-05-05-19_48_46.924,125,7,9,0,-60.699,-38.256,3.472
2012-05-05-19_48_46.926,125,0,9,1,-2.185,-38.288,3.685
2012-05-05-19_48_46.928,125,1,9,1,-11.213,-38.292,3.085
2012-05-05-19_48_46.930,125,2,9,1,-20.182,-38.208,2.685
2012-05-05-19_48_46.931,125,3,9,1,-29.236,-38.303,2.685
2012-05-05-19_48_46.932,125,4,9,1,-38.223,-38.278,2.185
2012-05-05-19_48_46.933,125,5,9,1,-47.238,-38.340,2.685
2012-05-05-19_48_46.934,125,6,9,1,-56.237,-38.344,2.885
2012-05-05-19_48_46.935,125,7,9,1,-65.159,-38.262,3.585
2012-05-05-19_48_46.936,125,0,10,0,2.275,-42.780,3.698
2012-05-05-19_48_46.938,125,1,10,0,-6.748,-42.795,3.198
2012-05-05-19_48_46.938,125,2,10,0,-15.722,-42.700,2.698
2012-05-05-19_48_46.939,125,3,10,0,-24.777,-42.795,2.998
2012-05-05-19_48_46.940,125,4,10,0,-33.764,-42.770,2.298
2012-05-05-19_48_46.941,125,5,10,0,-42.779,-42.832,2.698
2012-05-05-19_48_46.942,125,6,10,0,-51.777,-42.836,2.898
2012-05-05-19_48_46.943,125,7,10,0,-60.699,-42.754,3.498
2012-05-05-19_48_46.945,125,0,10,1,-2.187,-42.787,3.808
2012-05-05-19_48_46.946,125,1,10,1,-11.213,-42.795,3.208
2012-05-05-19_48_46.947,125,2,10,1,-20.184,-42.707,2.608
2012-05-05-19_48_46.948,125,3,10,1,-29.239,-42.802,3.008
2012-05-05-19_48_46.949,125,4,10,1,-38.226,-42.777,2.408
2012-05-05-19_48_46.950,125,5,10,1,-47.241,-42.839,2.808
2012-05-05-19_48_46.951,125,6,10,1,-56.240,-42.843,2.908
2012-05-05-19_48_46.952,125,7,10,1,-65.161,-42.761,3.508
2012-05-05-19_48_46.953,125,0,11,0,2.274,-47.280,3.717
2012-05-05-19_48_46.956,125,1,11,0,-6.749,-47.290,3.317
2012-05-05-19_48_46.957,125,2,11,0,-15.723,-47.200,2.717
2012-05-05-19_48_46.959,125,3,11,0,-24.778,-47.295,3.017
2012-05-05-19_48_46.959,125,4,11,0,-33.765,-47.270,2.317
2012-05-05-19_48_46.960,125,5,11,0,-42.779,-47.333,2.717
2012-05-05-19_48_46.961,125,6,11,0,-51.778,-47.336,2.917
2012-05-05-19_48_46.962,125,7,11,0,-60.700,-47.254,3.517
2012-05-05-19_48_46.965,125,0,11,1,-2.190,-47.289,3.826
2012-05-05-19_48_46.966,125,1,11,1,-11.211,-47.290,3.326
2012-05-05-19_48_46.967,125,2,11,1,-20.187,-47.209,2.626
2012-05-05-19_48_46.968,125,3,11,1,-29.242,-47.304,2.826
2012-05-05-19_48_46.969,125,4,11,1,-38.229,-47.279,2.426
2012-05-05-19_48_46.970,125,5,11,1,-47.244,-47.342,2.826
2012-05-05-19_48_46.971,125,6,11,1,-56.242,-47.345,2.926
2012-05-05-19_48_46.974,125,7,11,1,-65.164,-47.263,3.626
2012-05-05-19_48_46.975,125,0,12,0,2.276,-51.784,3.736
2012-05-05-19_48_46.976,125,1,12,0,-6.752,-51.787,3.336
2012-05-05-19_48_46.978,125,2,12,0,-15.721,-51.704,2.736
2012-05-05-19_48_46.979,125,3,12,0,-24.776,-51.799,2.936
2012-05-05-19_48_46.980,125,4,12,0,-33.763,-51.774,2.236
2012-05-05-19_48_46.981,125,5,12,0,-42.777,-51.837,2.836
2012-05-05-19_48_46.985,125,6,12,0,-51.776,-51.840,2.836
2012-05-05-19_48_46.987,125,7,12,0,-60.698,-51.758,3.536
2012-05-05-19_48_46.988,125,0,12,1,-2.191,-51.792,3.850
2012-05-05-19_48_46.989,125,1,12,1,-11.211,-51.787,3.349
2012-05-05-19_48_46.990,125,2,12,1,-20.188,-51.712,2.750
2012-05-05-19_48_46.991,125,3,12,1,-29.242,-51.808,2.750
2012-05-05-19_48_46.993,125,4,12,1,-38.230,-51.783,2.550
2012-05-05-19_48_46.993,125,5,12,1,-47.244,-51.845,2.750
2012-05-05-19_48_46.994,125,6,12,1,-56.243,-51.848,2.950
2012-05-05-19_48_46.995,125,7,12,1,-65.165,-51.766,3.650
2012-05-05-19_48_46.997,125,0,13,0,2.276,-56.282,3.862
2012-05-05-19_48_46.998,125,1,13,0,-6.752,-56.285,3.362
2012-05-05-19_48_46.999,125,2,13,0,-15.721,-56.202,2.762
2012-05-05-19_48_47.000,125,3,13,0,-24.776,-56.298,2.962
2012-05-05-19_48_47.002,125,4,13,0,-33.763,-56.273,2.362
2012-05-05-19_48_47.003,125,5,13,0,-42.778,-56.335,2.762
2012-05-05-19_48_47.004,125,6,13,0,-51.776,-56.339,2.862
2012-05-05-19_48_47.005,125,7,13,0,-60.698,-56.256,3.462
2012-05-05-19_48_47.006,125,0,13,1,-2.194,-56.288,3.872
2012-05-05-19_48_47.008,125,1,13,1,-11.209,-56.285,3.371
2012-05-05-19_48_47.009,125,2,13,1,-20.191,-56.208,2.672
2012-05-05-19_48_47.010,125,3,13,1,-29.245,-56.303,2.772
2012-05-05-19_48_47.011,125,4,13,1,-38.232,-56.278,2.272
2012-05-05-19_48_47.012,125,5,13,1,-47.247,-56.341,2.772
2012-05-05-19_48_47.013,125,6,13,1,-56.246,-56.344,2.872
2012-05-05-19_48_47.014,125,7,13,1,-65.168,-56.262,3.672
2012-05-05-19_48_47.015,125,0,14,0,2.275,-60.783,3.779
2012-05-05-19_48_47.016,125,1,14,0,-6.753,-60.792,3.379
2012-05-05-19_48_47.017,125,2,14,0,-15.722,-60.702,2.679
2012-05-05-19_48_47.018,125,3,14,0,-24.776,-60.798,3.079
2012-05-05-19_48_47.020,125,4,14,0,-33.763,-60.773,2.479
2012-05-05-19_48_47.021,125,5,14,0,-42.778,-60.835,2.779
2012-05-05-19_48_47.022,125,6,14,0,-51.777,-60.839,2.879
2012-05-05-19_48_47.023,125,7,14,0,-60.699,-60.756,3.579
2012-05-05-19_48_47.024,125,0,14,1,-2.194,-60.788,3.888
2012-05-05-19_48_47.025,125,1,14,1,-11.210,-60.792,3.388
2012-05-05-19_48_47.026,125,2,14,1,-20.191,-60.708,2.788
2012-05-05-19_48_47.027,125,3,14,1,-29.246,-60.803,2.788
2012-05-05-19_48_47.028,125,4,14,1,-38.233,-60.778,2.488
2012-05-05-19_48_47.029,125,5,14,1,-47.247,-60.841,2.788
2012-05-05-19_48_47.030,125,6,14,1,-56.246,-60.844,2.988
2012-05-05-19_48_47.031,125,7,14,1,-65.168,-60.762,3.688
2012-05-05-19_48_47.032,125,0,15,0,2.273,-65.280,3.897
2012-05-05-19_48_47.033,125,1,15,0,-6.751,-65.296,3.397
2012-05-05-19_48_47.034,125,2,15,0,-15.725,-65.200,2.797
2012-05-05-19_48_47.035,125,3,15,0,-24.779,-65.295,2.997
2012-05-05-19_48_47.036,125,4,15,0,-33.766,-65.270,2.497
2012-05-05-19_48_47.037,125,5,15,0,-42.781,-65.333,2.797
2012-05-05-19_48_47.038,125,6,15,0,-51.780,-65.336,2.897
2012-05-05-19_48_47.039,125,7,15,0,-60.702,-65.254,3.397
2012-05-05-19_48_47.040,125,0,15,1,-2.194,-65.287,3.910
2012-05-05-19_48_47.041,125,1,15,1,-11.208,-65.295,3.409
2012-05-05-19_48_47.041,125,2,15,1,-20.191,-65.207,2.810
2012-05-05-19_48_47.042,125,3,15,1,-29.246,-65.303,2.910
2012-05-05-19_48_47.043,125,4,15,1,-38.233,-65.277,2.410
2012-05-05-19_48_47.046,125,5,15,1,-47.248,-65.340,2.810
2012-05-05-19_48_47.047,125,6,15,1,-56.247,-65.343,2.910
2012-05-05-19_48_47.048,125,7,15,1,-65.168,-65.261,3.610
2012-05-05-19_48_47.049,125,0,16,0,2.270,-69.780,3.923
2012-05-05-19_48_47.049,125,1,16,0,-6.751,-69.789,3.423
2012-05-05-19_48_47.050,125,2,16,0,-15.727,-69.700,2.823
2012-05-05-19_48_47.053,125,3,16,0,-24.782,-69.795,3.023
2012-05-05-19_48_47.054,125,4,16,0,-33.769,-69.770,2.323
2012-05-05-19_48_47.054,125,5,16,0,-42.784,-69.833,2.823
2012-05-05-19_48_47.055,125,6,16,0,-51.782,-69.836,2.923
2012-05-05-19_48_47.057,125,7,16,0,-60.704,-69.754,3.523
2012-05-05-19_48_47.058,125,0,16,1,-2.197,-69.789,3.834
2012-05-05-19_48_47.059,125,1,16,1,-11.208,-69.789,3.433
2012-05-05-19_48_47.060,125,2,16,1,-20.194,-69.709,2.834
2012-05-05-19_48_47.062,125,3,16,1,-29.249,-69.804,2.934
2012-05-05-19_48_47.063,125,4,16,1,-38.236,-69.779,2.534
2012-05-05-19_48_47.064,125,5,16,1,-47.251,-69.841,2.734
2012-05-05-19_48_47.065,125,6,16,1,-56.249,-69.845,2.934
2012-05-05-19_48_47.066,125,7,16,1,-65.171,-69.763,3.634
2012-05-05-19_48_47.067,125,0,17,0,2.267,-74.284,3.842
2012-05-05-19_48_47.068,125,1,17,0,-6.749,-74.287,3.442
2012-05-05-19_48_47.069,125,2,17,0,-15.730,-74.204,2.842
2012-05-05-19_48_47.071,125,3,17,0,-24.785,-74.300,2.942
2012-05-05-19_48_47.072,125,4,17,0,-33.772,-74.275,2.342
2012-05-05-19_48_47.073,125,5,17,0,-42.787,-74.337,2.742
2012-05-05-19_48_47.074,125,6,17,0,-51.785,-74.341,2.942
2012-05-05-19_48_47.075,125,7,17,0,-60.707,-74.258,3.542
2012-05-05-19_48_47.076,125,0,17,1,-2.195,-74.291,3.952
2012-05-05-19_48_47.077,125,1,17,1,-11.211,-74.287,3.451
2012-05-05-19_48_47.077,125,2,17,1,-20.192,-74.211,2.752
2012-05-05-19_48_47.078,125,3,17,1,-29.247,-74.306,2.852
2012-05-05-19_48_47.079,125,4,17,1,-38.234,-74.281,2.352
2012-05-05-19_48_47.080,125,5,17,1,-47.249,-74.343,2.752
2012-05-05-19_48_47.081,125,6,17,1,-56.247,-74.347,2.952
2012-05-05-19_48_47.083,125,7,17,1,-65.169,-74.265,3.652
2012-05-05-19_48_47.085,125,0,18,0,2.264,-78.783,3.862
2012-05-05-19_48_47.087,125,1,18,0,-6.747,-78.785,3.462
2012-05-05-19_48_47.088,125,2,18,0,-15.733,-78.703,2.762
2012-05-05-19_48_47.088,125,3,18,0,-24.788,-78.798,3.062
2012-05-05-19_48_47.089,125,4,18,0,-33.775,-78.773,2.462
2012-05-05-19_48_47.090,125,5,18,0,-42.789,-78.835,2.762
2012-05-05-19_48_47.091,125,6,18,0,-51.788,-78.839,2.962
2012-05-05-19_48_47.092,125,7,18,0,-60.710,-78.757,3.562
2012-05-05-19_48_47.093,125,0,18,1,-2.196,-78.788,3.875
2012-05-05-19_48_47.094,125,1,18,1,-11.211,-78.785,3.474
2012-05-05-19_48_47.095,125,2,18,1,-20.193,-78.708,2.875
2012-05-05-19_48_47.096,125,3,18,1,-29.247,-78.803,2.975
2012-05-05-19_48_47.097,125,4,18,1,-38.235,-78.778,2.275
2012-05-05-19_48_47.098,125,5,18,1,-47.249,-78.841,2.875
2012-05-05-19_48_47.099,125,6,18,1,-56.248,-78.844,2.975
2012-05-05-19_48_47.100,125,7,18,1,-65.170,-78.762,3.775
2012-05-05-19_48_47.101,125,0,19,0,2.261,-83.282,3.887
2012-05-05-19_48_47.102,125,1,19,0,-6.747,-83.291,3.487
2012-05-05-19_48_47.103,125,2,19,0,-15.736,-83.202,2.787
2012-05-05-19_48_47.104,125,3,19,0,-24.791,-83.297,3.187
2012-05-05-19_48_47.105,125,4,19,0,-33.778,-83.272,2.287
2012-05-05-19_48_47.106,125,5,19,0,-42.792,-83.334,2.887
2012-05-05-19_48_47.107,125,6,19,0,-51.791,-83.338,2.987
2012-05-05-19_48_47.108,125,7,19,0,-60.713,-83.256,3.587
2012-05-05-19_48_47.109,125,0,19,1,-2.191,-83.287,3.997
2012-05-05-19_48_47.109,125,1,19,1,-11.214,-83.292,3.397
2012-05-05-19_48_47.110,125,2,19,1,-20.188,-83.207,2.897
2012-05-05-19_48_47.111,125,3,19,1,-29.243,-83.303,2.897
2012-05-05-19_48_47.112,125,4,19,1,-38.230,-83.278,2.597
2012-05-05-19_48_47.113,125,5,19,1,-47.245,-83.340,2.897
2012-05-05-19_48_47.115,125,6,19,1,-56.243,-83.344,2.997
2012-05-05-19_48_47.116,125,7,19,1,-65.165,-83.261,3.797
2012-05-05-19_48_47.116,125,0,20,0,2.266,-87.780,4.005
2012-05-05-19_48_47.118,125,1,20,0,-6.748,-87.795,3.405
2012-05-05-19_48_47.119,125,2,20,0,-15.732,-87.700,2.805
2012-05-05-19_48_47.119,125,3,20,0,-24.786,-87.795,3.005
2012-05-05-19_48_47.120,125,4,20,0,-33.773,-87.770,2.505
2012-05-05-19_48_47.121,125,5,20,0,-42.788,-87.833,2.905
2012-05-05-19_48_47.122,125,6,20,0,-51.787,-87.836,3.005
2012-05-05-19_48_47.124,125,7,20,0,-60.709,-87.754,3.605
2012-05-05-19_48_47.125,125,0,20,1,-2.192,-87.787,4.014
2012-05-05-19_48_47.126,125,1,20,1,-11.212,-87.795,3.414
2012-05-05-19_48_47.127,125,2,20,1,-20.189,-87.707,2.814
2012-05-05-19_48_47.128,125,3,20,1,-29.243,-87.803,3.014
2012-05-05-19_48_47.129,125,4,20,1,-38.230,-87.777,2.614
2012-05-05-19_48_47.129,125,5,20,1,-47.245,-87.840,2.914
2012-05-05-19_48_47.131,125,6,20,1,-56.244,-87.843,3.014
2012-05-05-19_48_47.132,125,7,20,1,-65.166,-87.761,3.814
2012-05-05-19_48_47.133,125,0,21,0,2.265,-92.280,4.024
2012-05-05-19_48_47.134,125,1,21,0,-6.751,-92.290,3.524
2012-05-05-19_48_47.135,125,2,21,0,-15.732,-92.200,2.924
2012-05-05-19_48_47.136,125,3,21,0,-24.787,-92.295,3.124
2012-05-05-19_48_47.137,125,4,21,0,-33.774,-92.270,2.524
2012-05-05-19_48_47.138,125,5,21,0,-42.788,-92.332,2.824
2012-05-05-19_48_47.139,125,6,21,0,-51.787,-92.336,3.024
2012-05-05-19_48_47.140,125,7,21,0,-60.709,-92.254,3.624
2012-05-05-19_48_47.141,125,0,21,1,-2.190,-92.289,4.037
2012-05-05-19_48_47.142,125,1,21,1,-11.213,-92.290,3.437
2012-05-05-19_48_47.143,125,2,21,1,-20.187,-92.209,2.937
2012-05-05-19_48_47.144,125,3,21,1,-29.241,-92.305,2.837
2012-05-05-19_48_47.147,125,4,21,1,-38.228,-92.280,2.437
2012-05-05-19_48_47.148,125,5,21,1,-47.243,-92.342,2.937
2012-05-05-19_48_47.148,125,6,21,1,-56.242,-92.346,3.037
2012-05-05-19_48_47.149,125,7,21,1,-65.164,-92.263,3.737
2012-05-05-19_48_47.151,125,0,22,0,2.267,-96.784,3.950
2012-05-05-19_48_47.151,125,1,22,0,-6.754,-96.788,3.550
2012-05-05-19_48_47.154,125,2,22,0,-15.730,-96.704,2.950
2012-05-05-19_48_47.155,125,3,22,0,-24.785,-96.799,3.150
2012-05-05-19_48_47.156,125,4,22,0,-33.772,-96.774,2.550
2012-05-05-19_48_47.157,125,5,22,0,-42.786,-96.837,2.950
2012-05-05-19_48_47.158,125,6,22,0,-51.785,-96.840,3.050
2012-05-05-19_48_47.159,125,7,22,0,-60.707,-96.758,3.650
2012-05-05-19_48_47.160,125,0,22,1,-2.190,-96.792,4.058
2012-05-05-19_48_47.161,125,1,22,1,-11.213,-96.788,3.558
2012-05-05-19_48_47.162,125,2,22,1,-20.187,-96.712,2.858
2012-05-05-19_48_47.163,125,3,22,1,-29.242,-96.808,2.958
2012-05-05-19_48_47.164,125,4,22,1,-38.229,-96.783,2.658
2012-05-05-19_48_47.165,125,5,22,1,-47.244,-96.845,2.958
2012-05-05-19_48_47.166,125,6,22,1,-56.242,-96.848,3.058
2012-05-05-19_48_47.167,125,7,22,1,-65.164,-96.766,3.758
2012-05-05-19_48_47.168,125,0,23,0,2.269,-101.281,4.068
2012-05-05-19_48_47.168,125,1,23,0,-6.754,-101.286,3.568
2012-05-05-19_48_47.169,125,2,23,0,-15.728,-101.201,2.868
2012-05-05-19_48_47.170,125,3,23,0,-24.783,-101.297,3.268
2012-05-05-19_48_47.171,125,4,23,0,-33.770,-101.272,2.668
2012-05-05-19_48_47.172,125,5,23,0,-42.784,-101.334,2.868
2012-05-05-19_48_47.174,125,6,23,0,-51.783,-101.338,2.968
2012-05-05-19_48_47.175,125,7,23,0,-60.705,-101.255,3.568
2012-05-05-19_48_47.175,125,0,23,1,-2.183,-101.281,3.968
2012-05-05-19_48_47.177,125,1,23,1,-11.211,-101.286,3.568
2012-05-05-19_48_47.177,125,2,23,1,-20.180,-101.200,2.968
2012-05-05-19_48_47.179,125,3,23,1,-29.235,-101.296,2.968
2012-05-05-19_48_47.179,125,4,23,1,-38.222,-101.271,2.568
2012-05-05-19_48_47.180,125,5,23,1,-47.237,-101.333,2.968
2012-05-05-19_48_47.181,125,6,23,1,-56.235,-101.337,2.968
2012-05-05-19_48_47.181,125,7,23,1,-65.157,-101.254,3.768
