2012-05-05-03_48_27.452,212,0,0,0,2.256,2.216,1.664
2012-05-05-03_48_27.454,212,0,0,0,2.291,2.304,1.664
2012-05-05-03_48_27.491,212,0,0,0,2.193,2.246,1.564
2012-05-05-03_48_27.492,212,1,0,0,-6.755,2.207,2.064
2012-05-05-03_48_27.492,212,1,0,0,-6.830,2.233,2.164
2012-05-05-03_48_27.493,212,1,0,0,-6.774,2.285,2.164
2012-05-05-03_48_27.493,212,2,0,0,-15.709,2.286,1.764
2012-05-05-03_48_27.494,212,2,0,0,-15.772,2.316,1.764
2012-05-05-03_48_27.494,212,2,0,0,-15.716,2.361,1.764
2012-05-05-03_48_27.495,212,3,0,0,-24.731,2.204,2.664
2012-05-05-03_48_27.495,212,3,0,0,-24.696,2.292,2.664
2012-05-05-03_48_27.496,212,3,0,0,-24.794,2.234,2.564
2012-05-05-03_48_27.496,212,4,0,0,-33.728,2.202,1.664
2012-05-05-03_48_27.497,212,4,0,0,-33.693,2.290,1.664
2012-05-05-03_48_27.500,212,4,0,0,-33.791,2.232,1.664
2012-05-05-03_48_27.501,212,5,0,0,-42.737,2.204,2.064
2012-05-05-03_48_27.501,212,5,0,0,-42.683,2.165,1.964
2012-05-05-03_48_27.502,212,5,0,0,-42.778,2.191,1.964
2012-05-05-03_48_27.503,212,6,0,0,-51.773,2.142,1.464
2012-05-05-03_48_27.503,212,6,0,0,-51.738,2.229,1.464
2012-05-05-03_48_27.504,212,6,0,0,-51.836,2.172,1.464
2012-05-05-03_48_27.504,212,7,0,0,-60.668,2.205,3.264
2012-05-05-03_48_27.505,212,7,0,0,-60.731,2.235,3.164
2012-05-05-03_48_27.505,212,7,0,0,-60.675,2.280,2.464
2012-05-05-03_48_27.506,212,0,0,1,-2.189,2.209,2.265
2012-05-05-03_48_27.507,212,0,0,1,-2.164,2.304,2.165
2012-05-05-03_48_27.507,212,0,0,1,-2.257,2.232,2.265
2012-05-05-03_48_27.508,212,1,0,1,-11.205,2.207,2.365
2012-05-05-03_48_27.509,212,1,0,1,-11.339,2.272,2.365
2012-05-05-03_48_27.510,212,1,0,1,-11.226,2.286,2.365
2012-05-05-03_48_27.510,212,2,0,1,-20.154,2.279,1.765
2012-05-05-03_48_27.511,212,2,0,1,-20.222,2.302,1.765
2012-05-05-03_48_27.511,212,2,0,1,-20.227,2.303,1.765
2012-05-05-03_48_27.512,212,3,0,1,-29.176,2.197,2.765
2012-05-05-03_48_27.512,212,3,0,1,-29.151,2.292,2.865
2012-05-05-03_48_27.513,212,3,0,1,-29.244,2.220,2.865
2012-05-05-03_48_27.513,212,4,0,1,-38.173,2.195,2.465
2012-05-05-03_48_27.513,212,4,0,1,-38.148,2.290,2.365
2012-05-05-03_48_27.514,212,4,0,1,-38.241,2.218,2.465
2012-05-05-03_48_27.514,212,5,0,1,-47.191,2.204,0.965
2012-05-05-03_48_27.515,212,5,0,1,-47.272,2.226,1.065
2012-05-05-03_48_27.515,212,5,0,1,-47.245,2.203,1.065
2012-05-05-03_48_27.516,212,6,0,1,-56.218,2.135,2.165
2012-05-05-03_48_27.516,212,6,0,1,-56.193,2.229,2.065
2012-05-05-03_48_27.517,212,6,0,1,-56.286,2.158,2.165
2012-05-05-03_48_27.517,212,7,0,1,-65.181,2.221,1.565
2012-05-05-03_48_27.518,212,7,0,1,-65.186,2.222,1.565
2012-05-05-03_48_27.518,212,7,0,1,-65.168,2.315,1.565
2012-05-05-03_48_27.519,212,0,1,0,2.268,-2.283,1.778
2012-05-05-03_48_27.519,212,0,1,0,2.295,-2.190,1.778
2012-05-05-03_48_27.520,212,0,1,0,2.195,-2.258,1.778
2012-05-05-03_48_27.520,212,1,1,0,-6.750,-2.295,1.478
2012-05-05-03_48_27.521,212,1,1,0,-6.831,-2.268,1.378
2012-05-05-03_48_27.521,212,1,1,0,-6.774,-2.209,1.478
2012-05-05-03_48_27.522,212,2,1,0,-15.697,-2.213,1.078
2012-05-05-03_48_27.522,212,2,1,0,-15.770,-2.188,0.978
2012-05-05-03_48_27.523,212,2,1,0,-15.748,-2.197,1.078
2012-05-05-03_48_27.530,212,3,1,0,-24.719,-2.295,1.178
2012-05-05-03_48_27.531,212,3,1,0,-24.692,-2.202,1.178
2012-05-05-03_48_27.532,212,3,1,0,-24.792,-2.270,1.178
2012-05-05-03_48_27.532,212,4,1,0,-33.716,-2.297,0.578
2012-05-05-03_48_27.533,212,4,1,0,-33.688,-2.204,0.478
2012-05-05-03_48_27.534,212,4,1,0,-33.789,-2.272,0.478
2012-05-05-03_48_27.534,212,5,1,0,-42.732,-2.290,1.178
2012-05-05-03_48_27.535,212,5,1,0,-42.684,-2.336,1.278
2012-05-05-03_48_27.535,212,5,1,0,-42.776,-2.304,1.278
2012-05-05-03_48_27.536,212,6,1,0,-51.761,-2.358,0.878
2012-05-05-03_48_27.536,212,6,1,0,-51.734,-2.264,0.778
2012-05-05-03_48_27.537,212,6,1,0,-51.834,-2.333,0.778
2012-05-05-03_48_27.537,212,7,1,0,-60.656,-2.294,1.778
2012-05-05-03_48_27.538,212,7,1,0,-60.729,-2.269,1.678
2012-05-05-03_48_27.538,212,7,1,0,-60.673,-2.215,1.778
2012-05-05-03_48_27.539,212,0,1,1,-2.190,-2.289,1.788
2012-05-05-03_48_27.539,212,0,1,1,-2.164,-2.190,1.788
2012-05-05-03_48_27.541,212,0,1,1,-2.260,-2.271,1.788
2012-05-05-03_48_27.541,212,1,1,1,-11.200,-2.295,1.288
2012-05-05-03_48_27.542,212,1,1,1,-11.339,-2.221,1.388
2012-05-05-03_48_27.542,212,1,1,1,-11.229,-2.209,1.288
2012-05-05-03_48_27.543,212,2,1,1,-20.154,-2.219,0.988
2012-05-05-03_48_27.543,212,2,1,1,-20.225,-2.201,0.888
2012-05-05-03_48_27.544,212,2,1,1,-20.232,-2.200,0.988
2012-05-05-03_48_27.544,212,3,1,1,-29.177,-2.301,0.988
2012-05-05-03_48_27.545,212,3,1,1,-29.151,-2.202,0.988
2012-05-05-03_48_27.545,212,3,1,1,-29.247,-2.283,0.988
2012-05-05-03_48_27.546,212,4,1,1,-38.173,-2.303,0.588
2012-05-05-03_48_27.546,212,4,1,1,-38.148,-2.204,0.688
2012-05-05-03_48_27.547,212,4,1,1,-38.244,-2.285,0.588
2012-05-05-03_48_27.547,212,5,1,1,-47.192,-2.289,0.988
2012-05-05-03_48_27.548,212,5,1,1,-47.277,-2.270,0.888
2012-05-05-03_48_27.548,212,5,1,1,-47.248,-2.292,0.888
2012-05-05-03_48_27.549,212,6,1,1,-56.219,-2.363,0.988
2012-05-05-03_48_27.549,212,6,1,1,-56.193,-2.264,0.988
2012-05-05-03_48_27.550,212,6,1,1,-56.289,-2.345,0.988
2012-05-05-03_48_27.550,212,7,1,1,-65.184,-2.282,1.588
2012-05-05-03_48_27.551,212,7,1,1,-65.191,-2.281,1.588
2012-05-05-03_48_27.551,212,7,1,1,-65.173,-2.180,1.688
2012-05-05-03_48_27.552,212,0,2,0,2.257,-6.780,1.802
2012-05-05-03_48_27.552,212,0,2,0,2.295,-6.689,1.802
2012-05-05-03_48_27.553,212,0,2,0,2.197,-6.759,1.802
2012-05-05-03_48_27.553,212,1,2,0,-6.751,-6.793,1.702
2012-05-05-03_48_27.554,212,1,2,0,-6.831,-6.773,1.702
2012-05-05-03_48_27.554,212,1,2,0,-6.770,-6.706,1.702
2012-05-05-03_48_27.555,212,2,2,0,-15.707,-6.710,0.902
2012-05-05-03_48_27.555,212,2,2,0,-15.768,-6.689,0.902
2012-05-05-03_48_27.556,212,2,2,0,-15.712,-6.638,0.902
2012-05-05-03_48_27.556,212,3,2,0,-24.729,-6.792,1.402
2012-05-05-03_48_27.556,212,3,2,0,-24.692,-6.701,1.402
2012-05-05-03_48_27.557,212,3,2,0,-24.790,-6.771,1.402
2012-05-05-03_48_27.557,212,4,2,0,-33.726,-6.794,0.702
2012-05-05-03_48_27.558,212,4,2,0,-33.689,-6.703,0.702
2012-05-05-03_48_27.558,212,4,2,0,-33.787,-6.773,0.702
2012-05-05-03_48_27.559,212,5,2,0,-42.733,-6.789,1.002
2012-05-05-03_48_27.559,212,5,2,0,-42.684,-6.841,1.002
2012-05-05-03_48_27.560,212,5,2,0,-42.774,-6.808,1.002
2012-05-05-03_48_27.560,212,6,2,0,-51.772,-6.855,1.002
2012-05-05-03_48_27.561,212,6,2,0,-51.734,-6.764,1.002
2012-05-05-03_48_27.561,212,6,2,0,-51.832,-6.833,1.002
2012-05-05-03_48_27.562,212,7,2,0,-60.666,-6.791,1.702
2012-05-05-03_48_27.562,212,7,2,0,-60.727,-6.769,1.602
2012-05-05-03_48_27.563,212,7,2,0,-60.671,-6.718,1.702
2012-05-05-03_48_27.572,212,0,2,1,-2.192,-6.786,1.710
2012-05-05-03_48_27.573,212,0,2,1,-2.162,-6.689,1.710
2012-05-05-03_48_27.574,212,0,2,1,-2.263,-6.769,1.710
2012-05-05-03_48_27.575,212,1,2,1,-11.203,-6.793,1.610
2012-05-05-03_48_27.575,212,1,2,1,-11.337,-6.721,1.610
2012-05-05-03_48_27.576,212,1,2,1,-11.227,-6.706,1.610
2012-05-05-03_48_27.576,212,2,2,1,-20.157,-6.716,0.910
2012-05-05-03_48_27.577,212,2,2,1,-20.228,-6.699,0.910
2012-05-05-03_48_27.578,212,2,2,1,-20.235,-6.697,0.910
2012-05-05-03_48_27.578,212,3,2,1,-29.179,-6.798,1.110
2012-05-05-03_48_27.579,212,3,2,1,-29.149,-6.701,1.110
2012-05-05-03_48_27.579,212,3,2,1,-29.250,-6.781,1.110
2012-05-05-03_48_27.580,212,4,2,1,-38.176,-6.800,0.710
2012-05-05-03_48_27.580,212,4,2,1,-38.146,-6.703,0.710
2012-05-05-03_48_27.581,212,4,2,1,-38.247,-6.783,0.710
2012-05-05-03_48_27.581,212,5,2,1,-47.190,-6.789,1.010
2012-05-05-03_48_27.582,212,5,2,1,-47.277,-6.767,1.010
2012-05-05-03_48_27.582,212,5,2,1,-47.248,-6.792,1.010
2012-05-05-03_48_27.583,212,6,2,1,-56.221,-6.861,1.110
2012-05-05-03_48_27.583,212,6,2,1,-56.191,-6.764,1.110
2012-05-05-03_48_27.584,212,6,2,1,-56.292,-6.844,1.110
2012-05-05-03_48_27.584,212,7,2,1,-65.187,-6.780,1.510
2012-05-05-03_48_27.584,212,7,2,1,-65.194,-6.778,1.510
2012-05-05-03_48_27.585,212,7,2,1,-65.174,-6.678,1.610
2012-05-05-03_48_27.585,212,0,3,0,2.269,-11.279,1.920
2012-05-05-03_48_27.586,212,0,3,0,2.297,-11.191,1.920
2012-05-05-03_48_27.586,212,0,3,0,2.194,-11.255,1.920
2012-05-05-03_48_27.587,212,1,3,0,-6.746,-11.290,1.720
2012-05-05-03_48_27.587,212,1,3,0,-6.829,-11.270,1.720
2012-05-05-03_48_27.588,212,1,3,0,-6.765,-11.205,1.720
2012-05-05-03_48_27.588,212,2,3,0,-15.696,-11.209,1.020
2012-05-05-03_48_27.589,212,2,3,0,-15.771,-11.185,1.120
2012-05-05-03_48_27.589,212,2,3,0,-15.715,-11.140,1.020
2012-05-05-03_48_27.590,212,3,3,0,-24.718,-11.291,1.520
2012-05-05-03_48_27.590,212,3,3,0,-24.690,-11.203,1.520
2012-05-05-03_48_27.591,212,3,3,0,-24.793,-11.267,1.520
2012-05-05-03_48_27.591,212,4,3,0,-33.714,-11.293,0.720
2012-05-05-03_48_27.592,212,4,3,0,-33.687,-11.205,0.720
2012-05-05-03_48_27.592,212,4,3,0,-33.790,-11.269,0.720
2012-05-05-03_48_27.593,212,5,3,0,-42.731,-11.291,1.020
2012-05-05-03_48_27.593,212,5,3,0,-42.682,-11.338,1.020
2012-05-05-03_48_27.594,212,5,3,0,-42.777,-11.310,1.020
2012-05-05-03_48_27.594,212,6,3,0,-51.760,-11.354,1.020
2012-05-05-03_48_27.595,212,6,3,0,-51.732,-11.266,1.020
2012-05-05-03_48_27.595,212,6,3,0,-51.835,-11.329,1.020
2012-05-05-03_48_27.596,212,7,3,0,-60.654,-11.290,1.720
2012-05-05-03_48_27.596,212,7,3,0,-60.730,-11.266,1.720
2012-05-05-03_48_27.597,212,7,3,0,-60.673,-11.221,1.820
2012-05-05-03_48_27.597,212,0,3,1,-2.188,-11.288,1.928
2012-05-05-03_48_27.598,212,0,3,1,-2.163,-11.190,1.928
2012-05-05-03_48_27.598,212,0,3,1,-2.264,-11.265,1.927
2012-05-05-03_48_27.599,212,1,3,1,-11.204,-11.289,1.728
2012-05-05-03_48_27.599,212,1,3,1,-11.337,-11.222,1.728
2012-05-05-03_48_27.600,212,1,3,1,-11.225,-11.205,1.727
2012-05-05-03_48_27.600,212,2,3,1,-20.153,-11.218,1.028
2012-05-05-03_48_27.602,212,2,3,1,-20.228,-11.195,1.027
2012-05-05-03_48_27.602,212,2,3,1,-20.236,-11.194,1.027
2012-05-05-03_48_27.603,212,3,3,1,-29.175,-11.300,1.128
2012-05-05-03_48_27.603,212,3,3,1,-29.150,-11.203,1.128
2012-05-05-03_48_27.604,212,3,3,1,-29.250,-11.277,1.127
2012-05-05-03_48_27.604,212,4,3,1,-38.171,-11.302,0.728
2012-05-05-03_48_27.605,212,4,3,1,-38.146,-11.204,0.728
2012-05-05-03_48_27.606,212,4,3,1,-38.247,-11.279,0.727
2012-05-05-03_48_27.607,212,5,3,1,-47.190,-11.290,1.028
2012-05-05-03_48_27.607,212,5,3,1,-47.278,-11.266,1.027
2012-05-05-03_48_27.608,212,5,3,1,-47.249,-11.292,1.027
2012-05-05-03_48_27.608,212,6,3,1,-56.217,-11.363,1.128
2012-05-05-03_48_27.609,212,6,3,1,-56.192,-11.265,1.128
2012-05-05-03_48_27.609,212,6,3,1,-56.292,-11.340,1.127
2012-05-05-03_48_27.610,212,7,3,1,-65.187,-11.276,1.627
2012-05-05-03_48_27.610,212,7,3,1,-65.194,-11.275,1.727
2012-05-05-03_48_27.610,212,7,3,1,-65.174,-11.177,1.827
2012-05-05-03_48_27.611,212,0,4,0,2.266,-15.781,1.939
2012-05-05-03_48_27.611,212,0,4,0,2.296,-15.697,2.039
2012-05-05-03_48_27.612,212,0,4,0,2.193,-15.753,1.939
2012-05-05-03_48_27.612,212,1,4,0,-6.742,-15.790,1.739
2012-05-05-03_48_27.613,212,1,4,0,-6.827,-15.769,1.739
2012-05-05-03_48_27.613,212,1,4,0,-6.766,-15.712,1.739
2012-05-05-03_48_27.614,212,2,4,0,-15.699,-15.711,1.039
2012-05-05-03_48_27.615,212,2,4,0,-15.772,-15.683,1.039
2012-05-05-03_48_27.616,212,2,4,0,-15.715,-15.642,1.039
2012-05-05-03_48_27.616,212,3,4,0,-24.721,-15.794,1.539
2012-05-05-03_48_27.617,212,3,4,0,-24.691,-15.709,1.539
2012-05-05-03_48_27.618,212,3,4,0,-24.794,-15.766,1.539
2012-05-05-03_48_27.618,212,4,4,0,-33.717,-15.795,0.739
2012-05-05-03_48_27.619,212,4,4,0,-33.687,-15.711,0.739
2012-05-05-03_48_27.619,212,4,4,0,-33.790,-15.767,0.739
2012-05-05-03_48_27.620,212,5,4,0,-42.731,-15.797,1.039
2012-05-05-03_48_27.620,212,5,4,0,-42.680,-15.837,1.139
2012-05-05-03_48_27.621,212,5,4,0,-42.777,-15.812,1.039
2012-05-05-03_48_27.621,212,6,4,0,-51.763,-15.856,1.039
2012-05-05-03_48_27.622,212,6,4,0,-51.733,-15.772,1.039
2012-05-05-03_48_27.622,212,6,4,0,-51.836,-15.828,1.039
2012-05-05-03_48_27.622,212,7,4,0,-60.657,-15.792,1.839
2012-05-05-03_48_27.623,212,7,4,0,-60.730,-15.764,1.839
2012-05-05-03_48_27.623,212,7,4,0,-60.674,-15.723,1.839
2012-05-05-03_48_27.624,212,0,4,1,-2.186,-15.792,1.951
2012-05-05-03_48_27.624,212,0,4,1,-2.161,-15.697,1.950
2012-05-05-03_48_27.625,212,0,4,1,-2.264,-15.766,1.950
2012-05-05-03_48_27.625,212,1,4,1,-11.206,-15.791,1.750
2012-05-05-03_48_27.626,212,1,4,1,-11.335,-15.728,1.750
2012-05-05-03_48_27.626,212,1,4,1,-11.228,-15.711,1.750
2012-05-05-03_48_27.627,212,2,4,1,-20.151,-15.722,1.051
2012-05-05-03_48_27.627,212,2,4,1,-20.229,-15.696,1.150
2012-05-05-03_48_27.627,212,2,4,1,-20.236,-15.695,1.150
2012-05-05-03_48_27.628,212,3,4,1,-29.173,-15.804,1.251
2012-05-05-03_48_27.628,212,3,4,1,-29.148,-15.709,1.250
2012-05-05-03_48_27.629,212,3,4,1,-29.251,-15.778,1.250
2012-05-05-03_48_27.630,212,4,4,1,-38.170,-15.806,0.851
2012-05-05-03_48_27.630,212,4,4,1,-38.144,-15.711,0.750
2012-05-05-03_48_27.630,212,4,4,1,-38.247,-15.780,0.850
2012-05-05-03_48_27.631,212,5,4,1,-47.188,-15.796,1.150
2012-05-05-03_48_27.631,212,5,4,1,-47.278,-15.771,1.150
2012-05-05-03_48_27.632,212,5,4,1,-47.247,-15.798,1.150
2012-05-05-03_48_27.633,212,6,4,1,-56.190,-15.771,1.150
2012-05-05-03_48_27.633,212,6,4,1,-56.293,-15.841,1.150
2012-05-05-03_48_27.634,212,6,4,1,-56.300,-15.840,1.150
2012-05-05-03_48_27.634,212,7,4,1,-65.188,-15.777,1.750
2012-05-05-03_48_27.635,212,7,4,1,-65.195,-15.776,1.850
2012-05-05-03_48_27.635,212,7,4,1,-65.175,-15.681,1.850
2012-05-05-03_48_27.636,212,0,5,0,2.268,-20.283,1.964
2012-05-05-03_48_27.636,212,0,5,0,2.296,-20.197,1.964
2012-05-05-03_48_27.637,212,0,5,0,2.190,-20.253,2.064
2012-05-05-03_48_27.637,212,1,5,0,-6.742,-20.294,1.764
2012-05-05-03_48_27.638,212,1,5,0,-6.825,-20.268,1.764
2012-05-05-03_48_27.639,212,1,5,0,-6.764,-20.216,1.764
2012-05-05-03_48_27.640,212,2,5,0,-15.697,-20.213,1.064
2012-05-05-03_48_27.640,212,2,5,0,-15.774,-20.183,1.064
2012-05-05-03_48_27.641,212,2,5,0,-15.718,-20.140,1.064
2012-05-05-03_48_27.641,212,3,5,0,-24.719,-20.295,1.564
2012-05-05-03_48_27.641,212,3,5,0,-24.691,-20.209,1.564
2012-05-05-03_48_27.642,212,3,5,0,-24.796,-20.265,1.564
2012-05-05-03_48_27.643,212,4,5,0,-33.715,-20.297,0.864
2012-05-05-03_48_27.643,212,4,5,0,-33.688,-20.211,0.864
2012-05-05-03_48_27.644,212,4,5,0,-33.793,-20.267,0.864
2012-05-05-03_48_27.644,212,5,5,0,-42.731,-20.297,1.064
2012-05-05-03_48_27.645,212,5,5,0,-42.678,-20.337,1.064
2012-05-05-03_48_27.645,212,5,5,0,-42.780,-20.310,1.064
2012-05-05-03_48_27.646,212,6,5,0,-51.761,-20.358,1.064
2012-05-05-03_48_27.646,212,6,5,0,-51.733,-20.272,1.064
2012-05-05-03_48_27.647,212,6,5,0,-51.839,-20.328,1.064
2012-05-05-03_48_27.647,212,7,5,0,-60.655,-20.294,1.864
2012-05-05-03_48_27.648,212,7,5,0,-60.733,-20.264,1.864
2012-05-05-03_48_27.648,212,7,5,0,-60.677,-20.221,1.864
2012-05-05-03_48_27.649,212,0,5,1,-2.186,-20.291,1.972
2012-05-05-03_48_27.649,212,0,5,1,-2.159,-20.196,1.972
2012-05-05-03_48_27.650,212,0,5,1,-2.259,-20.268,1.972
2012-05-05-03_48_27.650,212,1,5,1,-11.209,-20.295,1.772
2012-05-05-03_48_27.650,212,1,5,1,-11.333,-20.228,1.772
2012-05-05-03_48_27.651,212,1,5,1,-11.231,-20.216,1.772
2012-05-05-03_48_27.651,212,2,5,1,-20.151,-20.221,1.072
2012-05-05-03_48_27.652,212,2,5,1,-20.224,-20.197,1.172
2012-05-05-03_48_27.652,212,2,5,1,-20.234,-20.197,1.072
2012-05-05-03_48_27.653,212,3,5,1,-29.173,-20.303,1.272
2012-05-05-03_48_27.653,212,3,5,1,-29.146,-20.209,1.272
2012-05-05-03_48_27.654,212,3,5,1,-29.246,-20.280,1.272
2012-05-05-03_48_27.655,212,4,5,1,-38.170,-20.305,0.872
2012-05-05-03_48_27.656,212,4,5,1,-38.142,-20.210,0.872
2012-05-05-03_48_27.656,212,4,5,1,-38.243,-20.282,0.872
2012-05-05-03_48_27.657,212,5,5,1,-47.186,-20.296,1.172
2012-05-05-03_48_27.657,212,5,5,1,-47.279,-20.275,1.072
2012-05-05-03_48_27.658,212,5,5,1,-47.247,-20.297,1.072
2012-05-05-03_48_27.659,212,6,5,1,-56.188,-20.271,1.172
2012-05-05-03_48_27.659,212,6,5,1,-56.288,-20.342,1.172
2012-05-05-03_48_27.660,212,6,5,1,-56.298,-20.342,1.172
2012-05-05-03_48_27.660,212,7,5,1,-65.183,-20.278,1.672
2012-05-05-03_48_27.660,212,7,5,1,-65.193,-20.278,1.672
2012-05-05-03_48_27.661,212,7,5,1,-65.175,-20.186,1.772
2012-05-05-03_48_27.661,212,0,6,0,2.273,-24.783,1.781
2012-05-05-03_48_27.662,212,0,6,0,2.300,-24.690,3.181
2012-05-05-03_48_27.662,212,0,6,0,2.188,-24.757,1.781
2012-05-05-03_48_27.663,212,1,6,0,-6.743,-24.796,1.581
2012-05-05-03_48_27.663,212,1,6,0,-6.821,-24.771,1.581
2012-05-05-03_48_27.664,212,1,6,0,-6.762,-24.711,1.581
2012-05-05-03_48_27.665,212,2,6,0,-15.692,-24.713,1.081
2012-05-05-03_48_27.665,212,2,6,0,-15.777,-24.687,0.981
2012-05-05-03_48_27.666,212,2,6,0,-15.718,-24.635,0.981
2012-05-05-03_48_27.666,212,3,6,0,-24.714,-24.795,1.481
2012-05-05-03_48_27.667,212,3,6,0,-24.687,-24.703,1.381
2012-05-05-03_48_27.667,212,3,6,0,-24.799,-24.769,1.481
2012-05-05-03_48_27.668,212,4,6,0,-33.711,-24.797,0.881
2012-05-05-03_48_27.668,212,4,6,0,-33.683,-24.704,0.881
2012-05-05-03_48_27.669,212,4,6,0,-33.796,-24.771,0.881
2012-05-05-03_48_27.669,212,5,6,0,-42.727,-24.790,1.581
2012-05-05-03_48_27.670,212,5,6,0,-42.674,-24.839,1.281
2012-05-05-03_48_27.670,212,5,6,0,-42.781,-24.805,1.281
2012-05-05-03_48_27.671,212,6,6,0,-51.756,-24.857,1.281
2012-05-05-03_48_27.671,212,6,6,0,-51.729,-24.765,1.381
2012-05-05-03_48_27.673,212,6,6,0,-51.675,-24.814,1.281
2012-05-05-03_48_27.673,212,7,6,0,-60.651,-24.793,2.081
2012-05-05-03_48_27.674,212,7,6,0,-60.736,-24.768,2.181
2012-05-05-03_48_27.674,212,7,6,0,-60.677,-24.716,2.081
2012-05-05-03_48_27.675,212,0,6,1,-2.187,-24.789,1.790
2012-05-05-03_48_27.675,212,0,6,1,-2.159,-24.690,1.790
2012-05-05-03_48_27.675,212,0,6,1,-2.262,-24.770,1.890
2012-05-05-03_48_27.676,212,1,6,1,-11.212,-24.796,1.690
2012-05-05-03_48_27.676,212,1,6,1,-11.334,-24.722,1.690
2012-05-05-03_48_27.677,212,1,6,1,-11.231,-24.710,1.689
2012-05-05-03_48_27.677,212,2,6,1,-20.152,-24.719,1.090
2012-05-05-03_48_27.678,212,2,6,1,-20.227,-24.700,0.990
2012-05-05-03_48_27.679,212,2,6,1,-20.232,-24.699,1.090
2012-05-05-03_48_27.679,212,3,6,1,-29.174,-24.801,1.290
2012-05-05-03_48_27.680,212,3,6,1,-29.146,-24.702,1.490
2012-05-05-03_48_27.680,212,3,6,1,-29.249,-24.782,1.290
2012-05-05-03_48_27.681,212,4,6,1,-38.170,-24.803,0.990
2012-05-05-03_48_27.681,212,4,6,1,-38.143,-24.704,0.990
2012-05-05-03_48_27.681,212,4,6,1,-38.246,-24.784,0.990
2012-05-05-03_48_27.682,212,5,6,1,-47.187,-24.790,1.290
2012-05-05-03_48_27.682,212,5,6,1,-47.272,-24.770,1.390
2012-05-05-03_48_27.683,212,5,6,1,-47.243,-24.791,1.389
2012-05-05-03_48_27.683,212,6,6,1,-56.216,-24.863,1.290
2012-05-05-03_48_27.684,212,6,6,1,-56.188,-24.764,1.290
2012-05-05-03_48_27.684,212,6,6,1,-56.291,-24.845,1.290
2012-05-05-03_48_27.685,212,7,6,1,-65.186,-24.781,1.890
2012-05-05-03_48_27.685,212,7,6,1,-65.191,-24.780,1.890
2012-05-05-03_48_27.686,212,7,6,1,-65.168,-24.681,1.990
2012-05-05-03_48_27.686,212,0,7,0,2.272,-29.281,1.801
2012-05-05-03_48_27.687,212,0,7,0,2.300,-29.190,1.801
2012-05-05-03_48_27.687,212,0,7,0,2.187,-29.259,1.801
2012-05-05-03_48_27.688,212,1,7,0,-6.743,-29.293,1.701
2012-05-05-03_48_27.689,212,1,7,0,-6.821,-29.273,1.601
2012-05-05-03_48_27.689,212,1,7,0,-6.762,-29.207,1.701
2012-05-05-03_48_27.690,212,2,7,0,-15.692,-29.210,1.101
2012-05-05-03_48_27.690,212,2,7,0,-15.778,-29.189,1.001
2012-05-05-03_48_27.690,212,2,7,0,-15.716,-29.138,1.101
2012-05-05-03_48_27.691,212,3,7,0,-24.715,-29.293,1.501
2012-05-05-03_48_27.691,212,3,7,0,-24.687,-29.202,1.501
2012-05-05-03_48_27.692,212,3,7,0,-24.800,-29.271,1.501
2012-05-05-03_48_27.692,212,4,7,0,-33.711,-29.295,0.901
2012-05-05-03_48_27.693,212,4,7,0,-33.684,-29.204,0.901
2012-05-05-03_48_27.693,212,4,7,0,-33.796,-29.273,1.001
2012-05-05-03_48_27.694,212,5,7,0,-42.727,-29.290,1.301
2012-05-05-03_48_27.694,212,5,7,0,-42.674,-29.341,1.301
2012-05-05-03_48_27.695,212,5,7,0,-42.779,-29.308,1.301
2012-05-05-03_48_27.695,212,6,7,0,-51.757,-29.355,1.301
2012-05-05-03_48_27.696,212,6,7,0,-51.729,-29.265,1.301
2012-05-05-03_48_27.696,212,6,7,0,-51.676,-29.316,1.301
2012-05-05-03_48_27.697,212,7,7,0,-60.651,-29.291,2.201
2012-05-05-03_48_27.697,212,7,7,0,-60.736,-29.269,2.201
2012-05-05-03_48_27.698,212,7,7,0,-60.675,-29.219,2.201
2012-05-05-03_48_27.698,212,0,7,1,-2.185,-29.286,1.813
2012-05-05-03_48_27.698,212,0,7,1,-2.162,-29.188,1.813
2012-05-05-03_48_27.699,212,0,7,1,-2.260,-29.269,1.813
2012-05-05-03_48_27.699,212,1,7,1,-11.210,-29.292,1.613
2012-05-05-03_48_27.700,212,1,7,1,-11.337,-29.220,1.713
2012-05-05-03_48_27.700,212,1,7,1,-11.234,-29.206,1.713
2012-05-05-03_48_27.701,212,2,7,1,-20.150,-29.216,1.113
2012-05-05-03_48_27.701,212,2,7,1,-20.225,-29.199,1.113
2012-05-05-03_48_27.702,212,2,7,1,-20.233,-29.197,1.113
2012-05-05-03_48_27.702,212,3,7,1,-29.172,-29.298,1.313
2012-05-05-03_48_27.703,212,3,7,1,-29.149,-29.200,1.513
2012-05-05-03_48_27.705,212,3,7,1,-29.247,-29.281,1.413
2012-05-05-03_48_27.705,212,4,7,1,-38.168,-29.300,0.913
2012-05-05-03_48_27.706,212,4,7,1,-38.146,-29.202,1.013
2012-05-05-03_48_27.706,212,4,7,1,-38.244,-29.283,1.013
2012-05-05-03_48_27.707,212,5,7,1,-47.189,-29.288,1.513
2012-05-05-03_48_27.707,212,5,7,1,-47.275,-29.267,1.413
2012-05-05-03_48_27.708,212,5,7,1,-47.243,-29.292,1.513
2012-05-05-03_48_27.709,212,6,7,1,-56.214,-29.360,1.413
2012-05-05-03_48_27.710,212,6,7,1,-56.191,-29.263,1.313
2012-05-05-03_48_27.710,212,6,7,1,-56.289,-29.343,1.313
2012-05-05-03_48_27.710,212,7,7,1,-65.184,-29.279,2.013
2012-05-05-03_48_27.711,212,7,7,1,-65.191,-29.278,2.013
2012-05-05-03_48_27.711,212,7,7,1,-65.171,-29.178,2.113
2012-05-05-03_48_27.712,212,0,8,0,2.274,-33.778,1.827
2012-05-05-03_48_27.712,212,0,8,0,2.304,-33.689,1.827
2012-05-05-03_48_27.713,212,0,8,0,2.189,-33.755,1.827
2012-05-05-03_48_27.713,212,1,8,0,-6.746,-33.788,1.627
2012-05-05-03_48_27.714,212,1,8,0,-6.822,-33.769,1.627
2012-05-05-03_48_27.714,212,1,8,0,-6.765,-33.704,1.727
2012-05-05-03_48_27.715,212,2,8,0,-15.690,-33.708,1.127
2012-05-05-03_48_27.715,212,2,8,0,-15.776,-33.685,1.127
2012-05-05-03_48_27.716,212,2,8,0,-15.709,-33.639,1.127
2012-05-05-03_48_27.716,212,3,8,0,-24.712,-33.790,1.527
2012-05-05-03_48_27.717,212,3,8,0,-24.683,-33.701,1.527
2012-05-05-03_48_27.717,212,3,8,0,-24.798,-33.767,1.527
2012-05-05-03_48_27.718,212,4,8,0,-33.709,-33.792,1.027
2012-05-05-03_48_27.718,212,4,8,0,-33.679,-33.703,1.027
2012-05-05-03_48_27.718,212,4,8,0,-33.794,-33.769,0.927
2012-05-05-03_48_27.719,212,5,8,0,-42.723,-33.789,1.327
2012-05-05-03_48_27.719,212,5,8,0,-42.674,-33.837,1.327
2012-05-05-03_48_27.720,212,5,8,0,-42.772,-33.809,1.327
2012-05-05-03_48_27.720,212,6,8,0,-51.755,-33.853,1.327
2012-05-05-03_48_27.721,212,6,8,0,-51.725,-33.764,1.327
2012-05-05-03_48_27.721,212,6,8,0,-51.840,-33.829,1.227
2012-05-05-03_48_27.722,212,7,8,0,-60.649,-33.789,2.227
2012-05-05-03_48_27.722,212,7,8,0,-60.734,-33.766,2.127
2012-05-05-03_48_27.723,212,7,8,0,-60.668,-33.719,2.127
2012-05-05-03_48_27.723,212,0,8,1,-2.188,-33.787,1.836
2012-05-05-03_48_27.724,212,0,8,1,-2.165,-33.688,1.835
2012-05-05-03_48_27.724,212,0,8,1,-2.258,-33.765,1.835
2012-05-05-03_48_27.725,212,1,8,1,-11.213,-33.788,1.736
2012-05-05-03_48_27.725,212,1,8,1,-11.339,-33.720,1.735
2012-05-05-03_48_27.726,212,1,8,1,-11.237,-33.703,1.635
2012-05-05-03_48_27.726,212,2,8,1,-20.153,-33.716,1.036
2012-05-05-03_48_27.726,212,2,8,1,-20.223,-33.695,1.135
2012-05-05-03_48_27.727,212,2,8,1,-20.230,-33.694,1.135
2012-05-05-03_48_27.727,212,3,8,1,-29.175,-33.799,1.136
2012-05-05-03_48_27.728,212,3,8,1,-29.152,-33.700,1.235
2012-05-05-03_48_27.728,212,3,8,1,-29.245,-33.778,1.135
2012-05-05-03_48_27.729,212,4,8,1,-38.171,-33.801,1.036
2012-05-05-03_48_27.729,212,4,8,1,-38.148,-33.702,0.935
2012-05-05-03_48_27.730,212,4,8,1,-38.242,-33.779,1.035
2012-05-05-03_48_27.730,212,5,8,1,-47.192,-33.788,1.435
2012-05-05-03_48_27.731,212,5,8,1,-47.273,-33.764,1.635
2012-05-05-03_48_27.731,212,5,8,1,-47.244,-33.792,1.535
2012-05-05-03_48_27.731,212,6,8,1,-56.217,-33.861,1.336
2012-05-05-03_48_27.732,212,6,8,1,-56.194,-33.763,1.335
2012-05-05-03_48_27.732,212,6,8,1,-56.287,-33.840,1.335
2012-05-05-03_48_27.733,212,7,8,1,-65.182,-33.776,2.135
2012-05-05-03_48_27.733,212,7,8,1,-65.189,-33.775,2.235
2012-05-05-03_48_27.734,212,7,8,1,-65.169,-33.675,5.835
2012-05-05-03_48_27.734,212,0,9,0,2.274,-38.282,1.845
2012-05-05-03_48_27.735,212,0,9,0,2.304,-38.196,1.845
2012-05-05-03_48_27.737,212,0,9,0,2.191,-38.254,1.845
2012-05-05-03_48_27.737,212,1,9,0,-6.746,-38.290,1.745
2012-05-05-03_48_27.738,212,1,9,0,-6.822,-38.269,1.745
2012-05-05-03_48_27.738,212,1,9,0,-6.768,-38.212,1.745
2012-05-05-03_48_27.739,212,2,9,0,-15.691,-38.212,1.145
2012-05-05-03_48_27.739,212,2,9,0,-15.774,-38.184,1.145
2012-05-05-03_48_27.740,212,2,9,0,-15.710,-38.142,1.245
2012-05-05-03_48_27.740,212,3,9,0,-24.713,-38.294,1.645
2012-05-05-03_48_27.741,212,3,9,0,-24.683,-38.208,1.645
2012-05-05-03_48_27.741,212,3,9,0,-24.796,-38.266,1.645
2012-05-05-03_48_27.741,212,4,9,0,-33.710,-38.296,0.945
2012-05-05-03_48_27.742,212,4,9,0,-33.680,-38.210,0.945
2012-05-05-03_48_27.742,212,4,9,0,-33.792,-38.268,1.045
2012-05-05-03_48_27.743,212,5,9,0,-42.723,-38.296,1.445
2012-05-05-03_48_27.744,212,5,9,0,-42.675,-38.337,1.345
2012-05-05-03_48_27.744,212,5,9,0,-42.772,-38.312,1.345
2012-05-05-03_48_27.745,212,6,9,0,-51.755,-38.357,1.245
2012-05-05-03_48_27.745,212,6,9,0,-51.725,-38.270,1.345
2012-05-05-03_48_27.746,212,6,9,0,-51.838,-38.328,1.245
2012-05-05-03_48_27.746,212,7,9,0,-60.650,-38.293,2.245
2012-05-05-03_48_27.747,212,7,9,0,-60.732,-38.264,2.145
2012-05-05-03_48_27.747,212,7,9,0,-60.669,-38.223,2.245
2012-05-05-03_48_27.747,212,0,9,1,-2.188,-38.292,1.854
2012-05-05-03_48_27.748,212,0,9,1,-2.165,-38.195,1.854
2012-05-05-03_48_27.748,212,0,9,1,-2.261,-38.266,1.854
2012-05-05-03_48_27.749,212,1,9,1,-11.213,-38.290,1.854
2012-05-05-03_48_27.749,212,1,9,1,-11.340,-38.227,1.754
2012-05-05-03_48_27.750,212,1,9,1,-11.232,-38.210,1.754
2012-05-05-03_48_27.750,212,2,9,1,-20.153,-38.222,1.254
2012-05-05-03_48_27.751,212,2,9,1,-20.226,-38.196,1.354
2012-05-05-03_48_27.751,212,2,9,1,-20.231,-38.195,1.254
2012-05-05-03_48_27.752,212,3,9,1,-29.175,-38.304,1.454
2012-05-05-03_48_27.752,212,3,9,1,-29.152,-38.207,1.754
2012-05-05-03_48_27.753,212,3,9,1,-29.248,-38.278,1.454
2012-05-05-03_48_27.753,212,4,9,1,-38.172,-38.306,0.954
2012-05-05-03_48_27.754,212,4,9,1,-38.149,-38.209,1.054
2012-05-05-03_48_27.754,212,4,9,1,-38.245,-38.280,1.054
2012-05-05-03_48_27.755,212,5,9,1,-47.193,-38.295,1.554
2012-05-05-03_48_27.755,212,5,9,1,-47.273,-38.270,1.554
2012-05-05-03_48_27.756,212,5,9,1,-47.244,-38.299,1.554
2012-05-05-03_48_27.756,212,6,9,1,-56.194,-38.270,1.354
2012-05-05-03_48_27.757,212,6,9,1,-56.290,-38.341,1.354
2012-05-05-03_48_27.757,212,6,9,1,-56.295,-38.340,1.354
2012-05-05-03_48_27.758,212,7,9,1,-65.185,-38.277,2.054
2012-05-05-03_48_27.759,212,7,9,1,-65.190,-38.276,2.154
2012-05-05-03_48_27.760,212,7,9,1,-65.169,-38.181,2.054
2012-05-05-03_48_27.760,212,0,10,0,2.276,-42.783,1.966
2012-05-05-03_48_27.761,212,0,10,0,2.306,-42.696,1.966
2012-05-05-03_48_27.761,212,0,10,0,2.193,-42.754,1.866
2012-05-05-03_48_27.762,212,1,10,0,-6.749,-42.794,1.766
2012-05-05-03_48_27.762,212,1,10,0,-6.825,-42.768,1.766
2012-05-05-03_48_27.763,212,1,10,0,-6.771,-42.715,1.766
2012-05-05-03_48_27.763,212,2,10,0,-15.689,-42.713,1.266
2012-05-05-03_48_27.763,212,2,10,0,-15.772,-42.684,1.166
2012-05-05-03_48_27.764,212,2,10,0,-15.708,-42.640,1.266
2012-05-05-03_48_27.764,212,3,10,0,-24.711,-42.795,1.566
2012-05-05-03_48_27.765,212,3,10,0,-24.681,-42.708,1.666
2012-05-05-03_48_27.765,212,3,10,0,-24.794,-42.766,1.566
2012-05-05-03_48_27.766,212,4,10,0,-33.707,-42.797,0.966
2012-05-05-03_48_27.766,212,4,10,0,-33.678,-42.710,1.066
2012-05-05-03_48_27.767,212,4,10,0,-33.790,-42.768,0.966
2012-05-05-03_48_27.767,212,5,10,0,-42.721,-42.796,1.366
2012-05-05-03_48_27.768,212,5,10,0,-42.678,-42.836,1.366
2012-05-05-03_48_27.769,212,5,10,0,-42.770,-42.810,1.366
2012-05-05-03_48_27.770,212,6,10,0,-51.753,-42.857,1.366
2012-05-05-03_48_27.770,212,6,10,0,-51.723,-42.771,1.266
2012-05-05-03_48_27.771,212,6,10,0,-51.836,-42.828,1.266
2012-05-05-03_48_27.771,212,7,10,0,-60.648,-42.794,2.166
2012-05-05-03_48_27.772,212,7,10,0,-60.730,-42.765,2.266
2012-05-05-03_48_27.772,212,7,10,0,-60.667,-42.721,2.166
2012-05-05-03_48_27.773,212,0,10,1,-2.191,-42.791,1.878
2012-05-05-03_48_27.773,212,0,10,1,-2.166,-42.696,1.878
2012-05-05-03_48_27.774,212,0,10,1,-2.262,-42.768,1.878
2012-05-05-03_48_27.774,212,1,10,1,-11.214,-42.794,1.878
2012-05-05-03_48_27.775,212,1,10,1,-11.340,-42.728,1.878
2012-05-05-03_48_27.775,212,1,10,1,-11.235,-42.714,1.778
2012-05-05-03_48_27.776,212,2,10,1,-20.156,-42.721,1.278
2012-05-05-03_48_27.776,212,2,10,1,-20.226,-42.698,1.278
2012-05-05-03_48_27.777,212,2,10,1,-20.231,-42.697,1.378
2012-05-05-03_48_27.777,212,3,10,1,-29.178,-42.803,1.378
2012-05-05-03_48_27.778,212,3,10,1,-29.153,-42.708,1.578
2012-05-05-03_48_27.778,212,3,10,1,-29.249,-42.780,1.478
2012-05-05-03_48_27.778,212,4,10,1,-38.174,-42.805,1.078
2012-05-05-03_48_27.779,212,4,10,1,-38.149,-42.710,1.078
2012-05-05-03_48_27.779,212,4,10,1,-38.245,-42.782,0.978
2012-05-05-03_48_27.780,212,5,10,1,-47.193,-42.796,1.478
2012-05-05-03_48_27.780,212,5,10,1,-47.276,-42.774,1.578
2012-05-05-03_48_27.781,212,5,10,1,-47.247,-42.797,1.578
2012-05-05-03_48_27.781,212,6,10,1,-56.220,-42.866,1.378
2012-05-05-03_48_27.782,212,6,10,1,-56.195,-42.770,1.378
2012-05-05-03_48_27.782,212,6,10,1,-56.291,-42.843,1.378
2012-05-05-03_48_27.783,212,7,10,1,-65.185,-42.779,2.178
2012-05-05-03_48_27.783,212,7,10,1,-65.190,-42.778,2.078
2012-05-05-03_48_27.784,212,7,10,1,-65.172,-42.685,2.278
2012-05-05-03_48_27.784,212,0,11,0,2.280,-47.283,1.990
2012-05-05-03_48_27.785,212,0,11,0,2.301,-47.190,1.890
2012-05-05-03_48_27.785,212,0,11,0,2.195,-47.257,1.890
2012-05-05-03_48_27.786,212,1,11,0,-6.752,-47.296,1.790
2012-05-05-03_48_27.786,212,1,11,0,-6.825,-47.269,1.790
2012-05-05-03_48_27.787,212,1,11,0,-6.774,-47.210,1.790
2012-05-05-03_48_27.787,212,2,11,0,-15.684,-47.213,1.190
2012-05-05-03_48_27.788,212,2,11,0,-15.770,-47.187,1.190
2012-05-05-03_48_27.788,212,2,11,0,-15.743,-47.197,1.190
2012-05-05-03_48_27.789,212,3,11,0,-24.706,-47.295,1.690
2012-05-05-03_48_27.789,212,3,11,0,-24.686,-47.203,1.790
2012-05-05-03_48_27.790,212,3,11,0,-24.792,-47.269,1.690
2012-05-05-03_48_27.790,212,4,11,0,-33.703,-47.297,0.990
2012-05-05-03_48_27.790,212,4,11,0,-33.683,-47.204,1.090
2012-05-05-03_48_27.791,212,4,11,0,-33.788,-47.271,0.990
2012-05-05-03_48_27.791,212,5,11,0,-42.727,-47.290,1.390
2012-05-05-03_48_27.792,212,5,11,0,-42.678,-47.337,1.390
2012-05-05-03_48_27.792,212,5,11,0,-42.771,-47.305,1.390
2012-05-05-03_48_27.793,212,6,11,0,-51.748,-47.357,1.290
2012-05-05-03_48_27.793,212,6,11,0,-51.728,-47.265,1.390
2012-05-05-03_48_27.794,212,6,11,0,-51.834,-47.332,1.390
2012-05-05-03_48_27.794,212,7,11,0,-60.643,-47.293,2.290
2012-05-05-03_48_27.795,212,7,11,0,-60.728,-47.268,2.190
2012-05-05-03_48_27.795,212,7,11,0,-60.667,-47.216,2.290
2012-05-05-03_48_27.795,212,0,11,1,-2.194,-47.289,1.899
2012-05-05-03_48_27.796,212,0,11,1,-2.169,-47.190,1.999
2012-05-05-03_48_27.796,212,0,11,1,-2.262,-47.270,1.999
2012-05-05-03_48_27.797,212,1,11,1,-11.214,-47.296,1.799
2012-05-05-03_48_27.797,212,1,11,1,-11.343,-47.222,1.799
2012-05-05-03_48_27.798,212,1,11,1,-11.236,-47.210,1.798
2012-05-05-03_48_27.798,212,2,11,1,-20.159,-47.219,1.399
2012-05-05-03_48_27.799,212,2,11,1,-20.227,-47.200,1.299
2012-05-05-03_48_27.799,212,2,11,1,-20.232,-47.199,1.299
2012-05-05-03_48_27.801,212,3,11,1,-29.181,-47.301,1.399
2012-05-05-03_48_27.801,212,3,11,1,-29.156,-47.202,1.699
2012-05-05-03_48_27.802,212,3,11,1,-29.249,-47.282,1.399
2012-05-05-03_48_27.802,212,4,11,1,-38.177,-47.303,0.999
2012-05-05-03_48_27.803,212,4,11,1,-38.152,-47.204,0.999
2012-05-05-03_48_27.803,212,4,11,1,-38.246,-47.284,0.999
2012-05-05-03_48_27.804,212,5,11,1,-47.196,-47.290,1.599
2012-05-05-03_48_27.804,212,5,11,1,-47.279,-47.270,1.499
2012-05-05-03_48_27.805,212,5,11,1,-47.247,-47.291,1.498
2012-05-05-03_48_27.805,212,6,11,1,-56.223,-47.364,1.399
2012-05-05-03_48_27.806,212,6,11,1,-56.198,-47.265,1.399
2012-05-05-03_48_27.806,212,6,11,1,-56.291,-47.344,1.399
2012-05-05-03_48_27.807,212,7,11,1,-65.186,-47.281,2.299
2012-05-05-03_48_27.807,212,7,11,1,-65.191,-47.280,2.299
2012-05-05-03_48_27.808,212,7,11,1,-65.175,-47.181,2.299
2012-05-05-03_48_27.808,212,0,12,0,2.265,-51.780,2.108
2012-05-05-03_48_27.809,212,0,12,0,2.303,-51.691,2.208
2012-05-05-03_48_27.809,212,0,12,0,2.195,-51.758,2.108
2012-05-05-03_48_27.810,212,1,12,0,-6.755,-51.794,1.808
2012-05-05-03_48_27.811,212,1,12,0,-6.828,-51.775,1.808
2012-05-05-03_48_27.811,212,1,12,0,-6.774,-51.708,1.908
2012-05-05-03_48_27.812,212,2,12,0,-15.699,-51.710,1.208
2012-05-05-03_48_27.812,212,2,12,0,-15.770,-51.688,1.208
2012-05-05-03_48_27.813,212,2,12,0,-15.709,-51.640,1.308
2012-05-05-03_48_27.814,212,3,12,0,-24.722,-51.792,1.708
2012-05-05-03_48_27.814,212,3,12,0,-24.684,-51.703,1.708
2012-05-05-03_48_27.815,212,3,12,0,-24.792,-51.770,1.708
2012-05-05-03_48_27.815,212,4,12,0,-33.718,-51.794,1.108
2012-05-05-03_48_27.816,212,4,12,0,-33.681,-51.705,1.108
2012-05-05-03_48_27.816,212,4,12,0,-33.789,-51.772,1.108
2012-05-05-03_48_27.816,212,5,12,0,-42.725,-51.791,1.508
2012-05-05-03_48_27.817,212,5,12,0,-42.681,-51.843,1.408
2012-05-05-03_48_27.817,212,5,12,0,-42.771,-51.810,1.508
2012-05-05-03_48_27.818,212,6,12,0,-51.764,-51.855,1.308
2012-05-05-03_48_27.818,212,6,12,0,-51.726,-51.766,1.308
2012-05-05-03_48_27.819,212,6,12,0,-51.834,-51.833,1.308
2012-05-05-03_48_27.819,212,7,12,0,-60.658,-51.791,2.208
2012-05-05-03_48_27.820,212,7,12,0,-60.729,-51.769,2.208
2012-05-05-03_48_27.820,212,7,12,0,-60.667,-51.721,2.208
2012-05-05-03_48_27.821,212,0,12,1,-2.194,-51.786,2.116
2012-05-05-03_48_27.821,212,0,12,1,-2.172,-51.690,2.116
2012-05-05-03_48_27.822,212,0,12,1,-2.262,-51.768,2.016
2012-05-05-03_48_27.822,212,1,12,1,-11.215,-51.794,1.816
2012-05-05-03_48_27.823,212,1,12,1,-11.346,-51.721,1.816
2012-05-05-03_48_27.823,212,1,12,1,-11.236,-51.707,1.816
2012-05-05-03_48_27.824,212,2,12,1,-20.159,-51.716,1.216
2012-05-05-03_48_27.824,212,2,12,1,-20.227,-51.698,1.216
2012-05-05-03_48_27.825,212,2,12,1,-20.235,-51.697,1.216
2012-05-05-03_48_27.825,212,3,12,1,-29.181,-51.798,1.516
2012-05-05-03_48_27.826,212,3,12,1,-29.159,-51.702,1.616
2012-05-05-03_48_27.826,212,3,12,1,-29.249,-51.780,1.616
2012-05-05-03_48_27.827,212,4,12,1,-38.178,-51.800,1.116
2012-05-05-03_48_27.827,212,4,12,1,-38.155,-51.704,1.116
2012-05-05-03_48_27.828,212,4,12,1,-38.246,-51.782,1.016
2012-05-05-03_48_27.828,212,5,12,1,-47.199,-51.790,1.416
2012-05-05-03_48_27.828,212,5,12,1,-47.279,-51.767,1.416
2012-05-05-03_48_27.829,212,5,12,1,-47.250,-51.790,1.416
2012-05-05-03_48_27.829,212,6,12,1,-56.223,-51.861,1.416
2012-05-05-03_48_27.830,212,6,12,1,-56.201,-51.764,1.416
2012-05-05-03_48_27.830,212,6,12,1,-56.291,-51.843,1.316
2012-05-05-03_48_27.831,212,7,12,1,-65.186,-51.779,2.216
2012-05-05-03_48_27.831,212,7,12,1,-65.193,-51.778,2.216
2012-05-05-03_48_27.833,212,7,12,1,-65.176,-51.678,2.216
2012-05-05-03_48_27.834,212,0,13,0,2.275,-56.278,2.127
2012-05-05-03_48_27.834,212,0,13,0,2.300,-56.191,2.127
2012-05-05-03_48_27.835,212,0,13,0,2.197,-56.254,2.127
2012-05-05-03_48_27.835,212,1,13,0,-6.755,-56.289,1.927
2012-05-05-03_48_27.836,212,1,13,0,-6.831,-56.270,1.827
2012-05-05-03_48_27.836,212,1,13,0,-6.774,-56.206,1.827
2012-05-05-03_48_27.837,212,2,13,0,-15.690,-56.208,1.227
2012-05-05-03_48_27.837,212,2,13,0,-15.768,-56.184,1.227
2012-05-05-03_48_27.838,212,2,13,0,-15.712,-56.140,1.227
2012-05-05-03_48_27.838,212,3,13,0,-24.712,-56.290,1.727
2012-05-05-03_48_27.839,212,3,13,0,-24.687,-56.203,1.727
2012-05-05-03_48_27.839,212,3,13,0,-24.790,-56.266,1.727
2012-05-05-03_48_27.840,212,4,13,0,-33.709,-56.292,1.127
2012-05-05-03_48_27.840,212,4,13,0,-33.684,-56.205,1.027
2012-05-05-03_48_27.841,212,4,13,0,-33.787,-56.268,1.027
2012-05-05-03_48_27.841,212,5,13,0,-42.727,-56.291,1.427
2012-05-05-03_48_27.842,212,5,13,0,-42.684,-56.338,1.327
2012-05-05-03_48_27.842,212,5,13,0,-42.774,-56.310,1.427
2012-05-05-03_48_27.842,212,6,13,0,-51.754,-56.353,1.327
2012-05-05-03_48_27.843,212,6,13,0,-51.729,-56.266,1.427
2012-05-05-03_48_27.843,212,6,13,0,-51.832,-56.329,1.327
2012-05-05-03_48_27.844,212,7,13,0,-60.649,-56.289,2.227
2012-05-05-03_48_27.844,212,7,13,0,-60.727,-56.265,4.227
2012-05-05-03_48_27.845,212,7,13,0,-60.670,-56.221,8.927
2012-05-05-03_48_27.845,212,0,13,1,-2.197,-56.288,2.038
2012-05-05-03_48_27.846,212,0,13,1,-2.172,-56.190,2.038
2012-05-05-03_48_27.846,212,0,13,1,-2.268,-56.265,2.038
2012-05-05-03_48_27.847,212,1,13,1,-11.213,-56.289,1.838
2012-05-05-03_48_27.847,212,1,13,1,-11.346,-56.222,1.838
2012-05-05-03_48_27.848,212,1,13,1,-11.236,-56.205,1.838
2012-05-05-03_48_27.848,212,2,13,1,-20.162,-56.218,1.338
2012-05-05-03_48_27.848,212,2,13,1,-20.233,-56.194,1.338
2012-05-05-03_48_27.849,212,2,13,1,-20.237,-56.193,1.238
2012-05-05-03_48_27.849,212,3,13,1,-29.184,-56.300,1.438
2012-05-05-03_48_27.850,212,3,13,1,-29.159,-56.203,1.638
2012-05-05-03_48_27.850,212,3,13,1,-29.255,-56.277,1.638
2012-05-05-03_48_27.851,212,4,13,1,-38.181,-56.302,1.038
2012-05-05-03_48_27.851,212,4,13,1,-38.155,-56.204,1.038
2012-05-05-03_48_27.852,212,4,13,1,-38.251,-56.279,1.038
2012-05-05-03_48_27.852,212,5,13,1,-47.199,-56.290,1.538
2012-05-05-03_48_27.853,212,5,13,1,-47.282,-56.265,1.438
2012-05-05-03_48_27.853,212,5,13,1,-47.253,-56.291,1.538
2012-05-05-03_48_27.854,212,6,13,1,-56.226,-56.363,1.438
2012-05-05-03_48_27.854,212,6,13,1,-56.201,-56.265,1.438
2012-05-05-03_48_27.855,212,6,13,1,-56.297,-56.339,1.438
2012-05-05-03_48_27.855,212,7,13,1,-65.191,-56.275,2.238
2012-05-05-03_48_27.856,212,7,13,1,-65.196,-56.274,2.138
2012-05-05-03_48_27.856,212,7,13,1,-65.178,-56.176,2.138
2012-05-05-03_48_27.857,212,0,14,0,2.269,-60.782,2.151
2012-05-05-03_48_27.857,212,0,14,0,2.297,-60.696,2.052
2012-05-05-03_48_27.858,212,0,14,0,2.199,-60.753,2.152
2012-05-05-03_48_27.858,212,1,14,0,-6.756,-60.790,4.252
2012-05-05-03_48_27.859,212,1,14,0,-6.831,-60.769,1.952
2012-05-05-03_48_27.859,212,1,14,0,-6.775,-60.712,1.852
2012-05-05-03_48_27.860,212,2,14,0,-15.695,-60.712,1.351
2012-05-05-03_48_27.860,212,2,14,0,-15.766,-60.683,1.352
2012-05-05-03_48_27.861,212,2,14,0,-15.712,-60.642,1.252
2012-05-05-03_48_27.862,212,3,14,0,-24.717,-60.794,1.751
2012-05-05-03_48_27.862,212,3,14,0,-24.690,-60.708,1.752
2012-05-05-03_48_27.863,212,3,14,0,-24.788,-60.765,1.752
2012-05-05-03_48_27.864,212,4,14,0,-33.714,-60.796,0.951
2012-05-05-03_48_27.864,212,4,14,0,-33.687,-60.710,1.052
2012-05-05-03_48_27.865,212,4,14,0,-33.785,-60.767,0.952
2012-05-05-03_48_27.866,212,5,14,0,-42.730,-60.796,1.452
2012-05-05-03_48_27.866,212,5,14,0,-42.684,-60.837,1.452
2012-05-05-03_48_27.867,212,5,14,0,-42.774,-60.812,1.452
2012-05-05-03_48_27.867,212,6,14,0,-51.760,-60.857,1.351
2012-05-05-03_48_27.868,212,6,14,0,-51.732,-60.771,1.352
2012-05-05-03_48_27.868,212,6,14,0,-51.830,-60.827,1.352
2012-05-05-03_48_27.869,212,7,14,0,-60.654,-60.793,2.151
2012-05-05-03_48_27.869,212,7,14,0,-60.725,-60.764,3.352
2012-05-05-03_48_27.870,212,7,14,0,-60.671,-60.723,3.352
2012-05-05-03_48_27.870,212,0,14,1,-2.198,-60.792,2.061
2012-05-05-03_48_27.871,212,0,14,1,-2.175,-60.696,2.061
2012-05-05-03_48_27.871,212,0,14,1,-2.268,-60.766,2.061
2012-05-05-03_48_27.872,212,1,14,1,-11.211,-60.790,1.861
2012-05-05-03_48_27.872,212,1,14,1,-11.349,-60.728,1.861
2012-05-05-03_48_27.873,212,1,14,1,-11.237,-60.710,1.861
2012-05-05-03_48_27.874,212,2,14,1,-20.162,-60.722,1.261
2012-05-05-03_48_27.874,212,2,14,1,-20.233,-60.696,1.261
2012-05-05-03_48_27.875,212,2,14,1,-20.240,-60.695,1.261
2012-05-05-03_48_27.876,212,3,14,1,-29.184,-60.805,1.261
2012-05-05-03_48_27.877,212,3,14,1,-29.162,-60.708,1.561
2012-05-05-03_48_27.877,212,3,14,1,-29.255,-60.778,1.561
2012-05-05-03_48_27.878,212,4,14,1,-38.181,-60.806,1.061
2012-05-05-03_48_27.878,212,4,14,1,-38.158,-60.710,1.061
2012-05-05-03_48_27.879,212,4,14,1,-38.252,-60.780,1.061
2012-05-05-03_48_27.879,212,5,14,1,-47.202,-60.796,1.461
2012-05-05-03_48_27.880,212,5,14,1,-47.283,-60.770,1.461
2012-05-05-03_48_27.880,212,5,14,1,-47.256,-60.798,1.461
2012-05-05-03_48_27.881,212,6,14,1,-56.227,-60.867,1.361
2012-05-05-03_48_27.881,212,6,14,1,-56.204,-60.771,1.361
2012-05-05-03_48_27.882,212,6,14,1,-56.297,-60.841,1.361
2012-05-05-03_48_27.882,212,7,14,1,-65.192,-60.777,2.261
2012-05-05-03_48_27.883,212,7,14,1,-65.199,-60.776,13.261
2012-05-05-03_48_27.883,212,7,14,1,-65.179,-60.681,2.261
2012-05-05-03_48_27.884,212,0,15,0,2.269,-65.283,2.170
2012-05-05-03_48_27.884,212,0,15,0,2.294,-65.196,2.170
2012-05-05-03_48_27.884,212,0,15,0,2.198,-65.254,2.270
2012-05-05-03_48_27.885,212,1,15,0,-6.751,-65.294,1.970
2012-05-05-03_48_27.885,212,1,15,0,-6.834,-65.268,1.970
2012-05-05-03_48_27.886,212,1,15,0,-6.775,-65.215,1.970
2012-05-05-03_48_27.886,212,2,15,0,-15.696,-65.213,1.370
2012-05-05-03_48_27.887,212,2,15,0,-15.766,-65.184,1.370
2012-05-05-03_48_27.887,212,2,15,0,-15.715,-65.140,1.370
2012-05-05-03_48_27.888,212,3,15,0,-24.718,-65.295,1.770
2012-05-05-03_48_27.888,212,3,15,0,-24.693,-65.208,1.770
2012-05-05-03_48_27.889,212,3,15,0,-24.789,-65.267,1.770
2012-05-05-03_48_27.889,212,4,15,0,-33.714,-65.297,0.970
2012-05-05-03_48_27.890,212,4,15,0,-33.689,-65.210,1.070
2012-05-05-03_48_27.890,212,4,15,0,-33.785,-65.268,0.970
2012-05-05-03_48_27.890,212,5,15,0,-42.733,-65.296,1.570
2012-05-05-03_48_27.891,212,5,15,0,-42.687,-65.336,1.570
2012-05-05-03_48_27.891,212,5,15,0,-42.777,-65.310,1.570
2012-05-05-03_48_27.892,212,6,15,0,-51.760,-65.358,1.370
2012-05-05-03_48_27.892,212,6,15,0,-51.735,-65.271,1.370
2012-05-05-03_48_27.893,212,6,15,0,-51.831,-65.329,1.270
2012-05-05-03_48_27.893,212,7,15,0,-60.655,-65.294,3.270
2012-05-05-03_48_27.894,212,7,15,0,-60.725,-65.265,3.270
2012-05-05-03_48_27.894,212,7,15,0,-60.674,-65.221,2.070
2012-05-05-03_48_27.895,212,0,15,1,-2.198,-65.291,2.279
2012-05-05-03_48_27.895,212,0,15,1,-2.170,-65.196,2.179
2012-05-05-03_48_27.896,212,0,15,1,-2.271,-65.268,2.279
2012-05-05-03_48_27.896,212,1,15,1,-11.211,-65.294,1.879
2012-05-05-03_48_27.897,212,1,15,1,-11.345,-65.228,1.879
2012-05-05-03_48_27.898,212,1,15,1,-11.232,-65.214,1.879
2012-05-05-03_48_27.899,212,2,15,1,-20.163,-65.221,1.279
2012-05-05-03_48_27.899,212,2,15,1,-20.236,-65.198,1.279
2012-05-05-03_48_27.900,212,2,15,1,-20.243,-65.197,1.379
2012-05-05-03_48_27.900,212,3,15,1,-29.185,-65.303,1.479
2012-05-05-03_48_27.901,212,3,15,1,-29.157,-65.208,1.679
2012-05-05-03_48_27.901,212,3,15,1,-29.258,-65.281,1.679
2012-05-05-03_48_27.902,212,4,15,1,-38.181,-65.305,1.079
2012-05-05-03_48_27.902,212,4,15,1,-38.154,-65.210,1.079
2012-05-05-03_48_27.902,212,4,15,1,-38.255,-65.282,1.079
2012-05-05-03_48_27.903,212,5,15,1,-47.198,-65.296,1.579
2012-05-05-03_48_27.903,212,5,15,1,-47.285,-65.274,1.579
2012-05-05-03_48_27.904,212,5,15,1,-47.256,-65.298,1.579
2012-05-05-03_48_27.904,212,6,15,1,-56.227,-65.366,1.379
2012-05-05-03_48_27.905,212,6,15,1,-56.199,-65.270,1.379
2012-05-05-03_48_27.905,212,6,15,1,-56.300,-65.343,1.379
2012-05-05-03_48_27.906,212,7,15,1,-65.195,-65.279,2.179
2012-05-05-03_48_27.906,212,7,15,1,-65.202,-65.278,2.179
2012-05-05-03_48_27.907,212,7,15,1,-65.182,-65.185,2.179
2012-05-05-03_48_27.907,212,0,16,0,2.266,-69.783,2.291
2012-05-05-03_48_27.908,212,0,16,0,2.291,-69.689,2.291
2012-05-05-03_48_27.908,212,0,16,0,2.193,-69.758,2.291
2012-05-05-03_48_27.909,212,1,16,0,-6.752,-69.795,1.991
2012-05-05-03_48_27.909,212,1,16,0,-6.835,-69.768,1.991
2012-05-05-03_48_27.910,212,1,16,0,-6.776,-69.709,1.891
2012-05-05-03_48_27.910,212,2,16,0,-15.699,-69.713,1.391
2012-05-05-03_48_27.911,212,2,16,0,-15.772,-69.688,1.391
2012-05-05-03_48_27.911,212,2,16,0,-15.750,-69.698,1.391
2012-05-05-03_48_27.911,212,3,16,0,-24.721,-69.795,1.791
2012-05-05-03_48_27.912,212,3,16,0,-24.696,-69.701,1.791
2012-05-05-03_48_27.912,212,3,16,0,-24.794,-69.770,1.791
2012-05-05-03_48_27.913,212,4,16,0,-33.717,-69.797,0.991
2012-05-05-03_48_27.914,212,4,16,0,-33.692,-69.703,0.991
2012-05-05-03_48_27.915,212,4,16,0,-33.790,-69.772,0.991
2012-05-05-03_48_27.915,212,5,16,0,-42.736,-69.789,1.491
2012-05-05-03_48_27.916,212,5,16,0,-42.688,-69.836,1.491
2012-05-05-03_48_27.916,212,5,16,0,-42.780,-69.804,1.491
2012-05-05-03_48_27.917,212,6,16,0,-51.763,-69.858,1.291
2012-05-05-03_48_27.918,212,6,16,0,-51.738,-69.764,1.291
2012-05-05-03_48_27.918,212,6,16,0,-51.836,-69.833,1.291
2012-05-05-03_48_27.918,212,7,16,0,-60.657,-69.794,2.091
2012-05-05-03_48_27.919,212,7,16,0,-60.730,-69.769,2.191
2012-05-05-03_48_27.919,212,7,16,0,-60.676,-69.715,3.291
2012-05-05-03_48_27.920,212,0,16,1,-2.196,-69.789,2.203
2012-05-05-03_48_27.920,212,0,16,1,-2.171,-69.689,2.203
2012-05-05-03_48_27.921,212,0,16,1,-2.274,-69.771,2.203
2012-05-05-03_48_27.921,212,1,16,1,-11.211,-69.795,1.903
2012-05-05-03_48_27.922,212,1,16,1,-11.345,-69.720,1.903
2012-05-05-03_48_27.922,212,1,16,1,-11.235,-69.709,1.902
2012-05-05-03_48_27.923,212,2,16,1,-20.161,-69.719,1.303
2012-05-05-03_48_27.923,212,2,16,1,-20.239,-69.701,1.303
2012-05-05-03_48_27.924,212,2,16,1,-20.244,-69.700,1.303
2012-05-05-03_48_27.924,212,3,16,1,-29.183,-69.801,1.503
2012-05-05-03_48_27.925,212,3,16,1,-29.158,-69.701,1.503
2012-05-05-03_48_27.925,212,3,16,1,-29.261,-69.783,1.503
2012-05-05-03_48_27.926,212,4,16,1,-38.179,-69.803,1.103
2012-05-05-03_48_27.926,212,4,16,1,-38.154,-69.703,1.103
2012-05-05-03_48_27.926,212,4,16,1,-38.257,-69.785,1.103
2012-05-05-03_48_27.927,212,5,16,1,-47.198,-69.788,1.403
2012-05-05-03_48_27.928,212,5,16,1,-47.286,-69.770,1.602
2012-05-05-03_48_27.928,212,5,16,1,-47.257,-69.792,1.602
2012-05-05-03_48_27.929,212,6,16,1,-56.225,-69.863,1.403
2012-05-05-03_48_27.930,212,6,16,1,-56.200,-69.763,1.403
2012-05-05-03_48_27.931,212,6,16,1,-56.303,-69.845,1.403
2012-05-05-03_48_27.931,212,7,16,1,-65.198,-69.782,2.203
2012-05-05-03_48_27.932,212,7,16,1,-65.202,-69.781,2.203
2012-05-05-03_48_27.932,212,7,16,1,-65.182,-69.680,2.202
2012-05-05-03_48_27.933,212,0,17,0,2.254,-74.281,2.215
2012-05-05-03_48_27.933,212,0,17,0,2.291,-74.190,2.215
2012-05-05-03_48_27.934,212,0,17,0,2.190,-74.258,2.215
2012-05-05-03_48_27.934,212,1,17,0,-6.750,-74.293,2.015
2012-05-05-03_48_27.935,212,1,17,0,-6.833,-74.272,2.015
2012-05-05-03_48_27.935,212,1,17,0,-6.774,-74.206,2.015
2012-05-05-03_48_27.936,212,2,17,0,-15.711,-74.210,1.315
2012-05-05-03_48_27.936,212,2,17,0,-15.775,-74.188,1.315
2012-05-05-03_48_27.937,212,2,17,0,-15.718,-74.138,1.315
2012-05-05-03_48_27.937,212,3,17,0,-24.733,-74.293,1.715
2012-05-05-03_48_27.938,212,3,17,0,-24.696,-74.202,1.815
2012-05-05-03_48_27.938,212,3,17,0,-24.797,-74.270,1.815
2012-05-05-03_48_27.938,212,4,17,0,-33.730,-74.295,1.015
2012-05-05-03_48_27.939,212,4,17,0,-33.693,-74.204,1.115
2012-05-05-03_48_27.939,212,4,17,0,-33.793,-74.272,1.015
2012-05-05-03_48_27.940,212,5,17,0,-42.736,-74.290,1.515
2012-05-05-03_48_27.940,212,5,17,0,-42.686,-74.340,1.515
2012-05-05-03_48_27.941,212,5,17,0,-42.781,-74.308,1.515
2012-05-05-03_48_27.941,212,6,17,0,-51.775,-74.355,1.315
2012-05-05-03_48_27.942,212,6,17,0,-51.738,-74.264,1.415
2012-05-05-03_48_27.942,212,6,17,0,-51.687,-74.315,1.415
2012-05-05-03_48_27.943,212,7,17,0,-60.670,-74.291,2.215
2012-05-05-03_48_27.943,212,7,17,0,-60.733,-74.269,3.315
2012-05-05-03_48_27.943,212,7,17,0,-60.677,-74.219,2.215
2012-05-05-03_48_27.944,212,0,17,1,-2.196,-74.286,2.224
2012-05-05-03_48_27.945,212,0,17,1,-2.169,-74.189,2.224
2012-05-05-03_48_27.945,212,0,17,1,-2.269,-74.269,2.224
2012-05-05-03_48_27.946,212,1,17,1,-11.214,-74.292,1.924
2012-05-05-03_48_27.946,212,1,17,1,-11.343,-74.221,1.924
2012-05-05-03_48_27.947,212,1,17,1,-11.236,-74.206,1.924
2012-05-05-03_48_27.947,212,2,17,1,-20.161,-74.216,1.424
2012-05-05-03_48_27.948,212,2,17,1,-20.234,-74.199,12.824
2012-05-05-03_48_27.948,212,2,17,1,-20.244,-74.197,1.324
2012-05-05-03_48_27.949,212,3,17,1,-29.183,-74.298,1.524
2012-05-05-03_48_27.949,212,3,17,1,-29.156,-74.201,1.824
2012-05-05-03_48_27.949,212,3,17,1,-29.256,-74.281,1.724
2012-05-05-03_48_27.950,212,4,17,1,-38.180,-74.300,1.124
2012-05-05-03_48_27.950,212,4,17,1,-38.152,-74.203,1.024
2012-05-05-03_48_27.951,212,4,17,1,-38.253,-74.283,1.024
2012-05-05-03_48_27.951,212,5,17,1,-47.196,-74.289,1.624
2012-05-05-03_48_27.952,212,5,17,1,-47.284,-74.267,1.624
2012-05-05-03_48_27.952,212,5,17,1,-47.252,-74.292,1.524
2012-05-05-03_48_27.953,212,6,17,1,-56.225,-74.360,1.424
2012-05-05-03_48_27.953,212,6,17,1,-56.198,-74.263,1.524
2012-05-05-03_48_27.954,212,6,17,1,-56.298,-74.344,1.224
2012-05-05-03_48_27.954,212,7,17,1,-65.193,-74.280,8.824
2012-05-05-03_48_27.955,212,7,17,1,-65.203,-74.278,2.224
2012-05-05-03_48_27.955,212,7,17,1,-65.180,-74.178,2.224
2012-05-05-03_48_27.956,212,0,18,0,2.268,-78.779,2.033
2012-05-05-03_48_27.956,212,0,18,0,2.293,-78.690,2.033
2012-05-05-03_48_27.957,212,0,18,0,2.190,-78.755,2.033
2012-05-05-03_48_27.957,212,1,18,0,-6.750,-78.789,1.833
2012-05-05-03_48_27.958,212,1,18,0,-6.831,-78.769,1.833
2012-05-05-03_48_27.958,212,1,18,0,-6.772,-78.704,1.833
2012-05-05-03_48_27.959,212,2,18,0,-15.697,-78.708,1.433
2012-05-05-03_48_27.959,212,2,18,0,-15.775,-78.685,1.433
2012-05-05-03_48_27.960,212,2,18,0,-15.721,-78.639,1.433
2012-05-05-03_48_27.960,212,3,18,0,-24.719,-78.791,1.833
2012-05-05-03_48_27.961,212,3,18,0,-24.694,-78.702,1.833
2012-05-05-03_48_27.962,212,3,18,0,-24.797,-78.767,1.833
2012-05-05-03_48_27.963,212,4,18,0,-33.716,-78.793,1.233
2012-05-05-03_48_27.963,212,4,18,0,-33.691,-78.704,1.133
2012-05-05-03_48_27.964,212,4,18,0,-33.794,-78.769,1.233
2012-05-05-03_48_27.964,212,5,18,0,-42.734,-78.790,1.833
2012-05-05-03_48_27.965,212,5,18,0,-42.684,-78.838,1.733
2012-05-05-03_48_27.965,212,5,18,0,-42.783,-78.809,1.833
2012-05-05-03_48_27.966,212,6,18,0,-51.761,-78.853,1.633
2012-05-05-03_48_27.967,212,6,18,0,-51.736,-78.764,1.633
2012-05-05-03_48_27.968,212,6,18,0,-51.839,-78.829,1.533
2012-05-05-03_48_27.968,212,7,18,0,-60.656,-78.789,2.433
2012-05-05-03_48_27.969,212,7,18,0,-60.734,-78.766,2.433
2012-05-05-03_48_27.969,212,7,18,0,-60.680,-78.720,2.333
2012-05-05-03_48_27.970,212,0,18,1,-2.194,-78.788,2.042
2012-05-05-03_48_27.970,212,0,18,1,-2.169,-78.689,2.041
2012-05-05-03_48_27.971,212,0,18,1,-2.270,-78.765,2.041
2012-05-05-03_48_27.971,212,1,18,1,-11.212,-78.788,1.842
2012-05-05-03_48_27.972,212,1,18,1,-11.344,-78.720,1.841
2012-05-05-03_48_27.972,212,1,18,1,-11.236,-78.704,1.841
2012-05-05-03_48_27.973,212,2,18,1,-20.159,-78.718,1.442
2012-05-05-03_48_27.973,212,2,18,1,-20.235,-78.695,1.441
2012-05-05-03_48_27.974,212,2,18,1,-20.244,-78.694,1.441
2012-05-05-03_48_27.974,212,3,18,1,-29.181,-78.800,1.542
2012-05-05-03_48_27.975,212,3,18,1,-29.156,-78.701,1.841
2012-05-05-03_48_27.975,212,3,18,1,-29.257,-78.777,1.841
2012-05-05-03_48_27.976,212,4,18,1,-38.178,-78.802,1.242
2012-05-05-03_48_27.976,212,4,18,1,-38.153,-78.703,1.241
2012-05-05-03_48_27.976,212,4,18,1,-38.253,-78.779,1.241
2012-05-05-03_48_27.977,212,5,18,1,-47.196,-78.788,1.741
2012-05-05-03_48_27.977,212,5,18,1,-47.284,-78.764,1.841
2012-05-05-03_48_27.978,212,5,18,1,-47.253,-78.792,1.841
2012-05-05-03_48_27.978,212,6,18,1,-56.223,-78.862,1.542
2012-05-05-03_48_27.979,212,6,18,1,-56.198,-78.763,1.641
2012-05-05-03_48_27.979,212,6,18,1,-56.299,-78.839,1.541
2012-05-05-03_48_27.980,212,7,18,1,-65.193,-78.776,2.341
2012-05-05-03_48_27.980,212,7,18,1,-65.203,-78.775,2.341
2012-05-05-03_48_27.981,212,7,18,1,-65.181,-78.675,2.341
2012-05-05-03_48_27.981,212,0,19,0,2.265,-83.281,1.953
2012-05-05-03_48_27.982,212,0,19,0,2.292,-83.196,1.953
2012-05-05-03_48_27.982,212,0,19,0,2.189,-83.253,1.953
2012-05-05-03_48_27.982,212,1,19,0,-6.751,-83.290,1.953
2012-05-05-03_48_27.983,212,1,19,0,-6.829,-83.269,1.953
2012-05-05-03_48_27.983,212,1,19,0,-6.772,-83.212,1.953
2012-05-05-03_48_27.984,212,2,19,0,-15.700,-83.211,1.553
2012-05-05-03_48_27.984,212,2,19,0,-15.775,-83.183,1.553
2012-05-05-03_48_27.985,212,2,19,0,-15.721,-83.142,1.453
2012-05-05-03_48_27.985,212,3,19,0,-24.722,-83.293,1.853
2012-05-05-03_48_27.986,212,3,19,0,-24.695,-83.208,1.853
2012-05-05-03_48_27.986,212,3,19,0,-24.798,-83.265,1.853
2012-05-05-03_48_27.987,212,4,19,0,-33.719,-83.295,1.153
2012-05-05-03_48_27.987,212,4,19,0,-33.691,-83.210,1.153
2012-05-05-03_48_27.988,212,4,19,0,-33.794,-83.267,1.153
2012-05-05-03_48_27.988,212,5,19,0,-42.735,-83.296,1.753
2012-05-05-03_48_27.989,212,5,19,0,-42.681,-83.337,1.753
2012-05-05-03_48_27.989,212,5,19,0,-42.784,-83.312,1.753
2012-05-05-03_48_27.990,212,6,19,0,-51.764,-83.356,1.553
2012-05-05-03_48_27.990,212,6,19,0,-51.737,-83.271,1.553
2012-05-05-03_48_27.991,212,6,19,0,-51.840,-83.328,1.553
2012-05-05-03_48_27.991,212,7,19,0,-60.659,-83.292,2.353
2012-05-05-03_48_27.991,212,7,19,0,-60.734,-83.264,2.353
2012-05-05-03_48_27.992,212,7,19,0,-60.680,-83.223,2.453
2012-05-05-03_48_27.992,212,0,19,1,-2.195,-83.292,2.065
2012-05-05-03_48_27.993,212,0,19,1,-2.170,-83.196,2.065
2012-05-05-03_48_27.994,212,0,19,1,-2.270,-83.266,2.065
2012-05-05-03_48_27.994,212,1,19,1,-11.213,-83.291,1.865
2012-05-05-03_48_27.995,212,1,19,1,-11.344,-83.228,1.765
2012-05-05-03_48_27.995,212,1,19,1,-11.237,-83.210,1.865
2012-05-05-03_48_27.995,212,2,19,1,-20.160,-83.222,1.465
2012-05-05-03_48_27.997,212,2,19,1,-20.235,-83.196,1.465
2012-05-05-03_48_27.997,212,2,19,1,-20.242,-83.195,1.465
2012-05-05-03_48_27.998,212,3,19,1,-29.182,-83.305,1.765
2012-05-05-03_48_27.998,212,3,19,1,-29.157,-83.208,1.865
2012-05-05-03_48_27.999,212,3,19,1,-29.257,-83.278,1.865
2012-05-05-03_48_27.999,212,4,19,1,-38.178,-83.306,1.265
2012-05-05-03_48_28.000,212,4,19,1,-38.153,-83.210,1.265
2012-05-05-03_48_28.000,212,4,19,1,-38.254,-83.280,1.265
2012-05-05-03_48_28.001,212,5,19,1,-47.197,-83.296,1.665
2012-05-05-03_48_28.001,212,5,19,1,-47.282,-83.269,1.865
2012-05-05-03_48_28.002,212,5,19,1,-47.253,-83.298,1.765
2012-05-05-03_48_28.002,212,6,19,1,-56.224,-83.367,1.565
2012-05-05-03_48_28.003,212,6,19,1,-56.199,-83.271,1.665
2012-05-05-03_48_28.003,212,6,19,1,-56.299,-83.341,1.565
2012-05-05-03_48_28.004,212,7,19,1,-65.194,-83.277,2.365
2012-05-05-03_48_28.004,212,7,19,1,-65.201,-83.276,2.365
2012-05-05-03_48_28.005,212,7,19,1,-65.179,-83.180,2.365
2012-05-05-03_48_28.005,212,0,20,0,2.267,-87.784,1.978
2012-05-05-03_48_28.006,212,0,20,0,2.297,-87.697,2.078
2012-05-05-03_48_28.006,212,0,20,0,2.189,-87.753,1.978
2012-05-05-03_48_28.007,212,1,20,0,-6.751,-87.794,1.878
2012-05-05-03_48_28.007,212,1,20,0,-6.829,-87.768,1.878
2012-05-05-03_48_28.008,212,1,20,0,-6.770,-87.716,1.878
2012-05-05-03_48_28.008,212,2,20,0,-15.698,-87.714,1.478
2012-05-05-03_48_28.009,212,2,20,0,-15.776,-87.683,1.478
2012-05-05-03_48_28.009,212,2,20,0,-15.719,-87.640,1.478
2012-05-05-03_48_28.010,212,3,20,0,-24.720,-87.796,1.878
2012-05-05-03_48_28.010,212,3,20,0,-24.690,-87.709,1.878
2012-05-05-03_48_28.010,212,3,20,0,-24.798,-87.766,1.878
2012-05-05-03_48_28.011,212,4,20,0,-33.717,-87.798,1.178
2012-05-05-03_48_28.011,212,4,20,0,-33.687,-87.711,1.178
2012-05-05-03_48_28.012,212,4,20,0,-33.795,-87.767,1.078
2012-05-05-03_48_28.012,212,5,20,0,-42.730,-87.797,1.778
2012-05-05-03_48_28.013,212,5,20,0,-42.682,-87.836,1.778
2012-05-05-03_48_28.013,212,5,20,0,-42.782,-87.810,1.778
2012-05-05-03_48_28.014,212,6,20,0,-51.762,-87.858,1.578
2012-05-05-03_48_28.014,212,6,20,0,-51.732,-87.771,1.578
2012-05-05-03_48_28.015,212,6,20,0,-51.840,-87.828,1.578
2012-05-05-03_48_28.016,212,7,20,0,-60.657,-87.795,2.378
2012-05-05-03_48_28.017,212,7,20,0,-60.735,-87.764,2.378
2012-05-05-03_48_28.018,212,7,20,0,-60.678,-87.721,2.378
2012-05-05-03_48_28.019,212,0,20,1,-2.190,-87.791,1.987
2012-05-05-03_48_28.019,212,0,20,1,-2.168,-87.696,1.987
2012-05-05-03_48_28.020,212,0,20,1,-2.268,-87.782,1.987
2012-05-05-03_48_28.020,212,1,20,1,-11.213,-87.794,12.987
2012-05-05-03_48_28.021,212,2,20,1,-20.155,-87.721,1.587
2012-05-05-03_48_28.021,212,2,20,1,-20.233,-87.712,1.587
2012-05-05-03_48_28.021,212,2,20,1,-20.243,-87.703,1.587
2012-05-05-03_48_28.022,212,3,20,1,-29.177,-87.803,1.887
2012-05-05-03_48_28.022,212,3,20,1,-29.155,-87.708,1.887
2012-05-05-03_48_28.023,212,3,20,1,-29.255,-87.795,1.787
2012-05-05-03_48_28.023,212,4,20,1,-38.174,-87.805,1.287
2012-05-05-03_48_28.024,212,4,20,1,-38.151,-87.710,1.287
2012-05-05-03_48_28.024,212,4,20,1,-38.252,-87.796,1.287
2012-05-05-03_48_28.025,212,5,20,1,-47.195,-87.796,1.887
2012-05-05-03_48_28.025,212,5,20,1,-47.246,-87.810,1.887
2012-05-05-03_48_28.026,212,6,20,1,-56.219,-87.865,1.587
2012-05-05-03_48_28.026,212,6,20,1,-56.197,-87.770,1.687
2012-05-05-03_48_28.027,212,6,20,1,-56.297,-87.857,1.587
2012-05-05-03_48_28.027,212,7,20,1,-65.192,-87.793,2.387
2012-05-05-03_48_28.028,212,7,20,1,-65.202,-87.784,2.387
2012-05-05-03_48_28.029,212,7,20,1,-65.143,-87.721,2.187
2012-05-05-03_48_28.030,212,0,21,0,2.269,-92.283,2.096
2012-05-05-03_48_28.030,212,0,21,0,2.294,-92.190,1.996
2012-05-05-03_48_28.031,212,0,21,0,2.186,-92.257,2.096
2012-05-05-03_48_28.031,212,1,21,0,-6.754,-92.296,1.896
2012-05-05-03_48_28.031,212,1,21,0,-6.830,-92.269,1.896
2012-05-05-03_48_28.032,212,1,21,0,-6.773,-92.210,1.896
2012-05-05-03_48_28.032,212,2,21,0,-15.696,-92.213,1.396
2012-05-05-03_48_28.033,212,2,21,0,-15.779,-92.187,1.396
2012-05-05-03_48_28.033,212,2,21,0,-15.717,-92.135,1.396
2012-05-05-03_48_28.034,212,3,21,0,-24.718,-92.295,1.896
2012-05-05-03_48_28.034,212,3,21,0,-24.693,-92.203,1.796
2012-05-05-03_48_28.035,212,3,21,0,-24.801,-92.269,1.796
2012-05-05-03_48_28.035,212,4,21,0,-33.715,-92.297,1.196
2012-05-05-03_48_28.036,212,4,21,0,-33.690,-92.204,1.196
2012-05-05-03_48_28.036,212,4,21,0,-33.797,-92.271,1.196
2012-05-05-03_48_28.037,212,5,21,0,-42.733,-92.290,1.796
2012-05-05-03_48_28.038,212,5,21,0,-42.682,-92.337,1.696
2012-05-05-03_48_28.038,212,5,21,0,-42.780,-92.305,1.796
2012-05-05-03_48_28.039,212,6,21,0,-51.760,-92.357,1.496
2012-05-05-03_48_28.039,212,6,21,0,-51.735,-92.265,1.596
2012-05-05-03_48_28.040,212,6,21,0,-51.684,-92.312,1.496
2012-05-05-03_48_28.040,212,7,21,0,-60.655,-92.293,2.296
2012-05-05-03_48_28.040,212,7,21,0,-60.737,-92.268,2.296
2012-05-05-03_48_28.041,212,7,21,0,-60.676,-92.216,2.396
2012-05-05-03_48_28.041,212,0,21,1,-2.191,-92.289,2.105
2012-05-05-03_48_28.042,212,0,21,1,-2.168,-92.190,2.104
2012-05-05-03_48_28.042,212,0,21,1,-2.266,-92.270,2.104
2012-05-05-03_48_28.043,212,1,21,1,-11.214,-92.296,1.904
2012-05-05-03_48_28.043,212,1,21,1,-11.342,-92.221,1.904
2012-05-05-03_48_28.044,212,1,21,1,-11.235,-92.210,1.904
2012-05-05-03_48_28.044,212,2,21,1,-20.156,-92.219,1.505
2012-05-05-03_48_28.045,212,2,21,1,-20.231,-92.200,1.404
2012-05-05-03_48_28.045,212,2,21,1,-20.238,-92.199,1.404
2012-05-05-03_48_28.046,212,3,21,1,-29.178,-92.301,1.605
2012-05-05-03_48_28.046,212,3,21,1,-29.155,-92.202,1.804
2012-05-05-03_48_28.046,212,3,21,1,-29.253,-92.282,1.804
2012-05-05-03_48_28.047,212,4,21,1,-38.174,-92.303,1.305
2012-05-05-03_48_28.047,212,4,21,1,-38.152,-92.204,1.204
2012-05-05-03_48_28.048,212,4,21,1,-38.250,-92.284,1.204
2012-05-05-03_48_28.048,212,5,21,1,-47.195,-92.289,1.604
2012-05-05-03_48_28.049,212,5,21,1,-47.281,-92.270,1.704
2012-05-05-03_48_28.049,212,5,21,1,-47.251,-92.291,1.704
2012-05-05-03_48_28.050,212,6,21,1,-56.220,-92.364,1.605
2012-05-05-03_48_28.050,212,6,21,1,-56.197,-92.264,1.604
2012-05-05-03_48_28.051,212,6,21,1,-56.295,-92.344,1.604
2012-05-05-03_48_28.051,212,7,21,1,-65.190,-92.281,2.104
2012-05-05-03_48_28.052,212,7,21,1,-65.197,-92.280,2.204
2012-05-05-03_48_28.052,212,7,21,1,-65.177,-92.181,2.204
2012-05-05-03_48_28.053,212,0,22,0,2.269,-96.779,2.016
2012-05-05-03_48_28.053,212,0,22,0,2.296,-96.692,2.016
2012-05-05-03_48_28.054,212,0,22,0,2.186,-96.758,2.016
2012-05-05-03_48_28.054,212,1,22,0,-6.757,-96.794,1.816
2012-05-05-03_48_28.055,212,1,22,0,-6.830,-96.775,1.916
2012-05-05-03_48_28.055,212,1,22,0,-6.776,-96.708,1.816
2012-05-05-03_48_28.056,212,2,22,0,-15.696,-96.709,1.416
2012-05-05-03_48_28.056,212,2,22,0,-15.779,-96.688,1.316
2012-05-05-03_48_28.057,212,2,22,0,-15.715,-96.640,1.416
2012-05-05-03_48_28.057,212,3,22,0,-24.718,-96.791,1.816
2012-05-05-03_48_28.058,212,3,22,0,-24.691,-96.704,1.816
2012-05-05-03_48_28.058,212,3,22,0,-24.801,-96.770,1.816
2012-05-05-03_48_28.059,212,4,22,0,-33.715,-96.793,1.116
2012-05-05-03_48_28.060,212,4,22,0,-33.688,-96.706,1.116
2012-05-05-03_48_28.061,212,4,22,0,-33.798,-96.772,1.116
2012-05-05-03_48_28.061,212,5,22,0,-42.731,-96.792,1.816
2012-05-05-03_48_28.062,212,5,22,0,-42.683,-96.843,1.516
2012-05-05-03_48_28.062,212,5,22,0,-42.778,-96.810,1.816
2012-05-05-03_48_28.063,212,6,22,0,-51.760,-96.854,1.616
2012-05-05-03_48_28.063,212,6,22,0,-51.733,-96.766,1.616
2012-05-05-03_48_28.064,212,6,22,0,-51.685,-96.817,1.616
2012-05-05-03_48_28.064,212,7,22,0,-60.655,-96.790,2.316
2012-05-05-03_48_28.064,212,7,22,0,-60.738,-96.769,2.316
2012-05-05-03_48_28.065,212,7,22,0,-60.674,-96.721,2.316
2012-05-05-03_48_28.066,212,0,22,1,-2.194,-96.786,2.125
2012-05-05-03_48_28.066,212,0,22,1,-2.168,-96.691,2.025
2012-05-05-03_48_28.067,212,0,22,1,-2.264,-96.767,2.025
2012-05-05-03_48_28.067,212,1,22,1,-11.214,-96.794,1.925
2012-05-05-03_48_28.068,212,1,22,1,-11.343,-96.723,1.925
2012-05-05-03_48_28.068,212,1,22,1,-11.235,-96.708,1.925
2012-05-05-03_48_28.068,212,2,22,1,-20.158,-96.716,1.425
2012-05-05-03_48_28.070,212,2,22,1,-20.229,-96.697,1.425
2012-05-05-03_48_28.070,212,2,22,1,-20.236,-96.696,1.525
2012-05-05-03_48_28.071,212,3,22,1,-29.181,-96.799,1.525
2012-05-05-03_48_28.071,212,3,22,1,-29.155,-96.703,1.825
2012-05-05-03_48_28.072,212,3,22,1,-29.251,-96.780,1.725
2012-05-05-03_48_28.072,212,4,22,1,-38.177,-96.800,1.225
2012-05-05-03_48_28.073,212,4,22,1,-38.152,-96.705,1.225
2012-05-05-03_48_28.073,212,4,22,1,-38.248,-96.781,1.125
2012-05-05-03_48_28.074,212,5,22,1,-47.196,-96.791,1.525
2012-05-05-03_48_28.074,212,5,22,1,-47.281,-96.768,1.625
2012-05-05-03_48_28.075,212,5,22,1,-47.252,-96.790,1.625
2012-05-05-03_48_28.075,212,6,22,1,-56.223,-96.861,1.625
2012-05-05-03_48_28.076,212,6,22,1,-56.197,-96.766,1.625
2012-05-05-03_48_28.076,212,6,22,1,-56.293,-96.842,1.525
2012-05-05-03_48_28.077,212,7,22,1,-65.188,-96.778,2.125
2012-05-05-03_48_28.077,212,7,22,1,-65.195,-96.777,2.125
2012-05-05-03_48_28.078,212,7,22,1,-65.177,-96.679,2.125
2012-05-05-03_48_28.078,212,0,23,0,2.271,-101.278,1.940
2012-05-05-03_48_28.079,212,0,23,0,2.296,-101.190,1.940
2012-05-05-03_48_28.079,212,0,23,0,2.188,-101.254,2.040
2012-05-05-03_48_28.079,212,1,23,0,-6.757,-101.289,1.840
2012-05-05-03_48_28.080,212,1,23,0,-6.830,-101.270,1.840
2012-05-05-03_48_28.080,212,1,23,0,-6.776,-101.205,1.840
2012-05-05-03_48_28.081,212,2,23,0,-15.694,-101.208,1.340
2012-05-05-03_48_28.081,212,2,23,0,-15.777,-101.184,1.240
2012-05-05-03_48_28.082,212,2,23,0,-15.716,-101.140,1.340
2012-05-05-03_48_28.082,212,3,23,0,-24.716,-101.290,1.840
2012-05-05-03_48_28.083,212,3,23,0,-24.691,-101.202,1.840
2012-05-05-03_48_28.083,212,3,23,0,-24.799,-101.266,1.740
2012-05-05-03_48_28.084,212,4,23,0,-33.713,-101.292,1.140
2012-05-05-03_48_28.084,212,4,23,0,-33.688,-101.204,1.140
2012-05-05-03_48_28.085,212,4,23,0,-33.796,-101.268,1.140
2012-05-05-03_48_28.085,212,5,23,0,-42.732,-101.290,1.740
2012-05-05-03_48_28.086,212,5,23,0,-42.683,-101.338,1.540
2012-05-05-03_48_28.086,212,5,23,0,-42.778,-101.309,1.640
2012-05-05-03_48_28.087,212,6,23,0,-51.758,-101.353,1.540
2012-05-05-03_48_28.087,212,6,23,0,-51.733,-101.265,1.540
2012-05-05-03_48_28.088,212,6,23,0,-51.685,-101.313,1.540
2012-05-05-03_48_28.088,212,7,23,0,-60.653,-101.289,2.240
2012-05-05-03_48_28.089,212,7,23,0,-60.736,-101.265,2.240
2012-05-05-03_48_28.089,212,7,23,0,-60.675,-101.220,2.240
2012-05-05-03_48_28.089,212,0,23,1,-2.191,-101.276,2.040
2012-05-05-03_48_28.090,212,0,23,1,-2.166,-101.191,2.040
2012-05-05-03_48_28.090,212,0,23,1,-2.262,-101.265,2.040
2012-05-05-03_48_28.091,212,1,23,1,-11.212,-101.289,1.940
2012-05-05-03_48_28.092,212,1,23,1,-11.341,-101.222,1.940
2012-05-05-03_48_28.093,212,1,23,1,-11.236,-101.204,1.840
2012-05-05-03_48_28.093,212,2,23,1,-20.156,-101.206,1.440
2012-05-05-03_48_28.094,212,2,23,1,-20.227,-101.194,1.440
2012-05-05-03_48_28.094,212,2,23,1,-20.234,-101.194,1.440
2012-05-05-03_48_28.095,212,3,23,1,-29.178,-101.288,1.540
2012-05-05-03_48_28.095,212,3,23,1,-29.153,-101.203,1.840
2012-05-05-03_48_28.096,212,3,23,1,-29.249,-101.277,1.840
2012-05-05-03_48_28.096,212,4,23,1,-38.175,-101.290,1.240
2012-05-05-03_48_28.097,212,4,23,1,-38.150,-101.205,1.240
2012-05-05-03_48_28.097,212,4,23,1,-38.246,-101.279,1.240
2012-05-05-03_48_28.098,212,5,23,1,-47.194,-101.291,1.540
2012-05-05-03_48_28.098,212,5,23,1,-47.279,-101.266,1.640
2012-05-05-03_48_28.099,212,5,23,1,-47.250,-101.291,1.540
2012-05-05-03_48_28.099,212,6,23,1,-56.220,-101.351,1.540
2012-05-05-03_48_28.100,212,6,23,1,-56.195,-101.265,1.540
2012-05-05-03_48_28.100,212,6,23,1,-56.291,-101.339,1.540
2012-05-05-03_48_28.101,212,7,23,1,-65.186,-101.275,2.140
2012-05-05-03_48_28.101,212,7,23,1,-65.193,-101.275,2.140
2012-05-05-03_48_28.101,212,7,23,1,-65.175,-101.177,2.140
