2012-05-04-14_23_22.022,1,0,0,0,2.254,2.217,2.770
2012-05-04-14_23_22.023,1,0,0,0,2.191,2.231,2.670
2012-05-04-14_23_22.024,1,0,0,0,2.240,2.296,2.770
2012-05-04-14_23_22.024,1,1,0,0,-6.754,2.206,2.970
2012-05-04-14_23_22.025,1,1,0,0,-6.829,2.229,3.070
2012-05-04-14_23_22.026,1,1,0,0,-6.771,2.290,2.970
2012-05-04-14_23_22.026,1,2,0,0,-15.747,2.352,2.570
2012-05-04-14_23_22.027,1,2,0,0,-15.800,2.214,2.570
2012-05-04-14_23_22.027,1,2,0,0,-15.752,2.306,2.570
2012-05-04-14_23_22.028,1,3,0,0,-24.779,2.275,3.170
2012-05-04-14_23_22.028,1,3,0,0,-24.842,2.288,3.070
2012-05-04-14_23_22.030,1,3,0,0,-24.654,2.306,3.170
2012-05-04-14_23_22.030,1,4,0,0,-33.714,2.313,2.470
2012-05-04-14_23_22.031,1,4,0,0,-33.767,2.175,2.470
2012-05-04-14_23_22.031,1,4,0,0,-33.777,2.327,2.370
2012-05-04-14_23_22.032,1,5,0,0,-42.800,2.231,2.670
2012-05-04-14_23_22.032,1,5,0,0,-42.863,2.245,2.570
2012-05-04-14_23_22.033,1,5,0,0,-42.675,2.263,2.670
2012-05-04-14_23_22.034,1,6,0,0,-51.763,2.265,2.870
2012-05-04-14_23_22.034,1,6,0,0,-51.827,2.278,2.970
2012-05-04-14_23_22.053,1,6,0,0,-51.778,2.343,2.870
2012-05-04-14_23_22.054,1,7,0,0,-60.730,2.221,3.370
2012-05-04-14_23_22.055,1,7,0,0,-60.806,2.241,3.370
2012-05-04-14_23_22.056,1,7,0,0,-60.681,2.313,3.270
2012-05-04-14_23_22.057,1,0,0,1,-2.201,2.211,2.070
2012-05-04-14_23_22.058,1,0,0,1,-2.269,2.231,2.070
2012-05-04-14_23_22.058,1,0,0,1,-2.220,2.297,2.070
2012-05-04-14_23_22.059,1,1,0,1,-11.216,2.206,3.070
2012-05-04-14_23_22.060,1,1,0,1,-11.296,2.229,3.070
2012-05-04-14_23_22.061,1,1,0,1,-11.235,2.290,3.070
2012-05-04-14_23_22.061,1,2,0,1,-20.201,2.346,2.670
2012-05-04-14_23_22.062,1,2,0,1,-20.258,2.213,2.670
2012-05-04-14_23_22.063,1,2,0,1,-20.270,2.366,2.670
2012-05-04-14_23_22.064,1,3,0,1,-29.234,2.268,3.270
2012-05-04-14_23_22.064,1,3,0,1,-29.302,2.289,3.270
2012-05-04-14_23_22.065,1,3,0,1,-29.253,2.354,3.270
2012-05-04-14_23_22.066,1,4,0,1,-38.168,2.307,2.770
2012-05-04-14_23_22.067,1,4,0,1,-38.224,2.174,2.770
2012-05-04-14_23_22.068,1,4,0,1,-38.237,2.327,2.770
2012-05-04-14_23_22.069,1,5,0,1,-47.254,2.225,2.870
2012-05-04-14_23_22.070,1,5,0,1,-47.323,2.245,2.870
2012-05-04-14_23_22.071,1,5,0,1,-47.142,2.263,2.770
2012-05-04-14_23_22.073,1,6,0,1,-56.218,2.258,2.570
2012-05-04-14_23_22.074,1,6,0,1,-56.286,2.278,2.570
2012-05-04-14_23_22.074,1,6,0,1,-56.238,2.344,2.570
2012-05-04-14_23_22.075,1,7,0,1,-65.187,2.219,2.670
2012-05-04-14_23_22.076,1,7,0,1,-65.270,2.240,2.970
2012-05-04-14_23_22.077,1,7,0,1,-65.207,2.305,2.770
2012-05-04-14_23_22.078,1,0,1,0,2.266,-2.281,1.178
2012-05-04-14_23_22.078,1,0,1,0,2.193,-2.268,1.078
2012-05-04-14_23_22.079,1,0,1,0,2.242,-2.203,1.078
2012-05-04-14_23_22.079,1,1,1,0,-6.749,-2.292,1.378
2012-05-04-14_23_22.080,1,1,1,0,-6.827,-2.274,1.278
2012-05-04-14_23_22.081,1,1,1,0,-6.768,-2.205,1.378
2012-05-04-14_23_22.081,1,2,1,0,-15.734,-2.146,1.778
2012-05-04-14_23_22.082,1,2,1,0,-15.796,-2.285,1.778
2012-05-04-14_23_22.083,1,2,1,0,-15.749,-2.199,1.778
2012-05-04-14_23_22.084,1,3,1,0,-24.767,-2.224,1.878
2012-05-04-14_23_22.084,1,3,1,0,-24.840,-2.211,1.778
2012-05-04-14_23_22.085,1,3,1,0,-24.652,-2.196,1.578
2012-05-04-14_23_22.086,1,4,1,0,-33.701,-2.185,1.078
2012-05-04-14_23_22.092,1,4,1,0,-33.762,-2.324,0.978
2012-05-04-14_23_22.093,1,4,1,0,-33.775,-2.172,0.978
2012-05-04-14_23_22.094,1,5,1,0,-42.787,-2.267,1.778
2012-05-04-14_23_22.095,1,5,1,0,-42.861,-2.254,1.778
2012-05-04-14_23_22.096,1,5,1,0,-42.673,-2.240,1.778
2012-05-04-14_23_22.097,1,6,1,0,-51.751,-2.234,1.278
2012-05-04-14_23_22.098,1,6,1,0,-51.824,-2.221,1.278
2012-05-04-14_23_22.098,1,6,1,0,-51.776,-2.155,1.278
2012-05-04-14_23_22.099,1,7,1,0,-60.725,-2.279,1.778
2012-05-04-14_23_22.099,1,7,1,0,-60.806,-2.257,1.778
2012-05-04-14_23_22.100,1,7,1,0,-60.679,-2.192,1.678
2012-05-04-14_23_22.101,1,0,1,1,-2.198,-2.288,1.984
2012-05-04-14_23_22.101,1,0,1,1,-2.269,-2.268,1.984
2012-05-04-14_23_22.102,1,0,1,1,-2.220,-2.202,1.984
2012-05-04-14_23_22.103,1,1,1,1,-11.213,-2.291,1.484
2012-05-04-14_23_22.103,1,1,1,1,-11.296,-2.273,1.584
2012-05-04-14_23_22.104,1,1,1,1,-11.235,-2.204,1.683
2012-05-04-14_23_22.105,1,2,1,1,-20.199,-2.153,1.784
2012-05-04-14_23_22.106,1,2,1,1,-20.255,-2.286,1.784
2012-05-04-14_23_22.106,1,2,1,1,-20.270,-2.132,1.784
2012-05-04-14_23_22.107,1,3,1,1,-29.231,-2.230,2.084
2012-05-04-14_23_22.108,1,3,1,1,-29.287,-2.364,2.084
2012-05-04-14_23_22.109,1,3,1,1,-29.302,-2.210,2.184
2012-05-04-14_23_22.110,1,4,1,1,-38.166,-2.192,0.684
2012-05-04-14_23_22.111,1,4,1,1,-38.222,-2.325,0.784
2012-05-04-14_23_22.111,1,4,1,1,-38.237,-2.172,0.684
2012-05-04-14_23_22.112,1,5,1,1,-47.252,-2.274,0.984
2012-05-04-14_23_22.113,1,5,1,1,-47.323,-2.254,1.084
2012-05-04-14_23_22.114,1,5,1,1,-47.142,-2.239,0.984
2012-05-04-14_23_22.114,1,6,1,1,-56.216,-2.240,1.084
2012-05-04-14_23_22.115,1,6,1,1,-56.286,-2.220,1.184
2012-05-04-14_23_22.116,1,6,1,1,-56.238,-2.154,1.084
2012-05-04-14_23_22.117,1,7,1,1,-65.185,-2.279,1.384
2012-05-04-14_23_22.117,1,7,1,1,-65.268,-2.257,1.584
2012-05-04-14_23_22.118,1,7,1,1,-65.209,-2.200,1.583
2012-05-04-14_23_22.119,1,0,2,0,2.269,-6.778,1.790
2012-05-04-14_23_22.120,1,0,2,0,2.193,-6.764,1.890
2012-05-04-14_23_22.120,1,0,2,0,2.242,-6.706,1.790
2012-05-04-14_23_22.122,1,1,2,0,-6.749,-6.788,1.690
2012-05-04-14_23_22.124,1,1,2,0,-6.825,-6.770,1.790
2012-05-04-14_23_22.125,1,1,2,0,-6.768,-6.706,1.790
2012-05-04-14_23_22.125,1,2,2,0,-15.732,-6.643,0.990
2012-05-04-14_23_22.126,1,2,2,0,-15.796,-6.787,0.990
2012-05-04-14_23_22.126,1,2,2,0,-15.749,-6.697,1.090
2012-05-04-14_23_22.127,1,3,2,0,-24.764,-6.721,1.390
2012-05-04-14_23_22.127,1,3,2,0,-24.840,-6.706,1.390
2012-05-04-14_23_22.128,1,3,2,0,-24.649,-6.693,1.490
2012-05-04-14_23_22.129,1,4,2,0,-33.699,-6.682,0.790
2012-05-04-14_23_22.130,1,4,2,0,-33.762,-6.826,0.890
2012-05-04-14_23_22.130,1,4,2,0,-33.775,-6.668,0.790
2012-05-04-14_23_22.131,1,5,2,0,-42.785,-6.764,0.990
2012-05-04-14_23_22.133,1,5,2,0,-42.861,-6.750,1.190
2012-05-04-14_23_22.134,1,5,2,0,-42.670,-6.736,0.990
2012-05-04-14_23_22.135,1,6,2,0,-51.749,-6.731,1.090
2012-05-04-14_23_22.136,1,6,2,0,-51.824,-6.716,1.090
2012-05-04-14_23_22.136,1,6,2,0,-51.776,-6.659,1.090
2012-05-04-14_23_22.137,1,7,2,0,-60.725,-6.781,1.690
2012-05-04-14_23_22.138,1,7,2,0,-60.806,-6.756,1.690
2012-05-04-14_23_22.139,1,7,2,0,-60.679,-6.690,1.690
2012-05-04-14_23_22.140,1,0,2,1,-2.198,-6.786,1.799
2012-05-04-14_23_22.141,1,0,2,1,-2.269,-6.764,1.899
2012-05-04-14_23_22.141,1,0,2,1,-2.218,-6.705,1.798
2012-05-04-14_23_22.142,1,1,2,1,-11.216,-6.787,1.699
2012-05-04-14_23_22.143,1,1,2,1,-11.296,-6.770,1.699
2012-05-04-14_23_22.145,1,1,2,1,-11.235,-6.706,1.698
2012-05-04-14_23_22.146,1,2,2,1,-20.199,-6.651,0.999
2012-05-04-14_23_22.146,1,2,2,1,-20.258,-6.788,0.999
2012-05-04-14_23_22.147,1,2,2,1,-20.338,-6.763,0.998
2012-05-04-14_23_22.148,1,3,2,1,-29.231,-6.729,1.199
2012-05-04-14_23_22.149,1,3,2,1,-29.302,-6.706,1.199
2012-05-04-14_23_22.150,1,3,2,1,-29.251,-6.648,1.198
2012-05-04-14_23_22.151,1,4,2,1,-38.166,-6.690,0.899
2012-05-04-14_23_22.151,1,4,2,1,-38.224,-6.827,0.899
2012-05-04-14_23_22.152,1,4,2,1,-38.237,-6.668,0.899
2012-05-04-14_23_22.153,1,5,2,1,-47.252,-6.772,1.099
2012-05-04-14_23_22.154,1,5,2,1,-47.323,-6.750,1.099
2012-05-04-14_23_22.155,1,5,2,1,-47.142,-6.736,1.099
2012-05-04-14_23_22.156,1,6,2,1,-56.216,-6.739,1.199
2012-05-04-14_23_22.157,1,6,2,1,-56.286,-6.716,1.199
2012-05-04-14_23_22.158,1,6,2,1,-56.235,-6.658,1.298
2012-05-04-14_23_22.158,1,7,2,1,-65.187,-6.782,1.799
2012-05-04-14_23_22.159,1,7,2,1,-65.268,-6.756,1.798
2012-05-04-14_23_22.160,1,7,2,1,-65.207,-6.698,1.898
2012-05-04-14_23_22.161,1,0,3,0,2.269,-11.279,2.006
2012-05-04-14_23_22.162,1,0,3,0,2.196,-11.265,2.006
2012-05-04-14_23_22.162,1,0,3,0,2.242,-11.205,2.006
2012-05-04-14_23_22.163,1,1,3,0,-6.749,-11.288,1.806
2012-05-04-14_23_22.164,1,1,3,0,-6.825,-11.266,5.006
2012-05-04-14_23_22.165,1,1,3,0,-6.768,-11.208,1.806
2012-05-04-14_23_22.166,1,2,3,0,-15.732,-11.144,1.206
2012-05-04-14_23_22.166,1,2,3,0,-15.793,-11.290,1.206
2012-05-04-14_23_22.167,1,2,3,0,-15.749,-11.199,1.206
2012-05-04-14_23_22.168,1,3,3,0,-24.764,-11.221,1.506
2012-05-04-14_23_22.169,1,3,3,0,-24.837,-11.208,1.506
2012-05-04-14_23_22.170,1,3,3,0,-24.649,-11.189,1.506
2012-05-04-14_23_22.171,1,4,3,0,-33.699,-11.183,0.906
2012-05-04-14_23_22.172,1,4,3,0,-33.760,-11.329,0.906
2012-05-04-14_23_22.172,1,4,3,0,-33.772,-11.169,0.806
2012-05-04-14_23_22.173,1,5,3,0,-42.785,-11.265,1.106
2012-05-04-14_23_22.174,1,5,3,0,-42.858,-11.251,1.306
2012-05-04-14_23_22.175,1,5,3,0,-42.670,-11.233,1.106
2012-05-04-14_23_22.176,1,6,3,0,-51.749,-11.231,1.106
2012-05-04-14_23_22.177,1,6,3,0,-51.822,-11.218,1.106
2012-05-04-14_23_22.177,1,6,3,0,-51.776,-11.158,1.106
2012-05-04-14_23_22.178,1,7,3,0,-60.723,-11.284,1.806
2012-05-04-14_23_22.179,1,7,3,0,-60.801,-11.260,1.806
2012-05-04-14_23_22.180,1,7,3,0,-60.679,-11.192,1.806
2012-05-04-14_23_22.181,1,0,3,1,-2.198,-11.291,1.918
2012-05-04-14_23_22.182,1,0,3,1,-2.269,-11.264,1.918
2012-05-04-14_23_22.183,1,0,3,1,-2.218,-11.205,1.918
2012-05-04-14_23_22.184,1,1,3,1,-11.213,-11.288,1.618
2012-05-04-14_23_22.184,1,1,3,1,-11.294,-11.266,1.618
2012-05-04-14_23_22.185,1,1,3,1,-11.235,-11.208,1.818
2012-05-04-14_23_22.186,1,2,3,1,-20.199,-11.156,1.218
2012-05-04-14_23_22.187,1,2,3,1,-20.255,-11.291,1.218
2012-05-04-14_23_22.187,1,2,3,1,-20.338,-11.268,1.118
2012-05-04-14_23_22.188,1,3,3,1,-29.231,-11.233,1.318
2012-05-04-14_23_22.189,1,3,3,1,-29.302,-11.206,1.318
2012-05-04-14_23_22.190,1,3,3,1,-29.251,-11.148,1.318
2012-05-04-14_23_22.191,1,4,3,1,-38.166,-11.195,0.918
2012-05-04-14_23_22.191,1,4,3,1,-38.222,-11.330,0.918
2012-05-04-14_23_22.192,1,4,3,1,-38.237,-11.168,0.918
2012-05-04-14_23_22.193,1,5,3,1,-47.252,-11.277,1.118
2012-05-04-14_23_22.194,1,5,3,1,-47.323,-11.250,1.118
2012-05-04-14_23_22.195,1,5,3,1,-47.140,-11.232,1.118
2012-05-04-14_23_22.195,1,6,3,1,-56.216,-11.243,1.318
2012-05-04-14_23_22.197,1,6,3,1,-56.286,-11.216,1.318
2012-05-04-14_23_22.198,1,6,3,1,-56.235,-11.158,1.318
2012-05-04-14_23_22.199,1,7,3,1,-65.185,-11.284,1.918
2012-05-04-14_23_22.200,1,7,3,1,-65.268,-11.261,1.818
2012-05-04-14_23_22.201,1,7,3,1,-65.207,-11.198,1.918
2012-05-04-14_23_22.202,1,0,4,0,2.271,-15.783,2.125
2012-05-04-14_23_22.203,1,0,4,0,2.196,-15.770,2.125
2012-05-04-14_23_22.203,1,0,4,0,2.259,-15.710,2.125
2012-05-04-14_23_22.204,1,1,4,0,-6.746,-15.795,1.925
2012-05-04-14_23_22.205,1,1,4,0,-6.768,-15.713,3.025
2012-05-04-14_23_22.206,1,2,4,0,-15.730,-15.648,1.125
2012-05-04-14_23_22.207,1,2,4,0,-15.793,-15.788,1.225
2012-05-04-14_23_22.208,1,3,4,0,-24.762,-15.726,1.525
2012-05-04-14_23_22.209,1,3,4,0,-24.837,-15.713,1.525
2012-05-04-14_23_22.209,1,3,4,0,-24.649,-15.692,1.625
2012-05-04-14_23_22.210,1,4,4,0,-33.696,-15.688,0.925
2012-05-04-14_23_22.211,1,4,4,0,-33.760,-15.827,0.925
2012-05-04-14_23_22.212,1,4,4,0,-33.772,-15.674,0.825
2012-05-04-14_23_22.213,1,5,4,0,-42.782,-15.770,1.125
2012-05-04-14_23_22.213,1,5,4,0,-42.858,-15.756,1.325
2012-05-04-14_23_22.214,1,5,4,0,-42.670,-15.735,1.125
2012-05-04-14_23_22.215,1,6,4,0,-51.746,-15.736,1.225
2012-05-04-14_23_22.216,1,6,4,0,-51.822,-15.723,1.125
2012-05-04-14_23_22.217,1,6,4,0,-51.758,-15.662,1.125
2012-05-04-14_23_22.217,1,7,4,0,-60.723,-15.781,1.825
2012-05-04-14_23_22.218,1,0,4,1,-2.198,-15.793,2.034
2012-05-04-14_23_22.221,1,0,4,1,-2.269,-15.770,2.034
2012-05-04-14_23_22.221,1,0,4,1,-2.218,-15.706,2.034
2012-05-04-14_23_22.222,1,1,4,1,-11.216,-15.796,1.834
2012-05-04-14_23_22.223,1,1,4,1,-11.296,-15.769,1.834
2012-05-04-14_23_22.224,1,1,4,1,-11.235,-15.713,1.834
2012-05-04-14_23_22.225,1,2,4,1,-20.199,-15.658,1.234
2012-05-04-14_23_22.226,1,2,4,1,-20.258,-15.788,1.334
2012-05-04-14_23_22.226,1,2,4,1,-20.270,-15.635,1.334
2012-05-04-14_23_22.227,1,3,4,1,-29.231,-15.735,1.434
2012-05-04-14_23_22.228,1,3,4,1,-29.302,-15.713,1.534
2012-05-04-14_23_22.229,1,3,4,1,-29.251,-15.648,1.634
2012-05-04-14_23_22.231,1,4,4,1,-38.166,-15.697,1.034
2012-05-04-14_23_22.232,1,4,4,1,-38.224,-15.827,1.034
2012-05-04-14_23_22.233,1,4,4,1,-38.237,-15.674,0.934
2012-05-04-14_23_22.234,1,5,4,1,-47.252,-15.779,1.234
2012-05-04-14_23_22.235,1,5,4,1,-47.323,-15.756,1.134
2012-05-04-14_23_22.236,1,5,4,1,-47.142,-15.735,1.234
2012-05-04-14_23_22.236,1,6,4,1,-56.216,-15.746,1.434
2012-05-04-14_23_22.237,1,6,4,1,-56.286,-15.723,1.434
2012-05-04-14_23_22.238,1,6,4,1,-56.235,-15.659,1.334
2012-05-04-14_23_22.239,1,7,4,1,-65.187,-15.781,1.934
2012-05-04-14_23_22.240,1,7,4,1,-65.268,-15.761,1.934
2012-05-04-14_23_22.240,1,7,4,1,-65.207,-15.696,1.934
2012-05-04-14_23_22.241,1,0,5,0,2.276,-20.282,2.140
2012-05-04-14_23_22.242,1,0,5,0,2.198,-20.271,2.140
2012-05-04-14_23_22.243,1,0,5,0,2.259,-20.208,2.140
2012-05-04-14_23_22.244,1,1,5,0,-6.746,-20.295,1.840
2012-05-04-14_23_22.245,1,1,5,0,-6.768,-20.211,3.040
2012-05-04-14_23_22.246,1,2,5,0,-15.725,-20.147,1.140
2012-05-04-14_23_22.246,1,2,5,0,-15.791,-20.286,1.140
2012-05-04-14_23_22.247,1,3,5,0,-24.757,-20.224,1.640
2012-05-04-14_23_22.248,1,3,5,0,-24.835,-20.213,1.540
2012-05-04-14_23_22.249,1,3,5,0,-24.649,-20.195,1.640
2012-05-04-14_23_22.250,1,4,5,0,-33.692,-20.186,1.040
2012-05-04-14_23_22.251,1,4,5,0,-33.758,-20.325,0.940
2012-05-04-14_23_22.251,1,4,5,0,-33.770,-20.175,0.940
2012-05-04-14_23_22.252,1,5,5,0,-42.778,-20.268,1.440
2012-05-04-14_23_22.254,1,5,5,0,-42.856,-20.257,1.340
2012-05-04-14_23_22.255,1,5,5,0,-42.670,-20.239,1.140
2012-05-04-14_23_22.256,1,6,5,0,-51.741,-20.234,1.240
2012-05-04-14_23_22.257,1,6,5,0,-51.820,-20.223,1.140
2012-05-04-14_23_22.258,1,6,5,0,-51.758,-20.160,1.140
2012-05-04-14_23_22.258,1,7,5,0,-60.720,-20.280,1.940
2012-05-04-14_23_22.259,1,0,5,1,-2.198,-20.290,2.047
2012-05-04-14_23_22.260,1,0,5,1,-2.269,-20.270,2.047
2012-05-04-14_23_22.261,1,0,5,1,-2.218,-20.205,2.047
2012-05-04-14_23_22.262,1,1,5,1,-11.213,-20.296,1.847
2012-05-04-14_23_22.263,1,1,5,1,-11.296,-20.273,1.847
2012-05-04-14_23_22.264,1,1,5,1,-11.235,-20.211,1.847
2012-05-04-14_23_22.265,1,2,5,1,-20.199,-20.155,1.247
2012-05-04-14_23_22.266,1,2,5,1,-20.255,-20.287,1.247
2012-05-04-14_23_22.266,1,2,5,1,-20.270,-20.135,1.247
2012-05-04-14_23_22.267,1,3,5,1,-29.231,-20.232,1.447
2012-05-04-14_23_22.268,1,3,5,1,-29.302,-20.212,1.647
2012-05-04-14_23_22.269,1,3,5,1,-29.251,-20.148,1.647
2012-05-04-14_23_22.270,1,4,5,1,-38.166,-20.194,1.047
2012-05-04-14_23_22.270,1,4,5,1,-38.222,-20.326,1.047
2012-05-04-14_23_22.271,1,4,5,1,-38.237,-20.174,1.047
2012-05-04-14_23_22.272,1,5,5,1,-47.252,-20.276,1.247
2012-05-04-14_23_22.273,1,5,5,1,-47.323,-20.256,1.247
2012-05-04-14_23_22.273,1,5,5,1,-47.142,-20.239,1.247
2012-05-04-14_23_22.274,1,6,5,1,-56.216,-20.242,1.447
2012-05-04-14_23_22.275,1,6,5,1,-56.286,-20.222,1.347
2012-05-04-14_23_22.276,1,6,5,1,-56.235,-20.158,1.447
2012-05-04-14_23_22.277,1,7,5,1,-65.185,-20.280,1.947
2012-05-04-14_23_22.277,1,7,5,1,-65.268,-20.259,1.847
2012-05-04-14_23_22.278,1,7,5,1,-65.207,-20.195,1.847
2012-05-04-14_23_22.279,1,0,6,0,2.279,-24.781,1.953
2012-05-04-14_23_22.280,1,0,6,0,2.198,-24.769,1.953
2012-05-04-14_23_22.281,1,0,6,0,2.244,-24.703,1.953
2012-05-04-14_23_22.282,1,1,6,0,-6.746,-24.793,1.653
2012-05-04-14_23_22.283,1,1,6,0,-6.825,-24.774,1.653
2012-05-04-14_23_22.284,1,1,6,0,-6.768,-24.705,1.653
2012-05-04-14_23_22.284,1,2,6,0,-15.722,-24.646,1.153
2012-05-04-14_23_22.285,1,2,6,0,-15.791,-24.784,1.153
2012-05-04-14_23_22.286,1,2,6,0,-15.747,-24.698,1.153
2012-05-04-14_23_22.287,1,3,6,0,-24.754,-24.723,1.453
2012-05-04-14_23_22.287,1,3,6,0,-24.835,-24.712,1.453
2012-05-04-14_23_22.288,1,3,6,0,-24.649,-24.697,1.553
2012-05-04-14_23_22.289,1,4,6,0,-33.689,-24.685,1.053
2012-05-04-14_23_22.290,1,4,6,0,-33.758,-24.824,1.053
2012-05-04-14_23_22.291,1,4,6,0,-33.770,-24.674,1.053
2012-05-04-14_23_22.292,1,5,6,0,-42.775,-24.767,1.453
2012-05-04-14_23_22.292,1,5,6,0,-42.856,-24.756,1.553
2012-05-04-14_23_22.293,1,5,6,0,-42.670,-24.741,1.353
2012-05-04-14_23_22.294,1,6,6,0,-51.739,-24.733,1.353
2012-05-04-14_23_22.295,1,6,6,0,-51.820,-24.722,1.253
2012-05-04-14_23_22.296,1,6,6,0,-51.773,-24.656,1.353
2012-05-04-14_23_22.297,1,7,6,0,-60.720,-24.778,2.353
2012-05-04-14_23_22.298,1,7,6,0,-60.801,-24.756,2.253
2012-05-04-14_23_22.298,1,7,6,0,-60.676,-24.692,2.253
2012-05-04-14_23_22.299,1,0,6,1,-2.198,-24.787,1.962
2012-05-04-14_23_22.300,1,0,6,1,-2.269,-24.768,1.962
2012-05-04-14_23_22.301,1,0,6,1,-2.218,-24.703,1.962
2012-05-04-14_23_22.302,1,1,6,1,-11.213,-24.792,1.762
2012-05-04-14_23_22.302,1,1,6,1,-11.294,-24.774,1.762
2012-05-04-14_23_22.303,1,1,6,1,-11.235,-24.705,1.762
2012-05-04-14_23_22.304,1,2,6,1,-20.199,-24.652,1.162
2012-05-04-14_23_22.304,1,2,6,1,-20.255,-24.784,1.162
2012-05-04-14_23_22.307,1,2,6,1,-20.270,-24.633,1.162
2012-05-04-14_23_22.307,1,3,6,1,-29.231,-24.730,1.562
2012-05-04-14_23_22.310,1,3,6,1,-29.287,-24.862,1.662
2012-05-04-14_23_22.311,1,3,6,1,-29.302,-24.711,1.662
2012-05-04-14_23_22.311,1,4,6,1,-38.166,-24.691,1.062
2012-05-04-14_23_22.312,1,4,6,1,-38.222,-24.824,1.062
2012-05-04-14_23_22.313,1,4,6,1,-38.237,-24.673,1.062
2012-05-04-14_23_22.313,1,5,6,1,-47.252,-24.773,1.462
2012-05-04-14_23_22.315,1,5,6,1,-47.323,-24.755,1.462
2012-05-04-14_23_22.315,1,5,6,1,-47.140,-24.740,1.462
2012-05-04-14_23_22.316,1,6,6,1,-56.216,-24.740,1.462
2012-05-04-14_23_22.317,1,6,6,1,-56.286,-24.721,1.462
2012-05-04-14_23_22.318,1,6,6,1,-56.235,-24.656,1.462
2012-05-04-14_23_22.319,1,7,6,1,-65.185,-24.778,2.262
2012-05-04-14_23_22.320,1,7,6,1,-65.268,-24.755,2.262
2012-05-04-14_23_22.321,1,7,6,1,-65.207,-24.700,2.162
2012-05-04-14_23_22.321,1,0,7,0,2.269,-29.278,1.970
2012-05-04-14_23_22.322,1,0,7,0,2.198,-29.264,1.970
2012-05-04-14_23_22.323,1,0,7,0,2.244,-29.206,1.970
2012-05-04-14_23_22.324,1,1,7,0,-6.746,-29.287,1.670
2012-05-04-14_23_22.324,1,1,7,0,-6.825,-29.269,1.670
2012-05-04-14_23_22.325,1,1,7,0,-6.768,-29.206,1.670
2012-05-04-14_23_22.326,1,2,7,0,-15.732,-29.143,1.170
2012-05-04-14_23_22.327,1,2,7,0,-15.791,-29.287,1.370
2012-05-04-14_23_22.328,1,2,7,0,-15.869,-29.261,1.370
2012-05-04-14_23_22.329,1,3,7,0,-24.764,-29.221,1.470
2012-05-04-14_23_22.329,1,3,7,0,-24.835,-29.207,1.470
2012-05-04-14_23_22.330,1,3,7,0,-24.649,-29.192,1.470
2012-05-04-14_23_22.331,1,4,7,0,-33.699,-29.182,1.070
2012-05-04-14_23_22.332,1,4,7,0,-33.758,-29.327,1.070
2012-05-04-14_23_22.333,1,4,7,0,-33.770,-29.168,1.070
2012-05-04-14_23_22.334,1,5,7,0,-42.785,-29.264,1.470
2012-05-04-14_23_22.334,1,5,7,0,-42.856,-29.250,1.470
2012-05-04-14_23_22.335,1,5,7,0,-42.670,-29.236,1.370
2012-05-04-14_23_22.336,1,6,7,0,-51.749,-29.231,1.270
2012-05-04-14_23_22.337,1,6,7,0,-51.820,-29.217,1.270
2012-05-04-14_23_22.338,1,6,7,0,-51.773,-29.158,1.270
2012-05-04-14_23_22.338,1,7,7,0,-60.720,-29.281,2.370
2012-05-04-14_23_22.339,1,7,7,0,-60.798,-29.255,2.370
2012-05-04-14_23_22.340,1,7,7,0,-60.745,-29.197,2.370
2012-05-04-14_23_22.341,1,0,7,1,-2.198,-29.286,1.981
2012-05-04-14_23_22.343,1,0,7,1,-2.269,-29.264,1.981
2012-05-04-14_23_22.344,1,0,7,1,-2.218,-29.205,1.981
2012-05-04-14_23_22.345,1,1,7,1,-11.213,-29.287,1.681
2012-05-04-14_23_22.345,1,1,7,1,-11.296,-29.269,1.781
2012-05-04-14_23_22.346,1,1,7,1,-11.235,-29.206,1.781
2012-05-04-14_23_22.347,1,2,7,1,-20.199,-29.151,1.181
2012-05-04-14_23_22.348,1,2,7,1,-20.255,-29.288,1.181
2012-05-04-14_23_22.349,1,2,7,1,-20.338,-29.262,1.181
2012-05-04-14_23_22.349,1,3,7,1,-29.231,-29.229,1.581
2012-05-04-14_23_22.350,1,3,7,1,-29.302,-29.207,1.581
2012-05-04-14_23_22.351,1,3,7,1,-29.251,-29.148,1.681
2012-05-04-14_23_22.352,1,4,7,1,-38.166,-29.190,1.181
2012-05-04-14_23_22.353,1,4,7,1,-38.222,-29.327,1.181
2012-05-04-14_23_22.354,1,4,7,1,-38.237,-29.168,1.081
2012-05-04-14_23_22.354,1,5,7,1,-47.252,-29.272,1.481
2012-05-04-14_23_22.355,1,5,7,1,-47.323,-29.250,1.381
2012-05-04-14_23_22.356,1,5,7,1,-47.142,-29.236,1.481
2012-05-04-14_23_22.357,1,6,7,1,-56.216,-29.239,1.481
2012-05-04-14_23_22.358,1,6,7,1,-56.286,-29.217,1.481
2012-05-04-14_23_22.359,1,6,7,1,-56.235,-29.158,1.481
2012-05-04-14_23_22.359,1,7,7,1,-65.185,-29.281,2.281
2012-05-04-14_23_22.360,1,7,7,1,-65.268,-29.256,2.281
2012-05-04-14_23_22.363,1,7,7,1,-65.207,-29.197,2.281
2012-05-04-14_23_22.364,1,0,8,0,2.266,-33.779,1.988
2012-05-04-14_23_22.365,1,0,8,0,2.198,-33.763,1.988
2012-05-04-14_23_22.366,1,0,8,0,2.244,-33.704,1.988
2012-05-04-14_23_22.367,1,1,8,0,-6.746,-33.786,1.688
2012-05-04-14_23_22.367,1,1,8,0,-6.825,-33.765,2.988
2012-05-04-14_23_22.368,1,1,8,0,-6.768,-33.707,1.688
2012-05-04-14_23_22.369,1,2,8,0,-15.734,-33.644,1.388
2012-05-04-14_23_22.370,1,2,8,0,-15.791,-33.790,1.388
2012-05-04-14_23_22.371,1,2,8,0,-15.747,-33.699,1.388
2012-05-04-14_23_22.371,1,3,8,0,-24.767,-33.722,1.488
2012-05-04-14_23_22.372,1,3,8,0,-24.835,-33.706,1.488
2012-05-04-14_23_22.373,1,3,8,0,-24.649,-33.688,1.488
2012-05-04-14_23_22.374,1,4,8,0,-33.701,-33.683,1.088
2012-05-04-14_23_22.375,1,4,8,0,-33.758,-33.829,1.088
2012-05-04-14_23_22.376,1,4,8,0,-33.770,-33.667,1.088
2012-05-04-14_23_22.376,1,5,8,0,-42.787,-33.765,1.588
2012-05-04-14_23_22.377,1,5,8,0,-42.856,-33.749,1.488
2012-05-04-14_23_22.378,1,5,8,0,-42.670,-33.731,1.388
2012-05-04-14_23_22.379,1,6,8,0,-51.751,-33.732,1.288
2012-05-04-14_23_22.380,1,6,8,0,-51.820,-33.716,1.288
2012-05-04-14_23_22.381,1,6,8,0,-51.773,-33.657,1.388
2012-05-04-14_23_22.381,1,7,8,0,-60.720,-33.783,2.288
2012-05-04-14_23_22.382,1,7,8,0,-60.801,-33.760,2.288
2012-05-04-14_23_22.383,1,7,8,0,-60.676,-33.692,2.388
2012-05-04-14_23_22.384,1,0,8,1,-2.198,-33.789,1.997
2012-05-04-14_23_22.385,1,0,8,1,-2.269,-33.763,1.997
2012-05-04-14_23_22.385,1,0,8,1,-2.218,-33.704,1.997
2012-05-04-14_23_22.386,1,1,8,1,-11.213,-33.786,1.797
2012-05-04-14_23_22.387,1,1,8,1,-11.296,-33.764,1.797
2012-05-04-14_23_22.388,1,1,8,1,-11.235,-33.706,1.797
2012-05-04-14_23_22.389,1,2,8,1,-20.199,-33.654,1.197
2012-05-04-14_23_22.390,1,2,8,1,-20.255,-33.790,1.197
2012-05-04-14_23_22.390,1,2,8,1,-20.338,-33.766,1.197
2012-05-04-14_23_22.391,1,3,8,1,-29.231,-33.732,1.497
2012-05-04-14_23_22.392,1,3,8,1,-29.302,-33.705,1.497
2012-05-04-14_23_22.393,1,3,8,1,-29.251,-33.646,1.497
2012-05-04-14_23_22.394,1,4,8,1,-38.166,-33.694,1.097
2012-05-04-14_23_22.395,1,4,8,1,-38.222,-33.829,1.097
2012-05-04-14_23_22.396,1,4,8,1,-38.237,-33.667,1.097
2012-05-04-14_23_22.398,1,5,8,1,-47.252,-33.776,1.497
2012-05-04-14_23_22.399,1,5,8,1,-47.323,-33.749,1.497
2012-05-04-14_23_22.399,1,5,8,1,-47.142,-33.731,1.597
2012-05-04-14_23_22.400,1,6,8,1,-56.216,-33.742,1.497
2012-05-04-14_23_22.401,1,6,8,1,-56.286,-33.715,1.497
2012-05-04-14_23_22.402,1,6,8,1,-56.235,-33.656,1.497
2012-05-04-14_23_22.403,1,7,8,1,-65.185,-33.784,2.197
2012-05-04-14_23_22.403,1,7,8,1,-65.268,-33.760,2.297
2012-05-04-14_23_22.404,1,7,8,1,-65.207,-33.698,2.297
2012-05-04-14_23_22.405,1,0,9,0,2.271,-38.283,2.002
2012-05-04-14_23_22.406,1,0,9,0,2.198,-38.269,2.003
2012-05-04-14_23_22.407,1,0,9,0,2.259,-38.209,2.003
2012-05-04-14_23_22.408,1,1,9,0,-6.744,-38.294,1.802
2012-05-04-14_23_22.409,1,1,9,0,-6.768,-38.213,1.803
2012-05-04-14_23_22.410,1,2,9,0,-15.730,-38.148,1.502
2012-05-04-14_23_22.410,1,2,9,0,-15.791,-38.288,1.503
2012-05-04-14_23_22.411,1,3,9,0,-24.762,-38.226,1.602
2012-05-04-14_23_22.412,1,3,9,0,-24.835,-38.211,1.503
2012-05-04-14_23_22.413,1,3,9,0,-24.647,-38.191,1.603
2012-05-04-14_23_22.413,1,4,9,0,-33.696,-38.188,1.102
2012-05-04-14_23_22.414,1,4,9,0,-33.758,-38.327,1.103
2012-05-04-14_23_22.415,1,4,9,0,-33.770,-38.173,1.103
2012-05-04-14_23_22.416,1,5,9,0,-42.782,-38.270,1.602
2012-05-04-14_23_22.418,1,5,9,0,-42.856,-38.255,1.603
2012-05-04-14_23_22.419,1,5,9,0,-42.668,-38.235,1.603
2012-05-04-14_23_22.420,1,6,9,0,-51.746,-38.236,1.302
2012-05-04-14_23_22.421,1,6,9,0,-51.820,-38.221,1.303
2012-05-04-14_23_22.422,1,6,9,0,-51.758,-38.162,1.303
2012-05-04-14_23_22.422,1,7,9,0,-60.720,-38.282,2.303
2012-05-04-14_23_22.423,1,0,9,1,-2.198,-38.292,2.010
2012-05-04-14_23_22.424,1,0,9,1,-2.269,-38.269,2.010
2012-05-04-14_23_22.425,1,0,9,1,-2.218,-38.205,2.010
2012-05-04-14_23_22.426,1,1,9,1,-11.213,-38.294,1.910
2012-05-04-14_23_22.427,1,1,9,1,-11.296,-38.268,1.910
2012-05-04-14_23_22.428,1,1,9,1,-11.235,-38.212,1.910
2012-05-04-14_23_22.428,1,2,9,1,-20.199,-38.157,1.310
2012-05-04-14_23_22.429,1,2,9,1,-20.255,-38.288,1.310
2012-05-04-14_23_22.430,1,2,9,1,-20.270,-38.134,1.210
2012-05-04-14_23_22.431,1,3,9,1,-29.231,-38.235,1.710
2012-05-04-14_23_22.431,1,3,9,1,-29.302,-38.211,1.710
2012-05-04-14_23_22.432,1,3,9,1,-29.251,-38.148,1.710
2012-05-04-14_23_22.433,1,4,9,1,-38.166,-38.196,1.110
2012-05-04-14_23_22.434,1,4,9,1,-38.222,-38.327,1.110
2012-05-04-14_23_22.435,1,4,9,1,-38.237,-38.173,1.110
2012-05-04-14_23_22.436,1,5,9,1,-47.252,-38.278,1.610
2012-05-04-14_23_22.436,1,5,9,1,-47.323,-38.255,1.610
2012-05-04-14_23_22.437,1,5,9,1,-47.142,-38.234,1.610
2012-05-04-14_23_22.438,1,6,9,1,-56.216,-38.245,1.510
2012-05-04-14_23_22.439,1,6,9,1,-56.286,-38.221,1.510
2012-05-04-14_23_22.440,1,6,9,1,-56.235,-38.158,1.510
2012-05-04-14_23_22.441,1,7,9,1,-65.185,-38.281,2.210
2012-05-04-14_23_22.441,1,7,9,1,-65.268,-38.260,2.210
2012-05-04-14_23_22.442,1,7,9,1,-65.207,-38.196,2.210
2012-05-04-14_23_22.443,1,0,10,0,2.279,-42.782,2.016
2012-05-04-14_23_22.444,1,0,10,0,2.198,-42.770,2.016
2012-05-04-14_23_22.444,1,0,10,0,2.259,-42.707,2.016
2012-05-04-14_23_22.445,1,1,10,0,-6.746,-42.794,1.816
2012-05-04-14_23_22.446,1,1,10,0,-6.768,-42.710,5.416
2012-05-04-14_23_22.447,1,2,10,0,-15.722,-42.647,1.516
2012-05-04-14_23_22.448,1,2,10,0,-15.791,-42.786,1.516
2012-05-04-14_23_22.448,1,3,10,0,-24.754,-42.725,1.516
2012-05-04-14_23_22.449,1,3,10,0,-24.835,-42.712,1.516
2012-05-04-14_23_22.450,1,3,10,0,-24.647,-42.695,1.516
2012-05-04-14_23_22.451,1,4,10,0,-33.689,-42.687,1.116
2012-05-04-14_23_22.453,1,4,10,0,-33.758,-42.826,1.116
2012-05-04-14_23_22.454,1,4,10,0,-33.770,-42.674,1.116
2012-05-04-14_23_22.454,1,5,10,0,-42.775,-42.769,1.516
2012-05-04-14_23_22.455,1,5,10,0,-42.856,-42.756,1.516
2012-05-04-14_23_22.456,1,5,10,0,-42.668,-42.738,1.616
2012-05-04-14_23_22.457,1,6,10,0,-51.739,-42.735,1.316
2012-05-04-14_23_22.458,1,6,10,0,-51.820,-42.722,1.316
2012-05-04-14_23_22.458,1,6,10,0,-51.758,-42.660,1.316
2012-05-04-14_23_22.459,1,7,10,0,-60.720,-42.780,2.416
2012-05-04-14_23_22.460,1,0,10,1,-2.198,-42.790,2.025
2012-05-04-14_23_22.461,1,0,10,1,-2.269,-42.770,2.025
2012-05-04-14_23_22.462,1,0,10,1,-2.218,-42.704,2.025
2012-05-04-14_23_22.463,1,1,10,1,-11.213,-42.794,1.925
2012-05-04-14_23_22.463,1,1,10,1,-11.294,-42.771,1.925
2012-05-04-14_23_22.464,1,1,10,1,-11.235,-42.710,1.925
2012-05-04-14_23_22.465,1,2,10,1,-20.199,-42.655,1.325
2012-05-04-14_23_22.466,1,2,10,1,-20.255,-42.786,1.325
2012-05-04-14_23_22.467,1,2,10,1,-20.270,-42.634,1.225
2012-05-04-14_23_22.467,1,3,10,1,-29.231,-42.732,1.725
2012-05-04-14_23_22.468,1,3,10,1,-29.287,-42.864,1.625
2012-05-04-14_23_22.469,1,3,10,1,-29.302,-42.712,1.725
2012-05-04-14_23_22.470,1,4,10,1,-38.166,-42.694,1.125
2012-05-04-14_23_22.473,1,4,10,1,-38.222,-42.825,1.225
2012-05-04-14_23_22.473,1,4,10,1,-38.237,-42.674,1.125
2012-05-04-14_23_22.474,1,5,10,1,-47.252,-42.776,1.525
2012-05-04-14_23_22.475,1,5,10,1,-47.323,-42.756,1.525
2012-05-04-14_23_22.476,1,5,10,1,-47.140,-42.738,1.625
2012-05-04-14_23_22.476,1,6,10,1,-56.216,-42.742,1.525
2012-05-04-14_23_22.477,1,6,10,1,-56.286,-42.722,1.525
2012-05-04-14_23_22.478,1,6,10,1,-56.235,-42.656,1.525
2012-05-04-14_23_22.479,1,7,10,1,-65.185,-42.780,2.225
2012-05-04-14_23_22.480,1,7,10,1,-65.268,-42.759,2.325
2012-05-04-14_23_22.480,1,7,10,1,-65.207,-42.695,2.325
2012-05-04-14_23_22.481,1,0,11,0,2.279,-47.281,2.033
2012-05-04-14_23_22.482,1,0,11,0,2.198,-47.268,2.033
2012-05-04-14_23_22.483,1,0,11,0,2.259,-47.205,2.033
2012-05-04-14_23_22.485,1,1,11,0,-6.746,-47.292,1.833
2012-05-04-14_23_22.487,1,1,11,0,-6.768,-47.205,6.733
2012-05-04-14_23_22.488,1,2,11,0,-15.722,-47.146,1.433
2012-05-04-14_23_22.489,1,2,11,0,-15.791,-47.284,1.433
2012-05-04-14_23_22.489,1,3,11,0,-24.754,-47.223,1.533
2012-05-04-14_23_22.490,1,3,11,0,-24.835,-47.211,1.533
2012-05-04-14_23_22.491,1,3,11,0,-24.647,-47.197,1.633
2012-05-04-14_23_22.492,1,4,11,0,-33.689,-47.185,1.133
2012-05-04-14_23_22.493,1,4,11,0,-33.758,-47.323,1.133
2012-05-04-14_23_22.494,1,4,11,0,-33.770,-47.173,1.133
2012-05-04-14_23_22.496,1,5,11,0,-42.775,-47.267,1.533
2012-05-04-14_23_22.497,1,5,11,0,-42.856,-47.255,1.533
2012-05-04-14_23_22.498,1,5,11,0,-42.668,-47.240,1.633
2012-05-04-14_23_22.499,1,6,11,0,-51.739,-47.233,1.333
2012-05-04-14_23_22.500,1,6,11,0,-51.820,-47.221,1.333
2012-05-04-14_23_22.501,1,6,11,0,-51.758,-47.158,1.333
2012-05-04-14_23_22.501,1,7,11,0,-60.720,-47.278,2.333
2012-05-04-14_23_22.502,1,0,11,1,-2.198,-47.288,2.045
2012-05-04-14_23_22.503,1,0,11,1,-2.269,-47.268,2.045
2012-05-04-14_23_22.504,1,0,11,1,-2.218,-47.202,2.045
2012-05-04-14_23_22.505,1,1,11,1,-11.213,-47.292,1.945
2012-05-04-14_23_22.506,1,1,11,1,-11.294,-47.274,1.945
2012-05-04-14_23_22.506,1,1,11,1,-11.235,-47.204,1.945
2012-05-04-14_23_22.507,1,2,11,1,-20.199,-47.153,1.345
2012-05-04-14_23_22.508,1,2,11,1,-20.255,-47.284,1.345
2012-05-04-14_23_22.509,1,2,11,1,-20.270,-47.133,1.345
2012-05-04-14_23_22.510,1,3,11,1,-29.231,-47.231,1.645
2012-05-04-14_23_22.511,1,3,11,1,-29.287,-47.362,1.645
2012-05-04-14_23_22.511,1,3,11,1,-29.302,-47.211,1.645
2012-05-04-14_23_22.513,1,4,11,1,-38.166,-47.192,1.145
2012-05-04-14_23_22.513,1,4,11,1,-38.222,-47.323,1.145
2012-05-04-14_23_22.514,1,4,11,1,-38.237,-47.173,1.145
2012-05-04-14_23_22.515,1,5,11,1,-47.252,-47.274,1.545
2012-05-04-14_23_22.516,1,5,11,1,-47.323,-47.255,1.645
2012-05-04-14_23_22.517,1,5,11,1,-47.140,-47.240,1.545
2012-05-04-14_23_22.518,1,6,11,1,-56.216,-47.241,1.545
2012-05-04-14_23_22.518,1,6,11,1,-56.286,-47.221,1.545
2012-05-04-14_23_22.519,1,6,11,1,-56.235,-47.155,1.545
2012-05-04-14_23_22.520,1,7,11,1,-65.185,-47.278,2.245
2012-05-04-14_23_22.521,1,7,11,1,-65.265,-47.256,2.345
2012-05-04-14_23_22.522,1,7,11,1,-65.207,-47.200,2.344
2012-05-04-14_23_22.523,1,0,12,0,2.279,-51.778,2.252
2012-05-04-14_23_22.523,1,0,12,0,2.196,-51.766,2.253
2012-05-04-14_23_22.524,1,0,12,0,2.259,-51.711,2.253
2012-05-04-14_23_22.525,1,2,12,0,-15.722,-51.643,1.552
2012-05-04-14_23_22.526,1,3,12,0,-24.754,-51.720,1.552
2012-05-04-14_23_22.526,1,3,12,0,-24.837,-51.709,1.553
2012-05-04-14_23_22.527,1,3,12,0,-24.647,-51.693,1.553
2012-05-04-14_23_22.528,1,4,12,0,-33.689,-51.682,1.152
2012-05-04-14_23_22.530,1,4,12,0,-33.772,-51.670,1.253
2012-05-04-14_23_22.531,1,5,12,0,-42.775,-51.764,1.552
2012-05-04-14_23_22.532,1,5,12,0,-42.858,-51.752,1.553
2012-05-04-14_23_22.532,1,5,12,0,-42.668,-51.737,1.553
2012-05-04-14_23_22.533,1,6,12,0,-51.739,-51.730,1.352
2012-05-04-14_23_22.534,1,6,12,0,-51.822,-51.719,1.253
2012-05-04-14_23_22.535,1,6,12,0,-51.758,-51.663,1.253
2012-05-04-14_23_22.536,1,0,12,1,-2.198,-51.786,2.261
2012-05-04-14_23_22.537,1,0,12,1,-2.269,-51.765,2.161
2012-05-04-14_23_22.538,1,0,12,1,-2.218,-51.706,2.261
2012-05-04-14_23_22.538,1,1,12,1,-11.213,-51.788,1.961
2012-05-04-14_23_22.539,1,1,12,1,-11.294,-51.770,1.961
2012-05-04-14_23_22.540,1,1,12,1,-11.235,-51.707,1.961
2012-05-04-14_23_22.541,1,2,12,1,-20.199,-51.651,1.361
2012-05-04-14_23_22.542,1,2,12,1,-20.255,-51.787,1.361
2012-05-04-14_23_22.542,1,2,12,1,-20.336,-51.762,1.361
2012-05-04-14_23_22.543,1,3,12,1,-29.231,-51.729,1.661
2012-05-04-14_23_22.544,1,3,12,1,-29.302,-51.707,1.661
2012-05-04-14_23_22.545,1,3,12,1,-29.251,-51.649,1.661
2012-05-04-14_23_22.545,1,4,12,1,-38.166,-51.690,1.261
2012-05-04-14_23_22.546,1,4,12,1,-38.222,-51.827,1.161
2012-05-04-14_23_22.547,1,4,12,1,-38.237,-51.669,1.161
2012-05-04-14_23_22.548,1,5,12,1,-47.252,-51.772,1.661
2012-05-04-14_23_22.549,1,5,12,1,-47.323,-51.751,1.561
2012-05-04-14_23_22.549,1,5,12,1,-47.140,-51.736,1.561
2012-05-04-14_23_22.550,1,6,12,1,-56.216,-51.739,1.561
2012-05-04-14_23_22.551,1,6,12,1,-56.286,-51.717,1.561
2012-05-04-14_23_22.552,1,6,12,1,-56.235,-51.659,1.461
2012-05-04-14_23_22.552,1,7,12,1,-65.185,-51.781,2.161
2012-05-04-14_23_22.553,1,7,12,1,-65.265,-51.755,2.161
2012-05-04-14_23_22.554,1,7,12,1,-65.204,-51.697,2.161
2012-05-04-14_23_22.555,1,0,13,0,2.279,-56.279,2.167
2012-05-04-14_23_22.556,1,0,13,0,2.196,-56.266,2.267
2012-05-04-14_23_22.556,1,0,13,0,2.259,-56.210,2.167
2012-05-04-14_23_22.557,1,2,13,0,-15.722,-56.144,1.567
2012-05-04-14_23_22.558,1,3,13,0,-24.754,-56.222,1.567
2012-05-04-14_23_22.559,1,3,13,0,-24.837,-56.209,1.567
2012-05-04-14_23_22.560,1,3,13,0,-24.647,-56.189,1.567
2012-05-04-14_23_22.561,1,4,13,0,-33.689,-56.183,1.267
2012-05-04-14_23_22.562,1,4,13,0,-33.772,-56.170,1.167
2012-05-04-14_23_22.562,1,5,13,0,-42.775,-56.265,1.567
2012-05-04-14_23_22.563,1,5,13,0,-42.858,-56.252,1.467
2012-05-04-14_23_22.564,1,5,13,0,-42.668,-56.233,1.567
2012-05-04-14_23_22.565,1,6,13,0,-51.739,-56.232,1.267
2012-05-04-14_23_22.566,1,6,13,0,-51.822,-56.219,1.367
2012-05-04-14_23_22.567,1,6,13,0,-51.758,-56.163,1.267
2012-05-04-14_23_22.567,1,0,13,1,-2.198,-56.291,2.175
2012-05-04-14_23_22.568,1,0,13,1,-2.269,-56.264,2.175
2012-05-04-14_23_22.569,1,0,13,1,-2.218,-56.205,2.175
2012-05-04-14_23_22.570,1,1,13,1,-11.213,-56.288,1.975
2012-05-04-14_23_22.570,1,1,13,1,-11.294,-56.266,2.075
2012-05-04-14_23_22.571,1,1,13,1,-11.235,-56.208,1.975
2012-05-04-14_23_22.572,1,2,13,1,-20.199,-56.156,1.375
2012-05-04-14_23_22.574,1,2,13,1,-20.255,-56.290,1.375
2012-05-04-14_23_22.575,1,2,13,1,-20.338,-56.266,1.375
2012-05-04-14_23_22.576,1,3,13,1,-29.231,-56.233,1.675
2012-05-04-14_23_22.577,1,3,13,1,-29.302,-56.207,1.675
2012-05-04-14_23_22.578,1,3,13,1,-29.251,-56.147,1.675
2012-05-04-14_23_22.579,1,4,13,1,-38.166,-56.195,1.275
2012-05-04-14_23_22.579,1,4,13,1,-38.222,-56.329,1.175
2012-05-04-14_23_22.580,1,4,13,1,-38.237,-56.168,1.275
2012-05-04-14_23_22.581,1,5,13,1,-47.252,-56.277,1.575
2012-05-04-14_23_22.582,1,5,13,1,-47.323,-56.250,1.575
2012-05-04-14_23_22.584,1,5,13,1,-47.140,-56.232,1.675
2012-05-04-14_23_22.584,1,6,13,1,-56.216,-56.243,1.575
2012-05-04-14_23_22.585,1,6,13,1,-56.286,-56.217,1.575
2012-05-04-14_23_22.586,1,6,13,1,-56.235,-56.157,1.475
2012-05-04-14_23_22.587,1,7,13,1,-65.185,-56.283,2.075
2012-05-04-14_23_22.588,1,7,13,1,-65.268,-56.260,11.675
2012-05-04-14_23_22.589,1,7,13,1,-65.207,-56.198,3.375
2012-05-04-14_23_22.589,1,0,14,0,2.279,-60.783,2.181
2012-05-04-14_23_22.590,1,0,14,0,2.198,-60.770,2.181
2012-05-04-14_23_22.591,1,0,14,0,2.259,-60.710,2.181
2012-05-04-14_23_22.592,1,2,14,0,-15.722,-60.648,1.481
2012-05-04-14_23_22.592,1,3,14,0,-24.754,-60.726,1.581
2012-05-04-14_23_22.593,1,3,14,0,-24.835,-60.713,1.481
2012-05-04-14_23_22.594,1,3,14,0,-24.774,-60.652,1.581
2012-05-04-14_23_22.595,1,4,14,0,-33.689,-60.688,1.081
2012-05-04-14_23_22.596,1,4,14,0,-33.770,-60.674,1.081
2012-05-04-14_23_22.597,1,5,14,0,-42.775,-60.770,1.481
2012-05-04-14_23_22.597,1,5,14,0,-42.856,-60.757,1.381
2012-05-04-14_23_22.598,1,5,14,0,-42.665,-60.735,1.581
2012-05-04-14_23_22.599,1,6,14,0,-51.739,-60.736,1.381
2012-05-04-14_23_22.600,1,6,14,0,-51.820,-60.723,1.581
2012-05-04-14_23_22.601,1,6,14,0,-51.758,-60.662,1.381
2012-05-04-14_23_22.601,1,0,14,1,-2.198,-60.793,2.191
2012-05-04-14_23_22.602,1,0,14,1,-2.269,-60.770,2.191
2012-05-04-14_23_22.603,1,0,14,1,-2.218,-60.706,2.191
2012-05-04-14_23_22.604,1,1,14,1,-11.213,-60.795,2.091
2012-05-04-14_23_22.605,1,1,14,1,-11.296,-60.768,1.991
2012-05-04-14_23_22.606,1,1,14,1,-11.235,-60.713,2.091
2012-05-04-14_23_22.606,1,2,14,1,-20.199,-60.658,1.391
2012-05-04-14_23_22.607,1,2,14,1,-20.255,-60.788,1.391
2012-05-04-14_23_22.608,1,2,14,1,-20.270,-60.635,1.291
2012-05-04-14_23_22.609,1,3,14,1,-29.231,-60.736,1.591
2012-05-04-14_23_22.609,1,3,14,1,-29.302,-60.712,1.591
2012-05-04-14_23_22.610,1,3,14,1,-29.251,-60.649,1.591
2012-05-04-14_23_22.611,1,4,14,1,-38.166,-60.697,1.291
2012-05-04-14_23_22.612,1,4,14,1,-38.222,-60.827,1.191
2012-05-04-14_23_22.613,1,4,14,1,-38.237,-60.674,1.291
2012-05-04-14_23_22.614,1,5,14,1,-47.252,-60.779,1.591
2012-05-04-14_23_22.614,1,5,14,1,-47.323,-60.756,1.591
2012-05-04-14_23_22.615,1,5,14,1,-47.142,-60.735,1.691
2012-05-04-14_23_22.616,1,6,14,1,-56.216,-60.746,1.591
2012-05-04-14_23_22.617,1,6,14,1,-56.286,-60.722,1.591
2012-05-04-14_23_22.618,1,6,14,1,-56.235,-60.659,1.591
2012-05-04-14_23_22.619,1,7,14,1,-65.185,-60.781,2.191
2012-05-04-14_23_22.619,1,7,14,1,-65.268,-60.760,2.191
2012-05-04-14_23_22.620,1,7,14,1,-65.209,-60.696,2.191
2012-05-04-14_23_22.621,1,0,15,0,2.279,-65.282,2.399
2012-05-04-14_23_22.622,1,0,15,0,2.200,-65.271,2.299
2012-05-04-14_23_22.623,1,0,15,0,2.259,-65.208,2.299
2012-05-04-14_23_22.624,1,2,15,0,-15.722,-65.147,1.499
2012-05-04-14_23_22.624,1,3,15,0,-24.754,-65.225,1.599
2012-05-04-14_23_22.625,1,3,15,0,-24.833,-65.213,1.499
2012-05-04-14_23_22.626,1,3,15,0,-24.645,-65.195,1.599
2012-05-04-14_23_22.627,1,4,15,0,-33.689,-65.187,1.099
2012-05-04-14_23_22.628,1,4,15,0,-33.767,-65.175,0.999
2012-05-04-14_23_22.629,1,5,15,0,-42.775,-65.269,1.499
2012-05-04-14_23_22.629,1,5,15,0,-42.853,-65.257,1.399
2012-05-04-14_23_22.630,1,5,15,0,-42.665,-65.239,1.599
2012-05-04-14_23_22.631,1,6,15,0,-51.739,-65.235,1.599
2012-05-04-14_23_22.632,1,6,15,0,-51.817,-65.223,1.499
2012-05-04-14_23_22.632,1,6,15,0,-51.758,-65.160,1.599
2012-05-04-14_23_22.633,1,0,15,1,-2.198,-65.289,2.411
2012-05-04-14_23_22.634,1,0,15,1,-2.269,-65.270,2.510
2012-05-04-14_23_22.636,1,0,15,1,-2.218,-65.205,2.410
2012-05-04-14_23_22.637,1,1,15,1,-11.213,-65.295,2.110
2012-05-04-14_23_22.639,1,1,15,1,-11.294,-65.271,2.010
2012-05-04-14_23_22.639,1,1,15,1,-11.235,-65.211,2.110
2012-05-04-14_23_22.640,1,2,15,1,-20.199,-65.154,1.411
2012-05-04-14_23_22.641,1,2,15,1,-20.255,-65.286,1.410
2012-05-04-14_23_22.642,1,2,15,1,-20.270,-65.135,1.610
2012-05-04-14_23_22.643,1,3,15,1,-29.231,-65.232,1.711
2012-05-04-14_23_22.644,1,3,15,1,-29.287,-65.364,1.610
2012-05-04-14_23_22.644,1,3,15,1,-29.302,-65.212,1.710
2012-05-04-14_23_22.645,1,4,15,1,-38.166,-65.194,1.311
2012-05-04-14_23_22.646,1,4,15,1,-38.222,-65.326,1.310
2012-05-04-14_23_22.647,1,4,15,1,-38.237,-65.174,1.210
2012-05-04-14_23_22.648,1,5,15,1,-47.252,-65.276,1.711
2012-05-04-14_23_22.648,1,5,15,1,-47.323,-65.256,1.610
2012-05-04-14_23_22.649,1,5,15,1,-47.140,-65.238,1.710
2012-05-04-14_23_22.650,1,6,15,1,-56.216,-65.242,1.511
2012-05-04-14_23_22.651,1,6,15,1,-56.286,-65.222,1.410
2012-05-04-14_23_22.652,1,6,15,1,-56.235,-65.157,1.410
2012-05-04-14_23_22.653,1,7,15,1,-65.185,-65.280,4.410
2012-05-04-14_23_22.654,1,7,15,1,-65.268,-65.259,9.510
2012-05-04-14_23_22.654,1,7,15,1,-65.207,-65.195,10.610
2012-05-04-14_23_22.655,1,0,16,0,2.281,-69.781,2.417
2012-05-04-14_23_22.656,1,0,16,0,2.198,-69.770,2.417
2012-05-04-14_23_22.657,1,0,16,0,2.259,-69.705,2.417
2012-05-04-14_23_22.657,1,2,16,0,-15.720,-69.646,1.517
2012-05-04-14_23_22.659,1,3,16,0,-24.752,-69.724,1.617
2012-05-04-14_23_22.660,1,3,16,0,-24.835,-69.712,1.517
2012-05-04-14_23_22.663,1,3,16,0,-24.645,-69.696,1.617
2012-05-04-14_23_22.663,1,4,16,0,-33.687,-69.685,1.117
2012-05-04-14_23_22.664,1,4,16,0,-33.770,-69.674,1.117
2012-05-04-14_23_22.665,1,5,16,0,-42.773,-69.767,1.517
2012-05-04-14_23_22.665,1,5,16,0,-42.856,-69.756,1.317
2012-05-04-14_23_22.666,1,5,16,0,-42.665,-69.739,1.617
2012-05-04-14_23_22.667,1,6,16,0,-51.737,-69.734,1.517
2012-05-04-14_23_22.668,1,6,16,0,-51.820,-69.722,1.517
2012-05-04-14_23_22.669,1,6,16,0,-51.758,-69.657,1.517
2012-05-04-14_23_22.671,1,0,16,1,-2.198,-69.787,2.425
2012-05-04-14_23_22.672,1,0,16,1,-2.269,-69.768,2.425
2012-05-04-14_23_22.673,1,0,16,1,-2.218,-69.701,2.425
2012-05-04-14_23_22.674,1,1,16,1,-11.213,-69.791,2.125
2012-05-04-14_23_22.674,1,1,16,1,-11.294,-69.773,2.025
2012-05-04-14_23_22.675,1,1,16,1,-11.238,-69.704,2.025
2012-05-04-14_23_22.676,1,2,16,1,-20.199,-69.652,1.425
2012-05-04-14_23_22.677,1,2,16,1,-20.255,-69.785,1.425
2012-05-04-14_23_22.677,1,2,16,1,-20.270,-69.632,1.625
2012-05-04-14_23_22.678,1,3,16,1,-29.231,-69.729,1.825
2012-05-04-14_23_22.679,1,3,16,1,-29.287,-69.862,1.725
2012-05-04-14_23_22.680,1,3,16,1,-29.302,-69.710,1.725
2012-05-04-14_23_22.681,1,4,16,1,-38.166,-69.691,1.225
2012-05-04-14_23_22.682,1,4,16,1,-38.222,-69.824,1.225
2012-05-04-14_23_22.682,1,4,16,1,-38.237,-69.672,1.225
2012-05-04-14_23_22.683,1,5,16,1,-47.252,-69.773,1.725
2012-05-04-14_23_22.684,1,5,16,1,-47.323,-69.754,1.625
2012-05-04-14_23_22.685,1,5,16,1,-47.140,-69.739,1.625
2012-05-04-14_23_22.686,1,6,16,1,-56.216,-69.739,1.525
2012-05-04-14_23_22.686,1,6,16,1,-56.286,-69.720,1.425
2012-05-04-14_23_22.687,1,6,16,1,-56.235,-69.654,1.525
2012-05-04-14_23_22.688,1,7,16,1,-65.185,-69.778,3.425
2012-05-04-14_23_22.689,1,7,16,1,-65.268,-69.756,3.425
2012-05-04-14_23_22.690,1,7,16,1,-65.207,-69.700,5.725
2012-05-04-14_23_22.691,1,0,17,0,2.281,-74.279,2.330
2012-05-04-14_23_22.693,1,0,17,0,2.198,-74.265,2.230
2012-05-04-14_23_22.694,1,0,17,0,2.259,-74.211,2.330
2012-05-04-14_23_22.694,1,2,17,0,-15.661,-74.213,1.530
2012-05-04-14_23_22.695,1,3,17,0,-24.752,-74.221,1.630
2012-05-04-14_23_22.696,1,3,17,0,-24.835,-74.207,1.530
2012-05-04-14_23_22.696,1,3,17,0,-24.645,-74.193,1.630
2012-05-04-14_23_22.697,1,4,17,0,-33.687,-74.183,1.230
2012-05-04-14_23_22.698,1,4,17,0,-33.770,-74.169,1.230
2012-05-04-14_23_22.699,1,5,17,0,-42.773,-74.265,1.430
2012-05-04-14_23_22.700,1,5,17,0,-42.856,-74.251,1.230
2012-05-04-14_23_22.701,1,5,17,0,-42.665,-74.236,1.630
2012-05-04-14_23_22.702,1,6,17,0,-51.737,-74.231,1.530
2012-05-04-14_23_22.702,1,6,17,0,-51.820,-74.217,1.430
2012-05-04-14_23_22.704,1,6,17,0,-51.758,-74.164,1.430
2012-05-04-14_23_22.704,1,0,17,1,-2.188,-74.286,2.438
2012-05-04-14_23_22.705,1,0,17,1,-2.266,-74.264,2.438
2012-05-04-14_23_22.706,1,0,17,1,-2.218,-74.205,2.438
2012-05-04-14_23_22.707,1,1,17,1,-11.213,-74.287,2.038
2012-05-04-14_23_22.707,1,1,17,1,-11.294,-74.270,2.138
2012-05-04-14_23_22.708,1,1,17,1,-11.235,-74.206,2.138
2012-05-04-14_23_22.709,1,2,17,1,-20.189,-74.151,1.638
2012-05-04-14_23_22.710,1,2,17,1,-20.253,-74.287,1.638
2012-05-04-14_23_22.711,1,2,17,1,-20.336,-74.261,1.638
2012-05-04-14_23_22.712,1,3,17,1,-29.221,-74.229,1.838
2012-05-04-14_23_22.712,1,3,17,1,-29.299,-74.207,1.738
2012-05-04-14_23_22.713,1,3,17,1,-29.251,-74.148,1.738
2012-05-04-14_23_22.714,1,4,17,1,-38.156,-74.190,1.238
2012-05-04-14_23_22.715,1,4,17,1,-38.220,-74.327,1.238
2012-05-04-14_23_22.716,1,4,17,1,-38.234,-74.168,1.238
2012-05-04-14_23_22.717,1,5,17,1,-47.242,-74.272,1.738
2012-05-04-14_23_22.717,1,5,17,1,-47.320,-74.250,1.738
2012-05-04-14_23_22.718,1,5,17,1,-47.140,-74.236,1.738
2012-05-04-14_23_22.719,1,6,17,1,-56.206,-74.239,1.538
2012-05-04-14_23_22.720,1,6,17,1,-56.284,-74.217,1.538
2012-05-04-14_23_22.721,1,6,17,1,-56.235,-74.158,1.438
2012-05-04-14_23_22.721,1,7,17,1,-65.182,-74.281,3.438
2012-05-04-14_23_22.722,1,7,17,1,-65.265,-74.255,8.338
2012-05-04-14_23_22.723,1,0,18,0,2.281,-78.779,2.143
2012-05-04-14_23_22.725,1,0,18,0,2.200,-78.763,2.044
2012-05-04-14_23_22.726,1,0,18,0,2.230,-78.817,2.144
2012-05-04-14_23_22.726,1,1,18,0,-6.742,-78.787,12.643
2012-05-04-14_23_22.727,1,1,18,0,-6.817,-78.766,12.644
2012-05-04-14_23_22.728,1,1,18,0,-6.768,-78.708,12.644
2012-05-04-14_23_22.729,1,2,18,0,-15.720,-78.644,11.843
2012-05-04-14_23_22.730,1,2,18,0,-15.788,-78.789,12.143
2012-05-04-14_23_22.731,1,2,18,0,-15.771,-78.682,12.044
2012-05-04-14_23_22.731,1,3,18,0,-24.752,-78.722,1.643
2012-05-04-14_23_22.732,1,3,18,0,-24.803,-78.760,3.044
2012-05-04-14_23_22.733,1,3,18,0,-24.786,-78.647,4.144
2012-05-04-14_23_22.734,1,4,18,0,-33.687,-78.683,1.243
2012-05-04-14_23_22.735,1,4,18,0,-33.755,-78.828,1.243
2012-05-04-14_23_22.736,1,4,18,0,-33.767,-78.667,1.144
2012-05-04-14_23_22.737,1,5,18,0,-42.773,-78.765,1.643
2012-05-04-14_23_22.738,1,5,18,0,-42.853,-78.749,1.444
2012-05-04-14_23_22.738,1,5,18,0,-42.663,-78.732,1.644
2012-05-04-14_23_22.739,1,6,18,0,-51.737,-78.732,1.743
2012-05-04-14_23_22.740,1,6,18,0,-51.817,-78.715,1.644
2012-05-04-14_23_22.741,1,6,18,0,-51.788,-78.770,1.644
2012-05-04-14_23_22.741,1,0,18,1,-2.186,-78.791,2.253
2012-05-04-14_23_22.742,1,0,18,1,-2.269,-78.763,2.153
2012-05-04-14_23_22.743,1,0,18,1,-2.208,-78.709,2.153
2012-05-04-14_23_22.744,1,1,18,1,-11.213,-78.788,1.953
2012-05-04-14_23_22.745,1,1,18,1,-11.235,-78.708,6.953
2012-05-04-14_23_22.747,1,2,18,1,-20.187,-78.656,1.753
2012-05-04-14_23_22.748,1,2,18,1,-20.253,-78.790,1.653
2012-05-04-14_23_22.749,1,3,18,1,-29.219,-78.733,1.853
2012-05-04-14_23_22.750,1,3,18,1,-29.302,-78.706,1.753
2012-05-04-14_23_22.753,1,3,18,1,-29.241,-78.652,1.853
2012-05-04-14_23_22.754,1,4,18,1,-38.154,-78.695,1.353
2012-05-04-14_23_22.754,1,4,18,1,-38.220,-78.829,1.353
2012-05-04-14_23_22.755,1,4,18,1,-38.237,-78.668,1.353
2012-05-04-14_23_22.756,1,5,18,1,-47.240,-78.777,1.853
2012-05-04-14_23_22.757,1,5,18,1,-47.323,-78.750,1.753
2012-05-04-14_23_22.757,1,5,18,1,-47.140,-78.731,1.853
2012-05-04-14_23_22.758,1,6,18,1,-56.203,-78.743,1.653
2012-05-04-14_23_22.759,1,6,18,1,-56.286,-78.716,1.653
2012-05-04-14_23_22.760,1,6,18,1,-56.225,-78.662,1.653
2012-05-04-14_23_22.760,1,7,18,1,-65.182,-78.783,5.853
2012-05-04-14_23_22.761,1,0,19,0,2.269,-83.283,2.061
2012-05-04-14_23_22.762,1,0,19,0,2.198,-83.266,2.061
2012-05-04-14_23_22.763,1,0,19,0,2.247,-83.205,2.061
2012-05-04-14_23_22.764,1,1,19,0,-6.744,-83.294,12.661
2012-05-04-14_23_22.765,1,1,19,0,-6.822,-83.268,12.661
2012-05-04-14_23_22.767,1,1,19,0,-6.768,-83.212,12.661
2012-05-04-14_23_22.768,1,2,19,0,-15.732,-83.148,12.061
2012-05-04-14_23_22.768,1,2,19,0,-15.791,-83.287,12.161
2012-05-04-14_23_22.769,1,2,19,0,-15.869,-83.267,12.261
2012-05-04-14_23_22.770,1,3,19,0,-24.698,-83.289,2.961
2012-05-04-14_23_22.771,1,3,19,0,-24.835,-83.209,12.661
2012-05-04-14_23_22.771,1,3,19,0,-24.647,-83.191,3.061
2012-05-04-14_23_22.772,1,4,19,0,-33.699,-83.187,1.261
2012-05-04-14_23_22.773,1,4,19,0,-33.758,-83.326,1.261
2012-05-04-14_23_22.774,1,4,19,0,-33.770,-83.171,1.261
2012-05-04-14_23_22.775,1,5,19,0,-42.785,-83.269,1.461
2012-05-04-14_23_22.776,1,5,19,0,-42.856,-83.253,1.361
2012-05-04-14_23_22.776,1,5,19,0,-42.668,-83.235,1.561
2012-05-04-14_23_22.777,1,6,19,0,-51.749,-83.236,1.661
2012-05-04-14_23_22.778,1,6,19,0,-51.820,-83.219,1.661
2012-05-04-14_23_22.779,1,6,19,0,-51.771,-83.158,1.661
2012-05-04-14_23_22.780,1,0,19,1,-2.186,-83.293,2.172
2012-05-04-14_23_22.781,1,0,19,1,-2.266,-83.268,2.172
2012-05-04-14_23_22.782,1,0,19,1,-2.208,-83.209,2.172
2012-05-04-14_23_22.782,1,1,19,1,-11.213,-83.295,1.872
2012-05-04-14_23_22.783,1,2,19,1,-20.187,-83.158,1.672
2012-05-04-14_23_22.784,1,2,19,1,-20.253,-83.287,1.672
2012-05-04-14_23_22.785,1,2,19,1,-20.267,-83.133,1.672
2012-05-04-14_23_22.786,1,3,19,1,-29.219,-83.235,1.872
2012-05-04-14_23_22.786,1,3,19,1,-29.285,-83.365,1.872
2012-05-04-14_23_22.787,1,3,19,1,-29.299,-83.211,1.772
2012-05-04-14_23_22.788,1,4,19,1,-38.154,-83.197,1.372
2012-05-04-14_23_22.789,1,4,19,1,-38.220,-83.326,1.372
2012-05-04-14_23_22.790,1,4,19,1,-38.234,-83.173,1.372
2012-05-04-14_23_22.791,1,5,19,1,-47.240,-83.279,1.772
2012-05-04-14_23_22.792,1,5,19,1,-47.320,-83.255,1.672
2012-05-04-14_23_22.792,1,5,19,1,-47.140,-83.234,1.772
2012-05-04-14_23_22.793,1,6,19,1,-56.203,-83.246,1.572
2012-05-04-14_23_22.794,1,6,19,1,-56.284,-83.221,1.572
2012-05-04-14_23_22.795,1,6,19,1,-56.225,-83.161,1.572
2012-05-04-14_23_22.796,1,7,19,1,-65.182,-83.280,9.672
2012-05-04-14_23_22.797,1,0,20,0,2.269,-87.783,2.079
2012-05-04-14_23_22.797,1,0,20,0,2.198,-87.767,2.179
2012-05-04-14_23_22.798,1,0,20,0,2.213,-87.802,2.079
2012-05-04-14_23_22.799,1,1,20,0,-6.744,-87.794,12.779
2012-05-04-14_23_22.800,1,1,20,0,-6.820,-87.772,12.679
2012-05-04-14_23_22.801,1,1,20,0,-6.768,-87.699,12.679
2012-05-04-14_23_22.802,1,2,20,0,-15.732,-87.648,12.179
2012-05-04-14_23_22.802,1,2,20,0,-15.791,-87.786,12.179
2012-05-04-14_23_22.805,1,2,20,0,-15.788,-87.667,12.179
2012-05-04-14_23_22.806,1,3,20,0,-24.701,-87.790,1.579
2012-05-04-14_23_22.806,1,3,20,0,-24.835,-87.710,12.579
2012-05-04-14_23_22.807,1,3,20,0,-24.645,-87.695,1.679
2012-05-04-14_23_22.808,1,4,20,0,-33.699,-87.687,1.279
2012-05-04-14_23_22.808,1,4,20,0,-33.758,-87.825,1.179
2012-05-04-14_23_22.809,1,4,20,0,-33.770,-87.672,1.279
2012-05-04-14_23_22.809,1,5,20,0,-42.785,-87.769,1.379
2012-05-04-14_23_22.809,1,5,20,0,-42.665,-87.738,1.479
2012-05-04-14_23_22.810,1,5,20,0,-42.743,-87.693,1.379
2012-05-04-14_23_22.811,1,6,20,0,-51.749,-87.736,1.579
2012-05-04-14_23_22.811,1,6,20,0,-51.771,-87.659,1.679
2012-05-04-14_23_22.812,1,6,20,0,-51.707,-87.659,1.679
2012-05-04-14_23_22.812,1,0,20,1,-2.196,-87.790,2.188
2012-05-04-14_23_22.813,1,0,20,1,-2.269,-87.770,2.088
2012-05-04-14_23_22.813,1,0,20,1,-2.208,-87.708,2.088
2012-05-04-14_23_22.814,1,1,20,1,-11.213,-87.795,2.088
2012-05-04-14_23_22.814,1,2,20,1,-20.197,-87.655,1.688
2012-05-04-14_23_22.815,1,2,20,1,-20.253,-87.786,1.688
2012-05-04-14_23_22.815,1,3,20,1,-29.229,-87.733,1.788
2012-05-04-14_23_22.816,1,3,20,1,-29.285,-87.864,1.788
2012-05-04-14_23_22.816,1,3,20,1,-29.302,-87.712,1.788
2012-05-04-14_23_22.817,1,4,20,1,-38.163,-87.694,1.288
2012-05-04-14_23_22.817,1,4,20,1,-38.220,-87.825,1.288
2012-05-04-14_23_22.817,1,4,20,1,-38.237,-87.674,1.388
2012-05-04-14_23_22.818,1,5,20,1,-47.249,-87.776,1.688
2012-05-04-14_23_22.818,1,5,20,1,-47.323,-87.756,1.688
2012-05-04-14_23_22.819,1,5,20,1,-47.140,-87.738,1.788
2012-05-04-14_23_22.819,1,6,20,1,-56.213,-87.743,1.488
2012-05-04-14_23_22.820,1,6,20,1,-56.286,-87.722,1.488
2012-05-04-14_23_22.820,1,6,20,1,-56.225,-87.660,1.588
2012-05-04-14_23_22.821,1,7,20,1,-65.182,-87.780,7.388
2012-05-04-14_23_22.821,1,0,21,0,2.269,-92.281,2.093
2012-05-04-14_23_22.822,1,0,21,0,2.198,-92.267,2.293
2012-05-04-14_23_22.822,1,0,21,0,2.213,-92.300,2.293
2012-05-04-14_23_22.823,1,1,21,0,-6.746,-92.292,12.693
2012-05-04-14_23_22.823,1,1,21,0,-6.820,-92.274,12.693
2012-05-04-14_23_22.824,1,1,21,0,-6.766,-92.205,12.693
2012-05-04-14_23_22.824,1,2,21,0,-15.732,-92.146,12.193
2012-05-04-14_23_22.824,1,2,21,0,-15.791,-92.284,12.293
2012-05-04-14_23_22.825,1,2,21,0,-15.788,-92.165,12.293
2012-05-04-14_23_22.826,1,3,21,0,-24.701,-92.296,1.493
2012-05-04-14_23_22.827,1,3,21,0,-24.835,-92.209,12.593
2012-05-04-14_23_22.827,1,3,21,0,-24.645,-92.196,1.593
2012-05-04-14_23_22.828,1,4,21,0,-33.699,-92.185,1.193
2012-05-04-14_23_22.828,1,4,21,0,-33.758,-92.323,1.193
2012-05-04-14_23_22.829,1,4,21,0,-33.770,-92.171,1.393
2012-05-04-14_23_22.829,1,5,21,0,-42.721,-92.339,1.493
2012-05-04-14_23_22.830,1,5,21,0,-42.856,-92.253,12.693
2012-05-04-14_23_22.830,1,5,21,0,-42.665,-92.240,1.493
2012-05-04-14_23_22.831,1,6,21,0,-51.749,-92.234,4.893
2012-05-04-14_23_22.831,1,6,21,0,-51.771,-92.157,1.593
2012-05-04-14_23_22.832,1,6,21,0,-51.744,-92.197,1.593
2012-05-04-14_23_22.832,1,0,21,1,-2.196,-92.288,2.201
2012-05-04-14_23_22.832,1,0,21,1,-2.266,-92.267,2.201
2012-05-04-14_23_22.833,1,0,21,1,-2.220,-92.201,2.201
2012-05-04-14_23_22.833,1,1,21,1,-11.213,-92.292,12.201
2012-05-04-14_23_22.834,1,1,21,1,-11.294,-92.274,12.301
2012-05-04-14_23_22.834,1,1,21,1,-11.235,-92.205,12.201
2012-05-04-14_23_22.835,1,2,21,1,-20.197,-92.153,2.801
2012-05-04-14_23_22.835,1,2,21,1,-20.253,-92.284,1.601
2012-05-04-14_23_22.836,1,2,21,1,-20.209,-92.198,1.601
2012-05-04-14_23_22.836,1,3,21,1,-29.229,-92.231,1.801
2012-05-04-14_23_22.837,1,3,21,1,-29.285,-92.362,1.701
2012-05-04-14_23_22.838,1,3,21,1,-29.299,-92.209,1.701
2012-05-04-14_23_22.838,1,4,21,1,-38.163,-92.192,1.201
2012-05-04-14_23_22.839,1,4,21,1,-38.220,-92.324,1.301
2012-05-04-14_23_22.839,1,4,21,1,-38.234,-92.171,1.301
2012-05-04-14_23_22.840,1,5,21,1,-47.249,-92.274,1.701
2012-05-04-14_23_22.840,1,5,21,1,-47.320,-92.253,1.701
2012-05-04-14_23_22.841,1,5,21,1,-47.140,-92.240,1.801
2012-05-04-14_23_22.842,1,6,21,1,-56.213,-92.241,1.501
2012-05-04-14_23_22.842,1,6,21,1,-56.284,-92.219,1.401
2012-05-04-14_23_22.843,1,6,21,1,-56.238,-92.154,1.501
2012-05-04-14_23_22.843,1,0,22,0,2.269,-96.777,2.207
2012-05-04-14_23_22.843,1,0,22,0,2.198,-96.763,2.308
2012-05-04-14_23_22.844,1,0,22,0,2.247,-96.706,2.308
2012-05-04-14_23_22.844,1,1,22,0,-6.746,-96.789,12.708
2012-05-04-14_23_22.845,1,1,22,0,-6.822,-96.770,12.808
2012-05-04-14_23_22.845,1,1,22,0,-6.768,-96.693,12.708
2012-05-04-14_23_22.846,1,2,22,0,-15.732,-96.642,12.307
2012-05-04-14_23_22.846,1,2,22,0,-15.791,-96.786,12.508
2012-05-04-14_23_22.847,1,2,22,0,-15.744,-96.696,12.208
2012-05-04-14_23_22.847,1,3,22,0,-24.764,-96.720,12.607
2012-05-04-14_23_22.848,1,3,22,0,-24.835,-96.706,12.608
2012-05-04-14_23_22.848,1,4,22,0,-33.699,-96.682,1.207
2012-05-04-14_23_22.849,1,4,22,0,-33.758,-96.825,1.308
2012-05-04-14_23_22.849,1,4,22,0,-33.770,-96.668,1.408
2012-05-04-14_23_22.849,1,5,22,0,-42.719,-96.834,4.008
2012-05-04-14_23_22.850,1,5,22,0,-42.856,-96.750,12.708
2012-05-04-14_23_22.850,1,5,22,0,-42.668,-96.737,2.908
2012-05-04-14_23_22.851,1,6,22,0,-51.749,-96.730,11.007
2012-05-04-14_23_22.851,1,6,22,0,-51.820,-96.716,11.608
2012-05-04-14_23_22.852,1,6,22,0,-51.771,-96.659,1.408
2012-05-04-14_23_22.853,1,0,22,1,-2.196,-96.787,2.115
2012-05-04-14_23_22.853,1,0,22,1,-2.266,-96.763,2.215
2012-05-04-14_23_22.854,1,0,22,1,-2.218,-96.706,2.215
2012-05-04-14_23_22.854,1,1,22,1,-11.211,-96.788,12.215
2012-05-04-14_23_22.855,1,1,22,1,-11.291,-96.771,12.215
2012-05-04-14_23_22.855,1,1,22,1,-11.235,-96.708,12.215
2012-05-04-14_23_22.856,1,2,22,1,-20.187,-96.778,2.815
2012-05-04-14_23_22.856,1,2,22,1,-20.194,-96.851,2.815
2012-05-04-14_23_22.857,1,2,22,1,-20.333,-96.761,11.215
2012-05-04-14_23_22.857,1,3,22,1,-29.229,-96.729,1.815
2012-05-04-14_23_22.858,1,3,22,1,-29.219,-96.856,1.815
2012-05-04-14_23_22.858,1,3,22,1,-29.282,-96.862,1.715
2012-05-04-14_23_22.859,1,4,22,1,-38.163,-96.691,1.315
2012-05-04-14_23_22.859,1,4,22,1,-38.154,-96.818,1.315
2012-05-04-14_23_22.860,1,4,22,1,-38.217,-96.823,1.315
2012-05-04-14_23_22.860,1,5,22,1,-47.249,-96.773,1.715
2012-05-04-14_23_22.861,1,5,22,1,-47.320,-96.750,1.715
2012-05-04-14_23_22.861,1,5,22,1,-47.137,-96.737,1.715
2012-05-04-14_23_22.862,1,6,22,1,-56.213,-96.739,1.515
2012-05-04-14_23_22.862,1,6,22,1,-56.284,-96.716,1.415
2012-05-04-14_23_22.862,1,6,22,1,-56.235,-96.658,1.415
2012-05-04-14_23_22.863,1,0,23,0,2.281,-101.279,2.226
2012-05-04-14_23_22.863,1,0,23,0,2.247,-101.209,2.127
2012-05-04-14_23_22.864,1,1,23,0,-6.744,-101.288,12.726
2012-05-04-14_23_22.864,1,2,23,0,-15.720,-101.144,12.326
2012-05-04-14_23_22.865,1,2,23,0,-15.788,-101.290,12.526
2012-05-04-14_23_22.865,1,3,23,0,-24.752,-101.222,12.626
2012-05-04-14_23_22.866,1,3,23,0,-24.835,-101.207,12.627
2012-05-04-14_23_22.866,1,3,23,0,-24.786,-101.152,12.627
2012-05-04-14_23_22.866,1,4,23,0,-33.687,-101.183,1.326
2012-05-04-14_23_22.867,1,4,23,0,-33.755,-101.329,1.326
2012-05-04-14_23_22.867,1,4,23,0,-33.770,-101.168,1.327
2012-05-04-14_23_22.869,1,5,23,0,-42.773,-101.265,12.626
2012-05-04-14_23_22.869,1,5,23,0,-42.856,-101.250,12.727
2012-05-04-14_23_22.870,1,5,23,0,-42.807,-101.195,12.727
2012-05-04-14_23_22.870,1,6,23,0,-51.737,-101.232,1.426
2012-05-04-14_23_22.871,1,6,23,0,-51.820,-101.217,11.827
2012-05-04-14_23_22.871,1,6,23,0,-51.771,-101.162,2.727
2012-05-04-14_23_22.872,1,0,23,1,-2.166,-101.276,2.127
2012-05-04-14_23_22.872,1,0,23,1,-2.259,-101.264,2.127
2012-05-04-14_23_22.873,1,0,23,1,-2.215,-101.205,2.127
2012-05-04-14_23_22.873,1,1,23,1,-11.201,-101.288,12.227
2012-05-04-14_23_22.874,1,1,23,1,-11.287,-101.266,12.327
2012-05-04-14_23_22.874,1,1,23,1,-11.233,-101.208,12.327
2012-05-04-14_23_22.875,1,2,23,1,-20.175,-101.283,2.827
2012-05-04-14_23_22.875,1,2,23,1,-20.206,-101.252,1.627
2012-05-04-14_23_22.876,1,2,23,1,-20.248,-101.299,2.827
2012-05-04-14_23_22.876,1,3,23,1,-29.199,-101.219,3.027
2012-05-04-14_23_22.878,1,3,23,1,-29.207,-101.360,1.627
2012-05-04-14_23_22.878,1,3,23,1,-29.238,-101.330,1.627
2012-05-04-14_23_22.879,1,4,23,1,-38.173,-101.292,1.227
2012-05-04-14_23_22.879,1,4,23,1,-38.215,-101.339,1.227
2012-05-04-14_23_22.879,1,4,23,1,-38.227,-101.168,1.227
2012-05-04-14_23_22.880,1,5,23,1,-47.220,-101.263,1.727
2012-05-04-14_23_22.880,1,5,23,1,-47.313,-101.250,1.627
2012-05-04-14_23_22.881,1,5,23,1,-47.132,-101.233,1.727
2012-05-04-14_23_22.881,1,6,23,1,-56.184,-101.229,1.427
2012-05-04-14_23_22.882,1,6,23,1,-56.223,-101.340,1.427
2012-05-04-14_23_22.882,1,6,23,1,-56.277,-101.216,1.427
2012-05-04-14_23_22.883,1,7,23,1,-65.363,-101.283,12.927
2012-05-04-14_23_22.883,1,7,23,1,-65.202,-101.198,12.727
