2012-05-16-07_06_19.145,4,0,0,0,0.036,-0.040,4.700
2012-05-16-07_06_19.150,4,0,0,0,-0.032,-0.039,4.700
2012-05-16-07_06_19.155,4,0,0,0,-0.032,0.032,4.601
2012-05-16-07_06_19.160,4,0,0,0,0.036,0.031,4.601
2012-05-16-07_06_19.164,4,1,0,0,-9.200,0.176,4.602
2012-05-16-07_06_19.169,4,1,0,0,-9.269,0.177,4.700
2012-05-16-07_06_19.173,4,1,0,0,-9.269,0.247,4.603
2012-05-16-07_06_19.178,4,1,0,0,-9.201,0.247,4.700
2012-05-16-07_06_19.183,4,2,0,0,-18.163,-0.205,4.934
2012-05-16-07_06_19.188,4,2,0,0,-18.231,-0.204,4.836
2012-05-16-07_06_19.192,4,2,0,0,-18.231,-0.133,4.836
2012-05-16-07_06_19.197,4,2,0,0,-18.163,-0.133,4.836
2012-05-16-07_06_19.202,4,3,0,0,-26.925,-0.162,4.620
2012-05-16-07_06_19.206,4,3,0,0,-26.993,-0.162,4.620
2012-05-16-07_06_19.211,4,3,0,0,-26.993,-0.091,4.620
2012-05-16-07_06_19.216,4,3,0,0,-26.925,-0.091,4.620
2012-05-16-07_06_19.220,4,4,0,0,-36.124,-0.314,4.691
2012-05-16-07_06_19.225,4,4,0,0,-36.192,-0.314,4.691
2012-05-16-07_06_19.229,4,4,0,0,-36.192,-0.243,4.594
2012-05-16-07_06_19.234,4,4,0,0,-36.124,-0.243,4.594
2012-05-16-07_06_19.239,4,5,0,0,-45.151,-0.235,4.844
2012-05-16-07_06_19.243,4,5,0,0,-45.220,-0.234,4.844
2012-05-16-07_06_19.248,4,5,0,0,-45.220,-0.164,4.844
2012-05-16-07_06_19.252,4,5,0,0,-45.151,-0.164,4.844
2012-05-16-07_06_19.257,4,6,0,0,-54.020,-0.288,4.663
2012-05-16-07_06_19.262,4,6,0,0,-54.088,-0.288,4.663
2012-05-16-07_06_19.266,4,6,0,0,-54.088,-0.217,4.663
2012-05-16-07_06_19.271,4,6,0,0,-54.020,-0.217,4.663
2012-05-16-07_06_19.276,4,7,0,0,-62.933,-0.336,4.769
2012-05-16-07_06_19.280,4,7,0,0,-63.001,-0.336,4.769
2012-05-16-07_06_19.285,4,7,0,0,-63.001,-0.265,4.670
2012-05-16-07_06_19.290,4,7,0,0,-62.933,-0.265,4.770
2012-05-16-07_06_19.294,4,0,1,0,0.038,-9.039,5.210
2012-05-16-07_06_19.299,4,0,1,0,-0.031,-9.039,5.210
2012-05-16-07_06_19.304,4,0,1,0,-0.031,-8.964,5.210
2012-05-16-07_06_19.308,4,0,1,0,0.037,-8.964,5.211
2012-05-16-07_06_19.313,4,1,1,0,-9.199,-8.824,5.199
2012-05-16-07_06_19.318,4,1,1,0,-9.267,-8.823,5.297
2012-05-16-07_06_19.322,4,1,1,0,-9.267,-8.748,5.200
2012-05-16-07_06_19.327,4,1,1,0,-9.199,-8.749,5.200
2012-05-16-07_06_19.332,4,2,1,0,-18.161,-9.204,5.433
2012-05-16-07_06_19.336,4,2,1,0,-18.230,-9.204,5.433
2012-05-16-07_06_19.341,4,2,1,0,-18.230,-9.129,5.433
2012-05-16-07_06_19.345,4,2,1,0,-18.161,-9.129,5.433
2012-05-16-07_06_19.350,4,3,1,0,-26.923,-9.162,5.409
2012-05-16-07_06_19.355,4,3,1,0,-26.992,-9.161,5.409
2012-05-16-07_06_19.359,4,3,1,0,-26.992,-9.086,5.410
2012-05-16-07_06_19.364,4,3,1,0,-26.923,-9.087,5.410
2012-05-16-07_06_19.369,4,4,1,0,-36.122,-9.314,5.383
2012-05-16-07_06_19.373,4,4,1,0,-36.191,-9.313,5.383
2012-05-16-07_06_19.382,4,4,1,0,-36.191,-9.238,5.384
2012-05-16-07_06_19.384,4,4,1,0,-36.122,-9.239,5.384
2012-05-16-07_06_19.386,4,5,1,0,-45.150,-9.234,5.343
2012-05-16-07_06_19.388,4,5,1,0,-45.218,-9.234,5.441
2012-05-16-07_06_19.391,4,5,1,0,-45.218,-9.159,5.343
2012-05-16-07_06_19.393,4,5,1,0,-45.150,-9.160,5.343
2012-05-16-07_06_19.395,4,6,1,0,-54.019,-9.288,5.263
2012-05-16-07_06_19.397,4,6,1,0,-54.087,-9.288,5.263
2012-05-16-07_06_19.400,4,6,1,0,-54.087,-9.213,5.263
2012-05-16-07_06_19.402,4,6,1,0,-54.019,-9.213,5.263
2012-05-16-07_06_19.404,4,7,1,0,-62.931,-9.336,5.279
2012-05-16-07_06_19.406,4,7,1,0,-63.000,-9.336,5.279
2012-05-16-07_06_19.409,4,7,1,0,-63.000,-9.260,5.280
2012-05-16-07_06_19.411,4,7,1,0,-62.931,-9.261,5.180
2012-05-16-07_06_19.475,4,0,2,0,0.036,-18.035,5.814
2012-05-16-07_06_19.477,4,0,2,0,-0.027,-18.035,5.814
2012-05-16-07_06_19.479,4,0,2,0,-0.030,-17.968,5.714
2012-05-16-07_06_19.482,4,0,2,0,0.036,-17.968,5.814
2012-05-16-07_06_19.484,4,1,2,0,-9.200,-17.819,5.791
2012-05-16-07_06_19.486,4,1,2,0,-9.264,-17.819,5.791
2012-05-16-07_06_19.488,4,1,2,0,-9.266,-17.753,5.791
2012-05-16-07_06_19.491,4,1,2,0,-9.200,-17.753,5.791
2012-05-16-07_06_19.493,4,2,2,0,-18.162,-18.200,5.828
2012-05-16-07_06_19.495,4,2,2,0,-18.226,-18.200,5.926
2012-05-16-07_06_19.497,4,2,2,0,-18.228,-18.133,5.926
2012-05-16-07_06_19.500,4,2,2,0,-18.162,-18.133,5.926
2012-05-16-07_06_19.502,4,3,2,0,-26.924,-18.157,5.803
2012-05-16-07_06_19.504,4,3,2,0,-26.988,-18.157,5.803
2012-05-16-07_06_19.506,4,3,2,0,-26.990,-18.091,5.803
2012-05-16-07_06_19.509,4,3,2,0,-26.924,-18.091,5.803
2012-05-16-07_06_19.511,4,4,2,0,-36.123,-18.309,5.972
2012-05-16-07_06_19.513,4,4,2,0,-36.187,-18.309,5.874
2012-05-16-07_06_19.515,4,4,2,0,-36.189,-18.243,5.874
2012-05-16-07_06_19.518,4,4,2,0,-36.123,-18.243,5.875
2012-05-16-07_06_19.520,4,5,2,0,-45.151,-18.230,5.934
2012-05-16-07_06_19.522,4,5,2,0,-45.214,-18.230,5.934
2012-05-16-07_06_19.525,4,5,2,0,-45.217,-18.164,5.935
2012-05-16-07_06_19.527,4,5,2,0,-45.151,-18.164,5.837
2012-05-16-07_06_19.529,4,6,2,0,-54.020,-18.283,5.759
2012-05-16-07_06_19.531,4,6,2,0,-54.083,-18.284,5.759
2012-05-16-07_06_19.534,4,6,2,0,-54.086,-18.217,5.759
2012-05-16-07_06_19.536,4,6,2,0,-54.020,-18.217,5.858
2012-05-16-07_06_19.538,4,7,2,0,-62.932,-18.331,5.784
2012-05-16-07_06_19.540,4,7,2,0,-62.996,-18.331,5.784
2012-05-16-07_06_19.542,4,7,2,0,-62.998,-18.265,5.784
2012-05-16-07_06_19.545,4,7,2,0,-62.932,-18.265,5.784
2012-05-16-07_06_19.547,4,0,3,0,-0.089,-27.102,4.623
2012-05-16-07_06_19.549,4,0,3,0,-0.297,-26.681,4.526
2012-05-16-07_06_19.551,4,0,3,0,0.250,-26.753,3.131
2012-05-16-07_06_19.554,4,1,3,0,-9.199,-26.822,5.011
2012-05-16-07_06_19.556,4,1,3,0,-9.262,-26.820,5.011
2012-05-16-07_06_19.558,4,1,3,0,-9.270,-26.748,5.012
2012-05-16-07_06_19.560,4,1,3,0,-9.201,-26.749,5.013
2012-05-16-07_06_19.563,4,2,3,0,-18.161,-27.203,6.322
2012-05-16-07_06_19.565,4,2,3,0,-18.224,-27.200,6.322
2012-05-16-07_06_19.567,4,2,3,0,-18.232,-27.129,6.322
2012-05-16-07_06_19.569,4,2,3,0,-18.164,-27.129,6.323
2012-05-16-07_06_19.572,4,3,3,0,-26.923,-27.160,5.026
2012-05-16-07_06_19.574,4,3,3,0,-26.986,-27.158,5.026
2012-05-16-07_06_19.576,4,3,3,0,-26.994,-27.086,5.124
2012-05-16-07_06_19.578,4,3,3,0,-26.925,-27.087,5.027
2012-05-16-07_06_19.581,4,4,3,0,-36.122,-27.312,5.488
2012-05-16-07_06_19.583,4,4,3,0,-36.185,-27.310,5.488
2012-05-16-07_06_19.585,4,4,3,0,-36.193,-27.238,5.488
2012-05-16-07_06_19.587,4,4,3,0,-36.124,-27.239,5.489
2012-05-16-07_06_19.590,4,5,3,0,-45.149,-27.233,4.665
2012-05-16-07_06_19.592,4,5,3,0,-45.213,-27.230,4.763
2012-05-16-07_06_19.594,4,5,3,0,-45.220,-27.159,4.763
2012-05-16-07_06_19.596,4,5,3,0,-45.152,-27.160,4.666
2012-05-16-07_06_19.599,4,6,3,0,-54.018,-27.286,5.075
2012-05-16-07_06_19.601,4,6,3,0,-54.082,-27.284,5.075
2012-05-16-07_06_19.603,4,6,3,0,-54.089,-27.213,5.075
2012-05-16-07_06_19.605,4,6,3,0,-54.021,-27.213,4.978
2012-05-16-07_06_19.608,4,7,3,0,-62.931,-27.334,4.892
2012-05-16-07_06_19.610,4,7,3,0,-62.994,-27.332,4.892
2012-05-16-07_06_19.613,4,7,3,0,-63.002,-27.261,4.793
2012-05-16-07_06_19.615,4,7,3,0,-62.933,-27.261,4.893
2012-05-16-07_06_19.617,4,0,4,0,0.037,-36.035,0.000
2012-05-16-07_06_19.620,4,0,4,0,-0.024,-36.034,3.840
2012-05-16-07_06_19.622,4,0,4,0,-0.027,-35.969,3.940
2012-05-16-07_06_19.624,4,0,4,0,0.037,-35.968,3.541
2012-05-16-07_06_19.626,4,1,4,0,-9.200,-35.820,5.121
2012-05-16-07_06_19.629,4,1,4,0,-9.012,-35.623,4.926
2012-05-16-07_06_19.631,4,1,4,0,-9.261,-35.818,5.121
2012-05-16-07_06_19.633,4,1,4,0,-9.263,-35.753,5.121
2012-05-16-07_06_19.636,4,2,4,0,-18.162,-36.200,3.201
2012-05-16-07_06_19.638,4,2,4,0,-17.835,-36.147,4.865
2012-05-16-07_06_19.640,4,2,4,0,-18.223,-36.199,4.082
2012-05-16-07_06_19.643,4,2,4,0,-18.226,-36.134,4.278
2012-05-16-07_06_19.645,4,3,4,0,-26.924,-36.158,4.940
2012-05-16-07_06_19.647,4,3,4,0,-26.736,-35.961,4.843
2012-05-16-07_06_19.649,4,3,4,0,-26.985,-36.156,5.037
2012-05-16-07_06_19.652,4,3,4,0,-26.987,-36.092,5.135
2012-05-16-07_06_19.654,4,4,4,0,-36.123,-36.310,3.549
2012-05-16-07_06_19.657,4,4,4,0,-35.935,-36.113,5.012
2012-05-16-07_06_19.659,4,4,4,0,-36.184,-36.308,3.744
2012-05-16-07_06_19.661,4,4,4,0,-36.186,-36.244,3.549
2012-05-16-07_06_19.664,4,5,4,0,-44.760,-36.241,5.363
2012-05-16-07_06_19.666,4,5,4,0,-45.212,-36.229,3.599
2012-05-16-07_06_19.668,4,5,4,0,-45.214,-36.164,3.600
2012-05-16-07_06_19.671,4,5,4,0,-44.761,-35.759,5.072
2012-05-16-07_06_19.673,4,6,4,0,-54.019,-36.284,5.087
2012-05-16-07_06_19.675,4,6,4,0,-53.832,-36.087,4.695
2012-05-16-07_06_19.678,4,6,4,0,-54.080,-36.282,5.185
2012-05-16-07_06_19.680,4,6,4,0,-54.083,-36.218,5.186
2012-05-16-07_06_19.683,4,7,4,0,-62.932,-36.332,5.205
2012-05-16-07_06_19.689,4,7,4,0,-62.744,-36.135,5.106
2012-05-16-07_06_19.691,4,7,4,0,-62.993,-36.330,5.305
2012-05-16-07_06_19.693,4,7,4,0,-62.995,-36.266,5.205
2012-05-16-07_06_19.696,4,0,5,0,0.036,-45.039,5.044
2012-05-16-07_06_19.698,4,0,5,0,-0.028,-45.039,5.144
2012-05-16-07_06_19.701,4,0,5,0,-0.028,-44.968,5.144
2012-05-16-07_06_19.703,4,0,5,0,0.036,-44.968,5.144
2012-05-16-07_06_19.705,4,1,5,0,-9.201,-44.824,5.617
2012-05-16-07_06_19.707,4,1,5,0,-9.264,-44.823,5.617
2012-05-16-07_06_19.770,4,1,5,0,-9.264,-44.752,5.716
2012-05-16-07_06_19.772,4,1,5,0,-9.201,-44.752,5.618
2012-05-16-07_06_19.775,4,2,5,0,-18.163,-45.204,5.263
2012-05-16-07_06_19.777,4,2,5,0,-18.226,-45.204,5.361
2012-05-16-07_06_19.780,4,2,5,0,-18.227,-45.132,5.361
2012-05-16-07_06_19.782,4,2,5,0,-18.163,-45.133,5.361
2012-05-16-07_06_19.784,4,3,5,0,-26.925,-45.162,5.434
2012-05-16-07_06_19.787,4,3,5,0,-26.988,-45.161,5.434
2012-05-16-07_06_19.789,4,3,5,0,-26.988,-45.090,5.434
2012-05-16-07_06_19.791,4,3,5,0,-26.925,-45.090,5.434
2012-05-16-07_06_19.794,4,4,5,0,-36.124,-45.314,5.993
2012-05-16-07_06_19.796,4,4,5,0,-36.187,-45.313,5.993
2012-05-16-07_06_19.798,4,4,5,0,-36.187,-45.242,5.993
2012-05-16-07_06_19.801,4,4,5,0,-36.124,-45.242,5.993
2012-05-16-07_06_19.803,4,5,5,0,-45.152,-45.235,0.766
2012-05-16-07_06_19.805,4,5,5,0,-45.215,-45.234,4.977
2012-05-16-07_06_19.808,4,5,5,0,-45.215,-45.163,4.978
2012-05-16-07_06_19.810,4,5,5,0,-45.152,-45.163,4.978
2012-05-16-07_06_19.813,4,6,5,0,-54.020,-45.288,5.684
2012-05-16-07_06_19.815,4,6,5,0,-54.084,-45.287,5.684
2012-05-16-07_06_19.817,4,6,5,0,-54.084,-45.216,5.685
2012-05-16-07_06_19.820,4,6,5,0,-54.020,-45.216,5.586
2012-05-16-07_06_19.822,4,7,5,0,-62.933,-45.336,5.712
2012-05-16-07_06_19.825,4,7,5,0,-62.996,-45.335,5.712
2012-05-16-07_06_19.827,4,7,5,0,-62.996,-45.264,5.712
2012-05-16-07_06_19.829,4,7,5,0,-62.933,-45.264,5.712
2012-05-16-07_06_19.832,4,0,6,0,0.037,-54.038,6.444
2012-05-16-07_06_19.834,4,0,6,0,-0.026,-54.038,6.344
2012-05-16-07_06_19.836,4,0,6,0,-0.026,-53.964,6.444
2012-05-16-07_06_19.839,4,0,6,0,0.037,-53.964,6.444
2012-05-16-07_06_19.841,4,1,6,0,-9.199,-53.822,6.404
2012-05-16-07_06_19.843,4,1,6,0,-9.263,-53.822,6.502
2012-05-16-07_06_19.846,4,1,6,0,-9.263,-53.748,6.404
2012-05-16-07_06_19.848,4,1,6,0,-9.199,-53.749,6.502
2012-05-16-07_06_19.850,4,2,6,0,-18.162,-54.203,6.538
2012-05-16-07_06_19.853,4,2,6,0,-18.225,-54.203,6.441
2012-05-16-07_06_19.855,4,2,6,0,-18.225,-54.129,6.441
2012-05-16-07_06_19.857,4,2,6,0,-18.162,-54.129,6.539
2012-05-16-07_06_19.860,4,3,6,0,-26.923,-54.161,6.509
2012-05-16-07_06_19.862,4,3,6,0,-26.987,-54.160,6.509
2012-05-16-07_06_19.865,4,3,6,0,-26.987,-54.086,6.509
2012-05-16-07_06_19.867,4,3,6,0,-26.924,-54.087,6.509
2012-05-16-07_06_19.870,4,4,6,0,-36.122,-54.312,6.580
2012-05-16-07_06_19.872,4,4,6,0,-36.186,-54.312,6.483
2012-05-16-07_06_19.874,4,4,6,0,-36.186,-54.238,6.483
2012-05-16-07_06_19.877,4,4,6,0,-36.123,-54.239,6.483
2012-05-16-07_06_19.879,4,5,6,0,-45.150,-54.233,6.156
2012-05-16-07_06_19.881,4,5,6,0,-45.214,-54.233,6.156
2012-05-16-07_06_19.884,4,5,6,0,-45.214,-54.159,6.156
2012-05-16-07_06_19.886,4,5,6,0,-45.150,-54.160,6.156
2012-05-16-07_06_19.888,4,6,6,0,-54.019,-54.287,6.377
2012-05-16-07_06_19.891,4,6,6,0,-54.082,-54.286,6.475
2012-05-16-07_06_19.893,4,6,6,0,-54.082,-54.213,6.377
2012-05-16-07_06_19.895,4,6,6,0,-54.019,-54.213,6.377
2012-05-16-07_06_19.898,4,7,6,0,-62.931,-54.335,6.316
2012-05-16-07_06_19.900,4,7,6,0,-62.995,-54.334,6.316
2012-05-16-07_06_19.902,4,7,6,0,-62.995,-54.261,6.316
2012-05-16-07_06_19.904,4,7,6,0,-62.932,-54.261,6.316
2012-05-16-07_06_19.907,4,0,7,0,0.036,-63.037,6.651
2012-05-16-07_06_19.909,4,0,7,0,-0.025,-63.037,6.651
2012-05-16-07_06_19.911,4,0,7,0,-0.027,-62.970,6.651
2012-05-16-07_06_19.914,4,0,7,0,0.036,-62.970,6.651
2012-05-16-07_06_19.916,4,1,7,0,-9.200,-62.821,6.802
2012-05-16-07_06_19.918,4,1,7,0,-9.261,-62.821,6.802
2012-05-16-07_06_19.921,4,1,7,0,-9.264,-62.754,6.802
2012-05-16-07_06_19.923,4,1,7,0,-9.200,-62.754,6.802
2012-05-16-07_06_19.925,4,2,7,0,-18.163,-63.202,6.740
2012-05-16-07_06_19.928,4,2,7,0,-18.224,-63.202,6.838
2012-05-16-07_06_19.930,4,2,7,0,-18.226,-63.135,6.839
2012-05-16-07_06_19.932,4,2,7,0,-18.163,-63.135,6.741
2012-05-16-07_06_19.934,4,3,7,0,-26.925,-63.160,6.807
2012-05-16-07_06_19.937,4,3,7,0,-26.986,-63.159,6.807
2012-05-16-07_06_19.939,4,3,7,0,-26.988,-63.092,6.807
2012-05-16-07_06_19.941,4,3,7,0,-26.925,-63.092,6.807
2012-05-16-07_06_19.944,4,4,7,0,-36.123,-63.311,6.879
2012-05-16-07_06_19.946,4,4,7,0,-36.184,-63.311,6.781
2012-05-16-07_06_19.948,4,4,7,0,-36.187,-63.244,6.879
2012-05-16-07_06_19.951,4,4,7,0,-36.124,-63.244,6.879
2012-05-16-07_06_19.953,4,5,7,0,-45.151,-63.232,6.749
2012-05-16-07_06_19.955,4,5,7,0,-45.212,-63.232,6.749
2012-05-16-07_06_19.958,4,5,7,0,-45.215,-63.165,6.750
2012-05-16-07_06_19.960,4,5,7,0,-45.151,-63.165,6.848
2012-05-16-07_06_19.963,4,6,7,0,-54.020,-63.286,6.678
2012-05-16-07_06_19.965,4,6,7,0,-54.081,-63.285,6.777
2012-05-16-07_06_19.967,4,6,7,0,-54.083,-63.218,6.777
2012-05-16-07_06_19.970,4,6,7,0,-54.020,-63.218,6.679
2012-05-16-07_06_19.972,4,7,7,0,-62.933,-63.334,6.623
2012-05-16-07_06_19.974,4,7,7,0,-62.994,-63.333,6.623
2012-05-16-07_06_19.977,4,7,7,0,-62.996,-63.266,6.623
2012-05-16-07_06_19.979,4,7,7,0,-62.933,-63.266,6.623
2012-05-16-07_06_19.982,4,0,8,0,0.038,-72.039,6.863
2012-05-16-07_06_19.984,4,0,8,0,-0.023,-72.038,6.863
2012-05-16-07_06_19.986,4,0,8,0,-0.023,-71.964,6.864
2012-05-16-07_06_19.989,4,0,8,0,0.038,-71.965,6.864
2012-05-16-07_06_19.991,4,1,8,0,-9.199,-71.823,6.813
2012-05-16-07_06_19.993,4,1,8,0,-9.260,-71.823,6.911
2012-05-16-07_06_19.996,4,1,8,0,-9.260,-71.748,6.911
2012-05-16-07_06_19.998,4,1,8,0,-9.199,-71.749,6.911
2012-05-16-07_06_20.000,4,2,8,0,-18.161,-72.203,6.849
2012-05-16-07_06_20.003,4,2,8,0,-18.222,-72.203,6.849
2012-05-16-07_06_20.005,4,2,8,0,-18.222,-72.129,6.850
2012-05-16-07_06_20.070,4,2,8,0,-18.161,-72.130,6.850
2012-05-16-07_06_20.073,4,3,8,0,-26.923,-72.161,7.013
2012-05-16-07_06_20.075,4,3,8,0,-26.984,-72.161,6.915
2012-05-16-07_06_20.077,4,3,8,0,-26.984,-72.086,7.013
2012-05-16-07_06_20.080,4,3,8,0,-26.923,-72.087,7.013
2012-05-16-07_06_20.082,4,4,8,0,-36.122,-72.313,6.986
2012-05-16-07_06_20.084,4,4,8,0,-36.183,-72.313,6.986
2012-05-16-07_06_20.087,4,4,8,0,-36.183,-72.238,6.987
2012-05-16-07_06_20.089,4,4,8,0,-36.122,-72.239,6.987
2012-05-16-07_06_20.092,4,5,8,0,-45.150,-72.234,6.858
2012-05-16-07_06_20.094,4,5,8,0,-45.211,-72.234,6.858
2012-05-16-07_06_20.097,4,5,8,0,-45.211,-72.159,6.859
2012-05-16-07_06_20.099,4,5,8,0,-45.150,-72.160,6.859
2012-05-16-07_06_20.101,4,6,8,0,-54.018,-72.287,6.886
2012-05-16-07_06_20.104,4,6,8,0,-54.079,-72.287,6.886
2012-05-16-07_06_20.106,4,6,8,0,-54.080,-72.212,6.887
2012-05-16-07_06_20.108,4,6,8,0,-54.019,-72.213,6.887
2012-05-16-07_06_20.111,4,7,8,0,-62.931,-72.335,6.735
2012-05-16-07_06_20.118,4,7,8,0,-62.992,-72.335,6.735
2012-05-16-07_06_20.120,4,7,8,0,-62.992,-72.260,6.636
2012-05-16-07_06_20.123,4,7,8,0,-62.931,-72.261,6.736
2012-05-16-07_06_20.125,4,0,9,0,0.037,-81.035,7.070
2012-05-16-07_06_20.128,4,0,9,0,-0.022,-81.035,7.070
2012-05-16-07_06_20.130,4,0,9,0,-0.022,-80.969,7.070
2012-05-16-07_06_20.132,4,0,9,0,0.037,-80.969,7.070
2012-05-16-07_06_20.135,4,1,9,0,-9.200,-80.819,7.112
2012-05-16-07_06_20.137,4,1,9,0,-9.258,-80.819,7.112
2012-05-16-07_06_20.139,4,1,9,0,-9.259,-80.753,7.113
2012-05-16-07_06_20.142,4,1,9,0,-9.200,-80.753,7.113
2012-05-16-07_06_20.144,4,2,9,0,-18.162,-81.200,7.050
2012-05-16-07_06_20.146,4,2,9,0,-18.221,-81.200,7.148
2012-05-16-07_06_20.149,4,2,9,0,-18.221,-81.134,7.149
2012-05-16-07_06_20.151,4,2,9,0,-18.162,-81.134,7.149
2012-05-16-07_06_20.153,4,3,9,0,-26.924,-81.157,7.115
2012-05-16-07_06_20.155,4,3,9,0,-26.983,-81.157,7.115
2012-05-16-07_06_20.157,4,3,9,0,-26.983,-81.092,7.116
2012-05-16-07_06_20.160,4,3,9,0,-26.924,-81.091,7.116
2012-05-16-07_06_20.161,4,4,9,0,-36.123,-81.309,7.284
2012-05-16-07_06_20.164,4,4,9,0,-36.182,-81.309,7.187
2012-05-16-07_06_20.166,4,4,9,0,-36.182,-81.244,7.187
2012-05-16-07_06_20.168,4,4,9,0,-36.123,-81.243,7.187
2012-05-16-07_06_20.170,4,5,9,0,-45.151,-81.230,7.060
2012-05-16-07_06_20.172,4,5,9,0,-45.209,-81.230,7.060
2012-05-16-07_06_20.175,4,5,9,0,-45.209,-81.164,7.060
2012-05-16-07_06_20.177,4,5,9,0,-45.151,-81.164,7.060
2012-05-16-07_06_20.179,4,6,9,0,-54.019,-81.284,7.089
2012-05-16-07_06_20.181,4,6,9,0,-54.078,-81.283,7.089
2012-05-16-07_06_20.183,4,6,9,0,-54.078,-81.218,7.090
2012-05-16-07_06_20.186,4,6,9,0,-54.020,-81.217,7.090
2012-05-16-07_06_20.188,4,7,9,0,-62.932,-81.332,7.042
2012-05-16-07_06_20.190,4,7,9,0,-62.991,-81.331,6.942
2012-05-16-07_06_20.193,4,7,9,0,-62.991,-81.266,6.943
2012-05-16-07_06_20.195,4,7,9,0,-62.932,-81.265,6.943
2012-05-16-07_06_20.197,4,0,10,0,0.036,-90.039,7.076
2012-05-16-07_06_20.200,4,0,10,0,-0.020,-90.038,7.076
2012-05-16-07_06_20.202,4,0,10,0,-0.021,-89.968,7.076
2012-05-16-07_06_20.204,4,0,10,0,0.036,-89.968,7.076
2012-05-16-07_06_20.207,4,1,10,0,-9.201,-89.823,7.214
2012-05-16-07_06_20.209,4,1,10,0,-9.257,-89.823,7.214
2012-05-16-07_06_20.211,4,1,10,0,-9.257,-89.752,7.215
2012-05-16-07_06_20.214,4,1,10,0,-9.201,-89.752,7.117
2012-05-16-07_06_20.216,4,2,10,0,-18.163,-90.204,7.153
2012-05-16-07_06_20.218,4,2,10,0,-18.219,-90.203,7.153
2012-05-16-07_06_20.221,4,2,10,0,-18.219,-90.133,7.153
2012-05-16-07_06_20.223,4,2,10,0,-18.163,-90.133,7.251
2012-05-16-07_06_20.225,4,3,10,0,-26.925,-90.161,7.217
2012-05-16-07_06_20.227,4,3,10,0,-26.981,-90.161,7.119
2012-05-16-07_06_20.230,4,3,10,0,-26.981,-90.090,7.217
2012-05-16-07_06_20.232,4,3,10,0,-26.925,-90.090,7.217
2012-05-16-07_06_20.234,4,4,10,0,-36.124,-90.313,7.191
2012-05-16-07_06_20.236,4,4,10,0,-36.180,-90.313,7.191
2012-05-16-07_06_20.237,4,4,10,0,-36.180,-90.242,7.191
2012-05-16-07_06_20.239,4,4,10,0,-36.124,-90.242,7.191
2012-05-16-07_06_20.241,4,5,10,0,-45.152,-90.234,7.064
2012-05-16-07_06_20.243,4,5,10,0,-45.208,-90.234,7.162
2012-05-16-07_06_20.246,4,5,10,0,-45.208,-90.163,7.163
2012-05-16-07_06_20.248,4,5,10,0,-45.152,-90.163,7.163
2012-05-16-07_06_20.250,4,6,10,0,-54.020,-90.287,7.094
2012-05-16-07_06_20.253,4,6,10,0,-54.077,-90.287,7.192
2012-05-16-07_06_20.255,4,6,10,0,-54.077,-90.216,7.193
2012-05-16-07_06_20.257,4,6,10,0,-54.021,-90.216,7.193
2012-05-16-07_06_20.260,4,7,10,0,-62.933,-90.335,7.048
2012-05-16-07_06_20.262,4,7,10,0,-62.989,-90.335,7.048
2012-05-16-07_06_20.264,4,7,10,0,-62.989,-90.264,7.049
2012-05-16-07_06_20.266,4,7,10,0,-62.933,-90.264,7.049
2012-05-16-07_06_20.269,4,0,11,0,0.047,-99.035,2.212
2012-05-16-07_06_20.271,4,0,11,0,-0.017,-99.035,2.212
2012-05-16-07_06_20.274,4,0,11,0,-0.017,-98.964,2.212
2012-05-16-07_06_20.276,4,0,11,0,0.037,-98.964,2.212
2012-05-16-07_06_20.278,4,1,11,0,-9.190,-98.819,2.433
2012-05-16-07_06_20.281,4,1,11,0,-9.253,-98.819,2.433
2012-05-16-07_06_20.283,4,1,11,0,-9.253,-98.748,2.433
2012-05-16-07_06_20.285,4,1,11,0,-9.200,-98.748,2.433
2012-05-16-07_06_20.288,4,2,11,0,-18.152,-99.200,2.569
2012-05-16-07_06_20.290,4,2,11,0,-18.216,-99.200,2.471
2012-05-16-07_06_20.292,4,2,11,0,-18.216,-99.129,2.472
2012-05-16-07_06_20.295,4,2,11,0,-18.162,-99.129,2.472
2012-05-16-07_06_20.297,4,3,11,0,-26.914,-99.157,2.553
2012-05-16-07_06_20.299,4,3,11,0,-26.977,-99.158,2.456
2012-05-16-07_06_20.302,4,3,11,0,-26.978,-99.086,2.554
2012-05-16-07_06_20.304,4,3,11,0,-26.924,-99.086,2.456
2012-05-16-07_06_20.365,4,4,11,0,-36.113,-99.309,2.527
2012-05-16-07_06_20.367,4,4,11,0,-36.176,-99.310,2.527
2012-05-16-07_06_20.370,4,4,11,0,-36.176,-99.238,2.528
2012-05-16-07_06_20.372,4,4,11,0,-36.123,-99.238,2.528
2012-05-16-07_06_20.374,4,5,11,0,-45.141,-99.230,2.380
2012-05-16-07_06_20.378,4,5,11,0,-45.204,-99.230,2.576
2012-05-16-07_06_20.380,4,5,11,0,-45.204,-99.159,2.577
2012-05-16-07_06_20.382,4,5,11,0,-45.150,-99.159,2.577
2012-05-16-07_06_20.385,4,6,11,0,-54.009,-99.283,2.390
2012-05-16-07_06_20.387,4,6,11,0,-54.073,-99.284,2.291
2012-05-16-07_06_20.390,4,6,11,0,-54.073,-99.212,2.292
2012-05-16-07_06_20.392,4,6,11,0,-54.019,-99.213,2.292
2012-05-16-07_06_20.394,4,7,11,0,-62.922,-99.331,2.279
2012-05-16-07_06_20.397,4,7,11,0,-62.985,-99.332,2.279
2012-05-16-07_06_20.399,4,7,11,0,-62.986,-99.260,2.279
2012-05-16-07_06_20.401,4,7,11,0,-62.932,-99.261,2.279
