2012-05-06-02_29_54.200,546,0,0,0,2.259,2.220,3.396
2012-05-06-02_29_54.220,546,1,0,0,-6.749,2.204,2.796
2012-05-06-02_29_54.221,546,2,0,0,-15.738,2.300,2.396
2012-05-06-02_29_54.223,546,3,0,0,-24.792,2.205,2.796
2012-05-06-02_29_54.225,546,4,0,0,-33.779,2.230,1.996
2012-05-06-02_29_54.226,546,5,0,0,-42.794,2.167,2.696
2012-05-06-02_29_54.228,546,6,0,0,-51.793,2.164,2.596
2012-05-06-02_29_54.229,546,7,0,0,-60.715,2.246,3.296
2012-05-06-02_29_54.231,546,0,0,1,-2.183,2.212,3.596
2012-05-06-02_29_54.232,546,1,0,1,-11.201,2.204,2.996
2012-05-06-02_29_54.232,546,2,0,1,-20.180,2.293,2.596
2012-05-06-02_29_54.234,546,3,0,1,-29.235,2.197,2.596
2012-05-06-02_29_54.235,546,4,0,1,-38.222,2.222,2.296
2012-05-06-02_29_54.236,546,5,0,1,-47.237,2.160,2.596
2012-05-06-02_29_54.236,546,6,0,1,-56.235,2.156,2.596
2012-05-06-02_29_54.238,546,7,0,1,-65.157,2.239,3.496
2012-05-06-02_29_54.241,546,0,1,0,2.274,-2.279,3.512
2012-05-06-02_29_54.242,546,1,1,0,-6.747,-2.291,3.012
2012-05-06-02_29_54.243,546,2,1,0,-15.723,-2.199,2.512
2012-05-06-02_29_54.243,546,3,1,0,-24.778,-2.295,2.812
2012-05-06-02_29_54.244,546,4,1,0,-33.765,-2.270,2.112
2012-05-06-02_29_54.245,546,5,1,0,-42.780,-2.332,2.712
2012-05-06-02_29_54.246,546,6,1,0,-51.779,-2.336,2.612
2012-05-06-02_29_54.246,546,7,1,0,-60.700,-2.253,3.512
2012-05-06-02_29_54.247,546,0,1,1,-2.186,-2.289,3.620
2012-05-06-02_29_54.248,546,1,1,1,-11.202,-2.290,2.619
2012-05-06-02_29_54.248,546,2,1,1,-20.183,-2.209,2.620
2012-05-06-02_29_54.249,546,3,1,1,-29.238,-2.304,2.620
2012-05-06-02_29_54.250,546,4,1,1,-38.225,-2.279,2.020
2012-05-06-02_29_54.251,546,5,1,1,-47.239,-2.341,2.620
2012-05-06-02_29_54.251,546,6,1,1,-56.238,-2.345,2.620
2012-05-06-02_29_54.252,546,7,1,1,-65.160,-2.263,3.420
2012-05-06-02_29_54.253,546,0,2,0,2.271,-6.785,3.528
2012-05-06-02_29_54.254,546,1,2,0,-6.745,-6.788,3.128
2012-05-06-02_29_54.254,546,2,2,0,-15.726,-6.705,2.528
2012-05-06-02_29_54.255,546,3,2,0,-24.781,-6.800,2.828
2012-05-06-02_29_54.262,546,4,2,0,-33.768,-6.775,2.228
2012-05-06-02_29_54.262,546,5,2,0,-42.783,-6.838,2.828
2012-05-06-02_29_54.263,546,6,2,0,-51.781,-6.841,2.628
2012-05-06-02_29_54.265,546,7,2,0,-60.703,-6.759,3.528
2012-05-06-02_29_54.266,546,0,2,1,-2.186,-6.792,3.537
2012-05-06-02_29_54.266,546,1,2,1,-11.202,-6.787,3.137
2012-05-06-02_29_54.267,546,2,2,1,-20.184,-6.712,2.537
2012-05-06-02_29_54.268,546,3,2,1,-29.238,-6.808,2.937
2012-05-06-02_29_54.269,546,4,2,1,-38.225,-6.783,2.337
2012-05-06-02_29_54.270,546,5,2,1,-47.240,-6.845,2.637
2012-05-06-02_29_54.270,546,6,2,1,-56.239,-6.848,2.737
2012-05-06-02_29_54.271,546,7,2,1,-65.161,-6.766,3.437
2012-05-06-02_29_54.272,546,0,3,0,2.270,-11.282,3.547
2012-05-06-02_29_54.273,546,1,3,0,-6.743,-11.287,3.147
2012-05-06-02_29_54.274,546,2,3,0,-15.727,-11.202,2.547
2012-05-06-02_29_54.275,546,3,3,0,-24.781,-11.297,2.947
2012-05-06-02_29_54.275,546,4,3,0,-33.769,-11.272,2.347
2012-05-06-02_29_54.276,546,5,3,0,-42.783,-11.334,2.747
2012-05-06-02_29_54.277,546,6,3,0,-51.782,-11.338,2.747
2012-05-06-02_29_54.278,546,7,3,0,-60.704,-11.256,3.447
2012-05-06-02_29_54.278,546,0,3,1,-2.187,-11.289,3.659
2012-05-06-02_29_54.279,546,1,3,1,-11.200,-11.287,3.159
2012-05-06-02_29_54.280,546,2,3,1,-20.184,-11.208,2.559
2012-05-06-02_29_54.281,546,3,3,1,-29.239,-11.304,2.859
2012-05-06-02_29_54.282,546,4,3,1,-38.226,-11.279,2.459
2012-05-06-02_29_54.283,546,5,3,1,-47.240,-11.341,2.559
2012-05-06-02_29_54.284,546,6,3,1,-56.239,-11.345,2.659
2012-05-06-02_29_54.285,546,7,3,1,-65.161,-11.262,3.359
2012-05-06-02_29_54.285,546,0,4,0,2.267,-15.781,3.573
2012-05-06-02_29_54.288,546,1,4,0,-6.741,-15.794,3.173
2012-05-06-02_29_54.288,546,2,4,0,-15.730,-15.701,2.573
2012-05-06-02_29_54.289,546,3,4,0,-24.784,-15.797,2.973
2012-05-06-02_29_54.290,546,4,4,0,-33.771,-15.772,2.073
2012-05-06-02_29_54.291,546,5,4,0,-42.786,-15.834,2.673
2012-05-06-02_29_54.292,546,6,4,0,-51.785,-15.837,2.673
2012-05-06-02_29_54.293,546,7,4,0,-60.707,-15.755,3.473
2012-05-06-02_29_54.294,546,0,4,1,-2.187,-15.789,3.583
2012-05-06-02_29_54.296,546,1,4,1,-11.203,-15.794,3.082
2012-05-06-02_29_54.298,546,2,4,1,-20.184,-15.708,2.583
2012-05-06-02_29_54.299,546,3,4,1,-29.239,-15.804,2.883
2012-05-06-02_29_54.299,546,4,4,1,-38.226,-15.779,2.083
2012-05-06-02_29_54.300,546,5,4,1,-47.241,-15.841,2.583
2012-05-06-02_29_54.302,546,6,4,1,-56.239,-15.845,2.683
2012-05-06-02_29_54.302,546,7,4,1,-65.161,-15.762,3.383
2012-05-06-02_29_54.303,546,0,5,0,2.270,-20.279,3.591
2012-05-06-02_29_54.305,546,1,5,0,-6.742,-20.298,3.091
2012-05-06-02_29_54.305,546,2,5,0,-15.728,-20.199,2.591
2012-05-06-02_29_54.306,546,3,5,0,-24.782,-20.295,2.891
2012-05-06-02_29_54.307,546,4,5,0,-33.769,-20.270,2.291
2012-05-06-02_29_54.308,546,5,5,0,-42.784,-20.332,2.691
2012-05-06-02_29_54.310,546,6,5,0,-51.783,-20.335,2.691
2012-05-06-02_29_54.311,546,7,5,0,-60.705,-20.253,3.391
2012-05-06-02_29_54.312,546,0,5,1,-2.185,-20.288,3.700
2012-05-06-02_29_54.313,546,1,5,1,-11.206,-20.297,3.100
2012-05-06-02_29_54.314,546,2,5,1,-20.182,-20.207,2.600
2012-05-06-02_29_54.315,546,3,5,1,-29.237,-20.303,2.900
2012-05-06-02_29_54.316,546,4,5,1,-38.224,-20.278,2.200
2012-05-06-02_29_54.317,546,5,5,1,-47.239,-20.340,2.600
2012-05-06-02_29_54.318,546,6,5,1,-56.237,-20.344,2.700
2012-05-06-02_29_54.319,546,7,5,1,-65.159,-20.261,3.600
2012-05-06-02_29_54.322,546,0,6,0,2.272,-24.780,3.610
2012-05-06-02_29_54.323,546,1,6,0,-6.737,-24.792,3.210
2012-05-06-02_29_54.324,546,2,6,0,-15.726,-24.700,2.610
2012-05-06-02_29_54.325,546,3,6,0,-24.780,-24.796,2.910
2012-05-06-02_29_54.327,546,4,6,0,-33.767,-24.771,2.110
2012-05-06-02_29_54.327,546,5,6,0,-42.782,-24.833,2.610
2012-05-06-02_29_54.328,546,6,6,0,-51.781,-24.836,2.710
2012-05-06-02_29_54.329,546,7,6,0,-60.703,-24.754,3.610
2012-05-06-02_29_54.330,546,0,6,1,-2.181,-24.789,3.622
2012-05-06-02_29_54.331,546,1,6,1,-11.206,-24.791,3.122
2012-05-06-02_29_54.332,546,2,6,1,-20.178,-24.709,2.622
2012-05-06-02_29_54.332,546,3,6,1,-29.233,-24.804,3.022
2012-05-06-02_29_54.333,546,4,6,1,-38.220,-24.779,2.122
2012-05-06-02_29_54.336,546,5,6,1,-47.234,-24.842,2.722
2012-05-06-02_29_54.337,546,6,6,1,-56.233,-24.845,2.822
2012-05-06-02_29_54.340,546,7,6,1,-65.155,-24.763,3.522
2012-05-06-02_29_54.341,546,0,7,0,2.271,-29.284,3.635
2012-05-06-02_29_54.342,546,1,7,0,-6.740,-29.288,3.135
2012-05-06-02_29_54.343,546,2,7,0,-15.726,-29.204,2.635
2012-05-06-02_29_54.345,546,3,7,0,-24.781,-29.299,2.935
2012-05-06-02_29_54.346,546,4,7,0,-33.768,-29.274,2.435
2012-05-06-02_29_54.347,546,5,7,0,-42.782,-29.336,2.635
2012-05-06-02_29_54.348,546,6,7,0,-51.781,-29.340,2.835
2012-05-06-02_29_54.348,546,7,7,0,-60.703,-29.258,3.535
2012-05-06-02_29_54.350,546,0,7,1,-2.181,-29.291,3.745
2012-05-06-02_29_54.351,546,1,7,1,-11.209,-29.287,3.145
2012-05-06-02_29_54.352,546,2,7,1,-20.178,-29.211,2.645
2012-05-06-02_29_54.354,546,3,7,1,-29.233,-29.306,2.945
2012-05-06-02_29_54.355,546,4,7,1,-38.220,-29.281,2.345
2012-05-06-02_29_54.356,546,5,7,1,-47.235,-29.344,2.745
2012-05-06-02_29_54.358,546,6,7,1,-56.233,-29.347,2.845
2012-05-06-02_29_54.359,546,7,7,1,-65.155,-29.265,3.545
2012-05-06-02_29_54.360,546,0,8,0,2.273,-33.782,3.654
2012-05-06-02_29_54.361,546,1,8,0,-6.743,-33.785,3.254
2012-05-06-02_29_54.362,546,2,8,0,-15.724,-33.702,2.654
2012-05-06-02_29_54.364,546,3,8,0,-24.779,-33.797,2.954
2012-05-06-02_29_54.364,546,4,8,0,-33.766,-33.772,2.454
2012-05-06-02_29_54.365,546,5,8,0,-42.780,-33.835,2.754
2012-05-06-02_29_54.366,546,6,8,0,-51.779,-33.838,2.854
2012-05-06-02_29_54.367,546,7,8,0,-60.701,-33.756,3.654
2012-05-06-02_29_54.368,546,0,8,1,-2.182,-33.788,3.663
2012-05-06-02_29_54.369,546,1,8,1,-11.212,-33.785,3.163
2012-05-06-02_29_54.370,546,2,8,1,-20.179,-33.708,2.663
2012-05-06-02_29_54.372,546,3,8,1,-29.233,-33.803,3.063
2012-05-06-02_29_54.373,546,4,8,1,-38.221,-33.778,2.463
2012-05-06-02_29_54.374,546,5,8,1,-47.235,-33.840,2.763
2012-05-06-02_29_54.375,546,6,8,1,-56.234,-33.844,2.763
2012-05-06-02_29_54.376,546,7,8,1,-65.156,-33.762,3.563
2012-05-06-02_29_54.378,546,0,9,0,2.275,-38.283,3.672
2012-05-06-02_29_54.379,546,1,9,0,-6.746,-38.293,3.172
2012-05-06-02_29_54.380,546,2,9,0,-15.722,-38.202,2.772
2012-05-06-02_29_54.383,546,3,9,0,-24.777,-38.298,2.972
2012-05-06-02_29_54.384,546,4,9,0,-33.764,-38.273,2.272
2012-05-06-02_29_54.386,546,5,9,0,-42.778,-38.335,2.672
2012-05-06-02_29_54.386,546,6,9,0,-51.777,-38.339,2.772
2012-05-06-02_29_54.388,546,7,9,0,-60.699,-38.256,3.572
2012-05-06-02_29_54.388,546,0,9,1,-2.185,-38.288,3.585
2012-05-06-02_29_54.391,546,1,9,1,-11.210,-38.293,3.185
2012-05-06-02_29_54.392,546,2,9,1,-20.182,-38.208,2.685
2012-05-06-02_29_54.395,546,3,9,1,-29.236,-38.304,2.885
2012-05-06-02_29_54.396,546,4,9,1,-38.223,-38.279,2.185
2012-05-06-02_29_54.398,546,5,9,1,-47.238,-38.341,2.685
2012-05-06-02_29_54.399,546,6,9,1,-56.237,-38.344,2.785
2012-05-06-02_29_54.400,546,7,9,1,-65.159,-38.262,25.985
2012-05-06-02_29_54.401,546,0,10,0,2.275,-42.780,3.698
2012-05-06-02_29_54.401,546,1,10,0,-6.751,-42.796,3.198
2012-05-06-02_29_54.402,546,2,10,0,-15.722,-42.700,2.798
2012-05-06-02_29_54.403,546,3,10,0,-24.777,-42.795,3.098
2012-05-06-02_29_54.404,546,4,10,0,-33.764,-42.770,2.198
2012-05-06-02_29_54.404,546,5,10,0,-42.779,-42.832,2.698
2012-05-06-02_29_54.406,546,6,10,0,-51.777,-42.836,2.898
2012-05-06-02_29_54.407,546,7,10,0,-60.699,-42.754,3.698
2012-05-06-02_29_54.408,546,0,10,1,-2.185,-42.788,3.708
2012-05-06-02_29_54.409,546,1,10,1,-11.213,-42.796,3.208
2012-05-06-02_29_54.410,546,2,10,1,-20.182,-42.708,2.708
2012-05-06-02_29_54.411,546,3,10,1,-29.237,-42.803,3.108
2012-05-06-02_29_54.412,546,4,10,1,-38.224,-42.778,2.508
2012-05-06-02_29_54.413,546,5,10,1,-47.238,-42.841,2.808
2012-05-06-02_29_54.414,546,6,10,1,-56.237,-42.844,2.808
2012-05-06-02_29_54.415,546,7,10,1,-65.159,-42.762,3.508
2012-05-06-02_29_54.415,546,0,11,0,2.277,-47.280,3.617
2012-05-06-02_29_54.416,546,1,11,0,-6.751,-47.291,3.217
2012-05-06-02_29_54.418,546,2,11,0,-15.720,-47.200,2.717
2012-05-06-02_29_54.419,546,3,11,0,-24.775,-47.295,3.117
2012-05-06-02_29_54.420,546,4,11,0,-33.762,-47.270,2.417
2012-05-06-02_29_54.421,546,5,11,0,-42.777,-47.333,2.717
2012-05-06-02_29_54.421,546,6,11,0,-51.775,-47.336,2.917
2012-05-06-02_29_54.422,546,7,11,0,-60.697,-47.254,3.717
2012-05-06-02_29_54.423,546,0,11,1,-2.188,-47.290,3.726
2012-05-06-02_29_54.425,546,1,11,1,-11.211,-47.290,3.226
2012-05-06-02_29_54.426,546,2,11,1,-20.185,-47.210,2.726
2012-05-06-02_29_54.427,546,3,11,1,-29.240,-47.305,2.926
2012-05-06-02_29_54.428,546,4,11,1,-38.227,-47.280,2.526
2012-05-06-02_29_54.429,546,5,11,1,-47.241,-47.343,2.826
2012-05-06-02_29_54.430,546,6,11,1,-56.240,-47.346,3.026
2012-05-06-02_29_54.431,546,7,11,1,-65.162,-47.264,3.626
2012-05-06-02_29_54.432,546,0,12,0,2.276,-51.785,3.636
2012-05-06-02_29_54.433,546,1,12,0,-6.752,-51.789,3.236
2012-05-06-02_29_54.434,546,2,12,0,-15.721,-51.705,2.736
2012-05-06-02_29_54.436,546,3,12,0,-24.776,-51.800,3.036
2012-05-06-02_29_54.438,546,4,12,0,-33.763,-51.775,2.236
2012-05-06-02_29_54.440,546,5,12,0,-42.777,-51.838,2.836
2012-05-06-02_29_54.441,546,6,12,0,-51.776,-51.841,2.836
2012-05-06-02_29_54.443,546,7,12,0,-60.698,-51.759,3.736
2012-05-06-02_29_54.444,546,0,12,1,-2.188,-51.792,3.749
2012-05-06-02_29_54.446,546,1,12,1,-11.211,-51.788,3.249
2012-05-06-02_29_54.447,546,2,12,1,-20.185,-51.712,2.749
2012-05-06-02_29_54.447,546,3,12,1,-29.240,-51.807,3.049
2012-05-06-02_29_54.448,546,4,12,1,-38.227,-51.782,2.549
2012-05-06-02_29_54.450,546,5,12,1,-47.242,-51.844,2.849
2012-05-06-02_29_54.451,546,6,12,1,-56.240,-51.848,2.949
2012-05-06-02_29_54.452,546,7,12,1,-65.162,-51.766,3.649
2012-05-06-02_29_54.453,546,0,13,0,2.273,-56.282,3.762
2012-05-06-02_29_54.454,546,1,13,0,-6.755,-56.286,3.262
2012-05-06-02_29_54.455,546,2,13,0,-15.724,-56.202,2.762
2012-05-06-02_29_54.456,546,3,13,0,-24.778,-56.297,3.062
2012-05-06-02_29_54.457,546,4,13,0,-33.765,-56.272,2.362
2012-05-06-02_29_54.458,546,5,13,0,-42.780,-56.335,2.762
2012-05-06-02_29_54.459,546,6,13,0,-51.779,-56.338,2.862
2012-05-06-02_29_54.462,546,7,13,0,-60.701,-56.256,3.762
2012-05-06-02_29_54.463,546,0,13,1,-2.194,-56.288,3.772
2012-05-06-02_29_54.464,546,1,13,1,-11.212,-56.287,3.371
2012-05-06-02_29_54.466,546,2,13,1,-20.191,-56.208,2.772
2012-05-06-02_29_54.467,546,3,13,1,-29.245,-56.303,3.072
2012-05-06-02_29_54.468,546,4,13,1,-38.232,-56.278,2.372
2012-05-06-02_29_54.469,546,5,13,1,-47.247,-56.341,2.772
2012-05-06-02_29_54.470,546,6,13,1,-56.246,-56.344,2.872
2012-05-06-02_29_54.471,546,7,13,1,-65.168,-56.262,3.672
2012-05-06-02_29_54.472,546,0,14,0,2.275,-60.782,3.779
2012-05-06-02_29_54.473,546,1,14,0,-6.755,-60.794,3.279
2012-05-06-02_29_54.474,546,2,14,0,-15.722,-60.702,2.779
2012-05-06-02_29_54.475,546,3,14,0,-24.776,-60.798,3.079
2012-05-06-02_29_54.476,546,4,14,0,-33.763,-60.772,2.579
2012-05-06-02_29_54.478,546,5,14,0,-42.778,-60.835,2.779
2012-05-06-02_29_54.479,546,6,14,0,-51.777,-60.838,2.879
2012-05-06-02_29_54.480,546,7,14,0,-60.699,-60.756,3.779
2012-05-06-02_29_54.481,546,0,14,1,-2.194,-60.788,3.788
2012-05-06-02_29_54.482,546,1,14,1,-11.210,-60.794,3.388
2012-05-06-02_29_54.483,546,2,14,1,-20.191,-60.708,2.788
2012-05-06-02_29_54.484,546,3,14,1,-29.246,-60.803,3.088
2012-05-06-02_29_54.485,546,4,14,1,-38.233,-60.778,2.588
2012-05-06-02_29_54.486,546,5,14,1,-47.247,-60.840,2.888
2012-05-06-02_29_54.487,546,6,14,1,-56.246,-60.844,2.988
2012-05-06-02_29_54.488,546,7,14,1,-65.168,-60.762,3.688
2012-05-06-02_29_54.489,546,0,15,0,2.273,-65.279,3.797
2012-05-06-02_29_54.490,546,1,15,0,-6.753,-65.296,3.297
2012-05-06-02_29_54.491,546,2,15,0,-15.725,-65.199,2.797
2012-05-06-02_29_54.492,546,3,15,0,-24.779,-65.295,3.097
2012-05-06-02_29_54.495,546,4,15,0,-33.766,-65.270,2.497
2012-05-06-02_29_54.495,546,5,15,0,-42.781,-65.332,2.697
2012-05-06-02_29_54.496,546,6,15,0,-51.780,-65.335,2.897
2012-05-06-02_29_54.498,546,7,15,0,-60.702,-65.253,3.697
2012-05-06-02_29_54.499,546,0,15,1,-2.194,-65.288,3.810
2012-05-06-02_29_54.500,546,1,15,1,-11.208,-65.296,3.310
2012-05-06-02_29_54.501,546,2,15,1,-20.191,-65.207,2.810
2012-05-06-02_29_54.502,546,3,15,1,-29.246,-65.303,2.910
2012-05-06-02_29_54.503,546,4,15,1,-38.233,-65.278,2.510
2012-05-06-02_29_54.506,546,5,15,1,-47.248,-65.340,2.810
2012-05-06-02_29_54.506,546,6,15,1,-56.247,-65.344,2.910
2012-05-06-02_29_54.507,546,7,15,1,-65.168,-65.261,3.610
2012-05-06-02_29_54.508,546,0,16,0,2.270,-69.780,3.823
2012-05-06-02_29_54.509,546,1,16,0,-6.751,-69.791,3.323
2012-05-06-02_29_54.510,546,2,16,0,-15.727,-69.700,2.823
2012-05-06-02_29_54.512,546,3,16,0,-24.782,-69.795,3.123
2012-05-06-02_29_54.513,546,4,16,0,-33.769,-69.770,2.323
2012-05-06-02_29_54.514,546,5,16,0,-42.784,-69.832,2.823
2012-05-06-02_29_54.515,546,6,16,0,-51.782,-69.836,2.923
2012-05-06-02_29_54.516,546,7,16,0,-60.704,-69.754,3.723
2012-05-06-02_29_54.517,546,0,16,1,-2.195,-69.789,3.834
2012-05-06-02_29_54.518,546,1,16,1,-11.208,-69.789,3.333
2012-05-06-02_29_54.520,546,2,16,1,-20.192,-69.709,2.734
2012-05-06-02_29_54.523,546,3,16,1,-29.247,-69.804,3.134
2012-05-06-02_29_54.524,546,4,16,1,-38.234,-69.779,2.534
2012-05-06-02_29_54.525,546,5,16,1,-47.248,-69.841,2.734
2012-05-06-02_29_54.526,546,6,16,1,-56.247,-69.845,2.934
2012-05-06-02_29_54.527,546,7,16,1,-65.169,-69.763,3.634
2012-05-06-02_29_54.527,546,0,17,0,2.267,-74.284,26.842
2012-05-06-02_29_54.528,546,1,17,0,-6.749,-74.287,3.342
2012-05-06-02_29_54.529,546,2,17,0,-15.730,-74.204,19.942
2012-05-06-02_29_54.530,546,3,17,0,-24.785,-74.299,2.942
2012-05-06-02_29_54.531,546,4,17,0,-33.772,-74.274,25.142
2012-05-06-02_29_54.531,546,5,17,0,-42.787,-74.336,25.942
2012-05-06-02_29_54.532,546,6,17,0,-51.785,-74.340,26.342
2012-05-06-02_29_54.533,546,7,17,0,-60.707,-74.258,20.442
2012-05-06-02_29_54.534,546,0,17,1,-2.190,-74.291,3.852
2012-05-06-02_29_54.534,546,1,17,1,-11.209,-74.287,3.351
2012-05-06-02_29_54.535,546,2,17,1,-20.187,-74.211,2.852
2012-05-06-02_29_54.535,546,3,17,1,-29.242,-74.307,3.052
2012-05-06-02_29_54.536,546,4,17,1,-38.229,-74.282,2.352
2012-05-06-02_29_54.537,546,5,17,1,-47.244,-74.344,2.852
2012-05-06-02_29_54.537,546,6,17,1,-56.243,-74.348,2.852
2012-05-06-02_29_54.538,546,7,17,1,-65.164,-74.265,3.652
2012-05-06-02_29_54.539,546,0,18,0,2.266,-78.782,3.762
2012-05-06-02_29_54.540,546,1,18,0,-6.747,-78.786,3.362
2012-05-06-02_29_54.540,546,2,18,0,-15.731,-78.702,2.862
2012-05-06-02_29_54.542,546,3,18,0,-24.785,-78.797,3.062
2012-05-06-02_29_54.542,546,4,18,0,-33.772,-78.772,2.562
2012-05-06-02_29_54.543,546,5,18,0,-42.787,-78.835,2.862
2012-05-06-02_29_54.544,546,6,18,0,-51.786,-78.838,2.962
2012-05-06-02_29_54.544,546,7,18,0,-60.708,-78.756,3.762
2012-05-06-02_29_54.545,546,0,18,1,-2.191,-78.788,3.774
2012-05-06-02_29_54.546,546,1,18,1,-11.211,-78.785,3.374
2012-05-06-02_29_54.547,546,2,18,1,-20.188,-78.708,2.874
2012-05-06-02_29_54.547,546,3,18,1,-29.243,-78.803,3.074
2012-05-06-02_29_54.548,546,4,18,1,-38.230,-78.778,2.274
2012-05-06-02_29_54.549,546,5,18,1,-47.244,-78.840,2.874
2012-05-06-02_29_54.550,546,6,18,1,-56.243,-78.844,2.974
2012-05-06-02_29_54.551,546,7,18,1,-65.165,-78.762,3.774
2012-05-06-02_29_54.553,546,0,19,0,2.264,-83.282,3.786
2012-05-06-02_29_54.554,546,1,19,0,-6.747,-83.294,3.386
2012-05-06-02_29_54.555,546,2,19,0,-15.734,-83.202,2.786
2012-05-06-02_29_54.555,546,3,19,0,-24.788,-83.298,3.186
2012-05-06-02_29_54.557,546,4,19,0,-33.775,-83.272,2.286
2012-05-06-02_29_54.557,546,5,19,0,-42.790,-83.335,2.886
2012-05-06-02_29_54.559,546,6,19,0,-51.789,-83.338,2.986
2012-05-06-02_29_54.560,546,7,19,0,-60.711,-83.256,3.686
2012-05-06-02_29_54.561,546,0,19,1,-2.189,-83.288,3.897
2012-05-06-02_29_54.562,546,1,19,1,-11.214,-83.294,3.297
2012-05-06-02_29_54.563,546,2,19,1,-20.186,-83.208,2.897
2012-05-06-02_29_54.564,546,3,19,1,-29.241,-83.304,3.097
2012-05-06-02_29_54.565,546,4,19,1,-38.228,-83.279,2.597
2012-05-06-02_29_54.566,546,5,19,1,-47.242,-83.341,2.997
2012-05-06-02_29_54.567,546,6,19,1,-56.241,-83.344,2.997
2012-05-06-02_29_54.568,546,7,19,1,-65.163,-83.262,3.797
2012-05-06-02_29_54.569,546,0,20,0,2.268,-87.780,3.905
2012-05-06-02_29_54.570,546,1,20,0,-6.748,-87.796,3.405
2012-05-06-02_29_54.571,546,2,20,0,-15.729,-87.700,2.805
2012-05-06-02_29_54.572,546,3,20,0,-24.784,-87.795,3.205
2012-05-06-02_29_54.573,546,4,20,0,-33.771,-87.770,2.605
2012-05-06-02_29_54.574,546,5,20,0,-42.785,-87.833,2.905
2012-05-06-02_29_54.575,546,6,20,0,-51.784,-87.836,2.905
2012-05-06-02_29_54.577,546,7,20,0,-60.706,-87.754,3.805
2012-05-06-02_29_54.578,546,0,20,1,-2.189,-87.788,3.814
2012-05-06-02_29_54.580,546,1,20,1,-11.212,-87.796,3.414
2012-05-06-02_29_54.581,546,2,20,1,-20.186,-87.708,2.914
2012-05-06-02_29_54.582,546,3,20,1,-29.241,-87.803,3.214
2012-05-06-02_29_54.583,546,4,20,1,-38.228,-87.778,2.614
2012-05-06-02_29_54.583,546,5,20,1,-47.243,-87.841,2.914
2012-05-06-02_29_54.584,546,6,20,1,-56.241,-87.844,3.114
2012-05-06-02_29_54.587,546,7,20,1,-65.163,-87.762,3.814
2012-05-06-02_29_54.588,546,0,21,0,2.265,-92.280,3.924
2012-05-06-02_29_54.589,546,1,21,0,-6.751,-92.291,3.524
2012-05-06-02_29_54.590,546,2,21,0,-15.732,-92.200,2.924
2012-05-06-02_29_54.591,546,3,21,0,-24.787,-92.295,3.124
2012-05-06-02_29_54.593,546,4,21,0,-33.774,-92.270,2.624
2012-05-06-02_29_54.593,546,5,21,0,-42.788,-92.332,2.924
2012-05-06-02_29_54.594,546,6,21,0,-51.787,-92.336,3.024
2012-05-06-02_29_54.596,546,7,21,0,-60.709,-92.254,3.824
2012-05-06-02_29_54.597,546,0,21,1,-2.190,-92.290,3.937
2012-05-06-02_29_54.598,546,1,21,1,-11.213,-92.290,3.437
2012-05-06-02_29_54.599,546,2,21,1,-20.187,-92.210,2.937
2012-05-06-02_29_54.599,546,3,21,1,-29.241,-92.305,2.937
2012-05-06-02_29_54.600,546,4,21,1,-38.228,-92.280,2.537
2012-05-06-02_29_54.602,546,5,21,1,-47.243,-92.342,2.937
2012-05-06-02_29_54.603,546,6,21,1,-56.242,-92.346,3.037
2012-05-06-02_29_54.604,546,7,21,1,-65.164,-92.264,3.737
2012-05-06-02_29_54.605,546,0,22,0,2.267,-96.783,3.850
2012-05-06-02_29_54.606,546,1,22,0,-6.756,-96.789,3.550
2012-05-06-02_29_54.607,546,2,22,0,-15.730,-96.703,2.950
2012-05-06-02_29_54.608,546,3,22,0,-24.785,-96.799,3.150
2012-05-06-02_29_54.609,546,4,22,0,-33.772,-96.774,2.550
2012-05-06-02_29_54.610,546,5,22,0,-42.786,-96.836,2.950
2012-05-06-02_29_54.611,546,6,22,0,-51.785,-96.840,3.050
2012-05-06-02_29_54.612,546,7,22,0,-60.707,-96.757,3.750
2012-05-06-02_29_54.613,546,0,22,1,-2.188,-96.793,3.958
2012-05-06-02_29_54.613,546,1,22,1,-11.213,-96.790,3.458
2012-05-06-02_29_54.614,546,2,22,1,-20.185,-96.713,2.958
2012-05-06-02_29_54.615,546,3,22,1,-29.239,-96.808,3.058
2012-05-06-02_29_54.616,546,4,22,1,-38.226,-96.783,2.658
2012-05-06-02_29_54.617,546,5,22,1,-47.241,-96.845,2.958
2012-05-06-02_29_54.618,546,6,22,1,-56.240,-96.849,3.158
2012-05-06-02_29_54.619,546,7,22,1,-65.162,-96.766,3.858
2012-05-06-02_29_54.622,546,0,23,0,2.269,-101.281,3.968
2012-05-06-02_29_54.623,546,1,23,0,-6.756,-101.287,3.468
2012-05-06-02_29_54.623,546,2,23,0,-15.728,-101.201,2.968
2012-05-06-02_29_54.624,546,3,23,0,-24.783,-101.297,3.268
2012-05-06-02_29_54.625,546,4,23,0,-33.770,-101.272,2.668
2012-05-06-02_29_54.626,546,5,23,0,-42.784,-101.334,2.968
2012-05-06-02_29_54.627,546,6,23,0,-51.783,-101.338,2.968
2012-05-06-02_29_54.628,546,7,23,0,-60.705,-101.255,3.868
2012-05-06-02_29_54.629,546,0,23,1,-2.181,-101.279,3.868
2012-05-06-02_29_54.631,546,1,23,1,-11.209,-101.287,3.468
2012-05-06-02_29_54.632,546,2,23,1,-20.178,-101.199,2.968
2012-05-06-02_29_54.633,546,3,23,1,-29.232,-101.294,3.068
2012-05-06-02_29_54.634,546,4,23,1,-38.219,-101.269,2.668
2012-05-06-02_29_54.635,546,5,23,1,-47.234,-101.332,3.068
2012-05-06-02_29_54.636,546,6,23,1,-56.233,-101.335,3.068
2012-05-06-02_29_54.637,546,7,23,1,-65.155,-101.253,3.768
