2012-05-05-17_04_00.714,416,0,0,0,2.258,2.218,1.765
2012-05-05-17_04_00.715,416,0,0,0,2.296,2.305,1.765
2012-05-05-17_04_00.717,416,0,0,0,2.195,2.246,1.665
2012-05-05-17_04_00.752,416,1,0,0,-6.752,2.208,2.165
2012-05-05-17_04_00.752,416,1,0,0,-6.828,2.234,2.165
2012-05-05-17_04_00.753,416,1,0,0,-6.771,2.286,2.165
2012-05-05-17_04_00.754,416,2,0,0,-15.707,2.288,1.365
2012-05-05-17_04_00.754,416,2,0,0,-15.770,2.316,1.465
2012-05-05-17_04_00.755,416,2,0,0,-15.713,2.361,1.365
2012-05-05-17_04_00.755,416,3,0,0,-24.729,2.205,2.465
2012-05-05-17_04_00.756,416,3,0,0,-24.691,2.293,2.565
2012-05-05-17_04_00.756,416,3,0,0,-24.792,2.233,2.465
2012-05-05-17_04_00.757,416,4,0,0,-33.725,2.204,1.365
2012-05-05-17_04_00.758,416,4,0,0,-33.688,2.291,1.265
2012-05-05-17_04_00.758,416,4,0,0,-33.788,2.232,1.365
2012-05-05-17_04_00.759,416,5,0,0,-42.732,2.205,1.665
2012-05-05-17_04_00.759,416,5,0,0,-42.681,2.166,1.565
2012-05-05-17_04_00.760,416,5,0,0,-42.776,2.191,1.565
2012-05-05-17_04_00.761,416,6,0,0,-51.771,2.143,1.065
2012-05-05-17_04_00.762,416,6,0,0,-51.733,2.230,1.065
2012-05-05-17_04_00.763,416,6,0,0,-51.834,2.171,1.065
2012-05-05-17_04_00.763,416,7,0,0,-60.665,2.207,2.265
2012-05-05-17_04_00.764,416,7,0,0,-60.729,2.235,2.265
2012-05-05-17_04_00.764,416,7,0,0,-60.672,2.280,2.265
2012-05-05-17_04_00.765,416,0,0,1,-2.192,2.208,1.965
2012-05-05-17_04_00.768,416,0,0,1,-2.167,2.305,1.865
2012-05-05-17_04_00.768,416,0,0,1,-2.260,2.231,1.965
2012-05-05-17_04_00.769,416,1,0,1,-11.207,2.208,2.265
2012-05-05-17_04_00.770,416,1,0,1,-11.341,2.274,2.265
2012-05-05-17_04_00.772,416,1,0,1,-11.229,2.286,2.265
2012-05-05-17_04_00.774,416,2,0,1,-20.157,2.278,1.765
2012-05-05-17_04_00.775,416,2,0,1,-20.225,2.301,1.765
2012-05-05-17_04_00.776,416,2,0,1,-20.232,2.302,1.765
2012-05-05-17_04_00.776,416,3,0,1,-29.179,2.196,2.665
2012-05-05-17_04_00.778,416,3,0,1,-29.153,2.293,2.765
2012-05-05-17_04_00.779,416,3,0,1,-29.247,2.219,2.665
2012-05-05-17_04_00.780,416,4,0,1,-38.175,2.194,2.365
2012-05-05-17_04_00.781,416,4,0,1,-38.150,2.291,2.365
2012-05-05-17_04_00.782,416,4,0,1,-38.243,2.217,2.365
2012-05-05-17_04_00.782,416,5,0,1,-47.194,2.206,0.765
2012-05-05-17_04_00.783,416,5,0,1,-47.274,2.227,0.865
2012-05-05-17_04_00.785,416,5,0,1,-47.247,2.203,0.865
2012-05-05-17_04_00.786,416,6,0,1,-56.195,2.231,1.865
2012-05-05-17_04_00.787,416,6,0,1,-56.289,2.157,1.865
2012-05-05-17_04_00.788,416,6,0,1,-56.296,2.158,1.865
2012-05-05-17_04_00.789,416,7,0,1,-65.183,2.220,1.465
2012-05-05-17_04_00.789,416,7,0,1,-65.191,2.221,1.465
2012-05-05-17_04_00.792,416,7,0,1,-65.171,2.316,1.665
2012-05-05-17_04_00.792,416,0,1,0,2.272,-2.283,1.378
2012-05-05-17_04_00.793,416,0,1,0,2.295,-2.189,1.478
2012-05-05-17_04_00.794,416,0,1,0,2.197,-2.259,1.378
2012-05-05-17_04_00.794,416,1,1,0,-6.748,-2.294,1.578
2012-05-05-17_04_00.795,416,1,1,0,-6.828,-2.267,1.678
2012-05-05-17_04_00.797,416,1,1,0,-6.769,-2.208,1.678
2012-05-05-17_04_00.806,416,2,1,0,-15.692,-2.213,0.878
2012-05-05-17_04_00.807,416,2,1,0,-15.768,-2.189,0.878
2012-05-05-17_04_00.808,416,2,1,0,-15.746,-2.198,0.878
2012-05-05-17_04_00.809,416,3,1,0,-24.714,-2.295,1.078
2012-05-05-17_04_00.810,416,3,1,0,-24.692,-2.201,1.078
2012-05-05-17_04_00.811,416,3,1,0,-24.790,-2.271,1.078
2012-05-05-17_04_00.812,416,4,1,0,-33.711,-2.297,0.578
2012-05-05-17_04_00.812,416,4,1,0,-33.688,-2.203,0.578
2012-05-05-17_04_00.813,416,4,1,0,-33.787,-2.273,0.578
2012-05-05-17_04_00.814,416,5,1,0,-42.732,-2.289,0.978
2012-05-05-17_04_00.815,416,5,1,0,-42.681,-2.335,0.978
2012-05-05-17_04_00.815,416,5,1,0,-42.776,-2.303,0.978
2012-05-05-17_04_00.816,416,6,1,0,-51.756,-2.358,0.978
2012-05-05-17_04_00.817,416,6,1,0,-51.734,-2.264,0.978
2012-05-05-17_04_00.817,416,6,1,0,-51.832,-2.333,0.978
2012-05-05-17_04_00.818,416,7,1,0,-60.651,-2.294,1.578
2012-05-05-17_04_00.819,416,7,1,0,-60.727,-2.270,1.578
2012-05-05-17_04_00.820,416,7,1,0,-60.672,-2.214,1.578
2012-05-05-17_04_00.820,416,0,1,1,-2.192,-2.290,1.688
2012-05-05-17_04_00.823,416,0,1,1,-2.167,-2.189,1.688
2012-05-05-17_04_00.824,416,0,1,1,-2.263,-2.271,1.688
2012-05-05-17_04_00.825,416,1,1,1,-11.205,-2.295,0.988
2012-05-05-17_04_00.825,416,1,1,1,-11.341,-2.221,1.188
2012-05-05-17_04_00.826,416,1,1,1,-11.229,-2.208,1.188
2012-05-05-17_04_00.827,416,2,1,1,-20.157,-2.220,0.788
2012-05-05-17_04_00.828,416,2,1,1,-20.228,-2.201,0.788
2012-05-05-17_04_00.828,416,2,1,1,-20.235,-2.199,0.788
2012-05-05-17_04_00.829,416,3,1,1,-29.179,-2.302,0.888
2012-05-05-17_04_00.830,416,3,1,1,-29.154,-2.201,0.888
2012-05-05-17_04_00.830,416,3,1,1,-29.250,-2.283,0.888
2012-05-05-17_04_00.831,416,4,1,1,-38.176,-2.304,0.688
2012-05-05-17_04_00.832,416,4,1,1,-38.150,-2.203,0.688
2012-05-05-17_04_00.833,416,4,1,1,-38.246,-2.285,0.688
2012-05-05-17_04_00.834,416,5,1,1,-47.194,-2.289,0.988
2012-05-05-17_04_00.834,416,5,1,1,-47.277,-2.269,0.988
2012-05-05-17_04_00.835,416,5,1,1,-47.248,-2.292,0.888
2012-05-05-17_04_00.836,416,6,1,1,-56.221,-2.364,1.188
2012-05-05-17_04_00.837,416,6,1,1,-56.196,-2.264,1.188
2012-05-05-17_04_00.837,416,6,1,1,-56.292,-2.346,1.188
2012-05-05-17_04_00.838,416,7,1,1,-65.186,-2.282,1.588
2012-05-05-17_04_00.839,416,7,1,1,-65.194,-2.280,1.488
2012-05-05-17_04_00.840,416,7,1,1,-65.173,-2.180,1.588
2012-05-05-17_04_00.840,416,0,2,0,2.260,-6.779,1.902
2012-05-05-17_04_00.841,416,0,2,0,2.295,-6.689,1.901
2012-05-05-17_04_00.842,416,0,2,0,2.199,-6.759,1.902
2012-05-05-17_04_00.843,416,1,2,0,-6.746,-6.793,1.702
2012-05-05-17_04_00.843,416,1,2,0,-6.826,-6.772,1.702
2012-05-05-17_04_00.844,416,1,2,0,-6.767,-6.705,1.701
2012-05-05-17_04_00.845,416,2,2,0,-15.705,-6.709,1.002
2012-05-05-17_04_00.845,416,2,2,0,-15.766,-6.689,1.002
2012-05-05-17_04_00.846,416,2,2,0,-15.712,-6.637,1.002
2012-05-05-17_04_00.847,416,3,2,0,-24.727,-6.792,1.302
2012-05-05-17_04_00.848,416,3,2,0,-24.692,-6.701,1.401
2012-05-05-17_04_00.849,416,3,2,0,-24.788,-6.771,1.302
2012-05-05-17_04_00.849,416,4,2,0,-33.724,-6.793,0.802
2012-05-05-17_04_00.850,416,4,2,0,-33.689,-6.703,0.801
2012-05-05-17_04_00.851,416,4,2,0,-33.784,-6.773,0.702
2012-05-05-17_04_00.852,416,5,2,0,-42.733,-6.789,1.001
2012-05-05-17_04_00.852,416,5,2,0,-42.679,-6.840,1.002
2012-05-05-17_04_00.853,416,5,2,0,-42.774,-6.807,1.002
2012-05-05-17_04_00.854,416,6,2,0,-51.769,-6.854,1.202
2012-05-05-17_04_00.855,416,6,2,0,-51.734,-6.763,1.201
2012-05-05-17_04_00.865,416,6,2,0,-51.830,-6.834,1.202
2012-05-05-17_04_00.866,416,7,2,0,-60.664,-6.790,1.702
2012-05-05-17_04_00.866,416,7,2,0,-60.725,-6.770,1.702
2012-05-05-17_04_00.867,416,7,2,0,-60.671,-6.718,1.702
2012-05-05-17_04_00.868,416,0,2,1,-2.192,-6.786,1.810
2012-05-05-17_04_00.868,416,0,2,1,-2.165,-6.689,1.810
2012-05-05-17_04_00.869,416,0,2,1,-2.266,-6.769,1.810
2012-05-05-17_04_00.870,416,1,2,1,-11.203,-6.792,1.610
2012-05-05-17_04_00.871,416,1,2,1,-11.339,-6.721,1.610
2012-05-05-17_04_00.871,416,1,2,1,-11.229,-6.706,1.610
2012-05-05-17_04_00.874,416,2,2,1,-20.157,-6.716,1.010
2012-05-05-17_04_00.875,416,2,2,1,-20.230,-6.699,1.010
2012-05-05-17_04_00.875,416,2,2,1,-20.235,-6.697,1.010
2012-05-05-17_04_00.876,416,3,2,1,-29.179,-6.799,1.010
2012-05-05-17_04_00.877,416,3,2,1,-29.152,-6.701,1.010
2012-05-05-17_04_00.877,416,3,2,1,-29.252,-6.781,1.010
2012-05-05-17_04_00.878,416,4,2,1,-38.176,-6.800,0.810
2012-05-05-17_04_00.879,416,4,2,1,-38.148,-6.703,0.710
2012-05-05-17_04_00.880,416,4,2,1,-38.249,-6.783,0.710
2012-05-05-17_04_00.881,416,5,2,1,-47.192,-6.789,1.110
2012-05-05-17_04_00.881,416,5,2,1,-47.277,-6.766,1.110
2012-05-05-17_04_00.882,416,5,2,1,-47.248,-6.792,1.010
2012-05-05-17_04_00.883,416,6,2,1,-56.221,-6.861,1.210
2012-05-05-17_04_00.884,416,6,2,1,-56.194,-6.763,1.210
2012-05-05-17_04_00.885,416,6,2,1,-56.295,-6.844,1.210
2012-05-05-17_04_00.885,416,7,2,1,-65.189,-6.780,1.710
2012-05-05-17_04_00.886,416,7,2,1,-65.194,-6.778,1.610
2012-05-05-17_04_00.887,416,7,2,1,-65.174,-6.677,1.810
2012-05-05-17_04_00.887,416,0,3,0,2.269,-11.278,2.019
2012-05-05-17_04_00.888,416,0,3,0,2.294,-11.190,1.920
2012-05-05-17_04_00.889,416,0,3,0,2.196,-11.255,2.020
2012-05-05-17_04_00.889,416,1,3,0,-6.744,-11.289,1.820
2012-05-05-17_04_00.890,416,1,3,0,-6.827,-11.269,1.820
2012-05-05-17_04_00.891,416,1,3,0,-6.765,-11.204,1.820
2012-05-05-17_04_00.892,416,2,3,0,-15.696,-11.208,1.219
2012-05-05-17_04_00.892,416,2,3,0,-15.769,-11.185,1.120
2012-05-05-17_04_00.893,416,2,3,0,-15.715,-11.140,1.120
2012-05-05-17_04_00.894,416,3,3,0,-24.718,-11.290,1.419
2012-05-05-17_04_00.895,416,3,3,0,-24.693,-11.202,1.420
2012-05-05-17_04_00.896,416,3,3,0,-24.791,-11.268,1.420
2012-05-05-17_04_00.896,416,4,3,0,-33.714,-11.292,0.719
2012-05-05-17_04_00.897,416,4,3,0,-33.689,-11.204,0.820
2012-05-05-17_04_00.898,416,4,3,0,-33.787,-11.269,0.820
2012-05-05-17_04_00.899,416,5,3,0,-42.733,-11.290,1.020
2012-05-05-17_04_00.899,416,5,3,0,-42.680,-11.338,1.020
2012-05-05-17_04_00.900,416,5,3,0,-42.777,-11.309,1.120
2012-05-05-17_04_00.901,416,6,3,0,-51.760,-11.352,1.119
2012-05-05-17_04_00.902,416,6,3,0,-51.735,-11.265,1.220
2012-05-05-17_04_00.902,416,6,3,0,-51.833,-11.330,1.120
2012-05-05-17_04_00.903,416,7,3,0,-60.654,-11.288,1.719
2012-05-05-17_04_00.904,416,7,3,0,-60.727,-11.266,1.720
2012-05-05-17_04_00.905,416,7,3,0,-60.673,-11.220,1.820
2012-05-05-17_04_00.905,416,0,3,1,-2.190,-11.288,1.828
2012-05-05-17_04_00.906,416,0,3,1,-2.165,-11.189,1.828
2012-05-05-17_04_00.907,416,0,3,1,-2.266,-11.265,1.927
2012-05-05-17_04_00.908,416,1,3,1,-11.206,-11.289,1.728
2012-05-05-17_04_00.908,416,1,3,1,-11.340,-11.221,1.728
2012-05-05-17_04_00.909,416,1,3,1,-11.227,-11.204,1.727
2012-05-05-17_04_00.909,416,2,3,1,-20.155,-11.218,1.128
2012-05-05-17_04_00.910,416,2,3,1,-20.231,-11.195,1.127
2012-05-05-17_04_00.911,416,2,3,1,-20.238,-11.194,1.127
2012-05-05-17_04_00.912,416,3,3,1,-29.177,-11.300,1.128
2012-05-05-17_04_00.914,416,3,3,1,-29.152,-11.202,1.128
2012-05-05-17_04_00.915,416,3,3,1,-29.253,-11.278,1.127
2012-05-05-17_04_00.915,416,4,3,1,-38.174,-11.302,0.828
2012-05-05-17_04_00.917,416,4,3,1,-38.149,-11.203,0.728
2012-05-05-17_04_00.917,416,4,3,1,-38.249,-11.279,0.727
2012-05-05-17_04_00.918,416,5,3,1,-47.193,-11.289,1.028
2012-05-05-17_04_00.918,416,5,3,1,-47.280,-11.265,1.027
2012-05-05-17_04_00.919,416,5,3,1,-47.249,-11.292,1.127
2012-05-05-17_04_00.920,416,6,3,1,-56.219,-11.363,1.228
2012-05-05-17_04_00.921,416,6,3,1,-56.194,-11.264,1.328
2012-05-05-17_04_00.921,416,6,3,1,-56.295,-11.340,1.227
2012-05-05-17_04_00.922,416,7,3,1,-65.190,-11.276,1.727
2012-05-05-17_04_00.923,416,7,3,1,-65.197,-11.274,1.827
2012-05-05-17_04_00.924,416,7,3,1,-65.177,-11.176,1.727
2012-05-05-17_04_00.925,416,0,4,0,2.269,-15.781,2.039
2012-05-05-17_04_00.925,416,0,4,0,2.296,-15.696,2.039
2012-05-05-17_04_00.926,416,0,4,0,2.193,-15.754,2.039
2012-05-05-17_04_00.927,416,1,4,0,-6.737,-15.790,1.839
2012-05-05-17_04_00.927,416,1,4,0,-6.825,-15.769,1.839
2012-05-05-17_04_00.928,416,1,4,0,-6.763,-15.711,1.839
2012-05-05-17_04_00.929,416,2,4,0,-15.696,-15.711,1.239
2012-05-05-17_04_00.929,416,2,4,0,-15.772,-15.684,1.139
2012-05-05-17_04_00.930,416,2,4,0,-15.715,-15.641,1.239
2012-05-05-17_04_00.932,416,3,4,0,-24.718,-15.793,1.439
2012-05-05-17_04_00.933,416,3,4,0,-24.691,-15.708,1.439
2012-05-05-17_04_00.933,416,3,4,0,-24.794,-15.766,1.439
2012-05-05-17_04_00.934,416,4,4,0,-33.715,-15.795,0.839
2012-05-05-17_04_00.935,416,4,4,0,-33.687,-15.710,0.839
2012-05-05-17_04_00.936,416,4,4,0,-33.790,-15.768,0.739
2012-05-05-17_04_00.937,416,5,4,0,-42.731,-15.796,1.039
2012-05-05-17_04_00.938,416,5,4,0,-42.678,-15.837,1.039
2012-05-05-17_04_00.938,416,5,4,0,-42.777,-15.811,3.739
2012-05-05-17_04_00.939,416,6,4,0,-51.760,-15.856,1.239
2012-05-05-17_04_00.940,416,6,4,0,-51.733,-15.771,1.239
2012-05-05-17_04_00.941,416,6,4,0,-51.836,-15.828,1.139
2012-05-05-17_04_00.941,416,7,4,0,-60.655,-15.792,1.839
2012-05-05-17_04_00.942,416,7,4,0,-60.730,-15.764,1.839
2012-05-05-17_04_00.943,416,7,4,0,-60.674,-15.722,9.939
2012-05-05-17_04_00.944,416,0,4,1,-2.188,-15.794,1.951
2012-05-05-17_04_00.944,416,0,4,1,-2.163,-15.696,1.850
2012-05-05-17_04_00.945,416,0,4,1,-2.266,-15.766,1.950
2012-05-05-17_04_00.945,416,1,4,1,-11.206,-15.791,1.850
2012-05-05-17_04_00.946,416,1,4,1,-11.338,-15.727,1.850
2012-05-05-17_04_00.947,416,1,4,1,-11.230,-15.710,8.450
2012-05-05-17_04_00.948,416,2,4,1,-20.153,-15.724,1.151
2012-05-05-17_04_00.948,416,2,4,1,-20.231,-15.696,1.150
2012-05-05-17_04_00.949,416,2,4,1,-20.239,-15.695,1.150
2012-05-05-17_04_00.950,416,3,4,1,-29.175,-15.806,1.151
2012-05-05-17_04_00.951,416,3,4,1,-29.150,-15.708,1.150
2012-05-05-17_04_00.952,416,3,4,1,-29.253,-15.778,1.150
2012-05-05-17_04_00.954,416,4,4,1,-38.172,-15.808,0.851
2012-05-05-17_04_00.955,416,4,4,1,-38.147,-15.710,0.850
2012-05-05-17_04_00.955,416,4,4,1,-38.250,-15.780,0.850
2012-05-05-17_04_00.956,416,5,4,1,-47.191,-15.796,1.250
2012-05-05-17_04_00.957,416,5,4,1,-47.281,-15.770,1.050
2012-05-05-17_04_00.958,416,5,4,1,-47.249,-15.798,1.050
2012-05-05-17_04_00.959,416,6,4,1,-56.192,-15.770,1.250
2012-05-05-17_04_00.959,416,6,4,1,-56.295,-15.841,1.350
2012-05-05-17_04_00.960,416,6,4,1,-56.303,-15.840,1.350
2012-05-05-17_04_00.961,416,7,4,1,-65.190,-15.777,1.850
2012-05-05-17_04_00.963,416,7,4,1,-65.197,-15.776,1.850
2012-05-05-17_04_00.964,416,7,4,1,-65.177,-15.681,1.850
2012-05-05-17_04_00.965,416,0,5,0,2.268,-20.282,2.063
2012-05-05-17_04_00.967,416,0,5,0,2.296,-20.196,2.063
2012-05-05-17_04_00.969,416,0,5,0,2.193,-20.254,2.063
2012-05-05-17_04_00.970,416,1,5,0,-6.737,-20.294,1.863
2012-05-05-17_04_00.970,416,1,5,0,-6.823,-20.268,1.863
2012-05-05-17_04_00.971,416,1,5,0,-6.761,-20.216,1.863
2012-05-05-17_04_00.972,416,2,5,0,-15.697,-20.212,1.163
2012-05-05-17_04_00.972,416,2,5,0,-15.772,-20.184,1.163
2012-05-05-17_04_00.973,416,2,5,0,-15.718,-20.140,1.163
2012-05-05-17_04_00.974,416,3,5,0,-24.719,-20.295,1.463
2012-05-05-17_04_00.975,416,3,5,0,-24.691,-20.209,1.563
2012-05-05-17_04_00.975,416,3,5,0,-24.794,-20.266,1.563
2012-05-05-17_04_00.976,416,4,5,0,-33.715,-20.296,0.863
2012-05-05-17_04_00.977,416,4,5,0,-33.688,-20.210,0.863
2012-05-05-17_04_00.978,416,4,5,0,-33.791,-20.268,0.863
2012-05-05-17_04_00.978,416,5,5,0,-42.731,-20.296,1.163
2012-05-05-17_04_00.979,416,5,5,0,-42.676,-20.336,1.063
2012-05-05-17_04_00.980,416,5,5,0,-42.780,-20.310,1.063
2012-05-05-17_04_00.982,416,6,5,0,-51.761,-20.357,1.263
2012-05-05-17_04_00.983,416,6,5,0,-51.733,-20.271,1.163
2012-05-05-17_04_00.983,416,6,5,0,-51.836,-20.328,1.163
2012-05-05-17_04_00.984,416,7,5,0,-60.655,-20.293,1.863
2012-05-05-17_04_00.985,416,7,5,0,-60.731,-20.265,1.863
2012-05-05-17_04_00.985,416,7,5,0,-60.677,-20.221,1.863
2012-05-05-17_04_00.986,416,0,5,1,-2.189,-20.292,1.972
2012-05-05-17_04_00.987,416,0,5,1,-2.161,-20.196,1.972
2012-05-05-17_04_00.988,416,0,5,1,-2.264,-20.268,1.972
2012-05-05-17_04_00.988,416,1,5,1,-11.212,-20.294,1.772
2012-05-05-17_04_00.989,416,1,5,1,-11.336,-20.228,1.872
2012-05-05-17_04_00.990,416,1,5,1,-11.231,-20.215,1.872
2012-05-05-17_04_00.991,416,2,5,1,-20.154,-20.222,1.172
2012-05-05-17_04_00.991,416,2,5,1,-20.229,-20.198,1.172
2012-05-05-17_04_00.992,416,2,5,1,-20.234,-20.198,1.172
2012-05-05-17_04_00.993,416,3,5,1,-29.176,-20.304,1.172
2012-05-05-17_04_00.994,416,3,5,1,-29.148,-20.209,1.172
2012-05-05-17_04_00.995,416,3,5,1,-29.251,-20.280,1.172
2012-05-05-17_04_00.996,416,4,5,1,-38.172,-20.306,0.872
2012-05-05-17_04_00.996,416,4,5,1,-38.145,-20.210,0.872
2012-05-05-17_04_00.997,416,4,5,1,-38.248,-20.282,0.872
2012-05-05-17_04_00.998,416,5,5,1,-47.189,-20.296,1.172
2012-05-05-17_04_00.999,416,5,5,1,-47.279,-20.274,1.172
2012-05-05-17_04_01.000,416,5,5,1,-47.247,-20.298,1.172
2012-05-05-17_04_01.000,416,6,5,1,-56.190,-20.271,1.372
2012-05-05-17_04_01.001,416,6,5,1,-56.293,-20.343,1.372
2012-05-05-17_04_01.002,416,6,5,1,-56.298,-20.342,1.372
2012-05-05-17_04_01.004,416,7,5,1,-65.188,-20.279,1.872
2012-05-05-17_04_01.004,416,7,5,1,-65.193,-20.279,1.872
2012-05-05-17_04_01.005,416,7,5,1,-65.175,-20.185,1.872
2012-05-05-17_04_01.006,416,0,6,0,2.273,-24.783,1.981
2012-05-05-17_04_01.006,416,0,6,0,2.303,-24.690,1.981
2012-05-05-17_04_01.007,416,0,6,0,2.190,-24.758,1.981
2012-05-05-17_04_01.007,416,1,6,0,-6.740,-24.796,1.681
2012-05-05-17_04_01.008,416,1,6,0,-6.818,-24.769,1.581
2012-05-05-17_04_01.009,416,1,6,0,-6.759,-24.710,1.681
2012-05-05-17_04_01.010,416,2,6,0,-15.692,-24.713,1.181
2012-05-05-17_04_01.011,416,2,6,0,-15.775,-24.688,1.081
2012-05-05-17_04_01.012,416,2,6,0,-15.748,-24.698,1.181
2012-05-05-17_04_01.013,416,3,6,0,-24.714,-24.795,1.481
2012-05-05-17_04_01.014,416,3,6,0,-24.684,-24.702,1.481
2012-05-05-17_04_01.015,416,3,6,0,-24.797,-24.770,1.481
2012-05-05-17_04_01.015,416,4,6,0,-33.711,-24.797,0.881
2012-05-05-17_04_01.016,416,4,6,0,-33.681,-24.704,0.881
2012-05-05-17_04_01.019,416,4,6,0,-33.793,-24.772,0.881
2012-05-05-17_04_01.019,416,5,6,0,-42.724,-24.790,1.381
2012-05-05-17_04_01.020,416,5,6,0,-42.671,-24.837,1.381
2012-05-05-17_04_01.020,416,5,6,0,-42.778,-24.805,1.281
2012-05-05-17_04_01.021,416,6,6,0,-51.756,-24.858,1.381
2012-05-05-17_04_01.022,416,6,6,0,-51.726,-24.765,1.381
2012-05-05-17_04_01.023,416,6,6,0,-51.673,-24.812,1.481
2012-05-05-17_04_01.024,416,7,6,0,-60.651,-24.794,2.081
2012-05-05-17_04_01.024,416,7,6,0,-60.734,-24.769,2.081
2012-05-05-17_04_01.025,416,7,6,0,-60.675,-24.716,2.081
2012-05-05-17_04_01.026,416,0,6,1,-2.187,-24.789,1.890
2012-05-05-17_04_01.027,416,0,6,1,-2.159,-24.690,1.890
2012-05-05-17_04_01.028,416,0,6,1,-2.260,-24.770,1.990
2012-05-05-17_04_01.028,416,1,6,1,-11.212,-24.796,1.690
2012-05-05-17_04_01.029,416,1,6,1,-11.334,-24.722,1.690
2012-05-05-17_04_01.030,416,1,6,1,-11.234,-24.710,1.690
2012-05-05-17_04_01.031,416,2,6,1,-20.152,-24.719,1.090
2012-05-05-17_04_01.032,416,2,6,1,-20.225,-24.700,1.190
2012-05-05-17_04_01.033,416,2,6,1,-20.235,-24.700,1.190
2012-05-05-17_04_01.033,416,3,6,1,-29.174,-24.801,1.190
2012-05-05-17_04_01.034,416,3,6,1,-29.146,-24.702,1.390
2012-05-05-17_04_01.035,416,3,6,1,-29.247,-24.783,1.190
2012-05-05-17_04_01.036,416,4,6,1,-38.170,-24.803,0.990
2012-05-05-17_04_01.036,416,4,6,1,-38.143,-24.704,0.990
2012-05-05-17_04_01.037,416,4,6,1,-38.243,-24.784,0.990
2012-05-05-17_04_01.038,416,5,6,1,-47.187,-24.790,1.390
2012-05-05-17_04_01.040,416,5,6,1,-47.274,-24.770,1.390
2012-05-05-17_04_01.040,416,5,6,1,-47.243,-24.792,1.390
2012-05-05-17_04_01.042,416,6,6,1,-56.216,-24.863,1.490
2012-05-05-17_04_01.042,416,6,6,1,-56.188,-24.764,1.490
2012-05-05-17_04_01.043,416,6,6,1,-56.289,-24.845,1.390
2012-05-05-17_04_01.044,416,7,6,1,-65.184,-24.781,1.990
2012-05-05-17_04_01.045,416,7,6,1,-65.193,-24.781,1.990
2012-05-05-17_04_01.045,416,7,6,1,-65.171,-24.680,2.090
2012-05-05-17_04_01.046,416,0,7,0,2.263,-29.280,2.001
2012-05-05-17_04_01.048,416,0,7,0,2.305,-29.189,4.401
2012-05-05-17_04_01.049,416,0,7,0,2.190,-29.259,2.001
2012-05-05-17_04_01.049,416,1,7,0,-6.743,-29.293,1.701
2012-05-05-17_04_01.050,416,1,7,0,-6.821,-29.272,1.701
2012-05-05-17_04_01.051,416,1,7,0,-6.762,-29.206,1.701
2012-05-05-17_04_01.051,416,2,7,0,-15.702,-29.210,1.201
2012-05-05-17_04_01.052,416,2,7,0,-15.775,-29.189,1.101
2012-05-05-17_04_01.053,416,2,7,0,-15.716,-29.137,1.101
2012-05-05-17_04_01.054,416,3,7,0,-24.724,-29.292,1.401
2012-05-05-17_04_01.054,416,3,7,0,-24.682,-29.201,1.201
2012-05-05-17_04_01.055,416,3,7,0,-24.797,-29.271,1.401
2012-05-05-17_04_01.056,416,4,7,0,-33.721,-29.294,1.001
2012-05-05-17_04_01.058,416,4,7,0,-33.679,-29.203,1.001
2012-05-05-17_04_01.059,416,4,7,0,-33.794,-29.273,1.001
2012-05-05-17_04_01.059,416,5,7,0,-42.722,-29.289,1.501
2012-05-05-17_04_01.060,416,5,7,0,-42.674,-29.340,1.401
2012-05-05-17_04_01.061,416,5,7,0,-42.779,-29.307,1.301
2012-05-05-17_04_01.061,416,6,7,0,-51.766,-29.354,1.401
2012-05-05-17_04_01.062,416,6,7,0,-51.724,-29.264,1.501
2012-05-05-17_04_01.063,416,6,7,0,-51.676,-29.315,1.401
2012-05-05-17_04_01.064,416,7,7,0,-60.661,-29.290,2.101
2012-05-05-17_04_01.065,416,7,7,0,-60.734,-29.270,2.201
2012-05-05-17_04_01.066,416,7,7,0,-60.675,-29.218,2.201
2012-05-05-17_04_01.066,416,0,7,1,-2.190,-29.286,2.013
2012-05-05-17_04_01.067,416,0,7,1,-2.165,-29.188,2.013
2012-05-05-17_04_01.068,416,0,7,1,-2.263,-29.270,2.013
2012-05-05-17_04_01.068,416,1,7,1,-11.213,-29.292,1.813
2012-05-05-17_04_01.069,416,1,7,1,-11.339,-29.220,1.713
2012-05-05-17_04_01.071,416,1,7,1,-11.236,-29.205,1.713
2012-05-05-17_04_01.071,416,2,7,1,-20.155,-29.216,1.113
2012-05-05-17_04_01.072,416,2,7,1,-20.228,-29.200,1.113
2012-05-05-17_04_01.073,416,2,7,1,-20.233,-29.196,1.113
2012-05-05-17_04_01.073,416,3,7,1,-29.177,-29.298,1.213
2012-05-05-17_04_01.074,416,3,7,1,-29.152,-29.201,1.413
2012-05-05-17_04_01.075,416,3,7,1,-29.250,-29.282,1.213
2012-05-05-17_04_01.076,416,4,7,1,-38.173,-29.300,1.013
2012-05-05-17_04_01.077,416,4,7,1,-38.148,-29.202,1.013
2012-05-05-17_04_01.077,416,4,7,1,-38.246,-29.284,1.013
2012-05-05-17_04_01.078,416,5,7,1,-47.192,-29.288,1.513
2012-05-05-17_04_01.079,416,5,7,1,-47.275,-29.266,1.513
2012-05-05-17_04_01.079,416,5,7,1,-47.243,-29.292,1.513
2012-05-05-17_04_01.080,416,6,7,1,-56.219,-29.361,1.413
2012-05-05-17_04_01.081,416,6,7,1,-56.194,-29.263,1.513
2012-05-05-17_04_01.082,416,6,7,1,-56.292,-29.344,1.413
2012-05-05-17_04_01.082,416,7,7,1,-65.186,-29.280,2.013
2012-05-05-17_04_01.083,416,7,7,1,-65.191,-29.277,5.513
2012-05-05-17_04_01.084,416,7,7,1,-65.171,-29.177,2.213
2012-05-05-17_04_01.085,416,0,8,0,2.274,-33.778,2.026
2012-05-05-17_04_01.086,416,0,8,0,2.304,-33.688,2.026
2012-05-05-17_04_01.086,416,0,8,0,2.189,-33.755,1.926
2012-05-05-17_04_01.087,416,1,8,0,-6.746,-33.788,1.726
2012-05-05-17_04_01.088,416,1,8,0,-6.817,-33.768,1.726
2012-05-05-17_04_01.089,416,1,8,0,-6.763,-33.703,1.726
2012-05-05-17_04_01.089,416,2,8,0,-15.690,-33.708,1.226
2012-05-05-17_04_01.090,416,2,8,0,-15.776,-33.685,1.126
2012-05-05-17_04_01.091,416,2,8,0,-15.709,-33.638,1.126
2012-05-05-17_04_01.091,416,3,8,0,-24.712,-33.790,1.426
2012-05-05-17_04_01.092,416,3,8,0,-24.683,-33.700,1.426
2012-05-05-17_04_01.093,416,3,8,0,-24.798,-33.767,1.426
2012-05-05-17_04_01.094,416,4,8,0,-33.709,-33.792,1.026
2012-05-05-17_04_01.094,416,4,8,0,-33.679,-33.702,1.026
2012-05-05-17_04_01.095,416,4,8,0,-33.794,-33.769,1.026
2012-05-05-17_04_01.096,416,5,8,0,-42.723,-33.788,1.426
2012-05-05-17_04_01.097,416,5,8,0,-42.670,-33.836,1.326
2012-05-05-17_04_01.098,416,5,8,0,-42.772,-33.808,1.326
2012-05-05-17_04_01.098,416,6,8,0,-51.755,-33.852,1.326
2012-05-05-17_04_01.099,416,6,8,0,-51.725,-33.763,1.426
2012-05-05-17_04_01.101,416,6,8,0,-51.671,-33.811,1.426
2012-05-05-17_04_01.102,416,7,8,0,-60.649,-33.788,2.126
2012-05-05-17_04_01.103,416,7,8,0,-60.734,-33.766,2.226
2012-05-05-17_04_01.103,416,7,8,0,-60.668,-33.719,2.226
2012-05-05-17_04_01.104,416,0,8,1,-2.190,-33.787,2.036
2012-05-05-17_04_01.105,416,0,8,1,-2.165,-33.687,2.036
2012-05-05-17_04_01.106,416,0,8,1,-2.261,-33.766,2.036
2012-05-05-17_04_01.106,416,1,8,1,-11.213,-33.787,1.736
2012-05-05-17_04_01.107,416,1,8,1,-11.339,-33.719,1.736
2012-05-05-17_04_01.109,416,1,8,1,-11.237,-33.702,1.736
2012-05-05-17_04_01.110,416,2,8,1,-20.155,-33.717,1.236
2012-05-05-17_04_01.110,416,2,8,1,-20.226,-33.696,1.236
2012-05-05-17_04_01.111,416,2,8,1,-20.233,-33.693,1.236
2012-05-05-17_04_01.112,416,3,8,1,-29.177,-33.799,1.136
2012-05-05-17_04_01.112,416,3,8,1,-29.152,-33.699,1.136
2012-05-05-17_04_01.113,416,3,8,1,-29.248,-33.778,1.136
2012-05-05-17_04_01.114,416,4,8,1,-38.174,-33.801,1.036
2012-05-05-17_04_01.115,416,4,8,1,-38.148,-33.701,1.036
2012-05-05-17_04_01.115,416,4,8,1,-38.244,-33.780,1.036
2012-05-05-17_04_01.116,416,5,8,1,-47.192,-33.787,1.536
2012-05-05-17_04_01.118,416,5,8,1,-47.275,-33.763,1.436
2012-05-05-17_04_01.119,416,5,8,1,-47.246,-33.793,1.436
2012-05-05-17_04_01.120,416,6,8,1,-56.219,-33.861,1.436
2012-05-05-17_04_01.123,416,6,8,1,-56.194,-33.762,1.536
2012-05-05-17_04_01.124,416,6,8,1,-56.290,-33.841,1.536
2012-05-05-17_04_01.126,416,7,8,1,-65.184,-33.777,2.236
2012-05-05-17_04_01.126,416,7,8,1,-65.192,-33.774,2.236
2012-05-05-17_04_01.127,416,7,8,1,-65.171,-33.674,2.336
2012-05-05-17_04_01.128,416,0,9,0,2.276,-38.282,2.045
2012-05-05-17_04_01.128,416,0,9,0,2.304,-38.195,2.045
2012-05-05-17_04_01.129,416,0,9,0,2.191,-38.254,2.045
2012-05-05-17_04_01.129,416,1,9,0,-6.746,-38.289,1.845
2012-05-05-17_04_01.130,416,1,9,0,-6.820,-38.268,1.845
2012-05-05-17_04_01.131,416,1,9,0,-6.768,-38.211,1.845
2012-05-05-17_04_01.131,416,2,9,0,-15.688,-38.212,1.245
2012-05-05-17_04_01.132,416,2,9,0,-15.774,-38.184,1.245
2012-05-05-17_04_01.132,416,2,9,0,-15.710,-38.141,1.245
2012-05-05-17_04_01.133,416,3,9,0,-24.710,-38.294,1.545
2012-05-05-17_04_01.134,416,3,9,0,-24.683,-38.208,1.545
2012-05-05-17_04_01.134,416,3,9,0,-24.796,-38.266,1.545
2012-05-05-17_04_01.135,416,4,9,0,-33.707,-38.296,1.045
2012-05-05-17_04_01.136,416,4,9,0,-33.680,-38.209,0.945
2012-05-05-17_04_01.136,416,4,9,0,-33.792,-38.268,0.945
2012-05-05-17_04_01.137,416,5,9,0,-42.723,-38.295,1.445
2012-05-05-17_04_01.137,416,5,9,0,-42.672,-38.336,1.445
2012-05-05-17_04_01.138,416,5,9,0,-42.772,-38.311,1.445
2012-05-05-17_04_01.138,416,6,9,0,-51.753,-38.356,1.445
2012-05-05-17_04_01.139,416,6,9,0,-51.725,-38.270,1.445
2012-05-05-17_04_01.140,416,6,9,0,-51.838,-38.329,1.345
2012-05-05-17_04_01.140,416,7,9,0,-60.647,-38.293,2.145
2012-05-05-17_04_01.141,416,7,9,0,-60.732,-38.265,2.145
2012-05-05-17_04_01.141,416,7,9,0,-60.669,-38.222,2.145
2012-05-05-17_04_01.142,416,0,9,1,-2.188,-38.293,2.054
2012-05-05-17_04_01.143,416,0,9,1,-2.165,-38.195,1.954
2012-05-05-17_04_01.143,416,0,9,1,-2.259,-38.268,2.054
2012-05-05-17_04_01.144,416,1,9,1,-11.213,-38.289,1.854
2012-05-05-17_04_01.144,416,1,9,1,-11.340,-38.227,1.854
2012-05-05-17_04_01.145,416,1,9,1,-11.235,-38.209,1.854
2012-05-05-17_04_01.145,416,2,9,1,-20.153,-38.223,1.354
2012-05-05-17_04_01.146,416,2,9,1,-20.224,-38.198,1.254
2012-05-05-17_04_01.147,416,2,9,1,-20.233,-38.195,1.254
2012-05-05-17_04_01.147,416,3,9,1,-29.175,-38.305,1.354
2012-05-05-17_04_01.148,416,3,9,1,-29.152,-38.207,1.354
2012-05-05-17_04_01.149,416,3,9,1,-29.246,-38.280,1.354
2012-05-05-17_04_01.150,416,4,9,1,-38.172,-38.307,1.054
2012-05-05-17_04_01.150,416,4,9,1,-38.149,-38.209,1.054
2012-05-05-17_04_01.151,416,4,9,1,-38.242,-38.282,1.054
2012-05-05-17_04_01.152,416,5,9,1,-47.193,-38.295,1.554
2012-05-05-17_04_01.153,416,5,9,1,-47.276,-38.269,1.554
2012-05-05-17_04_01.154,416,5,9,1,-47.246,-38.299,1.554
2012-05-05-17_04_01.155,416,6,9,1,-56.194,-38.269,1.554
2012-05-05-17_04_01.155,416,6,9,1,-56.288,-38.342,1.554
2012-05-05-17_04_01.157,416,6,9,1,-56.297,-38.340,1.554
2012-05-05-17_04_01.158,416,7,9,1,-65.182,-38.279,2.054
2012-05-05-17_04_01.159,416,7,9,1,-65.192,-38.276,2.054
2012-05-05-17_04_01.159,416,7,9,1,-65.172,-38.180,2.054
2012-05-05-17_04_01.160,416,0,10,0,2.276,-42.783,2.066
2012-05-05-17_04_01.160,416,0,10,0,2.306,-42.696,2.066
2012-05-05-17_04_01.161,416,0,10,0,2.193,-42.755,2.066
2012-05-05-17_04_01.162,416,1,10,0,-6.747,-42.792,1.866
2012-05-05-17_04_01.163,416,1,10,0,-6.822,-42.766,1.866
2012-05-05-17_04_01.163,416,1,10,0,-6.768,-42.715,1.866
2012-05-05-17_04_01.164,416,2,10,0,-15.689,-42.713,1.266
2012-05-05-17_04_01.166,416,2,10,0,-15.772,-42.685,1.266
2012-05-05-17_04_01.167,416,2,10,0,-15.708,-42.639,1.266
2012-05-05-17_04_01.167,416,3,10,0,-24.711,-42.795,1.466
2012-05-05-17_04_01.168,416,3,10,0,-24.681,-42.708,1.566
2012-05-05-17_04_01.169,416,3,10,0,-24.794,-42.767,1.566
2012-05-05-17_04_01.172,416,4,10,0,-33.707,-42.797,1.066
2012-05-05-17_04_01.173,416,4,10,0,-33.678,-42.710,0.966
2012-05-05-17_04_01.174,416,4,10,0,-33.790,-42.769,0.966
2012-05-05-17_04_01.175,416,5,10,0,-42.721,-42.795,1.366
2012-05-05-17_04_01.175,416,5,10,0,-42.675,-42.834,1.366
2012-05-05-17_04_01.176,416,5,10,0,-42.770,-42.809,1.366
2012-05-05-17_04_01.177,416,6,10,0,-51.753,-42.858,1.466
2012-05-05-17_04_01.178,416,6,10,0,-51.723,-42.770,1.366
2012-05-05-17_04_01.178,416,6,10,0,-51.836,-42.830,1.366
2012-05-05-17_04_01.179,416,7,10,0,-60.648,-42.794,2.166
2012-05-05-17_04_01.180,416,7,10,0,-60.730,-42.766,2.266
2012-05-05-17_04_01.181,416,7,10,0,-60.667,-42.720,2.166
2012-05-05-17_04_01.181,416,0,10,1,-2.191,-42.791,1.978
2012-05-05-17_04_01.182,416,0,10,1,-2.168,-42.695,1.978
2012-05-05-17_04_01.183,416,0,10,1,-2.264,-42.769,2.078
2012-05-05-17_04_01.185,416,1,10,1,-11.214,-42.792,1.878
2012-05-05-17_04_01.186,416,1,10,1,-11.343,-42.727,1.878
2012-05-05-17_04_01.186,416,1,10,1,-11.235,-42.714,1.878
2012-05-05-17_04_01.187,416,2,10,1,-20.156,-42.721,1.378
2012-05-05-17_04_01.188,416,2,10,1,-20.229,-42.699,1.378
2012-05-05-17_04_01.189,416,2,10,1,-20.234,-42.698,1.278
2012-05-05-17_04_01.190,416,3,10,1,-29.178,-42.803,1.278
2012-05-05-17_04_01.190,416,3,10,1,-29.155,-42.707,1.278
2012-05-05-17_04_01.191,416,3,10,1,-29.251,-42.781,1.278
2012-05-05-17_04_01.192,416,4,10,1,-38.174,-42.805,1.078
2012-05-05-17_04_01.192,416,4,10,1,-38.152,-42.709,1.078
2012-05-05-17_04_01.193,416,4,10,1,-38.248,-42.783,1.078
2012-05-05-17_04_01.194,416,5,10,1,-47.196,-42.795,1.578
2012-05-05-17_04_01.194,416,5,10,1,-47.276,-42.773,1.478
2012-05-05-17_04_01.195,416,5,10,1,-47.247,-42.798,1.578
2012-05-05-17_04_01.196,416,6,10,1,-56.220,-42.866,1.578
2012-05-05-17_04_01.197,416,6,10,1,-56.197,-42.770,1.578
2012-05-05-17_04_01.198,416,6,10,1,-56.293,-42.844,1.478
2012-05-05-17_04_01.198,416,7,10,1,-65.188,-42.780,2.078
2012-05-05-17_04_01.199,416,7,10,1,-65.193,-42.779,2.078
2012-05-05-17_04_01.200,416,7,10,1,-65.172,-42.684,2.078
2012-05-05-17_04_01.201,416,0,11,0,2.280,-47.282,2.090
2012-05-05-17_04_01.202,416,0,11,0,2.303,-47.190,2.090
2012-05-05-17_04_01.204,416,0,11,0,2.195,-47.258,2.090
2012-05-05-17_04_01.205,416,1,11,0,-6.750,-47.295,1.890
2012-05-05-17_04_01.206,416,1,11,0,-6.825,-47.268,1.890
2012-05-05-17_04_01.207,416,1,11,0,-6.771,-47.209,1.890
2012-05-05-17_04_01.208,416,2,11,0,-15.684,-47.212,1.290
2012-05-05-17_04_01.208,416,2,11,0,-15.770,-47.188,1.290
2012-05-05-17_04_01.209,416,2,11,0,-15.740,-47.198,1.290
2012-05-05-17_04_01.210,416,3,11,0,-24.706,-47.294,1.590
2012-05-05-17_04_01.211,416,3,11,0,-24.684,-47.202,1.590
2012-05-05-17_04_01.211,416,3,11,0,-24.792,-47.271,1.590
2012-05-05-17_04_01.212,416,4,11,0,-33.703,-47.296,0.990
2012-05-05-17_04_01.213,416,4,11,0,-33.680,-47.204,0.990
2012-05-05-17_04_01.214,416,4,11,0,-33.788,-47.272,0.990
2012-05-05-17_04_01.214,416,5,11,0,-42.724,-47.290,1.490
2012-05-05-17_04_01.215,416,5,11,0,-42.678,-47.336,1.490
2012-05-05-17_04_01.216,416,5,11,0,-42.771,-47.304,1.490
2012-05-05-17_04_01.217,416,6,11,0,-51.748,-47.356,1.390
2012-05-05-17_04_01.218,416,6,11,0,-51.726,-47.264,1.390
2012-05-05-17_04_01.218,416,6,11,0,-51.834,-47.333,1.390
2012-05-05-17_04_01.219,416,7,11,0,-60.643,-47.292,2.190
2012-05-05-17_04_01.220,416,7,11,0,-60.728,-47.269,2.290
2012-05-05-17_04_01.221,416,7,11,0,-60.667,-47.215,2.290
2012-05-05-17_04_01.222,416,0,11,1,-2.194,-47.289,2.099
2012-05-05-17_04_01.222,416,0,11,1,-2.169,-47.189,2.099
2012-05-05-17_04_01.223,416,0,11,1,-2.262,-47.270,2.099
2012-05-05-17_04_01.225,416,1,11,1,-11.214,-47.295,1.899
2012-05-05-17_04_01.226,416,1,11,1,-11.343,-47.221,1.899
2012-05-05-17_04_01.227,416,1,11,1,-11.236,-47.209,1.899
2012-05-05-17_04_01.227,416,2,11,1,-20.159,-47.219,1.399
2012-05-05-17_04_01.228,416,2,11,1,-20.227,-47.200,1.299
2012-05-05-17_04_01.229,416,2,11,1,-20.232,-47.199,1.299
2012-05-05-17_04_01.230,416,3,11,1,-29.181,-47.301,1.199
2012-05-05-17_04_01.230,416,3,11,1,-29.156,-47.201,1.399
2012-05-05-17_04_01.231,416,3,11,1,-29.249,-47.283,1.299
2012-05-05-17_04_01.232,416,4,11,1,-38.177,-47.303,1.099
2012-05-05-17_04_01.233,416,4,11,1,-38.152,-47.203,1.099
2012-05-05-17_04_01.233,416,4,11,1,-38.246,-47.284,1.099
2012-05-05-17_04_01.234,416,5,11,1,-47.196,-47.289,1.599
2012-05-05-17_04_01.235,416,5,11,1,-47.279,-47.270,1.599
2012-05-05-17_04_01.236,416,5,11,1,-47.247,-47.292,1.599
2012-05-05-17_04_01.237,416,6,11,1,-56.223,-47.364,1.599
2012-05-05-17_04_01.237,416,6,11,1,-56.198,-47.264,1.599
2012-05-05-17_04_01.238,416,6,11,1,-56.291,-47.345,1.499
2012-05-05-17_04_01.239,416,7,11,1,-65.186,-47.281,2.199
2012-05-05-17_04_01.240,416,7,11,1,-65.191,-47.280,2.099
2012-05-05-17_04_01.240,416,7,11,1,-65.175,-47.181,2.299
2012-05-05-17_04_01.241,416,0,12,0,2.268,-51.780,2.307
2012-05-05-17_04_01.242,416,0,12,0,2.303,-51.690,2.307
2012-05-05-17_04_01.242,416,0,12,0,2.195,-51.759,2.307
2012-05-05-17_04_01.243,416,1,12,0,-6.750,-51.794,2.007
2012-05-05-17_04_01.244,416,1,12,0,-6.828,-51.773,1.907
2012-05-05-17_04_01.244,416,1,12,0,-6.772,-51.707,1.907
2012-05-05-17_04_01.245,416,2,12,0,-15.697,-51.710,1.307
2012-05-05-17_04_01.246,416,2,12,0,-15.770,-51.689,1.307
2012-05-05-17_04_01.247,416,2,12,0,-15.709,-51.638,1.307
2012-05-05-17_04_01.247,416,3,12,0,-24.719,-51.792,1.707
2012-05-05-17_04_01.248,416,3,12,0,-24.684,-51.702,1.707
2012-05-05-17_04_01.249,416,3,12,0,-24.792,-51.771,1.707
2012-05-05-17_04_01.250,416,4,12,0,-33.716,-51.794,1.107
2012-05-05-17_04_01.250,416,4,12,0,-33.681,-51.704,1.107
2012-05-05-17_04_01.251,416,4,12,0,-33.789,-51.773,1.107
2012-05-05-17_04_01.252,416,5,12,0,-42.725,-51.790,1.307
2012-05-05-17_04_01.253,416,5,12,0,-42.681,-51.841,1.307
2012-05-05-17_04_01.254,416,5,12,0,-42.771,-51.808,1.307
2012-05-05-17_04_01.255,416,6,12,0,-51.761,-51.854,1.407
2012-05-05-17_04_01.256,416,6,12,0,-51.726,-51.764,1.407
2012-05-05-17_04_01.257,416,6,12,0,-51.834,-51.833,1.407
2012-05-05-17_04_01.257,416,7,12,0,-60.656,-51.790,2.107
2012-05-05-17_04_01.259,416,7,12,0,-60.729,-51.769,2.207
2012-05-05-17_04_01.260,416,7,12,0,-60.667,-51.719,2.107
2012-05-05-17_04_01.261,416,0,12,1,-2.197,-51.787,2.216
2012-05-05-17_04_01.262,416,0,12,1,-2.172,-51.689,2.116
2012-05-05-17_04_01.262,416,0,12,1,-2.265,-51.769,2.216
2012-05-05-17_04_01.263,416,1,12,1,-11.215,-51.793,1.916
2012-05-05-17_04_01.264,416,1,12,1,-11.346,-51.721,1.916
2012-05-05-17_04_01.265,416,1,12,1,-11.236,-51.706,1.916
2012-05-05-17_04_01.265,416,2,12,1,-20.162,-51.717,1.316
2012-05-05-17_04_01.266,416,2,12,1,-20.230,-51.699,1.316
2012-05-05-17_04_01.267,416,2,12,1,-20.237,-51.697,1.316
2012-05-05-17_04_01.267,416,3,12,1,-29.184,-51.799,1.316
2012-05-05-17_04_01.268,416,3,12,1,-29.159,-51.701,1.616
2012-05-05-17_04_01.269,416,3,12,1,-29.252,-51.781,1.516
2012-05-05-17_04_01.270,416,4,12,1,-38.180,-51.801,1.116
2012-05-05-17_04_01.270,416,4,12,1,-38.155,-51.703,1.116
2012-05-05-17_04_01.271,416,4,12,1,-38.248,-51.783,1.116
2012-05-05-17_04_01.272,416,5,12,1,-47.199,-51.789,1.316
2012-05-05-17_04_01.273,416,5,12,1,-47.279,-51.767,1.316
2012-05-05-17_04_01.275,416,5,12,1,-47.253,-51.792,1.316
2012-05-05-17_04_01.276,416,6,12,1,-56.226,-51.862,1.516
2012-05-05-17_04_01.276,416,6,12,1,-56.201,-51.764,1.616
2012-05-05-17_04_01.277,416,6,12,1,-56.294,-51.844,1.516
2012-05-05-17_04_01.278,416,7,12,1,-65.188,-51.780,2.216
2012-05-05-17_04_01.278,416,7,12,1,-65.196,-51.778,2.216
2012-05-05-17_04_01.279,416,7,12,1,-65.176,-51.678,2.216
2012-05-05-17_04_01.280,416,0,13,0,2.275,-56.278,2.327
2012-05-05-17_04_01.280,416,0,13,0,2.302,-56.190,2.327
2012-05-05-17_04_01.281,416,0,13,0,2.199,-56.254,2.327
2012-05-05-17_04_01.282,416,1,13,0,-6.753,-56.289,1.927
2012-05-05-17_04_01.283,416,1,13,0,-6.829,-56.269,2.027
2012-05-05-17_04_01.284,416,1,13,0,-6.772,-56.204,2.027
2012-05-05-17_04_01.284,416,2,13,0,-15.690,-56.208,1.327
2012-05-05-17_04_01.286,416,2,13,0,-15.766,-56.184,1.327
2012-05-05-17_04_01.287,416,2,13,0,-15.712,-56.139,1.327
2012-05-05-17_04_01.288,416,3,13,0,-24.712,-56.290,1.727
2012-05-05-17_04_01.288,416,3,13,0,-24.685,-56.202,1.627
2012-05-05-17_04_01.289,416,3,13,0,-24.788,-56.267,1.727
2012-05-05-17_04_01.290,416,4,13,0,-33.709,-56.292,1.227
2012-05-05-17_04_01.291,416,4,13,0,-33.681,-56.204,1.127
2012-05-05-17_04_01.291,416,4,13,0,-33.784,-56.268,1.127
2012-05-05-17_04_01.292,416,5,13,0,-42.725,-56.290,1.327
2012-05-05-17_04_01.293,416,5,13,0,-42.681,-56.338,1.327
2012-05-05-17_04_01.293,416,5,13,0,-42.774,-56.309,1.327
2012-05-05-17_04_01.294,416,6,13,0,-51.754,-56.353,1.527
2012-05-05-17_04_01.295,416,6,13,0,-51.727,-56.265,1.427
2012-05-05-17_04_01.296,416,6,13,0,-51.830,-56.329,1.427
2012-05-05-17_04_01.296,416,7,13,0,-60.649,-56.289,2.127
2012-05-05-17_04_01.297,416,7,13,0,-60.724,-56.265,2.127
2012-05-05-17_04_01.298,416,7,13,0,-60.670,-56.220,2.127
2012-05-05-17_04_01.298,416,0,13,1,-2.200,-56.289,2.139
2012-05-05-17_04_01.299,416,0,13,1,-2.174,-56.189,2.239
2012-05-05-17_04_01.300,416,0,13,1,-2.268,-56.265,2.239
2012-05-05-17_04_01.301,416,1,13,1,-11.213,-56.288,3.139
2012-05-05-17_04_01.301,416,1,13,1,-11.349,-56.221,1.939
2012-05-05-17_04_01.302,416,1,13,1,-11.236,-56.204,2.039
2012-05-05-17_04_01.303,416,2,13,1,-20.164,-56.219,1.339
2012-05-05-17_04_01.304,416,2,13,1,-20.233,-56.195,1.339
2012-05-05-17_04_01.304,416,2,13,1,-20.237,-56.194,1.339
2012-05-05-17_04_01.305,416,3,13,1,-29.186,-56.301,1.439
2012-05-05-17_04_01.306,416,3,13,1,-29.161,-56.202,1.639
2012-05-05-17_04_01.307,416,3,13,1,-29.255,-56.277,1.439
2012-05-05-17_04_01.308,416,4,13,1,-38.183,-56.303,1.139
2012-05-05-17_04_01.308,416,4,13,1,-38.158,-56.203,1.139
2012-05-05-17_04_01.309,416,4,13,1,-38.251,-56.279,1.139
2012-05-05-17_04_01.310,416,5,13,1,-47.202,-56.289,1.639
2012-05-05-17_04_01.311,416,5,13,1,-47.282,-56.265,1.639
2012-05-05-17_04_01.312,416,5,13,1,-47.253,-56.292,1.639
2012-05-05-17_04_01.312,416,6,13,1,-56.229,-56.363,1.639
2012-05-05-17_04_01.313,416,6,13,1,-56.203,-56.264,1.639
2012-05-05-17_04_01.314,416,6,13,1,-56.297,-56.340,1.639
2012-05-05-17_04_01.315,416,7,13,1,-65.191,-56.276,2.239
2012-05-05-17_04_01.315,416,7,13,1,-65.196,-56.275,2.239
2012-05-05-17_04_01.348,416,7,13,1,-65.178,-56.176,2.239
2012-05-05-17_04_01.351,416,0,14,0,2.274,-60.781,2.351
2012-05-05-17_04_01.353,416,0,14,0,2.297,-60.695,2.251
2012-05-05-17_04_01.354,416,0,14,0,2.199,-60.754,2.251
2012-05-05-17_04_01.356,416,1,14,0,-6.753,-60.789,1.951
2012-05-05-17_04_01.357,416,1,14,0,-6.829,-60.768,2.051
2012-05-05-17_04_01.359,416,1,14,0,-6.775,-60.711,1.951
2012-05-05-17_04_01.362,416,2,14,0,-15.691,-60.711,1.351
2012-05-05-17_04_01.363,416,2,14,0,-15.766,-60.684,1.351
2012-05-05-17_04_01.367,416,2,14,0,-15.712,-60.641,1.351
2012-05-05-17_04_01.369,416,3,14,0,-24.713,-60.793,1.651
2012-05-05-17_04_01.377,416,3,14,0,-24.690,-60.708,1.651
2012-05-05-17_04_01.378,416,3,14,0,-24.788,-60.766,1.651
2012-05-05-17_04_01.379,416,4,14,0,-33.709,-60.795,1.051
2012-05-05-17_04_01.379,416,4,14,0,-33.687,-60.709,1.051
2012-05-05-17_04_01.380,416,4,14,0,-33.785,-60.768,1.051
2012-05-05-17_04_01.381,416,5,14,0,-42.730,-60.795,1.451
2012-05-05-17_04_01.381,416,5,14,0,-42.682,-60.836,1.251
2012-05-05-17_04_01.382,416,5,14,0,-42.774,-60.811,1.551
2012-05-05-17_04_01.383,416,6,14,0,-51.755,-60.856,1.451
2012-05-05-17_04_01.383,416,6,14,0,-51.732,-60.770,1.451
2012-05-05-17_04_01.384,416,6,14,0,-51.830,-60.828,1.451
2012-05-05-17_04_01.384,416,7,14,0,-60.649,-60.792,2.051
2012-05-05-17_04_01.385,416,7,14,0,-60.725,-60.764,2.151
2012-05-05-17_04_01.386,416,7,14,0,-60.671,-60.722,2.151
2012-05-05-17_04_01.387,416,0,14,1,-2.200,-60.793,2.161
2012-05-05-17_04_01.387,416,0,14,1,-2.175,-60.696,2.161
2012-05-05-17_04_01.388,416,0,14,1,-2.268,-60.766,2.261
2012-05-05-17_04_01.389,416,1,14,1,-11.211,-60.790,1.961
2012-05-05-17_04_01.389,416,1,14,1,-11.349,-60.727,1.961
2012-05-05-17_04_01.390,416,1,14,1,-11.237,-60.709,1.961
2012-05-05-17_04_01.391,416,2,14,1,-20.165,-60.723,1.361
2012-05-05-17_04_01.392,416,2,14,1,-20.233,-60.696,1.361
2012-05-05-17_04_01.393,416,2,14,1,-20.240,-60.695,1.361
2012-05-05-17_04_01.393,416,3,14,1,-29.187,-60.805,1.261
2012-05-05-17_04_01.394,416,3,14,1,-29.162,-60.708,1.461
2012-05-05-17_04_01.395,416,3,14,1,-29.255,-60.778,1.361
2012-05-05-17_04_01.396,416,4,14,1,-38.184,-60.807,1.161
2012-05-05-17_04_01.396,416,4,14,1,-38.158,-60.710,1.161
2012-05-05-17_04_01.397,416,4,14,1,-38.252,-60.780,1.161
2012-05-05-17_04_01.397,416,5,14,1,-47.202,-60.796,1.561
2012-05-05-17_04_01.398,416,5,14,1,-47.283,-60.769,1.661
2012-05-05-17_04_01.399,416,5,14,1,-47.256,-60.798,1.661
2012-05-05-17_04_01.399,416,6,14,1,-56.229,-60.867,1.561
2012-05-05-17_04_01.400,416,6,14,1,-56.204,-60.770,1.661
2012-05-05-17_04_01.401,416,6,14,1,-56.297,-60.841,1.661
2012-05-05-17_04_01.401,416,7,14,1,-65.192,-60.777,2.261
2012-05-05-17_04_01.402,416,7,14,1,-65.199,-60.776,2.261
2012-05-05-17_04_01.403,416,7,14,1,-65.179,-60.680,2.261
2012-05-05-17_04_01.403,416,0,15,0,2.271,-65.283,2.270
2012-05-05-17_04_01.404,416,0,15,0,2.294,-65.196,2.270
2012-05-05-17_04_01.405,416,0,15,0,2.198,-65.255,2.270
2012-05-05-17_04_01.405,416,1,15,0,-6.749,-65.293,2.070
2012-05-05-17_04_01.406,416,1,15,0,-6.832,-65.267,2.070
2012-05-05-17_04_01.406,416,1,15,0,-6.773,-65.215,2.070
2012-05-05-17_04_01.407,416,2,15,0,-15.693,-65.213,1.370
2012-05-05-17_04_01.408,416,2,15,0,-15.766,-65.185,1.370
2012-05-05-17_04_01.408,416,2,15,0,-15.715,-65.139,1.370
2012-05-05-17_04_01.409,416,3,15,0,-24.715,-65.295,1.770
2012-05-05-17_04_01.410,416,3,15,0,-24.693,-65.208,1.770
2012-05-05-17_04_01.410,416,3,15,0,-24.789,-65.267,1.670
2012-05-05-17_04_01.412,416,4,15,0,-33.712,-65.297,1.070
2012-05-05-17_04_01.413,416,4,15,0,-33.689,-65.210,0.970
2012-05-05-17_04_01.414,416,4,15,0,-33.785,-65.269,0.970
2012-05-05-17_04_01.414,416,5,15,0,-42.733,-65.296,1.570
2012-05-05-17_04_01.415,416,5,15,0,-42.685,-65.335,1.370
2012-05-05-17_04_01.416,416,5,15,0,-42.777,-65.309,1.570
2012-05-05-17_04_01.416,416,6,15,0,-51.758,-65.357,1.470
2012-05-05-17_04_01.417,416,6,15,0,-51.735,-65.270,1.470
2012-05-05-17_04_01.418,416,6,15,0,-51.831,-65.329,1.470
2012-05-05-17_04_01.418,416,7,15,0,-60.652,-65.294,2.070
2012-05-05-17_04_01.420,416,7,15,0,-60.725,-65.266,2.170
2012-05-05-17_04_01.421,416,7,15,0,-60.674,-65.220,2.070
2012-05-05-17_04_01.421,416,0,15,1,-2.200,-65.291,2.179
2012-05-05-17_04_01.422,416,0,15,1,-2.170,-65.196,2.179
2012-05-05-17_04_01.422,416,0,15,1,-2.273,-65.270,2.179
2012-05-05-17_04_01.423,416,1,15,1,-11.214,-65.293,1.979
2012-05-05-17_04_01.424,416,1,15,1,-11.345,-65.227,2.079
2012-05-05-17_04_01.425,416,1,15,1,-11.232,-65.214,1.979
2012-05-05-17_04_01.425,416,2,15,1,-20.165,-65.221,1.379
2012-05-05-17_04_01.426,416,2,15,1,-20.238,-65.200,1.379
2012-05-05-17_04_01.426,416,2,15,1,-20.243,-65.198,1.379
2012-05-05-17_04_01.427,416,3,15,1,-29.187,-65.303,1.379
2012-05-05-17_04_01.428,416,3,15,1,-29.157,-65.208,1.379
2012-05-05-17_04_01.428,416,3,15,1,-29.260,-65.282,1.379
2012-05-05-17_04_01.429,416,4,15,1,-38.184,-65.305,1.179
2012-05-05-17_04_01.429,416,4,15,1,-38.154,-65.210,1.079
2012-05-05-17_04_01.430,416,4,15,1,-38.257,-65.284,1.079
2012-05-05-17_04_01.431,416,5,15,1,-47.198,-65.295,1.379
2012-05-05-17_04_01.431,416,5,15,1,-47.285,-65.273,1.379
2012-05-05-17_04_01.432,416,5,15,1,-47.256,-65.298,1.679
2012-05-05-17_04_01.432,416,6,15,1,-56.229,-65.366,1.679
2012-05-05-17_04_01.433,416,6,15,1,-56.199,-65.270,1.579
2012-05-05-17_04_01.434,416,6,15,1,-56.302,-65.344,1.679
2012-05-05-17_04_01.434,416,7,15,1,-65.197,-65.280,2.179
2012-05-05-17_04_01.435,416,7,15,1,-65.202,-65.279,2.179
2012-05-05-17_04_01.435,416,7,15,1,-65.182,-65.184,2.179
2012-05-05-17_04_01.436,416,0,16,0,2.266,-69.783,2.291
2012-05-05-17_04_01.437,416,0,16,0,2.294,-69.689,2.291
2012-05-05-17_04_01.438,416,0,16,0,2.196,-69.759,2.391
2012-05-05-17_04_01.438,416,1,16,0,-6.747,-69.795,2.091
2012-05-05-17_04_01.439,416,1,16,0,-6.832,-69.768,2.091
2012-05-05-17_04_01.440,416,1,16,0,-6.771,-69.708,2.091
2012-05-05-17_04_01.441,416,2,16,0,-15.699,-69.713,1.391
2012-05-05-17_04_01.442,416,2,16,0,-15.769,-69.689,1.391
2012-05-05-17_04_01.443,416,2,16,0,-15.747,-69.698,1.391
2012-05-05-17_04_01.443,416,3,16,0,-24.721,-69.795,1.791
2012-05-05-17_04_01.444,416,3,16,0,-24.693,-69.701,1.691
2012-05-05-17_04_01.445,416,3,16,0,-24.791,-69.771,1.691
2012-05-05-17_04_01.446,416,4,16,0,-33.717,-69.797,0.991
2012-05-05-17_04_01.447,416,4,16,0,-33.690,-69.703,0.991
2012-05-05-17_04_01.447,416,4,16,0,-33.788,-69.773,1.091
2012-05-05-17_04_01.448,416,5,16,0,-42.734,-69.789,1.391
2012-05-05-17_04_01.449,416,5,16,0,-42.685,-69.836,1.391
2012-05-05-17_04_01.450,416,5,16,0,-42.778,-69.803,1.391
2012-05-05-17_04_01.451,416,6,16,0,-51.763,-69.857,1.491
2012-05-05-17_04_01.452,416,6,16,0,-51.735,-69.764,1.491
2012-05-05-17_04_01.452,416,6,16,0,-51.833,-69.834,1.391
2012-05-05-17_04_01.453,416,7,16,0,-60.657,-69.793,2.191
2012-05-05-17_04_01.454,416,7,16,0,-60.728,-69.770,2.091
2012-05-05-17_04_01.455,416,7,16,0,-60.674,-69.714,2.091
2012-05-05-17_04_01.456,416,0,16,1,-2.198,-69.789,2.203
2012-05-05-17_04_01.456,416,0,16,1,-2.171,-69.689,2.203
2012-05-05-17_04_01.457,416,0,16,1,-2.271,-69.771,2.203
2012-05-05-17_04_01.458,416,1,16,1,-11.214,-69.795,2.003
2012-05-05-17_04_01.458,416,1,16,1,-11.345,-69.720,2.003
2012-05-05-17_04_01.459,416,1,16,1,-11.233,-69.708,2.003
2012-05-05-17_04_01.460,416,2,16,1,-20.163,-69.719,1.403
2012-05-05-17_04_01.461,416,2,16,1,-20.236,-69.701,1.403
2012-05-05-17_04_01.462,416,2,16,1,-20.246,-69.699,1.403
2012-05-05-17_04_01.462,416,3,16,1,-29.185,-69.801,1.403
2012-05-05-17_04_01.463,416,3,16,1,-29.158,-69.701,1.503
2012-05-05-17_04_01.464,416,3,16,1,-29.258,-69.783,1.403
2012-05-05-17_04_01.465,416,4,16,1,-38.182,-69.803,1.103
2012-05-05-17_04_01.467,416,4,16,1,-38.154,-69.703,1.103
2012-05-05-17_04_01.468,416,4,16,1,-38.255,-69.785,1.103
2012-05-05-17_04_01.469,416,5,16,1,-47.198,-69.788,1.403
2012-05-05-17_04_01.470,416,5,16,1,-47.286,-69.769,1.403
2012-05-05-17_04_01.471,416,5,16,1,-47.257,-69.792,1.403
2012-05-05-17_04_01.471,416,6,16,1,-56.227,-69.863,1.603
2012-05-05-17_04_01.472,416,6,16,1,-56.200,-69.763,1.603
2012-05-05-17_04_01.473,416,6,16,1,-56.300,-69.846,1.703
2012-05-05-17_04_01.473,416,7,16,1,-65.195,-69.782,2.203
2012-05-05-17_04_01.474,416,7,16,1,-65.205,-69.780,2.203
2012-05-05-17_04_01.475,416,7,16,1,-65.182,-69.680,2.203
2012-05-05-17_04_01.476,416,0,17,0,2.258,-74.280,2.315
2012-05-05-17_04_01.477,416,0,17,0,2.291,-74.189,2.315
2012-05-05-17_04_01.477,416,0,17,0,2.193,-74.259,2.315
2012-05-05-17_04_01.478,416,1,17,0,-6.747,-74.293,2.115
2012-05-05-17_04_01.479,416,1,17,0,-6.830,-74.273,2.115
2012-05-05-17_04_01.480,416,1,17,0,-6.771,-74.206,2.115
2012-05-05-17_04_01.481,416,2,17,0,-15.706,-74.210,1.415
2012-05-05-17_04_01.481,416,2,17,0,-15.772,-74.189,1.315
2012-05-05-17_04_01.482,416,2,17,0,-15.718,-74.138,1.415
2012-05-05-17_04_01.482,416,3,17,0,-24.729,-74.292,1.815
2012-05-05-17_04_01.483,416,3,17,0,-24.696,-74.201,1.815
2012-05-05-17_04_01.484,416,3,17,0,-24.794,-74.271,1.715
2012-05-05-17_04_01.485,416,4,17,0,-33.725,-74.294,1.215
2012-05-05-17_04_01.486,416,4,17,0,-33.693,-74.203,1.115
2012-05-05-17_04_01.486,416,4,17,0,-33.791,-74.273,1.115
2012-05-05-17_04_01.487,416,5,17,0,-42.736,-74.289,1.615
2012-05-05-17_04_01.488,416,5,17,0,-42.683,-74.341,1.415
2012-05-05-17_04_01.490,416,5,17,0,-42.781,-74.308,1.615
2012-05-05-17_04_01.491,416,6,17,0,-51.771,-74.354,1.415
2012-05-05-17_04_01.492,416,6,17,0,-51.738,-74.264,1.515
2012-05-05-17_04_01.492,416,6,17,0,-51.836,-74.333,1.515
2012-05-05-17_04_01.493,416,7,17,0,-60.665,-74.290,2.115
2012-05-05-17_04_01.494,416,7,17,0,-60.731,-74.269,2.115
2012-05-05-17_04_01.494,416,7,17,0,-60.677,-74.218,2.215
2012-05-05-17_04_01.495,416,0,17,1,-2.196,-74.286,2.224
2012-05-05-17_04_01.496,416,0,17,1,-2.169,-74.188,2.224
2012-05-05-17_04_01.497,416,0,17,1,-2.269,-74.269,2.224
2012-05-05-17_04_01.498,416,1,17,1,-11.214,-74.292,2.024
2012-05-05-17_04_01.498,416,1,17,1,-11.343,-74.220,2.024
2012-05-05-17_04_01.499,416,1,17,1,-11.233,-74.206,2.024
2012-05-05-17_04_01.500,416,2,17,1,-20.161,-74.216,1.424
2012-05-05-17_04_01.500,416,2,17,1,-20.234,-74.199,1.424
2012-05-05-17_04_01.501,416,2,17,1,-20.244,-74.196,1.424
2012-05-05-17_04_01.502,416,3,17,1,-29.183,-74.298,1.424
2012-05-05-17_04_01.502,416,3,17,1,-29.156,-74.200,1.424
2012-05-05-17_04_01.503,416,3,17,1,-29.256,-74.281,1.524
2012-05-05-17_04_01.504,416,4,17,1,-38.180,-74.300,1.124
2012-05-05-17_04_01.505,416,4,17,1,-38.152,-74.202,1.124
2012-05-05-17_04_01.505,416,4,17,1,-38.253,-74.283,1.124
2012-05-05-17_04_01.506,416,5,17,1,-47.196,-74.288,1.724
2012-05-05-17_04_01.507,416,5,17,1,-47.284,-74.266,1.624
2012-05-05-17_04_01.508,416,5,17,1,-47.252,-74.292,1.724
2012-05-05-17_04_01.508,416,6,17,1,-56.225,-74.361,1.624
2012-05-05-17_04_01.509,416,6,17,1,-56.198,-74.263,1.624
2012-05-05-17_04_01.510,416,6,17,1,-56.298,-74.344,1.624
2012-05-05-17_04_01.511,416,7,17,1,-65.193,-74.280,2.224
2012-05-05-17_04_01.511,416,7,17,1,-65.203,-74.277,2.224
2012-05-05-17_04_01.512,416,7,17,1,-65.180,-74.177,2.324
2012-05-05-17_04_01.513,416,0,18,0,2.268,-78.778,2.133
2012-05-05-17_04_01.514,416,0,18,0,2.298,-78.689,2.133
2012-05-05-17_04_01.514,416,0,18,0,2.192,-78.755,2.133
2012-05-05-17_04_01.517,416,1,18,0,-6.745,-78.788,1.933
2012-05-05-17_04_01.518,416,1,18,0,-6.826,-78.769,1.933
2012-05-05-17_04_01.519,416,1,18,0,-6.767,-78.704,2.033
2012-05-05-17_04_01.519,416,2,18,0,-15.697,-78.708,1.433
2012-05-05-17_04_01.520,416,2,18,0,-15.773,-78.685,1.433
2012-05-05-17_04_01.521,416,2,18,0,-15.719,-78.638,1.433
2012-05-05-17_04_01.522,416,3,18,0,-24.719,-78.790,1.833
2012-05-05-17_04_01.523,416,3,18,0,-24.689,-78.702,1.733
2012-05-05-17_04_01.524,416,3,18,0,-24.795,-78.767,1.833
2012-05-05-17_04_01.525,416,4,18,0,-33.716,-78.792,1.133
2012-05-05-17_04_01.525,416,4,18,0,-33.686,-78.703,1.233
2012-05-05-17_04_01.527,416,4,18,0,-33.791,-78.769,1.133
2012-05-05-17_04_01.528,416,5,18,0,-42.730,-78.789,1.833
2012-05-05-17_04_01.529,416,5,18,0,-42.679,-78.837,1.633
2012-05-05-17_04_01.529,416,5,18,0,-42.781,-78.808,1.833
2012-05-05-17_04_01.530,416,6,18,0,-51.761,-78.853,1.633
2012-05-05-17_04_01.530,416,6,18,0,-51.731,-78.764,1.733
2012-05-05-17_04_01.531,416,6,18,0,-51.837,-78.830,1.633
2012-05-05-17_04_01.532,416,7,18,0,-60.656,-78.789,2.433
2012-05-05-17_04_01.533,416,7,18,0,-60.731,-78.766,2.433
2012-05-05-17_04_01.533,416,7,18,0,-60.677,-78.719,2.433
2012-05-05-17_04_01.534,416,0,18,1,-2.197,-78.787,2.142
2012-05-05-17_04_01.535,416,0,18,1,-2.169,-78.688,2.142
2012-05-05-17_04_01.536,416,0,18,1,-2.270,-78.766,2.142
2012-05-05-17_04_01.536,416,1,18,1,-11.212,-78.788,13.042
2012-05-05-17_04_01.537,416,1,18,1,-11.344,-78.720,1.942
2012-05-05-17_04_01.538,416,1,18,1,-11.236,-78.703,1.942
2012-05-05-17_04_01.539,416,2,18,1,-20.162,-78.717,1.442
2012-05-05-17_04_01.539,416,2,18,1,-20.235,-78.696,1.442
2012-05-05-17_04_01.540,416,2,18,1,-20.244,-78.693,1.542
2012-05-05-17_04_01.541,416,3,18,1,-29.184,-78.800,1.542
2012-05-05-17_04_01.542,416,3,18,1,-29.156,-78.700,1.742
2012-05-05-17_04_01.543,416,3,18,1,-29.257,-78.778,1.642
2012-05-05-17_04_01.543,416,4,18,1,-38.180,-78.801,1.242
2012-05-05-17_04_01.545,416,4,18,1,-38.153,-78.702,1.242
2012-05-05-17_04_01.546,416,4,18,1,-38.253,-78.780,1.242
2012-05-05-17_04_01.547,416,5,18,1,-47.196,-78.788,1.742
2012-05-05-17_04_01.547,416,5,18,1,-47.284,-78.764,1.842
2012-05-05-17_04_01.548,416,5,18,1,-47.255,-78.792,1.742
2012-05-05-17_04_01.548,416,6,18,1,-56.226,-78.862,1.742
2012-05-05-17_04_01.549,416,6,18,1,-56.198,-78.763,1.742
2012-05-05-17_04_01.550,416,6,18,1,-56.299,-78.840,1.742
2012-05-05-17_04_01.551,416,7,18,1,-65.193,-78.777,2.442
2012-05-05-17_04_01.551,416,7,18,1,-65.203,-78.774,2.442
2012-05-05-17_04_01.552,416,7,18,1,-65.181,-78.675,2.442
2012-05-05-17_04_01.553,416,0,19,0,2.267,-83.281,2.153
2012-05-05-17_04_01.554,416,0,19,0,2.295,-83.195,2.153
2012-05-05-17_04_01.554,416,0,19,0,2.189,-83.254,2.153
2012-05-05-17_04_01.555,416,1,19,0,-6.746,-83.289,2.053
2012-05-05-17_04_01.556,416,1,19,0,-6.826,-83.268,2.053
2012-05-05-17_04_01.556,416,1,19,0,-6.767,-83.210,2.053
2012-05-05-17_04_01.557,416,2,19,0,-15.698,-83.211,1.453
2012-05-05-17_04_01.558,416,2,19,0,-15.775,-83.184,1.453
2012-05-05-17_04_01.559,416,2,19,0,-15.719,-83.141,1.453
2012-05-05-17_04_01.559,416,3,19,0,-24.720,-83.293,1.753
2012-05-05-17_04_01.560,416,3,19,0,-24.692,-83.207,1.753
2012-05-05-17_04_01.561,416,3,19,0,-24.798,-83.266,1.753
2012-05-05-17_04_01.562,416,4,19,0,-33.716,-83.295,1.153
2012-05-05-17_04_01.562,416,4,19,0,-33.689,-83.209,1.153
2012-05-05-17_04_01.563,416,4,19,0,-33.794,-83.268,1.153
2012-05-05-17_04_01.564,416,5,19,0,-42.732,-83.295,1.753
2012-05-05-17_04_01.566,416,5,19,0,-42.679,-83.336,1.553
2012-05-05-17_04_01.567,416,5,19,0,-42.781,-83.311,1.853
2012-05-05-17_04_01.568,416,6,19,0,-51.762,-83.356,1.653
2012-05-05-17_04_01.569,416,6,19,0,-51.734,-83.270,1.653
2012-05-05-17_04_01.569,416,6,19,0,-51.840,-83.329,1.653
2012-05-05-17_04_01.570,416,7,19,0,-60.656,-83.292,2.453
2012-05-05-17_04_01.572,416,7,19,0,-60.734,-83.265,2.453
2012-05-05-17_04_01.573,416,7,19,0,-60.678,-83.222,2.453
2012-05-05-17_04_01.574,416,0,19,1,-2.197,-83.293,2.166
2012-05-05-17_04_01.575,416,0,19,1,-2.170,-83.195,2.166
2012-05-05-17_04_01.575,416,0,19,1,-2.270,-83.266,2.166
2012-05-05-17_04_01.576,416,1,19,1,-11.213,-83.290,1.966
2012-05-05-17_04_01.577,416,1,19,1,-11.344,-83.227,1.966
2012-05-05-17_04_01.578,416,1,19,1,-11.237,-83.209,1.865
2012-05-05-17_04_01.578,416,2,19,1,-20.162,-83.223,1.566
2012-05-05-17_04_01.579,416,2,19,1,-20.235,-83.196,1.566
2012-05-05-17_04_01.580,416,2,19,1,-20.245,-83.195,1.566
2012-05-05-17_04_01.580,416,3,19,1,-29.184,-83.305,1.566
2012-05-05-17_04_01.581,416,3,19,1,-29.157,-83.208,1.766
2012-05-05-17_04_01.582,416,3,19,1,-29.257,-83.279,1.766
2012-05-05-17_04_01.582,416,4,19,1,-38.181,-83.307,1.266
2012-05-05-17_04_01.583,416,4,19,1,-38.153,-83.209,1.266
2012-05-05-17_04_01.584,416,4,19,1,-38.254,-83.280,1.266
2012-05-05-17_04_01.584,416,5,19,1,-47.197,-83.295,1.766
2012-05-05-17_04_01.585,416,5,19,1,-47.285,-83.269,1.866
2012-05-05-17_04_01.585,416,5,19,1,-47.253,-83.299,1.665
2012-05-05-17_04_01.586,416,6,19,1,-56.226,-83.367,1.666
2012-05-05-17_04_01.587,416,6,19,1,-56.199,-83.270,1.766
2012-05-05-17_04_01.588,416,6,19,1,-56.299,-83.341,1.666
2012-05-05-17_04_01.588,416,7,19,1,-65.194,-83.277,2.466
2012-05-05-17_04_01.589,416,7,19,1,-65.204,-83.276,2.466
2012-05-05-17_04_01.590,416,7,19,1,-65.181,-83.180,2.466
2012-05-05-17_04_01.592,416,0,20,0,2.269,-87.783,2.178
2012-05-05-17_04_01.593,416,0,20,0,2.297,-87.696,2.178
2012-05-05-17_04_01.594,416,0,20,0,2.189,-87.754,2.178
2012-05-05-17_04_01.594,416,1,20,0,-6.749,-87.793,1.978
2012-05-05-17_04_01.595,416,1,20,0,-6.827,-87.767,1.978
2012-05-05-17_04_01.595,416,1,20,0,-6.768,-87.715,1.978
2012-05-05-17_04_01.596,416,2,20,0,-15.696,-87.713,1.478
2012-05-05-17_04_01.597,416,2,20,0,-15.776,-87.684,1.478
2012-05-05-17_04_01.598,416,2,20,0,-15.717,-87.639,1.478
2012-05-05-17_04_01.599,416,3,20,0,-24.718,-87.795,1.778
2012-05-05-17_04_01.599,416,3,20,0,-24.690,-87.708,1.778
2012-05-05-17_04_01.600,416,3,20,0,-24.798,-87.767,1.778
2012-05-05-17_04_01.601,416,4,20,0,-33.714,-87.797,1.178
2012-05-05-17_04_01.602,416,4,20,0,-33.687,-87.710,1.178
2012-05-05-17_04_01.602,416,4,20,0,-33.795,-87.768,1.178
2012-05-05-17_04_01.603,416,5,20,0,-42.730,-87.796,1.778
2012-05-05-17_04_01.604,416,5,20,0,-42.679,-87.835,1.578
2012-05-05-17_04_01.605,416,5,20,0,-42.779,-87.809,1.778
2012-05-05-17_04_01.606,416,6,20,0,-51.760,-87.857,1.578
2012-05-05-17_04_01.606,416,6,20,0,-51.732,-87.771,1.678
2012-05-05-17_04_01.607,416,6,20,0,-51.840,-87.829,1.578
2012-05-05-17_04_01.608,416,7,20,0,-60.654,-87.794,2.478
2012-05-05-17_04_01.609,416,7,20,0,-60.735,-87.765,2.478
2012-05-05-17_04_01.609,416,7,20,0,-60.676,-87.720,2.478
2012-05-05-17_04_01.610,416,0,20,1,-2.195,-87.792,2.087
2012-05-05-17_04_01.611,416,0,20,1,-2.278,-87.772,2.087
2012-05-05-17_04_01.611,416,0,20,1,-2.219,-87.710,2.187
2012-05-05-17_04_01.612,416,2,20,1,-20.160,-87.722,1.587
2012-05-05-17_04_01.613,416,2,20,1,-20.243,-87.702,1.487
2012-05-05-17_04_01.613,416,3,20,1,-29.182,-87.804,1.487
2012-05-05-17_04_01.614,416,3,20,1,-29.265,-87.784,1.587
2012-05-05-17_04_01.615,416,3,20,1,-29.206,-87.722,1.787
2012-05-05-17_04_01.617,416,4,20,1,-38.179,-87.806,1.287
2012-05-05-17_04_01.618,416,4,20,1,-38.262,-87.786,1.287
2012-05-05-17_04_01.618,416,4,20,1,-38.203,-87.724,1.287
2012-05-05-17_04_01.619,416,5,20,1,-47.246,-87.809,1.887
2012-05-05-17_04_01.620,416,6,20,1,-56.224,-87.867,1.787
2012-05-05-17_04_01.620,416,6,20,1,-56.307,-87.846,1.687
2012-05-05-17_04_01.621,416,6,20,1,-56.151,-87.811,1.787
2012-05-05-17_04_01.622,416,7,20,1,-65.202,-87.783,2.487
2012-05-05-17_04_01.622,416,7,20,1,-65.143,-87.720,2.487
2012-05-05-17_04_01.623,416,0,21,0,2.269,-92.282,2.096
2012-05-05-17_04_01.624,416,0,21,0,2.296,-92.190,2.196
2012-05-05-17_04_01.624,416,0,21,0,2.189,-92.258,2.196
2012-05-05-17_04_01.625,416,1,21,0,-6.749,-92.295,1.996
2012-05-05-17_04_01.626,416,1,21,0,-6.827,-92.269,1.996
2012-05-05-17_04_01.627,416,1,21,0,-6.770,-92.209,1.996
2012-05-05-17_04_01.627,416,2,21,0,-15.696,-92.212,1.496
2012-05-05-17_04_01.628,416,2,21,0,-15.776,-92.187,1.396
2012-05-05-17_04_01.629,416,2,21,0,-15.752,-92.197,1.396
2012-05-05-17_04_01.630,416,3,21,0,-24.718,-92.294,1.796
2012-05-05-17_04_01.631,416,3,21,0,-24.691,-92.202,1.796
2012-05-05-17_04_01.631,416,3,21,0,-24.798,-92.270,1.796
2012-05-05-17_04_01.632,416,4,21,0,-33.715,-92.296,1.196
2012-05-05-17_04_01.634,416,4,21,0,-33.687,-92.204,1.196
2012-05-05-17_04_01.634,416,4,21,0,-33.795,-92.272,1.196
2012-05-05-17_04_01.635,416,5,21,0,-42.731,-92.290,1.896
2012-05-05-17_04_01.636,416,5,21,0,-42.680,-92.337,1.696
2012-05-05-17_04_01.636,416,5,21,0,-42.780,-92.304,1.896
2012-05-05-17_04_01.637,416,6,21,0,-51.760,-92.357,1.596
2012-05-05-17_04_01.638,416,6,21,0,-51.733,-92.265,1.596
2012-05-05-17_04_01.639,416,6,21,0,-51.682,-92.312,1.596
2012-05-05-17_04_01.640,416,7,21,0,-60.655,-92.293,2.396
2012-05-05-17_04_01.641,416,7,21,0,-60.735,-92.268,2.396
2012-05-05-17_04_01.642,416,7,21,0,-60.676,-92.215,2.396
2012-05-05-17_04_01.642,416,0,21,1,-2.193,-92.290,2.105
2012-05-05-17_04_01.643,416,0,21,1,-2.168,-92.190,2.105
2012-05-05-17_04_01.644,416,0,21,1,-2.271,-92.271,2.105
2012-05-05-17_04_01.644,416,1,21,1,-11.214,-92.295,2.105
2012-05-05-17_04_01.645,416,1,21,1,-11.342,-92.222,2.105
2012-05-05-17_04_01.646,416,1,21,1,-11.235,-92.209,2.105
2012-05-05-17_04_01.646,416,2,21,1,-20.158,-92.220,1.505
2012-05-05-17_04_01.647,416,2,21,1,-20.236,-92.201,1.505
2012-05-05-17_04_01.648,416,2,21,1,-20.243,-92.200,1.505
2012-05-05-17_04_01.649,416,3,21,1,-29.180,-92.302,1.505
2012-05-05-17_04_01.651,416,3,21,1,-29.155,-92.202,1.505
2012-05-05-17_04_01.652,416,3,21,1,-29.258,-92.283,1.505
2012-05-05-17_04_01.652,416,4,21,1,-38.177,-92.304,1.205
2012-05-05-17_04_01.653,416,4,21,1,-38.152,-92.204,1.305
2012-05-05-17_04_01.654,416,4,21,1,-38.255,-92.285,1.205
2012-05-05-17_04_01.654,416,5,21,1,-47.195,-92.290,1.705
2012-05-05-17_04_01.655,416,5,21,1,-47.283,-92.270,1.705
2012-05-05-17_04_01.655,416,5,21,1,-47.254,-92.292,1.705
2012-05-05-17_04_01.656,416,6,21,1,-56.222,-92.364,1.605
2012-05-05-17_04_01.657,416,6,21,1,-56.197,-92.264,1.605
2012-05-05-17_04_01.658,416,6,21,1,-56.300,-92.345,1.605
2012-05-05-17_04_01.659,416,7,21,1,-65.195,-92.282,2.205
2012-05-05-17_04_01.661,416,7,21,1,-65.202,-92.281,2.205
2012-05-05-17_04_01.661,416,7,21,1,-65.179,-92.181,2.305
2012-05-05-17_04_01.662,416,0,22,0,2.259,-96.780,2.116
2012-05-05-17_04_01.662,416,0,22,0,2.298,-96.691,2.116
2012-05-05-17_04_01.663,416,0,22,0,2.191,-96.758,2.116
2012-05-05-17_04_01.664,416,1,22,0,-6.752,-96.794,2.016
2012-05-05-17_04_01.664,416,1,22,0,-6.828,-96.773,2.016
2012-05-05-17_04_01.666,416,1,22,0,-6.773,-96.707,2.016
2012-05-05-17_04_01.667,416,2,22,0,-15.706,-96.710,1.416
2012-05-05-17_04_01.668,416,2,22,0,-15.774,-96.688,1.416
2012-05-05-17_04_01.669,416,2,22,0,-15.715,-96.639,1.416
2012-05-05-17_04_01.669,416,3,22,0,-24.728,-96.792,1.816
2012-05-05-17_04_01.670,416,3,22,0,-24.688,-96.703,1.816
2012-05-05-17_04_01.671,416,3,22,0,-24.796,-96.770,1.816
2012-05-05-17_04_01.672,416,4,22,0,-33.725,-96.794,1.216
2012-05-05-17_04_01.673,416,4,22,0,-33.685,-96.705,1.216
2012-05-05-17_04_01.674,416,4,22,0,-33.793,-96.772,1.116
2012-05-05-17_04_01.675,416,5,22,0,-42.729,-96.790,1.816
2012-05-05-17_04_01.675,416,5,22,0,-42.680,-96.841,1.716
2012-05-05-17_04_01.677,416,5,22,0,-42.778,-96.809,1.916
2012-05-05-17_04_01.678,416,6,22,0,-51.770,-96.854,1.616
2012-05-05-17_04_01.679,416,6,22,0,-51.731,-96.765,1.616
2012-05-05-17_04_01.679,416,6,22,0,-51.682,-96.816,1.616
2012-05-05-17_04_01.680,416,7,22,0,-60.665,-96.790,2.416
2012-05-05-17_04_01.680,416,7,22,0,-60.733,-96.769,2.416
2012-05-05-17_04_01.681,416,7,22,0,-60.674,-96.720,2.316
2012-05-05-17_04_01.682,416,0,22,1,-2.194,-96.787,2.225
2012-05-05-17_04_01.683,416,0,22,1,-2.168,-96.690,2.125
2012-05-05-17_04_01.683,416,0,22,1,-2.264,-96.769,2.225
2012-05-05-17_04_01.684,416,1,22,1,-11.214,-96.793,2.025
2012-05-05-17_04_01.685,416,1,22,1,-11.343,-96.722,2.025
2012-05-05-17_04_01.685,416,1,22,1,-11.235,-96.707,2.025
2012-05-05-17_04_01.686,416,2,22,1,-20.158,-96.717,1.525
2012-05-05-17_04_01.687,416,2,22,1,-20.229,-96.699,1.525
2012-05-05-17_04_01.687,416,2,22,1,-20.239,-96.698,1.525
2012-05-05-17_04_01.688,416,3,22,1,-29.181,-96.799,1.525
2012-05-05-17_04_01.689,416,3,22,1,-29.155,-96.702,1.525
2012-05-05-17_04_01.689,416,3,22,1,-29.251,-96.781,1.525
2012-05-05-17_04_01.690,416,4,22,1,-38.177,-96.801,1.125
2012-05-05-17_04_01.691,416,4,22,1,-38.152,-96.704,1.225
2012-05-05-17_04_01.692,416,4,22,1,-38.248,-96.783,1.225
2012-05-05-17_04_01.692,416,5,22,1,-47.196,-96.790,1.725
2012-05-05-17_04_01.693,416,5,22,1,-47.281,-96.768,1.625
2012-05-05-17_04_01.694,416,5,22,1,-47.254,-96.791,1.625
2012-05-05-17_04_01.695,416,6,22,1,-56.223,-96.861,1.625
2012-05-05-17_04_01.695,416,6,22,1,-56.197,-96.765,1.625
2012-05-05-17_04_01.696,416,6,22,1,-56.293,-96.843,1.625
2012-05-05-17_04_01.696,416,7,22,1,-65.188,-96.779,2.225
2012-05-05-17_04_01.697,416,7,22,1,-65.198,-96.779,2.225
2012-05-05-17_04_01.698,416,7,22,1,-65.177,-96.678,2.225
2012-05-05-17_04_01.699,416,0,23,0,2.273,-101.278,2.140
2012-05-05-17_04_01.699,416,0,23,0,2.298,-101.190,2.140
2012-05-05-17_04_01.700,416,0,23,0,2.190,-101.254,2.140
2012-05-05-17_04_01.701,416,1,23,0,-6.755,-101.289,2.040
2012-05-05-17_04_01.702,416,1,23,0,-6.828,-101.269,2.040
2012-05-05-17_04_01.703,416,1,23,0,-6.774,-101.204,1.940
2012-05-05-17_04_01.703,416,2,23,0,-15.692,-101.208,1.340
2012-05-05-17_04_01.704,416,2,23,0,-15.775,-101.184,1.340
2012-05-05-17_04_01.705,416,2,23,0,-15.713,-101.139,1.340
2012-05-05-17_04_01.706,416,3,23,0,-24.714,-101.290,1.840
2012-05-05-17_04_01.707,416,3,23,0,-24.689,-101.203,1.740
2012-05-05-17_04_01.707,416,3,23,0,-24.797,-101.267,1.740
2012-05-05-17_04_01.708,416,4,23,0,-33.711,-101.292,1.140
2012-05-05-17_04_01.709,416,4,23,0,-33.685,-101.204,1.140
2012-05-05-17_04_01.710,416,4,23,0,-33.793,-101.268,1.140
2012-05-05-17_04_01.710,416,5,23,0,-42.729,-101.290,1.840
2012-05-05-17_04_01.711,416,5,23,0,-42.681,-101.338,1.540
2012-05-05-17_04_01.711,416,5,23,0,-42.776,-101.309,1.840
2012-05-05-17_04_01.712,416,6,23,0,-51.756,-101.353,1.540
2012-05-05-17_04_01.713,416,6,23,0,-51.731,-101.265,1.540
2012-05-05-17_04_01.715,416,6,23,0,-51.839,-101.329,1.540
2012-05-05-17_04_01.716,416,7,23,0,-60.651,-101.289,2.240
2012-05-05-17_04_01.717,416,7,23,0,-60.733,-101.265,2.340
2012-05-05-17_04_01.718,416,7,23,0,-60.672,-101.220,2.340
2012-05-05-17_04_01.719,416,0,23,1,-2.184,-101.277,2.140
2012-05-05-17_04_01.719,416,0,23,1,-2.164,-101.190,2.040
2012-05-05-17_04_01.720,416,0,23,1,-2.262,-101.266,2.140
2012-05-05-17_04_01.721,416,1,23,1,-11.210,-101.289,2.040
2012-05-05-17_04_01.722,416,1,23,1,-11.338,-101.222,1.940
2012-05-05-17_04_01.722,416,1,23,1,-11.236,-101.204,2.040
2012-05-05-17_04_01.723,416,2,23,1,-20.149,-101.207,1.440
2012-05-05-17_04_01.724,416,2,23,1,-20.227,-101.196,1.440
2012-05-05-17_04_01.725,416,2,23,1,-20.237,-101.194,1.440
2012-05-05-17_04_01.725,416,3,23,1,-29.171,-101.289,1.540
2012-05-05-17_04_01.726,416,3,23,1,-29.151,-101.202,1.540
2012-05-05-17_04_01.727,416,3,23,1,-29.249,-101.278,1.540
2012-05-05-17_04_01.730,416,4,23,1,-38.168,-101.291,1.140
2012-05-05-17_04_01.731,416,4,23,1,-38.148,-101.204,1.240
2012-05-05-17_04_01.732,416,4,23,1,-38.246,-101.280,1.240
2012-05-05-17_04_01.734,416,5,23,1,-47.191,-101.290,1.640
2012-05-05-17_04_01.735,416,5,23,1,-47.277,-101.266,1.640
2012-05-05-17_04_01.736,416,5,23,1,-47.250,-101.292,1.640
2012-05-05-17_04_01.736,416,6,23,1,-56.213,-101.352,1.640
2012-05-05-17_04_01.737,416,6,23,1,-56.193,-101.265,1.640
2012-05-05-17_04_01.739,416,6,23,1,-56.291,-101.340,1.640
2012-05-05-17_04_01.740,416,7,23,1,-65.186,-101.277,2.140
2012-05-05-17_04_01.740,416,7,23,1,-65.196,-101.275,2.140
2012-05-05-17_04_01.741,416,7,23,1,-65.173,-101.176,2.140
